,A,C,G,T
0,,,,
1,,,,
2,,,,
3,0.25225225225225223,0.6036036036036037,0.0,0.14414414414414414
4,0.16326530612244897,0.3469387755102041,0.4897959183673469,0.0
5,0.08888888888888889,0.4666666666666667,0.4444444444444444,0.0
6,0.1744186046511628,0.0,0.38372093023255816,0.4418604651162791
7,0.23214285714285715,0.0,0.625,0.14285714285714285
8,0.0,0.6666666666666666,0.0,0.3333333333333333
9,0.4915254237288136,0.3728813559322034,0.0,0.13559322033898305
10,0.22580645161290322,0.45161290322580644,0.3225806451612903,0.0
11,0.1111111111111111,0.2222222222222222,0.6666666666666666,0.0
12,0.0,1.0,0.0,0.0
13,0.022727272727272728,0.8181818181818182,0.1590909090909091,0.0
14,0.0,0.42857142857142855,0.07142857142857142,0.5
15,0.022222222222222223,0.0,0.8,0.17777777777777778
16,0.125,0.0,0.1875,0.6875
17,0.14285714285714285,0.8,0.0,0.05714285714285714
18,0.6153846153846154,0.19230769230769232,0.0,0.19230769230769232
19,0.3812154696132597,0.30939226519337015,0.30939226519337015,0.0
20,0.0,0.3472222222222222,0.4305555555555556,0.2222222222222222
21,0.4074074074074074,0.037037037037037035,0.5555555555555556,0.0
22,0.0,0.18374558303886926,0.5618374558303887,0.254416961130742
23,0.0,0.48739495798319327,0.38235294117647056,0.13025210084033614
24,0.10110974106041924,0.0,0.36744759556103573,0.531442663378545
25,0.4016393442622951,0.028688524590163935,0.569672131147541,0.0
26,0.3333333333333333,0.3103448275862069,0.0,0.3563218390804598
27,0.29338842975206614,0.5743801652892562,0.0,0.1322314049586777
28,0.0,0.3047138047138047,0.664983164983165,0.030303030303030304
29,0.0,0.5205223880597015,0.33955223880597013,0.13992537313432835
30,0.20085470085470086,0.0,0.37286324786324787,0.42628205128205127
31,0.1,0.9,0.0,0.0
32,0.0,0.21981424148606812,0.1780185758513932,0.6021671826625387
33,0.24509803921568626,0.0,0.27450980392156865,0.4803921568627451
34,0.3188405797101449,0.2946859903381642,0.0,0.3864734299516908
35,0.30198019801980197,0.4282178217821782,0.2698019801980198,0.0
36,0.0,0.0,0.6285714285714286,0.37142857142857144
37,0.1891891891891892,0.5540540540540541,0.0,0.25675675675675674
38,0.6883116883116883,0.05194805194805195,0.2597402597402597,0.0
39,0.11570247933884298,0.15702479338842976,0.7272727272727273,0.0
40,0.125,0.0,0.5833333333333334,0.2916666666666667
41,0.034782608695652174,0.0,0.8173913043478261,0.14782608695652175
42,0.0,0.4,0.0,0.6
43,0.3611111111111111,0.5833333333333334,0.0,0.05555555555555555
44,0.25,0.5833333333333334,0.16666666666666666,0.0
45,0.0,0.0,1.0,0.0
46,0.0,0.0,0.0,1.0
47,0.0,1.0,0.0,0.0
48,0.0,0.0,1.0,0.0
49,,,,
50,,,,
