,A,C,G,T
0,,,,
1,,,,
2,0.25,0.0,0.5,0.25
3,0.5833333333333334,0.0,0.25,0.16666666666666666
4,0.7272727272727273,0.0,0.12121212121212122,0.15151515151515152
5,0.0,0.3333333333333333,0.3333333333333333,0.3333333333333333
6,0.15853658536585366,0.2926829268292683,0.0,0.5487804878048781
7,0.5,0.10344827586206896,0.39655172413793105,0.0
8,0.28169014084507044,0.4084507042253521,0.30985915492957744,0.0
9,0.0,0.6133333333333333,0.29333333333333333,0.09333333333333334
10,0.18518518518518517,0.5679012345679012,0.0,0.24691358024691357
11,0.21739130434782608,0.0,0.17391304347826086,0.6086956521739131
12,0.27312775330396477,0.4669603524229075,0.2599118942731278,0.0
13,0.0,0.3598326359832636,0.38493723849372385,0.25523012552301255
14,0.0,0.44176706827309237,0.21686746987951808,0.3413654618473896
15,0.19579139981701738,0.0,0.17840805123513268,0.62580054894785
16,0.34004024144869216,0.19718309859154928,0.46277665995975853,0.0
17,0.12408759124087591,0.26277372262773724,0.0,0.6131386861313869
18,0.33497536945812806,0.23645320197044334,0.0,0.42857142857142855
19,0.30687830687830686,0.58994708994709,0.0,0.10317460317460317
20,0.5644891122278057,0.3082077051926298,0.0,0.1273031825795645
21,0.0,0.4087030716723549,0.3873720136518771,0.20392491467576793
22,0.1692982456140351,0.39035087719298245,0.44035087719298244,0.0
23,0.3096774193548387,0.0,0.27741935483870966,0.4129032258064516
24,0.33076923076923076,0.0,0.31153846153846154,0.3576923076923077
25,0.35233160621761656,0.0,0.38860103626943004,0.25906735751295334
26,0.24736842105263157,0.0,0.5947368421052631,0.15789473684210525
27,0.0,0.4015151515151515,0.2878787878787879,0.3106060606060606
28,0.3076923076923077,0.5641025641025641,0.0,0.1282051282051282
29,0.07692307692307693,0.0,0.9230769230769231,0.0
30,0.0,1.0,0.0,0.0
31,,,,
32,,,,
