,A,C,G,T
0,,,,
1,,,,
2,0.0,0.17777777777777778,0.7111111111111111,0.1111111111111111
3,0.27722772277227725,0.3811881188118812,0.0,0.3415841584158416
4,0.576,0.016,0.408,0.0
5,0.23728813559322035,0.025423728813559324,0.7372881355932204,0.0
6,0.0,0.5198019801980198,0.2623762376237624,0.21782178217821782
7,0.7058823529411765,0.0,0.0,0.29411764705882354
8,0.21649484536082475,0.0,0.422680412371134,0.36082474226804123
9,0.0,0.4567901234567901,0.22839506172839505,0.3148148148148148
10,0.3698630136986301,0.0,0.3424657534246575,0.2876712328767123
11,0.4794520547945205,0.0,0.410958904109589,0.1095890410958904
12,0.22972972972972974,0.527027027027027,0.0,0.24324324324324326
13,0.45625,0.3625,0.18125,0.0
14,0.0,0.575,0.25,0.175
15,0.13157894736842105,0.8421052631578947,0.0,0.02631578947368421
16,0.6842105263157895,0.15789473684210525,0.15789473684210525,0.0
17,0.25757575757575757,0.0,0.45454545454545453,0.2878787878787879
18,0.0,0.2159090909090909,0.38636363636363635,0.3977272727272727
19,0.4077669902912621,0.33980582524271846,0.2524271844660194,0.0
20,0.1984732824427481,0.549618320610687,0.0,0.25190839694656486
21,0.0,0.34911242603550297,0.5502958579881657,0.10059171597633136
22,0.23261390887290168,0.0,0.2973621103117506,0.47002398081534774
23,0.3494983277591973,0.3729096989966555,0.27759197324414714,0.0
24,0.0,0.31228473019517794,0.22158438576349024,0.4661308840413318
25,0.18181818181818182,0.0,0.17073170731707318,0.647450110864745
26,0.43216783216783217,0.38741258741258744,0.0,0.18041958041958042
27,0.4211309523809524,0.37351190476190477,0.0,0.20535714285714285
28,0.37094972067039106,0.2675977653631285,0.3614525139664804,0.0
29,0.43155452436194897,0.3109048723897912,0.0,0.25754060324825984
30,0.5044776119402985,0.2965174129353234,0.0,0.19900497512437812
31,0.25102133454380393,0.43849296413980937,0.31048570131638675,0.0
32,0.0,0.40594059405940597,0.3577557755775578,0.2363036303630363
33,0.0,0.5404929577464789,0.18309859154929578,0.2764084507042254
34,0.2128654970760234,0.0,0.3345029239766082,0.45263157894736844
35,0.20533333333333334,0.5,0.2946666666666667,0.0
36,0.1771058315334773,0.0,0.43844492440604754,0.38444924406047515
37,0.16216216216216217,0.0,0.547911547911548,0.28992628992628994
38,0.43333333333333335,0.26666666666666666,0.0,0.3
39,0.5428571428571428,0.24761904761904763,0.0,0.20952380952380953
40,0.0,0.18134715025906736,0.5492227979274611,0.2694300518134715
41,0.45320197044334976,0.21674876847290642,0.0,0.33004926108374383
42,0.3557692307692308,0.22115384615384615,0.4230769230769231,0.0
43,0.21052631578947367,0.039473684210526314,0.75,0.0
44,0.0,0.6515151515151515,0.06060606060606061,0.2878787878787879
45,0.125,0.0,0.3125,0.5625
46,0.3225806451612903,0.0,0.3548387096774194,0.3225806451612903
47,0.0,0.32432432432432434,0.08108108108108109,0.5945945945945946
48,0.2857142857142857,0.0,0.14285714285714285,0.5714285714285714
49,0.8571428571428571,0.0,0.14285714285714285,0.0
50,0.0,0.5,0.0,0.5
51,1.0,0.0,0.0,0.0
52,0.0,0.5,0.375,0.125
53,0.0,0.0,0.0,1.0
54,,,,
55,,,,
56,,,,
