,A,C,G,T
0,,,,
1,,,,
2,0.3125,0.1875,0.5,0.0
3,0.0,0.6190476190476191,0.0,0.38095238095238093
4,0.25,0.35,0.4,0.0
5,0.0,0.5853658536585366,0.3902439024390244,0.024390243902439025
6,0.0,0.5714285714285714,0.21428571428571427,0.21428571428571427
7,0.11538461538461539,0.6346153846153846,0.25,0.0
8,0.0,0.0,0.3333333333333333,0.6666666666666666
9,0.0,0.3220338983050847,0.6271186440677966,0.05084745762711865
10,0.12121212121212122,0.0,0.3333333333333333,0.5454545454545454
11,0.3333333333333333,0.0,0.5238095238095238,0.14285714285714285
12,0.0,0.6666666666666666,0.16,0.17333333333333334
13,0.38461538461538464,0.0,0.0,0.6153846153846154
14,0.4032258064516129,0.20967741935483872,0.3870967741935484,0.0
15,0.23333333333333334,0.0,0.3,0.4666666666666667
16,0.05263157894736842,0.0,0.32894736842105265,0.618421052631579
17,0.0,0.5087719298245614,0.3333333333333333,0.15789473684210525
18,0.0,0.5087719298245614,0.19298245614035087,0.2982456140350877
19,0.0,0.42045454545454547,0.4090909090909091,0.17045454545454544
20,0.0,0.125,0.6875,0.1875
21,0.0,0.3291139240506329,0.4430379746835443,0.22784810126582278
22,0.07017543859649122,0.543859649122807,0.38596491228070173,0.0
23,0.18518518518518517,0.0,0.5185185185185185,0.2962962962962963
24,0.25,0.2916666666666667,0.0,0.4583333333333333
25,0.36764705882352944,0.39705882352941174,0.23529411764705882,0.0
26,0.0,0.5370370370370371,0.35185185185185186,0.1111111111111111
27,0.0,0.375,0.40625,0.21875
28,0.23,0.18,0.59,0.0
29,0.0,0.36764705882352944,0.4411764705882353,0.19117647058823528
30,0.15,0.0,0.55,0.3
31,0.41696750902527074,0.29422382671480146,0.0,0.2888086642599278
32,0.3190789473684211,0.3503289473684211,0.3305921052631579,0.0
33,0.0,0.2789473684210526,0.29342105263157897,0.4276315789473684
34,0.22014051522248243,0.639344262295082,0.1405152224824356,0.0
35,0.3369022127052106,0.38472519628836543,0.278372591006424,0.0
36,0.0,0.3805138148327678,0.19825496849248667,0.4212312166747455
37,0.1379746835443038,0.0,0.23291139240506328,0.6291139240506329
38,0.6438831104507182,0.22734026745913818,0.0,0.12877662209014362
39,0.0,0.2690711777848707,0.6578359399936163,0.07309288222151293
40,0.14233038348082597,0.5730088495575221,0.28466076696165193,0.0
41,0.18963730569948187,0.3602763385146805,0.45008635578583767,0.0
42,0.32142857142857145,0.49933862433862436,0.17923280423280424,0.0
43,0.19525316455696204,0.5623417721518987,0.24240506329113923,0.0
44,0.18707636692272933,0.4780840488025305,0.3348395842747402,0.0
45,0.0782181690634865,0.6723956506488952,0.0,0.2493861802876184
46,0.28904227782571185,0.44348576358930114,0.0,0.26747195858498707
47,0.0,0.27433309300648884,0.6131939437635184,0.11247296322999278
48,0.7830300165445521,0.11108484991727724,0.0,0.10588513353817064
49,0.3187203791469194,0.315955766192733,0.36532385466034756,0.0
50,0.4230287859824781,0.3341677096370463,0.0,0.2428035043804756
51,0.3145122537241711,0.5944257568476694,0.0,0.09106198942815955
52,0.2925636007827789,0.41829745596868884,0.2891389432485323,0.0
53,0.17009249743062693,0.6356628982528263,0.19424460431654678,0.0
54,0.0,0.38239916186485073,0.18753273965426925,0.43006809848088007
55,0.30454545454545456,0.5727272727272728,0.12272727272727273,0.0
56,0.21196358907672302,0.517555266579974,0.270481144343303,0.0
57,0.0,0.40963855421686746,0.1180722891566265,0.472289156626506
58,0.044642857142857144,0.7440476190476191,0.2113095238095238,0.0
59,0.0,0.4879356568364611,0.19436997319034852,0.31769436997319034
60,0.24390243902439024,0.0,0.5024390243902439,0.25365853658536586
61,0.3554006968641115,0.0,0.4564459930313589,0.18815331010452963
62,0.3904761904761905,0.41904761904761906,0.0,0.19047619047619047
63,0.4827586206896552,0.41379310344827586,0.0,0.10344827586206896
64,0.22448979591836735,0.4897959183673469,0.2857142857142857,0.0
65,0.0,0.5882352941176471,0.20588235294117646,0.20588235294117646
66,0.5294117647058824,0.29411764705882354,0.17647058823529413,0.0
67,0.0,0.23636363636363636,0.6545454545454545,0.10909090909090909
68,0.0,0.5555555555555556,0.14814814814814814,0.2962962962962963
69,0.23076923076923078,0.6923076923076923,0.07692307692307693,0.0
70,0.0,0.1724137931034483,0.6551724137931034,0.1724137931034483
71,0.0,0.6666666666666666,0.16666666666666666,0.16666666666666666
72,0.0,0.0,0.5,0.5
73,0.4444444444444444,0.0,0.3333333333333333,0.2222222222222222
74,0.0,1.0,0.0,0.0
75,,,,
76,,,,
77,1.0,0.0,0.0,0.0
78,,,,
79,0.0,0.0,1.0,0.0
80,,,,
81,,,,
82,,,,
83,,,,
84,,,,
85,,,,
86,,,,
87,,,,
88,,,,
89,,,,
90,,,,
91,,,,
92,,,,
