,A,C,G,T
0,,,,
1,,,,
2,,,,
3,,,,
4,0.034482758620689655,0.9655172413793104,0.0,0.0
5,0.0,0.0,1.0,0.0
6,0.6666666666666666,0.0,0.0,0.3333333333333333
7,0.0,0.0,1.0,0.0
8,0.0,0.5,0.3235294117647059,0.17647058823529413
9,0.5714285714285714,0.2857142857142857,0.14285714285714285,0.0
10,0.0,0.6739130434782609,0.2608695652173913,0.06521739130434782
11,0.05517241379310345,0.0,0.3310344827586207,0.6137931034482759
12,0.0,0.4722222222222222,0.35185185185185186,0.17592592592592593
13,0.27918781725888325,0.0,0.4720812182741117,0.24873096446700507
14,0.20606060606060606,0.0,0.42424242424242425,0.3696969696969697
15,0.0,0.41,0.325,0.265
16,0.33189655172413796,0.0,0.6681034482758621,0.0
17,0.42592592592592593,0.0,0.5740740740740741,0.0
18,0.0,0.28688524590163933,0.22131147540983606,0.4918032786885246
19,0.75,0.0,0.0,0.25
20,0.26785714285714285,0.09821428571428571,0.6339285714285714,0.0
21,0.0,0.13333333333333333,0.11666666666666667,0.75
22,0.017241379310344827,0.0,0.7931034482758621,0.1896551724137931
23,0.0,0.078125,0.859375,0.0625
24,0.0,0.25,0.2857142857142857,0.4642857142857143
25,0.0,0.0,1.0,0.0
26,0.0,0.125,0.6875,0.1875
27,0.5,0.42857142857142855,0.07142857142857142,0.0
28,0.6666666666666666,0.0,0.0,0.3333333333333333
29,0.625,0.0,0.25,0.125
30,0.2391304347826087,0.15217391304347827,0.6086956521739131,0.0
31,0.0,0.2647058823529412,0.5,0.23529411764705882
32,0.42857142857142855,0.30952380952380953,0.0,0.2619047619047619
33,0.6153846153846154,0.3230769230769231,0.0,0.06153846153846154
34,0.0,0.35436893203883496,0.14563106796116504,0.5
35,0.14351851851851852,0.48148148148148145,0.375,0.0
36,0.0,0.3670886075949367,0.13924050632911392,0.4936708860759494
37,0.12987012987012986,0.7142857142857143,0.15584415584415584,0.0
38,0.5,0.12773722627737227,0.3722627737226277,0.0
39,0.400990099009901,0.45544554455445546,0.0,0.14356435643564355
40,0.06462035541195477,0.752827140549273,0.1825525040387722,0.0
41,0.0,0.3167464114832536,0.32057416267942584,0.3626794258373206
42,0.3503184713375796,0.0,0.5143312101910829,0.13535031847133758
43,0.37910447761194027,0.28059701492537314,0.3402985074626866,0.0
44,0.0,0.6898395721925134,0.0,0.31016042780748665
45,0.0,0.6586345381526104,0.0,0.3413654618473896
46,0.26337448559670784,0.345679012345679,0.39094650205761317,0.0
47,0.34210526315789475,0.39035087719298245,0.0,0.2675438596491228
48,0.36482084690553745,0.46254071661237783,0.0,0.17263843648208468
49,0.16461916461916462,0.36855036855036855,0.4668304668304668,0.0
50,0.5962145110410094,0.17350157728706625,0.0,0.2302839116719243
51,0.5831903945111492,0.14751286449399656,0.2692967409948542,0.0
52,0.0,0.44052863436123346,0.2621145374449339,0.2973568281938326
53,0.35555555555555557,0.2,0.4444444444444444,0.0
54,0.3235294117647059,0.23529411764705882,0.0,0.4411764705882353
55,0.03980099502487562,0.0,0.0945273631840796,0.8656716417910447
56,0.10256410256410256,0.8461538461538461,0.05128205128205128,0.0
57,0.0,0.11956521739130435,0.03260869565217391,0.8478260869565217
58,0.18421052631578946,0.2894736842105263,0.5263157894736842,0.0
59,0.0,0.7021276595744681,0.02127659574468085,0.2765957446808511
60,0.6363636363636364,0.0,0.2727272727272727,0.09090909090909091
61,0.0273972602739726,0.0,0.8767123287671232,0.0958904109589041
62,0.0,0.6666666666666666,0.0,0.3333333333333333
63,0.0,0.4,0.0,0.6
64,0.0,0.0,1.0,0.0
65,0.0,1.0,0.0,0.0
66,,,,
67,0.0,0.6,0.3,0.1
68,0.6,0.4,0.0,0.0
69,,,,
70,,,,
71,,,,
72,0.0,0.5,0.5,0.0
73,0.3333333333333333,0.0,0.6666666666666666,0.0
74,0.0,0.0,0.5,0.5
75,0.0,0.0,0.0,1.0
76,0.5,0.0,0.5,0.0
77,,,,
78,1.0,0.0,0.0,0.0
79,,,,
80,0.0,0.0,0.0,1.0
81,,,,
82,,,,
83,,,,
84,,,,
85,,,,
86,,,,
87,,,,
88,,,,
89,,,,
90,,,,
91,,,,
92,,,,
