,A,C,G,T
0,,,,
1,,,,
2,0.1111111111111111,0.0,0.8888888888888888,0.0
3,0.2653061224489796,0.5714285714285714,0.0,0.16326530612244897
4,0.1590909090909091,0.26136363636363635,0.5795454545454546,0.0
5,0.2336448598130841,0.5046728971962616,0.2616822429906542,0.0
6,0.29770992366412213,0.0,0.31297709923664124,0.3893129770992366
7,0.3783783783783784,0.0,0.41216216216216217,0.20945945945945946
8,0.0,0.26732673267326734,0.40594059405940597,0.32673267326732675
9,0.3523809523809524,0.3904761904761905,0.0,0.2571428571428571
10,0.35172413793103446,0.18275862068965518,0.46551724137931033,0.0
11,0.25153374233128833,0.37423312883435583,0.37423312883435583,0.0
12,0.0,0.3263888888888889,0.0,0.6736111111111112
13,0.12714776632302405,0.13745704467353953,0.7353951890034365,0.0
14,0.0,0.5291666666666667,0.32083333333333336,0.15
15,0.17391304347826086,0.0,0.33540372670807456,0.4906832298136646
16,0.2600732600732601,0.0,0.5567765567765568,0.18315018315018314
17,0.3273542600896861,0.3991031390134529,0.0,0.273542600896861
18,0.43243243243243246,0.3745173745173745,0.0,0.19305019305019305
19,0.19879518072289157,0.30873493975903615,0.4924698795180723,0.0
20,0.0,0.4409090909090909,0.2681818181818182,0.2909090909090909
21,0.47619047619047616,0.0,0.5238095238095238,0.0
22,0.0,0.2,0.5304347826086957,0.26956521739130435
23,0.0,0.4743935309973046,0.25471698113207547,0.27088948787061995
24,0.10725552050473186,0.0,0.45741324921135645,0.4353312302839117
25,0.3097713097713098,0.13305613305613306,0.5571725571725572,0.0
26,0.3153409090909091,0.2755681818181818,0.0,0.4090909090909091
27,0.3333333333333333,0.5548523206751055,0.0,0.11181434599156118
28,0.0,0.2726495726495726,0.5606837606837607,0.16666666666666666
29,0.0,0.35909822866344604,0.41545893719806765,0.22544283413848631
30,0.3426651735722284,0.0,0.3583426651735722,0.2989921612541993
31,0.13186813186813187,0.5,0.0,0.36813186813186816
32,0.0,0.24274809160305344,0.4900763358778626,0.26717557251908397
33,0.34545454545454546,0.0,0.4072727272727273,0.24727272727272728
34,0.1843687374749499,0.30060120240480964,0.0,0.5150300601202404
35,0.45806451612903226,0.2564516129032258,0.2854838709677419,0.0
36,0.020100502512562814,0.0,0.8894472361809045,0.09045226130653267
37,0.29245283018867924,0.25943396226415094,0.0,0.4481132075471698
38,0.26288659793814434,0.2422680412371134,0.4948453608247423,0.0
39,0.1523809523809524,0.3619047619047619,0.4857142857142857,0.0
40,0.5531914893617021,0.0,0.19148936170212766,0.2553191489361702
41,0.35555555555555557,0.0,0.6222222222222222,0.022222222222222223
42,0.0,0.125,0.125,0.75
43,0.3333333333333333,0.4444444444444444,0.0,0.2222222222222222
44,0.3333333333333333,0.0,0.6666666666666666,0.0
45,0.0,0.10526315789473684,0.8947368421052632,0.0
46,0.0,0.0,0.0,1.0
47,1.0,0.0,0.0,0.0
48,,,,
49,,,,
50,,,,
