,A,C,G,T
0,,,,
1,,,,
2,0.0,0.36363636363636365,0.6363636363636364,0.0
3,0.0,0.3333333333333333,0.5,0.16666666666666666
4,0.2631578947368421,0.15789473684210525,0.5789473684210527,0.0
5,0.75,0.15,0.1,0.0
6,0.2727272727272727,0.3181818181818182,0.0,0.4090909090909091
7,0.12299465240641712,0.20320855614973263,0.6737967914438503,0.0
8,0.0,0.35877862595419846,0.3282442748091603,0.31297709923664124
9,0.5294117647058824,0.4117647058823529,0.0,0.058823529411764705
10,0.6557377049180327,0.0,0.2786885245901639,0.06557377049180328
11,0.4528301886792453,0.0,0.39622641509433965,0.1509433962264151
12,0.0,0.41232227488151657,0.23696682464454977,0.35071090047393366
13,0.3467741935483871,0.5725806451612904,0.08064516129032258,0.0
14,0.2702702702702703,0.0,0.33783783783783783,0.3918918918918919
15,0.12987012987012986,0.6753246753246753,0.19480519480519481,0.0
16,0.22950819672131148,0.0,0.08196721311475409,0.6885245901639344
17,0.15920398009950248,0.21393034825870647,0.6268656716417911,0.0
18,0.0,0.37209302325581395,0.22674418604651161,0.4011627906976744
19,0.3670886075949367,0.0,0.3670886075949367,0.26582278481012656
20,0.2987012987012987,0.2857142857142857,0.0,0.4155844155844156
21,0.3503289473684211,0.3355263157894737,0.31414473684210525,0.0
22,0.0,0.2903752039151713,0.6101141924959217,0.09951060358890701
23,0.29081632653061223,0.5459183673469388,0.0,0.16326530612244897
24,0.0,0.22056833558863329,0.6238159675236806,0.15561569688768606
25,0.42071197411003236,0.4023732470334412,0.0,0.17691477885652643
26,0.0,0.24507042253521127,0.5830985915492958,0.17183098591549295
27,0.29023569023569024,0.32996632996632996,0.3797979797979798,0.0
28,0.2878787878787879,0.36666666666666664,0.0,0.34545454545454546
29,0.3062530773018218,0.4367306745445593,0.0,0.2570162481536189
30,0.26427879961277834,0.0,0.3601161665053243,0.37560503388189737
31,0.31833575229801647,0.37010159651669083,0.3115626511852927,0.0
32,0.0,0.3156408808582722,0.25352907961603616,0.4308300395256917
33,0.12314225053078556,0.0,0.25690021231422505,0.6199575371549894
34,0.0,0.38495575221238937,0.2743362831858407,0.3407079646017699
35,0.0,0.2185022026431718,0.654625550660793,0.12687224669603525
36,0.3575757575757576,0.3878787878787879,0.2545454545454545,0.0
37,0.19135802469135801,0.4156378600823045,0.39300411522633744,0.0
38,0.0,0.2907801418439716,0.35638297872340424,0.3528368794326241
39,0.3582089552238806,0.0,0.22388059701492538,0.417910447761194
40,0.5441176470588235,0.11764705882352941,0.0,0.3382352941176471
41,0.16589861751152074,0.07834101382488479,0.7557603686635944,0.0
42,0.0,0.1875,0.78125,0.03125
43,0.0,0.3125,0.4375,0.25
44,0.4166666666666667,0.0,0.5833333333333334,0.0
45,0.2,0.0,0.8,0.0
46,0.0,0.4,0.0,0.6
47,0.030303030303030304,0.7878787878787878,0.18181818181818182,0.0
48,0.0,0.0,0.42857142857142855,0.5714285714285714
49,0.0,0.6666666666666666,0.0,0.3333333333333333
50,,,,
51,,,,
52,0.0,0.0,0.8333333333333334,0.16666666666666666
53,0.0,0.0,1.0,0.0
54,,,,
55,,,,
56,,,,
57,,,,
58,,,,
59,,,,
