,A,C,G,T
0,,,,
1,,,,
2,0.5,0.25,0.25,0.0
3,0.0,0.06451612903225806,0.12903225806451613,0.8064516129032258
4,0.0625,0.875,0.0625,0.0
5,0.0,0.5294117647058824,0.3088235294117647,0.16176470588235295
6,0.10891089108910891,0.13861386138613863,0.0,0.7524752475247525
7,0.3472222222222222,0.0,0.5,0.1527777777777778
8,0.0,0.18181818181818182,0.1487603305785124,0.6694214876033058
9,0.13513513513513514,0.35135135135135137,0.5135135135135135,0.0
10,0.0,0.5921052631578947,0.15789473684210525,0.25
11,0.07692307692307693,0.0,0.46153846153846156,0.46153846153846156
12,0.0,0.44660194174757284,0.32038834951456313,0.23300970873786409
13,0.44144144144144143,0.0,0.40540540540540543,0.15315315315315314
14,0.2878787878787879,0.0,0.3484848484848485,0.36363636363636365
15,0.0,0.48221343873517786,0.1225296442687747,0.3952569169960474
16,0.3684210526315789,0.3157894736842105,0.3157894736842105,0.0
17,0.10526315789473684,0.49473684210526314,0.4,0.0
18,0.0,0.2108843537414966,0.6054421768707483,0.1836734693877551
19,0.19047619047619047,0.11428571428571428,0.0,0.6952380952380952
20,0.2826086956521739,0.03260869565217391,0.6847826086956522,0.0
21,0.0,0.4948453608247423,0.32989690721649484,0.17525773195876287
22,0.125,0.0,0.625,0.25
23,0.0,0.3,0.4,0.3
24,0.0,0.043478260869565216,0.3695652173913043,0.5869565217391305
25,0.5454545454545454,0.13636363636363635,0.3181818181818182,0.0
26,0.0,0.3877551020408163,0.42857142857142855,0.1836734693877551
27,0.0,0.875,0.125,0.0
28,0.5,0.0,0.0,0.5
29,0.6363636363636364,0.0,0.09090909090909091,0.2727272727272727
30,0.06779661016949153,0.711864406779661,0.22033898305084745,0.0
31,0.0,0.06511627906976744,0.13488372093023257,0.8
32,0.15384615384615385,0.6293706293706294,0.0,0.21678321678321677
33,0.6046511627906976,0.27906976744186046,0.0,0.11627906976744186
34,0.0,0.34065934065934067,0.45054945054945056,0.2087912087912088
35,0.09382716049382717,0.6888888888888889,0.21728395061728395,0.0
36,0.0,0.44537815126050423,0.0896358543417367,0.4649859943977591
37,0.24193548387096775,0.6451612903225806,0.11290322580645161,0.0
38,0.2898550724637681,0.28019323671497587,0.42995169082125606,0.0
39,0.3065326633165829,0.46733668341708545,0.0,0.22613065326633167
40,0.08424908424908426,0.6263736263736264,0.2893772893772894,0.0
41,0.0,0.28038277511961723,0.2889952153110048,0.430622009569378
42,0.3700440528634361,0.0,0.32687224669603526,0.3030837004405286
43,0.31010452961672474,0.4686411149825784,0.22125435540069685,0.0
44,0.0,0.22102747909199522,0.5555555555555556,0.22341696535244923
45,0.0,0.23418573351278602,0.5625841184387618,0.2032301480484522
46,0.3876500857632933,0.3018867924528302,0.31046312178387653,0.0
47,0.578397212543554,0.24041811846689895,0.0,0.18118466898954705
48,0.5808510638297872,0.23617021276595745,0.0,0.1829787234042553
49,0.2889344262295082,0.3442622950819672,0.3668032786885246,0.0
50,0.40498442367601245,0.19158878504672897,0.0,0.40342679127725856
51,0.29010989010989013,0.34505494505494505,0.3648351648351648,0.0
52,0.0,0.3889763779527559,0.331496062992126,0.2795275590551181
53,0.09302325581395349,0.38372093023255816,0.5232558139534884,0.0
54,0.22142857142857142,0.45714285714285713,0.0,0.32142857142857145
55,0.06041666666666667,0.0,0.22083333333333333,0.71875
56,0.4423076923076923,0.40384615384615385,0.15384615384615385,0.0
57,0.0,0.11764705882352941,0.14705882352941177,0.7352941176470589
58,0.2601626016260163,0.5691056910569106,0.17073170731707318,0.0
59,0.0,0.2926829268292683,0.3333333333333333,0.37398373983739835
60,0.46153846153846156,0.0,0.2692307692307692,0.2692307692307692
61,0.594059405940594,0.0,0.26732673267326734,0.13861386138613863
62,0.2962962962962963,0.3333333333333333,0.0,0.37037037037037035
63,0.03773584905660377,0.9056603773584906,0.0,0.05660377358490566
64,0.5172413793103449,0.2413793103448276,0.2413793103448276,0.0
65,0.0,0.631578947368421,0.15789473684210525,0.21052631578947367
66,0.0,0.7586206896551724,0.2413793103448276,0.0
67,0.0,0.09090909090909091,0.5,0.4090909090909091
68,0.125,0.75,0.0,0.125
69,0.0,0.0,1.0,0.0
70,0.0,0.6,0.0,0.4
71,0.0,0.5555555555555556,0.4444444444444444,0.0
72,0.0,0.6666666666666666,0.16666666666666666,0.16666666666666666
73,0.0,0.0,0.5,0.5
74,0.0,1.0,0.0,0.0
75,,,,
76,0.0,0.0,0.6666666666666666,0.3333333333333333
77,0.0,0.8888888888888888,0.0,0.1111111111111111
78,,,,
79,0.14285714285714285,0.8571428571428571,0.0,0.0
80,,,,
81,,,,
82,,,,
83,,,,
84,,,,
85,,,,
86,,,,
87,,,,
88,,,,
89,,,,
90,,,,
91,,,,
92,,,,
