,A,C,G,T
0,,,,
1,,,,
2,0.0,0.0,1.0,0.0
3,0.0,0.3333333333333333,0.6666666666666666,0.0
4,0.0,0.0,1.0,0.0
5,0.2558139534883721,0.0,0.32558139534883723,0.4186046511627907
6,0.0,0.6,0.03333333333333333,0.36666666666666664
7,0.3508771929824561,0.24561403508771928,0.40350877192982454,0.0
8,0.0,0.25333333333333335,0.68,0.06666666666666667
9,0.3333333333333333,0.5,0.0,0.16666666666666666
10,0.7727272727272727,0.0,0.10606060606060606,0.12121212121212122
11,0.44,0.26666666666666666,0.29333333333333333,0.0
12,0.12,0.36,0.0,0.52
13,0.2857142857142857,0.20238095238095238,0.5119047619047619,0.0
14,0.0,0.275,0.4125,0.3125
15,0.16363636363636364,0.6727272727272727,0.16363636363636364,0.0
16,0.42424242424242425,0.0,0.21212121212121213,0.36363636363636365
17,0.0521978021978022,0.0,0.8956043956043956,0.0521978021978022
18,0.0,0.423728813559322,0.3093220338983051,0.2669491525423729
19,0.3333333333333333,0.0,0.5245098039215687,0.14215686274509803
20,0.391304347826087,0.24414715719063546,0.0,0.36454849498327757
21,0.27363896848137537,0.26504297994269344,0.46131805157593125,0.0
22,0.388,0.332,0.0,0.28
23,0.4634146341463415,0.33771106941838647,0.0,0.19887429643527205
24,0.0,0.22469410456062291,0.525027808676307,0.25027808676307006
25,0.34185567010309276,0.4020618556701031,0.25608247422680414,0.0
26,0.0,0.23564954682779457,0.23867069486404835,0.525679758308157
27,0.11966824644549763,0.0,0.19312796208530805,0.6872037914691943
28,0.0,0.14420600858369098,0.5776824034334764,0.27811158798283264
29,0.39403254972875223,0.4332730560578662,0.0,0.17269439421338156
30,0.15914307574598316,0.0,0.20683499107370568,0.6340219331803112
31,0.3378607809847199,0.45500848896434637,0.2071307300509338,0.0
32,0.0,0.26579163248564397,0.20836751435602954,0.5258408531583265
33,0.11567164179104478,0.7033582089552238,0.18097014925373134,0.0
34,0.4253968253968254,0.17142857142857143,0.0,0.4031746031746032
35,0.5148809523809523,0.27529761904761907,0.0,0.20982142857142858
36,0.2632696390658174,0.43524416135881105,0.30148619957537154,0.0
37,0.16483516483516483,0.6197802197802198,0.2153846153846154,0.0
38,0.0,0.3215130023640662,0.13238770685579196,0.5460992907801419
39,0.21428571428571427,0.0,0.1488095238095238,0.6369047619047619
40,0.22033898305084745,0.3898305084745763,0.0,0.3898305084745763
41,0.40476190476190477,0.23809523809523808,0.35714285714285715,0.0
42,0.0,0.125,0.375,0.5
43,0.0,0.5813953488372093,0.20930232558139536,0.20930232558139536
44,0.4444444444444444,0.0,0.1111111111111111,0.4444444444444444
45,0.2222222222222222,0.0,0.3333333333333333,0.4444444444444444
46,0.0,0.3333333333333333,0.3333333333333333,0.3333333333333333
47,0.5,0.3333333333333333,0.16666666666666666,0.0
48,0.0,0.06666666666666667,0.9,0.03333333333333333
49,0.0,0.0,0.0,1.0
50,0.0,0.0,0.3333333333333333,0.6666666666666666
51,0.14285714285714285,0.0,0.8571428571428571,0.0
52,,,,
53,,,,
54,0.0,0.0,1.0,0.0
55,,,,
56,,,,
57,,,,
58,,,,
59,,,,
