,A,C,G,T
0,,,,
1,,,,
2,0.0,0.0,1.0,0.0
3,0.0,0.06666666666666667,0.7333333333333333,0.2
4,0.4,0.4,0.2,0.0
5,0.2222222222222222,0.0,0.7037037037037037,0.07407407407407407
6,0.13043478260869565,0.5652173913043478,0.0,0.30434782608695654
7,0.3211009174311927,0.23853211009174313,0.44036697247706424,0.0
8,0.0,0.1646090534979424,0.7901234567901234,0.04526748971193416
9,0.029411764705882353,0.2647058823529412,0.0,0.7058823529411765
10,0.0,0.0,0.8235294117647058,0.17647058823529413
11,0.6666666666666666,0.0,0.3125,0.020833333333333332
12,0.0,0.5497835497835498,0.15151515151515152,0.2987012987012987
13,0.35555555555555557,0.0,0.35555555555555557,0.28888888888888886
14,0.12727272727272726,0.6363636363636364,0.23636363636363636,0.0
15,0.0,0.054945054945054944,0.03296703296703297,0.9120879120879121
16,0.16379310344827586,0.3620689655172414,0.47413793103448276,0.0
17,0.0,0.2549019607843137,0.38562091503267976,0.35947712418300654
18,0.07547169811320754,0.41509433962264153,0.5094339622641509,0.0
19,0.07894736842105263,0.0,0.18421052631578946,0.7368421052631579
20,0.1941747572815534,0.0,0.6359223300970874,0.16990291262135923
21,0.0,0.39779005524861877,0.24861878453038674,0.35359116022099446
22,0.5283842794759825,0.0,0.3406113537117904,0.13100436681222707
23,0.32413793103448274,0.4586206896551724,0.0,0.21724137931034482
24,0.16526138279932545,0.3456998313659359,0.48903878583473864,0.0
25,0.22184300341296928,0.4641638225255973,0.0,0.31399317406143346
26,0.34959349593495936,0.4878048780487805,0.0,0.16260162601626016
27,0.0,0.3362962962962963,0.42074074074074075,0.24296296296296296
28,0.2921146953405018,0.44175627240143367,0.2661290322580645,0.0
29,0.0,0.2019438444924406,0.265658747300216,0.5323974082073434
30,0.1000813669650122,0.6753458096013019,0.22457282343368593,0.0
31,0.0,0.12864800476474092,0.7599761762954139,0.11137581893984515
32,0.2986666666666667,0.462,0.0,0.23933333333333334
33,0.2861491628614916,0.30441400304414,0.4094368340943683,0.0
34,0.31019522776572667,0.2993492407809111,0.0,0.39045553145336226
35,0.4252775405636208,0.5747224594363791,0.0,0.0
36,0.2495741056218058,0.0,0.46507666098807493,0.28534923339011925
37,0.33318525099955576,0.4273656152820968,0.2394491337183474,0.0
38,0.0,0.34502262443438914,0.1408371040723982,0.5141402714932126
39,0.13257575757575757,0.0,0.0946969696969697,0.7727272727272727
40,0.24489795918367346,0.4301412872841444,0.0,0.3249607535321821
41,0.0,0.21791044776119403,0.5373134328358209,0.24477611940298508
42,0.19242902208201892,0.6656151419558359,0.14195583596214512,0.0
43,0.20346320346320346,0.329004329004329,0.4675324675324675,0.0
44,0.0,0.2845849802371542,0.11857707509881422,0.5968379446640316
45,0.35658914728682173,0.0,0.26356589147286824,0.3798449612403101
46,0.1917808219178082,0.4931506849315068,0.0,0.3150684931506849
47,0.31896551724137934,0.19827586206896552,0.4827586206896552,0.0
48,0.0,0.11363636363636363,0.5681818181818182,0.3181818181818182
49,0.0,0.08333333333333333,0.3333333333333333,0.5833333333333334
50,0.25,0.375,0.375,0.0
51,0.5476190476190477,0.0,0.4523809523809524,0.0
52,0.0,0.0,0.0,1.0
53,0.07142857142857142,0.5,0.42857142857142855,0.0
54,0.0,0.3170731707317073,0.5853658536585366,0.0975609756097561
55,0.0,0.5,0.0,0.5
56,0.0,0.0,1.0,0.0
57,1.0,0.0,0.0,0.0
58,0.0,1.0,0.0,0.0
59,0.0,0.0,0.4,0.6
60,,,,
61,,,,
62,,,,
63,,,,
64,,,,
65,,,,
66,,,,
67,,,,
68,,,,
