,A,C,G,T
0,,,,
1,,,,
2,0.0,0.1346153846153846,0.6730769230769231,0.19230769230769232
3,0.17142857142857143,0.0,0.11428571428571428,0.7142857142857143
4,0.6,0.0,0.06666666666666667,0.3333333333333333
5,0.0,0.16666666666666666,0.17391304347826086,0.6594202898550725
6,0.38071065989847713,0.25380710659898476,0.0,0.36548223350253806
7,0.20526315789473684,0.0,0.3526315789473684,0.4421052631578947
8,0.3511586452762923,0.016042780748663103,0.6327985739750446,0.0
9,0.30113636363636365,0.2784090909090909,0.0,0.42045454545454547
10,0.22764227642276422,0.0,0.2682926829268293,0.5040650406504065
11,0.18095238095238095,0.5714285714285714,0.24761904761904763,0.0
12,0.09154929577464789,0.4859154929577465,0.0,0.4225352112676056
13,0.19791666666666666,0.0,0.4583333333333333,0.34375
14,0.06956521739130435,0.12608695652173912,0.8043478260869565,0.0
15,0.0,0.4368932038834951,0.20388349514563106,0.3592233009708738
16,0.10434782608695652,0.6347826086956522,0.2608695652173913,0.0
17,0.0,0.26421404682274247,0.27759197324414714,0.45819397993311034
18,0.16153846153846155,0.0,0.2076923076923077,0.6307692307692307
19,0.20187793427230047,0.0,0.4788732394366197,0.3192488262910798
20,0.3525835866261398,0.0,0.3829787234042553,0.26443768996960487
21,0.2988929889298893,0.2140221402214022,0.0,0.4870848708487085
22,0.3253968253968254,0.4074074074074074,0.0,0.2671957671957672
23,0.4956590370955012,0.3228097868981847,0.0,0.18153117600631413
24,0.24742268041237114,0.31075110456553756,0.4418262150220913,0.0
25,0.0,0.22678396871945258,0.3563049853372434,0.416911045943304
26,0.1431924882629108,0.6666666666666666,0.19014084507042253,0.0
27,0.0,0.15228966986155484,0.6609868654597089,0.18672346467873624
28,0.3124567474048443,0.49515570934256053,0.0,0.19238754325259516
29,0.3222354340071344,0.0,0.27794292508917956,0.3998216409036861
30,0.0,0.12134217713616856,0.7198595396020289,0.15879828326180256
31,0.48950185261424456,0.3069164265129683,0.0,0.20358172087278714
32,0.2505630630630631,0.0,0.2939189189189189,0.455518018018018
33,0.0,0.16226215644820297,0.6923890063424947,0.14534883720930233
34,0.38190104166666666,0.46432291666666664,0.0,0.15377604166666667
35,0.17601998334721067,0.0,0.2777685262281432,0.5462114904246461
36,0.17155110793423875,0.5847033595425304,0.2437455325232309,0.0
37,0.27740492170022374,0.27069351230425054,0.0,0.4519015659955257
38,0.29892761394101874,0.40214477211796246,0.0,0.29892761394101874
39,0.2121520706042091,0.28716904276985744,0.5006788866259335,0.0
40,0.0,0.22941590429275158,0.3216045038705137,0.4489795918367347
41,0.2625,0.0,0.3875,0.35
42,0.3684210526315789,0.2562929061784897,0.0,0.37528604118993136
43,0.19069767441860466,0.25116279069767444,0.5581395348837209,0.0
44,0.0,0.5188172043010753,0.27956989247311825,0.20161290322580644
45,0.10909090909090909,0.0,0.509090909090909,0.38181818181818183
46,0.2,0.0,0.64,0.16
47,0.0,0.45652173913043476,0.34782608695652173,0.1956521739130435
48,0.28378378378378377,0.4527027027027027,0.0,0.2635135135135135
49,0.17391304347826086,0.0,0.6014492753623188,0.2246376811594203
50,0.3764705882352941,0.07058823529411765,0.5529411764705883,0.0
51,0.5416666666666666,0.2916666666666667,0.0,0.16666666666666666
52,0.4117647058823529,0.0,0.17647058823529413,0.4117647058823529
53,0.43478260869565216,0.5652173913043478,0.0,0.0
54,0.42857142857142855,0.17857142857142858,0.0,0.39285714285714285
55,0.0,0.0,0.0,1.0
56,,,,
57,0.0,0.1,0.2,0.7
58,0.0,1.0,0.0,0.0
59,,,,
60,,,,
61,,,,
62,,,,
