,A,C,G,T
0,,,,
1,,,,
2,0.0,0.3333333333333333,0.5555555555555556,0.1111111111111111
3,0.0,0.2,0.0,0.8
4,0.6129032258064516,0.06451612903225806,0.3225806451612903,0.0
5,0.0,0.0,0.5573770491803278,0.4426229508196721
6,0.0,0.07246376811594203,0.3188405797101449,0.6086956521739131
7,0.0891089108910891,0.6732673267326733,0.2376237623762376,0.0
8,0.0,0.02727272727272727,0.5727272727272728,0.4
9,0.0,0.44680851063829785,0.46808510638297873,0.0851063829787234
10,0.2727272727272727,0.0,0.2727272727272727,0.45454545454545453
11,0.3916349809885932,0.0,0.42585551330798477,0.18250950570342206
12,0.0,0.5909090909090909,0.14772727272727273,0.26136363636363635
13,0.13953488372093023,0.0,0.09302325581395349,0.7674418604651163
14,0.2839506172839506,0.16049382716049382,0.5555555555555556,0.0
15,0.0,0.14354066985645933,0.3397129186602871,0.5167464114832536
16,0.03333333333333333,0.0,0.25,0.7166666666666667
17,0.2411764705882353,0.49411764705882355,0.2647058823529412,0.0
18,0.0,0.3657587548638132,0.21011673151750973,0.42412451361867703
19,0.20833333333333334,0.5833333333333334,0.20833333333333334,0.0
20,0.2538860103626943,0.0,0.6062176165803109,0.13989637305699482
21,0.0,0.1527777777777778,0.25,0.5972222222222222
22,0.44813278008298757,0.3112033195020747,0.24066390041493776,0.0
23,0.0,0.22826086956521738,0.6630434782608695,0.10869565217391304
24,0.47572815533980584,0.44660194174757284,0.0,0.07766990291262135
25,0.2857142857142857,0.38961038961038963,0.3246753246753247,0.0
26,0.0,0.15476190476190477,0.5952380952380952,0.25
27,0.0,0.4144144144144144,0.4594594594594595,0.12612612612612611
28,0.2617801047120419,0.3298429319371728,0.4083769633507853,0.0
29,0.0,0.29523809523809524,0.3333333333333333,0.37142857142857144
30,0.34517766497461927,0.0,0.39086294416243655,0.2639593908629442
31,0.3686635944700461,0.27572964669738864,0.0,0.35560675883256526
32,0.4441747572815534,0.18446601941747573,0.3713592233009709,0.0
33,0.0,0.3053658536585366,0.09658536585365854,0.5980487804878049
34,0.05680119581464873,0.9013452914798207,0.04185351270553064,0.0
35,0.13517241379310344,0.577471264367816,0.28735632183908044,0.0
36,0.0,0.3505945531261987,0.08247027234369006,0.5669351745301112
37,0.022322435174746337,0.0,0.06606538895152199,0.9116121758737317
38,0.13328581610833928,0.5424091233071988,0.32430506058446185,0.0
39,0.0,0.3204382524009198,0.17868253753550656,0.5008792100635736
40,0.08644400785854617,0.747871643745907,0.16568434839554683,0.0
41,0.3923076923076923,0.3763313609467456,0.0,0.23136094674556212
42,0.0,0.3252375923970433,0.4989440337909187,0.17581837381203802
43,0.2291875626880642,0.5402457372116349,0.2305667001003009,0.0
44,0.0,0.17158176943699732,0.7342269883824843,0.09419124218051832
45,0.3818908883176235,0.477482624012187,0.0,0.14062648767018948
46,0.2999714040606234,0.4272233342865313,0.2728052616528453,0.0
47,0.0,0.40934751214388865,0.5198897203623474,0.07076276749376395
48,0.3543448275862069,0.396,0.0,0.2496551724137931
49,0.28125,0.4481314432989691,0.2706185567010309,0.0
50,0.5133689839572193,0.26737967914438504,0.0,0.2192513368983957
51,0.3522216225939917,0.4878575283324339,0.0,0.15992084907357437
52,0.3163138231631382,0.47571606475716066,0.20797011207970112,0.0
53,0.19917155678287884,0.5371073524335519,0.2637210907835692,0.0
54,0.0,0.39157824933687,0.0709549071618037,0.5374668435013262
55,0.15401069518716579,0.7775401069518717,0.06844919786096257,0.0
56,0.19028103044496486,0.5895784543325527,0.22014051522248243,0.0
57,0.0,0.26894865525672373,0.08964955175224124,0.6414017929910351
58,0.11281070745697896,0.0,0.16634799235181644,0.7208413001912046
59,0.1926163723916533,0.47030497592295345,0.33707865168539325,0.0
60,0.0,0.3345959595959596,0.0707070707070707,0.5946969696969697
61,0.015625,0.0,0.25,0.734375
62,0.11666666666666667,0.675,0.0,0.20833333333333334
63,0.4391891891891892,0.17567567567567569,0.38513513513513514,0.0
64,0.0,0.2033898305084746,0.4915254237288136,0.3050847457627119
65,0.0,0.3684210526315789,0.0,0.631578947368421
66,0.32857142857142857,0.18571428571428572,0.4857142857142857,0.0
67,0.0,0.13793103448275862,0.6206896551724138,0.2413793103448276
68,0.0,0.12903225806451613,0.6451612903225806,0.22580645161290322
69,0.625,0.125,0.25,0.0
70,0.0,0.07142857142857142,0.5357142857142857,0.39285714285714285
71,0.0,0.2631578947368421,0.15789473684210525,0.5789473684210527
72,0.0,0.0,0.42857142857142855,0.5714285714285714
73,0.0,0.0,0.5714285714285714,0.42857142857142855
74,0.0,0.7333333333333333,0.26666666666666666,0.0
75,0.6666666666666666,0.0,0.3333333333333333,0.0
76,0.5,0.0,0.5,0.0
77,0.0,1.0,0.0,0.0
78,1.0,0.0,0.0,0.0
79,0.0,1.0,0.0,0.0
80,,,,
81,,,,
82,,,,
83,,,,
84,,,,
85,,,,
86,,,,
87,,,,
88,,,,
89,,,,
90,,,,
91,,,,
92,,,,
