,A,C,G,T
0,,,,
1,,,,
2,,,,
3,0.0,0.0,0.0,1.0
4,,,,
5,,,,
6,0.0,1.0,0.0,0.0
7,0.25,0.0,0.75,0.0
8,0.0,1.0,0.0,0.0
9,0.0,1.0,0.0,0.0
10,0.0,0.0,0.16666666666666666,0.8333333333333334
11,0.64,0.12,0.24,0.0
12,0.4,0.0,0.2,0.4
13,0.1875,0.0,0.75,0.0625
14,0.3058823529411765,0.0,0.5058823529411764,0.18823529411764706
15,0.30952380952380953,0.0,0.47619047619047616,0.21428571428571427
16,0.05,0.425,0.0,0.525
17,0.0,0.3032258064516129,0.6645161290322581,0.03225806451612903
18,0.0,0.0,0.24468085106382978,0.7553191489361702
19,0.1715686274509804,0.0,0.18137254901960784,0.6470588235294118
20,0.0,0.0,0.5135135135135135,0.4864864864864865
21,0.15254237288135594,0.5677966101694916,0.2796610169491525,0.0
22,0.0,0.031746031746031744,0.873015873015873,0.09523809523809523
23,0.23809523809523808,0.38095238095238093,0.0,0.38095238095238093
24,0.2682926829268293,0.3902439024390244,0.34146341463414637,0.0
25,0.0,0.0,0.325,0.675
26,0.0,0.6190476190476191,0.23809523809523808,0.14285714285714285
27,0.45454545454545453,0.5454545454545454,0.0,0.0
28,0.0,0.23809523809523808,0.2857142857142857,0.47619047619047616
29,0.375,0.0,0.4375,0.1875
30,0.16981132075471697,0.11320754716981132,0.0,0.7169811320754716
31,0.2413793103448276,0.4827586206896552,0.27586206896551724,0.0
32,0.0,0.45,0.5166666666666667,0.03333333333333333
33,0.13793103448275862,0.7931034482758621,0.06896551724137931,0.0
34,0.15942028985507245,0.4057971014492754,0.43478260869565216,0.0
35,0.0,0.2897196261682243,0.04672897196261682,0.6635514018691588
36,0.11320754716981132,0.0,0.24528301886792453,0.6415094339622641
37,0.32222222222222224,0.29444444444444445,0.38333333333333336,0.0
38,0.0,0.4381443298969072,0.10309278350515463,0.4587628865979381
39,0.3089430894308943,0.6910569105691057,0.0,0.0
40,0.300763358778626,0.37404580152671757,0.0,0.3251908396946565
41,0.5573122529644269,0.4426877470355731,0.0,0.0
42,0.2103448275862069,0.5275862068965518,0.2620689655172414,0.0
43,0.37318840579710144,0.0,0.2608695652173913,0.36594202898550726
44,0.3485915492957746,0.47183098591549294,0.0,0.1795774647887324
45,0.2558139534883721,0.3875968992248062,0.0,0.35658914728682173
46,0.7167381974248928,0.15021459227467812,0.0,0.13304721030042918
47,0.5100671140939598,0.4228187919463087,0.0,0.06711409395973154
48,0.0,0.1588785046728972,0.5233644859813084,0.3177570093457944
49,0.3877995642701525,0.5555555555555556,0.0,0.05664488017429194
50,0.24324324324324326,0.10810810810810811,0.6486486486486487,0.0
51,0.14606741573033707,0.5617977528089888,0.29213483146067415,0.0
52,0.0,0.3142857142857143,0.18571428571428572,0.5
53,0.09090909090909091,0.7272727272727273,0.18181818181818182,0.0
54,0.6216216216216216,0.24324324324324326,0.13513513513513514,0.0
55,0.0,0.03333333333333333,0.35,0.6166666666666667
56,0.2,0.6,0.2,0.0
57,0.0,0.14285714285714285,0.8571428571428571,0.0
58,0.0,0.0,1.0,0.0
59,0.0,0.0,0.0,1.0
60,0.0,0.0,0.0,1.0
61,,,,
62,,,,
63,,,,
64,,,,
65,,,,
66,,,,
67,,,,
68,,,,
69,,,,
70,,,,
71,,,,
72,,,,
73,,,,
74,,,,
75,,,,
76,,,,
77,,,,
78,,,,
79,,,,
80,,,,
81,,,,
82,,,,
83,,,,
84,,,,
85,,,,
86,,,,
87,,,,
88,,,,
89,,,,
