,A,C,G,T
0,,,,
1,,,,
2,0.0,0.2711864406779661,0.5254237288135594,0.2033898305084746
3,0.2,0.6,0.0,0.2
4,0.17142857142857143,0.0,0.2571428571428571,0.5714285714285714
5,0.03125,0.0,0.96875,0.0
6,0.0,0.15789473684210525,0.0,0.8421052631578947
7,0.0979020979020979,0.0,0.3986013986013986,0.5034965034965035
8,0.19402985074626866,0.27611940298507465,0.5298507462686567,0.0
9,0.19540229885057472,0.5172413793103449,0.0,0.28735632183908044
10,0.21428571428571427,0.0,0.6285714285714286,0.15714285714285714
11,0.1111111111111111,0.6666666666666666,0.2222222222222222,0.0
12,0.0,0.6538461538461539,0.23076923076923078,0.11538461538461539
13,0.2857142857142857,0.5952380952380952,0.11904761904761904,0.0
14,0.0,0.25,0.5,0.25
15,0.5555555555555556,0.0,0.0,0.4444444444444444
16,0.0,0.0,0.65,0.35
17,0.5434782608695652,0.0,0.1956521739130435,0.2608695652173913
18,0.4,0.4,0.0,0.2
19,0.2571428571428571,0.6,0.0,0.14285714285714285
20,0.632183908045977,0.25287356321839083,0.0,0.11494252873563218
21,0.06299212598425197,0.13385826771653545,0.8031496062992126,0.0
22,0.0,0.3357142857142857,0.36428571428571427,0.3
23,0.2457627118644068,0.4406779661016949,0.3135593220338983,0.0
24,0.0,0.0749063670411985,0.700374531835206,0.2247191011235955
25,0.17573872472783825,0.6578538102643857,0.0,0.16640746500777606
26,0.2153209109730849,0.0,0.40993788819875776,0.3747412008281574
27,0.0,0.1274787535410765,0.7535410764872521,0.11898016997167139
28,0.35545023696682465,0.4834123222748815,0.0,0.16113744075829384
29,0.4786729857819905,0.0,0.3127962085308057,0.20853080568720378
30,0.2846153846153846,0.4846153846153846,0.0,0.23076923076923078
31,0.21294363256784968,0.6304801670146137,0.0,0.15657620041753653
32,0.3443708609271523,0.0,0.13245033112582782,0.5231788079470199
33,0.3383233532934132,0.26646706586826346,0.39520958083832336,0.0
34,0.0,0.35874439461883406,0.13452914798206278,0.5067264573991032
35,0.5378151260504201,0.0,0.20168067226890757,0.2605042016806723
36,0.2645161290322581,0.11612903225806452,0.0,0.6193548387096774
37,0.23553719008264462,0.2768595041322314,0.48760330578512395,0.0
38,0.0,0.4495798319327731,0.4369747899159664,0.1134453781512605
39,0.4318181818181818,0.09090909090909091,0.0,0.4772727272727273
40,0.36923076923076925,0.0,0.46153846153846156,0.16923076923076924
41,0.21428571428571427,0.0,0.7551020408163265,0.030612244897959183
42,0.4,0.4666666666666667,0.0,0.13333333333333333
43,0.3333333333333333,0.0,0.37037037037037035,0.2962962962962963
44,0.8604651162790697,0.11627906976744186,0.023255813953488372,0.0
45,0.47619047619047616,0.2857142857142857,0.0,0.23809523809523808
46,0.09090909090909091,0.0,0.8181818181818182,0.09090909090909091
47,0.0,0.3,0.7,0.0
48,0.0,0.9333333333333333,0.0,0.06666666666666667
49,0.9333333333333333,0.06666666666666667,0.0,0.0
50,0.0,1.0,0.0,0.0
51,0.0,0.0,1.0,0.0
52,,,,
53,,,,
