,A,C,G,T
0,,,,
1,,,,
2,1.0,0.0,0.0,0.0
3,0.0,0.0,0.6666666666666666,0.3333333333333333
4,0.3333333333333333,0.3333333333333333,0.3333333333333333,0.0
5,0.0,0.1111111111111111,0.8333333333333334,0.05555555555555555
6,0.0,0.2,0.6,0.2
7,0.13513513513513514,0.8648648648648649,0.0,0.0
8,0.0,0.15384615384615385,0.6923076923076923,0.15384615384615385
9,0.0,0.0,0.0,1.0
10,0.21212121212121213,0.0,0.5454545454545454,0.24242424242424243
11,0.4057971014492754,0.0,0.4927536231884058,0.10144927536231885
12,0.0,0.35443037974683544,0.35443037974683544,0.2911392405063291
13,,,,
14,0.32558139534883723,0.27906976744186046,0.3953488372093023,0.0
15,0.4107142857142857,0.0,0.21428571428571427,0.375
16,0.014492753623188406,0.0,0.782608695652174,0.2028985507246377
17,0.0,0.1308411214953271,0.5700934579439252,0.29906542056074764
18,0.0,0.3103448275862069,0.6379310344827587,0.05172413793103448
19,0.0,0.35,0.475,0.175
20,0.0,0.4,0.5,0.1
21,0.0,0.33098591549295775,0.07746478873239436,0.5915492957746479
22,0.29411764705882354,0.11764705882352941,0.5882352941176471,0.0
23,0.75,0.0,0.019230769230769232,0.23076923076923078
24,0.0,0.16666666666666666,0.0,0.8333333333333334
25,0.1,0.55,0.35,0.0
26,0.0,0.3953488372093023,0.20930232558139536,0.3953488372093023
27,0.0,0.4166666666666667,0.5,0.08333333333333333
28,0.2,0.2,0.6,0.0
29,0.0,0.47058823529411764,0.29411764705882354,0.23529411764705882
30,0.6271186440677966,0.0,0.01694915254237288,0.3559322033898305
31,0.17647058823529413,0.16470588235294117,0.0,0.6588235294117647
32,0.72,0.16,0.12,0.0
33,0.0,0.4,0.21428571428571427,0.38571428571428573
34,0.045454545454545456,0.5454545454545454,0.4090909090909091,0.0
35,0.30597014925373134,0.23880597014925373,0.4552238805970149,0.0
36,0.0,0.4,0.21081081081081082,0.3891891891891892
37,0.2857142857142857,0.07142857142857142,0.6428571428571429,0.0
38,0.37894736842105264,0.042105263157894736,0.0,0.5789473684210527
39,0.0,0.11029411764705882,0.7794117647058824,0.11029411764705882
40,0.42342342342342343,0.37537537537537535,0.2012012012012012,0.0
41,0.15025906735751296,0.44041450777202074,0.40932642487046633,0.0
42,0.3890577507598784,0.40425531914893614,0.2066869300911854,0.0
43,0.3008849557522124,0.4407079646017699,0.2584070796460177,0.0
44,0.17550274223034734,0.3053016453382084,0.5191956124314442,0.0
45,0.08447488584474885,0.547945205479452,0.0,0.3675799086757991
46,0.27488151658767773,0.4075829383886256,0.0,0.3175355450236967
47,0.0,0.22405271828665568,0.5387149917627677,0.2372322899505766
48,0.8157894736842105,0.0,0.0,0.18421052631578946
49,0.22417582417582418,0.432967032967033,0.34285714285714286,0.0
50,0.29923273657289,0.30179028132992325,0.0,0.3989769820971867
51,0.3230174081237911,0.5029013539651838,0.0,0.17408123791102514
52,0.18128654970760233,0.5087719298245614,0.30994152046783624,0.0
53,0.19391634980988592,0.6159695817490495,0.19011406844106463,0.0
54,0.0,0.3972602739726027,0.2773972602739726,0.3253424657534247
55,0.33613445378151263,0.5798319327731093,0.08403361344537816,0.0
56,0.1518987341772152,0.34177215189873417,0.5063291139240507,0.0
57,0.0,0.26666666666666666,0.23333333333333334,0.5
58,0.17142857142857143,0.7428571428571429,0.08571428571428572,0.0
59,0.0,0.6829268292682927,0.14634146341463414,0.17073170731707318
60,0.47368421052631576,0.0,0.15789473684210525,0.3684210526315789
61,0.13333333333333333,0.0,0.7333333333333333,0.13333333333333333
62,0.2222222222222222,0.5555555555555556,0.0,0.2222222222222222
63,0.0,1.0,0.0,0.0
64,0.5,0.16666666666666666,0.3333333333333333,0.0
65,0.0,1.0,0.0,0.0
66,0.0,1.0,0.0,0.0
67,0.0,0.0,0.25,0.75
68,0.0,0.6666666666666666,0.0,0.3333333333333333
69,0.0,1.0,0.0,0.0
70,0.0,0.0,0.0,1.0
71,0.0,0.0,1.0,0.0
72,0.0,0.0,1.0,0.0
73,1.0,0.0,0.0,0.0
74,,,,
75,,,,
76,,,,
77,1.0,0.0,0.0,0.0
78,,,,
79,,,,
80,,,,
81,,,,
82,,,,
83,,,,
84,,,,
85,,,,
86,,,,
87,,,,
88,,,,
89,,,,
90,,,,
91,,,,
92,,,,
