,A,C,G,T
0,,,,
1,,,,
2,0.0,0.25,0.25,0.5
3,0.0,0.42857142857142855,0.0,0.5714285714285714
4,0.5789473684210527,0.0,0.42105263157894735,0.0
5,0.15,0.1,0.75,0.0
6,0.0,0.11851851851851852,0.8296296296296296,0.05185185185185185
7,0.11428571428571428,0.02857142857142857,0.0,0.8571428571428571
8,0.3333333333333333,0.0,0.48484848484848486,0.18181818181818182
9,0.0,0.5304347826086957,0.3826086956521739,0.08695652173913043
10,0.6,0.0,0.03333333333333333,0.36666666666666664
11,0.2608695652173913,0.0,0.5652173913043478,0.17391304347826086
12,0.0,0.14285714285714285,0.017857142857142856,0.8392857142857143
13,0.2740740740740741,0.35555555555555557,0.37037037037037035,0.0
14,0.0,0.26778242677824265,0.5062761506276151,0.22594142259414227
15,0.23636363636363636,0.3090909090909091,0.0,0.45454545454545453
16,0.40625,0.203125,0.390625,0.0
17,0.42696629213483145,0.0,0.3258426966292135,0.24719101123595505
18,0.0,0.24277456647398843,0.5028901734104047,0.2543352601156069
19,0.5485714285714286,0.2,0.25142857142857145,0.0
20,0.13541666666666666,0.5625,0.0,0.3020833333333333
21,0.0,0.4717607973421927,0.3588039867109635,0.16943521594684385
22,0.46417445482866043,0.0,0.2118380062305296,0.32398753894080995
23,0.5292740046838408,0.28337236533957844,0.1873536299765808,0.0
24,0.0,0.33678756476683935,0.23056994818652848,0.4326424870466321
25,0.1111111111111111,0.2222222222222222,0.6666666666666666,0.0
26,0.2868217054263566,0.24031007751937986,0.0,0.4728682170542636
27,0.6788990825688074,0.22477064220183487,0.0,0.0963302752293578
28,0.12534818941504178,0.24233983286908078,0.6323119777158774,0.0
29,0.32460732984293195,0.43455497382198954,0.0,0.24083769633507854
30,0.4979919678714859,0.0,0.19678714859437751,0.30522088353413657
31,0.1076555023923445,0.4904306220095694,0.4019138755980861,0.0
32,0.0,0.40384615384615385,0.25,0.34615384615384615
33,0.0,0.46825396825396826,0.38095238095238093,0.15079365079365079
34,0.3050847457627119,0.0,0.3389830508474576,0.3559322033898305
35,0.34328358208955223,0.07462686567164178,0.582089552238806,0.0
36,0.0,0.1724137931034483,0.3103448275862069,0.5172413793103449
37,0.5714285714285714,0.0,0.17857142857142858,0.25
38,0.23076923076923078,0.3076923076923077,0.0,0.46153846153846156
39,0.32432432432432434,0.4594594594594595,0.21621621621621623,0.0
40,0.0,0.17647058823529413,0.17647058823529413,0.6470588235294118
41,0.21428571428571427,0.35714285714285715,0.0,0.42857142857142855
42,0.8333333333333334,0.08333333333333333,0.08333333333333333,0.0
43,0.0,0.125,0.875,0.0
44,0.0,0.041666666666666664,0.875,0.08333333333333333
45,0.3333333333333333,0.0,0.0,0.6666666666666666
46,0.4166666666666667,0.0,0.0,0.5833333333333334
47,0.0,1.0,0.0,0.0
48,1.0,0.0,0.0,0.0
49,,,,
50,0.0,1.0,0.0,0.0
51,,,,
52,,,,
53,0.0,0.0,0.0,1.0
54,,,,
55,,,,
56,,,,
