,A,C,G,T
0,,,,
1,,,,
2,,,,
3,1.0,0.0,0.0,0.0
4,0.0,0.0,1.0,0.0
5,0.0,0.0,1.0,0.0
6,0.25287356321839083,0.0,0.4367816091954023,0.3103448275862069
7,0.3333333333333333,0.0,0.5555555555555556,0.1111111111111111
8,0.0,0.0,0.0,1.0
9,0.2833333333333333,0.35,0.0,0.36666666666666664
10,0.46296296296296297,0.14814814814814814,0.3888888888888889,0.0
11,0.34265734265734266,0.09090909090909091,0.5664335664335665,0.0
12,0.0,0.5,0.0,0.5
13,0.14285714285714285,0.6428571428571429,0.21428571428571427,0.0
14,0.0,0.15,0.5,0.35
15,0.5952380952380952,0.0,0.2857142857142857,0.11904761904761904
16,0.2619047619047619,0.0,0.2857142857142857,0.4523809523809524
17,0.47058823529411764,0.35294117647058826,0.0,0.17647058823529413
18,0.3564356435643564,0.2871287128712871,0.0,0.3564356435643564
19,0.25301204819277107,0.2710843373493976,0.4759036144578313,0.0
20,0.0,0.4,0.35294117647058826,0.24705882352941178
21,0.6666666666666666,0.0,0.3333333333333333,0.0
22,0.0,0.3387096774193548,0.5645161290322581,0.0967741935483871
23,0.0,0.3156498673740053,0.3156498673740053,0.3687002652519894
24,0.07643312101910828,0.0,0.33121019108280253,0.5923566878980892
25,0.4166666666666667,0.06666666666666667,0.5166666666666667,0.0
26,0.14634146341463414,0.10569105691056911,0.0,0.7479674796747967
27,0.25,0.5096153846153846,0.0,0.2403846153846154
28,0.0,0.10336538461538461,0.7764423076923077,0.1201923076923077
29,0.0,0.2694610778443114,0.6227544910179641,0.10778443113772455
30,0.3062200956937799,0.0,0.28708133971291866,0.40669856459330145
31,0.0,0.7142857142857143,0.0,0.2857142857142857
32,0.0,0.16666666666666666,0.3611111111111111,0.4722222222222222
33,0.4666666666666667,0.0,0.2,0.3333333333333333
34,0.0,0.5833333333333334,0.0,0.4166666666666667
35,0.5689655172413793,0.06896551724137931,0.3620689655172414,0.0
36,0.0,0.0,0.6363636363636364,0.36363636363636365
37,0.3333333333333333,0.16666666666666666,0.0,0.5
38,0.7777777777777778,0.1111111111111111,0.1111111111111111,0.0
39,0.4090909090909091,0.5454545454545454,0.045454545454545456,0.0
40,0.9,0.0,0.1,0.0
41,0.0,0.0,0.8888888888888888,0.1111111111111111
42,0.0,0.1,0.1,0.8
43,0.36363636363636365,0.36363636363636365,0.0,0.2727272727272727
44,0.5,0.25,0.25,0.0
45,,,,
46,,,,
47,,,,
48,,,,
49,,,,
50,,,,
