,A,C,G,T
0,,,,
1,,,,
2,0.0,0.15625,0.21875,0.625
3,0.5769230769230769,0.19230769230769232,0.0,0.23076923076923078
4,0.1927710843373494,0.012048192771084338,0.7951807228915663,0.0
5,0.12903225806451613,0.1935483870967742,0.6774193548387096,0.0
6,0.0,0.21739130434782608,0.2608695652173913,0.5217391304347826
7,0.25,0.0,0.25,0.5
8,0.5294117647058824,0.04411764705882353,0.4264705882352941,0.0
9,0.225,0.475,0.0,0.3
10,0.1276595744680851,0.3191489361702128,0.5531914893617021,0.0
11,0.0,0.2345132743362832,0.5973451327433629,0.168141592920354
12,0.3793103448275862,0.4942528735632184,0.0,0.12643678160919541
13,0.45871559633027525,0.10091743119266056,0.44036697247706424,0.0
14,0.20224719101123595,0.0,0.6629213483146067,0.1348314606741573
15,0.0,0.2819548872180451,0.42857142857142855,0.2894736842105263
16,0.4294117647058823,0.15294117647058825,0.4176470588235294,0.0
17,0.09565217391304348,0.5565217391304348,0.0,0.34782608695652173
18,0.0,0.5,0.20982142857142858,0.29017857142857145
19,0.3225806451612903,0.0,0.27956989247311825,0.3978494623655914
20,0.44264943457189015,0.2455573505654281,0.31179321486268174,0.0
21,0.0,0.19074074074074074,0.2518518518518518,0.5574074074074075
22,0.1569767441860465,0.0,0.22674418604651161,0.6162790697674418
23,0.0,0.13066202090592335,0.7526132404181185,0.11672473867595819
24,0.3347457627118644,0.4957627118644068,0.0,0.1694915254237288
25,0.3395061728395062,0.5411522633744856,0.11934156378600823,0.0
26,0.0,0.12824010914051842,0.7899045020463847,0.08185538881309687
27,0.0,0.5051194539249146,0.35494880546075086,0.13993174061433447
28,0.15144230769230768,0.0,0.22596153846153846,0.6225961538461539
29,0.3177570093457944,0.4174454828660436,0.26479750778816197,0.0
30,0.0,0.21524663677130046,0.11210762331838565,0.672645739910314
31,0.19791666666666666,0.0,0.03125,0.7708333333333334
32,0.3561643835616438,0.3561643835616438,0.0,0.2876712328767123
33,0.37104072398190047,0.25339366515837103,0.3755656108597285,0.0
34,0.0,0.45454545454545453,0.36363636363636365,0.18181818181818182
35,0.0,0.3142857142857143,0.0,0.6857142857142857
36,0.2,0.08,0.72,0.0
37,0.18181818181818182,0.18181818181818182,0.6363636363636364,0.0
38,0.0,0.045454545454545456,0.2727272727272727,0.6818181818181818
39,0.16666666666666666,0.0,0.0,0.8333333333333334
40,,,,
41,0.0,0.5,0.0,0.5
42,0.7,0.1,0.2,0.0
43,0.0,0.0,1.0,0.0
44,,,,
45,0.0,1.0,0.0,0.0
46,,,,
47,,,,
