,A,C,G,T
0,,,,
1,,,,
2,,,,
3,0.0,0.3709677419354839,0.3870967741935484,0.24193548387096775
4,0.25,0.7045454545454546,0.045454545454545456,0.0
5,0.0,0.1232876712328767,0.7191780821917808,0.15753424657534246
6,0.25,0.11206896551724138,0.0,0.6379310344827587
7,0.14393939393939395,0.0,0.44696969696969696,0.4090909090909091
8,0.0,0.23076923076923078,0.7307692307692307,0.038461538461538464
9,0.6065573770491803,0.3524590163934426,0.0,0.040983606557377046
10,0.40816326530612246,0.0,0.3469387755102041,0.24489795918367346
11,0.6,0.35789473684210527,0.042105263157894736,0.0
12,0.1,0.7,0.0,0.2
13,0.13636363636363635,0.5909090909090909,0.0,0.2727272727272727
14,0.2765957446808511,0.2553191489361702,0.46808510638297873,0.0
15,0.0,0.3076923076923077,0.46153846153846156,0.23076923076923078
16,0.0,0.0,0.9411764705882353,0.058823529411764705
17,0.6666666666666666,0.3333333333333333,0.0,0.0
18,,,,
19,,,,
20,0.0,0.0,1.0,0.0
21,0.0,0.0,0.0,1.0
22,,,,
23,,,,
24,,,,
25,,,,
26,,,,
27,0.0,0.6666666666666666,0.3333333333333333,0.0
28,1.0,0.0,0.0,0.0
29,0.0,0.0,1.0,0.0
30,0.7692307692307693,0.07692307692307693,0.15384615384615385,0.0
31,0.0,0.23333333333333334,0.23333333333333334,0.5333333333333333
32,0.2222222222222222,0.7777777777777778,0.0,0.0
33,0.38461538461538464,0.5897435897435898,0.0,0.02564102564102564
34,0.0,0.2568493150684932,0.3527397260273973,0.3904109589041096
35,0.17763157894736842,0.29605263157894735,0.5263157894736842,0.0
36,0.0,0.17582417582417584,0.12637362637362637,0.6978021978021978
37,0.09933774834437085,0.7615894039735099,0.1390728476821192,0.0
38,0.12962962962962962,0.12962962962962962,0.7407407407407407,0.0
39,0.6463414634146342,0.14634146341463414,0.0,0.2073170731707317
40,0.08547008547008547,0.7564102564102564,0.1581196581196581,0.0
41,0.0,0.22807017543859648,0.6762360446570973,0.09569377990430622
42,0.2289156626506024,0.5120481927710844,0.0,0.25903614457831325
43,0.33832976445396146,0.4989293361884368,0.16274089935760172,0.0
44,0.0,0.17398373983739837,0.6796747967479675,0.14634146341463414
45,0.32715477293790546,0.5987025023169601,0.0,0.07414272474513438
46,0.2713815789473684,0.4407894736842105,0.2878289473684211,0.0
47,0.0,0.2549203373945642,0.549203373945642,0.1958762886597938
48,0.23421588594704684,0.0,0.32077393075356414,0.445010183299389
49,0.19444444444444445,0.0,0.4305555555555556,0.375
50,0.0,0.18363273453093812,0.654690618762475,0.16167664670658682
51,0.4625796178343949,0.3980891719745223,0.0,0.1393312101910828
52,0.10248447204968944,0.0,0.3198757763975155,0.577639751552795
53,0.27419354838709675,0.3333333333333333,0.3924731182795699,0.0
54,0.3076923076923077,0.332579185520362,0.0,0.3597285067873303
55,0.17905918057663125,0.0,0.19878603945371776,0.622154779969651
56,0.14204545454545456,0.5738636363636364,0.2840909090909091,0.0
57,0.0,0.3684210526315789,0.23308270676691728,0.39849624060150374
58,0.1542056074766355,0.616822429906542,0.22897196261682243,0.0
59,0.0,0.4878048780487805,0.0,0.5121951219512195
60,0.26353790613718414,0.0,0.19133574007220217,0.5451263537906137
61,0.2544642857142857,0.0,0.5446428571428571,0.20089285714285715
62,0.4122137404580153,0.3435114503816794,0.0,0.24427480916030533
63,0.35374149659863946,0.4217687074829932,0.0,0.22448979591836735
64,0.47368421052631576,0.0,0.5263157894736842,0.0
65,0.0,0.1686746987951807,0.21686746987951808,0.6144578313253012
66,0.04918032786885246,0.6229508196721312,0.32786885245901637,0.0
67,0.0,0.08333333333333333,0.6602564102564102,0.2564102564102564
68,0.3,0.55,0.0,0.15
69,0.36923076923076925,0.0,0.47692307692307695,0.15384615384615385
70,0.0,0.41025641025641024,0.5128205128205128,0.07692307692307693
71,0.21212121212121213,0.7272727272727273,0.0,0.06060606060606061
72,0.16216216216216217,0.0,0.2972972972972973,0.5405405405405406
73,0.5,0.17391304347826086,0.32608695652173914,0.0
74,0.0,0.9333333333333333,0.0,0.06666666666666667
75,0.4,0.6,0.0,0.0
76,0.07142857142857142,0.7142857142857143,0.21428571428571427,0.0
77,0.0,0.5454545454545454,0.18181818181818182,0.2727272727272727
78,0.0,0.0,0.3333333333333333,0.6666666666666666
79,0.0,1.0,0.0,0.0
80,0.0,0.75,0.0,0.25
81,,,,
82,,,,
83,0.0,1.0,0.0,0.0
84,,,,
85,,,,
86,,,,
87,,,,
88,,,,
89,,,,
90,,,,
91,,,,
92,,,,
