,A,C,G,T
0,,,,
1,,,,
2,0.0,0.25,0.25,0.5
3,0.12,0.8,0.0,0.08
4,0.14093959731543623,0.06040268456375839,0.7986577181208053,0.0
5,0.0,0.17518248175182483,0.5291970802919708,0.2956204379562044
6,0.15384615384615385,0.5164835164835165,0.0,0.32967032967032966
7,0.20218579234972678,0.0,0.73224043715847,0.06557377049180328
8,0.22556390977443608,0.2819548872180451,0.4924812030075188,0.0
9,0.1329479768786127,0.0,0.35260115606936415,0.5144508670520231
10,0.0954356846473029,0.0,0.2987551867219917,0.6058091286307054
11,0.2692307692307692,0.0,0.2692307692307692,0.46153846153846156
12,0.0,0.37254901960784315,0.10644257703081232,0.5210084033613446
13,0.4297520661157025,0.0,0.1487603305785124,0.4214876033057851
14,0.14960629921259844,0.2283464566929134,0.6220472440944882,0.0
15,0.0,0.2830188679245283,0.16037735849056603,0.5566037735849056
16,0.24719101123595505,0.48314606741573035,0.2696629213483146,0.0
17,0.0,0.45394736842105265,0.21052631578947367,0.3355263157894737
18,0.20300751879699247,0.0,0.5112781954887218,0.2857142857142857
19,0.18633540372670807,0.0,0.36024844720496896,0.453416149068323
20,0.35824175824175825,0.45494505494505494,0.0,0.18681318681318682
21,0.3293172690763052,0.4457831325301205,0.0,0.2248995983935743
22,0.2740021574973031,0.2664509169363538,0.459546925566343,0.0
23,0.0,0.2982261640798226,0.2827050997782705,0.4190687361419069
24,0.21447253705318223,0.6155187445510026,0.17000871839581516,0.0
25,0.0,0.24066666666666667,0.5526666666666666,0.20666666666666667
26,0.19387343812978639,0.4163643692059653,0.0,0.3897621926642483
27,0.3015783540022548,0.23167981961668546,0.46674182638105977,0.0
28,0.24782067247820672,0.2577833125778331,0.0,0.4943960149439601
29,0.46419098143236076,0.2696728558797524,0.0,0.2661361626878868
30,0.36723672367236726,0.5265526552655265,0.0,0.10621062106210621
31,0.0,0.2430858806404658,0.6746724890829694,0.08224163027656478
32,0.33976344691636157,0.5287243030132357,0.0,0.1315122500704027
33,0.16326530612244897,0.0,0.4106000609198903,0.4261346329576607
34,0.2969534650150653,0.4238366253766321,0.27920990960830266,0.0
35,0.0,0.3132183908045977,0.18563218390804598,0.5011494252873563
36,0.12239583333333333,0.0,0.4049479166666667,0.47265625
37,0.3002028397565923,0.3711967545638945,0.3286004056795132,0.0
38,0.0,0.2299168975069252,0.3268698060941828,0.44321329639889195
39,0.27358490566037735,0.0,0.4339622641509434,0.29245283018867924
40,0.3282442748091603,0.31297709923664124,0.0,0.35877862595419846
41,0.2827586206896552,0.23448275862068965,0.4827586206896552,0.0
42,0.0,0.3333333333333333,0.5271317829457365,0.13953488372093023
43,0.375,0.53125,0.0,0.09375
44,0.05785123966942149,0.32231404958677684,0.6198347107438017,0.0
45,0.0,0.07407407407407407,0.3611111111111111,0.5648148148148148
46,0.5384615384615384,0.46153846153846156,0.0,0.0
47,0.4222222222222222,0.0,0.2222222222222222,0.35555555555555557
48,0.6129032258064516,0.06451612903225806,0.3225806451612903,0.0
49,0.10256410256410256,0.0,0.3333333333333333,0.5641025641025641
50,0.0,0.0,0.4,0.6
51,0.5588235294117647,0.0,0.20588235294117646,0.23529411764705882
52,0.0,0.0,0.0,1.0
53,0.16666666666666666,0.0,0.5,0.3333333333333333
54,,,,
55,,,,
56,,,,
57,,,,
58,,,,
59,,,,
