,A,C,G,T
0,,,,
1,,,,
2,0.030303030303030304,0.12121212121212122,0.8484848484848485,0.0
3,0.0,0.18421052631578946,0.21052631578947367,0.6052631578947368
4,0.041666666666666664,0.9583333333333334,0.0,0.0
5,0.0,0.20588235294117646,0.6176470588235294,0.17647058823529413
6,0.0,0.24183006535947713,0.23529411764705882,0.5228758169934641
7,0.12532637075718014,0.7545691906005222,0.12010443864229765,0.0
8,0.0,0.05042016806722689,0.5756302521008403,0.3739495798319328
9,0.0,0.46601941747572817,0.1553398058252427,0.3786407766990291
10,0.10054347826086957,0.0,0.3125,0.5869565217391305
11,0.32978723404255317,0.5,0.1702127659574468,0.0
12,0.15853658536585366,0.0,0.3130081300813008,0.5284552845528455
13,0.2847222222222222,0.0,0.4930555555555556,0.2222222222222222
14,0.4970414201183432,0.0,0.23668639053254437,0.26627218934911245
15,0.6296296296296297,0.0,0.19444444444444445,0.17592592592592593
16,0.32608695652173914,0.3695652173913043,0.0,0.30434782608695654
17,0.0,0.30412371134020616,0.6237113402061856,0.07216494845360824
18,0.0,0.44583333333333336,0.3541666666666667,0.2
19,0.5714285714285714,0.0,0.15476190476190477,0.27380952380952384
20,0.2717391304347826,0.0,0.2717391304347826,0.45652173913043476
21,0.0,0.2727272727272727,0.21818181818181817,0.509090909090909
22,0.11702127659574468,0.3191489361702128,0.5638297872340425,0.0
23,0.0,0.13095238095238096,0.8452380952380952,0.023809523809523808
24,0.18811881188118812,0.7227722772277227,0.0,0.0891089108910891
25,0.17391304347826086,0.17391304347826086,0.6521739130434783,0.0
26,0.0,0.0821917808219178,0.7534246575342466,0.1643835616438356
27,0.0,0.225,0.675,0.1
28,0.17733990147783252,0.4088669950738916,0.41379310344827586,0.0
29,0.0,0.2994652406417112,0.12299465240641712,0.5775401069518716
30,0.3408360128617363,0.0,0.2958199356913183,0.3633440514469453
31,0.3445287107258938,0.3120260021668472,0.0,0.3434452871072589
32,0.3490276356192426,0.24974411463664278,0.40122824974411464,0.0
33,0.0,0.21481028151774786,0.29008567931456547,0.49510403916768664
34,0.1173974540311174,0.7736916548797736,0.10891089108910891,0.0
35,0.20115243583027764,0.5044525929806182,0.29439497118910424,0.0
36,0.0,0.323172970987881,0.12926918839515242,0.5475578406169666
37,0.09471890971039182,0.0,0.1303236797274276,0.7749574105621806
38,0.288974606235937,0.4259080681452909,0.2851173256187721,0.0
39,0.0,0.3758651820643996,0.17614605276356707,0.4479887651720333
40,0.1740855002203614,0.628911414720141,0.19700308505949757,0.0
41,0.5109748224661071,0.2979341510652034,0.0,0.19109102646868947
42,0.48830151737640726,0.39481155163974546,0.0,0.11688693098384728
43,0.18356734269370775,0.43512740509620385,0.38130525221008843,0.0
44,0.18165613352779128,0.40155566358774913,0.41678820288445956,0.0
45,0.1558960692871419,0.0,0.2938041305796136,0.5502998001332445
46,0.7535315484999328,0.1010359208933136,0.0,0.14543253060675368
47,0.3562585969738652,0.37854195323246215,0.0,0.2651994497936726
48,0.4991755005889282,0.30247349823321557,0.0,0.1983510011778563
49,0.5267838238407792,0.3601524454795681,0.0,0.11306373067965277
50,0.0,0.282068730860837,0.581150051037768,0.13678121810139504
51,0.3648002354499301,0.5407254800971231,0.0,0.0944742844529468
52,0.2593856655290102,0.45847554038680316,0.2821387940841866,0.0
53,0.25141664181330153,0.5073068893528184,0.2412764688338801,0.0
54,0.0,0.37496760818864994,0.2311479657942472,0.3938844260171029
55,0.10388247639034627,0.757607555089192,0.1385099685204617,0.0
56,0.23792093704245973,0.47144948755490484,0.29062957540263545,0.0
57,0.0,0.326007326007326,0.21245421245421245,0.46153846153846156
58,0.12244897959183673,0.6802721088435374,0.19727891156462585,0.0
59,0.0,0.27035330261136714,0.5145929339477726,0.21505376344086022
60,0.0,0.4612676056338028,0.2640845070422535,0.2746478873239437
61,0.2561576354679803,0.0,0.3448275862068966,0.39901477832512317
62,0.19170984455958548,0.24352331606217617,0.0,0.5647668393782384
63,0.44545454545454544,0.32727272727272727,0.22727272727272727,0.0
64,0.3220338983050847,0.15254237288135594,0.5254237288135594,0.0
65,0.0,0.17391304347826086,0.30434782608695654,0.5217391304347826
66,0.5,0.3333333333333333,0.16666666666666666,0.0
67,0.0,0.28125,0.59375,0.125
68,0.0,0.17142857142857143,0.6857142857142857,0.14285714285714285
69,0.04477611940298507,0.9402985074626866,0.014925373134328358,0.0
70,0.0,0.047619047619047616,0.19047619047619047,0.7619047619047619
71,0.0,0.9230769230769231,0.07692307692307693,0.0
72,0.0,0.0,0.13636363636363635,0.8636363636363636
73,0.75,0.0,0.25,0.0
74,0.0,0.0,0.0,1.0
75,0.0,0.0,1.0,0.0
76,0.0,0.0,0.6666666666666666,0.3333333333333333
77,,,,
78,0.1,0.9,0.0,0.0
79,0.0,0.0,1.0,0.0
80,,,,
81,,,,
82,,,,
83,,,,
84,,,,
85,,,,
86,,,,
87,,,,
88,,,,
89,,,,
90,,,,
91,,,,
92,,,,
