,A,C,G,T
0,,,,
1,,,,
2,,,,
3,,,,
4,,,,
5,,,,
6,,,,
7,,,,
8,,,,
9,,,,
10,,,,
11,,,,
12,,,,
13,,,,
14,0.0,0.0,1.0,0.0
15,0.0,0.0,0.0,1.0
16,0.0,0.0,0.0,1.0
17,0.5,0.0,0.5,0.0
18,0.0,1.0,0.0,0.0
19,0.4,0.0,0.4,0.2
20,0.8333333333333334,0.0,0.16666666666666666,0.0
21,0.0,0.4,0.3333333333333333,0.26666666666666666
22,0.16666666666666666,0.0,0.0,0.8333333333333334
23,0.0,0.3333333333333333,0.4166666666666667,0.25
24,0.0,0.3384615384615385,0.2,0.46153846153846156
25,0.1276595744680851,0.48936170212765956,0.3829787234042553,0.0
26,0.0,0.17391304347826086,0.391304347826087,0.43478260869565216
27,0.494949494949495,0.29292929292929293,0.21212121212121213,0.0
28,0.19827586206896552,0.0,0.11206896551724138,0.6896551724137931
29,0.5825688073394495,0.0,0.17889908256880735,0.23853211009174313
30,0.0,0.6384180790960452,0.3615819209039548,0.0
31,0.0,0.14285714285714285,0.8571428571428571,0.0
32,0.35714285714285715,0.35714285714285715,0.0,0.2857142857142857
33,0.43414634146341463,0.2682926829268293,0.0,0.2975609756097561
34,0.0,0.12432432432432433,0.6972972972972973,0.1783783783783784
35,0.3079019073569482,0.34332425068119893,0.34877384196185285,0.0
36,0.0,0.4343065693430657,0.31386861313868614,0.2518248175182482
37,0.05660377358490566,0.7971698113207547,0.14622641509433962,0.0
38,0.15853658536585366,0.3048780487804878,0.5365853658536586,0.0
39,0.34234234234234234,0.08108108108108109,0.0,0.5765765765765766
40,0.0743801652892562,0.731404958677686,0.19421487603305784,0.0
41,0.0,0.38144329896907214,0.4639175257731959,0.15463917525773196
42,0.2356828193832599,0.6299559471365639,0.0,0.1343612334801762
43,0.19791666666666666,0.6666666666666666,0.13541666666666666,0.0
44,0.0,0.1518324607329843,0.6649214659685864,0.18324607329842932
45,0.2425249169435216,0.43521594684385384,0.0,0.3222591362126246
46,0.44680851063829785,0.3829787234042553,0.1702127659574468,0.0
47,0.0,0.125,0.6409090909090909,0.2340909090909091
48,0.5132743362831859,0.0,0.21238938053097345,0.2743362831858407
49,0.3877551020408163,0.0,0.21428571428571427,0.3979591836734694
50,0.0,0.02857142857142857,0.7428571428571429,0.22857142857142856
51,0.5039370078740157,0.3779527559055118,0.0,0.11811023622047244
52,0.15853658536585366,0.0,0.25609756097560976,0.5853658536585366
53,0.7037037037037037,0.18518518518518517,0.1111111111111111,0.0
54,0.6190476190476191,0.23809523809523808,0.0,0.14285714285714285
55,0.06818181818181818,0.0,0.09090909090909091,0.8409090909090909
56,0.13333333333333333,0.8,0.06666666666666667,0.0
57,0.0,0.5625,0.34375,0.09375
58,0.8333333333333334,0.16666666666666666,0.0,0.0
59,0.0,0.5,0.0,0.5
60,0.18181818181818182,0.0,0.18181818181818182,0.6363636363636364
61,0.3333333333333333,0.0,0.6666666666666666,0.0
62,,,,
63,1.0,0.0,0.0,0.0
64,,,,
65,,,,
66,,,,
67,,,,
68,,,,
69,,,,
70,,,,
71,,,,
72,,,,
73,,,,
74,,,,
75,,,,
76,,,,
77,,,,
78,,,,
79,,,,
80,,,,
81,,,,
82,,,,
83,,,,
84,,,,
85,,,,
86,,,,
87,,,,
88,,,,
89,,,,
90,,,,
91,,,,
92,,,,
