,A,C,G,T
0,,,,
1,,,,
2,,,,
3,,,,
4,,,,
5,,,,
6,,,,
7,,,,
8,,,,
9,0.0,1.0,0.0,0.0
10,,,,
11,,,,
12,0.0,1.0,0.0,0.0
13,0.0,0.0,0.0,1.0
14,0.0,0.0,1.0,0.0
15,0.3333333333333333,0.0,0.3333333333333333,0.3333333333333333
16,0.14285714285714285,0.0,0.42857142857142855,0.42857142857142855
17,0.0,0.11764705882352941,0.7647058823529411,0.11764705882352941
18,0.0,0.056074766355140186,0.34579439252336447,0.5981308411214953
19,0.0,0.5180722891566265,0.25301204819277107,0.2289156626506024
20,0.0,0.2345679012345679,0.7037037037037037,0.06172839506172839
21,0.0,0.29213483146067415,0.5056179775280899,0.20224719101123595
22,0.2535211267605634,0.18309859154929578,0.5633802816901409,0.0
23,0.7037037037037037,0.0,0.0,0.2962962962962963
24,0.2631578947368421,0.0,0.0,0.7368421052631579
25,0.3113207547169811,0.2830188679245283,0.4056603773584906,0.0
26,0.0,0.2857142857142857,0.6703296703296703,0.04395604395604396
27,0.0,0.13333333333333333,0.4666666666666667,0.4
28,0.2647058823529412,0.2647058823529412,0.47058823529411764,0.0
29,0.0,0.08695652173913043,0.2391304347826087,0.6739130434782609
30,0.3333333333333333,0.0,0.4444444444444444,0.2222222222222222
31,0.6521739130434783,0.06956521739130435,0.0,0.2782608695652174
32,0.3953488372093023,0.11627906976744186,0.4883720930232558,0.0
33,0.0,0.3939393939393939,0.21212121212121213,0.3939393939393939
34,0.35135135135135137,0.2702702702702703,0.3783783783783784,0.0
35,0.23529411764705882,0.35294117647058826,0.4117647058823529,0.0
36,0.0,0.06557377049180328,0.3551912568306011,0.5792349726775956
37,0.4755244755244755,0.09090909090909091,0.0,0.43356643356643354
38,0.6666666666666666,0.0,0.0,0.3333333333333333
39,0.0,0.4143646408839779,0.46408839779005523,0.12154696132596685
40,0.18867924528301888,0.279874213836478,0.5314465408805031,0.0
41,0.24087591240875914,0.41605839416058393,0.34306569343065696,0.0
42,0.30952380952380953,0.3333333333333333,0.35714285714285715,0.0
43,0.45454545454545453,0.34965034965034963,0.1958041958041958,0.0
44,0.21138211382113822,0.3170731707317073,0.4715447154471545,0.0
45,0.15584415584415584,0.4805194805194805,0.0,0.36363636363636365
46,0.5348837209302325,0.18604651162790697,0.0,0.27906976744186046
47,0.0,0.23943661971830985,0.5915492957746479,0.16901408450704225
48,0.47560975609756095,0.43902439024390244,0.0,0.08536585365853659
49,0.20634920634920634,0.5079365079365079,0.2857142857142857,0.0
50,0.2,0.5777777777777777,0.0,0.2222222222222222
51,0.684931506849315,0.1780821917808219,0.0,0.136986301369863
52,0.3829787234042553,0.1702127659574468,0.44680851063829785,0.0
53,0.14814814814814814,0.7777777777777778,0.07407407407407407,0.0
54,0.0,0.13953488372093023,0.3488372093023256,0.5116279069767442
55,0.0,0.5555555555555556,0.4444444444444444,0.0
56,0.14285714285714285,0.8571428571428571,0.0,0.0
57,0.0,0.35,0.6,0.05
58,0.4,0.2,0.4,0.0
59,0.0,0.2,0.0,0.8
60,0.0,0.0,0.0,1.0
61,0.5,0.0,0.0,0.5
62,,,,
63,,,,
64,,,,
65,,,,
66,,,,
67,,,,
68,,,,
69,,,,
70,,,,
71,,,,
72,,,,
73,,,,
74,,,,
75,,,,
76,,,,
77,,,,
78,,,,
79,,,,
80,,,,
81,,,,
82,,,,
83,,,,
84,,,,
85,,,,
86,,,,
87,,,,
88,,,,
89,,,,
90,,,,
91,,,,
92,,,,
