,A,C,G,T
0,,,,
1,,,,
2,0.0,0.48484848484848486,0.18181818181818182,0.3333333333333333
3,0.3142857142857143,0.4,0.0,0.2857142857142857
4,0.06666666666666667,0.03333333333333333,0.9,0.0
5,0.24,0.0,0.76,0.0
6,0.0,0.2692307692307692,0.6538461538461539,0.07692307692307693
7,0.4482758620689655,0.0,0.3103448275862069,0.2413793103448276
8,0.6413043478260869,0.0,0.358695652173913,0.0
9,0.019230769230769232,0.8461538461538461,0.0,0.1346153846153846
10,0.291044776119403,0.27611940298507465,0.43283582089552236,0.0
11,0.0,0.20851063829787234,0.7446808510638298,0.04680851063829787
12,0.19230769230769232,0.4423076923076923,0.0,0.36538461538461536
13,0.532608695652174,0.30434782608695654,0.16304347826086957,0.0
14,0.1483050847457627,0.0,0.4745762711864407,0.3771186440677966
15,0.0,0.2391304347826087,0.30434782608695654,0.45652173913043476
16,0.23969072164948454,0.2860824742268041,0.4742268041237113,0.0
17,0.22564102564102564,0.41025641025641024,0.0,0.3641025641025641
18,0.0,0.6481994459833795,0.27146814404432135,0.08033240997229917
19,0.3270852858481724,0.0,0.2849109653233365,0.3880037488284911
20,0.27909669947886506,0.38563983786913725,0.3352634626519977,0.0
21,0.0,0.2341101694915254,0.1550141242937853,0.6108757062146892
22,0.12873326467559218,0.0,0.15756951596292482,0.713697219361483
23,0.03426791277258567,0.4485981308411215,0.0,0.5171339563862928
24,0.41899109792284867,0.40415430267062313,0.0,0.1768545994065282
25,0.2918454935622318,0.3915116833571769,0.31664282308059133,0.0
26,0.02262443438914027,0.5678733031674208,0.0,0.4095022624434389
27,0.0,0.46153846153846156,0.32284382284382285,0.21561771561771562
28,0.49550286181520853,0.0,0.09811937857726902,0.4063777596075225
29,0.26423357664233577,0.38637469586374695,0.3493917274939173,0.0
30,0.0,0.3917525773195876,0.08394698085419734,0.524300441826215
31,0.1365079365079365,0.0,0.13968253968253969,0.7238095238095238
32,0.27442827442827444,0.3596673596673597,0.0,0.3659043659043659
33,0.25609756097560976,0.0782520325203252,0.665650406504065,0.0
34,0.0,0.358974358974359,0.358974358974359,0.28205128205128205
35,0.0673076923076923,0.5480769230769231,0.0,0.38461538461538464
36,0.17857142857142858,0.4107142857142857,0.4107142857142857,0.0
37,0.03333333333333333,0.0,0.7666666666666667,0.2
38,0.0,0.6477272727272727,0.26136363636363635,0.09090909090909091
39,0.75,0.0,0.25,0.0
40,0.28,0.0,0.72,0.0
41,0.5,0.5,0.0,0.0
42,0.06382978723404255,0.0425531914893617,0.8936170212765957,0.0
43,0.0,0.0,1.0,0.0
44,0.0,0.0,0.0,1.0
45,,,,
46,,,,
47,,,,
