,A,C,G,T
0,,,,
1,,,,
2,0.0,0.39285714285714285,0.15476190476190477,0.4523809523809524
3,0.3956043956043956,0.0,0.10989010989010989,0.4945054945054945
4,0.2,0.0,0.3230769230769231,0.47692307692307695
5,0.0,0.16312056737588654,0.3191489361702128,0.5177304964539007
6,0.35714285714285715,0.4714285714285714,0.0,0.17142857142857143
7,0.2585034013605442,0.0,0.4013605442176871,0.3401360544217687
8,0.48535564853556484,0.0,0.5146443514644351,0.0
9,0.0,0.8370967741935483,0.0,0.1629032258064516
10,0.22772277227722773,0.0,0.4158415841584158,0.3564356435643564
11,0.08552631578947369,0.041666666666666664,0.8728070175438597,0.0
12,0.09178743961352658,0.5410628019323671,0.0,0.3671497584541063
13,0.14772727272727273,0.0,0.7329545454545454,0.11931818181818182
14,0.0975609756097561,0.34146341463414637,0.5609756097560976,0.0
15,0.0,0.5869565217391305,0.2391304347826087,0.17391304347826086
16,0.10344827586206896,0.6551724137931034,0.2413793103448276,0.0
17,0.0,0.41975308641975306,0.1111111111111111,0.4691358024691358
18,0.06329113924050633,0.0,0.34177215189873417,0.5949367088607594
19,0.20610687022900764,0.0,0.26717557251908397,0.5267175572519084
20,0.2669902912621359,0.0,0.5776699029126213,0.1553398058252427
21,0.2366412213740458,0.45038167938931295,0.0,0.31297709923664124
22,0.39090909090909093,0.42272727272727273,0.0,0.18636363636363637
23,0.4879275653923541,0.32796780684104626,0.0,0.1841046277665996
24,0.19855884707766214,0.3130504403522818,0.48839071257005606,0.0
25,0.0,0.22488038277511962,0.32854864433811803,0.44657097288676234
26,0.09461077844311377,0.6988023952095809,0.20658682634730538,0.0
27,0.0,0.1451114922813036,0.6600343053173242,0.19485420240137222
28,0.38406926406926406,0.45904761904761904,0.0,0.15688311688311687
29,0.27231075697211155,0.0,0.21852589641434264,0.5091633466135458
30,0.0,0.24721603563474387,0.6444877505567929,0.10829621380846326
31,0.4486864486864487,0.41806841806841805,0.0,0.13324513324513323
32,0.5231506120276743,0.0015965939329430547,0.47525279403938264,0.0
33,0.0010319917440660474,0.45304437564499483,0.0,0.5459236326109391
34,0.36887026691495967,0.4298572315332092,0.0,0.20127250155183116
35,0.2295361527967258,0.0,0.4321282401091405,0.3383356070941337
36,0.20771084337349396,0.46265060240963857,0.3296385542168675,0.0
37,0.271356783919598,0.3869346733668342,0.0,0.3417085427135678
38,0.386219401631913,0.38168631006346326,0.0,0.23209428830462375
39,0.2780952380952381,0.40984126984126984,0.31206349206349204,0.0
40,0.0,0.34592833876221496,0.1504885993485342,0.5035830618892508
41,0.09904153354632587,0.0,0.26198083067092653,0.6389776357827476
42,0.20245398773006135,0.450920245398773,0.0,0.34662576687116564
43,0.09305993690851735,0.7082018927444795,0.19873817034700317,0.0
44,0.0,0.2605633802816901,0.38028169014084506,0.3591549295774648
45,0.09154929577464789,0.0,0.22535211267605634,0.6830985915492958
46,0.375,0.0,0.5416666666666666,0.08333333333333333
47,0.0,0.09649122807017543,0.22807017543859648,0.6754385964912281
48,0.7142857142857143,0.20300751879699247,0.0,0.08270676691729323
49,0.0423728813559322,0.0,0.211864406779661,0.7457627118644068
50,0.6706586826347305,0.0,0.17365269461077845,0.15568862275449102
51,0.0,0.75,0.0,0.25
52,0.16666666666666666,0.0,0.3333333333333333,0.5
53,0.3,0.1,0.6,0.0
54,0.2,0.4,0.0,0.4
55,0.0,0.0,0.7272727272727273,0.2727272727272727
56,,,,
57,0.0,0.0,1.0,0.0
58,,,,
59,,,,
60,,,,
61,,,,
62,,,,
