,A,C,G,T
0,,,,
1,,,,
2,0.01694915254237288,0.0,0.847457627118644,0.13559322033898305
3,0.0,0.5897435897435898,0.10256410256410256,0.3076923076923077
4,0.10843373493975904,0.42168674698795183,0.46987951807228917,0.0
5,0.0,0.18446601941747573,0.46601941747572817,0.34951456310679613
6,0.45161290322580644,0.3225806451612903,0.0,0.22580645161290322
7,0.0,0.0967741935483871,0.8870967741935484,0.016129032258064516
8,0.0,0.34,0.48,0.18
9,0.0,0.04918032786885246,0.3770491803278688,0.5737704918032787
10,0.16346153846153846,0.5961538461538461,0.0,0.2403846153846154
11,0.29850746268656714,0.3034825870646766,0.39800995024875624,0.0
12,0.0,0.48427672955974843,0.3710691823899371,0.14465408805031446
13,0.2753623188405797,0.34782608695652173,0.0,0.37681159420289856
14,0.46621621621621623,0.22297297297297297,0.3108108108108108,0.0
15,0.0,0.5196850393700787,0.23622047244094488,0.2440944881889764
16,0.28205128205128205,0.0,0.23076923076923078,0.48717948717948717
17,0.24691358024691357,0.38271604938271603,0.37037037037037035,0.0
18,0.0,0.26720647773279355,0.1214574898785425,0.611336032388664
19,0.11904761904761904,0.35714285714285715,0.5238095238095238,0.0
20,0.1986970684039088,0.14006514657980457,0.6612377850162866,0.0
21,0.0,0.2631578947368421,0.34210526315789475,0.39473684210526316
22,0.1797752808988764,0.0,0.16853932584269662,0.651685393258427
23,0.0,0.30851063829787234,0.3723404255319149,0.3191489361702128
24,0.0,0.22935779816513763,0.30275229357798167,0.46788990825688076
25,0.15833333333333333,0.55,0.2916666666666667,0.0
26,0.0,0.2982456140350877,0.18421052631578946,0.5175438596491229
27,0.325,0.4,0.275,0.0
28,0.9090909090909091,0.0,0.09090909090909091,0.0
29,0.3902439024390244,0.0,0.06097560975609756,0.5487804878048781
30,0.24390243902439024,0.18292682926829268,0.573170731707317,0.0
31,0.0,0.417910447761194,0.3582089552238806,0.22388059701492538
32,0.6862745098039216,0.23529411764705882,0.0,0.0784313725490196
33,0.0,0.2222222222222222,0.48148148148148145,0.2962962962962963
34,0.0,0.4166666666666667,0.3055555555555556,0.2777777777777778
35,0.24096385542168675,0.3072289156626506,0.45180722891566266,0.0
36,0.0,0.31868131868131866,0.3516483516483517,0.32967032967032966
37,0.2871287128712871,0.5841584158415841,0.12871287128712872,0.0
38,0.4032258064516129,0.0,0.5967741935483871,0.0
39,0.5827814569536424,0.09271523178807947,0.0,0.32450331125827814
40,0.09302325581395349,0.5290697674418605,0.37790697674418605,0.0
41,0.0,0.1574539363484087,0.5728643216080402,0.2696817420435511
42,0.0,0.749379652605459,0.1687344913151365,0.08188585607940446
43,0.24,0.4177777777777778,0.3422222222222222,0.0
44,0.0,0.22950819672131148,0.6174863387978142,0.15300546448087432
45,0.1963470319634703,0.5068493150684932,0.0,0.2968036529680365
46,0.26795580110497236,0.20718232044198895,0.5248618784530387,0.0
47,0.0,0.2823529411764706,0.5137254901960784,0.20392156862745098
48,0.5037593984962406,0.0,0.29699248120300753,0.19924812030075187
49,0.20394736842105263,0.5241228070175439,0.2719298245614035,0.0
50,0.0,0.20161290322580644,0.2056451612903226,0.592741935483871
51,0.43575418994413406,0.0,0.33519553072625696,0.22905027932960895
52,0.21354166666666666,0.640625,0.14583333333333334,0.0
53,0.075,0.2,0.725,0.0
54,0.2558746736292428,0.15926892950391644,0.5848563968668408,0.0
55,0.4563106796116505,0.0,0.0970873786407767,0.44660194174757284
56,0.28160919540229884,0.22988505747126436,0.4885057471264368,0.0
57,0.0,0.6084905660377359,0.16037735849056603,0.23113207547169812
58,0.3504273504273504,0.3418803418803419,0.3076923076923077,0.0
59,0.13043478260869565,0.591304347826087,0.0,0.2782608695652174
60,0.5534351145038168,0.0,0.33969465648854963,0.10687022900763359
61,0.16279069767441862,0.0,0.3178294573643411,0.5193798449612403
62,0.3023255813953488,0.3953488372093023,0.0,0.3023255813953488
63,0.43137254901960786,0.3627450980392157,0.0,0.20588235294117646
64,0.25,0.0,0.6590909090909091,0.09090909090909091
65,0.0,0.6933333333333334,0.06666666666666667,0.24
66,0.4461538461538462,0.2153846153846154,0.3384615384615385,0.0
67,0.0,0.10344827586206896,0.6896551724137931,0.20689655172413793
68,0.0989010989010989,0.5604395604395604,0.0,0.34065934065934067
69,0.0,0.0,0.5,0.5
70,0.0,0.4444444444444444,0.5555555555555556,0.0
71,0.0,0.7857142857142857,0.07142857142857142,0.14285714285714285
72,0.0,0.75,0.0,0.25
73,0.3333333333333333,0.0,0.6666666666666666,0.0
74,0.0,0.4,0.4,0.2
75,0.0,0.6666666666666666,0.0,0.3333333333333333
76,1.0,0.0,0.0,0.0
77,0.0,0.0,0.5,0.5
78,0.0,0.0,1.0,0.0
79,,,,
80,,,,
81,,,,
82,,,,
83,,,,
84,,,,
85,,,,
86,,,,
87,,,,
88,,,,
89,,,,
90,,,,
91,,,,
92,,,,
