,A,C,G,T
0,,,,
1,,,,
2,0.1,0.2,0.7,0.0
3,0.0,0.2692307692307692,0.19230769230769232,0.5384615384615384
4,0.5625,0.0,0.4375,0.0
5,0.0,0.3684210526315789,0.631578947368421,0.0
6,0.0,0.02631578947368421,0.868421052631579,0.10526315789473684
7,0.7272727272727273,0.0,0.0,0.2727272727272727
8,0.5340909090909091,0.0,0.20454545454545456,0.26136363636363635
9,0.0,0.2894736842105263,0.10526315789473684,0.6052631578947368
10,0.14193548387096774,0.5161290322580645,0.3419354838709677,0.0
11,0.0,0.15517241379310345,0.13793103448275862,0.7068965517241379
12,0.0,0.5873015873015873,0.23809523809523808,0.1746031746031746
13,0.1984126984126984,0.0,0.2777777777777778,0.5238095238095238
14,0.20437956204379562,0.45255474452554745,0.34306569343065696,0.0
15,0.41621621621621624,0.0,0.2594594594594595,0.32432432432432434
16,0.1958762886597938,0.0,0.5979381443298969,0.20618556701030927
17,0.14814814814814814,0.0,0.46296296296296297,0.3888888888888889
18,0.3225806451612903,0.0,0.25,0.4274193548387097
19,0.25510204081632654,0.0,0.2755102040816326,0.46938775510204084
20,0.0,0.35365853658536583,0.1951219512195122,0.45121951219512196
21,0.0,0.296969696969697,0.46060606060606063,0.24242424242424243
22,0.0,0.4368932038834951,0.3592233009708738,0.20388349514563106
23,0.3,0.0,0.42857142857142855,0.2714285714285714
24,0.20192307692307693,0.49038461538461536,0.0,0.3076923076923077
25,0.625,0.14166666666666666,0.23333333333333334,0.0
26,0.0,0.3958333333333333,0.5208333333333334,0.08333333333333333
27,0.0,0.696969696969697,0.18181818181818182,0.12121212121212122
28,0.8,0.0,0.2,0.0
29,0.1917808219178082,0.0,0.6438356164383562,0.1643835616438356
30,0.0,0.4074074074074074,0.0,0.5925925925925926
31,0.06,0.44,0.5,0.0
32,0.0,0.34285714285714286,0.2571428571428571,0.4
33,0.0,0.0,0.125,0.875
34,0.42105263157894735,0.2894736842105263,0.2894736842105263,0.0
35,0.0,0.2717391304347826,0.2391304347826087,0.4891304347826087
36,0.26506024096385544,0.0,0.5421686746987951,0.1927710843373494
37,0.1477832512315271,0.22167487684729065,0.0,0.6305418719211823
38,0.5852534562211982,0.1935483870967742,0.22119815668202766,0.0
39,0.0,0.5028901734104047,0.1329479768786127,0.36416184971098264
40,0.14583333333333334,0.25,0.6041666666666666,0.0
41,0.12639405204460966,0.46096654275092935,0.41263940520446096,0.0
42,0.0,0.41517857142857145,0.16517857142857142,0.41964285714285715
43,0.1440677966101695,0.5508474576271186,0.3050847457627119,0.0
44,0.15460526315789475,0.25,0.0,0.5953947368421053
45,0.0,0.3905109489051095,0.4744525547445255,0.13503649635036497
46,0.4,0.3934065934065934,0.20659340659340658,0.0
47,0.17647058823529413,0.2986425339366516,0.5248868778280543,0.0
48,0.0,0.345,0.2683333333333333,0.38666666666666666
49,0.14412811387900357,0.0,0.1512455516014235,0.7046263345195729
50,0.46785714285714286,0.30238095238095236,0.0,0.22976190476190475
51,0.4383983572895277,0.2946611909650924,0.2669404517453799,0.0
52,0.27823050058207216,0.3806752037252619,0.3410942956926659,0.0
53,0.2492836676217765,0.29656160458452724,0.45415472779369626,0.0
54,0.2,0.4121739130434783,0.0,0.38782608695652177
55,0.2945205479452055,0.4075342465753425,0.0,0.2979452054794521
56,0.2768878718535469,0.39588100686498856,0.0,0.32723112128146453
57,0.5374449339207048,0.28193832599118945,0.0,0.18061674008810572
58,0.3426829268292683,0.5329268292682927,0.0,0.12439024390243902
59,0.0,0.21006776379477252,0.6824782187802517,0.1074540174249758
60,0.389111289031225,0.45876701361088873,0.0,0.1521216973578863
61,0.31462585034013607,0.38605442176870747,0.29931972789115646,0.0
62,0.24713584288052373,0.29296235679214405,0.45990180032733224,0.0
63,0.0,0.29504950495049503,0.2594059405940594,0.44554455445544555
64,0.17333333333333334,0.48,0.3466666666666667,0.0
65,0.14049586776859505,0.41597796143250687,0.0,0.44352617079889806
66,0.3105590062111801,0.0,0.4658385093167702,0.2236024844720497
67,0.3103448275862069,0.4942528735632184,0.19540229885057472,0.0
68,0.12582781456953643,0.3973509933774834,0.4768211920529801,0.0
69,0.0,0.5436507936507936,0.01984126984126984,0.4365079365079365
70,0.13725490196078433,0.5686274509803921,0.29411764705882354,0.0
71,0.0,0.3107344632768362,0.13559322033898305,0.5536723163841808
72,0.028368794326241134,0.0,0.28368794326241137,0.6879432624113475
73,0.20192307692307693,0.0,0.4326923076923077,0.36538461538461536
74,0.8441558441558441,0.12987012987012986,0.0,0.025974025974025976
75,0.5,0.5,0.0,0.0
76,0.1111111111111111,0.1111111111111111,0.7777777777777778,0.0
77,0.0,0.5,0.2727272727272727,0.22727272727272727
78,0.12,0.0,0.88,0.0
79,0.0,0.25,0.7,0.05
80,0.0,0.6666666666666666,0.16666666666666666,0.16666666666666666
81,0.13333333333333333,0.0,0.0,0.8666666666666667
82,0.375,0.0,0.0,0.625
83,0.0,0.125,0.125,0.75
84,0.0,0.037037037037037035,0.9629629629629629,0.0
85,0.0,1.0,0.0,0.0
86,,,,
87,0.0,0.0,1.0,0.0
88,0.0,0.0,1.0,0.0
89,0.0,0.0,1.0,0.0
90,,,,
91,,,,
92,,,,
93,,,,
94,,,,
95,,,,
96,,,,
97,,,,
98,,,,
99,,,,
100,,,,
101,,,,
102,,,,
103,,,,
104,,,,
105,,,,
106,,,,
107,,,,
108,,,,
109,,,,
110,,,,
