,A,C,G,T
0,,,,
1,,,,
2,,,,
3,0.25471698113207547,0.4811320754716981,0.0,0.2641509433962264
4,0.1414141414141414,0.050505050505050504,0.8080808080808081,0.0
5,0.018691588785046728,0.22429906542056074,0.7570093457943925,0.0
6,0.4945054945054945,0.0,0.23076923076923078,0.27472527472527475
7,0.20588235294117646,0.0,0.16176470588235295,0.6323529411764706
8,0.0,0.35714285714285715,0.0,0.6428571428571429
9,0.3333333333333333,0.3333333333333333,0.0,0.3333333333333333
10,0.0,0.625,0.375,0.0
11,0.0,0.058823529411764705,0.9411764705882353,0.0
12,0.0,0.8181818181818182,0.0,0.18181818181818182
13,0.09090909090909091,0.7272727272727273,0.18181818181818182,0.0
14,0.0,0.5,0.5,0.0
15,0.0,0.0,0.0,1.0
16,0.1111111111111111,0.0,0.2222222222222222,0.6666666666666666
17,0.6428571428571429,0.2857142857142857,0.0,0.07142857142857142
18,0.45454545454545453,0.36363636363636365,0.0,0.18181818181818182
19,0.034482758620689655,0.7241379310344828,0.2413793103448276,0.0
20,0.0,0.39285714285714285,0.39285714285714285,0.21428571428571427
21,0.5909090909090909,0.0,0.4090909090909091,0.0
22,0.0,0.5774647887323944,0.323943661971831,0.09859154929577464
23,0.0,0.48717948717948717,0.44871794871794873,0.0641025641025641
24,0.1780821917808219,0.0,0.2602739726027397,0.5616438356164384
25,0.2072072072072072,0.009009009009009009,0.7837837837837838,0.0
26,0.2923076923076923,0.4153846153846154,0.0,0.2923076923076923
27,0.19767441860465115,0.5232558139534884,0.0,0.27906976744186046
28,0.0,0.2538860103626943,0.6502590673575129,0.09585492227979274
29,0.0,0.3391304347826087,0.4405797101449275,0.22028985507246376
30,0.48830409356725146,0.0,0.26900584795321636,0.24269005847953215
31,0.0,1.0,0.0,0.0
32,0.0,0.2275449101796407,0.2874251497005988,0.48502994011976047
33,0.27040816326530615,0.0,0.45408163265306123,0.2755102040816326
34,0.19093851132686085,0.22006472491909385,0.0,0.5889967637540453
35,0.3137254901960784,0.21568627450980393,0.47058823529411764,0.0
36,0.0,0.0,1.0,0.0
37,0.22807017543859648,0.37719298245614036,0.0,0.39473684210526316
38,0.211340206185567,0.06701030927835051,0.7216494845360825,0.0
39,0.34782608695652173,0.30434782608695654,0.34782608695652173,0.0
40,0.4642857142857143,0.0,0.39285714285714285,0.14285714285714285
41,0.4166666666666667,0.0,0.5,0.08333333333333333
42,0.0,0.2,0.2,0.6
43,0.0,0.375,0.0,0.625
44,0.0,0.0,1.0,0.0
45,0.3333333333333333,0.0,0.6666666666666666,0.0
46,0.0,1.0,0.0,0.0
47,,,,
48,0.0,0.0,0.5,0.5
49,,,,
50,,,,
