,A,C,G,T
0,,,,
1,,,,
2,0.0,0.3333333333333333,0.6666666666666666,0.0
3,0.0,0.058823529411764705,0.5294117647058824,0.4117647058823529
4,0.0,1.0,0.0,0.0
5,0.0,0.26666666666666666,0.7333333333333333,0.0
6,0.0,0.5,0.5,0.0
7,0.47368421052631576,0.23684210526315788,0.2894736842105263,0.0
8,0.0,0.08860759493670886,0.20253164556962025,0.7088607594936709
9,0.0,0.5945945945945946,0.21621621621621623,0.1891891891891892
10,0.4909090909090909,0.0,0.34545454545454546,0.16363636363636364
11,0.5,0.0,0.38461538461538464,0.11538461538461539
12,0.0,0.45454545454545453,0.2878787878787879,0.25757575757575757
13,0.11363636363636363,0.18181818181818182,0.0,0.7045454545454546
14,0.3220338983050847,0.2711864406779661,0.4067796610169492,0.0
15,0.05747126436781609,0.0,0.8850574712643678,0.05747126436781609
16,0.0,0.058823529411764705,0.6764705882352942,0.2647058823529412
17,0.0,0.16666666666666666,0.6481481481481481,0.18518518518518517
18,0.0,0.6956521739130435,0.2391304347826087,0.06521739130434782
19,0.0,0.2692307692307692,0.2564102564102564,0.47435897435897434
20,0.044444444444444446,0.4666666666666667,0.4888888888888889,0.0
21,0.0,0.1015625,0.6171875,0.28125
22,0.21428571428571427,0.6428571428571429,0.14285714285714285,0.0
23,0.49514563106796117,0.0,0.39805825242718446,0.10679611650485436
24,0.13043478260869565,0.2608695652173913,0.0,0.6086956521739131
25,0.25316455696202533,0.5316455696202531,0.21518987341772153,0.0
26,0.0,0.20930232558139536,0.7209302325581395,0.06976744186046512
27,0.0,0.2,0.17142857142857143,0.6285714285714286
28,0.06,0.13,0.81,0.0
29,0.0,0.425,0.2,0.375
30,0.6545454545454545,0.0,0.21818181818181817,0.12727272727272726
31,0.33488372093023255,0.2744186046511628,0.0,0.39069767441860465
32,0.24740124740124741,0.2869022869022869,0.4656964656964657,0.0
33,0.0,0.28488372093023256,0.2005813953488372,0.5145348837209303
34,0.1,0.7807692307692308,0.11923076923076924,0.0
35,0.19292237442922375,0.5844748858447488,0.2226027397260274,0.0
36,0.0,0.28334956183057447,0.249269717624148,0.4673807205452775
37,0.15716096324461343,0.0,0.11153358681875793,0.7313054499366286
38,0.6065276518585675,0.22846781504986402,0.0,0.16500453309156846
39,0.0,0.25790513833992096,0.6106719367588933,0.13142292490118576
40,0.23082678638234194,0.4990647212869435,0.27010849233071454,0.0
41,0.0,0.3464738510301109,0.3997622820919176,0.2537638668779715
42,0.13389513108614232,0.7308052434456929,0.1352996254681648,0.0
43,0.17592592592592593,0.49951267056530213,0.32456140350877194,0.0
44,0.21117424242424243,0.4133522727272727,0.37547348484848486,0.0
45,0.07753303964757709,0.6933920704845815,0.2290748898678414,0.0
46,0.14576271186440679,0.6406779661016949,0.0,0.2135593220338983
47,0.0,0.34148550724637683,0.41394927536231885,0.24456521739130435
48,0.2561492790500424,0.0,0.42324003392705684,0.32061068702290074
49,0.30918220946915353,0.3744619799139168,0.3163558106169297,0.0
50,0.32435597189695553,0.3185011709601874,0.0,0.35714285714285715
51,0.3993055555555556,0.4708333333333333,0.0,0.12986111111111112
52,0.20835894283958206,0.4615857406269207,0.33005531653349723,0.0
53,0.17625570776255708,0.6292237442922375,0.19452054794520549,0.0
54,0.0,0.4079173838209983,0.11101549053356283,0.4810671256454389
55,0.1197339246119734,0.8603104212860311,0.019955654101995565,0.0
56,0.2541899441340782,0.4553072625698324,0.2905027932960894,0.0
57,0.0,0.24401913875598086,0.10047846889952153,0.6555023923444976
58,0.14285714285714285,0.6883116883116883,0.16883116883116883,0.0
59,0.0,0.32432432432432434,0.36486486486486486,0.3108108108108108
60,0.0,0.13829787234042554,0.1702127659574468,0.6914893617021277
61,0.0,0.0,0.44,0.56
62,0.5517241379310345,0.10344827586206896,0.0,0.3448275862068966
63,1.0,0.0,0.0,0.0
64,0.3333333333333333,0.6666666666666666,0.0,0.0
65,0.0,0.0,0.4,0.6
66,0.25,0.25,0.5,0.0
67,0.0,0.16666666666666666,0.8333333333333334,0.0
68,0.0,0.46153846153846156,0.46153846153846156,0.07692307692307693
69,0.0,0.5,0.5,0.0
70,0.0,0.0,0.8181818181818182,0.18181818181818182
71,0.0,1.0,0.0,0.0
72,,,,
73,0.0,0.0,0.0,1.0
74,,,,
75,,,,
76,0.0,0.0,1.0,0.0
77,0.0,0.0,1.0,0.0
78,,,,
79,0.0,1.0,0.0,0.0
80,,,,
81,,,,
82,,,,
83,,,,
84,,,,
85,,,,
86,,,,
87,,,,
88,,,,
89,,,,
90,,,,
91,,,,
92,,,,
