,A,C,G,T
0,,,,
1,,,,
2,0.14035087719298245,0.3684210526315789,0.49122807017543857,0.0
3,0.0,0.4,0.2,0.4
4,0.06896551724137931,0.4482758620689655,0.4827586206896552,0.0
5,0.0,0.15384615384615385,0.6923076923076923,0.15384615384615385
6,0.0,0.16666666666666666,0.36904761904761907,0.4642857142857143
7,0.12903225806451613,0.0,0.0,0.8709677419354839
8,0.7870370370370371,0.0,0.0,0.21296296296296297
9,0.0,0.1349206349206349,0.7936507936507936,0.07142857142857142
10,0.13157894736842105,0.5482456140350878,0.3201754385964912,0.0
11,0.0,0.12033195020746888,0.7925311203319502,0.08713692946058091
12,0.0,0.5072463768115942,0.2028985507246377,0.2898550724637681
13,0.1016949152542373,0.0,0.211864406779661,0.6864406779661016
14,0.25510204081632654,0.5,0.24489795918367346,0.0
15,0.2553191489361702,0.0,0.2127659574468085,0.5319148936170213
16,0.14285714285714285,0.0,0.5714285714285714,0.2857142857142857
17,0.7142857142857143,0.0,0.07142857142857142,0.21428571428571427
18,0.0,0.0,0.0,1.0
19,0.0,0.0,0.0,1.0
20,0.0,0.2,0.6,0.2
21,,,,
22,0.0,1.0,0.0,0.0
23,,,,
24,,,,
25,1.0,0.0,0.0,0.0
26,,,,
27,,,,
28,,,,
29,,,,
30,,,,
31,,,,
32,,,,
33,,,,
34,1.0,0.0,0.0,0.0
35,0.0,1.0,0.0,0.0
36,0.75,0.0,0.0,0.25
37,0.3,0.65,0.0,0.05
38,0.14545454545454545,0.7090909090909091,0.14545454545454545,0.0
39,0.0,0.45614035087719296,0.08771929824561403,0.45614035087719296
40,0.13793103448275862,0.8620689655172413,0.0,0.0
41,0.07142857142857142,0.3469387755102041,0.5816326530612245,0.0
42,0.0,0.3484848484848485,0.08333333333333333,0.5681818181818182
43,0.08163265306122448,0.8367346938775511,0.08163265306122448,0.0
44,0.5138888888888888,0.2222222222222222,0.0,0.2638888888888889
45,0.0,0.4326923076923077,0.5,0.0673076923076923
46,0.3022875816993464,0.47549019607843135,0.2222222222222222,0.0
47,0.4899193548387097,0.22782258064516128,0.28225806451612906,0.0
48,0.0,0.417607223476298,0.21218961625282168,0.37020316027088035
49,0.15384615384615385,0.0,0.08097165991902834,0.7651821862348178
50,0.690920798454604,0.22343850611719254,0.0,0.08564069542820348
51,0.3333333333333333,0.3333333333333333,0.3333333333333333,0.0
52,0.23232323232323232,0.4505050505050505,0.31717171717171716,0.0
53,0.21982758620689655,0.3232758620689655,0.45689655172413796,0.0
54,0.047619047619047616,0.684981684981685,0.0,0.2673992673992674
55,0.4105691056910569,0.2886178861788618,0.0,0.3008130081300813
56,0.47808764940239046,0.2549800796812749,0.0,0.26693227091633465
57,0.5642570281124498,0.2429718875502008,0.0,0.1927710843373494
58,0.5269886363636364,0.31392045454545453,0.0,0.1590909090909091
59,0.0,0.23316912972085385,0.5139573070607554,0.25287356321839083
60,0.4299880999603332,0.4629115430384768,0.0,0.10710035700119
61,0.27097661623108665,0.5240715268225584,0.20495185694635487,0.0
62,0.19898477157360406,0.45685279187817257,0.34416243654822337,0.0
63,0.0,0.4,0.3441077441077441,0.2558922558922559
64,0.19540229885057472,0.6459770114942529,0.15862068965517243,0.0
65,0.5202492211838006,0.0,0.0,0.4797507788161994
66,0.6159695817490495,0.0,0.0,0.3840304182509506
67,0.28110599078341014,0.45161290322580644,0.2672811059907834,0.0
68,0.11074918566775244,0.5244299674267101,0.36482084690553745,0.0
69,0.0,0.36419753086419754,0.16049382716049382,0.47530864197530864
70,0.45652173913043476,0.45652173913043476,0.08695652173913043,0.0
71,0.0,0.42857142857142855,0.26373626373626374,0.3076923076923077
72,0.125,0.0,0.4230769230769231,0.4519230769230769
73,0.1267605633802817,0.0,0.5070422535211268,0.36619718309859156
74,0.34782608695652173,0.4782608695652174,0.0,0.17391304347826086
75,0.7931034482758621,0.05172413793103448,0.0,0.15517241379310345
76,0.6206896551724138,0.13793103448275862,0.2413793103448276,0.0
77,0.0,0.625,0.1875,0.1875
78,0.2727272727272727,0.45454545454545453,0.2727272727272727,0.0
79,0.0,0.425531914893617,0.2978723404255319,0.2765957446808511
80,0.0,0.30303030303030304,0.48484848484848486,0.21212121212121213
81,0.7647058823529411,0.0,0.0,0.23529411764705882
82,0.5454545454545454,0.0,0.0,0.45454545454545453
83,0.0,0.375,0.375,0.25
84,0.16666666666666666,0.8333333333333334,0.0,0.0
85,0.0,0.2,0.6,0.2
86,0.0,1.0,0.0,0.0
87,,,,
88,,,,
89,,,,
90,,,,
91,,,,
92,,,,
93,,,,
94,,,,
95,,,,
96,,,,
97,,,,
98,,,,
99,,,,
100,,,,
101,,,,
102,,,,
103,,,,
104,,,,
105,,,,
106,,,,
107,,,,
108,,,,
109,,,,
110,,,,
