,A,C,G,T
0,,,,
1,,,,
2,0.0,0.0,1.0,0.0
3,0.0,0.3333333333333333,0.6666666666666666,0.0
4,0.0,0.6666666666666666,0.3333333333333333,0.0
5,0.057692307692307696,0.0,0.9423076923076923,0.0
6,0.35714285714285715,0.5714285714285714,0.0,0.07142857142857142
7,0.2097902097902098,0.13986013986013987,0.6503496503496503,0.0
8,0.0,0.36666666666666664,0.5,0.13333333333333333
9,0.08333333333333333,0.4166666666666667,0.0,0.5
10,,,,
11,0.21666666666666667,0.0,0.6333333333333333,0.15
12,0.0,0.5824175824175825,0.10989010989010989,0.3076923076923077
13,0.2127659574468085,0.0,0.14893617021276595,0.6382978723404256
14,0.14285714285714285,0.6530612244897959,0.20408163265306123,0.0
15,0.0,0.28888888888888886,0.26666666666666666,0.4444444444444444
16,0.38636363636363635,0.22727272727272727,0.38636363636363635,0.0
17,0.0,0.2608695652173913,0.43478260869565216,0.30434782608695654
18,0.24324324324324326,0.5945945945945946,0.16216216216216217,0.0
19,0.2222222222222222,0.0,0.1111111111111111,0.6666666666666666
20,0.25,0.0,0.25,0.5
21,0.0,0.08333333333333333,0.25,0.6666666666666666
22,0.45454545454545453,0.0,0.36363636363636365,0.18181818181818182
23,0.0,0.6,0.0,0.4
24,0.4367816091954023,0.05747126436781609,0.5057471264367817,0.0
25,0.17647058823529413,0.23529411764705882,0.0,0.5882352941176471
26,0.25806451612903225,0.4838709677419355,0.0,0.25806451612903225
27,0.0,0.46938775510204084,0.2857142857142857,0.24489795918367346
28,0.18803418803418803,0.5042735042735043,0.3076923076923077,0.0
29,0.0,0.4827586206896552,0.22988505747126436,0.28735632183908044
30,0.18238993710691823,0.3584905660377358,0.4591194968553459,0.0
31,0.0,0.571969696969697,0.2878787878787879,0.14015151515151514
32,0.46632124352331605,0.20725388601036268,0.0,0.32642487046632124
33,0.15384615384615385,0.36923076923076925,0.47692307692307695,0.0
34,0.1751412429378531,0.1864406779661017,0.0,0.6384180790960452
35,,,,
36,0.15384615384615385,0.0,0.34065934065934067,0.5054945054945055
37,0.21804511278195488,0.14285714285714285,0.6390977443609023,0.0
38,0.0,0.26139088729016785,0.47721822541966424,0.26139088729016785
39,0.14093959731543623,0.0,0.3825503355704698,0.47651006711409394
40,0.14953271028037382,0.3364485981308411,0.0,0.514018691588785
41,0.0,0.18181818181818182,0.5,0.3181818181818182
42,0.15384615384615385,0.5384615384615384,0.3076923076923077,0.0
43,0.08,0.24,0.68,0.0
44,0.0,0.5384615384615384,0.05128205128205128,0.41025641025641024
45,0.12121212121212122,0.0,0.7878787878787878,0.09090909090909091
46,0.1111111111111111,0.05555555555555555,0.0,0.8333333333333334
47,0.18518518518518517,0.14814814814814814,0.6666666666666666,0.0
48,0.0,0.25,0.5,0.25
49,0.0,0.0,0.3333333333333333,0.6666666666666666
50,1.0,0.0,0.0,0.0
51,0.2857142857142857,0.0,0.7142857142857143,0.0
52,0.0,1.0,0.0,0.0
53,0.5454545454545454,0.18181818181818182,0.2727272727272727,0.0
54,0.0,0.5,0.5,0.0
55,0.0,0.0,0.0,1.0
56,,,,
57,,,,
58,,,,
59,,,,
60,,,,
61,,,,
62,,,,
63,,,,
64,,,,
65,,,,
66,,,,
67,,,,
68,,,,
