,A,C,G,T
0,,,,
1,,,,
2,,,,
3,,,,
4,,,,
5,0.0,1.0,0.0,0.0
6,1.0,0.0,0.0,0.0
7,,,,
8,,,,
9,,,,
10,0.0,1.0,0.0,0.0
11,,,,
12,0.0,0.0,0.0,1.0
13,0.0,1.0,0.0,0.0
14,0.0,0.0,1.0,0.0
15,0.5,0.5,0.0,0.0
16,0.0,0.0,1.0,0.0
17,0.0,0.1,0.4,0.5
18,0.0,0.25,0.4375,0.3125
19,0.1111111111111111,0.5555555555555556,0.3333333333333333,0.0
20,0.0,0.3076923076923077,0.07692307692307693,0.6153846153846154
21,0.05555555555555555,0.6111111111111112,0.3333333333333333,0.0
22,0.35714285714285715,0.25,0.39285714285714285,0.0
23,0.0,0.2647058823529412,0.14705882352941177,0.5882352941176471
24,0.013513513513513514,0.0,0.10810810810810811,0.8783783783783784
25,0.28888888888888886,0.3111111111111111,0.4,0.0
26,0.0,0.24691358024691357,0.08641975308641975,0.6666666666666666
27,0.02142857142857143,0.0,0.1,0.8785714285714286
28,0.24043715846994534,0.46994535519125685,0.2896174863387978,0.0
29,0.0,0.3130081300813008,0.08943089430894309,0.5975609756097561
30,0.00684931506849315,0.0,0.03767123287671233,0.9554794520547946
31,0.20253164556962025,0.48945147679324896,0.3080168776371308,0.0
32,0.0,0.23699421965317918,0.09826589595375723,0.6647398843930635
33,0.028629856850715747,0.0,0.034764826175869123,0.9366053169734151
34,0.26573426573426573,0.5629370629370629,0.17132867132867133,0.0
35,0.0,0.27414330218068533,0.11526479750778816,0.6105919003115264
36,0.043912175648702596,0.0,0.023952095808383235,0.9321357285429142
37,0.18840579710144928,0.20553359683794467,0.0,0.6060606060606061
38,0.45978062157221206,0.39488117001828155,0.0,0.1453382084095064
39,0.24023581429624172,0.6241709653647752,0.13559322033898305,0.0
40,0.0,0.32694355697550587,0.1501597444089457,0.5228966986155484
41,0.23030303030303031,0.5272727272727272,0.24242424242424243,0.0
42,0.4078341013824885,0.3986175115207373,0.0,0.1935483870967742
43,0.44666666666666666,0.3,0.0,0.25333333333333335
44,0.0,0.3063063063063063,0.5915915915915916,0.1021021021021021
45,0.2686230248306998,0.0,0.17381489841986456,0.5575620767494357
46,0.35855855855855856,0.3675675675675676,0.0,0.27387387387387385
47,0.23376623376623376,0.37662337662337664,0.38961038961038963,0.0
48,0.11979166666666667,0.0,0.4895833333333333,0.390625
49,0.109375,0.1796875,0.7109375,0.0
50,0.0,0.18181818181818182,0.0,0.8181818181818182
51,0.015384615384615385,0.2,0.0,0.7846153846153846
52,0.43636363636363634,0.10909090909090909,0.0,0.45454545454545453
53,0.23348017621145375,0.7092511013215859,0.0,0.05726872246696035
54,0.21951219512195122,0.0,0.032520325203252036,0.7479674796747967
55,0.0,0.4482902418682235,0.36196830692243537,0.1897414512093411
56,0.0,0.4882108183079057,0.3800277392510402,0.1317614424410541
57,0.0,0.2243436754176611,0.649164677804296,0.12649164677804295
58,0.27906976744186046,0.09302325581395349,0.0,0.627906976744186
59,0.34285714285714286,0.22857142857142856,0.0,0.42857142857142855
60,0.6564245810055865,0.20949720670391062,0.0,0.1340782122905028
61,0.0,0.056716417910447764,0.8208955223880597,0.12238805970149254
62,0.15584415584415584,0.0,0.12987012987012986,0.7142857142857143
63,0.33109919571045576,0.0,0.17158176943699732,0.4973190348525469
64,0.0,0.2920203735144312,0.4541595925297114,0.2538200339558574
65,0.19378427787934185,0.0,0.1773308957952468,0.6288848263254113
66,0.6243654822335025,0.22842639593908629,0.0,0.14720812182741116
67,0.6954022988505747,0.25287356321839083,0.0,0.05172413793103448
68,0.04477611940298507,0.26865671641791045,0.6865671641791045,0.0
69,0.2676767676767677,0.0,0.3686868686868687,0.36363636363636365
70,0.0,0.13389830508474576,0.6254237288135593,0.24067796610169492
71,0.013276434329065908,0.0,0.12565196775723092,0.8610715979137031
72,0.18886679920477137,0.0,0.0874751491053678,0.7236580516898609
73,0.9445727482678984,0.02771362586605081,0.0,0.02771362586605081
74,0.0641025641025641,0.358974358974359,0.5769230769230769,0.0
75,0.09815950920245399,0.0,0.5,0.401840490797546
76,0.3916349809885932,0.12547528517110265,0.4828897338403042,0.0
77,0.30851063829787234,0.0,0.11702127659574468,0.574468085106383
78,0.1111111111111111,0.0,0.49145299145299143,0.3974358974358974
79,0.20954907161803712,0.3978779840848806,0.3925729442970822,0.0
80,0.24390243902439024,0.0,0.04878048780487805,0.7073170731707317
81,0.0,0.3709677419354839,0.4314516129032258,0.1975806451612903
82,0.56,0.28,0.0,0.16
