,A,C,G,T
0,,,,
1,,,,
2,0.0,0.6666666666666666,0.0,0.3333333333333333
3,1.0,0.0,0.0,0.0
4,1.0,0.0,0.0,0.0
5,0.0,0.6666666666666666,0.3333333333333333,0.0
6,0.4444444444444444,0.5555555555555556,0.0,0.0
7,0.14814814814814814,0.5925925925925926,0.25925925925925924,0.0
8,0.0,0.0,1.0,0.0
9,0.0,0.9166666666666666,0.0,0.08333333333333333
10,0.09523809523809523,0.9047619047619048,0.0,0.0
11,0.0,0.0392156862745098,0.7843137254901961,0.17647058823529413
12,0.07317073170731707,0.7073170731707317,0.0,0.21951219512195122
13,0.05714285714285714,0.7714285714285715,0.17142857142857143,0.0
14,0.0,0.1796875,0.6640625,0.15625
15,0.12307692307692308,0.5076923076923077,0.0,0.36923076923076925
16,0.08620689655172414,0.3275862068965517,0.5862068965517241,0.0
17,0.0,0.11976047904191617,0.41916167664670656,0.46107784431137727
18,0.0,0.4808510638297872,0.15319148936170213,0.3659574468085106
19,0.14375,0.3875,0.46875,0.0
20,0.0,0.3698630136986301,0.3082191780821918,0.3219178082191781
21,0.06273062730627306,0.6568265682656826,0.28044280442804426,0.0
22,0.3292894280762565,0.3050259965337955,0.36568457538994803,0.0
23,0.0,0.4962962962962963,0.13148148148148148,0.37222222222222223
24,0.032904148783977114,0.0,0.05293276108726753,0.9141630901287554
25,0.2913085004775549,0.43457497612225404,0.27411652340019105,0.0
26,0.0,0.4832995951417004,0.076417004048583,0.4402834008097166
27,0.026657997399219768,0.0,0.036410923276983094,0.9369310793237972
28,0.3146163737676811,0.4972138876982426,0.1881697385340763,0.0
29,0.0,0.3637192342752963,0.07566089334548769,0.5606198723792161
30,0.04012521343198634,0.0,0.05776892430278884,0.9021058622652248
31,0.2938236344162799,0.48339878614780435,0.22277757943591575,0.0
32,0.0,0.24542206342117018,0.0770433229120143,0.6775346136668156
33,0.04212218649517685,0.0,0.05498392282958199,0.9028938906752412
34,0.2802547770700637,0.5778485491861288,0.1418966737438075,0.0
35,0.0,0.23502090106827683,0.10241523455643288,0.6625638643752902
36,0.024401800521203505,0.0,0.03245676380004738,0.9431414356787491
37,0.2116028263294905,0.5909259947936035,0.1974711788769059,0.0
38,0.0,0.27215784528656434,0.16410898841215157,0.563733166301284
39,0.026111111111111113,0.0,0.030555555555555555,0.9433333333333334
40,0.0,0.2625680435478706,0.25936599423631124,0.4780659622158181
41,0.17271727172717272,0.47634763476347636,0.3509350935093509,0.0
42,0.45393700787401575,0.2484251968503937,0.0,0.29763779527559053
43,0.407098121085595,0.2045929018789144,0.0,0.3883089770354906
44,0.0,0.3328137178487919,0.544037412314887,0.12314886983632112
45,0.28114285714285714,0.0,0.188,0.5308571428571428
46,0.3997760358342665,0.3124300111982083,0.0,0.2877939529675252
47,0.24501884760366183,0.42757135164243404,0.32740980075390413,0.0
48,0.2033898305084746,0.0,0.43457627118644065,0.36203389830508476
49,0.06987577639751552,0.2484472049689441,0.6816770186335404,0.0
50,0.005802707930367505,0.15473887814313347,0.0,0.839458413926499
51,0.0,0.14540816326530612,0.0,0.8545918367346939
52,0.44370860927152317,0.11589403973509933,0.0,0.44039735099337746
53,0.4184331797235023,0.5345622119815668,0.0,0.047004608294930875
54,0.18297101449275363,0.0,0.22282608695652173,0.5942028985507246
55,0.0,0.4663316582914573,0.46934673366834173,0.06432160804020101
56,0.0,0.4234340705723451,0.4723957453992909,0.104170184028364
57,0.0,0.19886721208307112,0.6189427312775331,0.18219005663939586
58,0.225,0.15833333333333333,0.0,0.6166666666666667
59,0.2857142857142857,0.18285714285714286,0.0,0.5314285714285715
60,0.49810844892812106,0.18789407313997478,0.0,0.31399747793190413
61,0.0,0.0676077265973254,0.711738484398217,0.22065378900445765
62,0.21122994652406418,0.0,0.12566844919786097,0.6631016042780749
63,0.26299810246679317,0.0,0.17267552182163187,0.564326375711575
64,0.0,0.23264587525150907,0.5465291750503019,0.22082494969818914
65,0.14150943396226415,0.0,0.15265866209262435,0.7058319039451115
66,0.5936454849498328,0.2630992196209587,0.0,0.14325529542920848
67,0.6704761904761904,0.2361904761904762,0.0,0.09333333333333334
68,0.047619047619047616,0.49523809523809526,0.45714285714285713,0.0
69,0.25338491295938104,0.0,0.3965183752417795,0.35009671179883944
70,0.0,0.05082932049224184,0.7501337613697164,0.19903691813804172
71,0.015079941860465117,0.0,0.1353561046511628,0.8495639534883721
72,0.155956678700361,0.0,0.11913357400722022,0.7249097472924187
73,0.9738458039572436,0.007505117125312713,0.0,0.01864907891744371
74,0.10476190476190476,0.30952380952380953,0.5857142857142857,0.0
75,0.08387096774193549,0.0,0.5225806451612903,0.3935483870967742
76,0.4834558823529412,0.09834558823529412,0.4181985294117647,0.0
77,0.336,0.0,0.088,0.576
78,0.099935107073329,0.0,0.3990914990266061,0.5009733939000649
79,0.16514954486345904,0.39705244906805376,0.43779800606848723,0.0
80,0.204,0.0,0.036,0.76
81,0.0,0.3542319749216301,0.41128526645768027,0.23448275862068965
