,A,C,G,T
0,,,,
1,,,,
2,,,,
3,0.0,0.25,0.75,0.0
4,,,,
5,,,,
6,0.3333333333333333,0.3333333333333333,0.3333333333333333,0.0
7,,,,
8,0.42857142857142855,0.45714285714285713,0.11428571428571428,0.0
9,0.1111111111111111,0.0,0.8888888888888888,0.0
10,0.0,0.9230769230769231,0.07692307692307693,0.0
11,0.0,0.1,0.45,0.45
12,0.0,0.43478260869565216,0.07246376811594203,0.4927536231884058
13,0.0,0.3,0.15,0.55
14,0.08695652173913043,0.43478260869565216,0.0,0.4782608695652174
15,0.21686746987951808,0.0,0.30120481927710846,0.4819277108433735
16,0.0,0.3790849673202614,0.1895424836601307,0.43137254901960786
17,0.2561576354679803,0.3891625615763547,0.35467980295566504,0.0
18,0.1288445552784705,0.0,0.23524522028262676,0.6359102244389028
19,0.0,0.3401559454191033,0.25048732943469787,0.4093567251461988
20,0.24093264248704663,0.41968911917098445,0.3393782383419689,0.0
21,0.3305534495830174,0.31766489764973466,0.0,0.35178165276724793
22,0.0,0.1875209661187521,0.7168735323716874,0.09560550150956056
23,0.20432984675261492,0.4857698856725857,0.3099002675747993,0.0
24,0.34943454092390264,0.32183247076864097,0.0,0.3287329883074564
25,0.09142114384748701,0.0,0.5425693240901213,0.3660095320623917
26,0.26703669441874806,0.5753931544865865,0.15757015109466543,0.0
27,0.07015243402720865,0.7951155548270775,0.13473201114571381,0.0
28,0.39823245848955546,0.37225495447241563,0.22951258703802893,0.0
29,0.17177365242675016,0.5428315813017222,0.2853947662715276,0.0
30,0.41605839416058393,0.47520119782893505,0.0,0.108740408010481
31,0.0,0.46771879483500717,0.3950263032042085,0.13725490196078433
32,0.19040672730393,0.6361764201132658,0.17341685258280418,0.0
33,0.0,0.3103448275862069,0.35344827586206895,0.33620689655172414
34,0.2806178742184627,0.44814269952188307,0.2712394262596543,0.0
35,0.14050156407401515,0.0,0.40655320502624465,0.4529452308997402
36,0.18255131964809385,0.28152492668621704,0.5359237536656891,0.0
37,0.024888888888888887,0.14222222222222222,0.0,0.8328888888888889
38,0.0009950248756218905,0.22686567164179106,0.0,0.7721393034825871
39,0.6400602409638554,0.10843373493975904,0.0,0.25150602409638556
40,0.5537525354969574,0.24949290060851928,0.0,0.19675456389452334
41,0.226875,0.0,0.12625,0.646875
42,0.47123623011015914,0.0,0.3843329253365973,0.14443084455324356
43,0.0,0.30741342667833477,0.44068008501062633,0.2519064883110389
44,0.0,0.1640509601181684,0.7719719350073855,0.06397710487444609
45,0.267741935483871,0.15483870967741936,0.0,0.5774193548387097
46,0.4359504132231405,0.15702479338842976,0.0,0.40702479338842973
47,0.6810100489564546,0.2097397577943829,0.0,0.10925019324916259
48,0.0,0.06727175654030966,0.7100907634810465,0.2226374799786439
49,0.33962264150943394,0.0,0.16118598382749327,0.4991913746630728
50,0.0,0.3889233633260937,0.3361774744027304,0.27489916227117595
51,0.0,0.365378244064053,0.4030369961347322,0.2315847598012148
52,0.2678764311946425,0.4782890473104342,0.2538345214949233,0.0
53,0.4540682414698163,0.2815898012748406,0.0,0.2643419572553431
54,0.5500237079184448,0.3750592697961119,0.0,0.07491702228544334
55,0.055865921787709494,0.36312849162011174,0.5810055865921788,0.0
56,0.35912052117263843,0.0,0.249185667752443,0.3916938110749186
57,0.0,0.09181313598519888,0.5874190564292322,0.32076780758556894
58,0.022892405693241764,0.0,0.21588533890713646,0.7612222553996217
59,0.3396579369321219,0.0,0.068412613575628,0.5919294494922501
60,0.7526555386949925,0.05007587253414264,0.0,0.19726858877086495
61,0.07142857142857142,0.4943609022556391,0.4342105263157895,0.0
62,0.064107342527022,0.0,0.45396943719716737,0.48192322027581064
63,0.3983606557377049,0.13333333333333333,0.46830601092896174,0.0
64,0.20821114369501467,0.0,0.2678396871945259,0.5239491691104594
65,0.0746606334841629,0.7990538872891814,0.1262854792266557,0.0
66,0.13591316658801322,0.450920245398773,0.41316658801321376,0.0
67,0.13121546961325967,0.0,0.024171270718232045,0.8446132596685083
68,0.0,0.33910614525139665,0.4254189944134078,0.23547486033519552
69,0.5118483412322274,0.27014218009478674,0.0,0.21800947867298578
