,A,C,G,T
0,,,,
1,,,,
2,,,,
3,,,,
4,,,,
5,,,,
6,,,,
7,,,,
8,0.0,0.0,0.5,0.5
9,1.0,0.0,0.0,0.0
10,0.875,0.125,0.0,0.0
11,0.25,0.0,0.5,0.25
12,0.0,0.25,0.75,0.0
13,0.0,0.36363636363636365,0.45454545454545453,0.18181818181818182
14,0.0,1.0,0.0,0.0
15,0.7777777777777778,0.0,0.0,0.2222222222222222
16,0.2727272727272727,0.45454545454545453,0.2727272727272727,0.0
17,0.0,0.10638297872340426,0.40425531914893614,0.48936170212765956
18,0.06557377049180328,0.3770491803278688,0.0,0.5573770491803278
19,0.13157894736842105,0.0,0.631578947368421,0.23684210526315788
20,0.2222222222222222,0.2698412698412698,0.0,0.5079365079365079
21,0.3333333333333333,0.0,0.5208333333333334,0.14583333333333334
22,0.21481481481481482,0.4888888888888889,0.2962962962962963,0.0
23,0.0,0.2672413793103448,0.23706896551724138,0.4956896551724138
24,0.026905829596412557,0.0,0.09417040358744394,0.8789237668161435
25,0.22310756972111553,0.5338645418326693,0.24302788844621515,0.0
26,0.5683760683760684,0.23504273504273504,0.19658119658119658,0.0
27,0.13350125944584382,0.5516372795969773,0.3148614609571788,0.0
28,0.3117408906882591,0.41295546558704455,0.0,0.27530364372469635
29,0.0,0.4205298013245033,0.38741721854304634,0.19205298013245034
30,0.17579250720461095,0.0,0.1873198847262248,0.6368876080691642
31,0.3826530612244898,0.38010204081632654,0.2372448979591837,0.0
32,0.0,0.3505859375,0.056315104166666664,0.5930989583333334
33,0.060057887120115776,0.0,0.23589001447178004,0.7040520984081042
34,0.19444444444444445,0.2638888888888889,0.5416666666666666,0.0
35,0.0,0.10416666666666667,0.0,0.8958333333333334
36,0.0,0.28888888888888886,0.0,0.7111111111111111
37,0.648936170212766,0.09574468085106383,0.0,0.2553191489361702
38,0.4444444444444444,0.3888888888888889,0.0,0.16666666666666666
39,0.1935483870967742,0.0,0.10752688172043011,0.6989247311827957
40,0.6305418719211823,0.0,0.26108374384236455,0.10837438423645321
41,0.0,0.3935309973045822,0.4555256064690027,0.1509433962264151
42,0.0,0.08897876643073811,0.8731041456016178,0.037917087967644085
43,0.45454545454545453,0.09090909090909091,0.0,0.45454545454545453
44,0.23076923076923078,0.23076923076923078,0.0,0.5384615384615384
45,0.7758007117437722,0.20284697508896798,0.0,0.021352313167259787
46,0.0,0.04100227790432802,0.8246013667425968,0.13439635535307518
47,0.12058212058212059,0.0,0.11642411642411643,0.762993762993763
48,0.771239954075775,0.0,0.09758897818599312,0.13117106773823192
49,0.5846681922196796,0.0,0.25915331807780323,0.15617848970251716
50,0.2023121387283237,0.6334296724470135,0.1642581888246628,0.0
51,0.3838383838383838,0.4332210998877666,0.0,0.1829405162738496
52,0.6068601583113457,0.3562005277044855,0.0,0.036939313984168866
53,0.015384615384615385,0.48205128205128206,0.5025641025641026,0.0
54,0.2992957746478873,0.0,0.38380281690140844,0.31690140845070425
55,0.0,0.09049360146252285,0.5804387568555759,0.3290676416819013
56,0.02711323763955343,0.0,0.19138755980861244,0.7814992025518341
57,0.19429590017825313,0.0,0.1140819964349376,0.6916221033868093
58,0.8203125,0.0390625,0.0,0.140625
59,0.10465116279069768,0.5581395348837209,0.3372093023255814,0.0
60,0.06301369863013699,0.0,0.4876712328767123,0.44931506849315067
61,0.40384615384615385,0.11217948717948718,0.483974358974359,0.0
62,0.22727272727272727,0.0,0.12878787878787878,0.6439393939393939
63,0.05927051671732523,0.0,0.22087132725430597,0.7198581560283688
64,0.15364238410596026,0.433112582781457,0.41324503311258276,0.0
65,0.23853211009174313,0.0,0.09174311926605505,0.6697247706422018
66,0.0,0.36562860438292966,0.4013840830449827,0.23298731257208766
67,0.367003367003367,0.265993265993266,0.0,0.367003367003367
