,A,C,G,T
0,,,,
1,,,,
2,,,,
3,,,,
4,,,,
5,,,,
6,0.0,1.0,0.0,0.0
7,,,,
8,0.0,0.0,1.0,0.0
9,0.0,0.0,0.0,1.0
10,0.0,1.0,0.0,0.0
11,0.2857142857142857,0.0,0.5714285714285714,0.14285714285714285
12,0.0,0.2727272727272727,0.6363636363636364,0.09090909090909091
13,0.0,0.5,0.1,0.4
14,0.0,0.0,1.0,0.0
15,0.020833333333333332,0.8958333333333334,0.0,0.08333333333333333
16,0.2727272727272727,0.0,0.7272727272727273,0.0
17,0.0,0.44285714285714284,0.4142857142857143,0.14285714285714285
18,0.04477611940298507,0.4925373134328358,0.0,0.4626865671641791
19,0.225,0.3,0.475,0.0
20,0.0,0.3282442748091603,0.2366412213740458,0.4351145038167939
21,0.017543859649122806,0.0,0.0912280701754386,0.8912280701754386
22,0.22727272727272727,0.4405594405594406,0.3321678321678322,0.0
23,0.0,0.2378716744913928,0.1596244131455399,0.6025039123630673
24,0.05226480836236934,0.0,0.0975609756097561,0.8501742160278746
25,0.11460957178841309,0.7267002518891688,0.15869017632241814,0.0
26,0.6368159203980099,0.1791044776119403,0.18407960199004975,0.0
27,0.23968565815324164,0.4106090373280943,0.34970530451866405,0.0
28,0.3190883190883191,0.46153846153846156,0.0,0.21937321937321938
29,0.0,0.3619344773790952,0.48673946957878317,0.15132605304212168
30,0.3444714459295261,0.0,0.2660996354799514,0.3894289185905225
31,0.2764929237141871,0.5495340006903694,0.17397307559544356,0.0
32,0.0,0.2928323463344905,0.1035327751684705,0.603634878497039
33,0.03294117647058824,0.0,0.26319327731092435,0.7038655462184874
34,0.16585365853658537,0.2926829268292683,0.5414634146341464,0.0
35,0.010752688172043012,0.15053763440860216,0.0,0.8387096774193549
36,0.016853932584269662,0.21910112359550563,0.0,0.7640449438202247
37,0.5957446808510638,0.09574468085106383,0.0,0.30851063829787234
38,0.2753623188405797,0.47101449275362317,0.0,0.2536231884057971
39,0.25853658536585367,0.0,0.13170731707317074,0.6097560975609756
40,0.6487804878048781,0.0,0.1902439024390244,0.16097560975609757
41,0.0,0.3434125269978402,0.49935205183585313,0.1572354211663067
42,0.0,0.4953711496381081,0.00504965494024575,0.4995791954216462
43,0.19083969465648856,0.16793893129770993,0.0,0.6412213740458015
44,0.2992125984251969,0.14960629921259844,0.0,0.5511811023622047
45,0.0,0.6105263157894737,0.12456140350877193,0.2649122807017544
46,0.0,0.05383443372270188,0.7587607922803453,0.18740477399695277
47,0.10571781160016454,0.0,0.15960510078157136,0.7346770876182641
48,0.3617863199547767,0.0,0.2849067269643867,0.35330695308083665
49,0.48599670510708404,0.0,0.24629324546952225,0.2677100494233937
50,0.3399677245831092,0.4109736417428725,0.2490586336740183,0.0
51,0.4778613199665831,0.24644945697577275,0.0,0.2756892230576441
52,0.5703125,0.357421875,0.0,0.072265625
53,0.057692307692307696,0.46153846153846156,0.4807692307692308,0.0
54,0.2654320987654321,0.0,0.3055555555555556,0.42901234567901236
55,0.0,0.0517051705170517,0.4922992299229923,0.455995599559956
56,0.02504268639726807,0.0,0.2595332953898691,0.7154240182128628
57,0.1869009584664537,0.0,0.13578274760383385,0.6773162939297125
58,0.7168674698795181,0.0783132530120482,0.0,0.20481927710843373
59,0.0873015873015873,0.5238095238095238,0.3888888888888889,0.0
60,0.10803324099722991,0.0,0.4099722991689751,0.481994459833795
61,0.25206611570247933,0.13636363636363635,0.6115702479338843,0.0
62,0.36885245901639346,0.0,0.09016393442622951,0.5409836065573771
63,0.100418410041841,0.0,0.36282127913927076,0.5367603108188882
64,0.2168792934249264,0.4072620215897939,0.3758586849852797,0.0
65,0.26126126126126126,0.0,0.14414414414414414,0.5945945945945946
66,0.0,0.3132664437012263,0.47045707915273133,0.21627647714604237
67,0.38102893890675243,0.3247588424437299,0.0,0.2942122186495177
