,A,C,G,T
0,,,,
1,,,,
2,,,,
3,,,,
4,,,,
5,,,,
6,,,,
7,,,,
8,0.0,0.0,1.0,0.0
9,,,,
10,0.0,1.0,0.0,0.0
11,0.0,0.0,1.0,0.0
12,0.0,0.5,0.0,0.5
13,0.0,0.5,0.5,0.0
14,0.0,0.0,0.9310344827586207,0.06896551724137931
15,0.0,0.0,0.0,1.0
16,1.0,0.0,0.0,0.0
17,0.0,0.02702702702702703,0.7297297297297297,0.24324324324324326
18,0.0,0.2727272727272727,0.09090909090909091,0.6363636363636364
19,0.2222222222222222,0.2222222222222222,0.5555555555555556,0.0
20,0.0,0.5882352941176471,0.23529411764705882,0.17647058823529413
21,0.06451612903225806,0.1935483870967742,0.7419354838709677,0.0
22,0.21621621621621623,0.5405405405405406,0.24324324324324326,0.0
23,0.0,0.39655172413793105,0.43103448275862066,0.1724137931034483
24,0.11764705882352941,0.0,0.11764705882352941,0.7647058823529411
25,0.37333333333333335,0.3333333333333333,0.29333333333333333,0.0
26,0.0,0.3951219512195122,0.06341463414634146,0.5414634146341464
27,0.021929824561403508,0.0,0.03070175438596491,0.9473684210526315
28,0.2706422018348624,0.4036697247706422,0.3256880733944954,0.0
29,0.0,0.3355263157894737,0.05592105263157895,0.6085526315789473
30,0.015384615384615385,0.0,0.03736263736263736,0.9472527472527472
31,0.23550724637681159,0.5,0.2644927536231884,0.0
32,0.0,0.17592592592592593,0.1537037037037037,0.6703703703703704
33,0.015151515151515152,0.0,0.050505050505050504,0.9343434343434344
34,0.2897196261682243,0.5630841121495327,0.14719626168224298,0.0
35,0.0,0.2616822429906542,0.10467289719626169,0.6336448598130842
36,0.018893387314439947,0.0,0.02564102564102564,0.9554655870445344
37,0.565597667638484,0.2886297376093295,0.0,0.1457725947521866
38,0.2392894461859979,0.6812957157784744,0.0,0.0794148380355277
39,0.32082324455205813,0.4872881355932203,0.19188861985472155,0.0
40,0.0,0.32311688311688314,0.14389610389610388,0.532987012987013
41,0.08074534161490683,0.6770186335403726,0.2422360248447205,0.0
42,0.3167202572347267,0.43086816720257237,0.0,0.25241157556270094
43,0.5029239766081871,0.1871345029239766,0.0,0.30994152046783624
44,0.0,0.2773722627737226,0.656934306569343,0.06569343065693431
45,0.18032786885245902,0.0,0.11475409836065574,0.7049180327868853
46,0.33724340175953077,0.29472140762463345,0.0,0.3680351906158358
47,0.27889447236180903,0.542713567839196,0.17839195979899497,0.0
48,0.09744779582366589,0.0,0.4756380510440835,0.42691415313225056
49,0.14285714285714285,0.39285714285714285,0.4642857142857143,0.0
50,0.02666666666666667,0.09333333333333334,0.0,0.88
51,0.014925373134328358,0.23880597014925373,0.0,0.746268656716418
52,0.6697247706422018,0.10091743119266056,0.0,0.22935779816513763
53,0.265625,0.484375,0.0,0.25
54,0.1490498812351544,0.5754156769596199,0.0,0.2755344418052256
55,0.3805970149253731,0.0,0.5671641791044776,0.05223880597014925
56,0.0,0.44751381215469616,0.39226519337016574,0.16022099447513813
57,0.0,0.15004985044865404,0.7901296111665005,0.05982053838484546
58,0.21875,0.3125,0.0,0.46875
59,0.26666666666666666,0.31666666666666665,0.0,0.4166666666666667
60,0.7155555555555555,0.18,0.0,0.10444444444444445
61,0.0,0.06143344709897611,0.6348122866894198,0.3037542662116041
62,0.2158273381294964,0.0,0.23261390887290168,0.5515587529976019
63,0.4459183673469388,0.0,0.1846938775510204,0.3693877551020408
64,0.0,0.39985380116959063,0.35891812865497075,0.2412280701754386
65,0.17253121452894438,0.0,0.16799091940976163,0.659477866061294
66,0.5659777424483307,0.2655007949125596,0.0,0.1685214626391097
67,0.610062893081761,0.3081761006289308,0.0,0.08176100628930817
68,0.06493506493506493,0.35064935064935066,0.5844155844155844,0.0
69,0.18309859154929578,0.0,0.38028169014084506,0.43661971830985913
70,0.0,0.07564575645756458,0.6660516605166051,0.25830258302583026
71,0.017467248908296942,0.0,0.08976225133430374,0.8927704997573993
72,0.2890995260663507,0.0,0.1066350710900474,0.6042654028436019
73,0.8897058823529411,0.029411764705882353,0.0,0.08088235294117647
74,0.13114754098360656,0.45901639344262296,0.4098360655737705,0.0
75,0.08753315649867374,0.0,0.3156498673740053,0.596816976127321
76,0.44876325088339225,0.127208480565371,0.42402826855123676,0.0
77,0.384,0.0,0.08,0.536
78,0.088,0.0,0.452,0.46
79,0.13782051282051283,0.34615384615384615,0.5160256410256411,0.0
80,0.34285714285714286,0.0,0.22857142857142856,0.42857142857142855
81,0.0,0.308411214953271,0.38317757009345793,0.308411214953271
82,0.07692307692307693,0.8461538461538461,0.0,0.07692307692307693
