,A,C,G,T
0,,,,
1,,,,
2,,,,
3,,,,
4,,,,
5,0.42857142857142855,0.0,0.5714285714285714,0.0
6,,,,
7,,,,
8,,,,
9,0.0,0.3793103448275862,0.4482758620689655,0.1724137931034483
10,0.0,0.0,0.0,1.0
11,0.0,0.2857142857142857,0.0,0.7142857142857143
12,0.4,0.6,0.0,0.0
13,0.0,0.625,0.25,0.125
14,0.030303030303030304,0.6666666666666666,0.30303030303030304,0.0
15,0.024390243902439025,0.7317073170731707,0.24390243902439024,0.0
16,0.13333333333333333,0.0,0.16,0.7066666666666667
17,0.0,0.16326530612244897,0.6122448979591837,0.22448979591836735
18,0.6172839506172839,0.25925925925925924,0.0,0.12345679012345678
19,0.12727272727272726,0.0,0.41818181818181815,0.45454545454545453
20,0.16058394160583941,0.24087591240875914,0.0,0.5985401459854015
21,0.40234375,0.0,0.4375,0.16015625
22,0.2598870056497175,0.6186440677966102,0.12146892655367232,0.0
23,0.2,0.6214285714285714,0.0,0.17857142857142858
24,0.0,0.20127118644067796,0.739406779661017,0.059322033898305086
25,0.0,0.17953929539295393,0.7127371273712737,0.10772357723577236
26,0.25653206650831356,0.5914489311163895,0.15201900237529692,0.0
27,0.0,0.13836477987421383,0.1320754716981132,0.7295597484276729
28,0.00400962309542903,0.0,0.03207698476343224,0.9639133921411387
29,0.16888433981576254,0.6427840327533265,0.18833162743091095,0.0
30,0.3625,0.3075,0.33,0.0
31,0.15199398043641835,0.0,0.255079006772009,0.5929270127915726
32,0.23184777165748624,0.0,0.7310966449674512,0.037055583375062595
33,0.0,0.41304347826086957,0.34368530020703936,0.2432712215320911
34,0.5769281651012038,0.3368170392909115,0.0,0.08625479560788464
35,0.20437616387337057,0.0,0.21834264432029796,0.5772811918063314
36,0.0,0.2355410447761194,0.23134328358208955,0.5331156716417911
37,0.14443422263109476,0.0,0.3560257589696412,0.49954001839926404
38,0.12333333333333334,0.25666666666666665,0.62,0.0
39,0.0078125,0.14453125,0.0,0.84765625
40,0.0,0.18681318681318682,0.0,0.8131868131868132
41,0.6157635467980296,0.11822660098522167,0.0,0.2660098522167488
42,0.48951048951048953,0.34265734265734266,0.0,0.16783216783216784
43,0.32503660322108346,0.0,0.0746705710102489,0.6002928257686676
44,0.4426229508196721,0.0,0.3551912568306011,0.20218579234972678
45,0.0,0.3587862620873625,0.4688229409803268,0.17239079693231077
46,0.33866666666666667,0.36933333333333335,0.0,0.292
47,0.43902439024390244,0.10569105691056911,0.0,0.45528455284552843
48,0.3246753246753247,0.34415584415584416,0.0,0.33116883116883117
49,0.5667472793228537,0.0,0.38923821039903267,0.044014510278113664
50,0.0,0.015964240102171137,0.7343550446998723,0.24968071519795657
51,0.08505526189332052,0.0,0.19221528111484862,0.7227294569918309
52,0.37459677419354837,0.0,0.275,0.3504032258064516
53,0.4083080040526849,0.0,0.3586626139817629,0.23302938196555217
54,0.3238551331936546,0.44657288237054776,0.22957198443579765,0.0
55,0.47575757575757577,0.3419191919191919,0.0,0.18232323232323233
56,0.507380073800738,0.4566420664206642,0.0,0.035977859778597784
57,0.042328042328042326,0.5978835978835979,0.35978835978835977,0.0
58,0.2794943820224719,0.0,0.34129213483146065,0.3792134831460674
59,0.0,0.12158415841584158,0.641980198019802,0.23643564356435642
60,0.026441265713047248,0.0,0.22518422193324664,0.7483745123537061
61,0.22694394213381555,0.0,0.10940325497287523,0.6636528028933092
62,0.788135593220339,0.03389830508474576,0.0,0.17796610169491525
63,0.06666666666666667,0.5435897435897435,0.38974358974358975,0.0
64,0.06896551724137931,0.0,0.48891625615763545,0.4421182266009852
65,0.24278215223097113,0.1141732283464567,0.6430446194225722,0.0
66,0.37941176470588234,0.0,0.08823529411764706,0.5323529411764706
67,0.12153274235058621,0.0,0.3931941664283672,0.4852730912210466
68,0.15151515151515152,0.4208754208754209,0.4276094276094276,0.0
69,0.29069767441860467,0.0,0.12790697674418605,0.5813953488372093
70,0.0,0.38038079470198677,0.36382450331125826,0.25579470198675497
71,0.40070921985815605,0.40070921985815605,0.0,0.19858156028368795
