,A,C,G,T
0,,,,
1,,,,
2,0.0,0.0,0.0,1.0
3,0.0,0.0,0.0,1.0
4,,,,
5,0.0,0.13333333333333333,0.2,0.6666666666666666
6,0.4418604651162791,0.46511627906976744,0.0,0.09302325581395349
7,0.0,0.9,0.1,0.0
8,0.0,0.06666666666666667,0.85,0.08333333333333333
9,0.16666666666666666,0.3888888888888889,0.0,0.4444444444444444
10,0.023529411764705882,0.8352941176470589,0.1411764705882353,0.0
11,0.0,0.015,0.95,0.035
12,0.09166666666666666,0.8083333333333333,0.0,0.1
13,0.04741379310344827,0.8793103448275862,0.07327586206896551,0.0
14,0.0,0.062111801242236024,0.9006211180124224,0.037267080745341616
15,0.2032520325203252,0.3333333333333333,0.0,0.4634146341463415
16,0.26582278481012656,0.43037974683544306,0.3037974683544304,0.0
17,0.0,0.0859375,0.5690104166666666,0.3450520833333333
18,0.0,0.5244055068836045,0.2202753441802253,0.2553191489361702
19,0.27793696275071633,0.3954154727793696,0.32664756446991405,0.0
20,0.0,0.28720626631853785,0.3785900783289817,0.3342036553524804
21,0.15838509316770186,0.5978260869565217,0.24378881987577639,0.0
22,0.2837465564738292,0.3918732782369146,0.3243801652892562,0.0
23,0.0,0.46886912325285895,0.1289707750952986,0.40216010165184246
24,0.03099946552645644,0.0,0.10742918225547836,0.8615713522180652
25,0.3168135095447871,0.3432452276064611,0.3399412628487518,0.0
26,0.0,0.35541535226077814,0.10977917981072555,0.5348054679284964
27,0.03745802118315681,0.0,0.05864117799018342,0.9039008008266598
28,0.241672218520986,0.483344437041972,0.274983344437042,0.0
29,0.0,0.3046448087431694,0.09304796599878568,0.6023072252580449
30,0.019739696312364424,0.0,0.06865509761388286,0.9116052060737527
31,0.2350620067643743,0.5263528748590756,0.23858511837655016,0.0
32,0.0,0.22424117282676026,0.14381581664257692,0.6319430105306628
33,0.03479690389752723,0.0,0.04034522912528255,0.9248578669771902
34,0.29720953830542873,0.5092846270928463,0.19350583460172502,0.0
35,0.0,0.3276689324270292,0.1281487405037985,0.5441823270691724
36,0.021289590786144317,0.0,0.027222755431463224,0.9514876537823924
37,0.5027598170635547,0.27945119066393315,0.0,0.21778899227251222
38,0.21828512396694214,0.650051652892562,0.0,0.13166322314049586
39,0.36792416477207046,0.45547377750375706,0.17660205772417248,0.0
40,0.0,0.3458058937005255,0.14883922038182665,0.5053548859176479
41,0.12737127371273713,0.5993031358885017,0.27332559039876114,0.0
42,0.30227565478746243,0.3802776585086589,0.0,0.31744668670387866
43,0.39372822299651566,0.2435540069686411,0.0,0.3627177700348432
44,0.0,0.32515502830951737,0.5556753842005931,0.11916958748988946
45,0.2602632403635224,0.0,0.15371356941397682,0.5860231902225008
46,0.34287469287469285,0.28783783783783784,0.0,0.3692874692874693
47,0.3319286871961102,0.41961102106969206,0.24846029173419773,0.0
48,0.24436010963525195,0.0,0.3421884882985452,0.41345140206620284
49,0.12941847206385404,0.29475484606613456,0.5758266818700114,0.0
50,0.020287958115183247,0.1518324607329843,0.0,0.8278795811518325
51,0.0037064492216456633,0.21645663454410674,0.0,0.7798369162342476
52,0.4888888888888889,0.11975308641975309,0.0,0.391358024691358
53,0.3713646532438479,0.35570469798657717,0.0,0.27293064876957496
54,0.21818181818181817,0.0,0.0,0.7818181818181819
55,0.16,0.0,0.56,0.28
56,0.0,0.4227068067449457,0.40098878785203496,0.17630440540301934
57,0.0,0.15946467052285357,0.7743563570375411,0.06617897243960531
58,0.2621359223300971,0.11650485436893204,0.0,0.6213592233009708
59,0.34507042253521125,0.13732394366197184,0.0,0.5176056338028169
60,0.6920537609054468,0.17590190992690402,0.0,0.13204432916764913
61,0.0,0.07357859531772576,0.7454849498327759,0.18093645484949833
62,0.21512345679012346,0.0,0.15679012345679014,0.6280864197530864
63,0.41329632566745966,0.0,0.1809410520750727,0.4057626222574676
64,0.0,0.37009514549621503,0.3935689978470727,0.23633585665671228
65,0.17234691050152398,0.0,0.17373233582709893,0.6539207536713771
66,0.5274040504177878,0.28197139215408584,0.0,0.19062455742812634
67,0.5907172995780591,0.3080168776371308,0.0,0.10126582278481013
68,0.07620528771384137,0.3250388802488336,0.5987558320373251,0.0
69,0.2739043824701195,0.0,0.33565737051792827,0.3904382470119522
70,0.0,0.08607900638261169,0.6449887873037778,0.2689322063136105
71,0.012748117727583847,0.0,0.12350273785078714,0.863749144421629
72,0.20353260869565218,0.0,0.11793478260869565,0.6785326086956521
73,0.8231392778187178,0.05379513633014001,0.0,0.12306558585114223
74,0.08906882591093117,0.4224021592442645,0.4885290148448043,0.0
75,0.11081402257872847,0.0,0.3877005347593583,0.5014854426619133
76,0.35987841945288757,0.1209726443768997,0.5191489361702127,0.0
77,0.24426020408163265,0.0,0.09693877551020408,0.6588010204081632
78,0.11656723267553924,0.0,0.37876701851001987,0.5046657488144409
79,0.2088922006954794,0.39629905613512173,0.3948087431693989,0.0
80,0.17402376910016978,0.0,0.06536502546689305,0.7606112054329371
81,0.0,0.29613343442001516,0.4388172858225929,0.26504927975739195
