,A,C,G,T
0,,,,
1,,,,
2,,,,
3,,,,
4,0.0,0.5,0.0,0.5
5,0.0,1.0,0.0,0.0
6,0.0,1.0,0.0,0.0
7,0.16666666666666666,0.05555555555555555,0.7777777777777778,0.0
8,0.6792452830188679,0.0,0.32075471698113206,0.0
9,0.3333333333333333,0.2222222222222222,0.0,0.4444444444444444
10,0.0,0.17307692307692307,0.17307692307692307,0.6538461538461539
11,0.0,0.6428571428571429,0.2857142857142857,0.07142857142857142
12,0.16129032258064516,0.0,0.7741935483870968,0.06451612903225806
13,0.1111111111111111,0.0,0.25925925925925924,0.6296296296296297
14,0.0,0.288135593220339,0.3559322033898305,0.3559322033898305
15,0.5,0.2261904761904762,0.0,0.27380952380952384
16,0.15363128491620112,0.7751396648044693,0.0712290502793296,0.0
17,0.11845102505694761,0.24829157175398633,0.6332574031890661,0.0
18,0.23991507430997877,0.4267515923566879,0.0,0.3333333333333333
19,0.23954372623574144,0.2661596958174905,0.49429657794676807,0.0
20,0.0,0.3663551401869159,0.09252336448598131,0.5411214953271029
21,0.027953110910730387,0.0,0.13976555455365194,0.8322813345356177
22,0.0,0.18900523560209423,0.562303664921466,0.2486910994764398
23,0.0,0.2714751721638275,0.5494744472635013,0.17905038057267125
24,0.05788362978595116,0.0,0.21163702140488394,0.7304793488091649
25,0.24774988157271435,0.42160113690194223,0.33064898152534344,0.0
26,0.4662259269905145,0.23311296349525726,0.0,0.30066110951422825
27,0.043579437275227416,0.6945208377406389,0.0,0.2618997249841337
28,0.19600881488736532,0.6745837414299706,0.12940744368266405,0.0
29,0.3962873284907183,0.2514124293785311,0.3523002421307506,0.0
30,0.1425745022876221,0.0,0.2180042042784716,0.6394212934339063
31,0.39952153110047844,0.3181818181818182,0.0,0.2822966507177033
32,0.0,0.35517183003216524,0.5420687320128661,0.10275943795496868
33,0.2863140218303946,0.0,0.22942905121746432,0.48425692695214106
34,0.32962138084632514,0.0,0.2719114371806629,0.3984671819730119
35,0.3374109914186599,0.0,0.17260057208934332,0.48998843649199686
36,0.2721235939829245,0.0,0.3106111939287166,0.41726521208835887
37,0.17177914110429449,0.31173312883435583,0.5164877300613497,0.0
38,0.006512729425695678,0.16222616933096506,0.0,0.8312611012433393
39,0.005594405594405594,0.2034965034965035,0.0,0.7909090909090909
40,0.6706204379562044,0.08759124087591241,0.0,0.2417883211678832
41,0.19625137816979052,0.6659316427783903,0.0,0.1378169790518192
42,0.27845254161043637,0.0,0.15384615384615385,0.5677013045434098
43,0.5589988081048868,0.0,0.24195470798569726,0.19904648390941598
44,0.0,0.48855959904118546,0.3715406406624537,0.13989976029636086
45,0.14621968616262482,0.5977175463623395,0.0,0.25606276747503565
46,0.2857142857142857,0.14489795918367346,0.0,0.5693877551020409
47,0.37438423645320196,0.1724137931034483,0.0,0.45320197044334976
48,0.0,0.223156853043048,0.7083127164769916,0.06853043047996042
49,0.0,0.06220247540463345,0.7232624563630593,0.2145350682323072
50,0.056844020009095046,0.0,0.15203880551765955,0.7911171744732454
51,0.23651178154591498,0.0,0.31997357410262056,0.4435146443514644
52,0.2749206349206349,0.0,0.2859259259259259,0.43915343915343913
53,0.40753341433778856,0.37253948967193196,0.21992709599027946,0.0
54,0.5137249701631084,0.26946028378199177,0.0,0.2168147460548999
55,0.5277668373375345,0.40448995667585663,0.0,0.0677432059866089
56,0.05166475315729047,0.44202066590126293,0.5063145809414467,0.0
57,0.3104503716659379,0.0,0.3038915609969392,0.3856580673371229
58,0.0,0.0734615996183813,0.6209254253458419,0.3056129750357768
59,0.013370081510584648,0.0,0.17392834105435995,0.8127015774350554
60,0.177209510991476,0.0,0.08524001794526694,0.7375504710632571
61,0.7727797001153403,0.040369088811995385,0.0,0.18685121107266436
62,0.0704647676161919,0.43478260869565216,0.4947526236881559,0.0
63,0.11229188806234502,0.0,0.4410201912858661,0.44668792065178886
64,0.3092979127134725,0.15781151170145477,0.5328905755850727,0.0
65,0.3398963730569948,0.0,0.09948186528497409,0.5606217616580311
66,0.1024503378037713,0.0,0.4021377432691338,0.4954119189270949
67,0.15757575757575756,0.37948717948717947,0.46293706293706294,0.0
68,0.3304221251819505,0.0,0.12372634643377002,0.5458515283842795
69,0.0,0.36076707950459447,0.3988547076841124,0.24037821281129312
70,0.23550871503850832,0.48601540332387516,0.0,0.27847588163761655
