,A,C,G,T
0,,,,
1,,,,
2,0.0,0.0,1.0,0.0
3,0.6666666666666666,0.0,0.0,0.3333333333333333
4,0.0,0.0,0.0,1.0
5,0.0,0.375,0.0,0.625
6,0.36363636363636365,0.6363636363636364,0.0,0.0
7,0.5675675675675675,0.35135135135135137,0.08108108108108109,0.0
8,0.0,0.3173076923076923,0.625,0.057692307692307696
9,0.4430379746835443,0.0759493670886076,0.0,0.4810126582278481
10,0.32323232323232326,0.6262626262626263,0.050505050505050504,0.0
11,0.28846153846153844,0.0,0.6,0.11153846153846154
12,0.0,0.26778242677824265,0.4769874476987448,0.25523012552301255
13,0.0,0.4057971014492754,0.2463768115942029,0.34782608695652173
14,0.0,0.18,0.596,0.224
15,0.09863429438543247,0.5265553869499241,0.0,0.37481031866464337
16,0.3264,0.2,0.4736,0.0
17,0.0,0.2247191011235955,0.6174668028600613,0.15781409601634322
18,0.027846229669788072,0.45564317397732873,0.0,0.5165105963528832
19,0.2774451097804391,0.20825016633399868,0.5143047238855623,0.0
20,0.0,0.28743370053039574,0.21889024887800898,0.49367605059159525
21,0.021050196622715706,0.0,0.055285681239879716,0.9236641221374046
22,0.19443531602585168,0.47628436849600175,0.32928031547814657,0.0
23,0.0,0.28898668472128186,0.1670616113744076,0.5439517039043106
24,0.04342367624252271,0.0,0.07237279373753785,0.8842035300199395
25,0.18621778011572857,0.6157285639137297,0.1980536559705418,0.0
26,0.41728142076502733,0.321448087431694,0.2612704918032787,0.0
27,0.16453272705516334,0.45183678353476125,0.3836304894100754,0.0
28,0.3540044974917834,0.4282131119183532,0.0,0.21778239058986334
29,0.0,0.37171332698953274,0.46807231932688936,0.1602143536835779
30,0.30153124355537225,0.0,0.3014796865333058,0.39698906991132193
31,0.27822369569010647,0.5263333914965392,0.19544291281335427,0.0
32,0.0,0.4605735906648437,0.11495659915423993,0.42446981018091634
33,0.063833891587605,0.0,0.18934465040422285,0.7468214580081721
34,0.14601060550006165,0.2906646935503761,0.5633247009495622,0.0
35,0.005084492298489607,0.14281441603110512,0.0,0.8521010916704053
36,0.006371562709590879,0.22233400402414488,0.0,0.7712944332662642
37,0.6691193923569903,0.08402563493947306,0.0,0.24685497270353668
38,0.34986859395532194,0.4724047306176084,0.0,0.17772667542706966
39,0.2773188576823224,0.0,0.13275902761387776,0.5899221147037998
40,0.5169939577039275,0.0,0.2790785498489426,0.2039274924471299
41,0.0,0.3548866414226142,0.46714278866893544,0.17797056990845037
42,0.32653061224489793,0.4897959183673469,0.0,0.1836734693877551
43,0.3411062906724512,0.13665943600867678,0.0,0.5222342733188721
44,0.3826879271070615,0.21867881548974943,0.0,0.39863325740318906
45,0.0,0.2607900512070227,0.6317797052983593,0.10743024349461804
46,0.0,0.045756087065657834,0.7660917273281457,0.18815218560619643
47,0.09254827453917681,0.0,0.16343009554431026,0.7440216299165129
48,0.20266228430566968,0.0,0.35092851273623665,0.44640920295809366
49,0.254795002639451,0.0,0.3420728488474397,0.4031321485131093
50,0.3423769388060446,0.41850780509700264,0.23911525609695278,0.0
51,0.496077248038624,0.27788867740587714,0.0,0.22603407455549882
52,0.5590465872156013,0.3833771861940876,0.0,0.0575762265903111
53,0.03881110292311472,0.5757799066568411,0.38540899042004423,0.0
54,0.30585885486018644,0.0,0.28082556591211716,0.4133155792276964
55,0.0,0.0831655184596361,0.6102455396573043,0.3065889418830595
56,0.02434853628033996,0.0,0.256221127587351,0.719430336132309
57,0.1627889690031963,0.0,0.12458187764810823,0.7126291533486955
58,0.7461645746164575,0.06164574616457462,0.0,0.19218967921896793
59,0.07696521500958642,0.5729937003560668,0.35004108463434674,0.0
60,0.13830508474576272,0.0,0.4105084745762712,0.4511864406779661
61,0.23382892450279977,0.17358563429233442,0.5925854412048658,0.0
62,0.4408008284432171,0.0,0.10079392474974111,0.45840524680704176
63,0.11801242236024845,0.0,0.4176449546356216,0.46434262300412993
64,0.14917723226328566,0.45836705332254296,0.3924557144141714,0.0
65,0.3179867342957472,0.0,0.11080764728833398,0.5712056184159189
66,0.0,0.33764797321535334,0.4387181633385149,0.22363386344613176
67,0.35684848484848486,0.3766464646464647,0.0,0.2665050505050505
