,A,C,G,T
0,,,,
1,,,,
2,,,,
3,,,,
4,,,,
5,,,,
6,0.0,0.0,1.0,0.0
7,,,,
8,0.0,1.0,0.0,0.0
9,0.16666666666666666,0.0,0.6666666666666666,0.16666666666666666
10,,,,
11,0.0,0.2777777777777778,0.4444444444444444,0.2777777777777778
12,0.0,0.6,0.0,0.4
13,0.0,0.5555555555555556,0.2222222222222222,0.2222222222222222
14,0.25,0.5833333333333334,0.0,0.16666666666666666
15,0.34146341463414637,0.0,0.21951219512195122,0.43902439024390244
16,0.0,0.3013698630136986,0.2054794520547945,0.4931506849315068
17,0.328125,0.375,0.296875,0.0
18,0.13614262560777957,0.0,0.19611021069692058,0.6677471636952999
19,0.0,0.2854757929883139,0.3572621035058431,0.3572621035058431
20,0.33478893740902477,0.462882096069869,0.20232896652110627,0.0
21,0.4270676691729323,0.23157894736842105,0.0,0.34135338345864663
22,0.0,0.20481927710843373,0.7048192771084337,0.09036144578313253
23,0.20908755079423716,0.5430365718507573,0.24787587735500555,0.0
24,0.2518796992481203,0.3447368421052632,0.0,0.40338345864661657
25,0.0763019781994348,0.0,0.5841744045215987,0.3395236172789665
26,0.22212891035061935,0.6237665336972497,0.15410455595213102,0.0
27,0.07904934125548954,0.7765435288039266,0.14440712994058383,0.0
28,0.5400593471810089,0.2922848664688427,0.16765578635014836,0.0
29,0.13478611783696529,0.550712940543449,0.3145009416195857,0.0
30,0.3093674386450052,0.5886622882820601,0.0,0.10197027307293467
31,0.0,0.4646067415730337,0.451123595505618,0.08426966292134831
32,0.20254154447702835,0.6498533724340176,0.14760508308895406,0.0
33,0.0019538882375928096,0.5423016803438844,0.0,0.45574443141852283
34,0.40190779014308425,0.4330683624801272,0.16502384737678855,0.0
35,0.09311368054844982,0.0,0.4592243937378492,0.447661925713701
36,0.13063763608087092,0.37169517884914466,0.4976671850699845,0.0
37,0.006211180124223602,0.17857142857142858,0.0,0.8152173913043478
38,0.001594896331738437,0.19617224880382775,0.0,0.8022328548644339
39,0.6151761517615176,0.10569105691056911,0.0,0.2791327913279133
40,0.5104602510460251,0.3305439330543933,0.0,0.1589958158995816
41,0.1860325105358218,0.0,0.1583383503913305,0.6556291390728477
42,0.46003016591251883,0.0,0.4057315233785822,0.13423831070889894
43,0.0,0.36766657817892223,0.5184496947172816,0.11388372710379613
44,0.0,0.1528801071667783,0.7826523777628935,0.0644675150703282
45,0.22580645161290322,0.15053763440860216,0.0,0.6236559139784946
46,0.32926829268292684,0.17073170731707318,0.0,0.5
47,0.554325259515571,0.39152249134948097,0.0,0.054152249134948094
48,0.0,0.06991196271361988,0.7446918694976696,0.18539616778871051
49,0.1846906987093903,0.0,0.19225634178905207,0.6230529595015576
50,0.0,0.5773450946643718,0.21493115318416522,0.207723752151463
51,0.0,0.5009660188657802,0.31281963859529494,0.18621434253892488
52,0.26970147546608714,0.4867894315452362,0.24350909298867665,0.0
53,0.46724205570812083,0.31306394664574344,0.0,0.21969399764613573
54,0.6044895777659006,0.3522180652057723,0.0,0.0432923570283271
55,0.06060606060606061,0.45454545454545453,0.48484848484848486,0.0
56,0.26004464285714285,0.0,0.32254464285714285,0.4174107142857143
57,0.0,0.06728927203065134,0.6894157088122606,0.24329501915708812
58,0.018424324629818016,0.0,0.1866169322934328,0.7949587430767492
59,0.16274089935760172,0.0,0.11820128479657388,0.7190578158458244
60,0.788961038961039,0.05844155844155844,0.0,0.1525974025974026
61,0.07329842931937172,0.5445026178010471,0.38219895287958117,0.0
62,0.052562417871222074,0.0,0.6154183092422252,0.3320192728865528
63,0.3556851311953353,0.0641399416909621,0.5801749271137027,0.0
64,0.2704714640198511,0.0,0.1575682382133995,0.5719602977667494
65,0.08546072093787663,0.7728716993535664,0.14166757970855703,0.0
66,0.1453305351521511,0.3772298006295908,0.4774396642182581,0.0
67,0.13994910941475827,0.0,0.056827820186598814,0.8032230703986429
68,0.0,0.34093338083363023,0.3786961168507303,0.2803705023156395
69,0.3752362948960302,0.32325141776937616,0.0,0.30151228733459357
