,A,C,G,T
0,,,,
1,,,,
2,,,,
3,,,,
4,,,,
5,0.5,0.5,0.0,0.0
6,0.8,0.0,0.2,0.0
7,0.0,0.0,0.0,1.0
8,0.0,0.0,1.0,0.0
9,0.0,1.0,0.0,0.0
10,0.0,0.0,0.0,1.0
11,0.625,0.375,0.0,0.0
12,0.0,0.02702702702702703,0.5945945945945946,0.3783783783783784
13,0.16363636363636364,0.0,0.7636363636363637,0.07272727272727272
14,0.24675324675324675,0.0,0.35064935064935066,0.4025974025974026
15,0.0,0.3076923076923077,0.5576923076923077,0.1346153846153846
16,0.2,0.7714285714285715,0.0,0.02857142857142857
17,0.1111111111111111,0.6468253968253969,0.24206349206349206,0.0
18,0.0,0.1662870159453303,0.4396355353075171,0.3940774487471526
19,0.5278810408921933,0.20817843866171004,0.0,0.26394052044609667
20,0.1894150417827298,0.0,0.2590529247910863,0.5515320334261838
21,0.3345388788426763,0.2857142857142857,0.379746835443038,0.0
22,0.0,0.23751686909581646,0.21322537112010798,0.5492577597840755
23,0.015931372549019607,0.0,0.08700980392156862,0.8970588235294118
24,0.2345679012345679,0.32407407407407407,0.44135802469135804,0.0
25,0.3601953601953602,0.2442002442002442,0.0,0.3956043956043956
26,0.05842911877394636,0.43007662835249044,0.0,0.5114942528735632
27,0.25234082397003743,0.572565543071161,0.1750936329588015,0.0
28,0.0,0.17647058823529413,0.14064856711915535,0.6828808446455505
29,0.06781326781326781,0.0,0.051597051597051594,0.8805896805896806
30,0.1714704445530044,0.6829506595017099,0.14557889594528578,0.0
31,0.39945652173913043,0.28532608695652173,0.31521739130434784,0.0
32,0.16341212744090441,0.0,0.1289825282631038,0.7076053442959918
33,0.4927385892116183,0.2966804979253112,0.0,0.21058091286307054
34,0.0,0.36597938144329895,0.545360824742268,0.088659793814433
35,0.13829787234042554,0.6771685761047463,0.18453355155482815,0.0
36,0.21237393328161366,0.0,0.49903025601241274,0.2885958107059736
37,0.38283455674760025,0.36476566911349523,0.2523997741389046,0.0
38,0.20202952029520296,0.0,0.4746309963099631,0.3233394833948339
39,0.13921113689095127,0.34106728538283065,0.5197215777262181,0.0
40,0.0,0.14006514657980457,0.0,0.8599348534201955
41,0.0034482758620689655,0.1896551724137931,0.0,0.8068965517241379
42,0.5276381909547738,0.12562814070351758,0.0,0.34673366834170855
43,0.35374149659863946,0.3469387755102041,0.0,0.29931972789115646
44,0.24909090909090909,0.0,0.14363636363636365,0.6072727272727273
45,0.5531135531135531,0.0,0.2857142857142857,0.16117216117216118
46,0.6844153184517715,0.24759369240221177,0.0,0.0679909891460168
47,0.15582592419279365,0.2113944782405241,0.6327795975666822,0.0
48,0.3897058823529412,0.08088235294117647,0.0,0.5294117647058824
49,0.563265306122449,0.14285714285714285,0.0,0.2938775510204082
50,0.7001888574126535,0.0,0.24819011646207115,0.051621026125275415
51,0.0,0.021086780210867802,0.6342254663422546,0.3446877534468775
52,0.09456398640996602,0.0,0.16930917327293318,0.7361268403171007
53,0.4096192384769539,0.0,0.20761523046092184,0.38276553106212424
54,0.39658848614072495,0.0,0.27452025586353945,0.3288912579957356
55,0.2711489898989899,0.5157828282828283,0.21306818181818182,0.0
56,0.3989930774071743,0.4225928256765261,0.0,0.17841409691629956
57,0.6348511383537653,0.3204903677758319,0.0,0.0446584938704028
58,0.045112781954887216,0.5639097744360902,0.39097744360902253,0.0
59,0.21575757575757576,0.0,0.45212121212121215,0.3321212121212121
60,0.0,0.07769516728624536,0.5869888475836431,0.3353159851301115
61,0.035542490646712985,0.0,0.3610368786745056,0.6034206306787814
62,0.08392984967788117,0.8595204008589835,0.05654974946313529,0.0
63,0.7236842105263158,0.0756578947368421,0.0,0.20065789473684212
64,0.12830188679245283,0.5320754716981132,0.33962264150943394,0.0
65,0.06486486486486487,0.0,0.42934362934362935,0.5057915057915058
66,0.3092621664050236,0.17111459968602827,0.5196232339089482,0.0
67,0.19795221843003413,0.0,0.11604095563139932,0.6860068259385665
68,0.09365628604382929,0.0,0.3958477508650519,0.5104959630911188
69,0.15066129959746982,0.4594594594594595,0.38987924094307075,0.0
70,0.3795180722891566,0.0,0.1686746987951807,0.45180722891566266
71,0.0,0.3721033868092692,0.37566844919786097,0.2522281639928699
72,0.248,0.5168,0.0,0.2352
