,A,C,G,T
0,,,,
1,,,,
2,,,,
3,,,,
4,,,,
5,0.0,0.0,1.0,0.0
6,,,,
7,0.2,0.4,0.4,0.0
8,0.7142857142857143,0.0,0.2857142857142857,0.0
9,0.0,1.0,0.0,0.0
10,0.0,0.0,0.18181818181818182,0.8181818181818182
11,0.0,0.0,0.3333333333333333,0.6666666666666666
12,0.0,0.0,1.0,0.0
13,0.4,0.0,0.4,0.2
14,0.0,0.5,0.5,0.0
15,0.0,0.7777777777777778,0.0,0.2222222222222222
16,0.28846153846153844,0.5961538461538461,0.11538461538461539,0.0
17,0.29411764705882354,0.21568627450980393,0.49019607843137253,0.0
18,0.28,0.24,0.0,0.48
19,0.19148936170212766,0.1595744680851064,0.648936170212766,0.0
20,0.0,0.4189189189189189,0.10810810810810811,0.47297297297297297
21,0.03571428571428571,0.0,0.10714285714285714,0.8571428571428571
22,0.0,0.25076452599388377,0.3730886850152905,0.3761467889908257
23,0.0,0.24484536082474226,0.6597938144329897,0.09536082474226804
24,0.06790123456790123,0.0,0.27530864197530863,0.6567901234567901
25,0.21052631578947367,0.3263157894736842,0.4631578947368421,0.0
26,0.4504643962848297,0.21826625386996903,0.0,0.33126934984520123
27,0.04441913439635535,0.6617312072892938,0.0,0.2938496583143508
28,0.21104294478527608,0.592638036809816,0.19631901840490798,0.0
29,0.4188626907073509,0.31345353675450766,0.26768377253814146,0.0
30,0.03790186125211506,0.0,0.08798646362098139,0.8741116751269036
31,0.36428571428571427,0.18571428571428572,0.0,0.45
32,0.0,0.41113490364025695,0.3993576017130621,0.18950749464668093
33,0.1635,0.0,0.3445,0.492
34,0.13179571663920922,0.6798462383305875,0.18835804503020318,0.0
35,0.5181818181818182,0.0,0.06206896551724138,0.4197492163009404
36,0.13295615275813297,0.0,0.21287128712871287,0.6541725601131542
37,0.15040650406504066,0.2926829268292683,0.556910569105691,0.0
38,0.0,0.1574468085106383,0.0,0.8425531914893617
39,0.0,0.2317596566523605,0.0,0.7682403433476395
40,0.7519083969465649,0.04961832061068702,0.0,0.1984732824427481
41,0.33070866141732286,0.5275590551181102,0.0,0.14173228346456693
42,0.20474777448071216,0.0,0.10979228486646884,0.685459940652819
43,0.540084388185654,0.0,0.25738396624472576,0.20253164556962025
44,0.0,0.38113757899854156,0.47617890131259116,0.14268351968886728
45,0.0,0.0386389131247663,0.9368897752295484,0.02447131164568532
46,0.3263888888888889,0.125,0.0,0.5486111111111112
47,0.3700787401574803,0.16535433070866143,0.0,0.4645669291338583
48,0.0,0.19330855018587362,0.7228418009087154,0.08384964890541098
49,0.0,0.06148960739030023,0.7586605080831409,0.1798498845265589
50,0.06669997501873595,0.0,0.13389957531851113,0.7994004496627529
51,0.2730880230880231,0.0,0.29292929292929293,0.43398268398268397
52,0.3296955772544515,0.0,0.33026995979322227,0.34003446295232626
53,0.3565959952885748,0.4134275618374558,0.22997644287396937,0.0
54,0.480546792849632,0.3049421661409043,0.0,0.21451104100946372
55,0.5745784695201037,0.36835278858625164,0.0,0.057068741893644616
56,0.04477611940298507,0.5771144278606966,0.3781094527363184,0.0
57,0.2747826086956522,0.0,0.3426086956521739,0.3826086956521739
58,0.0,0.06321575813101236,0.6394869445716903,0.2972972972972973
59,0.013746630727762802,0.0,0.21401617250673854,0.7722371967654986
60,0.13890675241157557,0.0,0.10032154340836012,0.7607717041800643
61,0.7711864406779662,0.05508474576271186,0.0,0.17372881355932204
62,0.06779661016949153,0.5141242937853108,0.4180790960451977,0.0
63,0.0843558282208589,0.0,0.4647239263803681,0.450920245398773
64,0.29850746268656714,0.15332428765264586,0.5481682496607869,0.0
65,0.2857142857142857,0.0,0.2057142857142857,0.5085714285714286
66,0.098931402964495,0.0,0.4188210961737332,0.4822475008617718
67,0.14780029658922392,0.5027187345526446,0.3494809688581315,0.0
68,0.30201342281879195,0.0,0.09395973154362416,0.6040268456375839
69,0.0,0.3346774193548387,0.419758064516129,0.24556451612903227
70,0.30659025787965616,0.3853868194842407,0.0,0.30802292263610315
