,A,C,G,T
0,,,,
1,,,,
2,0.7715803452855245,0.13811420982735723,0.0,0.0903054448871182
3,0.5672676837725381,0.17337031900138697,0.0,0.2593619972260749
4,0.4383741258741259,0.43006993006993005,0.13155594405594406,0.0
5,0.4774023694602896,0.3435717419921018,0.0,0.1790258885476086
6,0.20643939393939395,0.0,0.6515151515151515,0.14204545454545456
7,0.0,0.10342598577892695,0.449256625727214,0.4473173884938591
8,0.6451814768460575,0.2787859824780976,0.0,0.0760325406758448
9,0.07448405253283302,0.0,0.12457786116322701,0.8009380863039399
10,0.23529411764705882,0.4444444444444444,0.3202614379084967,0.0
11,0.5764119601328903,0.1536544850498339,0.0,0.26993355481727577
12,0.34220135628586335,0.5127803860198227,0.0,0.14501825769431403
13,0.5513468013468014,0.3930976430976431,0.05555555555555555,0.0
14,0.5632228218966847,0.14572089437162683,0.0,0.2910562837316885
15,0.23163841807909605,0.0,0.23163841807909605,0.536723163841808
16,0.0,0.5384615384615384,0.13636363636363635,0.32517482517482516
17,0.8720117690327326,0.09084222140492829,0.0,0.03714600956233909
18,0.20243902439024392,0.5390243902439025,0.25853658536585367,0.0
19,0.3430232558139535,0.0,0.1569767441860465,0.5
20,0.1694915254237288,0.5013380909901873,0.32917038358608386,0.0
21,0.28846153846153844,0.29615384615384616,0.0,0.4153846153846154
22,0.4236453201970443,0.4187192118226601,0.0,0.15763546798029557
23,0.44423791821561337,0.17472118959107807,0.0,0.38104089219330856
24,0.5502593232897012,0.2897011607804396,0.0,0.1600395159298592
25,0.2624254473161034,0.0,0.39165009940357853,0.34592445328031807
26,0.30205655526992287,0.4820051413881748,0.2159383033419023,0.0
27,0.15217391304347827,0.4409937888198758,0.0,0.40683229813664595
28,0.0,0.5905432595573441,0.2857142857142857,0.12374245472837023
29,0.7654373927958834,0.19039451114922812,0.0,0.04416809605488851
30,0.4350132625994695,0.32360742705570295,0.0,0.2413793103448276
31,0.13562091503267973,0.5196078431372549,0.34477124183006536,0.0
32,0.49961449498843485,0.14494988434849654,0.0,0.3554356206630686
33,0.0,0.5676046671242279,0.4056280027453672,0.026767330130404943
34,0.0,0.18777943368107303,0.7269746646795827,0.08524590163934426
35,0.5409836065573771,0.19854280510018216,0.0,0.2604735883424408
36,0.0,0.367419212040726,0.6162018592297477,0.01637892872952634
37,0.0,0.22426666666666667,0.6922666666666667,0.08346666666666666
38,0.498015873015873,0.3816137566137566,0.0,0.12037037037037036
39,0.1745182012847966,0.0,0.16381156316916487,0.6616702355460385
40,0.28620689655172415,0.0,0.12413793103448276,0.5896551724137931
41,0.14299242424242425,0.584280303030303,0.2727272727272727,0.0
42,0.17525773195876287,0.17010309278350516,0.0,0.654639175257732
43,0.3069306930693069,0.3069306930693069,0.0,0.38613861386138615
44,0.25084745762711863,0.26440677966101694,0.0,0.4847457627118644
45,0.5275035260930888,0.05782792665726375,0.0,0.4146685472496474
46,0.6297297297297297,0.0,0.12972972972972974,0.24054054054054055
47,0.26785714285714285,0.0,0.36904761904761907,0.3630952380952381
48,0.1476725521669342,0.2969502407704655,0.5553772070626003,0.0
49,0.5178571428571429,0.0,0.15476190476190477,0.3273809523809524
50,0.0,0.3143491124260355,0.4334319526627219,0.2522189349112426
51,0.4441072331815883,0.4016186140617097,0.0,0.1542741527567021
52,0.04609929078014184,0.7304964539007093,0.22340425531914893,0.0
53,0.4782608695652174,0.1644927536231884,0.0,0.3572463768115942
54,0.0,0.6820809248554913,0.25549132947976877,0.06242774566473988
55,0.0,0.23981566820276498,0.6709677419354839,0.08921658986175116
56,0.7502705627705628,0.16883116883116883,0.0,0.0808982683982684
57,0.5750463248919085,0.33600988264360715,0.0,0.08894379246448425
58,0.13114754098360656,0.5191256830601093,0.34972677595628415,0.0
59,0.21311475409836064,0.0,0.37831021437578816,0.4085750315258512
60,0.289920724801812,0.29784824462061155,0.41223103057757643,0.0
61,0.4722222222222222,0.0,0.15873015873015872,0.36904761904761907
62,0.20563139931740615,0.0,0.09641638225255973,0.6979522184300341
63,0.10377358490566038,0.3490566037735849,0.5471698113207547,0.0
64,0.20161290322580644,0.25,0.0,0.5483870967741935
65,0.012318840579710146,0.0,0.003864734299516908,0.9838164251207729
66,0.0,0.4896705750977108,0.48743718592964824,0.022892238972640984
67,0.0,0.35463782366437235,0.5683382497541789,0.0770239265814487
68,0.6393728222996515,0.23170731707317074,0.0,0.1289198606271777
69,0.7725910739630973,0.1036114177574515,0.0,0.12379750827945118
70,0.09454949944382647,0.0,0.3325917686318131,0.5728587319243604
71,0.0636028698855924,0.846616249757611,0.08978088035679659,0.0
72,0.2921083627797409,0.32391048292108365,0.3839811542991755,0.0
73,0.3079207920792079,0.0,0.07326732673267326,0.6188118811881188
74,0.21501925545571246,0.573170731707317,0.21181001283697048,0.0
75,0.5873015873015873,0.2857142857142857,0.0,0.12698412698412698
76,0.5403050108932462,0.36310820624546114,0.0,0.09658678286129267
77,0.0,0.3988737681839512,0.4321914594087283,0.1689347724073205
78,0.3274394237066143,0.2685003274394237,0.404060248853962,0.0
79,0.0,0.23892188213796253,0.06212882594792143,0.698949291914116
80,0.04422498926577931,0.0,0.0236152855302705,0.9321597252039502
81,0.0,0.3393665158371041,0.29702650290885585,0.36360698125404006
82,0.19923319183897029,0.0,0.42653703957277833,0.3742297685882514
83,0.22586520947176686,0.0,0.25719489981785065,0.5169398907103825
84,0.12012012012012012,0.7064564564564565,0.17342342342342343,0.0
85,0.13527851458885942,0.5517241379310345,0.3129973474801061,0.0
86,0.2532920216886135,0.0,0.07513555383423702,0.6715724244771495
87,0.0,0.32863187588152326,0.48566055477197934,0.1857075693464974
88,0.15626408292023433,0.0,0.46113114015322215,0.3826047769265435
89,0.24348649928943628,0.0,0.1695878730459498,0.586925627664614
90,0.5908926635345139,0.1597397903867004,0.0,0.2493675460787857
91,0.6633969217429005,0.3011597658790375,0.0,0.035443312378061996
92,0.32146341463414635,0.0,0.20097560975609757,0.4775609756097561
93,0.25678578402655733,0.6797500488185901,0.06346416715485256,0.0
94,0.0,0.4297153024911032,0.074288256227758,0.4959964412811388
95,0.0664563202524157,0.0,0.06547032143561428,0.8680733583119701
96,0.15847904524007772,0.6985845129059117,0.14293644185401055,0.0
97,0.0,0.2222222222222222,0.1057759220598469,0.6720018557179309
98,0.101159114857745,0.8024236037934668,0.0964172813487882,0.0
99,0.0,0.35105827018552394,0.27123072903057227,0.37771100078390385
100,0.12295081967213115,0.6475409836065574,0.22950819672131148,0.0
101,0.6168276000804667,0.2024743512371756,0.0,0.18069804868235767
102,0.46674057649667405,0.0,0.08019216555801921,0.4530672579453067
103,0.0,0.6403940886699507,0.09064039408866995,0.2689655172413793
104,0.0944741532976827,0.0,0.19637551990493166,0.7091503267973857
105,0.16145833333333334,0.375,0.4635416666666667,0.0
106,0.16733067729083664,0.13545816733067728,0.0,0.6972111553784861
107,0.14468085106382977,0.4595744680851064,0.0,0.39574468085106385
108,0.43130815544608647,0.3793103448275862,0.0,0.1893814997263273
109,0.042821158690176324,0.42317380352644834,0.5340050377833753,0.0
110,0.3635157545605307,0.30713101160862355,0.0,0.32935323383084575
111,0.6426332288401254,0.0,0.11912225705329153,0.23824451410658307
112,0.2838709677419355,0.1935483870967742,0.0,0.5225806451612903
113,0.0,0.33938584779706277,0.5570093457943925,0.10360480640854472
114,0.42063492063492064,0.0,0.4576719576719577,0.12169312169312169
115,0.0,0.18864292589027912,0.37247353224254093,0.43888354186718
116,0.5197505197505198,0.24324324324324326,0.0,0.23700623700623702
117,0.6857463524130191,0.10662177328843996,0.0,0.20763187429854096
118,0.09081934846989141,0.0,0.09871668311944719,0.8104639684106614
119,0.3693379790940767,0.0,0.23344947735191637,0.397212543554007
120,0.532,0.0,0.268,0.2
121,0.40492957746478875,0.0,0.39436619718309857,0.2007042253521127
122,0.31440526001195457,0.47878063359234907,0.20681410639569636,0.0
123,0.5621890547263682,0.23880597014925373,0.0,0.19900497512437812
124,0.6376306620209059,0.156794425087108,0.0,0.20557491289198607
125,0.0,0.394880174291939,0.4515250544662309,0.15359477124183007
126,0.4048,0.0,0.5552,0.04
127,0.0,0.1036468330134357,0.6324376199616123,0.263915547024952
128,0.0,0.14570290267501423,0.8027888446215139,0.05150825270347183
129,0.39285714285714285,0.5448979591836735,0.0,0.06224489795918367
130,0.41846153846153844,0.38153846153846155,0.0,0.2
131,0.5402010050251256,0.34015314668581,0.0,0.11964584828906437
132,0.12349726775956284,0.0,0.04262295081967213,0.833879781420765
133,0.016659547202050404,0.9483126868859462,0.03502776591200342,0.0
134,0.16485225505443235,0.4331259720062208,0.4020217729393468,0.0
135,0.09722222222222222,0.8472222222222222,0.0,0.05555555555555555
136,0.0,0.36909871244635195,0.38626609442060084,0.2446351931330472
137,0.7558282208588957,0.1785276073619632,0.0,0.0656441717791411
138,0.1284722222222222,0.12152777777777778,0.75,0.0
139,0.591304347826087,0.09951690821256039,0.0,0.30917874396135264
140,0.07970419063270337,0.6318816762530813,0.0,0.28841413311421527
141,0.0,0.31759149940968123,0.5440377804014168,0.138370720188902
142,0.16606929510155316,0.053763440860215055,0.7801672640382318,0.0
143,0.2962245885769603,0.20232333010648595,0.0,0.5014520813165537
144,0.40545454545454546,0.10363636363636364,0.0,0.4909090909090909
145,0.16307692307692306,0.68,0.0,0.15692307692307692
146,0.0,0.2738048716946724,0.5405757457340107,0.1856193825713169
147,0.5635382059800664,0.0,0.43646179401993357,0.0
148,0.46709129511677283,0.19532908704883228,0.0,0.3375796178343949
149,0.137858347386172,0.5379426644182125,0.0,0.3241989881956155
150,0.0,0.24642375168690958,0.6118758434547908,0.1417004048582996
151,0.192090395480226,0.20213433772755807,0.6057752667922159,0.0
152,0.20324283559577677,0.0,0.5192307692307693,0.277526395173454
153,0.0,0.2823834196891192,0.5833725859632596,0.1342439943476213
154,0.0,0.16337754771918472,0.6395988353283727,0.19702361695244258
155,0.19223985890652556,0.0,0.18568909045099521,0.6220710506424793
156,0.2893835616438356,0.0,0.30547945205479454,0.40513698630136985
157,0.1693121693121693,0.0,0.4297472075249853,0.4009406231628454
158,0.22714681440443213,0.4245152354570637,0.34833795013850416,0.0
159,0.0,0.281957928802589,0.561084142394822,0.156957928802589
160,0.0,0.2300864815657715,0.6103777878925808,0.1595357305416477
161,0.2898973731287073,0.0,0.3388569814518407,0.37124564541945204
162,0.0,0.1808188021228203,0.7062168309325246,0.11296436694465505
163,0.4335786568537259,0.524195032198712,0.0,0.042226310947562094
164,0.19991035410129987,0.4704168534289556,0.3296727924697445,0.0
165,0.4730639730639731,0.2516835016835017,0.0,0.27525252525252525
166,0.5946083418107834,0.28280773143438453,0.0,0.12258392675483215
167,0.27408702408702407,0.45493395493395494,0.270979020979021,0.0
168,0.5481565086531226,0.17870579382994733,0.0,0.27313769751693
169,0.5726336682793698,0.2727329115494356,0.0,0.15463342017119464
170,0.47919725893294174,0.0,0.206069505628977,0.31473323543808124
171,0.0,0.1611415393485154,0.5817238397232631,0.25713462092822137
172,0.32486772486772486,0.0,0.36455026455026457,0.31058201058201057
173,0.0,0.32344337651483496,0.4408692018386962,0.23568742164646886
174,0.0,0.3258364570317923,0.49673747049840344,0.17742607246980424
175,0.0,0.22022512708787217,0.49364560639070443,0.2861292665214234
176,0.18791054113231154,0.0,0.45550516108852046,0.35658429777916795
177,0.2646011396011396,0.36004273504273504,0.37535612535612534,0.0
178,0.0,0.38753975137322927,0.05897658282740677,0.553483665799364
179,0.07700534759358289,0.6873440285204991,0.235650623885918,0.0
180,0.3542784970003158,0.21060940953583834,0.0,0.4351120934638459
181,0.3313813296589735,0.0,0.30623492938339647,0.36238374095763004
182,0.0,0.3017241379310345,0.4664408866995074,0.23183497536945813
183,0.26356317815890795,0.0,0.6674833741687084,0.06895344767238362
184,0.0,0.5349570200573066,0.3538681948424069,0.11117478510028653
185,0.40383715489003275,0.370145063172672,0.0,0.22601778193729527
186,0.0,0.4570293094883259,0.49677098857426727,0.046199701937406856
187,0.0,0.21961184882533197,0.66414708886619,0.11624106230847804
188,0.5303001338176256,0.3262282546358249,0.0,0.14347161154654942
189,0.12265512265512266,0.417027417027417,0.4603174603174603,0.0
190,0.3437268002969562,0.14996288047512993,0.5063103192279139,0.0
191,0.05592734225621415,0.5267686424474187,0.4173040152963671,0.0
192,0.33502968617472434,0.0,0.5699745547073791,0.09499575911789652
193,0.0,0.06374250552224676,0.7570211423161881,0.17923635216156517
194,0.5088495575221239,0.3839724680432645,0.0,0.1071779744346116
195,0.4270650263620387,0.2056239015817223,0.0,0.36731107205623903
196,0.7270721714465805,0.17932555940750078,0.0,0.0936022691459187
197,0.33735795454545453,0.0,0.32386363636363635,0.3387784090909091
198,0.0,0.7952361053071458,0.20476389469285416,0.0
199,0.2529960053262317,0.3448735019973369,0.0,0.4021304926764314
200,0.782608695652174,0.08328230251071647,0.0,0.1341090018371096
201,0.4837650492520978,0.37905873768697557,0.0,0.13717621306092667
202,0.10371318822023047,0.37772087067861715,0.5185659411011524,0.0
203,0.48332097850259453,0.0,0.2809488510007413,0.2357301704966642
204,0.0,0.048657187993680885,0.4571879936808847,0.49415481832543445
205,0.22325102880658437,0.0,0.3230452674897119,0.4537037037037037
206,0.24796527400976667,0.0,0.23982637004883342,0.5122083559413999
207,0.0,0.38030797946803546,0.271892984912117,0.34779903561984754
208,0.1088929219600726,0.15245009074410162,0.7386569872958257,0.0
209,0.28559322033898304,0.32796610169491525,0.0,0.3864406779661017
210,0.0,0.12103174603174603,0.4794973544973545,0.3994708994708995
211,0.21701602959309493,0.0,0.5055487053020962,0.27743526510480887
212,0.17256362507759157,0.0,0.3165735567970205,0.5108628181253879
213,0.0,0.32861590716105293,0.3606000566091141,0.310784036229833
214,0.13155355419749115,0.6281762624638147,0.0,0.24027018333869413
215,0.43951534102012896,0.2859097127222982,0.0,0.2745749462575728
216,0.5076142131979695,0.2398477157360406,0.0,0.25253807106598986
217,0.0,0.33579881656804733,0.3032544378698225,0.3609467455621302
218,0.5194235588972431,0.0,0.218671679197995,0.2619047619047619
219,0.0,0.24159462055715658,0.37415946205571565,0.38424591738712777
220,0.3144743045733145,0.0,0.23526638378123527,0.45025931164545024
221,0.5908133164770333,0.2996207332490518,0.0,0.10956595027391487
222,0.20206409560021726,0.20640956002172733,0.5915263443780554,0.0
223,0.4394213381555154,0.0,0.16455696202531644,0.3960216998191682
224,0.2734113712374582,0.0,0.21822742474916387,0.5083612040133779
225,0.0,0.3202312138728324,0.5658959537572255,0.1138728323699422
226,0.08423423423423423,0.5846846846846847,0.3310810810810811,0.0
227,0.2265906362545018,0.0,0.3502400960384154,0.42316926770708285
228,0.0,0.110913140311804,0.7692650334075724,0.11982182628062361
229,0.5575185215338272,0.415289424407718,0.0,0.027192054058454776
230,0.1409271523178808,0.0,0.16741721854304636,0.6916556291390729
231,0.0,0.10093457943925234,0.5320872274143302,0.36697819314641744
232,0.3110236220472441,0.0,0.1220472440944882,0.5669291338582677
233,0.0,0.2158859470468432,0.48217922606924646,0.3019348268839104
234,0.6305496828752643,0.09566596194503171,0.0,0.273784355179704
235,0.029648562300319488,0.0,0.09699680511182109,0.8733546325878594
236,0.14921365554276947,0.0,0.42922899884925203,0.42155734560797853
237,0.1695250659630607,0.5046174142480211,0.3258575197889182,0.0
238,0.0,0.26915708812260536,0.045019157088122604,0.685823754789272
239,0.05166615713848976,0.0,0.02934882298991134,0.9189850198715989
240,0.0,0.3398645379777455,0.12796323173681665,0.5321722302854378
241,0.13043478260869565,0.13354037267080746,0.7360248447204969,0.0
242,0.5325,0.2125,0.0,0.255
243,0.25554705432287683,0.6082631981637338,0.0,0.13618974751338944
244,0.0,0.32539030402629415,0.5258833196384552,0.14872637633525063
245,0.682068206820682,0.26437018701870185,0.0,0.05356160616061606
246,0.12096038901833654,0.0,0.24050248201803262,0.6385371289636308
247,0.09742120343839542,0.12034383954154727,0.7822349570200573,0.0
248,0.276219746446408,0.5313100268920476,0.0,0.19247022666154437
249,0.0,0.3815741748277113,0.4686253173739572,0.1498005077983315
250,0.4069058203246149,0.5345807918949653,0.0,0.05851338778041972
251,0.13922710428798307,0.0,0.3038644785600847,0.5569084171519323
252,0.0,0.1096291476903058,0.7713077423552375,0.11906310995445674
253,0.572791372874326,0.29075072583990047,0.0,0.13645790128577354
254,0.302542900832531,0.4664439032678258,0.0,0.2310131958996432
255,0.13823933975240715,0.0,0.19188445667125173,0.6698762035763411
256,0.11678832116788321,0.13503649635036497,0.7481751824817519,0.0
257,0.3996975806451613,0.4753024193548387,0.0,0.125
258,0.0,0.4651685393258427,0.45258426966292137,0.08224719101123595
259,0.23865384615384616,0.7073076923076923,0.0,0.054038461538461535
260,0.0,0.2487502975482028,0.49964294215662935,0.2516067602951678
261,0.13790322580645162,0.5560483870967742,0.3060483870967742,0.0
262,0.3349677419354839,0.0,0.0567741935483871,0.6082580645161291
263,0.2298568507157464,0.4625766871165644,0.3075664621676892,0.0
264,0.7150735294117647,0.10110294117647059,0.0,0.18382352941176472
265,0.0,0.4317528735632184,0.48060344827586204,0.08764367816091954
266,0.273972602739726,0.0,0.4132420091324201,0.3127853881278539
267,0.3026315789473684,0.14473684210526316,0.0,0.5526315789473685
268,0.0,0.4782608695652174,0.35968379446640314,0.16205533596837945
269,0.44035087719298244,0.0,0.19824561403508772,0.36140350877192984
270,0.0,0.04461221688400824,0.5058339052848319,0.4495538778311599
271,0.2108843537414966,0.0,0.15476190476190477,0.6343537414965986
272,0.4132231404958678,0.33884297520661155,0.0,0.24793388429752067
273,0.5157232704402516,0.06289308176100629,0.0,0.42138364779874216
274,0.17325800376647835,0.0,0.7137476459510358,0.11299435028248588
275,0.4402332361516035,0.0,0.2303206997084548,0.3294460641399417
276,0.7312790302481024,0.19576299988671123,0.0,0.07295796986518636
277,0.16707021791767554,0.7005649717514124,0.13236481033091202,0.0
278,0.31775653411980065,0.3795382894335401,0.0,0.30270517644665923
279,0.11428571428571428,0.17551020408163265,0.710204081632653,0.0
280,0.0,0.03228699551569507,0.04125560538116592,0.9264573991031391
281,0.013345605154164749,0.8964565117349287,0.09019788311090658,0.0
282,0.08791208791208792,0.532967032967033,0.3791208791208791,0.0
283,0.0,0.04508670520231214,0.02697495183044316,0.9279383429672448
284,0.007064782724606772,0.0,0.017861903492402027,0.9750733137829912
285,0.12313937753721245,0.14884979702300405,0.7280108254397835,0.0
286,0.30392156862745096,0.13480392156862744,0.0,0.5612745098039216
287,0.0005763688760806917,0.5815561959654179,0.41786743515850144,0.0
288,0.6629866356769321,0.04474142940151075,0.0,0.29227193492155723
289,0.10302147797597379,0.0,0.1241354204586822,0.772843101565344
290,0.40428472702142365,0.39391845196959224,0.0,0.2017968210089841
291,0.0,0.7604023776863283,0.23593964334705075,0.003657978966620942
292,0.5745583038869257,0.29257950530035337,0.0,0.13286219081272085
293,0.0,0.12757527733755944,0.768621236133122,0.10380348652931855
294,0.4217171717171717,0.18434343434343434,0.0,0.3939393939393939
295,0.0,0.22165605095541402,0.5299363057324841,0.2484076433121019
296,0.30165289256198347,0.4256198347107438,0.2727272727272727,0.0
297,0.22988505747126436,0.0,0.3632183908045977,0.4068965517241379
298,0.2392638036809816,0.4754601226993865,0.2852760736196319,0.0
299,0.2923076923076923,0.0,0.23076923076923078,0.47692307692307695
300,0.29,0.31,0.4,0.0
301,0.13157894736842105,0.0,0.7631578947368421,0.10526315789473684
302,0.19205298013245034,0.7549668874172185,0.0,0.052980132450331126
303,0.05660377358490566,0.0,0.2641509433962264,0.6792452830188679
304,0.0,0.43478260869565216,0.34782608695652173,0.21739130434782608
305,0.125,0.0,0.0,0.875
306,0.0,0.0,0.7777777777777778,0.2222222222222222
307,0.3333333333333333,0.6666666666666666,0.0,0.0
308,0.0,0.5,0.5,0.0
309,0.0,0.4444444444444444,0.4444444444444444,0.1111111111111111
310,0.0,0.42857142857142855,0.0,0.5714285714285714
311,,,,
312,,,,
313,,,,
314,,,,
315,,,,
