,A,C,G,T
0,,,,
1,,,,
2,0.4930555555555556,0.3888888888888889,0.0,0.11805555555555555
3,0.46774193548387094,0.3709677419354839,0.0,0.16129032258064516
4,0.5113636363636364,0.23863636363636365,0.25,0.0
5,0.5393258426966292,0.15730337078651685,0.0,0.30337078651685395
6,0.36585365853658536,0.0,0.4146341463414634,0.21951219512195122
7,0.0,0.06504065040650407,0.7560975609756098,0.17886178861788618
8,0.7845804988662132,0.16099773242630386,0.0,0.05442176870748299
9,0.24923076923076923,0.0,0.2276923076923077,0.5230769230769231
10,0.23076923076923078,0.6153846153846154,0.15384615384615385,0.0
11,0.3090909090909091,0.41818181818181815,0.0,0.2727272727272727
12,0.4028776978417266,0.2158273381294964,0.0,0.381294964028777
13,0.4375,0.5416666666666666,0.020833333333333332,0.0
14,0.4727272727272727,0.09090909090909091,0.0,0.43636363636363634
15,0.06201550387596899,0.813953488372093,0.0,0.12403100775193798
16,0.0,0.7397260273972602,0.0547945205479452,0.2054794520547945
17,0.676595744680851,0.19574468085106383,0.0,0.1276595744680851
18,0.2777777777777778,0.1111111111111111,0.6111111111111112,0.0
19,0.375,0.0,0.375,0.25
20,0.43915343915343913,0.0,0.5608465608465608,0.0
21,0.25,0.15,0.0,0.6
22,0.08333333333333333,0.20833333333333334,0.0,0.7083333333333334
23,0.3333333333333333,0.125,0.0,0.5416666666666666
24,0.22727272727272727,0.13636363636363635,0.0,0.6363636363636364
25,0.12,0.2,0.0,0.68
26,0.0,0.5210084033613446,0.37815126050420167,0.10084033613445378
27,0.38461538461538464,0.23931623931623933,0.0,0.37606837606837606
28,0.6371191135734072,0.3268698060941828,0.0,0.036011080332409975
29,0.3333333333333333,0.0,0.22727272727272727,0.4393939393939394
30,0.025252525252525252,0.803030303030303,0.1717171717171717,0.0
31,0.046875,0.375,0.578125,0.0
32,0.7184466019417476,0.14563106796116504,0.0,0.13592233009708737
33,0.6046511627906976,0.11627906976744186,0.0,0.27906976744186046
34,0.12121212121212122,0.6666666666666666,0.21212121212121213,0.0
35,0.5140845070422535,0.0,0.2605633802816901,0.22535211267605634
36,0.6527777777777778,0.0,0.20833333333333334,0.1388888888888889
37,0.0,0.18309859154929578,0.5633802816901409,0.2535211267605634
38,0.4444444444444444,0.4305555555555556,0.0,0.125
39,0.16666666666666666,0.0,0.20833333333333334,0.625
40,0.5,0.0,0.25,0.25
41,0.049707602339181284,0.06286549707602339,0.8874269005847953,0.0
42,0.06666666666666667,0.06666666666666667,0.0,0.8666666666666667
43,0.4166666666666667,0.125,0.0,0.4583333333333333
44,0.6173913043478261,0.2,0.0,0.1826086956521739
45,0.7333333333333333,0.08333333333333333,0.0,0.18333333333333332
46,0.8345323741007195,0.09352517985611511,0.0,0.07194244604316546
47,0.38461538461538464,0.3076923076923077,0.0,0.3076923076923077
48,0.225,0.325,0.45,0.0
49,0.4444444444444444,0.0,0.25925925925925924,0.2962962962962963
50,0.34065934065934067,0.0,0.14285714285714285,0.5164835164835165
51,0.2962962962962963,0.0,0.4691358024691358,0.2345679012345679
52,0.10204081632653061,0.4489795918367347,0.4489795918367347,0.0
53,0.5375,0.3125,0.0,0.15
54,0.0,0.6515151515151515,0.22727272727272727,0.12121212121212122
55,0.0,0.2859399684044234,0.6714060031595577,0.04265402843601896
56,0.0,0.3048780487804878,0.6341463414634146,0.06097560975609756
57,0.4372093023255814,0.0,0.4883720930232558,0.07441860465116279
58,0.0,0.5357142857142857,0.4642857142857143,0.0
59,0.2755102040816326,0.0,0.5714285714285714,0.15306122448979592
60,0.10784313725490197,0.43137254901960786,0.46078431372549017,0.0
61,0.575,0.0,0.25,0.175
62,0.20512820512820512,0.0,0.4700854700854701,0.3247863247863248
63,0.14285714285714285,0.25,0.6071428571428571,0.0
64,0.19047619047619047,0.09523809523809523,0.0,0.7142857142857143
65,0.0547945205479452,0.7671232876712328,0.1780821917808219,0.0
66,0.6954887218045113,0.03007518796992481,0.0,0.2744360902255639
67,0.21238938053097345,0.0,0.058997050147492625,0.7286135693215339
68,0.0,0.13095238095238096,0.5357142857142857,0.3333333333333333
69,0.8071428571428572,0.11428571428571428,0.0,0.07857142857142857
70,0.06164383561643835,0.0,0.5445205479452054,0.3938356164383562
71,0.15283842794759825,0.0,0.5676855895196506,0.2794759825327511
72,0.1610738255033557,0.35570469798657717,0.48322147651006714,0.0
73,0.34285714285714286,0.0,0.34285714285714286,0.3142857142857143
74,0.16145833333333334,0.4895833333333333,0.3489583333333333,0.0
75,0.3333333333333333,0.09523809523809523,0.0,0.5714285714285714
76,0.5833333333333334,0.2037037037037037,0.0,0.21296296296296297
77,0.7252985884907709,0.1737242128121607,0.0,0.10097719869706841
78,0.2603305785123967,0.5537190082644629,0.1859504132231405,0.0
79,0.16346153846153846,0.625,0.21153846153846154,0.0
80,0.17857142857142858,0.0,0.15,0.6714285714285714
81,0.0,0.2946859903381642,0.5531400966183575,0.15217391304347827
82,0.19931271477663232,0.0,0.434135166093929,0.3665521191294387
83,0.1826086956521739,0.0,0.24057971014492754,0.5768115942028985
84,0.21957040572792363,0.649164677804296,0.13126491646778043,0.0
85,0.14925373134328357,0.5671641791044776,0.2835820895522388,0.0
86,0.21138211382113822,0.0,0.06504065040650407,0.7235772357723578
87,0.0,0.28699551569506726,0.6457399103139013,0.06726457399103139
88,0.42924528301886794,0.3915094339622642,0.0,0.1792452830188679
89,0.22545454545454546,0.6,0.17454545454545456,0.0
90,0.5878378378378378,0.20270270270270271,0.0,0.20945945945945946
91,0.6242868785656072,0.29095354523227385,0.0,0.08475957620211899
92,0.22439024390243903,0.0,0.2634146341463415,0.5121951219512195
93,0.3188405797101449,0.263768115942029,0.41739130434782606,0.0
94,0.4235294117647059,0.0,0.14901960784313725,0.42745098039215684
95,0.066006600660066,0.7194719471947195,0.2145214521452145,0.0
96,0.375,0.3720588235294118,0.0,0.2529411764705882
97,0.35968379446640314,0.0,0.22529644268774704,0.4150197628458498
98,0.22661122661122662,0.6216216216216216,0.15176715176715178,0.0
99,0.0,0.26411960132890366,0.5714285714285714,0.1644518272425249
100,0.13043478260869565,0.2608695652173913,0.6086956521739131,0.0
101,0.5536626916524702,0.21890971039182283,0.0,0.227427597955707
102,0.4069400630914827,0.0,0.20504731861198738,0.38801261829652994
103,0.0,0.6559139784946236,0.20430107526881722,0.13978494623655913
104,0.25225225225225223,0.0,0.22972972972972974,0.5180180180180181
105,0.02702702702702703,0.24324324324324326,0.7297297297297297,0.0
106,0.16666666666666666,0.125,0.0,0.7083333333333334
107,0.15384615384615385,0.23076923076923078,0.0,0.6153846153846154
108,0.40559440559440557,0.16083916083916083,0.0,0.43356643356643354
109,0.07407407407407407,0.5555555555555556,0.37037037037037035,0.0
110,0.1111111111111111,0.0,0.6666666666666666,0.2222222222222222
111,0.25,0.0,0.5,0.25
112,0.26666666666666666,0.13333333333333333,0.0,0.6
113,0.1411764705882353,0.0,0.24705882352941178,0.611764705882353
114,0.5384615384615384,0.0,0.15384615384615385,0.3076923076923077
115,0.0,0.16666666666666666,0.3680555555555556,0.4652777777777778
116,0.3333333333333333,0.23809523809523808,0.0,0.42857142857142855
117,0.5273311897106109,0.2958199356913183,0.0,0.17684887459807075
118,0.13924050632911392,0.0,0.46835443037974683,0.3924050632911392
119,0.11244979919678715,0.6385542168674698,0.24899598393574296,0.0
120,0.010256410256410256,0.9008547008547009,0.08888888888888889,0.0
121,0.6956521739130435,0.0,0.08695652173913043,0.21739130434782608
122,0.3308270676691729,0.0,0.03007518796992481,0.6390977443609023
123,0.75,0.08333333333333333,0.0,0.16666666666666666
124,0.5833333333333334,0.21666666666666667,0.0,0.2
125,0.3753501400560224,0.37254901960784315,0.0,0.25210084033613445
126,0.0,0.5533980582524272,0.39805825242718446,0.04854368932038835
127,0.0,0.0625,0.925,0.0125
128,0.0,0.08484848484848485,0.8,0.11515151515151516
129,0.16393442622950818,0.39344262295081966,0.0,0.4426229508196721
130,0.24444444444444444,0.13333333333333333,0.0,0.6222222222222222
131,0.48226950354609927,0.3073286052009456,0.0,0.21040189125295508
132,0.24752475247524752,0.0,0.46534653465346537,0.2871287128712871
133,0.04060913705583756,0.47715736040609136,0.48223350253807107,0.0
134,0.2916666666666667,0.2638888888888889,0.0,0.4444444444444444
135,0.30158730158730157,0.4126984126984127,0.0,0.2857142857142857
136,0.0,0.08743169398907104,0.8360655737704918,0.07650273224043716
137,0.7808219178082192,0.15753424657534246,0.0,0.06164383561643835
138,0.0380952380952381,0.02857142857142857,0.9333333333333333,0.0
139,0.36585365853658536,0.024390243902439025,0.0,0.6097560975609756
140,0.15254237288135594,0.4576271186440678,0.0,0.3898305084745763
141,0.6312769010043041,0.31850789096126253,0.0,0.05021520803443329
142,0.06329113924050633,0.2911392405063291,0.6455696202531646,0.0
143,0.08984375,0.640625,0.26953125,0.0
144,0.20238095238095238,0.23809523809523808,0.0,0.5595238095238095
145,0.07167235494880546,0.8156996587030717,0.0,0.11262798634812286
146,0.4057377049180328,0.0,0.21311475409836064,0.38114754098360654
147,0.34375,0.0,0.15,0.50625
148,0.8049382716049382,0.02962962962962963,0.0,0.1654320987654321
149,0.24029574861367836,0.4898336414048059,0.2698706099815157,0.0
150,0.0,0.041935483870967745,0.8129032258064516,0.14516129032258066
151,0.07407407407407407,0.12962962962962962,0.7962962962962963,0.0
152,0.2413162705667276,0.4954296160877514,0.263254113345521,0.0
153,0.0,0.32550335570469796,0.6208053691275168,0.053691275167785234
154,0.6181818181818182,0.30454545454545456,0.0,0.07727272727272727
155,0.0,0.3665158371040724,0.48868778280542985,0.14479638009049775
156,0.0,0.1484593837535014,0.7815126050420168,0.0700280112044818
157,0.4334038054968288,0.5158562367864693,0.0,0.0507399577167019
158,0.20861372812920592,0.0,0.1695827725437416,0.6218034993270525
159,0.0,0.3285302593659942,0.6109510086455331,0.06051873198847262
160,0.0,0.17729393468118196,0.7465007776049767,0.07620528771384137
161,0.0,0.228643216080402,0.6155778894472361,0.15577889447236182
162,0.395021645021645,0.3939393939393939,0.0,0.21103896103896103
163,0.25155666251556663,0.0,0.34620174346201743,0.40224159402241594
164,0.2420091324200913,0.4680365296803653,0.2899543378995434,0.0
165,0.0,0.22842639593908629,0.5558375634517766,0.21573604060913706
166,0.0,0.1437308868501529,0.5412844036697247,0.3149847094801223
167,0.19781420765027322,0.0,0.30273224043715846,0.4994535519125683
168,0.0,0.10329670329670329,0.7692307692307693,0.12747252747252746
169,0.8329608938547486,0.1452513966480447,0.0,0.021787709497206705
170,0.15463917525773196,0.6056701030927835,0.23969072164948454,0.0
171,0.09090909090909091,0.4380165289256198,0.47107438016528924,0.0
172,0.0,0.35968379446640314,0.1067193675889328,0.5335968379446641
173,0.04487179487179487,0.0,0.07051282051282051,0.8846153846153846
174,0.6198830409356725,0.21637426900584794,0.0,0.16374269005847952
175,0.515748031496063,0.0,0.25196850393700787,0.23228346456692914
176,0.32142857142857145,0.45714285714285713,0.0,0.22142857142857142
177,0.0,0.3069306930693069,0.6633663366336634,0.0297029702970297
178,0.5,0.0,0.08139534883720931,0.4186046511627907
179,0.0,0.2916666666666667,0.29545454545454547,0.4128787878787879
180,0.6344370860927152,0.07417218543046358,0.0,0.2913907284768212
181,0.4220398593200469,0.0,0.18874560375146543,0.3892145369284877
182,0.0,0.22764227642276422,0.40040650406504064,0.3719512195121951
183,0.1111111111111111,0.32098765432098764,0.5679012345679012,0.0
184,0.0,0.40310077519379844,0.06201550387596899,0.5348837209302325
185,0.01557632398753894,0.8442367601246106,0.14018691588785046,0.0
186,0.5768261964735516,0.12090680100755667,0.0,0.3022670025188917
187,0.09433962264150944,0.0,0.6968553459119496,0.2088050314465409
188,0.3424657534246575,0.363013698630137,0.2945205479452055,0.0
189,0.15483870967741936,0.7225806451612903,0.0,0.12258064516129032
190,0.564748201438849,0.0,0.2158273381294964,0.21942446043165467
191,0.3046875,0.4765625,0.0,0.21875
192,0.08917197452229299,0.36942675159235666,0.5414012738853503,0.0
193,0.7777777777777778,0.0,0.16666666666666666,0.05555555555555555
194,0.19148936170212766,0.5602836879432624,0.0,0.24822695035460993
195,0.30939226519337015,0.643646408839779,0.0,0.04696132596685083
196,0.032520325203252036,0.6829268292682927,0.2845528455284553,0.0
197,0.5151515151515151,0.3181818181818182,0.0,0.16666666666666666
198,0.0,0.29955947136563876,0.6916299559471366,0.00881057268722467
199,0.0,0.1983695652173913,0.7608695652173914,0.04076086956521739
200,0.0,0.20967741935483872,0.6330645161290323,0.15725806451612903
201,0.3103448275862069,0.4827586206896552,0.0,0.20689655172413793
202,0.8333333333333334,0.08854166666666667,0.0,0.078125
203,0.4878048780487805,0.0,0.35365853658536583,0.15853658536585366
204,0.0,0.8636363636363636,0.09090909090909091,0.045454545454545456
205,0.7424242424242424,0.06060606060606061,0.0,0.19696969696969696
206,0.9507874015748031,0.023622047244094488,0.0,0.025590551181102362
207,0.2671232876712329,0.2671232876712329,0.4657534246575342,0.0
208,0.17857142857142858,0.30357142857142855,0.5178571428571429,0.0
209,0.2647058823529412,0.0,0.051470588235294115,0.6838235294117647
210,0.0,0.045,0.49,0.465
211,0.08811475409836066,0.0,0.19057377049180327,0.7213114754098361
212,0.2916666666666667,0.0,0.13690476190476192,0.5714285714285714
213,0.0,0.19240506329113924,0.589873417721519,0.21772151898734177
214,0.16666666666666666,0.24074074074074073,0.5925925925925926,0.0
215,0.22413793103448276,0.0,0.3137931034482759,0.46206896551724136
216,0.4020618556701031,0.10309278350515463,0.4948453608247423,0.0
217,0.32673267326732675,0.0,0.1188118811881188,0.5544554455445545
218,0.28846153846153844,0.0,0.20192307692307693,0.5096153846153846
219,0.0,0.42857142857142855,0.32142857142857145,0.25
220,0.4117647058823529,0.23529411764705882,0.0,0.35294117647058826
221,0.0,0.12643678160919541,0.8045977011494253,0.06896551724137931
222,0.5465116279069767,0.22093023255813954,0.0,0.23255813953488372
223,0.0,0.4074074074074074,0.5555555555555556,0.037037037037037035
224,0.14903846153846154,0.7644230769230769,0.08653846153846154,0.0
225,0.8611111111111112,0.013888888888888888,0.0,0.125
226,0.0,0.65,0.275,0.075
227,0.16766467065868262,0.7065868263473054,0.12574850299401197,0.0
228,0.17391304347826086,0.16521739130434782,0.6608695652173913,0.0
229,0.27380952380952384,0.0,0.17857142857142858,0.5476190476190477
230,0.0,0.45674740484429066,0.4429065743944637,0.10034602076124567
231,0.0,0.2830687830687831,0.6984126984126984,0.018518518518518517
232,0.0,0.23492723492723494,0.6528066528066528,0.11226611226611227
233,0.4772727272727273,0.4155844155844156,0.0,0.10714285714285714
234,0.0,0.19886363636363635,0.7670454545454546,0.03409090909090909
235,0.0,0.16730038022813687,0.7984790874524715,0.034220532319391636
236,0.17218543046357615,0.0,0.15894039735099338,0.6688741721854304
237,0.0,0.06930693069306931,0.594059405940594,0.33663366336633666
238,0.09686609686609686,0.0,0.10541310541310542,0.7977207977207977
239,0.47540983606557374,0.18032786885245902,0.0,0.3442622950819672
240,0.6013071895424836,0.17973856209150327,0.0,0.21895424836601307
241,0.05429864253393665,0.0,0.1085972850678733,0.8371040723981901
242,0.5156756756756756,0.31027027027027027,0.0,0.17405405405405405
243,0.15151515151515152,0.4393939393939394,0.4090909090909091,0.0
244,0.0,0.0953757225433526,0.023121387283236993,0.8815028901734104
245,0.03731343283582089,0.7985074626865671,0.16417910447761194,0.0
246,0.05343511450381679,0.0,0.0916030534351145,0.8549618320610687
247,0.23809523809523808,0.0,0.7619047619047619,0.0
248,0.5083333333333333,0.34375,0.0,0.14791666666666667
249,0.11702127659574468,0.0,0.8563829787234043,0.026595744680851064
250,0.0,0.1111111111111111,0.1746031746031746,0.7142857142857143
251,0.0,0.5205811138014528,0.43099273607748184,0.048426150121065374
252,0.0,0.3487179487179487,0.17435897435897435,0.47692307692307695
253,0.043478260869565216,0.34782608695652173,0.6086956521739131,0.0
254,0.5263157894736842,0.2736842105263158,0.0,0.2
255,0.0,0.24813895781637718,0.674937965260546,0.07692307692307693
256,0.0,0.2779220779220779,0.7012987012987013,0.02077922077922078
257,0.16810344827586207,0.0,0.21120689655172414,0.6206896551724138
258,0.0,0.1388888888888889,0.7129629629629629,0.14814814814814814
259,0.6606060606060606,0.3242424242424242,0.0,0.015151515151515152
260,0.18143459915611815,0.0,0.10548523206751055,0.7130801687763713
261,0.17094017094017094,0.0,0.48717948717948717,0.3418803418803419
262,0.2857142857142857,0.2857142857142857,0.42857142857142855,0.0
263,0.3,0.5,0.0,0.2
264,0.0,0.4767025089605735,0.5232974910394266,0.0
265,0.0,0.2663316582914573,0.5979899497487438,0.135678391959799
266,0.0,0.15777777777777777,0.7777777777777778,0.06444444444444444
267,0.0,0.23774509803921567,0.7205882352941176,0.041666666666666664
268,0.06499261447562776,0.0,0.35450516986706054,0.5805022156573116
269,0.1388888888888889,0.0,0.3125,0.5486111111111112
270,0.2777777777777778,0.3888888888888889,0.0,0.3333333333333333
271,0.0,0.5092592592592593,0.46296296296296297,0.027777777777777776
272,0.325,0.5907894736842105,0.0,0.08421052631578947
273,0.3,0.1,0.0,0.6
274,0.0,0.5714285714285714,0.42857142857142855,0.0
275,0.28888888888888886,0.0,0.06666666666666667,0.6444444444444445
276,0.0,0.043478260869565216,0.18012422360248448,0.7763975155279503
277,0.25,0.0,0.21428571428571427,0.5357142857142857
278,0.5576923076923077,0.2692307692307692,0.0,0.17307692307692307
279,0.6,0.0,0.0,0.4
280,0.12903225806451613,0.0,0.8387096774193549,0.03225806451612903
281,0.21951219512195122,0.0,0.024390243902439025,0.7560975609756098
282,0.5915032679738562,0.36764705882352944,0.0,0.04084967320261438
283,0.08333333333333333,0.5666666666666667,0.35,0.0
284,0.3221990257480863,0.4488517745302714,0.0,0.22894919972164232
285,0.0,0.14285714285714285,0.8571428571428571,0.0
286,0.0,0.2,0.1,0.7
287,0.004,0.944,0.052,0.0
288,0.0196078431372549,0.7647058823529411,0.21568627450980393,0.0
289,0.0,0.06390977443609022,0.015037593984962405,0.9210526315789473
290,0.004325259515570935,0.0,0.0025951557093425604,0.9930795847750865
291,0.12121212121212122,0.21212121212121213,0.6666666666666666,0.0
292,0.43333333333333335,0.03333333333333333,0.0,0.5333333333333333
293,0.0,0.917098445595855,0.08290155440414508,0.0
294,0.0,0.012658227848101266,0.740506329113924,0.2468354430379747
295,0.08670520231213873,0.0,0.3208092485549133,0.5924855491329479
296,0.2323943661971831,0.4859154929577465,0.28169014084507044,0.0
297,0.0,0.47,0.52,0.01
298,0.1794871794871795,0.5641025641025641,0.0,0.2564102564102564
299,0.0,0.4025974025974026,0.42857142857142855,0.16883116883116883
300,0.10638297872340426,0.0,0.3829787234042553,0.5106382978723404
301,0.0,0.23214285714285715,0.23214285714285715,0.5357142857142857
302,0.38461538461538464,0.23076923076923078,0.38461538461538464,0.0
303,0.03125,0.84375,0.0,0.125
304,0.3333333333333333,0.1111111111111111,0.5555555555555556,0.0
305,0.11764705882352941,0.0,0.5294117647058824,0.35294117647058826
306,0.0,0.0,1.0,0.0
307,0.0,0.0,1.0,0.0
308,0.0,1.0,0.0,0.0
309,,,,
310,,,,
311,,,,
312,0.0,0.0,0.0,1.0
313,,,,
314,,,,
315,0.0,0.0,0.0,1.0
316,,,,
317,,,,
318,,,,
319,,,,
320,,,,
321,,,,
