,A,C,G,T
0,,,,
1,,,,
2,0.9714285714285714,0.02857142857142857,0.0,0.0
3,0.018518518518518517,0.0,0.8148148148148148,0.16666666666666666
4,1.0,0.0,0.0,0.0
5,1.0,0.0,0.0,0.0
6,0.0,0.0,1.0,0.0
7,0.0,0.0,0.6428571428571429,0.35714285714285715
8,0.7674418604651163,0.20930232558139536,0.0,0.023255813953488372
9,0.5333333333333333,0.0,0.06666666666666667,0.4
10,0.0,1.0,0.0,0.0
11,0.7037037037037037,0.037037037037037035,0.0,0.25925925925925924
12,0.9166666666666666,0.0,0.08333333333333333,0.0
13,0.0,0.0,0.2857142857142857,0.7142857142857143
14,0.75,0.25,0.0,0.0
15,0.0,0.9166666666666666,0.0,0.08333333333333333
16,,,,
17,1.0,0.0,0.0,0.0
18,,,,
19,0.08333333333333333,0.0,0.8333333333333334,0.08333333333333333
20,0.0,0.0,0.8888888888888888,0.1111111111111111
21,0.0,0.0,0.0,1.0
22,0.5,0.5,0.0,0.0
23,0.0,0.0,0.0,1.0
24,0.0,0.8571428571428571,0.14285714285714285,0.0
25,,,,
26,0.0,0.25,0.25,0.5
27,0.6,0.4,0.0,0.0
28,0.0,1.0,0.0,0.0
29,0.0,0.09090909090909091,0.6363636363636364,0.2727272727272727
30,0.0,0.0,1.0,0.0
31,0.0,0.5,0.5,0.0
32,0.1,0.25,0.0,0.65
33,0.07142857142857142,0.14285714285714285,0.0,0.7857142857142857
34,0.0,1.0,0.0,0.0
35,0.6666666666666666,0.3333333333333333,0.0,0.0
36,0.0,0.8571428571428571,0.14285714285714285,0.0
37,0.0,0.18181818181818182,0.7727272727272727,0.045454545454545456
38,0.5,0.0,0.0,0.5
39,0.625,0.0,0.375,0.0
40,,,,
41,0.0,1.0,0.0,0.0
42,0.0,0.2,0.8,0.0
43,,,,
44,0.0,0.4090909090909091,0.5454545454545454,0.045454545454545456
45,0.0,0.0,0.9795918367346939,0.02040816326530612
46,,,,
47,0.0,0.0,0.0,1.0
48,,,,
49,1.0,0.0,0.0,0.0
50,1.0,0.0,0.0,0.0
51,1.0,0.0,0.0,0.0
52,,,,
53,0.1111111111111111,0.2222222222222222,0.0,0.6666666666666666
54,0.0,0.0,1.0,0.0
55,0.6,0.0,0.0,0.4
56,0.16666666666666666,0.0,0.4166666666666667,0.4166666666666667
57,0.0,0.0,0.875,0.125
58,0.5,0.0,0.5,0.0
59,0.14285714285714285,0.0,0.0,0.8571428571428571
60,0.0,1.0,0.0,0.0
61,0.5454545454545454,0.0,0.18181818181818182,0.2727272727272727
62,0.09375,0.0,0.375,0.53125
63,0.0,0.0,1.0,0.0
64,0.0,0.0,0.0,1.0
65,0.3333333333333333,0.0,0.0,0.6666666666666666
66,0.9272727272727272,0.01818181818181818,0.0,0.05454545454545454
67,0.3,0.0,0.4,0.3
68,0.5,0.5,0.0,0.0
69,1.0,0.0,0.0,0.0
70,0.0,1.0,0.0,0.0
71,0.1111111111111111,0.0,0.2962962962962963,0.5925925925925926
72,0.09090909090909091,0.09090909090909091,0.8181818181818182,0.0
73,1.0,0.0,0.0,0.0
74,0.0,0.8,0.2,0.0
75,0.5,0.5,0.0,0.0
76,0.14285714285714285,0.7142857142857143,0.0,0.14285714285714285
77,0.2631578947368421,0.5789473684210527,0.15789473684210525,0.0
78,0.3333333333333333,0.3333333333333333,0.0,0.3333333333333333
79,0.359375,0.4375,0.0,0.203125
80,0.23076923076923078,0.0,0.6153846153846154,0.15384615384615385
81,0.25,0.6,0.15,0.0
82,0.5,0.0,0.5,0.0
83,0.25,0.0,0.75,0.0
84,0.0,0.0851063829787234,0.6382978723404256,0.2765957446808511
85,0.0,1.0,0.0,0.0
86,0.06382978723404255,0.0,0.5531914893617021,0.3829787234042553
87,0.0,0.4117647058823529,0.5294117647058824,0.058823529411764705
88,0.5555555555555556,0.3950617283950617,0.0,0.04938271604938271
89,0.18,0.0,0.06,0.76
90,0.0,0.13043478260869565,0.2608695652173913,0.6086956521739131
91,0.6444444444444445,0.13333333333333333,0.0,0.2222222222222222
92,0.18518518518518517,0.6666666666666666,0.14814814814814814,0.0
93,0.68,0.04,0.0,0.28
94,0.5862068965517241,0.2413793103448276,0.0,0.1724137931034483
95,0.17647058823529413,0.7647058823529411,0.058823529411764705,0.0
96,0.2,0.3,0.0,0.5
97,0.5538461538461539,0.4,0.0,0.046153846153846156
98,0.25,0.75,0.0,0.0
99,0.25,0.55,0.2,0.0
100,0.0,0.3333333333333333,0.08333333333333333,0.5833333333333334
101,0.0,0.0,0.05263157894736842,0.9473684210526315
102,0.3,0.0,0.7,0.0
103,0.2972972972972973,0.0,0.40540540540540543,0.2972972972972973
104,0.20689655172413793,0.0,0.13793103448275862,0.6551724137931034
105,,,,
106,1.0,0.0,0.0,0.0
107,0.0,1.0,0.0,0.0
108,0.0,0.0,1.0,0.0
109,0.5769230769230769,0.4230769230769231,0.0,0.0
110,0.022222222222222223,0.0,0.0,0.9777777777777777
111,,,,
112,,,,
113,,,,
114,0.0,0.16,0.84,0.0
115,,,,
116,0.1111111111111111,0.0,0.05555555555555555,0.8333333333333334
117,1.0,0.0,0.0,0.0
118,1.0,0.0,0.0,0.0
119,0.1724137931034483,0.3793103448275862,0.0,0.4482758620689655
120,1.0,0.0,0.0,0.0
121,0.0,0.5,0.0,0.5
122,0.3,0.6,0.0,0.1
123,,,,
124,0.5,0.0,0.0,0.5
125,0.0,0.6071428571428571,0.21428571428571427,0.17857142857142858
126,0.3333333333333333,0.0,0.6666666666666666,0.0
127,,,,
128,0.0,0.36363636363636365,0.30303030303030304,0.3333333333333333
129,0.5,0.0,0.0,0.5
130,1.0,0.0,0.0,0.0
131,0.7777777777777778,0.2222222222222222,0.0,0.0
132,0.0,0.85,0.15,0.0
133,0.0,0.03571428571428571,0.5714285714285714,0.39285714285714285
134,1.0,0.0,0.0,0.0
135,,,,
136,0.8571428571428571,0.0,0.0,0.14285714285714285
137,0.8571428571428571,0.0,0.14285714285714285,0.0
138,0.6666666666666666,0.0,0.0,0.3333333333333333
139,,,,
140,0.09523809523809523,0.6190476190476191,0.0,0.2857142857142857
141,0.0,0.0,0.0,1.0
142,0.0,0.0,0.0,1.0
143,1.0,0.0,0.0,0.0
144,,,,
145,0.0,0.0,0.0,1.0
146,0.5,0.0,0.0,0.5
147,0.0,0.9090909090909091,0.09090909090909091,0.0
148,,,,
149,0.034482758620689655,0.9655172413793104,0.0,0.0
150,,,,
151,0.0,1.0,0.0,0.0
152,0.5777777777777777,0.35555555555555557,0.0,0.06666666666666667
153,0.4222222222222222,0.35555555555555557,0.2222222222222222,0.0
154,0.0,0.0,0.0,1.0
155,0.5625,0.0,0.125,0.3125
156,0.0,0.13793103448275862,0.7931034482758621,0.06896551724137931
157,0.0,0.35294117647058826,0.6470588235294118,0.0
158,0.15384615384615385,0.0,0.7307692307692307,0.11538461538461539
159,0.3333333333333333,0.4074074074074074,0.25925925925925924,0.0
160,0.0,0.5531914893617021,0.0,0.44680851063829785
161,0.0,1.0,0.0,0.0
162,0.0,0.0,0.56,0.44
163,0.0,0.41935483870967744,0.3870967741935484,0.1935483870967742
164,0.12727272727272726,0.6545454545454545,0.21818181818181817,0.0
165,0.0,0.2978723404255319,0.425531914893617,0.2765957446808511
166,0.5692307692307692,0.23076923076923078,0.0,0.2
167,0.07142857142857142,0.7857142857142857,0.14285714285714285,0.0
168,0.6666666666666666,0.0,0.0,0.3333333333333333
169,0.8275862068965517,0.034482758620689655,0.0,0.13793103448275862
170,0.7037037037037037,0.2222222222222222,0.0,0.07407407407407407
171,0.0,0.36,0.64,0.0
172,0.47126436781609193,0.5057471264367817,0.0,0.022988505747126436
173,0.171875,0.0,0.046875,0.78125
174,0.0,0.16666666666666666,0.3148148148148148,0.5185185185185185
175,0.08333333333333333,0.0,0.16666666666666666,0.75
176,0.2,0.0,0.35,0.45
177,0.45161290322580644,0.4032258064516129,0.14516129032258066,0.0
178,0.0,0.38823529411764707,0.03529411764705882,0.5764705882352941
179,0.0,0.0,0.20689655172413793,0.7931034482758621
180,0.0,0.7692307692307693,0.23076923076923078,0.0
181,0.0,0.8571428571428571,0.0,0.14285714285714285
182,0.2727272727272727,0.0,0.0,0.7272727272727273
183,0.0,1.0,0.0,0.0
184,0.0,0.6842105263157895,0.2631578947368421,0.05263157894736842
185,0.023809523809523808,0.0,0.09523809523809523,0.8809523809523809
186,0.25,0.0,0.5,0.25
187,0.0,0.0,1.0,0.0
188,0.0,0.8461538461538461,0.0,0.15384615384615385
189,0.2857142857142857,0.2857142857142857,0.42857142857142855,0.0
190,,,,
191,0.0,0.0,0.25,0.75
192,0.0,0.0,0.0,1.0
193,0.0,0.0,1.0,0.0
194,0.5833333333333334,0.0,0.3333333333333333,0.08333333333333333
195,0.0,0.84,0.16,0.0
196,0.0,0.09375,0.84375,0.0625
197,0.0,0.75,0.0,0.25
198,0.0,0.03125,0.96875,0.0
199,0.8,0.0,0.0,0.2
200,0.1875,0.625,0.1875,0.0
201,1.0,0.0,0.0,0.0
202,0.0,0.5,0.0,0.5
203,0.0,0.19230769230769232,0.7884615384615384,0.019230769230769232
204,0.4444444444444444,0.5555555555555556,0.0,0.0
205,0.0,0.8421052631578947,0.15789473684210525,0.0
206,1.0,0.0,0.0,0.0
207,0.0,0.16666666666666666,0.7916666666666666,0.041666666666666664
208,0.29411764705882354,0.0,0.29411764705882354,0.4117647058823529
209,0.125,0.0,0.125,0.75
210,0.0,0.3076923076923077,0.46153846153846156,0.23076923076923078
211,0.0,0.0,1.0,0.0
212,0.0,0.14285714285714285,0.5833333333333334,0.27380952380952384
213,0.07692307692307693,0.0,0.9230769230769231,0.0
214,0.6666666666666666,0.0,0.3333333333333333,0.0
215,0.0,0.15873015873015872,0.47619047619047616,0.36507936507936506
216,0.5473684210526316,0.29473684210526313,0.0,0.15789473684210525
217,0.2727272727272727,0.45454545454545453,0.2727272727272727,0.0
218,0.0,0.19318181818181818,0.38636363636363635,0.42045454545454547
219,1.0,0.0,0.0,0.0
220,0.0,0.14285714285714285,0.7142857142857143,0.14285714285714285
221,0.2857142857142857,0.0,0.42857142857142855,0.2857142857142857
222,0.0,0.5,0.3333333333333333,0.16666666666666666
223,0.2,0.32222222222222224,0.0,0.4777777777777778
224,0.06896551724137931,0.7931034482758621,0.0,0.13793103448275862
225,0.1111111111111111,0.3333333333333333,0.5555555555555556,0.0
226,1.0,0.0,0.0,0.0
227,0.05555555555555555,0.0,0.5555555555555556,0.3888888888888889
228,0.0,0.0,1.0,0.0
229,0.0,0.26666666666666666,0.7333333333333333,0.0
230,0.5625,0.375,0.0,0.0625
231,0.0,0.07692307692307693,0.9230769230769231,0.0
232,0.0,0.0,1.0,0.0
233,0.0379746835443038,0.0,0.4177215189873418,0.5443037974683544
234,0.0,0.0,1.0,0.0
235,0.0,0.0,0.2857142857142857,0.7142857142857143
236,0.5675675675675675,0.2972972972972973,0.0,0.13513513513513514
237,0.64,0.32,0.04,0.0
238,0.25,0.5,0.25,0.0
239,0.0,0.0,0.1875,0.8125
240,0.0,0.0,1.0,0.0
241,0.5454545454545454,0.0,0.0,0.45454545454545453
242,0.23809523809523808,0.0,0.0,0.7619047619047619
243,0.2857142857142857,0.0,0.0,0.7142857142857143
244,0.0,0.0,1.0,0.0
245,0.3,0.3,0.0,0.4
246,0.0,0.26666666666666666,0.7333333333333333,0.0
247,0.0,0.43636363636363634,0.4727272727272727,0.09090909090909091
248,0.23595505617977527,0.5955056179775281,0.0,0.16853932584269662
249,0.11627906976744186,0.0,0.46511627906976744,0.4186046511627907
250,0.0,0.9,0.1,0.0
251,0.0,1.0,0.0,0.0
252,0.0,0.11320754716981132,0.6981132075471698,0.18867924528301888
253,0.24113475177304963,0.75177304964539,0.0,0.0070921985815602835
254,0.17647058823529413,0.0,0.23529411764705882,0.5882352941176471
255,0.0,0.6666666666666666,0.3333333333333333,0.0
256,0.0,0.0,0.0,1.0
257,0.1,0.1,0.8,0.0
258,0.8333333333333334,0.0,0.0,0.16666666666666666
259,0.0,1.0,0.0,0.0
260,0.14285714285714285,0.8571428571428571,0.0,0.0
261,0.0,0.5,0.5,0.0
262,0.19047619047619047,0.0,0.5714285714285714,0.23809523809523808
263,0.04,0.0,0.4,0.56
264,0.5,0.5,0.0,0.0
265,0.375,0.0,0.0,0.625
266,1.0,0.0,0.0,0.0
267,,,,
268,0.5,0.0,0.5,0.0
269,0.7619047619047619,0.0,0.0,0.23809523809523808
270,0.0,1.0,0.0,0.0
271,,,,
272,,,,
273,0.0,0.0,0.0,1.0
274,0.0,0.0,0.0,1.0
275,0.07692307692307693,0.8461538461538461,0.0,0.07692307692307693
276,0.0,0.0,0.0,1.0
277,0.3333333333333333,0.0,0.6666666666666666,0.0
278,0.0,0.0,0.07142857142857142,0.9285714285714286
279,0.4230769230769231,0.15384615384615385,0.0,0.4230769230769231
280,0.2,0.8,0.0,0.0
281,0.14285714285714285,0.36607142857142855,0.0,0.49107142857142855
282,0.5,0.5,0.0,0.0
283,,,,
284,0.0,1.0,0.0,0.0
285,,,,
286,0.0,0.0,0.0,1.0
287,0.0,0.0,0.020833333333333332,0.9791666666666666
288,0.5,0.0,0.5,0.0
289,0.0,0.5,0.0,0.5
290,0.0,0.9285714285714286,0.07142857142857142,0.0
291,0.3333333333333333,0.6666666666666666,0.0,0.0
292,0.037037037037037035,0.0,0.48148148148148145,0.48148148148148145
293,0.07692307692307693,0.0,0.6923076923076923,0.23076923076923078
294,0.0,0.3333333333333333,0.6666666666666666,0.0
295,0.0,0.0,0.0,1.0
296,0.0,0.0,1.0,0.0
297,0.0,0.3333333333333333,0.0,0.6666666666666666
298,0.0,0.0,0.5,0.5
299,,,,
300,,,,
301,,,,
302,,,,
303,,,,
304,0.0,1.0,0.0,0.0
305,,,,
306,0.0,0.0,1.0,0.0
307,0.0,0.0,1.0,0.0
308,,,,
309,,,,
310,,,,
311,,,,
312,,,,
313,,,,
314,,,,
315,,,,
316,,,,
317,,,,
318,,,,
