,A,C,G,T
0,,,,
1,,,,
2,0.16666666666666666,0.3333333333333333,0.0,0.5
3,0.3333333333333333,0.4444444444444444,0.0,0.2222222222222222
4,0.09090909090909091,0.9090909090909091,0.0,0.0
5,0.625,0.125,0.0,0.25
6,1.0,0.0,0.0,0.0
7,0.550561797752809,0.14606741573033707,0.0,0.30337078651685395
8,0.28888888888888886,0.6,0.0,0.1111111111111111
9,0.14285714285714285,0.0,0.0,0.8571428571428571
10,1.0,0.0,0.0,0.0
11,0.4,0.0,0.0,0.6
12,0.25,0.0,0.5,0.25
13,0.0,0.058823529411764705,0.8235294117647058,0.11764705882352941
14,0.7777777777777778,0.1111111111111111,0.0,0.1111111111111111
15,0.0,0.0,0.0,1.0
16,0.0,0.25,0.25,0.5
17,0.6666666666666666,0.0,0.0,0.3333333333333333
18,0.0,0.0,1.0,0.0
19,,,,
20,0.3333333333333333,0.0,0.0,0.6666666666666666
21,0.0,0.0,0.0,1.0
22,1.0,0.0,0.0,0.0
23,0.0,0.0,0.6666666666666666,0.3333333333333333
24,0.75,0.0,0.0,0.25
25,,,,
26,0.0,0.0,0.25,0.75
27,0.5,0.5,0.0,0.0
28,0.5,0.35714285714285715,0.0,0.14285714285714285
29,0.0,0.09090909090909091,0.6363636363636364,0.2727272727272727
30,0.4444444444444444,0.0,0.07407407407407407,0.48148148148148145
31,1.0,0.0,0.0,0.0
32,0.0,0.5,0.0,0.5
33,0.0,0.9090909090909091,0.0,0.09090909090909091
34,0.0,0.875,0.125,0.0
35,0.8125,0.0625,0.0,0.125
36,0.0,0.4,0.6,0.0
37,0.0,0.09090909090909091,0.7727272727272727,0.13636363636363635
38,0.0,1.0,0.0,0.0
39,0.5,0.0,0.1,0.4
40,0.0,0.0,1.0,0.0
41,0.08823529411764706,0.8235294117647058,0.08823529411764706,0.0
42,1.0,0.0,0.0,0.0
43,0.0,0.0,0.0,1.0
44,0.0,0.1111111111111111,0.7777777777777778,0.1111111111111111
45,0.0,0.0,1.0,0.0
46,,,,
47,0.0,0.0,0.0,1.0
48,0.0,0.75,0.25,0.0
49,0.0,0.0,0.0,1.0
50,0.0,0.0,0.25,0.75
51,1.0,0.0,0.0,0.0
52,,,,
53,0.6666666666666666,0.16666666666666666,0.0,0.16666666666666666
54,0.47368421052631576,0.0,0.5263157894736842,0.0
55,0.1111111111111111,0.0,0.1111111111111111,0.7777777777777778
56,0.25,0.0,0.0,0.75
57,1.0,0.0,0.0,0.0
58,0.0,1.0,0.0,0.0
59,0.4,0.0,0.0,0.6
60,0.0,0.23076923076923078,0.7692307692307693,0.0
61,0.3125,0.0,0.15625,0.53125
62,0.04,0.0,0.24,0.72
63,0.0,0.0,1.0,0.0
64,0.0,1.0,0.0,0.0
65,1.0,0.0,0.0,0.0
66,0.0,0.07317073170731707,0.34146341463414637,0.5853658536585366
67,0.07407407407407407,0.0,0.8148148148148148,0.1111111111111111
68,0.625,0.375,0.0,0.0
69,0.0,0.5,0.0,0.5
70,0.0,1.0,0.0,0.0
71,0.0,0.0,0.2,0.8
72,0.0,1.0,0.0,0.0
73,0.0,0.0,0.0,1.0
74,0.34782608695652173,0.4782608695652174,0.17391304347826086,0.0
75,0.2,0.7333333333333333,0.0,0.06666666666666667
76,0.8235294117647058,0.058823529411764705,0.0,0.11764705882352941
77,0.8095238095238095,0.19047619047619047,0.0,0.0
78,0.45454545454545453,0.36363636363636365,0.0,0.18181818181818182
79,0.3924050632911392,0.5063291139240507,0.0,0.10126582278481013
80,0.1,0.0,0.6,0.3
81,0.0,0.75,0.25,0.0
82,0.3333333333333333,0.0,0.0,0.6666666666666666
83,0.0,0.0,0.0,1.0
84,0.0,0.1276595744680851,0.7872340425531915,0.0851063829787234
85,0.5,0.5,0.0,0.0
86,0.45454545454545453,0.0,0.13636363636363635,0.4090909090909091
87,0.0,0.1111111111111111,0.6666666666666666,0.2222222222222222
88,0.3977272727272727,0.45454545454545453,0.0,0.14772727272727273
89,0.1836734693877551,0.0,0.04081632653061224,0.7755102040816326
90,0.0,0.06666666666666667,0.7333333333333333,0.2
91,0.45454545454545453,0.4090909090909091,0.0,0.13636363636363635
92,0.37777777777777777,0.5333333333333333,0.08888888888888889,0.0
93,0.6607142857142857,0.30357142857142855,0.0,0.03571428571428571
94,0.5555555555555556,0.3194444444444444,0.0,0.125
95,0.4883720930232558,0.20930232558139536,0.3023255813953488,0.0
96,0.7555555555555555,0.2222222222222222,0.0,0.022222222222222223
97,0.5340909090909091,0.375,0.0,0.09090909090909091
98,0.2631578947368421,0.6842105263157895,0.05263157894736842,0.0
99,0.08333333333333333,0.875,0.041666666666666664,0.0
100,0.0,0.5294117647058824,0.08823529411764706,0.38235294117647056
101,0.02127659574468085,0.0,0.10638297872340426,0.8723404255319149
102,0.05714285714285714,0.9142857142857143,0.02857142857142857,0.0
103,0.0,0.3142857142857143,0.08571428571428572,0.6
104,0.0,0.0,0.125,0.875
105,,,,
106,,,,
107,0.0,1.0,0.0,0.0
108,0.0,0.16,0.56,0.28
109,0.26732673267326734,0.7326732673267327,0.0,0.0
110,0.0392156862745098,0.0,0.19607843137254902,0.7647058823529411
111,,,,
112,0.0,0.0,0.0,1.0
113,0.0,0.0,0.0,1.0
114,0.0,0.3469387755102041,0.5714285714285714,0.08163265306122448
115,0.0,0.0,1.0,0.0
116,0.2,0.0,0.1,0.7
117,1.0,0.0,0.0,0.0
118,,,,
119,0.07692307692307693,0.0,0.1282051282051282,0.7948717948717948
120,0.0,0.0,0.0,1.0
121,0.0,0.5,0.0,0.5
122,0.18181818181818182,0.7878787878787878,0.0,0.030303030303030304
123,0.3076923076923077,0.0,0.23076923076923078,0.46153846153846156
124,0.0,0.25,0.4230769230769231,0.3269230769230769
125,0.0,0.0,0.5,0.5
126,0.0,0.0,0.0,1.0
127,1.0,0.0,0.0,0.0
128,0.0,0.5,0.2222222222222222,0.2777777777777778
129,0.5,0.5,0.0,0.0
130,0.5652173913043478,0.2391304347826087,0.0,0.1956521739130435
131,0.8095238095238095,0.14285714285714285,0.0,0.047619047619047616
132,0.0,0.3333333333333333,0.6666666666666666,0.0
133,0.0,0.09375,0.90625,0.0
134,0.0,1.0,0.0,0.0
135,0.5,0.0,0.0,0.5
136,0.75,0.25,0.0,0.0
137,0.18181818181818182,0.0,0.18181818181818182,0.6363636363636364
138,1.0,0.0,0.0,0.0
139,0.2,0.6,0.2,0.0
140,0.45454545454545453,0.2727272727272727,0.0,0.2727272727272727
141,0.0,0.8,0.0,0.2
142,,,,
143,0.92,0.08,0.0,0.0
144,0.6666666666666666,0.0,0.3333333333333333,0.0
145,0.3333333333333333,0.0,0.0,0.6666666666666666
146,0.0,0.6666666666666666,0.0,0.3333333333333333
147,0.0,0.8620689655172413,0.13793103448275862,0.0
148,,,,
149,0.09523809523809523,0.047619047619047616,0.8571428571428571,0.0
150,0.0,0.0,0.0,1.0
151,0.0,1.0,0.0,0.0
152,0.358695652173913,0.4782608695652174,0.0,0.16304347826086957
153,0.35294117647058826,0.4411764705882353,0.20588235294117646,0.0
154,0.0,0.3888888888888889,0.3055555555555556,0.3055555555555556
155,0.0,0.0,0.25,0.75
156,0.0,0.11538461538461539,0.8846153846153846,0.0
157,0.0,0.6,0.4,0.0
158,0.14634146341463414,0.0,0.21951219512195122,0.6341463414634146
159,0.0,0.85,0.15,0.0
160,0.0,0.7258064516129032,0.03225806451612903,0.24193548387096775
161,0.05263157894736842,0.8421052631578947,0.10526315789473684,0.0
162,0.2112676056338028,0.4647887323943662,0.323943661971831,0.0
163,0.0,0.40625,0.34375,0.25
164,0.08108108108108109,0.0,0.02702702702702703,0.8918918918918919
165,0.0,0.5428571428571428,0.4,0.05714285714285714
166,0.3466666666666667,0.49333333333333335,0.0,0.16
167,0.09523809523809523,0.6666666666666666,0.23809523809523808,0.0
168,0.7777777777777778,0.0,0.0,0.2222222222222222
169,0.375,0.4375,0.0,0.1875
170,0.5576923076923077,0.40384615384615385,0.0,0.038461538461538464
171,0.0,0.29545454545454547,0.4772727272727273,0.22727272727272727
172,0.49056603773584906,0.44339622641509435,0.0,0.0660377358490566
173,0.34782608695652173,0.0,0.15942028985507245,0.4927536231884058
174,0.0,0.19444444444444445,0.5555555555555556,0.25
175,0.4,0.0,0.0,0.6
176,0.05555555555555555,0.0,0.3333333333333333,0.6111111111111112
177,0.2857142857142857,0.4,0.3142857142857143,0.0
178,0.0,0.36585365853658536,0.3902439024390244,0.24390243902439024
179,0.20833333333333334,0.0,0.4166666666666667,0.375
180,0.14285714285714285,0.5714285714285714,0.2857142857142857,0.0
181,0.0,0.65,0.0,0.35
182,0.07692307692307693,0.0,0.0,0.9230769230769231
183,0.0,0.0,1.0,0.0
184,0.0,0.38461538461538464,0.5384615384615384,0.07692307692307693
185,0.022727272727272728,0.0,0.06818181818181818,0.9090909090909091
186,0.12,0.0,0.6,0.28
187,0.5,0.0,0.0,0.5
188,0.4,0.4,0.0,0.2
189,0.631578947368421,0.10526315789473684,0.2631578947368421,0.0
190,1.0,0.0,0.0,0.0
191,0.2,0.0,0.2,0.6
192,0.0,0.0,0.9,0.1
193,0.0,0.5,0.5,0.0
194,0.1724137931034483,0.0,0.5172413793103449,0.3103448275862069
195,0.0,0.6935483870967742,0.27419354838709675,0.03225806451612903
196,0.0,0.05263157894736842,0.868421052631579,0.07894736842105263
197,0.11538461538461539,0.7307692307692307,0.0,0.15384615384615385
198,0.0,0.043478260869565216,0.9565217391304348,0.0
199,0.375,0.375,0.0,0.25
200,0.0,0.9583333333333334,0.041666666666666664,0.0
201,0.5,0.0,0.0,0.5
202,1.0,0.0,0.0,0.0
203,0.0,0.7142857142857143,0.2857142857142857,0.0
204,0.10989010989010989,0.8571428571428571,0.0,0.03296703296703297
205,0.0,0.8888888888888888,0.1111111111111111,0.0
206,0.08695652173913043,0.5652173913043478,0.34782608695652173,0.0
207,0.0,0.045454545454545456,0.45454545454545453,0.5
208,0.18,0.0,0.3,0.52
209,0.13636363636363635,0.0,0.5454545454545454,0.3181818181818182
210,0.0,0.043478260869565216,0.34782608695652173,0.6086956521739131
211,0.16666666666666666,0.3333333333333333,0.5,0.0
212,0.0,0.1320754716981132,0.4528301886792453,0.41509433962264153
213,0.5,0.25,0.25,0.0
214,0.3333333333333333,0.0,0.0,0.6666666666666666
215,0.0,0.4166666666666667,0.3333333333333333,0.25
216,0.3684210526315789,0.5526315789473685,0.0,0.07894736842105263
217,0.18518518518518517,0.6296296296296297,0.18518518518518517,0.0
218,0.0,0.1794871794871795,0.6153846153846154,0.20512820512820512
219,0.0,1.0,0.0,0.0
220,0.0,0.0,0.9,0.1
221,0.08333333333333333,0.0,0.0,0.9166666666666666
222,0.0,0.39285714285714285,0.4642857142857143,0.14285714285714285
223,0.17857142857142858,0.0,0.42857142857142855,0.39285714285714285
224,0.5789473684210527,0.21052631578947367,0.0,0.21052631578947367
225,0.2,0.6,0.2,0.0
226,0.5,0.0,0.0,0.5
227,0.0,0.9375,0.0625,0.0
228,0.0,0.3,0.7,0.0
229,0.0,0.1,0.8666666666666667,0.03333333333333333
230,0.3157894736842105,0.5789473684210527,0.0,0.10526315789473684
231,0.0,0.25,0.75,0.0
232,0.0,0.1702127659574468,0.7659574468085106,0.06382978723404255
233,0.0,0.0,0.35555555555555557,0.6444444444444445
234,0.0,0.0,1.0,0.0
235,0.0,0.0,0.8,0.2
236,0.5818181818181818,0.38181818181818183,0.0,0.03636363636363636
237,0.29411764705882354,0.6470588235294118,0.058823529411764705,0.0
238,0.0,0.5,0.5,0.0
239,0.025,0.0,0.225,0.75
240,0.14285714285714285,0.2857142857142857,0.5714285714285714,0.0
241,0.19230769230769232,0.0,0.0,0.8076923076923077
242,0.08333333333333333,0.0,0.4166666666666667,0.5
243,0.0,0.0,0.0,1.0
244,0.2,0.0,0.8,0.0
245,0.2857142857142857,0.42857142857142855,0.0,0.2857142857142857
246,0.0,0.3,0.6,0.1
247,0.0,0.35802469135802467,0.5925925925925926,0.04938271604938271
248,0.4367816091954023,0.45977011494252873,0.0,0.10344827586206896
249,0.10526315789473684,0.0,0.3157894736842105,0.5789473684210527
250,0.0,0.0,1.0,0.0
251,0.3076923076923077,0.6153846153846154,0.0,0.07692307692307693
252,0.0,0.3333333333333333,0.3333333333333333,0.3333333333333333
253,0.18831168831168832,0.8051948051948052,0.0,0.006493506493506494
254,0.0196078431372549,0.0,0.39215686274509803,0.5882352941176471
255,0.0,0.0,1.0,0.0
256,0.0,0.0,1.0,0.0
257,0.0,0.7083333333333334,0.2916666666666667,0.0
258,0.2222222222222222,0.4074074074074074,0.0,0.37037037037037035
259,0.2,0.4,0.4,0.0
260,0.23809523809523808,0.5238095238095238,0.0,0.23809523809523808
261,0.0,0.0,0.2,0.8
262,0.0,0.0,0.8181818181818182,0.18181818181818182
263,0.02127659574468085,0.48936170212765956,0.48936170212765956,0.0
264,0.6666666666666666,0.3333333333333333,0.0,0.0
265,0.5714285714285714,0.0,0.047619047619047616,0.38095238095238093
266,0.16666666666666666,0.0,0.6666666666666666,0.16666666666666666
267,0.5,0.0,0.0,0.5
268,,,,
269,0.631578947368421,0.05263157894736842,0.0,0.3157894736842105
270,0.5,0.0,0.0,0.5
271,0.0,0.0,1.0,0.0
272,0.2857142857142857,0.0,0.0,0.7142857142857143
273,0.0,0.0,0.4,0.6
274,0.0,0.0,0.0,1.0
275,0.0,0.0,0.0,1.0
276,0.0,0.0,0.0,1.0
277,0.0,0.0,1.0,0.0
278,0.0,0.0,0.0,1.0
279,0.7636363636363637,0.10909090909090909,0.0,0.12727272727272726
280,0.25,0.5,0.25,0.0
281,0.2755905511811024,0.5118110236220472,0.0,0.2125984251968504
282,,,,
283,0.0,0.5,0.0,0.5
284,0.0,0.9743589743589743,0.02564102564102564,0.0
285,0.2,0.6,0.2,0.0
286,0.0,0.045454545454545456,0.022727272727272728,0.9318181818181818
287,0.0,0.0,0.018867924528301886,0.9811320754716981
288,0.4,0.0,0.6,0.0
289,,,,
290,0.0,0.8823529411764706,0.11764705882352941,0.0
291,0.9090909090909091,0.0,0.0,0.09090909090909091
292,0.0,0.0,0.0,1.0
293,1.0,0.0,0.0,0.0
294,0.631578947368421,0.0,0.3684210526315789,0.0
295,,,,
296,0.6666666666666666,0.0,0.3333333333333333,0.0
297,0.0,0.0,0.5,0.5
298,,,,
299,,,,
300,,,,
301,,,,
302,,,,
303,0.0,0.0,0.0,1.0
304,,,,
305,,,,
306,,,,
307,,,,
308,,,,
309,,,,
310,,,,
311,,,,
312,,,,
313,,,,
