,A,C,G,T
0,,,,
1,,,,
2,0.5333333333333333,0.36666666666666664,0.0,0.1
3,0.4090909090909091,0.36363636363636365,0.0,0.22727272727272727
4,0.40625,0.34375,0.25,0.0
5,0.3333333333333333,0.0,0.0,0.6666666666666666
6,0.35,0.0,0.5,0.15
7,0.0,0.11904761904761904,0.5952380952380952,0.2857142857142857
8,0.5560538116591929,0.4304932735426009,0.0,0.013452914798206279
9,0.03773584905660377,0.0,0.2358490566037736,0.7264150943396226
10,0.25,0.75,0.0,0.0
11,0.5675675675675675,0.35135135135135137,0.0,0.08108108108108109
12,0.2413793103448276,0.6379310344827587,0.0,0.1206896551724138
13,0.8133333333333334,0.18666666666666668,0.0,0.0
14,0.5636363636363636,0.20909090909090908,0.0,0.22727272727272727
15,0.2,0.0,0.2,0.6
16,0.0,0.4,0.4,0.2
17,0.88,0.1,0.0,0.02
18,0.08695652173913043,0.6956521739130435,0.21739130434782608,0.0
19,0.625,0.0,0.375,0.0
20,0.41025641025641024,0.46153846153846156,0.1282051282051282,0.0
21,0.4444444444444444,0.2222222222222222,0.0,0.3333333333333333
22,0.36666666666666664,0.3333333333333333,0.0,0.3
23,0.4,0.0,0.0,0.6
24,0.4122137404580153,0.3435114503816794,0.0,0.24427480916030533
25,0.3333333333333333,0.0,0.16666666666666666,0.5
26,0.2459016393442623,0.5245901639344263,0.22950819672131148,0.0
27,0.2857142857142857,0.14285714285714285,0.0,0.5714285714285714
28,0.0,0.7,0.1,0.2
29,0.7684210526315789,0.10526315789473684,0.0,0.12631578947368421
30,0.4714285714285714,0.22857142857142856,0.0,0.3
31,0.07692307692307693,0.46153846153846156,0.46153846153846156,0.0
32,0.05,0.525,0.0,0.425
33,0.0,0.68,0.24,0.08
34,0.0,0.16883116883116883,0.7662337662337663,0.06493506493506493
35,0.2727272727272727,0.36363636363636365,0.0,0.36363636363636365
36,0.0,0.42,0.54,0.04
37,0.0,0.2318840579710145,0.6811594202898551,0.08695652173913043
38,0.4166666666666667,0.2777777777777778,0.0,0.3055555555555556
39,0.43243243243243246,0.0,0.10810810810810811,0.4594594594594595
40,0.3333333333333333,0.0,0.16666666666666666,0.5
41,0.14285714285714285,0.21428571428571427,0.6428571428571429,0.0
42,0.16666666666666666,0.25,0.0,0.5833333333333334
43,0.76,0.2,0.0,0.04
44,0.0967741935483871,0.3225806451612903,0.0,0.5806451612903226
45,0.08791208791208792,0.0,0.9120879120879121,0.0
46,0.2857142857142857,0.0,0.2857142857142857,0.42857142857142855
47,0.14545454545454545,0.0,0.7272727272727273,0.12727272727272726
48,0.07142857142857142,0.6428571428571429,0.2857142857142857,0.0
49,0.5,0.0,0.16666666666666666,0.3333333333333333
50,0.7709923664122137,0.19083969465648856,0.0,0.03816793893129771
51,0.34782608695652173,0.30434782608695654,0.0,0.34782608695652173
52,0.16666666666666666,0.6666666666666666,0.16666666666666666,0.0
53,0.20689655172413793,0.13793103448275862,0.0,0.6551724137931034
54,0.0,0.6086956521739131,0.391304347826087,0.0
55,0.0,0.2222222222222222,0.75,0.027777777777777776
56,0.9212598425196851,0.03937007874015748,0.0,0.03937007874015748
57,0.4878048780487805,0.36585365853658536,0.0,0.14634146341463414
58,0.14285714285714285,0.5714285714285714,0.2857142857142857,0.0
59,0.06818181818181818,0.0,0.1590909090909091,0.7727272727272727
60,0.1,0.3,0.6,0.0
61,0.5714285714285714,0.0,0.14285714285714285,0.2857142857142857
62,0.4117647058823529,0.0,0.35294117647058826,0.23529411764705882
63,0.0,1.0,0.0,0.0
64,0.6666666666666666,0.0,0.0,0.3333333333333333
65,0.018018018018018018,0.0,0.0,0.9819819819819819
66,0.0,0.6590909090909091,0.3181818181818182,0.022727272727272728
67,0.0,0.23148148148148148,0.5462962962962963,0.2222222222222222
68,0.9473684210526315,0.05263157894736842,0.0,0.0
69,0.6363636363636364,0.22727272727272727,0.0,0.13636363636363635
70,0.09090909090909091,0.0,0.08080808080808081,0.8282828282828283
71,0.0967741935483871,0.8617511520737328,0.041474654377880185,0.0
72,0.16,0.56,0.28,0.0
73,0.3333333333333333,0.0,0.08333333333333333,0.5833333333333334
74,0.13978494623655913,0.5483870967741935,0.3118279569892473,0.0
75,0.6666666666666666,0.16666666666666666,0.0,0.16666666666666666
76,0.41379310344827586,0.4482758620689655,0.0,0.13793103448275862
77,0.0,0.32142857142857145,0.4642857142857143,0.21428571428571427
78,0.28378378378378377,0.02702702702702703,0.0,0.6891891891891891
79,0.8846153846153846,0.0641025641025641,0.0,0.05128205128205128
80,0.43137254901960786,0.0,0.43137254901960786,0.13725490196078433
81,0.0,0.27450980392156865,0.35294117647058826,0.37254901960784315
82,0.3007518796992481,0.0,0.43609022556390975,0.2631578947368421
83,0.26865671641791045,0.0,0.20149253731343283,0.5298507462686567
84,0.11428571428571428,0.7428571428571429,0.14285714285714285,0.0
85,0.11428571428571428,0.8,0.08571428571428572,0.0
86,0.3448275862068966,0.0,0.27586206896551724,0.3793103448275862
87,0.0,0.10101010101010101,0.7676767676767676,0.13131313131313133
88,0.5463917525773195,0.3470790378006873,0.0,0.10652920962199312
89,0.18857142857142858,0.0,0.18285714285714286,0.6285714285714286
90,0.0,0.13675213675213677,0.6837606837606838,0.1794871794871795
91,0.5808080808080808,0.33585858585858586,0.0,0.08333333333333333
92,0.14331210191082802,0.0,0.12738853503184713,0.7292993630573248
93,0.30131004366812225,0.5283842794759825,0.1703056768558952,0.0
94,0.0,0.3111111111111111,0.05185185185185185,0.6370370370370371
95,0.0380952380952381,0.8285714285714286,0.13333333333333333,0.0
96,0.47767857142857145,0.20089285714285715,0.0,0.32142857142857145
97,0.11145510835913312,0.0,0.6222910216718266,0.26625386996904027
98,0.2468354430379747,0.5632911392405063,0.189873417721519,0.0
99,0.0,0.14506172839506173,0.4012345679012346,0.4537037037037037
100,0.6086956521739131,0.21739130434782608,0.17391304347826086,0.0
101,0.18072289156626506,0.0,0.2289156626506024,0.5903614457831325
102,0.0,0.18518518518518517,0.5925925925925926,0.2222222222222222
103,0.5307262569832403,0.37988826815642457,0.0,0.0893854748603352
104,0.022727272727272728,0.0,0.05113636363636364,0.9261363636363636
105,0.16666666666666666,0.3333333333333333,0.5,0.0
106,0.16666666666666666,0.16666666666666666,0.0,0.6666666666666666
107,0.6,0.2,0.0,0.2
108,0.4666666666666667,0.36,0.0,0.17333333333333334
109,0.0,0.3,0.7,0.0
110,0.30612244897959184,0.24489795918367346,0.0,0.4489795918367347
111,0.5454545454545454,0.0,0.18181818181818182,0.2727272727272727
112,0.5,0.16666666666666666,0.0,0.3333333333333333
113,0.0,0.45454545454545453,0.4393939393939394,0.10606060606060606
114,0.7,0.0,0.0,0.3
115,0.0,0.18181818181818182,0.36363636363636365,0.45454545454545453
116,0.5833333333333334,0.25,0.0,0.16666666666666666
117,0.631578947368421,0.2631578947368421,0.0,0.10526315789473684
118,0.08108108108108109,0.0,0.5135135135135135,0.40540540540540543
119,0.0851063829787234,0.0,0.44680851063829785,0.46808510638297873
120,0.8181818181818182,0.0,0.09090909090909091,0.09090909090909091
121,0.25,0.0,0.5833333333333334,0.16666666666666666
122,0.2,0.5222222222222223,0.2777777777777778,0.0
123,0.4166666666666667,0.08333333333333333,0.0,0.5
124,0.5714285714285714,0.2857142857142857,0.0,0.14285714285714285
125,0.0,0.5072463768115942,0.2753623188405797,0.21739130434782608
126,0.631578947368421,0.0,0.3684210526315789,0.0
127,0.0,0.16666666666666666,0.7333333333333333,0.1
128,0.0,0.11009174311926606,0.5963302752293578,0.29357798165137616
129,0.47058823529411764,0.29411764705882354,0.0,0.23529411764705882
130,0.3333333333333333,0.3333333333333333,0.0,0.3333333333333333
131,0.46062992125984253,0.36220472440944884,0.0,0.17716535433070865
132,0.041666666666666664,0.0,0.041666666666666664,0.9166666666666666
133,0.047619047619047616,0.8571428571428571,0.09523809523809523,0.0
134,0.09090909090909091,0.6753246753246753,0.23376623376623376,0.0
135,0.38461538461538464,0.46153846153846156,0.0,0.15384615384615385
136,0.0,0.14285714285714285,0.6428571428571429,0.21428571428571427
137,0.9180327868852459,0.0,0.0,0.08196721311475409
138,0.0,0.0,1.0,0.0
139,0.38461538461538464,0.0,0.0,0.6153846153846154
140,0.07142857142857142,0.25,0.0,0.6785714285714286
141,0.0,0.3403141361256545,0.3717277486910995,0.2879581151832461
142,0.1111111111111111,0.2222222222222222,0.6666666666666666,0.0
143,0.42857142857142855,0.09523809523809523,0.0,0.47619047619047616
144,0.2727272727272727,0.2727272727272727,0.0,0.45454545454545453
145,0.06818181818181818,0.8409090909090909,0.0,0.09090909090909091
146,0.0,0.39552238805970147,0.5447761194029851,0.05970149253731343
147,0.0,0.31958762886597936,0.5360824742268041,0.14432989690721648
148,0.3870967741935484,0.3032258064516129,0.0,0.3096774193548387
149,0.5416666666666666,0.17708333333333334,0.0,0.28125
150,0.0,0.16037735849056603,0.5283018867924528,0.3113207547169811
151,0.12658227848101267,0.4177215189873418,0.45569620253164556,0.0
152,0.08823529411764706,0.0,0.23529411764705882,0.6764705882352942
153,0.0,0.1732283464566929,0.7637795275590551,0.06299212598425197
154,0.2247191011235955,0.48314606741573035,0.29213483146067415,0.0
155,0.2911392405063291,0.0,0.35443037974683544,0.35443037974683544
156,0.2826086956521739,0.0,0.43478260869565216,0.2826086956521739
157,0.21428571428571427,0.0,0.25,0.5357142857142857
158,0.1504424778761062,0.6106194690265486,0.23893805309734514,0.0
159,0.0,0.22255192878338279,0.5964391691394659,0.18100890207715134
160,0.18592964824120603,0.3969849246231156,0.41708542713567837,0.0
161,0.22670025188916876,0.0,0.33249370277078083,0.44080604534005036
162,0.4199395770392749,0.0,0.3685800604229607,0.21148036253776434
163,0.3984375,0.2890625,0.3125,0.0
164,0.1949685534591195,0.4339622641509434,0.3710691823899371,0.0
165,0.7464788732394366,0.2347417840375587,0.0,0.018779342723004695
166,0.7709750566893424,0.20861678004535147,0.0,0.02040816326530612
167,0.35942028985507246,0.518840579710145,0.12173913043478261,0.0
168,0.0,0.0903954802259887,0.7203389830508474,0.18926553672316385
169,0.39195979899497485,0.27638190954773867,0.3316582914572864,0.0
170,0.0,0.31645569620253167,0.4462025316455696,0.23734177215189872
171,0.5964566929133859,0.2854330708661417,0.0,0.11811023622047244
172,0.24528301886792453,0.0,0.27044025157232704,0.48427672955974843
173,0.0,0.3262411347517731,0.5602836879432624,0.11347517730496454
174,0.0,0.3831417624521073,0.5632183908045977,0.05363984674329502
175,0.0,0.4405594405594406,0.3776223776223776,0.18181818181818182
176,0.14473684210526316,0.0,0.40789473684210525,0.4473684210526316
177,0.25316455696202533,0.3670886075949367,0.379746835443038,0.0
178,0.0,0.5909090909090909,0.16666666666666666,0.24242424242424243
179,0.026845637583892617,0.0,0.06711409395973154,0.9060402684563759
180,0.36752136752136755,0.3333333333333333,0.0,0.29914529914529914
181,0.42045454545454547,0.0,0.38636363636363635,0.19318181818181818
182,0.0,0.23529411764705882,0.43529411764705883,0.32941176470588235
183,0.1885245901639344,0.0,0.7868852459016393,0.02459016393442623
184,0.0,0.3302752293577982,0.5137614678899083,0.1559633027522936
185,0.41818181818181815,0.18181818181818182,0.0,0.4
186,0.0,0.4,0.5058823529411764,0.09411764705882353
187,0.0,0.27312775330396477,0.6696035242290749,0.05726872246696035
188,0.4627831715210356,0.2588996763754045,0.0,0.2783171521035599
189,0.22,0.32,0.46,0.0
190,0.3902439024390244,0.12195121951219512,0.4878048780487805,0.0
191,0.11940298507462686,0.0,0.14427860696517414,0.736318407960199
192,0.4945054945054945,0.0,0.4725274725274725,0.03296703296703297
193,0.0,0.15789473684210525,0.6578947368421053,0.18421052631578946
194,0.581081081081081,0.2702702702702703,0.0,0.14864864864864866
195,0.2857142857142857,0.14285714285714285,0.0,0.5714285714285714
196,0.5606060606060606,0.35353535353535354,0.0,0.08585858585858586
197,0.4166666666666667,0.0,0.3055555555555556,0.2777777777777778
198,0.0,0.7435897435897436,0.23076923076923078,0.02564102564102564
199,0.5789473684210527,0.21052631578947367,0.0,0.21052631578947367
200,0.0,0.22033898305084745,0.7627118644067796,0.01694915254237288
201,0.3392857142857143,0.625,0.0,0.03571428571428571
202,0.075,0.625,0.3,0.0
203,0.4222222222222222,0.0,0.37777777777777777,0.2
204,0.0,0.03508771929824561,0.43859649122807015,0.5263157894736842
205,0.33962264150943394,0.0,0.2641509433962264,0.39622641509433965
206,0.3465346534653465,0.551980198019802,0.0,0.10148514851485149
207,0.0,0.3142857142857143,0.22857142857142856,0.45714285714285713
208,0.1111111111111111,0.16666666666666666,0.7222222222222222,0.0
209,0.32272727272727275,0.42272727272727273,0.2545454545454545,0.0
210,0.0,0.10112359550561797,0.5168539325842697,0.38202247191011235
211,0.26811594202898553,0.0,0.3695652173913043,0.36231884057971014
212,0.07913669064748201,0.0,0.28776978417266186,0.6330935251798561
213,0.5416666666666666,0.125,0.0,0.3333333333333333
214,0.29545454545454547,0.0,0.06818181818181818,0.6363636363636364
215,0.3404255319148936,0.1702127659574468,0.0,0.48936170212765956
216,0.10256410256410256,0.1794871794871795,0.0,0.717948717948718
217,0.0,0.4375,0.375,0.1875
218,0.5686274509803921,0.0,0.19607843137254902,0.23529411764705882
219,0.0,0.16981132075471697,0.7484276729559748,0.08176100628930817
220,0.0,0.546875,0.37109375,0.08203125
221,0.0,0.17886178861788618,0.7154471544715447,0.10569105691056911
222,0.23275862068965517,0.16379310344827586,0.603448275862069,0.0
223,0.29347826086956524,0.0,0.25,0.45652173913043476
224,0.14835164835164835,0.0,0.4065934065934066,0.44505494505494503
225,0.0,0.2,0.5294117647058824,0.27058823529411763
226,0.11320754716981132,0.0,0.24528301886792453,0.6415094339622641
227,0.24719101123595505,0.6292134831460674,0.0,0.12359550561797752
228,0.0,0.2542372881355932,0.6016949152542372,0.1440677966101695
229,0.6099137931034483,0.36853448275862066,0.0,0.021551724137931036
230,0.2260536398467433,0.0,0.14942528735632185,0.6245210727969349
231,0.0,0.21052631578947367,0.7105263157894737,0.07894736842105263
232,0.358974358974359,0.0,0.02564102564102564,0.6153846153846154
233,0.0,0.33620689655172414,0.46551724137931033,0.19827586206896552
234,0.4260869565217391,0.0782608695652174,0.0,0.4956521739130435
235,0.01948051948051948,0.0,0.03896103896103896,0.9415584415584416
236,0.08536585365853659,0.0,0.4878048780487805,0.4268292682926829
237,0.1346153846153846,0.6153846153846154,0.25,0.0
238,0.0,0.20689655172413793,0.08620689655172414,0.7068965517241379
239,0.07801418439716312,0.0,0.03546099290780142,0.8865248226950354
240,0.0,0.4827586206896552,0.0603448275862069,0.45689655172413796
241,0.11764705882352941,0.0,0.8823529411764706,0.0
242,0.5882352941176471,0.17647058823529413,0.0,0.23529411764705882
243,0.56,0.32,0.0,0.12
244,0.0,0.325,0.45,0.225
245,0.6528925619834711,0.31955922865013775,0.0,0.027548209366391185
246,0.08529411764705883,0.0,0.27058823529411763,0.6441176470588236
247,0.23529411764705882,0.058823529411764705,0.7058823529411765,0.0
248,0.13432835820895522,0.582089552238806,0.0,0.2835820895522388
249,0.0,0.6847826086956522,0.2608695652173913,0.05434782608695652
250,0.45454545454545453,0.38095238095238093,0.0,0.1645021645021645
251,0.21610169491525424,0.0,0.25,0.5338983050847458
252,0.0,0.10948905109489052,0.8686131386861314,0.021897810218978103
253,0.8513513513513513,0.13513513513513514,0.0,0.013513513513513514
254,0.19801980198019803,0.0,0.13366336633663367,0.6683168316831684
255,0.05555555555555555,0.0,0.2222222222222222,0.7222222222222222
256,0.13333333333333333,0.3333333333333333,0.5333333333333333,0.0
257,0.29411764705882354,0.5058823529411764,0.0,0.2
258,0.0,0.5263157894736842,0.4631578947368421,0.010526315789473684
259,0.20441988950276244,0.7596685082872928,0.0,0.03591160220994475
260,0.0,0.5740740740740741,0.3425925925925926,0.08333333333333333
261,0.0989010989010989,0.46153846153846156,0.43956043956043955,0.0
262,0.3023255813953488,0.0,0.023255813953488372,0.6744186046511628
263,0.24615384615384617,0.36923076923076925,0.38461538461538464,0.0
264,0.28,0.52,0.0,0.2
265,0.0,0.358974358974359,0.6153846153846154,0.02564102564102564
266,0.40609137055837563,0.550761421319797,0.0,0.04314720812182741
267,0.25,0.5,0.0,0.25
268,0.0,0.3,0.4,0.3
269,0.35294117647058826,0.0,0.23529411764705882,0.4117647058823529
270,0.0,0.02702702702702703,0.4594594594594595,0.5135135135135135
271,0.4444444444444444,0.0,0.2222222222222222,0.3333333333333333
272,0.64,0.08,0.0,0.28
273,0.25,0.0,0.0,0.75
274,0.04,0.0,0.84,0.12
275,0.15384615384615385,0.0,0.07692307692307693,0.7692307692307693
276,0.7665198237885462,0.11894273127753303,0.0,0.1145374449339207
277,0.13043478260869565,0.5652173913043478,0.30434782608695654,0.0
278,0.25757575757575757,0.38047138047138046,0.0,0.36195286195286197
279,0.25,0.125,0.625,0.0
280,0.0,0.05555555555555555,0.0,0.9444444444444444
281,0.0,0.9180327868852459,0.08196721311475409,0.0
282,0.07142857142857142,0.42857142857142855,0.5,0.0
283,0.0,0.05,0.016666666666666666,0.9333333333333333
284,0.004219409282700422,0.0,0.004219409282700422,0.9915611814345991
285,0.0,0.21428571428571427,0.7857142857142857,0.0
286,0.42857142857142855,0.0,0.0,0.5714285714285714
287,0.0,0.7333333333333333,0.26666666666666666,0.0
288,0.6129032258064516,0.06451612903225806,0.0,0.3225806451612903
289,0.14754098360655737,0.0,0.2459016393442623,0.6065573770491803
290,0.7391304347826086,0.15217391304347827,0.0,0.10869565217391304
291,0.0,0.6153846153846154,0.38461538461538464,0.0
292,0.4177215189873418,0.46835443037974683,0.0,0.11392405063291139
293,0.0,0.11428571428571428,0.8285714285714286,0.05714285714285714
294,0.631578947368421,0.21052631578947367,0.0,0.15789473684210525
295,0.0,0.5,0.3333333333333333,0.16666666666666666
296,0.9,0.0,0.1,0.0
297,0.125,0.0,0.6875,0.1875
298,0.25,0.5,0.25,0.0
299,0.0,0.0,0.6666666666666666,0.3333333333333333
300,0.0,1.0,0.0,0.0
301,0.5,0.0,0.5,0.0
302,,,,
303,0.0,0.0,1.0,0.0
304,,,,
305,,,,
306,,,,
307,,,,
308,0.0,1.0,0.0,0.0
309,,,,
310,,,,
311,,,,
312,,,,
313,,,,
314,,,,
315,,,,
