,A,C,G,T
0,,,,
1,,,,
2,,,,
3,,,,
4,0.0,0.18181818181818182,0.0,0.8181818181818182
5,0.125,0.0,0.125,0.75
6,,,,
7,,,,
8,,,,
9,0.0,1.0,0.0,0.0
10,,,,
11,,,,
12,0.0,0.0,0.0,1.0
13,,,,
14,0.0,0.0,0.0,1.0
15,,,,
16,,,,
17,1.0,0.0,0.0,0.0
18,0.0,1.0,0.0,0.0
19,,,,
20,1.0,0.0,0.0,0.0
21,1.0,0.0,0.0,0.0
22,,,,
23,,,,
24,0.0,1.0,0.0,0.0
25,,,,
26,,,,
27,,,,
28,,,,
29,0.3333333333333333,0.3333333333333333,0.0,0.3333333333333333
30,0.6666666666666666,0.3333333333333333,0.0,0.0
31,,,,
32,1.0,0.0,0.0,0.0
33,0.0,1.0,0.0,0.0
34,0.0,0.0,1.0,0.0
35,,,,
36,,,,
37,0.0,0.0,1.0,0.0
38,0.5,0.5,0.0,0.0
39,0.0,0.0,1.0,0.0
40,,,,
41,,,,
42,0.0,0.0,1.0,0.0
43,0.0,0.5454545454545454,0.45454545454545453,0.0
44,1.0,0.0,0.0,0.0
45,0.0,0.0,1.0,0.0
46,,,,
47,0.0,0.0,1.0,0.0
48,0.0,0.0,1.0,0.0
49,,,,
50,0.0,0.5,0.5,0.0
51,0.0,1.0,0.0,0.0
52,0.0,1.0,0.0,0.0
53,1.0,0.0,0.0,0.0
54,,,,
55,0.0,0.0,1.0,0.0
56,0.6666666666666666,0.0,0.0,0.3333333333333333
57,,,,
58,,,,
59,0.0,0.0,0.0,1.0
60,,,,
61,,,,
62,,,,
63,,,,
64,0.0,0.0,1.0,0.0
65,0.0,0.0,0.0,1.0
66,0.0,0.8571428571428571,0.14285714285714285,0.0
67,0.0,0.5,0.5,0.0
68,,,,
69,0.0,0.5,0.0,0.5
70,,,,
71,0.3333333333333333,0.3333333333333333,0.3333333333333333,0.0
72,,,,
73,0.0,0.0,1.0,0.0
74,0.0,0.8571428571428571,0.14285714285714285,0.0
75,0.8333333333333334,0.0,0.0,0.16666666666666666
76,1.0,0.0,0.0,0.0
77,0.0,0.5,0.5,0.0
78,0.0,0.0,1.0,0.0
79,0.0,0.0,1.0,0.0
80,,,,
81,0.0,0.0,0.5,0.5
82,0.5,0.0,0.5,0.0
83,1.0,0.0,0.0,0.0
84,0.0,1.0,0.0,0.0
85,0.0,1.0,0.0,0.0
86,0.0,0.0,0.0,1.0
87,0.0,0.5,0.5,0.0
88,0.5,0.0,0.5,0.0
89,0.0,0.0,1.0,0.0
90,0.0,0.5,0.5,0.0
91,0.0,1.0,0.0,0.0
92,0.6666666666666666,0.0,0.16666666666666666,0.16666666666666666
93,0.0,0.125,0.125,0.75
94,0.0,0.0,1.0,0.0
95,0.0,0.0,0.0,1.0
96,0.0,1.0,0.0,0.0
97,0.5,0.5,0.0,0.0
98,0.0,0.0,1.0,0.0
99,0.0,1.0,0.0,0.0
100,0.5,0.16666666666666666,0.3333333333333333,0.0
101,0.7777777777777778,0.1111111111111111,0.0,0.1111111111111111
102,0.0,0.0,0.0,1.0
103,,,,
104,0.0,0.0,0.6666666666666666,0.3333333333333333
105,,,,
106,,,,
107,1.0,0.0,0.0,0.0
108,0.0,0.75,0.0,0.25
109,,,,
110,,,,
111,0.0,1.0,0.0,0.0
112,1.0,0.0,0.0,0.0
113,0.0,0.5,0.5,0.0
114,,,,
115,,,,
116,,,,
117,,,,
118,0.0,0.0,1.0,0.0
119,,,,
120,,,,
121,,,,
122,0.0,0.0,1.0,0.0
123,,,,
124,,,,
125,0.0,0.5,0.5,0.0
126,1.0,0.0,0.0,0.0
127,,,,
128,0.0,0.0,1.0,0.0
129,1.0,0.0,0.0,0.0
130,,,,
131,0.0,0.25,0.625,0.125
132,,,,
133,0.6,0.2,0.2,0.0
134,1.0,0.0,0.0,0.0
135,0.0,1.0,0.0,0.0
136,,,,
137,1.0,0.0,0.0,0.0
138,,,,
139,0.6666666666666666,0.0,0.0,0.3333333333333333
140,0.0,1.0,0.0,0.0
141,0.0,0.14285714285714285,0.0,0.8571428571428571
142,,,,
143,1.0,0.0,0.0,0.0
144,,,,
145,0.0,1.0,0.0,0.0
146,0.0,0.0,0.5,0.5
147,1.0,0.0,0.0,0.0
148,0.5,0.0,0.0,0.5
149,0.0,0.6666666666666666,0.0,0.3333333333333333
150,0.0,0.0,0.0,1.0
151,,,,
152,1.0,0.0,0.0,0.0
153,0.0,0.0,1.0,0.0
154,0.0,0.3333333333333333,0.3333333333333333,0.3333333333333333
155,0.0,1.0,0.0,0.0
156,0.0,1.0,0.0,0.0
157,0.0,0.0,0.5,0.5
158,0.0,0.6666666666666666,0.3333333333333333,0.0
159,0.14285714285714285,0.14285714285714285,0.0,0.7142857142857143
160,0.5714285714285714,0.14285714285714285,0.0,0.2857142857142857
161,0.25,0.0,0.0,0.75
162,0.0,0.4,0.6,0.0
163,0.0,0.0,0.6,0.4
164,0.0,1.0,0.0,0.0
165,1.0,0.0,0.0,0.0
166,0.6666666666666666,0.3333333333333333,0.0,0.0
167,0.4,0.2,0.4,0.0
168,0.0,0.0,1.0,0.0
169,0.0,0.25,0.75,0.0
170,,,,
171,,,,
172,0.3333333333333333,0.0,0.6666666666666666,0.0
173,0.0,0.5,0.0,0.5
174,0.0,0.0,0.5,0.5
175,0.5,0.0,0.0,0.5
176,0.0,0.5,0.5,0.0
177,0.0,1.0,0.0,0.0
178,0.0,0.2,0.6,0.2
179,0.0,1.0,0.0,0.0
180,0.5,0.0,0.0,0.5
181,,,,
182,0.0,1.0,0.0,0.0
183,0.0,0.0,1.0,0.0
184,,,,
185,0.5,0.5,0.0,0.0
186,0.0,1.0,0.0,0.0
187,0.0,1.0,0.0,0.0
188,0.8,0.2,0.0,0.0
189,0.6666666666666666,0.0,0.3333333333333333,0.0
190,,,,
191,0.0,0.0,0.0,1.0
192,0.5,0.0,0.5,0.0
193,0.0,0.0,1.0,0.0
194,1.0,0.0,0.0,0.0
195,,,,
196,1.0,0.0,0.0,0.0
197,1.0,0.0,0.0,0.0
198,,,,
199,,,,
200,0.0,0.0,1.0,0.0
201,0.3333333333333333,0.6666666666666666,0.0,0.0
202,,,,
203,0.0,0.0,0.0,1.0
204,0.0,0.0,0.6666666666666666,0.3333333333333333
205,0.0,0.0,0.0,1.0
206,0.0,0.0,1.0,0.0
207,0.0,0.0,1.0,0.0
208,,,,
209,0.0,0.09090909090909091,0.18181818181818182,0.7272727272727273
210,0.0,0.0,0.5,0.5
211,1.0,0.0,0.0,0.0
212,0.0,0.0,0.0,1.0
213,0.0,0.0,1.0,0.0
214,0.0,0.75,0.0,0.25
215,0.2857142857142857,0.0,0.0,0.7142857142857143
216,,,,
217,,,,
218,,,,
219,0.0,0.0,0.0,1.0
220,0.125,0.0,0.875,0.0
221,1.0,0.0,0.0,0.0
222,,,,
223,,,,
224,1.0,0.0,0.0,0.0
225,0.0,0.0,0.8571428571428571,0.14285714285714285
226,0.25,0.75,0.0,0.0
227,0.5,0.5,0.0,0.0
228,0.0,0.0,1.0,0.0
229,0.42857142857142855,0.5714285714285714,0.0,0.0
230,0.0,0.0,1.0,0.0
231,0.0,0.0,1.0,0.0
232,,,,
233,0.0,0.0,0.5,0.5
234,0.0,0.0,0.0,1.0
235,0.0,0.0,0.0,1.0
236,0.5,0.0,0.0,0.5
237,,,,
238,0.0,0.0,1.0,0.0
239,0.0,0.0,0.0,1.0
240,0.0,0.0,0.0,1.0
241,0.0,0.0,0.0,1.0
242,1.0,0.0,0.0,0.0
243,,,,
244,,,,
245,1.0,0.0,0.0,0.0
246,0.0,0.0,0.0,1.0
247,,,,
248,1.0,0.0,0.0,0.0
249,,,,
250,0.5,0.5,0.0,0.0
251,0.6666666666666666,0.0,0.0,0.3333333333333333
252,0.0,0.0,1.0,0.0
253,,,,
254,0.0,0.0,0.0,1.0
255,,,,
256,,,,
257,1.0,0.0,0.0,0.0
258,0.0,1.0,0.0,0.0
259,0.25,0.75,0.0,0.0
260,0.0,0.0,0.0,1.0
261,0.0,1.0,0.0,0.0
262,0.0,0.0,0.5,0.5
263,1.0,0.0,0.0,0.0
264,0.0,0.0,0.0,1.0
265,0.0,0.0,1.0,0.0
266,0.625,0.375,0.0,0.0
267,1.0,0.0,0.0,0.0
268,,,,
269,,,,
270,0.0,1.0,0.0,0.0
271,0.0,0.0,0.0,1.0
272,,,,
273,,,,
274,0.0,0.0,0.0,1.0
275,,,,
276,1.0,0.0,0.0,0.0
277,,,,
278,0.0,1.0,0.0,0.0
279,0.0,0.5,0.5,0.0
280,,,,
281,0.0,1.0,0.0,0.0
282,,,,
283,0.0,0.7142857142857143,0.0,0.2857142857142857
284,0.0,0.0,0.0,1.0
285,,,,
286,0.0,0.0,0.0,1.0
287,,,,
288,,,,
289,0.0,0.0,0.0,1.0
290,1.0,0.0,0.0,0.0
291,0.0,1.0,0.0,0.0
292,,,,
293,,,,
294,,,,
295,,,,
296,,,,
297,,,,
298,,,,
299,,,,
300,,,,
301,,,,
302,,,,
303,,,,
304,,,,
305,,,,
306,,,,
307,,,,
308,,,,
309,,,,
310,,,,
311,,,,
312,,,,
313,,,,
