,A,C,G,T
0,,,,
1,,,,
2,0.9565217391304348,0.043478260869565216,0.0,0.0
3,0.4339622641509434,0.4339622641509434,0.0,0.1320754716981132
4,0.18181818181818182,0.0,0.8181818181818182,0.0
5,0.6052631578947368,0.10526315789473684,0.0,0.2894736842105263
6,0.7692307692307693,0.0,0.07692307692307693,0.15384615384615385
7,0.0,0.05555555555555555,0.6111111111111112,0.3333333333333333
8,0.8412698412698413,0.12698412698412698,0.0,0.031746031746031744
9,0.05555555555555555,0.0,0.05555555555555555,0.8888888888888888
10,,,,
11,0.7857142857142857,0.01020408163265306,0.0,0.20408163265306123
12,0.44,0.0,0.16,0.4
13,0.0,0.11864406779661017,0.15254237288135594,0.7288135593220338
14,0.2413793103448276,0.27586206896551724,0.0,0.4827586206896552
15,0.0,0.7142857142857143,0.0,0.2857142857142857
16,0.0,1.0,0.0,0.0
17,,,,
18,0.0,0.5,0.5,0.0
19,0.0,0.0,0.75,0.25
20,0.25,0.0,0.0,0.75
21,0.0,0.0,0.0,1.0
22,0.2222222222222222,0.4444444444444444,0.0,0.3333333333333333
23,0.0,0.0,0.7272727272727273,0.2727272727272727
24,0.3,0.0,0.3,0.4
25,0.0,0.0,0.2,0.8
26,0.0,0.14705882352941177,0.4411764705882353,0.4117647058823529
27,0.45714285714285713,0.5142857142857142,0.0,0.02857142857142857
28,0.0,0.0,0.0,1.0
29,0.0,0.04225352112676056,0.4225352112676056,0.5352112676056338
30,0.11764705882352941,0.0,0.5882352941176471,0.29411764705882354
31,0.042735042735042736,0.9572649572649573,0.0,0.0
32,0.2,0.6666666666666666,0.0,0.13333333333333333
33,0.12195121951219512,0.4146341463414634,0.0,0.4634146341463415
34,0.0,0.9230769230769231,0.07692307692307693,0.0
35,0.5,0.0,0.0,0.5
36,0.0,0.42105263157894735,0.5789473684210527,0.0
37,0.0,0.125,0.859375,0.015625
38,0.14285714285714285,0.35714285714285715,0.0,0.5
39,0.2857142857142857,0.0,0.5238095238095238,0.19047619047619047
40,0.0,0.0,0.0,1.0
41,0.11538461538461539,0.8461538461538461,0.038461538461538464,0.0
42,0.07692307692307693,0.23076923076923078,0.6923076923076923,0.0
43,0.5,0.0,0.0,0.5
44,0.5454545454545454,0.0,0.0,0.45454545454545453
45,0.07142857142857142,0.5,0.0,0.42857142857142855
46,0.0,0.16666666666666666,0.7777777777777778,0.05555555555555555
47,0.375,0.375,0.0,0.25
48,0.0,0.038461538461538464,0.9615384615384616,0.0
49,0.4,0.0,0.3,0.3
50,0.21052631578947367,0.0,0.05263157894736842,0.7368421052631579
51,0.4,0.0,0.2,0.4
52,0.16666666666666666,0.6666666666666666,0.16666666666666666,0.0
53,0.3,0.2,0.0,0.5
54,0.52,0.2,0.28,0.0
55,0.0,0.0,0.3333333333333333,0.6666666666666666
56,0.08,0.0,0.56,0.36
57,0.14285714285714285,0.0,0.5714285714285714,0.2857142857142857
58,0.0,1.0,0.0,0.0
59,0.25,0.0,0.75,0.0
60,0.0,0.4090909090909091,0.18181818181818182,0.4090909090909091
61,0.4230769230769231,0.0,0.34615384615384615,0.23076923076923078
62,0.10843373493975904,0.0,0.1927710843373494,0.6987951807228916
63,1.0,0.0,0.0,0.0
64,0.0,0.0,0.0,1.0
65,0.043478260869565216,0.0,0.0,0.9565217391304348
66,0.0,0.05825242718446602,0.44660194174757284,0.49514563106796117
67,0.24107142857142858,0.0,0.6339285714285714,0.125
68,0.5714285714285714,0.40476190476190477,0.023809523809523808,0.0
69,0.46153846153846156,0.46153846153846156,0.0,0.07692307692307693
70,0.1111111111111111,0.7777777777777778,0.1111111111111111,0.0
71,0.09433962264150944,0.0,0.8301886792452831,0.07547169811320754
72,0.4117647058823529,0.4117647058823529,0.17647058823529413,0.0
73,0.4166666666666667,0.0,0.08333333333333333,0.5
74,0.09230769230769231,0.8846153846153846,0.023076923076923078,0.0
75,0.5,0.16666666666666666,0.0,0.3333333333333333
76,0.4444444444444444,0.2222222222222222,0.0,0.3333333333333333
77,0.6818181818181818,0.022727272727272728,0.29545454545454547,0.0
78,0.19047619047619047,0.09523809523809523,0.0,0.7142857142857143
79,0.6088888888888889,0.25333333333333335,0.0,0.13777777777777778
80,0.25,0.0,0.3333333333333333,0.4166666666666667
81,0.19047619047619047,0.5238095238095238,0.2857142857142857,0.0
82,0.037037037037037035,0.0,0.037037037037037035,0.9259259259259259
83,0.36363636363636365,0.0,0.0,0.6363636363636364
84,0.8486486486486486,0.11891891891891893,0.0,0.032432432432432434
85,0.25,0.625,0.125,0.0
86,0.021505376344086023,0.0,0.9247311827956989,0.053763440860215055
87,0.0,0.1388888888888889,0.8333333333333334,0.027777777777777776
88,0.5773809523809523,0.3392857142857143,0.0,0.08333333333333333
89,0.1773049645390071,0.0,0.03546099290780142,0.7872340425531915
90,0.0,0.24203821656050956,0.7452229299363057,0.012738853503184714
91,0.4796747967479675,0.34959349593495936,0.0,0.17073170731707318
92,0.1111111111111111,0.6349206349206349,0.25396825396825395,0.0
93,0.6956521739130435,0.16770186335403728,0.0,0.13664596273291926
94,0.36771300448430494,0.5964125560538116,0.0,0.03587443946188341
95,0.18548387096774194,0.5,0.31451612903225806,0.0
96,0.0,0.2706422018348624,0.5275229357798165,0.2018348623853211
97,0.5070422535211268,0.3051643192488263,0.0,0.18779342723004694
98,0.10810810810810811,0.6486486486486487,0.24324324324324326,0.0
99,0.38461538461538464,0.44871794871794873,0.16666666666666666,0.0
100,0.0,0.25675675675675674,0.28378378378378377,0.4594594594594595
101,0.0423728813559322,0.0,0.17796610169491525,0.7796610169491526
102,0.3709677419354839,0.5645161290322581,0.06451612903225806,0.0
103,0.0,0.1780821917808219,0.3287671232876712,0.4931506849315068
104,0.07692307692307693,0.0,0.1978021978021978,0.7252747252747253
105,0.0,0.8,0.2,0.0
106,0.2,0.1,0.0,0.7
107,0.2,0.6,0.0,0.2
108,0.0,0.09210526315789473,0.8421052631578947,0.06578947368421052
109,0.2379421221864952,0.6527331189710611,0.0,0.10932475884244373
110,0.06,0.0,0.12,0.82
111,0.0,0.9,0.1,0.0
112,0.0,1.0,0.0,0.0
113,0.0,0.625,0.0,0.375
114,0.0,0.3,0.5666666666666667,0.13333333333333333
115,0.07692307692307693,0.15384615384615385,0.7692307692307693,0.0
116,0.15789473684210525,0.0,0.03508771929824561,0.8070175438596491
117,0.75,0.0,0.0,0.25
118,0.5714285714285714,0.42857142857142855,0.0,0.0
119,0.14563106796116504,0.7864077669902912,0.0,0.06796116504854369
120,0.2857142857142857,0.0,0.42857142857142855,0.2857142857142857
121,0.0,0.7272727272727273,0.2727272727272727,0.0
122,0.3333333333333333,0.4166666666666667,0.0,0.25
123,0.3958333333333333,0.0,0.17708333333333334,0.4270833333333333
124,0.18181818181818182,0.0,0.18181818181818182,0.6363636363636364
125,0.16666666666666666,0.0,0.7083333333333334,0.125
126,0.13793103448275862,0.0,0.8275862068965517,0.034482758620689655
127,0.875,0.0,0.041666666666666664,0.08333333333333333
128,0.0,0.52,0.3333333333333333,0.14666666666666667
129,0.875,0.125,0.0,0.0
130,0.2,0.3,0.0,0.5
131,0.7777777777777778,0.16666666666666666,0.0,0.05555555555555555
132,0.0,0.30303030303030304,0.696969696969697,0.0
133,0.0,0.21978021978021978,0.6703296703296703,0.10989010989010989
134,0.20833333333333334,0.0,0.0,0.7916666666666666
135,0.5882352941176471,0.23529411764705882,0.0,0.17647058823529413
136,0.42,0.56,0.0,0.02
137,0.0,0.7711442786069652,0.17412935323383086,0.05472636815920398
138,0.3111111111111111,0.0,0.1111111111111111,0.5777777777777777
139,0.0,0.0,1.0,0.0
140,0.5581395348837209,0.3023255813953488,0.0,0.13953488372093023
141,0.0,0.6086956521739131,0.0,0.391304347826087
142,0.0,0.9166666666666666,0.08333333333333333,0.0
143,0.808695652173913,0.034782608695652174,0.0,0.1565217391304348
144,0.0,0.0,1.0,0.0
145,0.2037037037037037,0.018518518518518517,0.0,0.7777777777777778
146,0.06,0.5,0.0,0.44
147,0.0,0.5666666666666667,0.4166666666666667,0.016666666666666666
148,0.3333333333333333,0.3333333333333333,0.3333333333333333,0.0
149,0.13333333333333333,0.5111111111111111,0.35555555555555557,0.0
150,0.65,0.0,0.0,0.35
151,0.05,0.7333333333333333,0.0,0.21666666666666667
152,0.5717821782178217,0.34405940594059403,0.0,0.08415841584158416
153,0.20869565217391303,0.20869565217391303,0.5826086956521739,0.0
154,0.0,0.43434343434343436,0.20202020202020202,0.36363636363636365
155,0.2916666666666667,0.7083333333333334,0.0,0.0
156,0.0,0.10215053763440861,0.8494623655913979,0.04838709677419355
157,0.05263157894736842,0.5789473684210527,0.3684210526315789,0.0
158,0.09009009009009009,0.0,0.3153153153153153,0.5945945945945946
159,0.09523809523809523,0.6984126984126984,0.20634920634920634,0.0
160,0.0,0.6492537313432836,0.0708955223880597,0.2798507462686567
161,0.036585365853658534,0.7317073170731707,0.23170731707317074,0.0
162,0.47337278106508873,0.33136094674556216,0.1952662721893491,0.0
163,0.0,0.3870967741935484,0.25806451612903225,0.3548387096774194
164,0.06474820143884892,0.0,0.07913669064748201,0.8561151079136691
165,0.0,0.25757575757575757,0.6515151515151515,0.09090909090909091
166,0.17105263157894737,0.7171052631578947,0.0,0.1118421052631579
167,0.06976744186046512,0.4186046511627907,0.5116279069767442,0.0
168,0.34375,0.09375,0.0,0.5625
169,0.3157894736842105,0.3684210526315789,0.0,0.3157894736842105
170,0.3867924528301887,0.5754716981132075,0.0,0.03773584905660377
171,0.0,0.2878787878787879,0.6287878787878788,0.08333333333333333
172,0.6410256410256411,0.26282051282051283,0.0,0.09615384615384616
173,0.19402985074626866,0.0,0.208955223880597,0.5970149253731343
174,0.0,0.12,0.472,0.408
175,0.2,0.0,0.475,0.325
176,0.6530612244897959,0.0,0.14285714285714285,0.20408163265306123
177,0.0,0.10747663551401869,0.22897196261682243,0.6635514018691588
178,0.0,0.4423076923076923,0.28846153846153844,0.2692307692307692
179,0.18867924528301888,0.0,0.4339622641509434,0.37735849056603776
180,0.07575757575757576,0.8181818181818182,0.10606060606060606,0.0
181,0.0,0.25925925925925924,0.037037037037037035,0.7037037037037037
182,0.0,0.0,0.5,0.5
183,0.0,0.6176470588235294,0.20588235294117646,0.17647058823529413
184,0.0,0.1724137931034483,0.7586206896551724,0.06896551724137931
185,0.07894736842105263,0.0,0.03508771929824561,0.8859649122807017
186,0.18181818181818182,0.0,0.5454545454545454,0.2727272727272727
187,0.5,0.0,0.3,0.2
188,0.08860759493670886,0.0,0.6962025316455697,0.21518987341772153
189,0.14814814814814814,0.14814814814814814,0.7037037037037037,0.0
190,0.8333333333333334,0.0,0.08333333333333333,0.08333333333333333
191,0.37037037037037035,0.0,0.037037037037037035,0.5925925925925926
192,0.0975609756097561,0.0,0.0975609756097561,0.8048780487804879
193,0.14285714285714285,0.21428571428571427,0.6428571428571429,0.0
194,0.037037037037037035,0.0,0.8444444444444444,0.11851851851851852
195,0.0,0.43434343434343436,0.4444444444444444,0.12121212121212122
196,0.0,0.029787234042553193,0.9148936170212766,0.05531914893617021
197,0.2222222222222222,0.7222222222222222,0.0,0.05555555555555555
198,0.0,0.21428571428571427,0.7714285714285715,0.014285714285714285
199,0.20833333333333334,0.7083333333333334,0.0,0.08333333333333333
200,0.09615384615384616,0.6923076923076923,0.21153846153846154,0.0
201,0.625,0.0,0.25,0.125
202,0.3333333333333333,0.5,0.0,0.16666666666666666
203,0.0,0.4576271186440678,0.5254237288135594,0.01694915254237288
204,0.7572254335260116,0.2138728323699422,0.0,0.028901734104046242
205,0.022727272727272728,0.9090909090909091,0.06818181818181818,0.0
206,0.10869565217391304,0.0,0.043478260869565216,0.8478260869565217
207,0.0,0.07407407407407407,0.5555555555555556,0.37037037037037035
208,0.019867549668874173,0.0,0.6490066225165563,0.33112582781456956
209,0.30434782608695654,0.0,0.13043478260869565,0.5652173913043478
210,0.0,0.27956989247311825,0.4731182795698925,0.24731182795698925
211,0.16666666666666666,0.3333333333333333,0.5,0.0
212,0.0,0.24482758620689654,0.3793103448275862,0.3758620689655172
213,0.25,0.041666666666666664,0.7083333333333334,0.0
214,0.5,0.0,0.25,0.25
215,0.0,0.3576158940397351,0.4503311258278146,0.19205298013245034
216,0.2558139534883721,0.3226744186046512,0.0,0.42151162790697677
217,0.13157894736842105,0.5526315789473685,0.3157894736842105,0.0
218,0.0,0.04797047970479705,0.45387453874538747,0.4981549815498155
219,0.4,0.4,0.0,0.2
220,0.0,0.5,0.5,0.0
221,0.23809523809523808,0.0,0.19047619047619047,0.5714285714285714
222,0.0,0.2191780821917808,0.5068493150684932,0.273972602739726
223,0.2807017543859649,0.0,0.21052631578947367,0.5087719298245614
224,0.5121951219512195,0.1951219512195122,0.0,0.2926829268292683
225,0.23076923076923078,0.11538461538461539,0.6538461538461539,0.0
226,0.2222222222222222,0.0,0.0,0.7777777777777778
227,0.14,0.0,0.44,0.42
228,0.0,0.5172413793103449,0.4827586206896552,0.0
229,0.0,0.25806451612903225,0.5967741935483871,0.14516129032258066
230,0.3283582089552239,0.40298507462686567,0.0,0.26865671641791045
231,0.0,0.47368421052631576,0.47368421052631576,0.05263157894736842
232,0.0,0.04838709677419355,0.9516129032258065,0.0
233,0.04,0.0,0.044444444444444446,0.9155555555555556
234,0.25925925925925924,0.0,0.5555555555555556,0.18518518518518517
235,0.0,0.08823529411764706,0.5147058823529411,0.39705882352941174
236,0.0,0.0,1.0,0.0
237,0.13793103448275862,0.3448275862068966,0.5172413793103449,0.0
238,0.25,0.25,0.5,0.0
239,0.02857142857142857,0.0,0.0380952380952381,0.9333333333333333
240,0.07692307692307693,0.23076923076923078,0.6923076923076923,0.0
241,0.125,0.0,0.125,0.75
242,0.8251748251748252,0.0,0.03496503496503497,0.13986013986013987
243,0.013245033112582781,0.0,0.019867549668874173,0.9668874172185431
244,0.0,0.0,1.0,0.0
245,0.30303030303030304,0.42424242424242425,0.0,0.2727272727272727
246,0.0,0.4745762711864407,0.5254237288135594,0.0
247,0.0,0.14184397163120568,0.8156028368794326,0.0425531914893617
248,0.5160142348754448,0.41637010676156583,0.0,0.06761565836298933
249,0.18248175182481752,0.0,0.22627737226277372,0.5912408759124088
250,0.1,0.0,0.9,0.0
251,0.10344827586206896,0.7586206896551724,0.0,0.13793103448275862
252,0.0,0.1702127659574468,0.6808510638297872,0.14893617021276595
253,0.5116959064327485,0.45321637426900585,0.0,0.03508771929824561
254,0.030534351145038167,0.0,0.4961832061068702,0.4732824427480916
255,0.0625,0.0,0.9375,0.0
256,0.8518518518518519,0.0,0.1111111111111111,0.037037037037037035
257,0.0,0.7894736842105263,0.21052631578947367,0.0
258,0.23529411764705882,0.7058823529411765,0.0,0.058823529411764705
259,0.05263157894736842,0.6842105263157895,0.2631578947368421,0.0
260,0.325,0.625,0.0,0.05
261,0.0,0.36363636363636365,0.6363636363636364,0.0
262,0.07894736842105263,0.0,0.47368421052631576,0.4473684210526316
263,0.05555555555555555,0.0,0.8412698412698413,0.10317460317460317
264,0.42857142857142855,0.24489795918367346,0.0,0.32653061224489793
265,0.0,0.0,0.6470588235294118,0.35294117647058826
266,0.4182692307692308,0.47115384615384615,0.11057692307692307,0.0
267,0.5714285714285714,0.14285714285714285,0.0,0.2857142857142857
268,0.8260869565217391,0.0,0.08695652173913043,0.08695652173913043
269,0.8151260504201681,0.1092436974789916,0.0,0.07563025210084033
270,0.0,0.0,0.0,1.0
271,0.0,0.6666666666666666,0.3333333333333333,0.0
272,0.29411764705882354,0.0,0.11764705882352941,0.5882352941176471
273,0.0,0.0,0.42857142857142855,0.5714285714285714
274,0.4166666666666667,0.0,0.25,0.3333333333333333
275,0.25,0.625,0.0,0.125
276,0.1,0.2,0.0,0.7
277,0.05263157894736842,0.0,0.8947368421052632,0.05263157894736842
278,0.06976744186046512,0.0,0.13953488372093023,0.7906976744186046
279,0.46619217081850534,0.49110320284697506,0.0,0.042704626334519574
280,0.1,0.7,0.2,0.0
281,0.4307692307692308,0.4230769230769231,0.0,0.14615384615384616
282,0.0,0.0,1.0,0.0
283,0.0,0.0,0.0,1.0
284,0.0,0.9322033898305084,0.06779661016949153,0.0
285,0.4,0.0,0.6,0.0
286,0.0,0.031578947368421054,0.021052631578947368,0.9473684210526315
287,0.018518518518518517,0.0,0.009259259259259259,0.9722222222222222
288,0.2,0.1,0.7,0.0
289,0.25,0.375,0.0,0.375
290,0.0,0.6,0.4,0.0
291,0.6153846153846154,0.0,0.0,0.38461538461538464
292,0.1875,0.0,0.15625,0.65625
293,0.5,0.40625,0.0,0.09375
294,0.0,0.7096774193548387,0.2903225806451613,0.0
295,0.3076923076923077,0.38461538461538464,0.0,0.3076923076923077
296,0.0,0.1111111111111111,0.8888888888888888,0.0
297,0.0,0.8,0.0,0.2
298,0.0,0.2,0.2,0.6
299,0.0,1.0,0.0,0.0
300,0.6666666666666666,0.0,0.3333333333333333,0.0
301,1.0,0.0,0.0,0.0
302,,,,
303,0.0,0.0,1.0,0.0
304,,,,
305,,,,
306,,,,
307,,,,
308,,,,
309,,,,
310,,,,
311,,,,
312,,,,
313,,,,
314,,,,
315,,,,
316,,,,
317,,,,
318,,,,
