,A,C,G,T
0,,,,
1,,,,
2,,,,
3,,,,
4,,,,
5,0.0,0.0,0.0,1.0
6,,,,
7,0.0,0.0,1.0,0.0
8,1.0,0.0,0.0,0.0
9,0.0,0.0,0.0,1.0
10,,,,
11,,,,
12,1.0,0.0,0.0,0.0
13,1.0,0.0,0.0,0.0
14,1.0,0.0,0.0,0.0
15,,,,
16,,,,
17,1.0,0.0,0.0,0.0
18,,,,
19,,,,
20,,,,
21,,,,
22,,,,
23,0.4,0.0,0.6,0.0
24,0.0,0.0,0.8,0.2
25,0.0,0.8333333333333334,0.16666666666666666,0.0
26,,,,
27,,,,
28,,,,
29,0.0,0.5,0.0,0.5
30,0.0,0.0,0.0,1.0
31,,,,
32,,,,
33,,,,
34,,,,
35,1.0,0.0,0.0,0.0
36,0.75,0.0,0.0,0.25
37,0.0,0.0,1.0,0.0
38,,,,
39,,,,
40,,,,
41,0.3333333333333333,0.3333333333333333,0.3333333333333333,0.0
42,,,,
43,,,,
44,,,,
45,0.0,0.0,0.0,1.0
46,1.0,0.0,0.0,0.0
47,0.0,0.0,1.0,0.0
48,,,,
49,1.0,0.0,0.0,0.0
50,0.0,0.0,0.6666666666666666,0.3333333333333333
51,0.0,0.0,0.0,1.0
52,,,,
53,,,,
54,,,,
55,0.0,1.0,0.0,0.0
56,1.0,0.0,0.0,0.0
57,1.0,0.0,0.0,0.0
58,,,,
59,0.0,0.0,0.0,1.0
60,,,,
61,,,,
62,1.0,0.0,0.0,0.0
63,,,,
64,,,,
65,0.0,0.0,0.0,1.0
66,,,,
67,,,,
68,,,,
69,1.0,0.0,0.0,0.0
70,,,,
71,0.0,1.0,0.0,0.0
72,,,,
73,,,,
74,,,,
75,,,,
76,0.0,1.0,0.0,0.0
77,0.75,0.0,0.25,0.0
78,0.0,0.0,1.0,0.0
79,0.0,0.5,0.5,0.0
80,,,,
81,,,,
82,0.16666666666666666,0.6666666666666666,0.0,0.16666666666666666
83,0.0,1.0,0.0,0.0
84,0.0,1.0,0.0,0.0
85,,,,
86,0.5,0.0,0.0,0.5
87,0.0,0.0,1.0,0.0
88,0.3333333333333333,0.0,0.3333333333333333,0.3333333333333333
89,0.0,0.0,0.0,1.0
90,0.0,0.0,0.5,0.5
91,0.25,0.0,0.25,0.5
92,0.0,0.0,1.0,0.0
93,0.0,1.0,0.0,0.0
94,0.0,0.0,0.0,1.0
95,,,,
96,0.0,0.0,0.0,1.0
97,0.25,0.75,0.0,0.0
98,1.0,0.0,0.0,0.0
99,0.0,0.0,0.0,1.0
100,,,,
101,0.25,0.75,0.0,0.0
102,0.0,1.0,0.0,0.0
103,0.0,0.0,1.0,0.0
104,0.0,1.0,0.0,0.0
105,,,,
106,,,,
107,,,,
108,,,,
109,,,,
110,,,,
111,,,,
112,0.0,0.0,1.0,0.0
113,0.0,0.0,1.0,0.0
114,,,,
115,,,,
116,,,,
117,,,,
118,,,,
119,,,,
120,,,,
121,1.0,0.0,0.0,0.0
122,0.5,0.0,0.5,0.0
123,,,,
124,,,,
125,0.0,0.0,0.0,1.0
126,,,,
127,,,,
128,0.0,0.3333333333333333,0.6666666666666666,0.0
129,,,,
130,,,,
131,0.0,1.0,0.0,0.0
132,,,,
133,,,,
134,,,,
135,,,,
136,,,,
137,1.0,0.0,0.0,0.0
138,,,,
139,,,,
140,,,,
141,0.0,1.0,0.0,0.0
142,,,,
143,,,,
144,,,,
145,1.0,0.0,0.0,0.0
146,0.0,0.0,0.5,0.5
147,,,,
148,,,,
149,1.0,0.0,0.0,0.0
150,0.8571428571428571,0.0,0.14285714285714285,0.0
151,,,,
152,0.0,0.0,1.0,0.0
153,0.0,0.0,1.0,0.0
154,0.0,0.0,1.0,0.0
155,,,,
156,0.0,1.0,0.0,0.0
157,0.0,0.0,1.0,0.0
158,0.0,0.0,0.5,0.5
159,0.6,0.0,0.4,0.0
160,0.0,0.0,1.0,0.0
161,0.5,0.0,0.5,0.0
162,,,,
163,0.6666666666666666,0.0,0.3333333333333333,0.0
164,0.0,1.0,0.0,0.0
165,,,,
166,0.5,0.5,0.0,0.0
167,0.3333333333333333,0.3333333333333333,0.0,0.3333333333333333
168,0.0,0.0,1.0,0.0
169,0.0,0.0,0.0,1.0
170,0.0,0.0,1.0,0.0
171,0.25,0.0,0.25,0.5
172,0.0,0.0,0.0,1.0
173,,,,
174,0.0,0.0,0.0,1.0
175,1.0,0.0,0.0,0.0
176,0.0,0.5,0.25,0.25
177,,,,
178,0.0,0.0,0.0,1.0
179,0.0,1.0,0.0,0.0
180,1.0,0.0,0.0,0.0
181,0.0,0.0,0.6666666666666666,0.3333333333333333
182,1.0,0.0,0.0,0.0
183,,,,
184,0.0,1.0,0.0,0.0
185,,,,
186,1.0,0.0,0.0,0.0
187,0.5,0.5,0.0,0.0
188,0.0,0.0,0.0,1.0
189,0.0,1.0,0.0,0.0
190,,,,
191,,,,
192,0.0,1.0,0.0,0.0
193,0.0,0.0,1.0,0.0
194,,,,
195,,,,
196,1.0,0.0,0.0,0.0
197,0.0,0.0,0.6666666666666666,0.3333333333333333
198,1.0,0.0,0.0,0.0
199,1.0,0.0,0.0,0.0
200,0.6666666666666666,0.3333333333333333,0.0,0.0
201,,,,
202,,,,
203,,,,
204,1.0,0.0,0.0,0.0
205,0.0,1.0,0.0,0.0
206,0.5,0.0,0.0,0.5
207,0.0,1.0,0.0,0.0
208,0.0,1.0,0.0,0.0
209,,,,
210,,,,
211,,,,
212,,,,
213,0.0,0.0,0.2,0.8
214,0.0,1.0,0.0,0.0
215,,,,
216,1.0,0.0,0.0,0.0
217,0.0,1.0,0.0,0.0
218,,,,
219,0.0,0.0,1.0,0.0
220,0.0,0.0,1.0,0.0
221,0.5,0.0,0.5,0.0
222,,,,
223,0.0,0.0,0.0,1.0
224,0.0,1.0,0.0,0.0
225,0.5,0.25,0.0,0.25
226,0.0,0.0,0.0,1.0
227,0.0,0.0,0.0,1.0
228,0.0,1.0,0.0,0.0
229,0.0,1.0,0.0,0.0
230,0.0,0.0,0.75,0.25
231,,,,
232,,,,
233,0.0,0.0,1.0,0.0
234,,,,
235,0.0,0.0,0.0,1.0
236,0.0,0.0,0.5,0.5
237,,,,
238,0.0,0.0,0.0,1.0
239,0.0,0.0,0.0,1.0
240,,,,
241,0.0,1.0,0.0,0.0
242,0.6666666666666666,0.0,0.0,0.3333333333333333
243,0.0,0.0,1.0,0.0
244,,,,
245,0.0,1.0,0.0,0.0
246,,,,
247,,,,
248,,,,
249,,,,
250,0.6,0.2,0.0,0.2
251,0.0,0.0,0.5,0.5
252,0.0,0.0,1.0,0.0
253,1.0,0.0,0.0,0.0
254,0.0,0.0,0.0,1.0
255,0.0,0.0,0.0,1.0
256,,,,
257,0.0,0.5,0.5,0.0
258,0.0,0.0,1.0,0.0
259,,,,
260,,,,
261,0.0,0.3333333333333333,0.0,0.6666666666666666
262,,,,
263,,,,
264,,,,
265,,,,
266,0.2,0.8,0.0,0.0
267,0.0,0.0,0.0,1.0
268,,,,
269,,,,
270,,,,
271,0.0,0.8571428571428571,0.14285714285714285,0.0
272,0.16666666666666666,0.0,0.0,0.8333333333333334
273,,,,
274,0.0,0.0,1.0,0.0
275,,,,
276,0.0,0.0,1.0,0.0
277,0.0,1.0,0.0,0.0
278,0.0,0.5,0.0,0.5
279,,,,
280,,,,
281,0.0,1.0,0.0,0.0
282,,,,
283,0.0,0.0,0.0,1.0
284,0.0,0.0,0.0,1.0
285,,,,
286,0.0,0.0,0.0,1.0
287,,,,
288,1.0,0.0,0.0,0.0
289,,,,
290,,,,
291,,,,
292,1.0,0.0,0.0,0.0
293,,,,
294,0.0,0.0,1.0,0.0
295,,,,
296,,,,
297,,,,
298,,,,
299,,,,
300,,,,
301,,,,
302,,,,
303,,,,
304,,,,
305,,,,
306,,,,
307,,,,
308,,,,
309,,,,
310,,,,
311,,,,
312,,,,
313,,,,
314,,,,
315,,,,
