,A,C,G,T
0,,,,
1,,,,
2,,,,
3,0.18181818181818182,0.18181818181818182,0.0,0.6363636363636364
4,,,,
5,0.0,0.0,0.0,1.0
6,,,,
7,0.0,1.0,0.0,0.0
8,1.0,0.0,0.0,0.0
9,0.2,0.0,0.0,0.8
10,0.0,1.0,0.0,0.0
11,1.0,0.0,0.0,0.0
12,,,,
13,0.0,0.0,0.4,0.6
14,1.0,0.0,0.0,0.0
15,0.0,1.0,0.0,0.0
16,,,,
17,,,,
18,,,,
19,,,,
20,0.0,1.0,0.0,0.0
21,,,,
22,,,,
23,,,,
24,,,,
25,,,,
26,0.0,1.0,0.0,0.0
27,,,,
28,,,,
29,,,,
30,,,,
31,,,,
32,0.0,0.0,0.0,1.0
33,,,,
34,,,,
35,,,,
36,0.0,1.0,0.0,0.0
37,0.0,1.0,0.0,0.0
38,1.0,0.0,0.0,0.0
39,,,,
40,,,,
41,0.0,1.0,0.0,0.0
42,,,,
43,,,,
44,1.0,0.0,0.0,0.0
45,,,,
46,0.0,0.0,0.9230769230769231,0.07692307692307693
47,,,,
48,0.0,0.25,0.0,0.75
49,,,,
50,,,,
51,,,,
52,,,,
53,,,,
54,0.0,1.0,0.0,0.0
55,,,,
56,,,,
57,0.0,0.0,1.0,0.0
58,0.0,1.0,0.0,0.0
59,,,,
60,0.0,1.0,0.0,0.0
61,0.043478260869565216,0.6521739130434783,0.30434782608695654,0.0
62,0.14285714285714285,0.0,0.0,0.8571428571428571
63,,,,
64,,,,
65,,,,
66,0.6363636363636364,0.18181818181818182,0.0,0.18181818181818182
67,0.0,0.0,0.3333333333333333,0.6666666666666666
68,0.0,1.0,0.0,0.0
69,,,,
70,,,,
71,0.25,0.0,0.5,0.25
72,0.0,1.0,0.0,0.0
73,,,,
74,0.0,1.0,0.0,0.0
75,,,,
76,,,,
77,1.0,0.0,0.0,0.0
78,,,,
79,0.0,0.6,0.4,0.0
80,0.0,0.0,1.0,0.0
81,,,,
82,1.0,0.0,0.0,0.0
83,0.0,0.0,0.75,0.25
84,0.0,0.18181818181818182,0.7272727272727273,0.09090909090909091
85,0.0,0.5,0.5,0.0
86,0.0,0.0,1.0,0.0
87,0.0,0.0,1.0,0.0
88,0.5,0.5,0.0,0.0
89,0.0,0.0,0.0,1.0
90,0.0,0.3333333333333333,0.6666666666666666,0.0
91,0.6,0.4,0.0,0.0
92,0.16666666666666666,0.6666666666666666,0.16666666666666666,0.0
93,0.6666666666666666,0.2222222222222222,0.0,0.1111111111111111
94,0.1875,0.75,0.0,0.0625
95,0.0,1.0,0.0,0.0
96,0.0,0.0,0.2222222222222222,0.7777777777777778
97,0.0,0.0,0.0,1.0
98,0.0,0.0,0.625,0.375
99,,,,
100,0.29411764705882354,0.0,0.0,0.7058823529411765
101,0.375,0.25,0.0,0.375
102,0.0,1.0,0.0,0.0
103,0.0,0.0,0.0,1.0
104,0.0,0.0,0.9090909090909091,0.09090909090909091
105,0.0,0.0,0.5714285714285714,0.42857142857142855
106,0.16666666666666666,0.25,0.5833333333333334,0.0
107,0.0,0.0,0.75,0.25
108,0.0,0.0,1.0,0.0
109,,,,
110,,,,
111,0.5714285714285714,0.42857142857142855,0.0,0.0
112,,,,
113,0.0,0.0,1.0,0.0
114,0.0,0.0,1.0,0.0
115,,,,
116,0.0,0.0,0.4,0.6
117,,,,
118,0.0,0.75,0.25,0.0
119,1.0,0.0,0.0,0.0
120,0.10526315789473684,0.0,0.0,0.8947368421052632
121,,,,
122,,,,
123,,,,
124,,,,
125,0.0,0.6363636363636364,0.2727272727272727,0.09090909090909091
126,0.2727272727272727,0.7272727272727273,0.0,0.0
127,1.0,0.0,0.0,0.0
128,0.0,0.0,0.0,1.0
129,0.0,0.0,1.0,0.0
130,0.0,0.6666666666666666,0.3333333333333333,0.0
131,1.0,0.0,0.0,0.0
132,,,,
133,,,,
134,0.9,0.1,0.0,0.0
135,,,,
136,,,,
137,1.0,0.0,0.0,0.0
138,,,,
139,,,,
140,0.0,1.0,0.0,0.0
141,,,,
142,,,,
143,,,,
144,0.0,0.0,1.0,0.0
145,1.0,0.0,0.0,0.0
146,0.7857142857142857,0.21428571428571427,0.0,0.0
147,,,,
148,0.0,1.0,0.0,0.0
149,0.0,0.625,0.0,0.375
150,0.16666666666666666,0.6666666666666666,0.0,0.16666666666666666
151,0.0,0.0,1.0,0.0
152,0.0,0.5,0.0,0.5
153,0.0,0.0,0.9230769230769231,0.07692307692307693
154,,,,
155,0.5,0.0,0.0,0.5
156,0.3333333333333333,0.0,0.3333333333333333,0.3333333333333333
157,,,,
158,0.0,0.0,1.0,0.0
159,0.058823529411764705,0.0,0.7647058823529411,0.17647058823529413
160,0.0,0.0,1.0,0.0
161,0.25,0.75,0.0,0.0
162,0.0,0.0,1.0,0.0
163,0.42857142857142855,0.5714285714285714,0.0,0.0
164,0.6666666666666666,0.3333333333333333,0.0,0.0
165,,,,
166,0.0,0.5,0.0,0.5
167,0.8333333333333334,0.16666666666666666,0.0,0.0
168,,,,
169,0.5714285714285714,0.0,0.0,0.42857142857142855
170,0.7391304347826086,0.0,0.13043478260869565,0.13043478260869565
171,0.0,0.0,1.0,0.0
172,,,,
173,0.25,0.0,0.5,0.25
174,0.5909090909090909,0.36363636363636365,0.045454545454545456,0.0
175,0.0,0.0,0.0,1.0
176,,,,
177,0.0,1.0,0.0,0.0
178,0.0,0.3333333333333333,0.3333333333333333,0.3333333333333333
179,,,,
180,,,,
181,,,,
182,0.0,0.0,0.0,1.0
183,,,,
184,,,,
185,0.0,1.0,0.0,0.0
186,,,,
187,,,,
188,,,,
189,0.0,0.0,0.0,1.0
190,,,,
191,0.0,0.0,0.5,0.5
192,0.0,0.0,1.0,0.0
193,0.0,0.7058823529411765,0.29411764705882354,0.0
194,,,,
195,0.0,0.3333333333333333,0.6666666666666666,0.0
196,,,,
197,0.0,1.0,0.0,0.0
198,,,,
199,,,,
200,0.0,0.0,1.0,0.0
201,0.0,0.041666666666666664,0.9583333333333334,0.0
202,,,,
203,,,,
204,0.0,0.0,0.0,1.0
205,0.2,0.0,0.8,0.0
206,1.0,0.0,0.0,0.0
207,0.0,0.07692307692307693,0.9230769230769231,0.0
208,0.0,1.0,0.0,0.0
209,0.2727272727272727,0.18181818181818182,0.0,0.5454545454545454
210,0.0,0.0,1.0,0.0
211,,,,
212,0.0,0.0,0.75,0.25
213,0.3,0.7,0.0,0.0
214,1.0,0.0,0.0,0.0
215,0.0,0.0,0.2857142857142857,0.7142857142857143
216,,,,
217,,,,
218,,,,
219,0.0,1.0,0.0,0.0
220,1.0,0.0,0.0,0.0
221,0.5,0.5,0.0,0.0
222,0.0,0.0,1.0,0.0
223,1.0,0.0,0.0,0.0
224,0.0,0.0,0.8571428571428571,0.14285714285714285
225,0.0,1.0,0.0,0.0
226,0.0,0.42857142857142855,0.5714285714285714,0.0
227,0.0,0.7,0.0,0.3
228,0.0,0.0,0.0,1.0
229,0.0,0.0,0.0,1.0
230,0.2,0.0,0.2,0.6
231,1.0,0.0,0.0,0.0
232,0.0,0.0,0.3333333333333333,0.6666666666666666
233,0.7692307692307693,0.15384615384615385,0.0,0.07692307692307693
234,0.3333333333333333,0.0,0.6666666666666666,0.0
235,,,,
236,0.0,0.0,0.0,1.0
237,0.0,0.0,1.0,0.0
238,0.0,0.0,0.0,1.0
239,,,,
240,,,,
241,,,,
242,,,,
243,0.0,1.0,0.0,0.0
244,0.0,0.25,0.75,0.0
245,0.5,0.0,0.0,0.5
246,0.3157894736842105,0.0,0.6842105263157895,0.0
247,,,,
248,,,,
249,0.0,0.5,0.0,0.5
250,0.0,1.0,0.0,0.0
251,0.0,0.0,0.0,1.0
252,,,,
253,1.0,0.0,0.0,0.0
254,0.0,1.0,0.0,0.0
255,0.5714285714285714,0.14285714285714285,0.0,0.2857142857142857
256,0.0,1.0,0.0,0.0
257,1.0,0.0,0.0,0.0
258,,,,
259,,,,
260,1.0,0.0,0.0,0.0
261,,,,
262,,,,
263,0.0,0.0,1.0,0.0
264,1.0,0.0,0.0,0.0
265,,,,
266,0.6,0.0,0.0,0.4
267,,,,
268,,,,
269,,,,
270,0.0,0.0,0.0,1.0
271,,,,
272,0.0,1.0,0.0,0.0
273,0.0,1.0,0.0,0.0
274,,,,
275,0.0,0.0,0.0,1.0
276,0.375,0.25,0.0,0.375
277,,,,
278,0.5,0.21428571428571427,0.0,0.2857142857142857
279,,,,
280,,,,
281,0.0,0.8,0.2,0.0
282,,,,
283,0.0,0.0,0.0,1.0
284,0.0,0.0,0.0,1.0
285,,,,
286,,,,
287,,,,
288,,,,
289,,,,
290,,,,
291,,,,
292,,,,
293,,,,
294,,,,
295,,,,
296,,,,
297,,,,
298,,,,
299,,,,
300,,,,
301,,,,
302,,,,
303,,,,
304,,,,
305,,,,
306,,,,
