,A,C,G,T
0,,,,
1,,,,
2,1.0,0.0,0.0,0.0
3,0.3333333333333333,0.6666666666666666,0.0,0.0
4,,,,
5,0.5,0.5,0.0,0.0
6,1.0,0.0,0.0,0.0
7,0.0,0.0,1.0,0.0
8,0.7142857142857143,0.2857142857142857,0.0,0.0
9,0.0,0.0,0.0,1.0
10,,,,
11,1.0,0.0,0.0,0.0
12,0.5,0.0,0.5,0.0
13,0.0,0.0,1.0,0.0
14,1.0,0.0,0.0,0.0
15,0.0,1.0,0.0,0.0
16,,,,
17,,,,
18,0.0,0.0,1.0,0.0
19,0.0,0.0,1.0,0.0
20,0.0,1.0,0.0,0.0
21,,,,
22,,,,
23,0.0,0.0,0.0,1.0
24,0.0,0.0,1.0,0.0
25,1.0,0.0,0.0,0.0
26,0.0,1.0,0.0,0.0
27,,,,
28,0.0,1.0,0.0,0.0
29,0.0,0.6,0.4,0.0
30,0.0,0.0,1.0,0.0
31,0.0,1.0,0.0,0.0
32,,,,
33,0.0,0.0,0.0,1.0
34,,,,
35,0.0,0.0,0.0,1.0
36,,,,
37,0.0,0.0,1.0,0.0
38,,,,
39,,,,
40,,,,
41,0.0,0.6666666666666666,0.3333333333333333,0.0
42,1.0,0.0,0.0,0.0
43,,,,
44,1.0,0.0,0.0,0.0
45,0.0,1.0,0.0,0.0
46,0.0,0.0,1.0,0.0
47,1.0,0.0,0.0,0.0
48,0.0,0.0,0.0,1.0
49,,,,
50,,,,
51,,,,
52,,,,
53,0.5,0.0,0.0,0.5
54,0.0,1.0,0.0,0.0
55,1.0,0.0,0.0,0.0
56,1.0,0.0,0.0,0.0
57,,,,
58,,,,
59,,,,
60,0.0,0.0,0.0,1.0
61,0.06060606060606061,0.9090909090909091,0.030303030303030304,0.0
62,0.42857142857142855,0.0,0.14285714285714285,0.42857142857142855
63,1.0,0.0,0.0,0.0
64,,,,
65,,,,
66,0.4375,0.0625,0.0,0.5
67,0.0,0.0,0.7142857142857143,0.2857142857142857
68,0.0,1.0,0.0,0.0
69,0.5,0.5,0.0,0.0
70,,,,
71,0.0,0.0,0.6666666666666666,0.3333333333333333
72,,,,
73,1.0,0.0,0.0,0.0
74,,,,
75,,,,
76,,,,
77,0.25,0.75,0.0,0.0
78,0.0,0.0,0.0,1.0
79,0.0,0.16666666666666666,0.7222222222222222,0.1111111111111111
80,0.0,0.0,0.5,0.5
81,0.3333333333333333,0.6666666666666666,0.0,0.0
82,,,,
83,0.0,0.0,0.0,1.0
84,0.0,0.6153846153846154,0.3076923076923077,0.07692307692307693
85,,,,
86,0.16666666666666666,0.0,0.5,0.3333333333333333
87,0.0,0.0,1.0,0.0
88,0.5,0.3333333333333333,0.0,0.16666666666666666
89,0.06666666666666667,0.0,0.13333333333333333,0.8
90,0.0,0.058823529411764705,0.7058823529411765,0.23529411764705882
91,0.5625,0.3125,0.0,0.125
92,0.16666666666666666,0.16666666666666666,0.6666666666666666,0.0
93,0.625,0.1875,0.0,0.1875
94,0.32,0.56,0.0,0.12
95,0.0,0.9166666666666666,0.08333333333333333,0.0
96,0.0,0.03571428571428571,0.07142857142857142,0.8928571428571429
97,0.0,0.14285714285714285,0.2857142857142857,0.5714285714285714
98,0.14285714285714285,0.0,0.0,0.8571428571428571
99,0.5,0.5,0.0,0.0
100,0.7619047619047619,0.09523809523809523,0.0,0.14285714285714285
101,0.0,0.9565217391304348,0.0,0.043478260869565216
102,0.5,0.0,0.5,0.0
103,1.0,0.0,0.0,0.0
104,0.0,0.03333333333333333,0.9666666666666667,0.0
105,0.0,0.06666666666666667,0.8,0.13333333333333333
106,0.16666666666666666,0.23333333333333334,0.6,0.0
107,0.0,0.0,0.0,1.0
108,0.0,0.0,1.0,0.0
109,0.0,0.0,0.0,1.0
110,0.5,0.5,0.0,0.0
111,0.9090909090909091,0.045454545454545456,0.0,0.045454545454545456
112,0.0,0.6666666666666666,0.3333333333333333,0.0
113,0.0,0.0,0.0,1.0
114,0.0,0.0,0.5,0.5
115,0.5,0.5,0.0,0.0
116,0.0,0.0,1.0,0.0
117,0.5,0.0,0.5,0.0
118,0.0,0.5,0.25,0.25
119,0.8888888888888888,0.1111111111111111,0.0,0.0
120,0.09523809523809523,0.0,0.23809523809523808,0.6666666666666666
121,,,,
122,0.0,0.0,1.0,0.0
123,0.0,0.0,1.0,0.0
124,1.0,0.0,0.0,0.0
125,0.0,0.0,0.5,0.5
126,,,,
127,,,,
128,0.6666666666666666,0.0,0.0,0.3333333333333333
129,0.0,0.75,0.25,0.0
130,0.0,0.4,0.6,0.0
131,0.7142857142857143,0.0,0.0,0.2857142857142857
132,1.0,0.0,0.0,0.0
133,0.0,1.0,0.0,0.0
134,0.4782608695652174,0.5217391304347826,0.0,0.0
135,0.3333333333333333,0.0,0.3333333333333333,0.3333333333333333
136,0.0,1.0,0.0,0.0
137,0.5,0.0,0.0,0.5
138,,,,
139,0.0,0.0,0.5,0.5
140,0.4444444444444444,0.0,0.0,0.5555555555555556
141,,,,
142,0.0,0.0,0.0,1.0
143,0.0,1.0,0.0,0.0
144,0.0,1.0,0.0,0.0
145,0.0,0.5,0.5,0.0
146,0.1111111111111111,0.8888888888888888,0.0,0.0
147,,,,
148,0.3333333333333333,0.6666666666666666,0.0,0.0
149,0.8125,0.125,0.0,0.0625
150,0.4666666666666667,0.13333333333333333,0.0,0.4
151,0.0,0.2,0.2,0.6
152,0.0,0.12121212121212122,0.12121212121212122,0.7575757575757576
153,0.0,0.14285714285714285,0.2857142857142857,0.5714285714285714
154,0.0,0.0,1.0,0.0
155,0.18181818181818182,0.0,0.0,0.8181818181818182
156,0.24,0.0,0.2,0.56
157,0.0,0.16666666666666666,0.5833333333333334,0.25
158,0.0,1.0,0.0,0.0
159,0.4782608695652174,0.0,0.43478260869565216,0.08695652173913043
160,0.0,0.18181818181818182,0.7272727272727273,0.09090909090909091
161,0.6,0.2,0.2,0.0
162,0.0,0.18181818181818182,0.8181818181818182,0.0
163,0.5,0.5,0.0,0.0
164,0.5,0.25,0.25,0.0
165,0.3333333333333333,0.5,0.0,0.16666666666666666
166,0.08333333333333333,0.8333333333333334,0.0,0.08333333333333333
167,0.5238095238095238,0.14285714285714285,0.0,0.3333333333333333
168,0.0,0.0,0.0,1.0
169,0.6666666666666666,0.2857142857142857,0.0,0.047619047619047616
170,0.1,0.0,0.3,0.6
171,0.0,0.3333333333333333,0.3333333333333333,0.3333333333333333
172,0.2,0.0,0.0,0.8
173,0.0,0.0,0.6666666666666666,0.3333333333333333
174,0.7333333333333333,0.2,0.06666666666666667,0.0
175,0.0,0.5,0.25,0.25
176,0.0,0.0,0.375,0.625
177,0.0,1.0,0.0,0.0
178,0.0,0.0,0.0,1.0
179,0.0,0.0,0.0,1.0
180,0.0,0.5,0.0,0.5
181,0.0,0.0,0.0,1.0
182,0.0,0.0,0.06666666666666667,0.9333333333333333
183,0.0,0.0,0.0,1.0
184,,,,
185,0.0,0.95,0.0,0.05
186,0.0,0.0,1.0,0.0
187,,,,
188,0.0,0.0,0.0,1.0
189,0.0,0.0,0.25,0.75
190,,,,
191,0.5,0.0,0.5,0.0
192,0.0,0.16666666666666666,0.6666666666666666,0.16666666666666666
193,0.0,0.1,0.9,0.0
194,,,,
195,0.0,0.7777777777777778,0.2222222222222222,0.0
196,0.75,0.0,0.0,0.25
197,0.0,1.0,0.0,0.0
198,,,,
199,,,,
200,0.0,0.5,0.5,0.0
201,0.0,0.11428571428571428,0.8857142857142857,0.0
202,0.0,0.5,0.5,0.0
203,0.0,0.0,0.3333333333333333,0.6666666666666666
204,0.0,0.0,0.5,0.5
205,0.0,0.0,0.5555555555555556,0.4444444444444444
206,0.75,0.0,0.16666666666666666,0.08333333333333333
207,0.0,0.2857142857142857,0.5714285714285714,0.14285714285714285
208,,,,
209,0.22580645161290322,0.03225806451612903,0.0,0.7419354838709677
210,0.0,0.5,0.5,0.0
211,,,,
212,0.0,0.0,0.3333333333333333,0.6666666666666666
213,0.7857142857142857,0.07142857142857142,0.0,0.14285714285714285
214,0.7083333333333334,0.25,0.041666666666666664,0.0
215,0.0,0.0,0.875,0.125
216,,,,
217,0.0,0.0,1.0,0.0
218,0.0,0.0,0.0,1.0
219,0.0,0.5,0.5,0.0
220,0.5,0.0,0.5,0.0
221,1.0,0.0,0.0,0.0
222,1.0,0.0,0.0,0.0
223,,,,
224,0.0,0.0,0.0,1.0
225,0.0,0.0,1.0,0.0
226,0.0,0.4,0.6,0.0
227,0.0,1.0,0.0,0.0
228,,,,
229,0.0,0.0,1.0,0.0
230,0.0,0.0,0.2857142857142857,0.7142857142857143
231,0.0,0.0,0.0,1.0
232,0.0,0.0,0.8888888888888888,0.1111111111111111
233,0.35714285714285715,0.5,0.0,0.14285714285714285
234,0.7692307692307693,0.07692307692307693,0.15384615384615385,0.0
235,,,,
236,0.2,0.0,0.0,0.8
237,0.0,0.0,1.0,0.0
238,0.0,0.7894736842105263,0.0,0.21052631578947367
239,,,,
240,0.0,0.0,0.0,1.0
241,,,,
242,1.0,0.0,0.0,0.0
243,0.0,0.875,0.125,0.0
244,0.0,0.0,0.875,0.125
245,0.5333333333333333,0.26666666666666666,0.0,0.2
246,0.25,0.0,0.375,0.375
247,0.0,0.0,1.0,0.0
248,1.0,0.0,0.0,0.0
249,,,,
250,0.3076923076923077,0.6923076923076923,0.0,0.0
251,0.0,0.0,0.16666666666666666,0.8333333333333334
252,0.0,0.0,1.0,0.0
253,0.0,0.0,0.0,1.0
254,0.5,0.0,0.5,0.0
255,0.0,1.0,0.0,0.0
256,0.3333333333333333,0.3333333333333333,0.3333333333333333,0.0
257,,,,
258,,,,
259,0.0,0.0,1.0,0.0
260,0.5,0.0,0.0,0.5
261,1.0,0.0,0.0,0.0
262,0.25,0.0,0.0,0.75
263,0.5,0.0,0.5,0.0
264,1.0,0.0,0.0,0.0
265,,,,
266,0.8888888888888888,0.0,0.0,0.1111111111111111
267,,,,
268,,,,
269,,,,
270,0.0,0.0,0.0,1.0
271,,,,
272,0.0,1.0,0.0,0.0
273,,,,
274,,,,
275,0.0,0.0,0.0,1.0
276,0.75,0.25,0.0,0.0
277,0.0,0.0,1.0,0.0
278,0.32,0.36,0.0,0.32
279,,,,
280,0.0,0.0,0.5,0.5
281,,,,
282,0.0,0.0,1.0,0.0
283,0.0,0.0,0.0,1.0
284,0.0,0.0,0.0,1.0
285,0.0,1.0,0.0,0.0
286,,,,
287,0.0,0.5,0.5,0.0
288,0.6666666666666666,0.0,0.0,0.3333333333333333
289,0.0,0.0,0.1111111111111111,0.8888888888888888
290,0.3333333333333333,0.3333333333333333,0.0,0.3333333333333333
291,0.0,1.0,0.0,0.0
292,1.0,0.0,0.0,0.0
293,0.0,0.0,1.0,0.0
294,0.0,1.0,0.0,0.0
295,,,,
296,1.0,0.0,0.0,0.0
297,,,,
298,0.0,0.0,1.0,0.0
299,,,,
300,0.0,1.0,0.0,0.0
301,,,,
302,,,,
303,,,,
304,,,,
305,0.0,0.0,0.0,1.0
306,,,,
307,,,,
308,,,,
309,,,,
310,,,,
311,,,,
312,,,,
313,,,,
314,,,,
315,,,,
