,A,C,G,T
0,,,,
1,,,,
2,0.75,0.0,0.0,0.25
3,0.25,0.5,0.0,0.25
4,,,,
5,0.7142857142857143,0.0,0.0,0.2857142857142857
6,0.5,0.0,0.5,0.0
7,0.0,0.5,0.0,0.5
8,0.3333333333333333,0.3333333333333333,0.0,0.3333333333333333
9,0.0,0.0,0.0,1.0
10,,,,
11,0.8333333333333334,0.16666666666666666,0.0,0.0
12,0.5,0.0,0.5,0.0
13,0.0,0.5,0.0,0.5
14,0.0,1.0,0.0,0.0
15,0.0,1.0,0.0,0.0
16,,,,
17,1.0,0.0,0.0,0.0
18,0.0,1.0,0.0,0.0
19,0.0,0.0,0.5,0.5
20,,,,
21,,,,
22,0.0,0.0,0.0,1.0
23,,,,
24,,,,
25,,,,
26,0.0,0.09090909090909091,0.6363636363636364,0.2727272727272727
27,0.0,1.0,0.0,0.0
28,,,,
29,0.0,0.5,0.5,0.0
30,0.0,0.0,1.0,0.0
31,0.0,1.0,0.0,0.0
32,0.0,0.5,0.0,0.5
33,0.0,1.0,0.0,0.0
34,1.0,0.0,0.0,0.0
35,,,,
36,0.0,1.0,0.0,0.0
37,0.0,0.25,0.75,0.0
38,,,,
39,0.0,0.0,0.3333333333333333,0.6666666666666666
40,,,,
41,0.0,0.7777777777777778,0.2222222222222222,0.0
42,0.0,0.5,0.5,0.0
43,,,,
44,0.0,0.18181818181818182,0.8181818181818182,0.0
45,0.125,0.0,0.75,0.125
46,0.0,0.5,0.5,0.0
47,0.5,0.5,0.0,0.0
48,0.0,0.0,1.0,0.0
49,1.0,0.0,0.0,0.0
50,0.2,0.0,0.4,0.4
51,,,,
52,,,,
53,1.0,0.0,0.0,0.0
54,0.6666666666666666,0.0,0.3333333333333333,0.0
55,0.6666666666666666,0.0,0.3333333333333333,0.0
56,0.0,0.0,0.0,1.0
57,1.0,0.0,0.0,0.0
58,0.0,1.0,0.0,0.0
59,,,,
60,0.0,0.0,0.5,0.5
61,0.3333333333333333,0.0,0.3333333333333333,0.3333333333333333
62,0.25,0.0,0.5833333333333334,0.16666666666666666
63,,,,
64,0.0,1.0,0.0,0.0
65,0.0,0.0,0.0,1.0
66,0.0,0.0,0.5384615384615384,0.46153846153846156
67,0.18181818181818182,0.0,0.6363636363636364,0.18181818181818182
68,0.0,0.5,0.5,0.0
69,,,,
70,0.0,1.0,0.0,0.0
71,0.0,0.0,0.0,1.0
72,0.6,0.2,0.2,0.0
73,0.0,0.0,1.0,0.0
74,0.4,0.6,0.0,0.0
75,0.75,0.25,0.0,0.0
76,0.5,0.5,0.0,0.0
77,0.0,1.0,0.0,0.0
78,0.0,0.0,0.0,1.0
79,0.5238095238095238,0.19047619047619047,0.0,0.2857142857142857
80,0.0,0.0,0.8333333333333334,0.16666666666666666
81,0.0,0.8571428571428571,0.14285714285714285,0.0
82,1.0,0.0,0.0,0.0
83,1.0,0.0,0.0,0.0
84,0.0,0.3,0.7,0.0
85,0.0,1.0,0.0,0.0
86,0.14285714285714285,0.0,0.2857142857142857,0.5714285714285714
87,0.0,0.16666666666666666,0.8333333333333334,0.0
88,0.47058823529411764,0.4117647058823529,0.0,0.11764705882352941
89,0.3076923076923077,0.0,0.15384615384615385,0.5384615384615384
90,0.0,0.5,0.125,0.375
91,0.4375,0.1875,0.0,0.375
92,0.0,0.5,0.5,0.0
93,0.46153846153846156,0.23076923076923078,0.0,0.3076923076923077
94,0.42105263157894735,0.5263157894736842,0.0,0.05263157894736842
95,0.1,0.5,0.4,0.0
96,0.4444444444444444,0.2222222222222222,0.0,0.3333333333333333
97,0.5238095238095238,0.3333333333333333,0.0,0.14285714285714285
98,0.5,0.4,0.1,0.0
99,0.09090909090909091,0.9090909090909091,0.0,0.0
100,0.0,0.2,0.0,0.8
101,0.21428571428571427,0.0,0.0,0.7857142857142857
102,0.0,1.0,0.0,0.0
103,0.0,0.1,0.4,0.5
104,0.0,0.0,0.2727272727272727,0.7272727272727273
105,0.0,0.0,1.0,0.0
106,,,,
107,0.0,1.0,0.0,0.0
108,0.0,0.1,0.6,0.3
109,0.16,0.76,0.0,0.08
110,0.0,0.0,0.125,0.875
111,0.0,1.0,0.0,0.0
112,0.0,0.0,0.0,1.0
113,0.0,1.0,0.0,0.0
114,0.0,0.18181818181818182,0.8181818181818182,0.0
115,0.0,0.5,0.5,0.0
116,0.0,0.0,0.0,1.0
117,,,,
118,0.0,1.0,0.0,0.0
119,0.6,0.0,0.4,0.0
120,,,,
121,0.0,0.5,0.0,0.5
122,0.6428571428571429,0.35714285714285715,0.0,0.0
123,0.0,0.0,0.5,0.5
124,0.0,0.21428571428571427,0.35714285714285715,0.42857142857142855
125,0.0,0.0,0.0,1.0
126,0.0,0.0,1.0,0.0
127,1.0,0.0,0.0,0.0
128,0.0,1.0,0.0,0.0
129,0.0,1.0,0.0,0.0
130,0.9,0.0,0.0,0.1
131,0.2,0.2,0.0,0.6
132,0.0,0.6666666666666666,0.3333333333333333,0.0
133,0.0,0.25,0.75,0.0
134,0.0,0.0,0.0,1.0
135,,,,
136,,,,
137,0.3333333333333333,0.0,0.5,0.16666666666666666
138,0.0,0.0,1.0,0.0
139,0.0,1.0,0.0,0.0
140,0.16666666666666666,0.8333333333333334,0.0,0.0
141,,,,
142,0.0,1.0,0.0,0.0
143,0.9090909090909091,0.0,0.0,0.09090909090909091
144,,,,
145,,,,
146,,,,
147,0.0,0.5,0.5,0.0
148,0.0,0.0,1.0,0.0
149,0.0,1.0,0.0,0.0
150,0.0,0.0,0.0,1.0
151,0.0,1.0,0.0,0.0
152,0.5,0.23076923076923078,0.0,0.2692307692307692
153,0.7692307692307693,0.15384615384615385,0.07692307692307693,0.0
154,0.0,0.16666666666666666,0.4166666666666667,0.4166666666666667
155,0.09090909090909091,0.0,0.0,0.9090909090909091
156,0.0,0.08333333333333333,0.75,0.16666666666666666
157,,,,
158,0.125,0.0,0.375,0.5
159,0.2857142857142857,0.5714285714285714,0.14285714285714285,0.0
160,0.0,0.2857142857142857,0.14285714285714285,0.5714285714285714
161,0.0,0.7777777777777778,0.2222222222222222,0.0
162,0.07692307692307693,0.8461538461538461,0.07692307692307693,0.0
163,0.0,0.2222222222222222,0.6666666666666666,0.1111111111111111
164,0.09090909090909091,0.0,0.0,0.9090909090909091
165,0.0,0.0,0.375,0.625
166,0.46153846153846156,0.5384615384615384,0.0,0.0
167,0.0,0.7777777777777778,0.2222222222222222,0.0
168,,,,
169,,,,
170,0.7142857142857143,0.2857142857142857,0.0,0.0
171,0.0,0.1,0.7,0.2
172,0.5454545454545454,0.3181818181818182,0.0,0.13636363636363635
173,0.2857142857142857,0.0,0.14285714285714285,0.5714285714285714
174,0.0,0.1,0.6,0.3
175,0.7,0.0,0.1,0.2
176,0.2,0.0,0.2,0.6
177,0.8571428571428571,0.14285714285714285,0.0,0.0
178,0.0,0.25,0.0,0.75
179,0.0,0.0,0.2,0.8
180,0.3333333333333333,0.3333333333333333,0.3333333333333333,0.0
181,0.0,0.5,0.25,0.25
182,0.25,0.0,0.0,0.75
183,0.0,0.7142857142857143,0.2857142857142857,0.0
184,0.0,0.0,0.8,0.2
185,0.0,0.0,0.08333333333333333,0.9166666666666666
186,,,,
187,,,,
188,0.16666666666666666,0.6666666666666666,0.0,0.16666666666666666
189,0.0,0.5,0.5,0.0
190,,,,
191,1.0,0.0,0.0,0.0
192,0.5,0.0,0.5,0.0
193,0.0,0.5,0.5,0.0
194,0.0,0.0,1.0,0.0
195,0.0,0.5555555555555556,0.4444444444444444,0.0
196,0.0,0.0,1.0,0.0
197,,,,
198,0.0,0.3333333333333333,0.6666666666666666,0.0
199,0.0,0.3333333333333333,0.0,0.6666666666666666
200,0.0,1.0,0.0,0.0
201,0.0,0.0,1.0,0.0
202,1.0,0.0,0.0,0.0
203,0.0,0.42105263157894735,0.42105263157894735,0.15789473684210525
204,0.4,0.6,0.0,0.0
205,0.0,0.8571428571428571,0.14285714285714285,0.0
206,0.1,0.775,0.125,0.0
207,0.0,0.0,0.4166666666666667,0.5833333333333334
208,0.1,0.0,0.4,0.5
209,0.16666666666666666,0.0,0.5,0.3333333333333333
210,0.0,0.7777777777777778,0.1111111111111111,0.1111111111111111
211,0.0,0.5,0.5,0.0
212,0.0,0.32,0.48,0.2
213,0.25,0.25,0.5,0.0
214,0.3333333333333333,0.0,0.3333333333333333,0.3333333333333333
215,0.5,0.0,0.21428571428571427,0.2857142857142857
216,0.5789473684210527,0.3684210526315789,0.0,0.05263157894736842
217,0.25,0.75,0.0,0.0
218,0.0,0.375,0.3125,0.3125
219,,,,
220,0.0,1.0,0.0,0.0
221,0.0,0.0,0.25,0.75
222,0.0,0.14285714285714285,0.14285714285714285,0.7142857142857143
223,0.25,0.0,0.3333333333333333,0.4166666666666667
224,0.2727272727272727,0.5454545454545454,0.0,0.18181818181818182
225,,,,
226,,,,
227,0.0,0.0,0.3076923076923077,0.6923076923076923
228,0.0,0.3333333333333333,0.6666666666666666,0.0
229,0.0,0.08333333333333333,0.8333333333333334,0.08333333333333333
230,0.16666666666666666,0.6666666666666666,0.0,0.16666666666666666
231,0.0,0.0,1.0,0.0
232,0.0,0.25,0.75,0.0
233,0.0,0.0,0.3333333333333333,0.6666666666666666
234,0.0,0.0,1.0,0.0
235,0.0,0.25,0.75,0.0
236,0.5,0.5,0.0,0.0
237,0.5,0.0,0.5,0.0
238,,,,
239,0.5,0.0,0.0,0.5
240,0.0,0.0,1.0,0.0
241,0.16666666666666666,0.0,0.0,0.8333333333333334
242,0.125,0.0,0.125,0.75
243,0.0,0.0,0.25,0.75
244,,,,
245,0.0,1.0,0.0,0.0
246,0.0,0.75,0.25,0.0
247,0.0,0.34782608695652173,0.5652173913043478,0.08695652173913043
248,0.4,0.32,0.0,0.28
249,0.0,0.0,0.3333333333333333,0.6666666666666666
250,,,,
251,0.5,0.5,0.0,0.0
252,0.0,0.4444444444444444,0.1111111111111111,0.4444444444444444
253,0.17647058823529413,0.8235294117647058,0.0,0.0
254,0.041666666666666664,0.0,0.5416666666666666,0.4166666666666667
255,0.0,0.5,0.5,0.0
256,0.0,0.0,0.0,1.0
257,0.6666666666666666,0.0,0.3333333333333333,0.0
258,0.5,0.5,0.0,0.0
259,,,,
260,0.2,0.4,0.0,0.4
261,,,,
262,0.0,0.0,1.0,0.0
263,0.03333333333333333,0.9666666666666667,0.0,0.0
264,0.0,0.0,0.0,1.0
265,0.0,0.0,0.0,1.0
266,,,,
267,1.0,0.0,0.0,0.0
268,,,,
269,0.8,0.15,0.0,0.05
270,,,,
271,0.0,1.0,0.0,0.0
272,0.0,0.0,1.0,0.0
273,0.0,0.0,0.0,1.0
274,,,,
275,,,,
276,,,,
277,0.0,0.0,1.0,0.0
278,0.0,0.0,0.0625,0.9375
279,0.5714285714285714,0.42857142857142855,0.0,0.0
280,0.0,1.0,0.0,0.0
281,0.3225806451612903,0.41935483870967744,0.0,0.25806451612903225
282,,,,
283,0.0,0.0,0.0,1.0
284,0.0,1.0,0.0,0.0
285,0.0,0.3333333333333333,0.6666666666666666,0.0
286,0.0,0.0,0.0,1.0
287,0.0,0.0,0.0,1.0
288,,,,
289,,,,
290,,,,
291,,,,
292,,,,
293,,,,
294,,,,
295,,,,
296,,,,
297,,,,
298,,,,
299,,,,
300,,,,
301,,,,
302,,,,
303,,,,
304,,,,
305,,,,
306,,,,
307,,,,
308,,,,
309,,,,
