,A,C,G,T
0,,,,
1,,,,
2,0.9444444444444444,0.013888888888888888,0.0,0.041666666666666664
3,0.42857142857142855,0.47619047619047616,0.0,0.09523809523809523
4,0.058823529411764705,0.7941176470588235,0.14705882352941177,0.0
5,0.07194244604316546,0.0,0.3597122302158273,0.5683453237410072
6,0.1111111111111111,0.0,0.14814814814814814,0.7407407407407407
7,0.0,0.22727272727272727,0.5681818181818182,0.20454545454545456
8,0.4643734643734644,0.5061425061425061,0.0,0.029484029484029485
9,0.11304347826086956,0.0,0.16521739130434782,0.7217391304347827
10,0.5,0.5,0.0,0.0
11,0.39622641509433965,0.2641509433962264,0.0,0.33962264150943394
12,0.43859649122807015,0.5087719298245614,0.0,0.05263157894736842
13,0.5476190476190477,0.3333333333333333,0.11904761904761904,0.0
14,0.5185185185185185,0.14814814814814814,0.0,0.3333333333333333
15,0.3333333333333333,0.0,0.0,0.6666666666666666
16,0.0,0.5555555555555556,0.3333333333333333,0.1111111111111111
17,0.9325842696629213,0.02247191011235955,0.0,0.0449438202247191
18,0.15789473684210525,0.5263157894736842,0.3157894736842105,0.0
19,0.5,0.0,0.0,0.5
20,0.05172413793103448,0.7931034482758621,0.15517241379310345,0.0
21,0.5,0.16666666666666666,0.0,0.3333333333333333
22,0.391304347826087,0.6086956521739131,0.0,0.0
23,0.6530612244897959,0.16326530612244897,0.0,0.1836734693877551
24,0.2966507177033493,0.3827751196172249,0.0,0.32057416267942584
25,0.21212121212121213,0.0,0.6363636363636364,0.15151515151515152
26,0.3448275862068966,0.5517241379310345,0.10344827586206896,0.0
27,0.1,0.5,0.0,0.4
28,0.0,0.8333333333333334,0.10416666666666667,0.0625
29,0.7204968944099379,0.2670807453416149,0.0,0.012422360248447204
30,0.5681818181818182,0.25757575757575757,0.0,0.17424242424242425
31,0.42857142857142855,0.2857142857142857,0.2857142857142857,0.0
32,0.4339622641509434,0.09433962264150944,0.0,0.4716981132075472
33,0.0,0.7457627118644068,0.1864406779661017,0.06779661016949153
34,0.0,0.15723270440251572,0.7987421383647799,0.0440251572327044
35,0.7272727272727273,0.18181818181818182,0.0,0.09090909090909091
36,0.0,0.35384615384615387,0.6307692307692307,0.015384615384615385
37,0.0,0.23577235772357724,0.6585365853658537,0.10569105691056911
38,0.52,0.32,0.0,0.16
39,0.24324324324324326,0.0,0.13513513513513514,0.6216216216216216
40,0.1111111111111111,0.0,0.6666666666666666,0.2222222222222222
41,0.11666666666666667,0.2,0.6833333333333333,0.0
42,0.2,0.4,0.0,0.4
43,0.5882352941176471,0.11764705882352941,0.0,0.29411764705882354
44,0.47058823529411764,0.3235294117647059,0.0,0.20588235294117646
45,0.02054794520547945,0.0410958904109589,0.9383561643835616,0.0
46,0.5,0.0,0.125,0.375
47,0.12280701754385964,0.0,0.49122807017543857,0.38596491228070173
48,0.125,0.3125,0.5625,0.0
49,0.6666666666666666,0.0,0.0,0.3333333333333333
50,0.0,0.32231404958677684,0.3884297520661157,0.2892561983471074
51,0.6324786324786325,0.26495726495726496,0.0,0.10256410256410256
52,0.1111111111111111,0.5555555555555556,0.3333333333333333,0.0
53,0.6764705882352942,0.10294117647058823,0.0,0.22058823529411764
54,0.0,0.7428571428571429,0.22857142857142856,0.02857142857142857
55,0.0,0.31016042780748665,0.6524064171122995,0.0374331550802139
56,0.7543859649122807,0.09941520467836257,0.0,0.14619883040935672
57,0.6371681415929203,0.3008849557522124,0.0,0.061946902654867256
58,0.125,0.75,0.125,0.0
59,0.05042016806722689,0.0,0.11764705882352941,0.8319327731092437
60,0.18518518518518517,0.4074074074074074,0.4074074074074074,0.0
61,0.45454545454545453,0.0,0.18181818181818182,0.36363636363636365
62,0.5980392156862745,0.0,0.21568627450980393,0.18627450980392157
63,0.25,0.5,0.25,0.0
64,0.25,0.0,0.0,0.75
65,0.03867403314917127,0.0,0.0,0.9613259668508287
66,0.0,0.48936170212765956,0.475177304964539,0.03546099290780142
67,0.0,0.4146341463414634,0.5121951219512195,0.07317073170731707
68,0.9122807017543859,0.03508771929824561,0.0,0.05263157894736842
69,0.6595238095238095,0.07857142857142857,0.0,0.2619047619047619
70,0.17391304347826086,0.0,0.10869565217391304,0.717391304347826
71,0.07612456747404844,0.8650519031141869,0.058823529411764705,0.0
72,0.208955223880597,0.44776119402985076,0.34328358208955223,0.0
73,0.2698412698412698,0.0,0.07936507936507936,0.6507936507936508
74,0.19469026548672566,0.5752212389380531,0.23008849557522124,0.0
75,0.7777777777777778,0.1111111111111111,0.0,0.1111111111111111
76,0.5227272727272727,0.2727272727272727,0.0,0.20454545454545456
77,0.0,0.4411764705882353,0.34558823529411764,0.21323529411764705
78,0.2634730538922156,0.09580838323353294,0.0,0.6407185628742516
79,0.6129032258064516,0.07142857142857142,0.0,0.315668202764977
80,0.44,0.0,0.3,0.26
81,0.0,0.2682926829268293,0.2926829268292683,0.43902439024390244
82,0.1836734693877551,0.0,0.3469387755102041,0.46938775510204084
83,0.31875,0.0,0.23125,0.45
84,0.12048192771084337,0.7791164658634538,0.10040160642570281,0.0
85,0.23214285714285715,0.6607142857142857,0.10714285714285714,0.0
86,0.225,0.0,0.125,0.65
87,0.0,0.14979757085020243,0.7854251012145749,0.06477732793522267
88,0.5865921787709497,0.329608938547486,0.0,0.08379888268156424
89,0.15921787709497207,0.0,0.20949720670391062,0.6312849162011173
90,0.0,0.22988505747126436,0.6494252873563219,0.1206896551724138
91,0.604602510460251,0.35355648535564854,0.0,0.04184100418410042
92,0.09982788296041308,0.0,0.16179001721170397,0.7383820998278829
93,0.335243553008596,0.35816618911174786,0.30659025787965616,0.0
94,0.0,0.3108108108108108,0.030405405405405407,0.6587837837837838
95,0.0625,0.7897727272727273,0.14772727272727273,0.0
96,0.4535211267605634,0.2028169014084507,0.0,0.3436619718309859
97,0.11730769230769231,0.0,0.6307692307692307,0.2519230769230769
98,0.3475409836065574,0.5377049180327869,0.11475409836065574,0.0
99,0.0,0.1662921348314607,0.34606741573033706,0.48764044943820223
100,0.23529411764705882,0.5294117647058824,0.23529411764705882,0.0
101,0.24152542372881355,0.0,0.4152542372881356,0.3432203389830508
102,0.0,0.31932773109243695,0.5714285714285714,0.1092436974789916
103,0.4824961948249619,0.4885844748858447,0.0,0.0289193302891933
104,0.03287671232876712,0.0,0.01643835616438356,0.9506849315068493
105,0.36363636363636365,0.18181818181818182,0.45454545454545453,0.0
106,0.16666666666666666,0.5,0.0,0.3333333333333333
107,0.125,0.25,0.0,0.625
108,0.22018348623853212,0.6330275229357798,0.0,0.14678899082568808
109,0.20689655172413793,0.13793103448275862,0.6551724137931034,0.0
110,0.2926829268292683,0.3170731707317073,0.0,0.3902439024390244
111,0.5,0.0,0.14285714285714285,0.35714285714285715
112,0.75,0.0,0.0,0.25
113,0.0,0.3506944444444444,0.5798611111111112,0.06944444444444445
114,0.6666666666666666,0.0,0.16666666666666666,0.16666666666666666
115,0.0,0.23809523809523808,0.4523809523809524,0.30952380952380953
116,0.6923076923076923,0.23076923076923078,0.0,0.07692307692307693
117,0.4444444444444444,0.2222222222222222,0.0,0.3333333333333333
118,0.1111111111111111,0.0,0.2222222222222222,0.6666666666666666
119,0.6,0.0,0.16,0.24
120,0.3,0.0,0.2,0.5
121,0.3125,0.0,0.4375,0.25
122,0.21551724137931033,0.646551724137931,0.13793103448275862,0.0
123,0.5,0.0,0.0,0.5
124,0.3,0.5,0.0,0.2
125,0.0,0.33695652173913043,0.5,0.16304347826086957
126,0.3902439024390244,0.0,0.6097560975609756,0.0
127,0.0,0.14634146341463414,0.5121951219512195,0.34146341463414637
128,0.0,0.1391304347826087,0.8043478260869565,0.05652173913043478
129,0.8208955223880597,0.16417910447761194,0.0,0.014925373134328358
130,0.7142857142857143,0.2857142857142857,0.0,0.0
131,0.43015521064301554,0.44124168514412415,0.0,0.1286031042128603
132,0.1951219512195122,0.0,0.12195121951219512,0.6829268292682927
133,0.0,0.9482758620689655,0.05172413793103448,0.0
134,0.25510204081632654,0.21428571428571427,0.5306122448979592,0.0
135,0.0,0.8695652173913043,0.0,0.13043478260869565
136,0.0,0.25,0.5,0.25
137,0.8493150684931506,0.0821917808219178,0.0,0.0684931506849315
138,0.0625,0.1875,0.75,0.0
139,0.16666666666666666,0.0,0.0,0.8333333333333334
140,0.06896551724137931,0.8275862068965517,0.0,0.10344827586206896
141,0.0,0.29508196721311475,0.5540983606557377,0.15081967213114755
142,0.07142857142857142,0.07142857142857142,0.8571428571428571,0.0
143,0.5925925925925926,0.037037037037037035,0.0,0.37037037037037035
144,0.2,0.0,0.0,0.8
145,0.08571428571428572,0.8,0.0,0.11428571428571428
146,0.0,0.22372881355932203,0.6474576271186441,0.1288135593220339
147,0.46540880503144655,0.389937106918239,0.0,0.14465408805031446
148,0.31985294117647056,0.28308823529411764,0.0,0.39705882352941174
149,0.5537757437070938,0.3318077803203661,0.0,0.11441647597254005
150,0.0,0.1145374449339207,0.6343612334801763,0.2511013215859031
151,0.15789473684210525,0.30526315789473685,0.5368421052631579,0.0
152,0.25,0.0,0.1527777777777778,0.5972222222222222
153,0.0,0.3018181818181818,0.5527272727272727,0.14545454545454545
154,0.19863013698630136,0.4075342465753425,0.3938356164383562,0.0
155,0.1590909090909091,0.0,0.44886363636363635,0.39204545454545453
156,0.3148148148148148,0.0,0.48148148148148145,0.2037037037037037
157,0.2777777777777778,0.0,0.08333333333333333,0.6388888888888888
158,0.19767441860465115,0.5658914728682171,0.2364341085271318,0.0
159,0.0,0.37202797202797205,0.43776223776223777,0.1902097902097902
160,0.2079646017699115,0.45132743362831856,0.3407079646017699,0.0
161,0.1627260083449235,0.0,0.3852573018080668,0.4520166898470097
162,0.33435114503816793,0.0,0.44732824427480916,0.2183206106870229
163,0.25,0.47950819672131145,0.27049180327868855,0.0
164,0.20454545454545456,0.4727272727272727,0.32272727272727275,0.0
165,0.6828571428571428,0.2742857142857143,0.0,0.04285714285714286
166,0.8181818181818182,0.15408320493066255,0.0,0.02773497688751926
167,0.35528596187175043,0.3778162911611785,0.2668977469670711,0.0
168,0.0,0.17555938037865748,0.693631669535284,0.13080895008605853
169,0.2645161290322581,0.44946236559139785,0.2860215053763441,0.0
170,0.0,0.24150943396226415,0.539622641509434,0.2188679245283019
171,0.6,0.2542056074766355,0.0,0.14579439252336449
172,0.20396600566572237,0.0,0.2237960339943343,0.5722379603399433
173,0.0,0.27419354838709675,0.4475806451612903,0.2782258064516129
174,0.0,0.292817679558011,0.574585635359116,0.13259668508287292
175,0.0,0.30859375,0.3984375,0.29296875
176,0.1870824053452116,0.0,0.29175946547884185,0.5211581291759465
177,0.3285198555956679,0.48014440433212996,0.19133574007220217,0.0
178,0.0,0.48130841121495327,0.07476635514018691,0.4439252336448598
179,0.03980099502487562,0.0,0.07462686567164178,0.8855721393034826
180,0.49700598802395207,0.23353293413173654,0.0,0.2694610778443114
181,0.39814814814814814,0.0,0.35185185185185186,0.25
182,0.0,0.3170731707317073,0.4573170731707317,0.22560975609756098
183,0.1650485436893204,0.0,0.8058252427184466,0.02912621359223301
184,0.0,0.6864864864864865,0.2810810810810811,0.032432432432432434
185,0.26174496644295303,0.33557046979865773,0.0,0.40268456375838924
186,0.0,0.5878378378378378,0.38513513513513514,0.02702702702702703
187,0.0,0.09900990099009901,0.7887788778877888,0.11221122112211221
188,0.552734375,0.3359375,0.0,0.111328125
189,0.07228915662650602,0.5060240963855421,0.42168674698795183,0.0
190,0.2033898305084746,0.15254237288135594,0.6440677966101694,0.0
191,0.10247349823321555,0.0,0.2968197879858657,0.6007067137809188
192,0.4430379746835443,0.0,0.46835443037974683,0.08860759493670886
193,0.0,0.0847457627118644,0.8220338983050848,0.09322033898305085
194,0.5121951219512195,0.3780487804878049,0.0,0.10975609756097561
195,0.48,0.12,0.0,0.4
196,0.8795620437956204,0.09854014598540146,0.0,0.021897810218978103
197,0.43333333333333335,0.0,0.23333333333333334,0.3333333333333333
198,0.0,0.782608695652174,0.21739130434782608,0.0
199,0.7,0.2,0.0,0.1
200,0.0,0.21333333333333335,0.7066666666666667,0.08
201,0.22140221402214022,0.6863468634686347,0.0,0.09225092250922509
202,0.1323529411764706,0.3382352941176471,0.5294117647058824,0.0
203,0.5205479452054794,0.0,0.3561643835616438,0.1232876712328767
204,0.0,0.04430379746835443,0.1962025316455696,0.759493670886076
205,0.2537313432835821,0.0,0.208955223880597,0.5373134328358209
206,0.3623853211009174,0.5428134556574924,0.0,0.09480122324159021
207,0.0,0.31794871794871793,0.24102564102564103,0.441025641025641
208,0.17073170731707318,0.21951219512195122,0.6097560975609756,0.0
209,0.37579617834394907,0.3471337579617834,0.2770700636942675,0.0
210,0.0,0.09090909090909091,0.3356643356643357,0.5734265734265734
211,0.16019417475728157,0.0,0.44660194174757284,0.3932038834951456
212,0.0650887573964497,0.0,0.3431952662721893,0.591715976331361
213,0.625,0.03125,0.0,0.34375
214,0.15151515151515152,0.0,0.09090909090909091,0.7575757575757576
215,0.5774647887323944,0.29577464788732394,0.0,0.1267605633802817
216,0.717948717948718,0.10256410256410256,0.0,0.1794871794871795
217,0.0,0.25925925925925924,0.4074074074074074,0.3333333333333333
218,0.5797101449275363,0.0,0.2318840579710145,0.18840579710144928
219,0.0,0.17204301075268819,0.7956989247311828,0.03225806451612903
220,0.0,0.5473484848484849,0.32386363636363635,0.12878787878787878
221,0.0,0.09024390243902439,0.8414634146341463,0.06829268292682927
222,0.2857142857142857,0.20833333333333334,0.5059523809523809,0.0
223,0.19852941176470587,0.0,0.13970588235294118,0.6617647058823529
224,0.2127659574468085,0.0,0.22340425531914893,0.5638297872340425
225,0.0,0.0948905109489051,0.7226277372262774,0.18248175182481752
226,0.18421052631578946,0.0,0.23684210526315788,0.5789473684210527
227,0.49,0.355,0.0,0.155
228,0.0,0.21405750798722045,0.6900958466453674,0.09584664536741214
229,0.5398351648351648,0.43131868131868134,0.0,0.028846153846153848
230,0.07352941176470588,0.0,0.2676470588235294,0.6588235294117647
231,0.0,0.1553398058252427,0.6310679611650486,0.21359223300970873
232,0.3300970873786408,0.0,0.02912621359223301,0.6407766990291263
233,0.0,0.14018691588785046,0.5,0.3598130841121495
234,0.5310344827586206,0.0896551724137931,0.0,0.3793103448275862
235,0.042105263157894736,0.0,0.054385964912280704,0.9035087719298246
236,0.10869565217391304,0.0,0.44021739130434784,0.45108695652173914
237,0.16483516483516483,0.42857142857142855,0.4065934065934066,0.0
238,0.0,0.2903225806451613,0.06451612903225806,0.6451612903225806
239,0.03553299492385787,0.0,0.04060913705583756,0.9238578680203046
240,0.0,0.3738738738738739,0.14864864864864866,0.4774774774774775
241,0.20689655172413793,0.06896551724137931,0.7241379310344828,0.0
242,0.26666666666666666,0.06666666666666667,0.0,0.6666666666666666
243,0.025,0.8,0.0,0.175
244,0.0,0.19480519480519481,0.5974025974025974,0.2077922077922078
245,0.7010785824345146,0.26194144838212635,0.0,0.03697996918335902
246,0.127208480565371,0.0,0.21024734982332155,0.6625441696113075
247,0.044444444444444446,0.2,0.7555555555555555,0.0
248,0.2571428571428571,0.5714285714285714,0.0,0.17142857142857143
249,0.0,0.585635359116022,0.3425414364640884,0.0718232044198895
250,0.4779874213836478,0.39622641509433965,0.0,0.12578616352201258
251,0.1779935275080906,0.0,0.30097087378640774,0.5210355987055016
252,0.0,0.06030150753768844,0.9095477386934674,0.03015075376884422
253,0.574468085106383,0.3900709219858156,0.0,0.03546099290780142
254,0.13615023474178403,0.0,0.22065727699530516,0.6431924882629108
255,0.21621621621621623,0.0,0.10810810810810811,0.6756756756756757
256,0.09523809523809523,0.23809523809523808,0.6666666666666666,0.0
257,0.4673913043478261,0.44565217391304346,0.0,0.08695652173913043
258,0.0,0.52,0.432,0.048
259,0.2437137330754352,0.7001934235976789,0.0,0.05609284332688588
260,0.0,0.23979591836734693,0.6479591836734694,0.11224489795918367
261,0.13304721030042918,0.6180257510729614,0.24892703862660945,0.0
262,0.3888888888888889,0.0,0.012345679012345678,0.5987654320987654
263,0.16037735849056603,0.4528301886792453,0.3867924528301887,0.0
264,0.25,0.4722222222222222,0.0,0.2777777777777778
265,0.0,0.5875,0.3875,0.025
266,0.4078762306610408,0.5119549929676512,0.0,0.08016877637130802
267,0.14285714285714285,0.0,0.0,0.8571428571428571
268,0.0,0.3333333333333333,0.3333333333333333,0.3333333333333333
269,0.5714285714285714,0.0,0.02040816326530612,0.40816326530612246
270,0.0,0.024390243902439025,0.43902439024390244,0.5365853658536586
271,0.3333333333333333,0.0,0.125,0.5416666666666666
272,0.5,0.34210526315789475,0.0,0.15789473684210525
273,0.14285714285714285,0.2857142857142857,0.0,0.5714285714285714
274,0.10606060606060606,0.0,0.803030303030303,0.09090909090909091
275,0.27586206896551724,0.0,0.1724137931034483,0.5517241379310345
276,0.7430555555555556,0.1597222222222222,0.0,0.09722222222222222
277,0.16,0.5866666666666667,0.25333333333333335,0.0
278,0.32831325301204817,0.37751004016064255,0.0,0.29417670682730923
279,0.16666666666666666,0.25,0.5833333333333334,0.0
280,0.0,0.0967741935483871,0.03225806451612903,0.8709677419354839
281,0.005025125628140704,0.9095477386934674,0.08542713567839195,0.0
282,0.0,0.5,0.5,0.0
283,0.0,0.017857142857142856,0.07142857142857142,0.9107142857142857
284,0.0057306590257879654,0.0,0.025787965616045846,0.9684813753581661
285,0.05405405405405406,0.10810810810810811,0.8378378378378378,0.0
286,0.2727272727272727,0.0,0.0,0.7272727272727273
287,0.00847457627118644,0.635593220338983,0.3559322033898305,0.0
288,0.6727272727272727,0.03636363636363636,0.0,0.2909090909090909
289,0.04878048780487805,0.0,0.34146341463414637,0.6097560975609756
290,0.3625,0.55,0.0,0.0875
291,0.0,0.5826771653543307,0.41732283464566927,0.0
292,0.5111111111111111,0.3851851851851852,0.0,0.1037037037037037
293,0.0,0.075,0.675,0.25
294,0.2631578947368421,0.5789473684210527,0.0,0.15789473684210525
295,0.0,0.22916666666666666,0.6041666666666666,0.16666666666666666
296,0.6818181818181818,0.13636363636363635,0.18181818181818182,0.0
297,0.13043478260869565,0.0,0.043478260869565216,0.8260869565217391
298,0.25,0.4166666666666667,0.3333333333333333,0.0
299,0.0,0.0,0.3,0.7
300,0.25,0.75,0.0,0.0
301,0.0,0.0,1.0,0.0
302,0.3333333333333333,0.3333333333333333,0.0,0.3333333333333333
303,,,,
304,0.0,1.0,0.0,0.0
305,,,,
306,0.0,0.0,1.0,0.0
307,,,,
308,,,,
309,,,,
310,,,,
311,,,,
312,,,,
313,,,,
314,,,,
315,,,,
