,A,C,G,T
0,,,,
1,,,,
2,0.5131964809384164,0.40175953079178883,0.0,0.08504398826979472
3,0.5165876777251185,0.33175355450236965,0.0,0.15165876777251186
4,0.5176991150442478,0.3407079646017699,0.1415929203539823,0.0
5,0.5014836795252225,0.14836795252225518,0.0,0.35014836795252224
6,0.7272727272727273,0.0,0.19886363636363635,0.07386363636363637
7,0.0,0.05084745762711865,0.6045197740112994,0.3446327683615819
8,0.6995548961424333,0.2314540059347181,0.0,0.06899109792284866
9,0.0626486915146709,0.0,0.27835051546391754,0.6590007930214116
10,0.20689655172413793,0.3793103448275862,0.41379310344827586,0.0
11,0.3167701863354037,0.42857142857142855,0.0,0.2546583850931677
12,0.26174496644295303,0.28859060402684567,0.0,0.44966442953020136
13,0.4897959183673469,0.46530612244897956,0.044897959183673466,0.0
14,0.4014084507042254,0.1619718309859155,0.0,0.43661971830985913
15,0.058823529411764705,0.5294117647058824,0.0,0.4117647058823529
16,0.0,0.6814159292035398,0.08849557522123894,0.23008849557522124
17,0.6915322580645161,0.21975806451612903,0.0,0.08870967741935484
18,0.39080459770114945,0.12643678160919541,0.4827586206896552,0.0
19,0.26,0.0,0.3,0.44
20,0.06769825918762089,0.2205029013539652,0.7117988394584139,0.0
21,0.2857142857142857,0.16666666666666666,0.0,0.5476190476190477
22,0.20967741935483872,0.11290322580645161,0.0,0.6774193548387096
23,0.35294117647058826,0.3058823529411765,0.0,0.3411764705882353
24,0.16666666666666666,0.21428571428571427,0.0,0.6190476190476191
25,0.14285714285714285,0.16071428571428573,0.0,0.6964285714285714
26,0.0,0.5024630541871922,0.3842364532019704,0.11330049261083744
27,0.4976958525345622,0.4055299539170507,0.0,0.0967741935483871
28,0.6176470588235294,0.3416289592760181,0.0,0.04072398190045249
29,0.2430939226519337,0.0,0.3756906077348066,0.3812154696132597
30,0.11041009463722397,0.7760252365930599,0.11356466876971609,0.0
31,0.052941176470588235,0.5411764705882353,0.40588235294117647,0.0
32,0.42857142857142855,0.40816326530612246,0.0,0.16326530612244897
33,0.6862068965517242,0.19310344827586207,0.0,0.1206896551724138
34,0.4025,0.51,0.0875,0.0
35,0.0,0.28419010669253153,0.3734238603297769,0.34238603297769155
36,0.41037735849056606,0.0,0.4858490566037736,0.10377358490566038
37,0.0,0.3724137931034483,0.4,0.22758620689655173
38,0.7391304347826086,0.11801242236024845,0.0,0.14285714285714285
39,0.32989690721649484,0.0,0.10309278350515463,0.5670103092783505
40,0.4473684210526316,0.0,0.19736842105263158,0.35526315789473684
41,0.0,0.2715654952076677,0.35782747603833864,0.3706070287539936
42,0.047619047619047616,0.09523809523809523,0.0,0.8571428571428571
43,0.19607843137254902,0.13725490196078433,0.0,0.6666666666666666
44,0.4973821989528796,0.2094240837696335,0.0,0.2931937172774869
45,0.10714285714285714,0.0,0.6031746031746031,0.2896825396825397
46,0.901685393258427,0.016853932584269662,0.0,0.08146067415730338
47,0.5036496350364964,0.12408759124087591,0.0,0.3722627737226277
48,0.08974358974358974,0.47435897435897434,0.4358974358974359,0.0
49,0.46153846153846156,0.0,0.23076923076923078,0.3076923076923077
50,0.2330508474576271,0.0,0.1864406779661017,0.5805084745762712
51,0.1787709497206704,0.0,0.45251396648044695,0.3687150837988827
52,0.25,0.26666666666666666,0.48333333333333334,0.0
53,0.4174174174174174,0.43843843843843844,0.0,0.14414414414414414
54,0.0,0.7771084337349398,0.1927710843373494,0.030120481927710843
55,0.22832369942196531,0.7023121387283237,0.0,0.06936416184971098
56,0.0,0.5205479452054794,0.3835616438356164,0.0958904109589041
57,0.29411764705882354,0.0,0.49673202614379086,0.20915032679738563
58,0.08695652173913043,0.4492753623188406,0.463768115942029,0.0
59,0.1602787456445993,0.0,0.5226480836236934,0.3170731707317073
60,0.1759656652360515,0.44206008583690987,0.38197424892703863,0.0
61,0.32608695652173914,0.0,0.14130434782608695,0.532608695652174
62,0.35447761194029853,0.0,0.20708955223880596,0.43843283582089554
63,0.08888888888888889,0.28888888888888886,0.6222222222222222,0.0
64,0.16,0.16,0.0,0.68
65,0.009787928221859706,0.9249592169657422,0.06525285481239804,0.0
66,0.0,0.09475465313028765,0.467005076142132,0.43824027072758037
67,0.2065081351689612,0.0,0.3692115143929912,0.42428035043804757
68,0.0,0.3548387096774194,0.4014336917562724,0.24372759856630824
69,0.8373298768632534,0.059624108878807515,0.0,0.10304601425793908
70,0.01647940074906367,0.0,0.7692883895131086,0.21423220973782772
71,0.09849967384213959,0.7638617090671885,0.13763861709067188,0.0
72,0.17894736842105263,0.33157894736842103,0.48947368421052634,0.0
73,0.49612403100775193,0.0,0.13953488372093023,0.3643410852713178
74,0.21428571428571427,0.5238095238095238,0.2619047619047619,0.0
75,0.7058823529411765,0.11764705882352941,0.0,0.17647058823529413
76,0.5162790697674419,0.3488372093023256,0.0,0.13488372093023257
77,0.0,0.4078341013824885,0.35253456221198154,0.23963133640552994
78,0.17886178861788618,0.5934959349593496,0.22764227642276422,0.0
79,0.3,0.55,0.15,0.0
80,0.14482758620689656,0.0,0.0896551724137931,0.7655172413793103
81,0.0,0.32805071315372425,0.43898573692551507,0.2329635499207607
82,0.3832472748135399,0.0,0.28055077452667815,0.336201950659782
83,0.19862340216322516,0.0,0.4257620452310718,0.37561455260570303
84,0.23573200992555832,0.5682382133995038,0.19602977667493796,0.0
85,0.05128205128205128,0.7371794871794872,0.21153846153846154,0.0
86,0.07398568019093078,0.7756563245823389,0.15035799522673032,0.0
87,0.4698275862068966,0.4640804597701149,0.0,0.06609195402298851
88,0.3433179723502304,0.5552995391705069,0.0,0.10138248847926268
89,0.2906666666666667,0.444,0.2653333333333333,0.0
90,0.47,0.3375,0.0,0.1925
91,0.0,0.43897216274089934,0.32548179871520344,0.23554603854389722
92,0.22945891783567135,0.7064128256513026,0.06412825651302605,0.0
93,0.18657937806873978,0.6775777414075287,0.13584288052373159,0.0
94,0.0,0.2805232558139535,0.14244186046511628,0.5770348837209303
95,0.043209876543209874,0.8117283950617284,0.14506172839506173,0.0
96,0.4515209125475285,0.2623574144486692,0.0,0.28612167300380226
97,0.26023890784982934,0.0,0.5008532423208191,0.23890784982935154
98,0.3981288981288981,0.4781704781704782,0.12370062370062371,0.0
99,0.0,0.2848061029879212,0.4113159567705022,0.3038779402415766
100,0.06,0.46,0.48,0.0
101,0.46060606060606063,0.3621212121212121,0.0,0.17727272727272728
102,0.0,0.27845884413309985,0.6059544658493871,0.11558669001751314
103,0.34937528921795463,0.6038870893105044,0.0,0.04673762147154095
104,0.029850746268656716,0.0,0.08955223880597014,0.8805970149253731
105,0.2,0.2727272727272727,0.5272727272727272,0.0
106,0.04878048780487805,0.14634146341463414,0.0,0.8048780487804879
107,0.13725490196078433,0.11764705882352941,0.0,0.7450980392156863
108,,,,
109,0.13559322033898305,0.576271186440678,0.288135593220339,0.0
110,0.37373737373737376,0.0,0.31313131313131315,0.31313131313131315
111,0.3958333333333333,0.0,0.40625,0.19791666666666666
112,0.34210526315789475,0.21052631578947367,0.0,0.4473684210526316
113,0.24404761904761904,0.0,0.38095238095238093,0.375
114,0.45714285714285713,0.0,0.2571428571428571,0.2857142857142857
115,0.0,0.2290748898678414,0.5594713656387665,0.21145374449339208
116,0.46153846153846156,0.19230769230769232,0.0,0.34615384615384615
117,0.40202702702702703,0.24324324324324326,0.0,0.3547297297297297
118,0.07389162561576355,0.0,0.24630541871921183,0.6798029556650246
119,0.11462450592885376,0.6324110671936759,0.25296442687747034,0.0
120,0.22784810126582278,0.0,0.43037974683544306,0.34177215189873417
121,0.7446808510638298,0.0,0.1702127659574468,0.0851063829787234
122,0.0,0.22551928783382788,0.5489614243323442,0.22551928783382788
123,0.23684210526315788,0.39473684210526316,0.0,0.3684210526315789
124,0.5657894736842105,0.09210526315789473,0.0,0.34210526315789475
125,0.716012084592145,0.06042296072507553,0.0,0.22356495468277945
126,0.0,0.3678571428571429,0.5892857142857143,0.04285714285714286
127,0.0,0.16233766233766234,0.7727272727272727,0.06493506493506493
128,0.5421686746987951,0.060240963855421686,0.0,0.39759036144578314
129,0.273972602739726,0.14383561643835616,0.0,0.5821917808219178
130,0.15584415584415584,0.21428571428571427,0.0,0.6298701298701299
131,0.5528281750266809,0.3105656350053362,0.0,0.13660618996798293
132,0.29473684210526313,0.0,0.3263157894736842,0.37894736842105264
133,0.04878048780487805,0.36585365853658536,0.5853658536585366,0.0
134,0.4491803278688525,0.15737704918032788,0.0,0.39344262295081966
135,0.2849162011173184,0.45251396648044695,0.0,0.26256983240223464
136,0.0,0.3013698630136986,0.6082191780821918,0.09041095890410959
137,0.6833333333333333,0.13518518518518519,0.0,0.1814814814814815
138,0.10344827586206896,0.06896551724137931,0.8275862068965517,0.0
139,0.15593220338983052,0.15593220338983052,0.0,0.688135593220339
140,0.13395638629283488,0.4953271028037383,0.0,0.3707165109034268
141,0.5853423336547734,0.25650916104146576,0.0,0.15814850530376084
142,0.25210084033613445,0.06722689075630252,0.680672268907563,0.0
143,0.0,0.37554904831625185,0.29502196193265007,0.3294289897510981
144,0.8323615160349854,0.02478134110787172,0.0,0.14285714285714285
145,0.06378600823045268,0.823045267489712,0.0,0.11316872427983539
146,0.16947250280583614,0.5937149270482603,0.23681257014590348,0.0
147,0.18214285714285713,0.530952380952381,0.2869047619047619,0.0
148,0.5397923875432526,0.23183391003460208,0.22837370242214533,0.0
149,0.26519337016574585,0.0,0.22283609576427257,0.5119705340699816
150,0.0,0.12919896640826872,0.751937984496124,0.11886304909560723
151,0.13545816733067728,0.24701195219123506,0.6175298804780877,0.0
152,0.22515212981744423,0.6622718052738337,0.11257606490872211,0.0
153,0.0,0.41761363636363635,0.5454545454545454,0.036931818181818184
154,0.6755852842809364,0.2792642140468227,0.0,0.0451505016722408
155,0.0,0.22074468085106383,0.6382978723404256,0.14095744680851063
156,0.0,0.11827956989247312,0.8266129032258065,0.05510752688172043
157,0.3887900355871886,0.5097864768683275,0.0,0.10142348754448399
158,0.10214703968770332,0.0,0.32270657124268054,0.5751463890696161
159,0.0,0.4344086021505376,0.5021505376344086,0.06344086021505377
160,0.0,0.3021978021978022,0.5285714285714286,0.16923076923076924
161,0.0,0.24563017479300828,0.46826126954921804,0.2861085556577737
162,0.5078683834048641,0.296137339055794,0.0,0.19599427753934193
163,0.28830645161290325,0.0,0.33736559139784944,0.3743279569892473
164,0.16265060240963855,0.5045180722891566,0.3328313253012048,0.0
165,0.3466135458167331,0.3854581673306773,0.2679282868525896,0.0
166,0.0,0.30403309203722856,0.16959669079627715,0.5263702171664943
167,0.16385135135135134,0.5523648648648649,0.28378378378378377,0.0
168,0.48739495798319327,0.37254901960784315,0.0,0.1400560224089636
169,0.5091463414634146,0.4024390243902439,0.0,0.08841463414634146
170,0.3878504672897196,0.3317757009345794,0.2803738317757009,0.0
171,0.41566265060240964,0.20481927710843373,0.0,0.3795180722891566
172,0.5627306273062731,0.37915129151291516,0.0,0.058118081180811805
173,0.5233918128654971,0.31871345029239767,0.0,0.15789473684210525
174,0.0,0.05434782608695652,0.7779503105590062,0.16770186335403728
175,0.4723618090452261,0.0,0.34673366834170855,0.18090452261306533
176,0.0,0.33073929961089493,0.4260700389105058,0.24319066147859922
177,0.0,0.3720754716981132,0.5230188679245283,0.10490566037735849
178,0.28134556574923547,0.0,0.2874617737003058,0.43119266055045874
179,0.0,0.23440134907251264,0.3591905564924115,0.40640809443507586
180,0.33966745843230406,0.498812351543943,0.0,0.16152019002375298
181,0.0,0.29859154929577464,0.36619718309859156,0.3352112676056338
182,0.0,0.2952755905511811,0.43372703412073493,0.270997375328084
183,0.18064516129032257,0.4096774193548387,0.4096774193548387,0.0
184,0.0,0.23605150214592274,0.1759656652360515,0.5879828326180258
185,0.048558421851289835,0.0,0.051593323216995446,0.8998482549317147
186,0.4424778761061947,0.2920353982300885,0.0,0.26548672566371684
187,0.22033898305084745,0.0,0.576271186440678,0.2033898305084746
188,0.5901639344262295,0.0,0.2540983606557377,0.1557377049180328
189,0.31521739130434784,0.4782608695652174,0.0,0.20652173913043478
190,0.708029197080292,0.0,0.23357664233576642,0.058394160583941604
191,0.49393939393939396,0.3424242424242424,0.0,0.16363636363636364
192,0.09502262443438914,0.334841628959276,0.5701357466063348,0.0
193,0.4024390243902439,0.0,0.15853658536585366,0.43902439024390244
194,0.20080321285140562,0.4859437751004016,0.3132530120481928,0.0
195,0.21153846153846154,0.5288461538461539,0.0,0.25961538461538464
196,0.11363636363636363,0.48863636363636365,0.3977272727272727,0.0
197,0.43171806167400884,0.3986784140969163,0.0,0.1696035242290749
198,0.0,0.34801762114537443,0.6365638766519823,0.015418502202643172
199,0.0,0.07446808510638298,0.851063829787234,0.07446808510638298
200,0.0,0.17288135593220338,0.7067796610169491,0.12033898305084746
201,0.3684210526315789,0.3508771929824561,0.0,0.2807017543859649
202,0.845841784989858,0.07910750507099391,0.0,0.07505070993914807
203,0.36082474226804123,0.0,0.31443298969072164,0.3247422680412371
204,0.0,0.8548387096774194,0.11290322580645161,0.03225806451612903
205,0.5092592592592593,0.1388888888888889,0.0,0.35185185185185186
206,0.0,0.13122171945701358,0.8416289592760181,0.027149321266968326
207,0.21182266009852216,0.08866995073891626,0.6995073891625616,0.0
208,0.2289156626506024,0.08433734939759036,0.6867469879518072,0.0
209,0.35978835978835977,0.0,0.14814814814814814,0.49206349206349204
210,0.0,0.07246376811594203,0.4420289855072464,0.4855072463768116
211,0.07446808510638298,0.0,0.3858800773694391,0.539651837524178
212,0.18253968253968253,0.0,0.1984126984126984,0.6190476190476191
213,0.0,0.263681592039801,0.5298507462686567,0.2064676616915423
214,0.21518987341772153,0.21518987341772153,0.569620253164557,0.0
215,0.07320872274143302,0.0,0.24766355140186916,0.6791277258566978
216,0.2765957446808511,0.10638297872340426,0.6170212765957447,0.0
217,0.4367816091954023,0.0,0.22988505747126436,0.3333333333333333
218,0.0,0.5538461538461539,0.3096153846153846,0.13653846153846153
219,0.0,0.6120689655172413,0.33620689655172414,0.05172413793103448
220,0.38235294117647056,0.2647058823529412,0.0,0.35294117647058826
221,0.0,0.11787072243346007,0.8136882129277566,0.06844106463878327
222,0.35064935064935066,0.24675324675324675,0.0,0.4025974025974026
223,0.0,0.4528301886792453,0.32075471698113206,0.22641509433962265
224,0.11330049261083744,0.7241379310344828,0.1625615763546798,0.0
225,0.671875,0.09375,0.0,0.234375
226,0.0,0.5869565217391305,0.2717391304347826,0.14130434782608695
227,0.09417040358744394,0.7548579970104634,0.15097159940209268,0.0
228,0.20600858369098712,0.17167381974248927,0.6223175965665236,0.0
229,0.4161490683229814,0.0,0.09316770186335403,0.4906832298136646
230,0.16964285714285715,0.0,0.4523809523809524,0.37797619047619047
231,0.0,0.286783042394015,0.6932668329177057,0.0199501246882793
232,0.0,0.16237113402061856,0.8067010309278351,0.030927835051546393
233,0.0,0.2771392081736909,0.5644955300127714,0.1583652618135377
234,0.0,0.06925207756232687,0.8864265927977839,0.0443213296398892
235,0.7471502590673575,0.23523316062176167,0.0,0.017616580310880828
236,0.13055303717135086,0.0,0.11242067089755213,0.757026291931097
237,0.0,0.1484848484848485,0.7090909090909091,0.14242424242424243
238,0.04938271604938271,0.7695473251028807,0.18106995884773663,0.0
239,0.3242009132420091,0.0,0.2922374429223744,0.3835616438356164
240,0.6420664206642066,0.14022140221402213,0.0,0.2177121771217712
241,0.04136947218259629,0.0,0.16119828815977175,0.797432239657632
242,0.2896825396825397,0.0,0.5753968253968254,0.1349206349206349
243,0.1111111111111111,0.5714285714285714,0.31746031746031744,0.0
244,0.0,0.1737704918032787,0.036065573770491806,0.7901639344262295
245,0.039603960396039604,0.7920792079207921,0.16831683168316833,0.0
246,0.05021834061135371,0.0,0.06768558951965066,0.8820960698689956
247,0.2,0.22,0.58,0.0
248,0.49644381223328593,0.283072546230441,0.0,0.22048364153627312
249,0.1824953445065177,0.0,0.8026070763500931,0.0148975791433892
250,0.0,0.18571428571428572,0.4857142857142857,0.32857142857142857
251,0.0,0.2989949748743719,0.6369346733668342,0.06407035175879397
252,0.0,0.3224043715846995,0.3087431693989071,0.36885245901639346
253,0.23255813953488372,0.20930232558139536,0.5581395348837209,0.0
254,0.40540540540540543,0.40540540540540543,0.0,0.1891891891891892
255,0.0,0.13157894736842105,0.8368421052631579,0.031578947368421054
256,0.0,0.2784992784992785,0.6868686868686869,0.03463203463203463
257,0.10536044362292052,0.0,0.08502772643253234,0.8096118299445472
258,0.0,0.3004807692307692,0.6298076923076923,0.06971153846153846
259,0.7472283813747228,0.1729490022172949,0.0,0.07982261640798226
260,0.2025586353944563,0.0,0.1300639658848614,0.6673773987206824
261,0.15121951219512195,0.0,0.43902439024390244,0.4097560975609756
262,0.13513513513513514,0.21621621621621623,0.6486486486486487,0.0
263,0.4069767441860465,0.34108527131782945,0.0,0.25193798449612403
264,0.0,0.4043261231281198,0.5923460898502496,0.0033277870216306157
265,0.0,0.28738317757009346,0.6530373831775701,0.05957943925233645
266,0.0,0.15331010452961671,0.6846689895470384,0.16202090592334495
267,0.0,0.1813953488372093,0.7186046511627907,0.1
268,0.08160123171670516,0.0,0.2617397998460354,0.6566589684372595
269,0.11528822055137844,0.0,0.5538847117794486,0.3308270676691729
270,0.19047619047619047,0.23809523809523808,0.0,0.5714285714285714
271,0.0,0.3894736842105263,0.5789473684210527,0.031578947368421054
272,0.3937621832358674,0.5360623781676414,0.0,0.07017543859649122
273,0.2692307692307692,0.23076923076923078,0.0,0.5
274,0.0,0.20833333333333334,0.4583333333333333,0.3333333333333333
275,0.2988505747126437,0.0,0.10344827586206896,0.5977011494252874
276,0.0,0.08176100628930817,0.2389937106918239,0.6792452830188679
277,0.5428571428571428,0.0,0.17142857142857143,0.2857142857142857
278,0.0,0.18907563025210083,0.6407563025210085,0.17016806722689076
279,0.2,0.06666666666666667,0.0,0.7333333333333333
280,0.020028612303290415,0.0,0.9628040057224606,0.017167381974248927
281,0.30701754385964913,0.0,0.10526315789473684,0.5877192982456141
282,0.6173228346456693,0.231496062992126,0.0,0.15118110236220472
283,0.2803030303030303,0.4696969696969697,0.25,0.0
284,0.2738542449286251,0.3854244928625094,0.0,0.3407212622088655
285,0.08333333333333333,0.041666666666666664,0.875,0.0
286,0.0,0.12195121951219512,0.0975609756097561,0.7804878048780488
287,0.005037783375314861,0.9420654911838791,0.05289672544080604,0.0
288,0.03333333333333333,0.5666666666666667,0.4,0.0
289,0.0,0.05027932960893855,0.0223463687150838,0.9273743016759777
290,0.006220839813374806,0.0,0.011923276308968377,0.9818558838776568
291,0.1951219512195122,0.0975609756097561,0.7073170731707317,0.0
292,0.3424657534246575,0.1780821917808219,0.0,0.4794520547945205
293,0.0,0.9158878504672897,0.08411214953271028,0.0
294,0.0,0.04240766073871409,0.713406292749658,0.2441860465116279
295,0.1116816431322208,0.0,0.5134788189987163,0.3748395378690629
296,0.1886178861788618,0.5170731707317073,0.2943089430894309,0.0
297,0.0,0.6781115879828327,0.3218884120171674,0.0
298,0.6638655462184874,0.20168067226890757,0.0,0.13445378151260504
299,0.0,0.23711340206185566,0.6804123711340206,0.08247422680412371
300,0.21904761904761905,0.41904761904761906,0.0,0.3619047619047619
301,0.0,0.152,0.368,0.48
302,0.3287671232876712,0.5342465753424658,0.136986301369863,0.0
303,0.20588235294117646,0.0,0.5588235294117647,0.23529411764705882
304,0.14473684210526316,0.7105263157894737,0.14473684210526316,0.0
305,0.7272727272727273,0.0,0.18181818181818182,0.09090909090909091
306,0.45454545454545453,0.0,0.5454545454545454,0.0
307,0.0,0.16666666666666666,0.5,0.3333333333333333
308,0.2,0.6,0.0,0.2
309,0.2,0.0,0.8,0.0
310,0.0,0.0,1.0,0.0
311,0.0,0.0,0.0,1.0
312,0.0,0.07692307692307693,0.8461538461538461,0.07692307692307693
313,,,,
314,0.0,1.0,0.0,0.0
315,0.0,0.0,0.2,0.8
316,0.0,0.25,0.25,0.5
317,,,,
318,,,,
319,,,,
320,,,,
321,,,,
