,A,C,G,T
0,,,,
1,,,,
2,0.6906077348066298,0.2430939226519337,0.0,0.06629834254143646
3,0.5414012738853503,0.18471337579617833,0.0,0.27388535031847133
4,0.7142857142857143,0.23809523809523808,0.047619047619047616,0.0
5,0.7220338983050848,0.1694915254237288,0.0,0.10847457627118644
6,0.5378787878787878,0.0,0.2803030303030303,0.18181818181818182
7,0.0,0.096045197740113,0.5649717514124294,0.3389830508474576
8,0.48104265402843605,0.38507109004739337,0.0,0.1338862559241706
9,0.09302325581395349,0.0,0.09302325581395349,0.813953488372093
10,0.0,0.6,0.4,0.0
11,0.6066252587991718,0.2836438923395445,0.0,0.10973084886128365
12,0.09420289855072464,0.0,0.7246376811594203,0.18115942028985507
13,0.0,0.05263157894736842,0.4649122807017544,0.4824561403508772
14,0.8195266272189349,0.10059171597633136,0.0,0.07988165680473373
15,0.05084745762711865,0.8135593220338984,0.0,0.13559322033898305
16,0.0,0.6428571428571429,0.125,0.23214285714285715
17,0.6435643564356436,0.22772277227722773,0.0,0.12871287128712872
18,0.6181818181818182,0.10909090909090909,0.2727272727272727,0.0
19,0.0196078431372549,0.0,0.13725490196078433,0.8431372549019608
20,0.06451612903225806,0.2903225806451613,0.0,0.6451612903225806
21,0.21739130434782608,0.21739130434782608,0.0,0.5652173913043478
22,0.6086956521739131,0.13043478260869565,0.0,0.2608695652173913
23,0.2283464566929134,0.0,0.44881889763779526,0.3228346456692913
24,0.14285714285714285,0.0,0.16326530612244897,0.6938775510204082
25,0.6153846153846154,0.0,0.15384615384615385,0.23076923076923078
26,0.0,0.34554973821989526,0.38481675392670156,0.2696335078534031
27,0.547486033519553,0.4134078212290503,0.0,0.03910614525139665
28,0.72,0.14,0.0,0.14
29,0.0,0.272108843537415,0.5238095238095238,0.20408163265306123
30,0.1623931623931624,0.0,0.5726495726495726,0.26495726495726496
31,0.28888888888888886,0.4,0.3111111111111111,0.0
32,0.38823529411764707,0.11372549019607843,0.0,0.4980392156862745
33,0.14224137931034483,0.6336206896551724,0.0,0.22413793103448276
34,0.1348314606741573,0.797752808988764,0.06741573033707865,0.0
35,0.6196581196581197,0.09829059829059829,0.0,0.28205128205128205
36,0.0,0.39759036144578314,0.5481927710843374,0.05421686746987952
37,0.0,0.18494623655913978,0.7591397849462366,0.05591397849462366
38,0.42424242424242425,0.30303030303030304,0.0,0.2727272727272727
39,0.2550607287449393,0.0,0.3643724696356275,0.3805668016194332
40,0.6666666666666666,0.0,0.1111111111111111,0.2222222222222222
41,0.055876685934489405,0.7957610789980732,0.14836223506743737,0.0
42,0.2112676056338028,0.2605633802816901,0.528169014084507,0.0
43,0.10526315789473684,0.0,0.10526315789473684,0.7894736842105263
44,0.0,0.18285714285714286,0.6085714285714285,0.20857142857142857
45,0.006896551724137931,0.0,0.9655172413793104,0.027586206896551724
46,0.0,0.20238095238095238,0.6547619047619048,0.14285714285714285
47,0.6507936507936508,0.19047619047619047,0.0,0.15873015873015872
48,0.0,0.44680851063829785,0.3617021276595745,0.19148936170212766
49,0.4956521739130435,0.0,0.24347826086956523,0.2608695652173913
50,0.24725274725274726,0.0,0.2967032967032967,0.45604395604395603
51,0.25663716814159293,0.0,0.36283185840707965,0.3805309734513274
52,0.18181818181818182,0.5909090909090909,0.22727272727272727,0.0
53,0.29493087557603687,0.47465437788018433,0.0,0.2304147465437788
54,0.5236220472440944,0.07480314960629922,0.4015748031496063,0.0
55,0.14018691588785046,0.0,0.07476635514018691,0.7850467289719626
56,0.2703962703962704,0.0,0.3473193473193473,0.3822843822843823
57,0.2608695652173913,0.0,0.5507246376811594,0.18840579710144928
58,0.09615384615384616,0.6346153846153846,0.2692307692307692,0.0
59,0.2079207920792079,0.0,0.45544554455445546,0.33663366336633666
60,0.0,0.463855421686747,0.1686746987951807,0.3674698795180723
61,0.07106598984771574,0.0,0.40609137055837563,0.5228426395939086
62,0.13366336633663367,0.0,0.3935643564356436,0.47277227722772275
63,0.16666666666666666,0.4166666666666667,0.4166666666666667,0.0
64,0.28205128205128205,0.2564102564102564,0.0,0.46153846153846156
65,0.02912621359223301,0.0,0.019417475728155338,0.9514563106796117
66,0.0,0.12300123001230012,0.5596555965559655,0.3173431734317343
67,0.18609022556390978,0.0,0.6259398496240601,0.18796992481203006
68,0.20363636363636364,0.6072727272727273,0.1890909090909091,0.0
69,0.31901840490797545,0.2147239263803681,0.0,0.4662576687116564
70,0.20833333333333334,0.625,0.16666666666666666,0.0
71,0.058419243986254296,0.0,0.4948453608247423,0.44673539518900346
72,0.19123505976095617,0.5179282868525896,0.2908366533864542,0.0
73,0.32407407407407407,0.0,0.1388888888888889,0.5370370370370371
74,0.13804713804713806,0.6936026936026936,0.16835016835016836,0.0
75,0.35802469135802467,0.25617283950617287,0.0,0.38580246913580246
76,0.40633245382585753,0.46174142480211083,0.0,0.13192612137203166
77,0.30592734225621415,0.37093690248565964,0.3231357552581262,0.0
78,0.4064516129032258,0.16129032258064516,0.0,0.432258064516129
79,0.43937525688450474,0.42457870941224823,0.0,0.13604603370324703
80,0.08582089552238806,0.0,0.33955223880597013,0.5746268656716418
81,0.2546583850931677,0.593167701863354,0.15217391304347827,0.0
82,0.17272727272727273,0.0,0.05454545454545454,0.7727272727272727
83,0.2920353982300885,0.0,0.22123893805309736,0.48672566371681414
84,0.0,0.29771784232365145,0.5695020746887967,0.13278008298755187
85,0.0413625304136253,0.9343065693430657,0.024330900243309004,0.0
86,0.21333333333333335,0.0,0.38666666666666666,0.4
87,0.0,0.4421052631578947,0.4168421052631579,0.14105263157894737
88,0.43268665490887714,0.46854791299235743,0.0,0.09876543209876543
89,0.22091503267973855,0.0,0.1300653594771242,0.6490196078431373
90,0.0,0.2810344827586207,0.6051724137931035,0.11379310344827587
91,0.5611775528978841,0.28978840846366144,0.0,0.14903403863845446
92,0.22673656618610746,0.6762778505897772,0.09698558322411534,0.0
93,0.6822875297855441,0.255758538522637,0.0,0.061953931691818905
94,0.5590024330900243,0.3546228710462287,0.0,0.08637469586374696
95,0.3252788104089219,0.4275092936802974,0.24721189591078066,0.0
96,0.5343367826904986,0.22859830667920977,0.0,0.23706491063029161
97,0.0,0.4306049822064057,0.39679715302491103,0.17259786476868327
98,0.471253534401508,0.4344957587181904,0.0942507068803016,0.0
99,0.23512195121951218,0.5287804878048781,0.23609756097560974,0.0
100,0.0,0.40685714285714286,0.06857142857142857,0.5245714285714286
101,0.01503006012024048,0.0,0.07114228456913828,0.9138276553106213
102,0.10638297872340426,0.74822695035461,0.1453900709219858,0.0
103,0.0,0.16714697406340057,0.12968299711815562,0.7031700288184438
104,0.029259896729776247,0.0,0.10327022375215146,0.8674698795180723
105,0.19444444444444445,0.5277777777777778,0.2777777777777778,0.0
106,0.24324324324324326,0.06756756756756757,0.0,0.6891891891891891
107,0.09859154929577464,0.5352112676056338,0.0,0.36619718309859156
108,0.0,0.25935828877005346,0.6229946524064172,0.11764705882352941
109,0.43007662835249044,0.5450191570881227,0.0,0.02490421455938697
110,0.008226691042047532,0.973491773308958,0.018281535648994516,0.0
111,0.05,0.3,0.65,0.0
112,0.0,0.08823529411764706,0.0,0.9117647058823529
113,0.03125,0.6875,0.0,0.28125
114,0.0,0.3804100227790433,0.5170842824601367,0.10250569476082004
115,0.09433962264150944,0.660377358490566,0.24528301886792453,0.0
116,0.14534883720930233,0.0,0.06976744186046512,0.7848837209302325
117,0.4583333333333333,0.0,0.25,0.2916666666666667
118,0.46153846153846156,0.23076923076923078,0.0,0.3076923076923077
119,0.23756906077348067,0.0,0.34806629834254144,0.4143646408839779
120,0.7333333333333333,0.0,0.06666666666666667,0.2
121,0.0,0.1592356687898089,0.5222929936305732,0.3184713375796178
122,0.3918918918918919,0.5585585585585585,0.0,0.04954954954954955
123,0.19710669077757687,0.0,0.17058468957203135,0.6323086196503918
124,0.4715261958997722,0.0,0.2437357630979499,0.2847380410022779
125,0.19594594594594594,0.0,0.31756756756756754,0.4864864864864865
126,0.2558139534883721,0.0,0.5581395348837209,0.18604651162790697
127,0.6153846153846154,0.0,0.11538461538461539,0.2692307692307692
128,0.0,0.7360890302066773,0.1907790143084261,0.07313195548489666
129,0.3103448275862069,0.3103448275862069,0.0,0.3793103448275862
130,0.75,0.1794871794871795,0.0,0.07051282051282051
131,0.8315217391304348,0.08967391304347826,0.0,0.07880434782608696
132,0.0,0.6193771626297578,0.356401384083045,0.02422145328719723
133,0.0,0.13849765258215962,0.7746478873239436,0.08685446009389672
134,0.45454545454545453,0.21212121212121213,0.0,0.3333333333333333
135,0.3333333333333333,0.4166666666666667,0.0,0.25
136,0.2849740932642487,0.6010362694300518,0.0,0.11398963730569948
137,0.1962025316455696,0.0,0.6329113924050633,0.17088607594936708
138,0.5416666666666666,0.0,0.20833333333333334,0.25
139,0.0,0.8731707317073171,0.12682926829268293,0.0
140,0.6875,0.234375,0.0,0.078125
141,0.011764705882352941,0.8823529411764706,0.0,0.10588235294117647
142,0.0,0.5285714285714286,0.2857142857142857,0.18571428571428572
143,0.8964059196617337,0.06765327695560254,0.0,0.035940803382663845
144,0.07407407407407407,0.1111111111111111,0.8148148148148148,0.0
145,0.5191256830601093,0.13114754098360656,0.0,0.34972677595628415
146,0.013574660633484163,0.8506787330316742,0.0,0.13574660633484162
147,0.0,0.5042553191489362,0.451063829787234,0.04468085106382979
148,0.15625,0.1875,0.65625,0.0
149,0.2385542168674699,0.4578313253012048,0.3036144578313253,0.0
150,0.18518518518518517,0.14814814814814814,0.0,0.6666666666666666
151,0.02403846153846154,0.9038461538461539,0.0,0.07211538461538461
152,0.5273170731707317,0.33463414634146343,0.0,0.1380487804878049
153,0.4558139534883721,0.3925581395348837,0.1516279069767442,0.0
154,0.0,0.2833530106257379,0.30932703659976385,0.40731995277449823
155,0.16558441558441558,0.0,0.04220779220779221,0.7922077922077922
156,0.0,0.09702660406885759,0.7574334898278561,0.14553990610328638
157,0.119533527696793,0.5247813411078717,0.3556851311953353,0.0
158,0.18061674008810572,0.0,0.34801762114537443,0.4713656387665198
159,0.13778705636743216,0.6576200417536534,0.2045929018789144,0.0
160,0.0,0.5368203716448727,0.0791465932553338,0.38403303509979353
161,0.1097770154373928,0.7701543739279588,0.12006861063464837,0.0
162,0.2504970178926441,0.5149105367793241,0.2345924453280318,0.0
163,0.0,0.49469964664310956,0.1519434628975265,0.35335689045936397
164,0.12425328554360812,0.0,0.054958183990442055,0.8207885304659498
165,0.0,0.28189300411522633,0.6213991769547325,0.09670781893004116
166,0.19735391400220506,0.7177508269018743,0.0,0.08489525909592062
167,0.16885245901639345,0.4524590163934426,0.37868852459016394,0.0
168,0.26582278481012656,0.34177215189873417,0.0,0.3924050632911392
169,0.3724137931034483,0.40344827586206894,0.0,0.22413793103448276
170,0.5218543046357615,0.2900662251655629,0.0,0.1880794701986755
171,0.0,0.22282120395327942,0.6747529200359389,0.10242587601078167
172,0.4920462762111352,0.4027476500361533,0.0,0.1052060737527115
173,0.26609848484848486,0.0,0.23106060606060605,0.5028409090909091
174,0.0,0.3204787234042553,0.49069148936170215,0.18882978723404256
175,0.12448979591836734,0.0,0.3448979591836735,0.5306122448979592
176,0.2979890310786106,0.0,0.28884826325411334,0.41316270566727603
177,0.341044776119403,0.3858208955223881,0.27313432835820894,0.0
178,0.0,0.29768555466879487,0.06225059856344772,0.6400638467677574
179,0.1495601173020528,0.0,0.14809384164222875,0.7023460410557185
180,0.265748031496063,0.26968503937007876,0.4645669291338583,0.0
181,0.0,0.37537993920972645,0.05623100303951368,0.5683890577507599
182,0.062264150943396226,0.0,0.4358490566037736,0.5018867924528302
183,0.0,0.49454545454545457,0.43636363636363634,0.06909090909090909
184,0.0,0.3240043057050592,0.5877287405812702,0.08826695371367062
185,0.03824756606397774,0.0,0.14951321279554938,0.8122392211404729
186,0.14057507987220447,0.0,0.36421725239616615,0.4952076677316294
187,0.5323741007194245,0.0,0.1510791366906475,0.31654676258992803
188,0.24723247232472326,0.39114391143911437,0.0,0.36162361623616235
189,0.22697368421052633,0.23026315789473684,0.5427631578947368,0.0
190,0.5256410256410257,0.0,0.15384615384615385,0.32051282051282054
191,0.4056603773584906,0.0,0.09905660377358491,0.49528301886792453
192,0.108,0.0,0.18,0.712
193,0.18691588785046728,0.1588785046728972,0.6542056074766355,0.0
194,0.1440677966101695,0.0,0.6059322033898306,0.25
195,0.0,0.33923578751164957,0.6188257222739981,0.04193849021435228
196,0.0,0.12070566388115135,0.8012999071494893,0.07799442896935933
197,0.2872628726287263,0.6395663956639567,0.0,0.07317073170731707
198,0.0,0.19237147595356552,0.7678275290215588,0.03980099502487562
199,0.5489130434782609,0.39402173913043476,0.0,0.057065217391304345
200,0.10283687943262411,0.5886524822695035,0.30851063829787234,0.0
201,0.7128712871287128,0.0,0.21782178217821782,0.06930693069306931
202,0.36666666666666664,0.3333333333333333,0.0,0.3
203,0.0,0.34627831715210355,0.49029126213592233,0.1634304207119741
204,0.27211495285136955,0.6726537943421643,0.0,0.0552312528064661
205,0.017921146953405017,0.8279569892473119,0.15412186379928317,0.0
206,0.15948275862068967,0.610632183908046,0.22988505747126436,0.0
207,0.0,0.052346570397111915,0.3206979542719615,0.6269554753309265
208,0.1658878504672897,0.0,0.3395638629283489,0.4945482866043614
209,0.1797583081570997,0.0,0.40181268882175225,0.41842900302114805
210,0.0,0.39232409381663114,0.2835820895522388,0.32409381663113007
211,0.23275862068965517,0.3103448275862069,0.45689655172413796,0.0
212,0.0,0.16825061598028862,0.45230552622316084,0.3794438577965505
213,0.273972602739726,0.021917808219178082,0.7041095890410959,0.0
214,0.16483516483516483,0.0,0.3901098901098901,0.44505494505494503
215,0.0,0.3795379537953795,0.320957095709571,0.2995049504950495
216,0.5100040832993058,0.31808901592486727,0.0,0.17190690077582688
217,0.2421602787456446,0.38501742160278746,0.37282229965156793,0.0
218,0.0,0.14926498303807012,0.5887674330946099,0.26196758386732
219,0.44623655913978494,0.43548387096774194,0.0,0.11827956989247312
220,0.0,0.564625850340136,0.30612244897959184,0.1292517006802721
221,0.1092896174863388,0.0,0.639344262295082,0.25136612021857924
222,0.0,0.4567901234567901,0.2839506172839506,0.25925925925925924
223,0.2223756906077348,0.0,0.28314917127071826,0.494475138121547
224,0.40388349514563104,0.3786407766990291,0.0,0.2174757281553398
225,0.1261904761904762,0.24047619047619048,0.6333333333333333,0.0
226,0.2903225806451613,0.0,0.41935483870967744,0.2903225806451613
227,0.07198748043818466,0.0,0.4397496087636933,0.48826291079812206
228,0.0,0.3522935779816514,0.6275229357798165,0.02018348623853211
229,0.0,0.3574144486692015,0.5804816223067174,0.062103929024081114
230,0.3193717277486911,0.4973821989528796,0.0,0.18324607329842932
231,0.0,0.1557377049180328,0.7418032786885246,0.10245901639344263
232,0.0,0.33382789317507416,0.599406528189911,0.06676557863501484
233,0.049441786283891544,0.0,0.215311004784689,0.7352472089314195
234,0.3042168674698795,0.0,0.5993975903614458,0.0963855421686747
235,0.0,0.05405405405405406,0.7441441441441441,0.2018018018018018
236,0.5520212060967529,0.38303512259774686,0.0,0.06494367130550033
237,0.2875318066157761,0.22391857506361323,0.48854961832061067,0.0
238,0.2638888888888889,0.1527777777777778,0.5833333333333334,0.0
239,0.09036144578313253,0.0,0.42971887550200805,0.4799196787148594
240,0.4125,0.05625,0.53125,0.0
241,0.30952380952380953,0.0,0.027777777777777776,0.6626984126984127
242,0.20972644376899696,0.0,0.23100303951367782,0.5592705167173252
243,0.2,0.0,0.14444444444444443,0.6555555555555556
244,0.10714285714285714,0.03571428571428571,0.8571428571428571,0.0
245,0.4093567251461988,0.47368421052631576,0.0,0.11695906432748537
246,0.0,0.3859964093357271,0.5906642728904847,0.02333931777378815
247,0.0,0.1916243654822335,0.7360406091370558,0.07233502538071065
248,0.401006711409396,0.36703020134228187,0.0,0.23196308724832215
249,0.1793275217932752,0.0,0.2783312577833126,0.5423412204234122
250,0.06493506493506493,0.11688311688311688,0.8181818181818182,0.0
251,0.46285714285714286,0.3057142857142857,0.0,0.23142857142857143
252,0.0,0.29159212880143115,0.5241502683363148,0.18425760286225404
253,0.40031948881789137,0.5661341853035143,0.0,0.03354632587859425
254,0.07354497354497354,0.0,0.46296296296296297,0.4634920634920635
255,0.29012345679012347,0.14814814814814814,0.5617283950617284,0.0
256,0.45454545454545453,0.0,0.09917355371900827,0.4462809917355372
257,0.5187239944521498,0.37170596393897365,0.10957004160887657,0.0
258,0.4745308310991957,0.38873994638069703,0.0,0.13672922252010725
259,0.02158273381294964,0.6906474820143885,0.28776978417266186,0.0
260,0.25418060200668896,0.4180602006688963,0.0,0.3277591973244147
261,0.0,0.12037037037037036,0.6388888888888888,0.24074074074074073
262,0.23202614379084968,0.0,0.6274509803921569,0.14052287581699346
263,0.1624007060900265,0.4907325684024713,0.3468667255075022,0.0
264,0.18518518518518517,0.3851851851851852,0.0,0.42962962962962964
265,0.274468085106383,0.0,0.125531914893617,0.6
266,0.32432432432432434,0.0,0.24324324324324326,0.43243243243243246
267,0.7685589519650655,0.043668122270742356,0.0,0.18777292576419213
268,0.5888888888888889,0.0,0.23333333333333334,0.17777777777777778
269,0.0,0.18593894542090658,0.5365402405180388,0.27752081406105455
270,0.2222222222222222,0.2777777777777778,0.0,0.5
271,0.0,0.3888888888888889,0.3333333333333333,0.2777777777777778
272,0.1357142857142857,0.0,0.1357142857142857,0.7285714285714285
273,0.0,0.02710027100271003,0.5907859078590786,0.3821138211382114
274,0.46511627906976744,0.0,0.20930232558139536,0.32558139534883723
275,0.5853658536585366,0.17073170731707318,0.0,0.24390243902439024
276,0.21212121212121213,0.030303030303030304,0.0,0.7575757575757576
277,0.20634920634920634,0.0,0.6984126984126984,0.09523809523809523
278,0.10365853658536585,0.0,0.018292682926829267,0.8780487804878049
279,0.6736938588450962,0.2621448212648946,0.0,0.06416131989000917
280,0.10989010989010989,0.7142857142857143,0.17582417582417584,0.0
281,0.2284994602374955,0.44440446203670386,0.0,0.3270960777258006
282,0.07407407407407407,0.18518518518518517,0.7407407407407407,0.0
283,0.0,0.0196078431372549,0.0392156862745098,0.9411764705882353
284,0.00554016620498615,0.9307479224376731,0.06371191135734072,0.0
285,0.24761904761904763,0.5619047619047619,0.19047619047619047,0.0
286,0.0,0.024822695035460994,0.023404255319148935,0.9517730496453901
287,0.004342431761786601,0.0,0.024193548387096774,0.9714640198511166
288,0.13740458015267176,0.15267175572519084,0.7099236641221374,0.0
289,0.3142857142857143,0.11428571428571428,0.0,0.5714285714285714
290,0.001841620626151013,0.7458563535911602,0.2523020257826888,0.0
291,0.4626865671641791,0.03731343283582089,0.0,0.5
292,0.08281573498964803,0.0,0.22981366459627328,0.6873706004140787
293,0.1437246963562753,0.0,0.8076923076923077,0.048582995951417005
294,0.0,0.7272727272727273,0.2727272727272727,0.0
295,0.3644067796610169,0.3389830508474576,0.0,0.2966101694915254
296,0.0,0.1056338028169014,0.7816901408450704,0.11267605633802817
297,0.36065573770491804,0.30327868852459017,0.0,0.3360655737704918
298,0.0,0.2733333333333333,0.52,0.20666666666666667
299,0.4666666666666667,0.14666666666666667,0.38666666666666666,0.0
300,0.21311475409836064,0.0,0.6721311475409836,0.11475409836065574
301,0.56,0.24,0.2,0.0
302,0.5185185185185185,0.0,0.14814814814814814,0.3333333333333333
303,0.07142857142857142,0.5714285714285714,0.35714285714285715,0.0
304,0.6,0.2,0.0,0.2
305,0.047619047619047616,0.09523809523809523,0.0,0.8571428571428571
306,0.15384615384615385,0.0,0.3076923076923077,0.5384615384615384
307,,,,
308,,,,
309,0.0,0.5,0.0,0.5
310,,,,
311,0.0,0.0,1.0,0.0
312,0.0,0.0,0.0,1.0
313,0.0,0.0,0.0,1.0
314,,,,
315,,,,
316,0.0,0.0,1.0,0.0
317,,,,
318,,,,
