,A,C,G,T
0,,,,
1,,,,
2,1.0,0.0,0.0,0.0
3,1.0,0.0,0.0,0.0
4,1.0,0.0,0.0,0.0
5,0.25,0.75,0.0,0.0
6,0.0,0.0,0.3333333333333333,0.6666666666666666
7,0.0,0.08333333333333333,0.8333333333333334,0.08333333333333333
8,0.5652173913043478,0.391304347826087,0.0,0.043478260869565216
9,0.26666666666666666,0.0,0.06666666666666667,0.6666666666666666
10,,,,
11,0.0,0.10344827586206896,0.5862068965517241,0.3103448275862069
12,0.5,0.0,0.4,0.1
13,0.0,0.0,1.0,0.0
14,0.8333333333333334,0.06666666666666667,0.0,0.1
15,0.3333333333333333,0.0,0.3333333333333333,0.3333333333333333
16,0.0,0.0,0.0,1.0
17,1.0,0.0,0.0,0.0
18,0.5,0.25,0.25,0.0
19,0.0,1.0,0.0,0.0
20,,,,
21,,,,
22,,,,
23,0.0,0.0,0.0,1.0
24,0.2,0.4,0.0,0.4
25,0.3333333333333333,0.0,0.0,0.6666666666666666
26,0.0,0.38461538461538464,0.5384615384615384,0.07692307692307693
27,0.5,0.5,0.0,0.0
28,,,,
29,0.0,0.3333333333333333,0.5,0.16666666666666666
30,0.0,0.0,0.5,0.5
31,0.5714285714285714,0.42857142857142855,0.0,0.0
32,0.34615384615384615,0.46153846153846156,0.0,0.19230769230769232
33,0.08333333333333333,0.6666666666666666,0.25,0.0
34,0.0,0.0,1.0,0.0
35,0.3333333333333333,0.08333333333333333,0.0,0.5833333333333334
36,0.0,0.7142857142857143,0.2857142857142857,0.0
37,0.0,0.0,1.0,0.0
38,0.375,0.625,0.0,0.0
39,0.2,0.0,0.4,0.4
40,,,,
41,0.0,0.9375,0.0625,0.0
42,0.0,0.0,1.0,0.0
43,0.0,0.0,0.0,1.0
44,0.5,0.0,0.0,0.5
45,0.0,0.0,0.0,1.0
46,0.0,0.0,1.0,0.0
47,0.25,0.75,0.0,0.0
48,0.0,0.0,1.0,0.0
49,0.0,0.0,1.0,0.0
50,1.0,0.0,0.0,0.0
51,1.0,0.0,0.0,0.0
52,,,,
53,0.3333333333333333,0.3333333333333333,0.0,0.3333333333333333
54,0.6666666666666666,0.0,0.3333333333333333,0.0
55,0.0,0.0,0.0,1.0
56,0.0,0.0,0.14285714285714285,0.8571428571428571
57,0.5,0.0,0.5,0.0
58,0.0,0.0,1.0,0.0
59,0.0,0.0,0.0,1.0
60,0.0,0.3333333333333333,0.6666666666666666,0.0
61,0.125,0.0,0.75,0.125
62,0.16,0.0,0.2,0.64
63,0.0,1.0,0.0,0.0
64,,,,
65,0.0,0.0,0.0,1.0
66,0.6666666666666666,0.0,0.0,0.3333333333333333
67,0.11764705882352941,0.0,0.6470588235294118,0.23529411764705882
68,0.4,0.6,0.0,0.0
69,0.25,0.0,0.0,0.75
70,,,,
71,0.0,0.0,0.8333333333333334,0.16666666666666666
72,0.46153846153846156,0.3076923076923077,0.23076923076923078,0.0
73,0.0,0.7272727272727273,0.045454545454545456,0.22727272727272727
74,0.0,0.9,0.1,0.0
75,0.0,1.0,0.0,0.0
76,1.0,0.0,0.0,0.0
77,0.0,0.75,0.25,0.0
78,0.8,0.1,0.0,0.1
79,0.38461538461538464,0.5,0.0,0.11538461538461539
80,0.3076923076923077,0.46153846153846156,0.0,0.23076923076923078
81,0.16666666666666666,0.7222222222222222,0.1111111111111111,0.0
82,0.5,0.0,0.0,0.5
83,0.16666666666666666,0.0,0.3333333333333333,0.5
84,0.062146892655367235,0.06779661016949153,0.0,0.8700564971751412
85,0.1111111111111111,0.6666666666666666,0.2222222222222222,0.0
86,0.5,0.0,0.3333333333333333,0.16666666666666666
87,0.0,0.18181818181818182,0.5454545454545454,0.2727272727272727
88,0.53125,0.21875,0.0,0.25
89,0.125,0.625,0.25,0.0
90,0.8461538461538461,0.15384615384615385,0.0,0.0
91,0.7017543859649122,0.15789473684210525,0.0,0.14035087719298245
92,0.13333333333333333,0.8666666666666667,0.0,0.0
93,0.38461538461538464,0.38461538461538464,0.23076923076923078,0.0
94,0.0,0.41935483870967744,0.0,0.5806451612903226
95,0.0,0.0,0.11764705882352941,0.8823529411764706
96,0.08333333333333333,0.5833333333333334,0.3333333333333333,0.0
97,0.0,0.4444444444444444,0.037037037037037035,0.5185185185185185
98,0.0,0.0,0.07142857142857142,0.9285714285714286
99,0.0,1.0,0.0,0.0
100,,,,
101,,,,
102,0.0,0.2857142857142857,0.5238095238095238,0.19047619047619047
103,0.24,0.66,0.0,0.1
104,0.03333333333333333,0.0,0.06666666666666667,0.9
105,,,,
106,,,,
107,,,,
108,0.0,0.18181818181818182,0.7272727272727273,0.09090909090909091
109,0.0,1.0,0.0,0.0
110,0.0,0.0,0.0,1.0
111,0.5,0.0,0.0,0.5
112,0.5,0.0,0.0,0.5
113,0.008403361344537815,0.9495798319327731,0.0,0.04201680672268908
114,0.0,0.0,0.5,0.5
115,0.0,0.0,0.0,1.0
116,0.6666666666666666,0.0,0.0,0.3333333333333333
117,0.15555555555555556,0.0,0.1111111111111111,0.7333333333333333
118,0.3333333333333333,0.0,0.0,0.6666666666666666
119,0.0,0.0,0.5714285714285714,0.42857142857142855
120,0.0,0.0,0.0,1.0
121,,,,
122,0.0,0.5,0.5,0.0
123,1.0,0.0,0.0,0.0
124,0.6875,0.3125,0.0,0.0
125,0.6666666666666666,0.08333333333333333,0.0,0.25
126,0.0,0.36363636363636365,0.6363636363636364,0.0
127,0.0,0.0,0.85,0.15
128,1.0,0.0,0.0,0.0
129,0.5,0.5,0.0,0.0
130,0.6666666666666666,0.3333333333333333,0.0,0.0
131,0.8717948717948718,0.11965811965811966,0.0,0.008547008547008548
132,0.2222222222222222,0.0,0.2222222222222222,0.5555555555555556
133,0.0,0.6,0.4,0.0
134,0.8571428571428571,0.0,0.0,0.14285714285714285
135,0.0,1.0,0.0,0.0
136,0.0,0.8333333333333334,0.16666666666666666,0.0
137,0.85,0.15,0.0,0.0
138,,,,
139,0.4,0.0,0.0,0.6
140,0.0,0.8,0.0,0.2
141,0.0,0.7142857142857143,0.2857142857142857,0.0
142,0.0,0.0,1.0,0.0
143,0.2,0.8,0.0,0.0
144,,,,
145,0.0,1.0,0.0,0.0
146,0.4264705882352941,0.3382352941176471,0.0,0.23529411764705882
147,0.22727272727272727,0.06060606060606061,0.7121212121212122,0.0
148,0.0,0.391304347826087,0.391304347826087,0.21739130434782608
149,0.5737704918032787,0.26229508196721313,0.16393442622950818,0.0
150,0.0,0.029411764705882353,0.6764705882352942,0.29411764705882354
151,0.2222222222222222,0.6666666666666666,0.1111111111111111,0.0
152,0.19047619047619047,0.0,0.38095238095238093,0.42857142857142855
153,0.6111111111111112,0.18518518518518517,0.2037037037037037,0.0
154,0.0,0.5263157894736842,0.2631578947368421,0.21052631578947367
155,0.18181818181818182,0.6818181818181818,0.13636363636363635,0.0
156,0.1774193548387097,0.3870967741935484,0.43548387096774194,0.0
157,0.0,0.5,0.3125,0.1875
158,0.08823529411764706,0.9044117647058824,0.007352941176470588,0.0
159,0.0,0.6,0.4,0.0
160,0.28205128205128205,0.5897435897435898,0.0,0.1282051282051282
161,0.17391304347826086,0.34782608695652173,0.4782608695652174,0.0
162,0.0,0.0,0.0,1.0
163,0.38461538461538464,0.23076923076923078,0.0,0.38461538461538464
164,0.925,0.05,0.0,0.025
165,0.0,0.38461538461538464,0.6153846153846154,0.0
166,0.4423076923076923,0.36538461538461536,0.0,0.19230769230769232
167,0.20930232558139536,0.0,0.2558139534883721,0.5348837209302325
168,0.0,0.30434782608695654,0.34782608695652173,0.34782608695652173
169,0.0,0.0,1.0,0.0
170,0.3333333333333333,0.0,0.3333333333333333,0.3333333333333333
171,0.0,0.125,0.4166666666666667,0.4583333333333333
172,0.0,0.36,0.44,0.2
173,0.018867924528301886,0.0,0.41509433962264153,0.5660377358490566
174,0.0,0.0273224043715847,0.03278688524590164,0.9398907103825137
175,0.0,0.36363636363636365,0.0,0.6363636363636364
176,0.06666666666666667,0.0,0.06666666666666667,0.8666666666666667
177,0.0,0.6,0.1,0.3
178,0.0,0.17647058823529413,0.6176470588235294,0.20588235294117646
179,0.0967741935483871,0.0,0.12903225806451613,0.7741935483870968
180,0.0,0.0,0.42857142857142855,0.5714285714285714
181,0.8,0.0,0.0,0.2
182,0.0,0.0,0.9710144927536232,0.028985507246376812
183,0.2857142857142857,0.2857142857142857,0.42857142857142855,0.0
184,1.0,0.0,0.0,0.0
185,0.0,0.0,0.4,0.6
186,0.125,0.0,0.125,0.75
187,0.0,0.3333333333333333,0.6666666666666666,0.0
188,0.18181818181818182,0.0,0.7272727272727273,0.09090909090909091
189,0.0,0.45,0.5,0.05
190,0.0,0.25,0.71875,0.03125
191,0.15384615384615385,0.7692307692307693,0.0,0.07692307692307693
192,0.0,0.23809523809523808,0.7142857142857143,0.047619047619047616
193,0.4166666666666667,0.5,0.0,0.08333333333333333
194,0.0,0.75,0.25,0.0
195,0.25,0.0,0.75,0.0
196,0.0,1.0,0.0,0.0
197,0.0,0.2857142857142857,0.6428571428571429,0.07142857142857142
198,0.25,0.75,0.0,0.0
199,0.0,0.0,0.029585798816568046,0.9704142011834319
200,0.38461538461538464,0.0,0.23076923076923078,0.38461538461538464
201,0.0,0.045454545454545456,0.2727272727272727,0.6818181818181818
202,0.13333333333333333,0.0,0.2,0.6666666666666666
203,0.5,0.0,0.0,0.5
204,0.0,0.21212121212121213,0.2727272727272727,0.5151515151515151
205,0.0,0.5,0.5,0.0
206,0.0,0.18666666666666668,0.52,0.29333333333333333
207,0.4,0.0,0.6,0.0
208,0.3333333333333333,0.0,0.0,0.6666666666666666
209,0.0,0.4583333333333333,0.4166666666666667,0.125
210,0.4166666666666667,0.38333333333333336,0.0,0.2
211,0.35,0.55,0.1,0.0
212,0.0,0.1891891891891892,0.6216216216216216,0.1891891891891892
213,0.2727272727272727,0.5454545454545454,0.0,0.18181818181818182
214,0.0,0.0,0.375,0.625
215,0.2727272727272727,0.0,0.36363636363636365,0.36363636363636365
216,0.0,0.38095238095238093,0.5714285714285714,0.047619047619047616
217,0.28,0.0,0.12,0.6
218,0.16666666666666666,0.5833333333333334,0.0,0.25
219,0.1,0.4,0.5,0.0
220,,,,
221,0.14814814814814814,0.0,0.37037037037037035,0.48148148148148145
222,0.0,0.5,0.5,0.0
223,0.0,0.25,0.6666666666666666,0.08333333333333333
224,0.375,0.625,0.0,0.0
225,0.0,0.2,0.6,0.2
226,0.0,0.22727272727272727,0.6363636363636364,0.13636363636363635
227,0.125,0.0,0.30357142857142855,0.5714285714285714
228,0.0,0.0,0.42857142857142855,0.5714285714285714
229,0.0,0.16666666666666666,0.6666666666666666,0.16666666666666666
230,0.38636363636363635,0.38636363636363635,0.0,0.22727272727272727
231,0.25,0.32142857142857145,0.42857142857142855,0.0
232,0.5,0.0,0.5,0.0
233,0.05263157894736842,0.0,0.47368421052631576,0.47368421052631576
234,0.4,0.2,0.4,0.0
235,0.5,0.0,0.0,0.5
236,0.6666666666666666,0.0,0.0,0.3333333333333333
237,0.125,0.0,0.25,0.625
238,0.0,0.4,0.6,0.0
239,0.14285714285714285,0.2857142857142857,0.0,0.5714285714285714
240,0.0,0.25,0.7,0.05
241,0.0,0.12195121951219512,0.8536585365853658,0.024390243902439025
242,0.22448979591836735,0.0,0.7346938775510204,0.04081632653061224
243,0.06666666666666667,0.0,0.17777777777777778,0.7555555555555555
244,0.0,0.16666666666666666,0.8333333333333334,0.0
245,0.75,0.25,0.0,0.0
246,0.0,0.2916666666666667,0.5,0.20833333333333334
247,0.4673913043478261,0.4891304347826087,0.0,0.043478260869565216
248,0.038461538461538464,0.0,0.5,0.46153846153846156
249,0.4,0.0,0.6,0.0
250,0.5,0.0,0.0,0.5
251,0.17647058823529413,0.35294117647058826,0.47058823529411764,0.0
252,0.14285714285714285,0.5714285714285714,0.0,0.2857142857142857
253,0.0,0.2857142857142857,0.7142857142857143,0.0
254,0.42857142857142855,0.14285714285714285,0.0,0.42857142857142855
255,0.0,0.25,0.5833333333333334,0.16666666666666666
256,0.0,0.0,0.625,0.375
257,0.15789473684210525,0.0,0.05263157894736842,0.7894736842105263
258,0.5,0.125,0.0,0.375
259,0.0,0.0,0.3333333333333333,0.6666666666666666
260,0.05128205128205128,0.0,0.038461538461538464,0.9102564102564102
261,0.6666666666666666,0.0,0.0,0.3333333333333333
262,,,,
263,0.85,0.025,0.0,0.125
264,0.0,0.0,0.0,1.0
265,0.0,0.5,0.5,0.0
266,1.0,0.0,0.0,0.0
267,0.0,0.2,0.6,0.2
268,0.0,0.0,0.0,1.0
269,0.25,0.5,0.0,0.25
270,0.0,0.0,0.0,1.0
271,0.0,0.0,1.0,0.0
272,0.022222222222222223,0.0,0.06666666666666667,0.9111111111111111
273,0.5882352941176471,0.3235294117647059,0.0,0.08823529411764706
274,0.0,0.75,0.25,0.0
275,0.28125,0.2916666666666667,0.0,0.4270833333333333
276,0.0,0.0,1.0,0.0
277,0.0,0.0,0.0,1.0
278,0.0,0.8571428571428571,0.14285714285714285,0.0
279,0.0,0.5,0.5,0.0
280,0.8388888888888889,0.016666666666666666,0.0,0.14444444444444443
281,0.046511627906976744,0.0,0.046511627906976744,0.9069767441860465
282,0.0,0.0,1.0,0.0
283,,,,
284,0.0,0.2857142857142857,0.7142857142857143,0.0
285,1.0,0.0,0.0,0.0
286,0.25,0.0,0.0,0.75
287,0.4,0.6,0.0,0.0
288,0.0,0.5,0.5,0.0
289,1.0,0.0,0.0,0.0
290,0.0,0.3333333333333333,0.6666666666666666,0.0
291,0.0,0.8,0.0,0.2
292,0.0,0.5,0.0,0.5
293,0.5,0.0,0.5,0.0
294,0.3333333333333333,0.0,0.3333333333333333,0.3333333333333333
295,,,,
296,,,,
297,,,,
298,,,,
299,,,,
300,0.0,0.0,0.0,1.0
301,,,,
302,,,,
303,,,,
304,,,,
305,,,,
306,,,,
307,,,,
308,,,,
309,,,,
310,,,,
311,,,,
312,,,,
