,A,C,G,T
0,,,,
1,,,,
2,1.0,0.0,0.0,0.0
3,0.0,0.0,0.0,1.0
4,0.0,0.5,0.5,0.0
5,0.07692307692307693,0.6923076923076923,0.23076923076923078,0.0
6,,,,
7,0.0,0.16666666666666666,0.8333333333333334,0.0
8,0.21739130434782608,0.782608695652174,0.0,0.0
9,0.09090909090909091,0.0,0.7272727272727273,0.18181818181818182
10,1.0,0.0,0.0,0.0
11,0.0,0.0,0.0,1.0
12,0.0,0.5,0.0,0.5
13,1.0,0.0,0.0,0.0
14,0.25,0.25,0.0,0.5
15,,,,
16,0.0,0.0,0.0,1.0
17,1.0,0.0,0.0,0.0
18,0.0,0.0,1.0,0.0
19,,,,
20,,,,
21,0.6666666666666666,0.0,0.0,0.3333333333333333
22,0.5,0.0,0.0,0.5
23,1.0,0.0,0.0,0.0
24,0.08333333333333333,0.6666666666666666,0.0,0.25
25,1.0,0.0,0.0,0.0
26,0.0,0.5,0.5,0.0
27,,,,
28,0.0,0.5,0.5,0.0
29,1.0,0.0,0.0,0.0
30,0.5714285714285714,0.3333333333333333,0.0,0.09523809523809523
31,,,,
32,0.0,0.0,0.0,1.0
33,,,,
34,0.0,0.0625,0.9375,0.0
35,,,,
36,0.0,0.5,0.5,0.0
37,0.0,0.09090909090909091,0.9090909090909091,0.0
38,0.125,0.75,0.0,0.125
39,0.0,0.0,0.75,0.25
40,,,,
41,0.0,0.5,0.5,0.0
42,,,,
43,,,,
44,0.0,1.0,0.0,0.0
45,1.0,0.0,0.0,0.0
46,0.75,0.0,0.25,0.0
47,0.0,0.0,1.0,0.0
48,0.0,0.0,1.0,0.0
49,,,,
50,0.0,0.0,1.0,0.0
51,0.0,0.5,0.0,0.5
52,,,,
53,0.25,0.75,0.0,0.0
54,0.0,0.0,0.0,1.0
55,0.0,0.0625,0.8125,0.125
56,0.8,0.1,0.0,0.1
57,0.5526315789473685,0.2631578947368421,0.0,0.18421052631578946
58,,,,
59,0.07142857142857142,0.7857142857142857,0.14285714285714285,0.0
60,0.0,0.0,1.0,0.0
61,0.0,0.0,0.0,1.0
62,0.0,0.0,0.0,1.0
63,,,,
64,,,,
65,0.0,0.0,0.0,1.0
66,0.0,0.7777777777777778,0.2222222222222222,0.0
67,0.0,0.2857142857142857,0.7142857142857143,0.0
68,0.0,0.0,0.0,1.0
69,0.9565217391304348,0.0,0.0,0.043478260869565216
70,,,,
71,0.7692307692307693,0.15384615384615385,0.07692307692307693,0.0
72,,,,
73,0.25,0.0,0.0,0.75
74,0.0,0.4,0.6,0.0
75,0.0,1.0,0.0,0.0
76,0.3333333333333333,0.6666666666666666,0.0,0.0
77,0.0,0.08333333333333333,0.25,0.6666666666666666
78,0.0,0.09090909090909091,0.9090909090909091,0.0
79,0.0,1.0,0.0,0.0
80,0.06666666666666667,0.0,0.0,0.9333333333333333
81,0.0,0.4117647058823529,0.0,0.5882352941176471
82,0.37037037037037035,0.0,0.18518518518518517,0.4444444444444444
83,0.3333333333333333,0.0,0.041666666666666664,0.625
84,0.0,1.0,0.0,0.0
85,1.0,0.0,0.0,0.0
86,0.3333333333333333,0.0,0.0,0.6666666666666666
87,0.0,0.42105263157894735,0.47368421052631576,0.10526315789473684
88,0.2857142857142857,0.0,0.5,0.21428571428571427
89,0.0,0.6363636363636364,0.36363636363636365,0.0
90,0.0,0.08,0.88,0.04
91,0.46153846153846156,0.5128205128205128,0.0,0.02564102564102564
92,0.2571428571428571,0.0,0.02857142857142857,0.7142857142857143
93,0.6,0.4,0.0,0.0
94,0.0,0.7142857142857143,0.0,0.2857142857142857
95,0.0,1.0,0.0,0.0
96,0.6086956521739131,0.17391304347826086,0.0,0.21739130434782608
97,0.18518518518518517,0.0,0.5925925925925926,0.2222222222222222
98,0.7058823529411765,0.29411764705882354,0.0,0.0
99,0.0,0.25,0.25,0.5
100,0.0,1.0,0.0,0.0
101,0.34375,0.296875,0.0,0.359375
102,0.75,0.0,0.0,0.25
103,0.0,0.5,0.5,0.0
104,0.17391304347826086,0.782608695652174,0.043478260869565216,0.0
105,,,,
106,,,,
107,0.0,0.0,0.0,1.0
108,0.0,0.6666666666666666,0.0,0.3333333333333333
109,,,,
110,0.0,0.16666666666666666,0.0,0.8333333333333334
111,,,,
112,1.0,0.0,0.0,0.0
113,0.7777777777777778,0.0,0.2222222222222222,0.0
114,,,,
115,,,,
116,0.0,0.0,0.0,1.0
117,,,,
118,0.0,0.0,0.25,0.75
119,0.6666666666666666,0.0,0.0,0.3333333333333333
120,,,,
121,,,,
122,0.0,0.0,0.0,1.0
123,,,,
124,1.0,0.0,0.0,0.0
125,0.0,0.3333333333333333,0.6666666666666666,0.0
126,0.5,0.0,0.5,0.0
127,0.0,0.0,1.0,0.0
128,0.0,0.3684210526315789,0.10526315789473684,0.5263157894736842
129,0.0,0.3333333333333333,0.6666666666666666,0.0
130,1.0,0.0,0.0,0.0
131,0.15384615384615385,0.46153846153846156,0.0,0.38461538461538464
132,0.0,0.0,0.0,1.0
133,0.0,1.0,0.0,0.0
134,,,,
135,0.5,0.5,0.0,0.0
136,,,,
137,1.0,0.0,0.0,0.0
138,0.0,0.0,1.0,0.0
139,1.0,0.0,0.0,0.0
140,0.3333333333333333,0.6666666666666666,0.0,0.0
141,0.0,0.6666666666666666,0.2777777777777778,0.05555555555555555
142,,,,
143,0.875,0.0,0.0,0.125
144,0.0,0.0,0.0,1.0
145,0.0,1.0,0.0,0.0
146,0.0,0.3793103448275862,0.4482758620689655,0.1724137931034483
147,0.6,0.4,0.0,0.0
148,0.3333333333333333,0.16666666666666666,0.0,0.5
149,0.14285714285714285,0.42857142857142855,0.0,0.42857142857142855
150,0.0,0.3333333333333333,0.3333333333333333,0.3333333333333333
151,0.20408163265306123,0.14285714285714285,0.0,0.6530612244897959
152,0.4,0.0,0.2,0.4
153,0.0,0.0,0.9285714285714286,0.07142857142857142
154,0.0,0.35714285714285715,0.5714285714285714,0.07142857142857142
155,0.0,0.0,0.5,0.5
156,0.5,0.14285714285714285,0.0,0.35714285714285715
157,0.18181818181818182,0.0,0.36363636363636365,0.45454545454545453
158,0.2222222222222222,0.2222222222222222,0.5555555555555556,0.0
159,0.18181818181818182,0.6363636363636364,0.0,0.18181818181818182
160,0.18181818181818182,0.045454545454545456,0.0,0.7727272727272727
161,0.1,0.0,0.8,0.1
162,0.0,0.045454545454545456,0.9545454545454546,0.0
163,0.0,0.3333333333333333,0.6666666666666666,0.0
164,0.6666666666666666,0.3333333333333333,0.0,0.0
165,0.5,0.0,0.0,0.5
166,0.8260869565217391,0.0,0.0,0.17391304347826086
167,0.30434782608695654,0.34782608695652173,0.34782608695652173,0.0
168,0.0,0.3225806451612903,0.3870967741935484,0.2903225806451613
169,0.0,0.2857142857142857,0.42857142857142855,0.2857142857142857
170,0.12,0.0,0.72,0.16
171,0.0,0.6923076923076923,0.3076923076923077,0.0
172,0.1111111111111111,0.0,0.3333333333333333,0.5555555555555556
173,0.0,0.0,0.6666666666666666,0.3333333333333333
174,0.0,0.5,0.16666666666666666,0.3333333333333333
175,0.0,0.34615384615384615,0.5769230769230769,0.07692307692307693
176,0.0,0.3333333333333333,0.5,0.16666666666666666
177,0.14285714285714285,0.8571428571428571,0.0,0.0
178,0.0,0.2727272727272727,0.09090909090909091,0.6363636363636364
179,0.0,0.9285714285714286,0.07142857142857142,0.0
180,0.0,0.6363636363636364,0.36363636363636365,0.0
181,,,,
182,0.0,0.6666666666666666,0.3333333333333333,0.0
183,0.0,0.0,0.25,0.75
184,0.0,0.2857142857142857,0.7142857142857143,0.0
185,0.75,0.25,0.0,0.0
186,0.84,0.12,0.0,0.04
187,0.0,0.2631578947368421,0.5263157894736842,0.21052631578947367
188,0.35135135135135137,0.5675675675675675,0.0,0.08108108108108109
189,0.1,0.1,0.8,0.0
190,0.0,0.0,1.0,0.0
191,0.0,0.0,0.7692307692307693,0.23076923076923078
192,0.6,0.0,0.3333333333333333,0.06666666666666667
193,0.0,0.0,1.0,0.0
194,0.4117647058823529,0.5882352941176471,0.0,0.0
195,,,,
196,1.0,0.0,0.0,0.0
197,0.4,0.0,0.6,0.0
198,0.0,0.0,1.0,0.0
199,0.5,0.5,0.0,0.0
200,0.0,0.25,0.75,0.0
201,0.5263157894736842,0.47368421052631576,0.0,0.0
202,0.5,0.0,0.5,0.0
203,0.5,0.0,0.0,0.5
204,0.0,0.14285714285714285,0.14285714285714285,0.7142857142857143
205,0.2,0.0,0.2,0.6
206,0.0,0.0,0.6,0.4
207,0.0,0.07142857142857142,0.21428571428571427,0.7142857142857143
208,0.0,1.0,0.0,0.0
209,0.25925925925925924,0.2222222222222222,0.5185185185185185,0.0
210,0.0,0.3333333333333333,0.0,0.6666666666666666
211,0.0,0.0,1.0,0.0
212,0.0,0.0,0.14285714285714285,0.8571428571428571
213,0.0,0.0,0.0,1.0
214,0.041666666666666664,0.8333333333333334,0.0,0.125
215,0.5,0.19230769230769232,0.0,0.3076923076923077
216,0.5,0.25,0.0,0.25
217,,,,
218,0.6666666666666666,0.0,0.3333333333333333,0.0
219,,,,
220,0.6,0.0,0.4,0.0
221,0.0,0.4,0.4,0.2
222,0.0,0.0,1.0,0.0
223,0.0,0.0,0.0,1.0
224,0.0,0.0,0.0,1.0
225,0.9375,0.0,0.0,0.0625
226,0.2,0.0,0.4,0.4
227,0.5,0.5,0.0,0.0
228,,,,
229,0.2,0.8,0.0,0.0
230,0.0,0.0,0.15789473684210525,0.8421052631578947
231,0.0,0.0,0.0,1.0
232,0.0,0.0,0.0,1.0
233,0.0,0.0,0.6666666666666666,0.3333333333333333
234,0.8333333333333334,0.0,0.0,0.16666666666666666
235,0.25,0.0,0.15,0.6
236,0.2222222222222222,0.0,0.3333333333333333,0.4444444444444444
237,0.0,1.0,0.0,0.0
238,0.0,0.3333333333333333,0.3333333333333333,0.3333333333333333
239,0.0,0.0,0.0,1.0
240,0.0,0.4,0.0,0.6
241,,,,
242,0.5,0.0,0.0,0.5
243,0.0,0.5,0.0,0.5
244,0.0,0.0,0.5,0.5
245,0.9615384615384616,0.038461538461538464,0.0,0.0
246,0.03225806451612903,0.0,0.25806451612903225,0.7096774193548387
247,,,,
248,0.5,0.5,0.0,0.0
249,0.0,0.36363636363636365,0.18181818181818182,0.45454545454545453
250,0.3333333333333333,0.3333333333333333,0.0,0.3333333333333333
251,0.36666666666666664,0.0,0.43333333333333335,0.2
252,0.0,0.0,1.0,0.0
253,1.0,0.0,0.0,0.0
254,0.05263157894736842,0.0,0.05263157894736842,0.8947368421052632
255,0.0,0.0,0.14285714285714285,0.8571428571428571
256,,,,
257,0.13333333333333333,0.4666666666666667,0.0,0.4
258,0.0,0.8333333333333334,0.16666666666666666,0.0
259,0.4827586206896552,0.41379310344827586,0.0,0.10344827586206896
260,0.0,0.0,0.0,1.0
261,0.1111111111111111,0.8888888888888888,0.0,0.0
262,0.8888888888888888,0.0,0.1111111111111111,0.0
263,0.3333333333333333,0.3333333333333333,0.3333333333333333,0.0
264,1.0,0.0,0.0,0.0
265,,,,
266,0.5813953488372093,0.3488372093023256,0.0,0.06976744186046512
267,,,,
268,0.0,0.0,1.0,0.0
269,0.25,0.0,0.0,0.75
270,0.0,0.0,0.0,1.0
271,0.05555555555555555,0.9444444444444444,0.0,0.0
272,,,,
273,0.0,0.0,0.0,1.0
274,0.0,0.0,1.0,0.0
275,0.043478260869565216,0.9565217391304348,0.0,0.0
276,0.7894736842105263,0.21052631578947367,0.0,0.0
277,,,,
278,0.16279069767441862,0.46511627906976744,0.0,0.37209302325581395
279,,,,
280,0.0,0.0,0.0,1.0
281,0.0,1.0,0.0,0.0
282,,,,
283,0.0,0.0,0.0,1.0
284,0.0,0.0,0.0,1.0
285,0.5,0.0,0.5,0.0
286,0.0,0.0,0.0,1.0
287,0.0,0.7142857142857143,0.2857142857142857,0.0
288,1.0,0.0,0.0,0.0
289,0.0,0.0,0.0,1.0
290,0.25,0.75,0.0,0.0
291,0.0,1.0,0.0,0.0
292,1.0,0.0,0.0,0.0
293,0.0,0.0,0.5,0.5
294,1.0,0.0,0.0,0.0
295,,,,
296,0.0,0.0,1.0,0.0
297,1.0,0.0,0.0,0.0
298,,,,
299,,,,
300,,,,
301,,,,
302,,,,
303,,,,
304,,,,
305,,,,
306,,,,
307,,,,
308,,,,
309,,,,
310,,,,
311,,,,
312,,,,
313,,,,
314,,,,
315,,,,
