,A,C,G,T
0,,,,
1,,,,
2,0.5632183908045977,0.367816091954023,0.0,0.06896551724137931
3,0.30434782608695654,0.2608695652173913,0.0,0.43478260869565216
4,0.3424657534246575,0.6027397260273972,0.0547945205479452,0.0
5,0.4264705882352941,0.27941176470588236,0.0,0.29411764705882354
6,0.36363636363636365,0.0,0.38181818181818183,0.2545454545454545
7,0.0,0.047058823529411764,0.6941176470588235,0.25882352941176473
8,0.6771929824561403,0.2596491228070175,0.0,0.06315789473684211
9,0.04285714285714286,0.0,0.4523809523809524,0.5047619047619047
10,0.5,0.3333333333333333,0.16666666666666666,0.0
11,0.5813953488372093,0.13953488372093023,0.0,0.27906976744186046
12,0.6862745098039216,0.09803921568627451,0.0,0.21568627450980393
13,0.5806451612903226,0.41935483870967744,0.0,0.0
14,0.5,0.14,0.0,0.36
15,0.2,0.2,0.0,0.6
16,0.0,0.7307692307692307,0.038461538461538464,0.23076923076923078
17,0.4606741573033708,0.42696629213483145,0.0,0.11235955056179775
18,0.1875,0.28125,0.53125,0.0
19,0.6,0.0,0.26666666666666666,0.13333333333333333
20,0.07964601769911504,0.23893805309734514,0.6814159292035398,0.0
21,0.25,0.25,0.0,0.5
22,0.07692307692307693,0.15384615384615385,0.0,0.7692307692307693
23,0.06666666666666667,0.4,0.0,0.5333333333333333
24,0.06666666666666667,0.26666666666666666,0.0,0.6666666666666666
25,0.23076923076923078,0.0,0.0,0.7692307692307693
26,0.0,0.19230769230769232,0.5576923076923077,0.25
27,0.8125,0.03125,0.0,0.15625
28,0.636986301369863,0.2808219178082192,0.0,0.0821917808219178
29,0.3188405797101449,0.0,0.2318840579710145,0.4492753623188406
30,0.056,0.864,0.08,0.0
31,0.034482758620689655,0.5172413793103449,0.4482758620689655,0.0
32,0.6,0.3333333333333333,0.0,0.06666666666666667
33,0.5645161290322581,0.3387096774193548,0.0,0.0967741935483871
34,0.41935483870967744,0.1935483870967742,0.3870967741935484,0.0
35,0.0,0.24555160142348753,0.4199288256227758,0.33451957295373663
36,,,,
37,0.0,0.20481927710843373,0.7108433734939759,0.08433734939759036
38,0.21359223300970873,0.6019417475728155,0.0,0.18446601941747573
39,0.42857142857142855,0.0,0.2619047619047619,0.30952380952380953
40,0.6785714285714286,0.0,0.14285714285714285,0.17857142857142858
41,0.0,0.16666666666666666,0.4444444444444444,0.3888888888888889
42,0.0,0.2727272727272727,0.0,0.7272727272727273
43,0.2,0.4,0.0,0.4
44,0.46511627906976744,0.3488372093023256,0.0,0.18604651162790697
45,0.4375,0.0,0.22916666666666666,0.3333333333333333
46,0.9069767441860465,0.03488372093023256,0.0,0.05813953488372093
47,0.5357142857142857,0.39285714285714285,0.0,0.07142857142857142
48,0.05,0.75,0.2,0.0
49,0.5,0.0,0.15,0.35
50,0.46296296296296297,0.0,0.12962962962962962,0.4074074074074074
51,0.2222222222222222,0.0,0.2222222222222222,0.5555555555555556
52,0.0,0.2222222222222222,0.7777777777777778,0.0
53,0.45689655172413796,0.43103448275862066,0.0,0.11206896551724138
54,0.0,0.7941176470588235,0.11764705882352941,0.08823529411764706
55,0.19,0.76,0.0,0.05
56,0.0,0.6909090909090909,0.23636363636363636,0.07272727272727272
57,0.18,0.0,0.66,0.16
58,0.06666666666666667,0.8,0.13333333333333333,0.0
59,0.06896551724137931,0.0,0.5862068965517241,0.3448275862068966
60,0.22535211267605634,0.30985915492957744,0.4647887323943662,0.0
61,0.4,0.0,0.2,0.4
62,0.19402985074626866,0.0,0.34328358208955223,0.4626865671641791
63,0.0,0.21428571428571427,0.7857142857142857,0.0
64,0.2222222222222222,0.1111111111111111,0.0,0.6666666666666666
65,0.01680672268907563,0.957983193277311,0.025210084033613446,0.0
66,0.0,0.1308016877637131,0.46835443037974683,0.4008438818565401
67,0.15476190476190477,0.0,0.13690476190476192,0.7083333333333334
68,0.0,0.375,0.15625,0.46875
69,0.6923076923076923,0.08012820512820513,0.0,0.22756410256410256
70,0.012422360248447204,0.0,0.8229813664596274,0.16459627329192547
71,0.17301038062283736,0.6747404844290658,0.1522491349480969,0.0
72,0.16666666666666666,0.43333333333333335,0.4,0.0
73,0.4444444444444444,0.0,0.07407407407407407,0.48148148148148145
74,0.16666666666666666,0.5092592592592593,0.32407407407407407,0.0
75,0.5625,0.0625,0.0,0.375
76,0.5789473684210527,0.18421052631578946,0.0,0.23684210526315788
77,0.0,0.33974358974358976,0.3974358974358974,0.26282051282051283
78,0.5692307692307692,0.3230769230769231,0.1076923076923077,0.0
79,0.23076923076923078,0.4230769230769231,0.34615384615384615,0.0
80,0.4642857142857143,0.0,0.17857142857142858,0.35714285714285715
81,0.0,0.3700787401574803,0.31496062992125984,0.31496062992125984
82,0.4106145251396648,0.0,0.3240223463687151,0.26536312849162014
83,0.15469613259668508,0.0,0.46408839779005523,0.3812154696132597
84,0.3023255813953488,0.5116279069767442,0.18604651162790697,0.0
85,0.09523809523809523,0.7142857142857143,0.19047619047619047,0.0
86,0.05172413793103448,0.7931034482758621,0.15517241379310345,0.0
87,0.3412698412698413,0.6031746031746031,0.0,0.05555555555555555
88,0.35714285714285715,0.5158730158730159,0.0,0.12698412698412698
89,0.2600896860986547,0.3991031390134529,0.34080717488789236,0.0
90,0.5656565656565656,0.26262626262626265,0.0,0.1717171717171717
91,0.0,0.4375,0.3125,0.25
92,0.36666666666666664,0.5458333333333333,0.0875,0.0
93,0.19811320754716982,0.5754716981132075,0.22641509433962265,0.0
94,0.0,0.23711340206185566,0.08762886597938144,0.6752577319587629
95,0.029411764705882353,0.9019607843137255,0.06862745098039216,0.0
96,0.42168674698795183,0.27309236947791166,0.0,0.30522088353413657
97,0.19557195571955718,0.0,0.46494464944649444,0.33948339483394835
98,0.40930232558139534,0.4372093023255814,0.15348837209302327,0.0
99,0.0,0.15126050420168066,0.5588235294117647,0.28991596638655465
100,0.24,0.08,0.68,0.0
101,0.4457831325301205,0.45180722891566266,0.0,0.10240963855421686
102,0.0,0.17543859649122806,0.7280701754385965,0.09649122807017543
103,0.4573643410852713,0.4599483204134367,0.0,0.082687338501292
104,0.02564102564102564,0.0,0.018315018315018316,0.9560439560439561
105,0.06666666666666667,0.13333333333333333,0.8,0.0
106,0.0,0.25,0.0,0.75
107,0.05,0.15,0.0,0.8
108,0.5892857142857143,0.39285714285714285,0.017857142857142856,0.0
109,0.3611111111111111,0.2777777777777778,0.3611111111111111,0.0
110,0.3305785123966942,0.0,0.05785123966942149,0.6115702479338843
111,0.391304347826087,0.0,0.30434782608695654,0.30434782608695654
112,0.35714285714285715,0.14285714285714285,0.0,0.5
113,0.19642857142857142,0.0,0.26785714285714285,0.5357142857142857
114,0.4666666666666667,0.0,0.2,0.3333333333333333
115,0.0,0.2553191489361702,0.3404255319148936,0.40425531914893614
116,0.23076923076923078,0.23076923076923078,0.0,0.5384615384615384
117,0.6329113924050633,0.22784810126582278,0.0,0.13924050632911392
118,0.09230769230769231,0.0,0.4461538461538462,0.46153846153846156
119,0.08571428571428572,0.7238095238095238,0.19047619047619047,0.0
120,0.21428571428571427,0.0,0.2857142857142857,0.5
121,0.6666666666666666,0.0,0.2777777777777778,0.05555555555555555
122,0.0,0.2553191489361702,0.3829787234042553,0.3617021276595745
123,0.2,0.4,0.0,0.4
124,0.625,0.1875,0.0,0.1875
125,0.5666666666666667,0.23333333333333334,0.0,0.2
126,0.0,0.5268817204301075,0.45161290322580644,0.021505376344086023
127,0.0,0.3157894736842105,0.6578947368421053,0.02631578947368421
128,0.6,0.0,0.0,0.4
129,0.2,0.2,0.0,0.6
130,0.45454545454545453,0.24242424242424243,0.0,0.30303030303030304
131,0.4279475982532751,0.2663755458515284,0.0,0.3056768558951965
132,0.47540983606557374,0.0,0.3114754098360656,0.21311475409836064
133,0.041666666666666664,0.625,0.3333333333333333,0.0
134,0.425,0.125,0.0,0.45
135,0.25,0.5227272727272727,0.0,0.22727272727272727
136,0.0,0.21153846153846154,0.75,0.038461538461538464
137,0.7241379310344828,0.19310344827586207,0.0,0.08275862068965517
138,0.1951219512195122,0.07317073170731707,0.7317073170731707,0.0
139,0.30434782608695654,0.17391304347826086,0.0,0.5217391304347826
140,0.19047619047619047,0.4523809523809524,0.0,0.35714285714285715
141,0.5642458100558659,0.22905027932960895,0.0,0.20670391061452514
142,0.3,0.05,0.65,0.0
143,0.0,0.35611510791366907,0.3597122302158273,0.2841726618705036
144,0.8300653594771242,0.026143790849673203,0.0,0.1437908496732026
145,0.06930693069306931,0.8118811881188119,0.0,0.1188118811881188
146,0.1592920353982301,0.6769911504424779,0.16371681415929204,0.0
147,0.07857142857142857,0.5214285714285715,0.4,0.0
148,0.31092436974789917,0.3445378151260504,0.3445378151260504,0.0
149,0.44166666666666665,0.0,0.15833333333333333,0.4
150,0.0,0.08955223880597014,0.835820895522388,0.07462686567164178
151,0.16326530612244897,0.10204081632653061,0.7346938775510204,0.0
152,0.26666666666666666,0.4807017543859649,0.25263157894736843,0.0
153,0.0,0.18072289156626506,0.7951807228915663,0.024096385542168676
154,0.6785714285714286,0.23214285714285715,0.0,0.08928571428571429
155,0.0,0.18181818181818182,0.5636363636363636,0.2545454545454545
156,0.0,0.11971830985915492,0.8169014084507042,0.06338028169014084
157,0.36046511627906974,0.5193798449612403,0.0,0.12015503875968993
158,0.10153846153846154,0.0,0.19692307692307692,0.7015384615384616
159,0.0,0.25118483412322273,0.6540284360189573,0.0947867298578199
160,0.0,0.3506944444444444,0.59375,0.05555555555555555
161,0.0,0.39712918660287083,0.430622009569378,0.1722488038277512
162,0.45729537366548045,0.43238434163701067,0.0,0.1103202846975089
163,0.29850746268656714,0.0,0.29850746268656714,0.40298507462686567
164,0.13768115942028986,0.4855072463768116,0.37681159420289856,0.0
165,0.2236842105263158,0.4473684210526316,0.32894736842105265,0.0
166,0.0,0.23979591836734693,0.0663265306122449,0.6938775510204082
167,0.10606060606060606,0.75,0.14393939393939395,0.0
168,0.367816091954023,0.45977011494252873,0.0,0.1724137931034483
169,0.6326530612244898,0.19387755102040816,0.0,0.17346938775510204
170,0.24427480916030533,0.46564885496183206,0.2900763358778626,0.0
171,0.391304347826087,0.10869565217391304,0.0,0.5
172,0.48826291079812206,0.38497652582159625,0.0,0.1267605633802817
173,0.8076923076923077,0.11538461538461539,0.0,0.07692307692307693
174,0.0,0.09271523178807947,0.8013245033112583,0.10596026490066225
175,0.8714285714285714,0.0,0.07142857142857142,0.05714285714285714
176,0.0,0.25263157894736843,0.42105263157894735,0.3263157894736842
177,0.0,0.2807570977917981,0.61198738170347,0.10725552050473186
178,0.1527777777777778,0.0,0.3287037037037037,0.5185185185185185
179,0.0,0.3225806451612903,0.532258064516129,0.14516129032258066
180,0.14556962025316456,0.7974683544303798,0.0,0.056962025316455694
181,0.0,0.5294117647058824,0.23529411764705882,0.23529411764705882
182,0.0,0.27666666666666667,0.5066666666666667,0.21666666666666667
183,0.22666666666666666,0.4666666666666667,0.30666666666666664,0.0
184,0.0,0.12244897959183673,0.24489795918367346,0.6326530612244898
185,0.03125,0.0,0.0375,0.93125
186,0.2857142857142857,0.2857142857142857,0.0,0.42857142857142855
187,0.26,0.0,0.56,0.18
188,0.5185185185185185,0.0,0.2222222222222222,0.25925925925925924
189,0.5588235294117647,0.17647058823529413,0.0,0.2647058823529412
190,0.5909090909090909,0.0,0.13636363636363635,0.2727272727272727
191,0.45045045045045046,0.43243243243243246,0.0,0.11711711711711711
192,0.1724137931034483,0.3620689655172414,0.46551724137931033,0.0
193,0.4,0.0,0.16,0.44
194,0.15,0.3,0.55,0.0
195,0.12195121951219512,0.3902439024390244,0.0,0.4878048780487805
196,0.057971014492753624,0.5942028985507246,0.34782608695652173,0.0
197,0.4583333333333333,0.4166666666666667,0.0,0.125
198,0.0,0.4782608695652174,0.5,0.021739130434782608
199,0.0,0.0472972972972973,0.9391891891891891,0.013513513513513514
200,0.0,0.041666666666666664,0.8958333333333334,0.0625
201,0.08333333333333333,0.16666666666666666,0.0,0.75
202,0.8058252427184466,0.10679611650485436,0.0,0.08737864077669903
203,0.35714285714285715,0.0,0.21428571428571427,0.42857142857142855
204,0.0,0.8571428571428571,0.14285714285714285,0.0
205,0.6,0.04,0.0,0.36
206,0.0,0.23333333333333334,0.7666666666666667,0.0
207,0.17307692307692307,0.057692307692307696,0.7692307692307693,0.0
208,0.12195121951219512,0.4878048780487805,0.3902439024390244,0.0
209,0.17204301075268819,0.0,0.16129032258064516,0.6666666666666666
210,0.0,0.1095890410958904,0.2054794520547945,0.684931506849315
211,0.042105263157894736,0.0,0.3017543859649123,0.656140350877193
212,0.2894736842105263,0.0,0.07894736842105263,0.631578947368421
213,0.0,0.2857142857142857,0.5934065934065934,0.12087912087912088
214,0.1590909090909091,0.5454545454545454,0.29545454545454547,0.0
215,0.1797752808988764,0.0,0.4044943820224719,0.4157303370786517
216,0.18181818181818182,0.18181818181818182,0.6363636363636364,0.0
217,0.37142857142857144,0.0,0.08571428571428572,0.5428571428571428
218,0.0,0.375,0.2708333333333333,0.3541666666666667
219,0.0,0.5,0.5,0.0
220,0.09375,0.5625,0.0,0.34375
221,0.0,0.21686746987951808,0.7349397590361446,0.04819277108433735
222,0.5833333333333334,0.125,0.0,0.2916666666666667
223,0.0,0.3333333333333333,0.3333333333333333,0.3333333333333333
224,0.07964601769911504,0.7699115044247787,0.1504424778761062,0.0
225,0.6785714285714286,0.07142857142857142,0.0,0.25
226,0.0,0.34615384615384615,0.6153846153846154,0.038461538461538464
227,0.06040268456375839,0.7248322147651006,0.21476510067114093,0.0
228,0.16666666666666666,0.1388888888888889,0.6944444444444444,0.0
229,0.6818181818181818,0.0,0.0,0.3181818181818182
230,0.5350877192982456,0.0,0.17543859649122806,0.2894736842105263
231,0.0,0.24603174603174602,0.7380952380952381,0.015873015873015872
232,0.0,0.2857142857142857,0.5,0.21428571428571427
233,0.0,0.32608695652173914,0.4855072463768116,0.18840579710144928
234,0.0,0.09774436090225563,0.8270676691729323,0.07518796992481203
235,0.7892561983471075,0.17355371900826447,0.0,0.0371900826446281
236,0.1991701244813278,0.0,0.14937759336099585,0.6514522821576764
237,0.0,0.13903743315508021,0.8181818181818182,0.0427807486631016
238,0.1919191919191919,0.6767676767676768,0.13131313131313133,0.0
239,0.14,0.0,0.28,0.58
240,0.4,0.36,0.0,0.24
241,0.08333333333333333,0.0,0.09375,0.8229166666666666
242,0.5194805194805194,0.0,0.4155844155844156,0.06493506493506493
243,0.21621621621621623,0.7027027027027027,0.08108108108108109,0.0
244,0.0,0.23880597014925373,0.05970149253731343,0.7014925373134329
245,0.07142857142857142,0.8095238095238095,0.11904761904761904,0.0
246,0.1,0.0,0.20909090909090908,0.6909090909090909
247,0.15384615384615385,0.07692307692307693,0.7692307692307693,0.0
248,0.46923076923076923,0.3076923076923077,0.0,0.2230769230769231
249,0.18181818181818182,0.0,0.7878787878787878,0.030303030303030304
250,0.0,0.3076923076923077,0.46153846153846156,0.23076923076923078
251,0.0,0.23391812865497075,0.7076023391812866,0.05847953216374269
252,0.0,0.375,0.09375,0.53125
253,0.043478260869565216,0.17391304347826086,0.782608695652174,0.0
254,0.4444444444444444,0.25925925925925924,0.0,0.2962962962962963
255,0.0,0.09876543209876543,0.8518518518518519,0.04938271604938271
256,0.0,0.13636363636363635,0.7727272727272727,0.09090909090909091
257,0.08403361344537816,0.0,0.05042016806722689,0.865546218487395
258,0.0,0.17073170731707318,0.7926829268292683,0.036585365853658534
259,0.5339805825242718,0.42718446601941745,0.0,0.038834951456310676
260,0.1864406779661017,0.0,0.05084745762711865,0.7627118644067796
261,0.23529411764705882,0.0,0.4411764705882353,0.3235294117647059
262,0.2727272727272727,0.09090909090909091,0.6363636363636364,0.0
263,0.49019607843137253,0.38235294117647056,0.0,0.12745098039215685
264,0.0,0.5135135135135135,0.4864864864864865,0.0
265,0.0,0.2927927927927928,0.6531531531531531,0.05405405405405406
266,0.0,0.06481481481481481,0.8703703703703703,0.06481481481481481
267,0.0,0.17164179104477612,0.664179104477612,0.16417910447761194
268,0.17307692307692307,0.0,0.2724358974358974,0.5544871794871795
269,0.04938271604938271,0.0,0.5432098765432098,0.4074074074074074
270,0.25,0.0,0.0,0.75
271,0.0,0.25,0.7083333333333334,0.041666666666666664
272,0.4142857142857143,0.4238095238095238,0.0,0.1619047619047619
273,0.5,0.0,0.0,0.5
274,0.0,0.3333333333333333,0.5555555555555556,0.1111111111111111
275,0.2777777777777778,0.0,0.16666666666666666,0.5555555555555556
276,0.0,0.0,0.10344827586206896,0.896551724137931
277,0.8125,0.0,0.0625,0.125
278,0.0,0.3611111111111111,0.5694444444444444,0.06944444444444445
279,0.16666666666666666,0.0,0.0,0.8333333333333334
280,0.014285714285714285,0.0,0.9857142857142858,0.0
281,0.25,0.0,0.3333333333333333,0.4166666666666667
282,0.5748031496062992,0.3464566929133858,0.0,0.07874015748031496
283,0.11764705882352941,0.6470588235294118,0.23529411764705882,0.0
284,0.2777777777777778,0.4068627450980392,0.0,0.315359477124183
285,0.25,0.0,0.75,0.0
286,0.0,0.125,0.25,0.625
287,0.044444444444444446,0.8888888888888888,0.06666666666666667,0.0
288,0.037037037037037035,0.8518518518518519,0.1111111111111111,0.0
289,0.0,0.11170212765957446,0.047872340425531915,0.8404255319148937
290,0.004739336492890996,0.0,0.018957345971563982,0.976303317535545
291,0.17647058823529413,0.35294117647058826,0.47058823529411764,0.0
292,0.3125,0.125,0.0,0.5625
293,0.0,0.9090909090909091,0.09090909090909091,0.0
294,0.0,0.002702702702702703,0.6972972972972973,0.3
295,0.05319148936170213,0.0,0.8297872340425532,0.11702127659574468
296,0.06870229007633588,0.6717557251908397,0.2595419847328244,0.0
297,0.0,0.8571428571428571,0.14285714285714285,0.0
298,0.4642857142857143,0.32142857142857145,0.0,0.21428571428571427
299,0.0,0.375,0.5,0.125
300,0.425531914893617,0.3617021276595745,0.0,0.2127659574468085
301,0.0,0.08823529411764706,0.5588235294117647,0.35294117647058826
302,0.125,0.875,0.0,0.0
303,0.2,0.0,0.26666666666666666,0.5333333333333333
304,0.6666666666666666,0.1111111111111111,0.2222222222222222,0.0
305,0.42857142857142855,0.0,0.0,0.5714285714285714
306,0.0,0.0,1.0,0.0
307,0.0,0.3333333333333333,0.0,0.6666666666666666
308,0.0,0.0,0.0,1.0
309,1.0,0.0,0.0,0.0
310,0.0,0.3333333333333333,0.6666666666666666,0.0
311,0.0,0.0,0.0,1.0
312,,,,
313,,,,
314,,,,
315,,,,
316,0.0,0.2,0.8,0.0
317,,,,
318,,,,
319,,,,
320,,,,
321,,,,
