,A,C,G,T
0,,,,
1,,,,
2,,,,
3,0.0,0.0,0.0,1.0
4,,,,
5,1.0,0.0,0.0,0.0
6,,,,
7,0.0,0.0,0.0,1.0
8,0.5,0.0,0.0,0.5
9,,,,
10,,,,
11,1.0,0.0,0.0,0.0
12,,,,
13,,,,
14,1.0,0.0,0.0,0.0
15,,,,
16,,,,
17,0.125,0.0,0.75,0.125
18,,,,
19,,,,
20,,,,
21,,,,
22,,,,
23,,,,
24,,,,
25,,,,
26,,,,
27,0.0,1.0,0.0,0.0
28,,,,
29,0.0,0.0,0.0,1.0
30,,,,
31,,,,
32,0.0,0.0,0.0,1.0
33,,,,
34,,,,
35,,,,
36,,,,
37,0.0,0.0,1.0,0.0
38,,,,
39,,,,
40,,,,
41,,,,
42,,,,
43,0.0,0.0,0.0,1.0
44,0.0,0.0,1.0,0.0
45,0.0,0.0,1.0,0.0
46,0.0,0.0,1.0,0.0
47,,,,
48,,,,
49,,,,
50,,,,
51,,,,
52,,,,
53,0.0,0.0,0.0,1.0
54,,,,
55,,,,
56,,,,
57,,,,
58,0.0,1.0,0.0,0.0
59,,,,
60,0.0,0.0,0.0,1.0
61,0.0,0.0,0.0,1.0
62,1.0,0.0,0.0,0.0
63,,,,
64,,,,
65,,,,
66,0.0,0.0,1.0,0.0
67,0.6,0.0,0.4,0.0
68,,,,
69,,,,
70,,,,
71,,,,
72,0.0,0.0,1.0,0.0
73,0.0,0.0,1.0,0.0
74,0.0,1.0,0.0,0.0
75,,,,
76,,,,
77,0.0,0.5,0.5,0.0
78,,,,
79,0.0,0.6,0.0,0.4
80,,,,
81,0.0,1.0,0.0,0.0
82,,,,
83,,,,
84,0.0,0.0,1.0,0.0
85,,,,
86,,,,
87,,,,
88,0.0,0.0,0.0,1.0
89,1.0,0.0,0.0,0.0
90,0.0,0.0,1.0,0.0
91,,,,
92,0.0,1.0,0.0,0.0
93,0.5,0.0,0.0,0.5
94,0.0,1.0,0.0,0.0
95,,,,
96,0.4,0.2,0.0,0.4
97,0.0,0.5,0.5,0.0
98,0.0,1.0,0.0,0.0
99,1.0,0.0,0.0,0.0
100,0.0,0.0,0.0,1.0
101,0.0,0.0,0.0,1.0
102,0.0,1.0,0.0,0.0
103,0.0,0.0,0.25,0.75
104,0.0,0.0,0.5,0.5
105,,,,
106,,,,
107,,,,
108,0.0,0.0,0.0,1.0
109,0.3333333333333333,0.6666666666666666,0.0,0.0
110,0.0,1.0,0.0,0.0
111,,,,
112,,,,
113,,,,
114,0.0,0.5,0.5,0.0
115,,,,
116,,,,
117,,,,
118,,,,
119,,,,
120,,,,
121,0.0,0.0,1.0,0.0
122,1.0,0.0,0.0,0.0
123,0.0,0.0,0.5,0.5
124,0.6666666666666666,0.0,0.0,0.3333333333333333
125,0.0,0.0,0.0,1.0
126,,,,
127,,,,
128,,,,
129,,,,
130,1.0,0.0,0.0,0.0
131,,,,
132,,,,
133,0.0,0.0,1.0,0.0
134,,,,
135,,,,
136,,,,
137,0.0,0.0,0.5,0.5
138,,,,
139,,,,
140,,,,
141,,,,
142,,,,
143,1.0,0.0,0.0,0.0
144,,,,
145,,,,
146,,,,
147,,,,
148,,,,
149,,,,
150,1.0,0.0,0.0,0.0
151,0.0,1.0,0.0,0.0
152,0.2,0.8,0.0,0.0
153,0.0,0.75,0.25,0.0
154,,,,
155,0.5,0.0,0.0,0.5
156,0.8,0.0,0.2,0.0
157,,,,
158,0.0,0.0,1.0,0.0
159,0.0,0.4,0.6,0.0
160,0.0,0.6666666666666666,0.3333333333333333,0.0
161,1.0,0.0,0.0,0.0
162,0.25,0.5,0.25,0.0
163,0.0,0.0,1.0,0.0
164,0.5,0.0,0.0,0.5
165,,,,
166,0.0,1.0,0.0,0.0
167,,,,
168,0.0,0.0,0.0,1.0
169,0.0,0.0,0.0,1.0
170,0.6666666666666666,0.0,0.0,0.3333333333333333
171,0.0,0.0,1.0,0.0
172,0.4,0.6,0.0,0.0
173,0.0,0.0,0.3333333333333333,0.6666666666666666
174,0.0,0.0,1.0,0.0
175,0.0,0.0,0.0,1.0
176,1.0,0.0,0.0,0.0
177,1.0,0.0,0.0,0.0
178,,,,
179,0.0,0.0,0.0,1.0
180,0.0,0.0,1.0,0.0
181,0.0,0.6666666666666666,0.3333333333333333,0.0
182,0.0,0.0,0.0,1.0
183,0.0,0.3333333333333333,0.6666666666666666,0.0
184,0.0,0.0,1.0,0.0
185,0.0,0.0,0.5,0.5
186,1.0,0.0,0.0,0.0
187,,,,
188,,,,
189,,,,
190,,,,
191,,,,
192,0.0,0.0,1.0,0.0
193,,,,
194,0.0,0.0,1.0,0.0
195,0.0,0.3333333333333333,0.6666666666666666,0.0
196,0.0,0.0,1.0,0.0
197,0.0,1.0,0.0,0.0
198,0.0,0.0,1.0,0.0
199,,,,
200,0.0,1.0,0.0,0.0
201,,,,
202,,,,
203,0.0,1.0,0.0,0.0
204,0.25,0.75,0.0,0.0
205,,,,
206,0.0,0.3333333333333333,0.6666666666666666,0.0
207,0.0,0.0,0.0,1.0
208,,,,
209,,,,
210,0.0,0.0,0.5,0.5
211,0.0,1.0,0.0,0.0
212,0.0,0.5,0.3333333333333333,0.16666666666666666
213,1.0,0.0,0.0,0.0
214,,,,
215,0.0,1.0,0.0,0.0
216,1.0,0.0,0.0,0.0
217,0.0,0.5,0.5,0.0
218,0.0,0.0,0.25,0.75
219,,,,
220,,,,
221,0.0,0.0,1.0,0.0
222,0.0,1.0,0.0,0.0
223,1.0,0.0,0.0,0.0
224,0.0,1.0,0.0,0.0
225,0.0,0.0,1.0,0.0
226,,,,
227,0.0,0.0,0.2,0.8
228,,,,
229,0.0,0.0,1.0,0.0
230,,,,
231,,,,
232,,,,
233,0.5,0.0,0.0,0.5
234,0.5,0.0,0.5,0.0
235,0.0,1.0,0.0,0.0
236,0.5,0.5,0.0,0.0
237,0.0,0.3333333333333333,0.6666666666666666,0.0
238,,,,
239,0.5,0.0,0.0,0.5
240,,,,
241,0.25,0.0,0.0,0.75
242,0.0,0.0,0.0,1.0
243,1.0,0.0,0.0,0.0
244,,,,
245,1.0,0.0,0.0,0.0
246,0.0,0.2,0.6,0.2
247,0.0,0.5,0.5,0.0
248,0.2857142857142857,0.7142857142857143,0.0,0.0
249,0.0,0.0,0.0,1.0
250,,,,
251,,,,
252,0.0,0.0,1.0,0.0
253,0.6666666666666666,0.0,0.0,0.3333333333333333
254,0.0,0.0,0.6,0.4
255,,,,
256,,,,
257,0.0,1.0,0.0,0.0
258,0.0,1.0,0.0,0.0
259,0.0,0.0,1.0,0.0
260,0.0,1.0,0.0,0.0
261,,,,
262,0.0,0.0,1.0,0.0
263,0.3333333333333333,0.3333333333333333,0.3333333333333333,0.0
264,1.0,0.0,0.0,0.0
265,,,,
266,,,,
267,,,,
268,1.0,0.0,0.0,0.0
269,0.0,0.0,1.0,0.0
270,,,,
271,,,,
272,,,,
273,,,,
274,,,,
275,,,,
276,,,,
277,,,,
278,,,,
279,0.0,1.0,0.0,0.0
280,,,,
281,0.25,0.25,0.0,0.5
282,,,,
283,,,,
284,0.0,1.0,0.0,0.0
285,,,,
286,,,,
287,0.0,0.0,0.0,1.0
288,,,,
289,,,,
290,,,,
291,,,,
292,,,,
293,,,,
294,,,,
295,,,,
296,,,,
297,,,,
298,,,,
299,,,,
300,,,,
301,,,,
302,,,,
303,,,,
304,,,,
305,,,,
306,,,,
307,,,,
308,,,,
309,,,,
