,A,C,G,T
0,,,,
1,,,,
2,0.0,0.13580246913580246,0.7119341563786008,0.1522633744855967
3,0.5535714285714286,0.23214285714285715,0.0,0.21428571428571427
4,0.09090909090909091,0.13636363636363635,0.7727272727272727,0.0
5,0.5442477876106194,0.084070796460177,0.0,0.37168141592920356
6,0.45535714285714285,0.0,0.35714285714285715,0.1875
7,0.0,0.0893854748603352,0.7374301675977654,0.17318435754189945
8,0.6509433962264151,0.2641509433962264,0.0,0.08490566037735849
9,0.05263157894736842,0.0,0.022556390977443608,0.924812030075188
10,0.25,0.75,0.0,0.0
11,0.5679012345679012,0.18518518518518517,0.0,0.24691358024691357
12,0.3333333333333333,0.35802469135802467,0.0,0.30864197530864196
13,0.6666666666666666,0.24444444444444444,0.08888888888888889,0.0
14,0.5862068965517241,0.1724137931034483,0.0,0.2413793103448276
15,0.03937007874015748,0.84251968503937,0.0,0.11811023622047244
16,0.0,0.92,0.04,0.04
17,0.8981818181818182,0.06181818181818182,0.0,0.04
18,0.35,0.15,0.5,0.0
19,0.35294117647058826,0.0,0.11764705882352941,0.5294117647058824
20,0.049868766404199474,0.09448818897637795,0.8556430446194225,0.0
21,0.125,0.0625,0.0,0.8125
22,0.16,0.24,0.0,0.6
23,0.35,0.375,0.0,0.275
24,0.125,0.0625,0.0,0.8125
25,0.16666666666666666,0.16666666666666666,0.0,0.6666666666666666
26,0.0,0.3333333333333333,0.5144927536231884,0.15217391304347827
27,0.4291044776119403,0.5186567164179104,0.0,0.05223880597014925
28,0.03686635944700461,0.6670506912442397,0.2960829493087558,0.0
29,0.30158730158730157,0.0,0.1746031746031746,0.5238095238095238
30,0.4077669902912621,0.20388349514563106,0.0,0.3883495145631068
31,0.02857142857142857,0.49523809523809526,0.47619047619047616,0.0
32,0.39814814814814814,0.17592592592592593,0.0,0.42592592592592593
33,0.779874213836478,0.11320754716981132,0.0,0.1069182389937107
34,0.21875,0.71875,0.0625,0.0
35,0.0,0.30359355638166047,0.43742255266418834,0.2589838909541512
36,0.5494505494505495,0.0,0.4175824175824176,0.03296703296703297
37,0.0,0.5698924731182796,0.3548387096774194,0.07526881720430108
38,0.7065217391304348,0.15217391304347827,0.0,0.14130434782608695
39,0.46551724137931033,0.0,0.08620689655172414,0.4482758620689655
40,0.2857142857142857,0.0,0.47619047619047616,0.23809523809523808
41,0.01954022988505747,0.008045977011494253,0.9724137931034482,0.0
42,0.3333333333333333,0.2,0.0,0.4666666666666667
43,0.3076923076923077,0.15384615384615385,0.0,0.5384615384615384
44,0.36363636363636365,0.06818181818181818,0.0,0.5681818181818182
45,0.5,0.1,0.0,0.4
46,0.863013698630137,0.0273972602739726,0.0,0.1095890410958904
47,0.5555555555555556,0.14814814814814814,0.0,0.2962962962962963
48,0.1875,0.3125,0.5,0.0
49,0.2413793103448276,0.0,0.10344827586206896,0.6551724137931034
50,0.24299065420560748,0.0,0.2803738317757009,0.4766355140186916
51,0.25,0.0,0.2833333333333333,0.4666666666666667
52,0.05555555555555555,0.16666666666666666,0.7777777777777778,0.0
53,0.36075949367088606,0.47468354430379744,0.0,0.16455696202531644
54,0.0,0.8461538461538461,0.1076923076923077,0.046153846153846156
55,0.27692307692307694,0.5692307692307692,0.0,0.15384615384615385
56,0.0,0.38095238095238093,0.31746031746031744,0.30158730158730157
57,0.5180722891566265,0.0,0.43373493975903615,0.04819277108433735
58,0.14705882352941177,0.5588235294117647,0.29411764705882354,0.0
59,0.11827956989247312,0.0,0.2903225806451613,0.5913978494623656
60,0.14864864864864866,0.4189189189189189,0.43243243243243246,0.0
61,0.5263157894736842,0.0,0.05263157894736842,0.42105263157894735
62,0.5523255813953488,0.0,0.09302325581395349,0.3546511627906977
63,0.0625,0.0625,0.875,0.0
64,0.1111111111111111,0.2222222222222222,0.0,0.6666666666666666
65,0.018518518518518517,0.6851851851851852,0.2962962962962963,0.0
66,0.4108527131782946,0.03875968992248062,0.0,0.5503875968992248
67,0.26337448559670784,0.0,0.043209876543209874,0.6934156378600823
68,0.0,0.10294117647058823,0.5183823529411765,0.3786764705882353
69,0.6993006993006993,0.18181818181818182,0.0,0.11888111888111888
70,0.040293040293040296,0.0,0.45054945054945056,0.5091575091575091
71,0.22522522522522523,0.0,0.36036036036036034,0.4144144144144144
72,0.2698412698412698,0.42857142857142855,0.30158730158730157,0.0
73,0.45714285714285713,0.0,0.22857142857142856,0.3142857142857143
74,0.09554140127388536,0.5031847133757962,0.4012738853503185,0.0
75,0.4090909090909091,0.13636363636363635,0.0,0.45454545454545453
76,0.5869565217391305,0.10869565217391304,0.0,0.30434782608695654
77,0.0,0.5568181818181818,0.2803030303030303,0.16287878787878787
78,0.35135135135135137,0.4189189189189189,0.22972972972972974,0.0
79,0.10526315789473684,0.3157894736842105,0.5789473684210527,0.0
80,0.1875,0.0,0.03125,0.78125
81,0.0,0.643646408839779,0.24033149171270718,0.11602209944751381
82,0.5907335907335908,0.0,0.19176319176319176,0.2175032175032175
83,0.22937625754527163,0.0,0.30181086519114686,0.4688128772635815
84,0.011235955056179775,0.5842696629213483,0.4044943820224719,0.0
85,0.14285714285714285,0.5428571428571428,0.3142857142857143,0.0
86,0.15517241379310345,0.6810344827586207,0.16379310344827586,0.0
87,0.5181347150259067,0.3963730569948187,0.0,0.08549222797927461
88,0.0,0.29941860465116277,0.5872093023255814,0.11337209302325581
89,0.49155405405405406,0.24662162162162163,0.26182432432432434,0.0
90,0.24352331606217617,0.47668393782383417,0.0,0.27979274611398963
91,0.0,0.5420875420875421,0.3602693602693603,0.09764309764309764
92,0.2791164658634538,0.6285140562248996,0.09236947791164658,0.0
93,0.0967741935483871,0.7795698924731183,0.12365591397849462,0.0
94,0.0,0.22465753424657534,0.052054794520547946,0.7232876712328767
95,0.05898876404494382,0.9185393258426966,0.02247191011235955,0.0
96,0.0,0.15915119363395225,0.4588859416445623,0.3819628647214854
97,0.23469387755102042,0.0,0.5265306122448979,0.23877551020408164
98,0.2646239554317549,0.0,0.298050139275766,0.4373259052924791
99,0.0,0.6296296296296297,0.05291005291005291,0.31746031746031744
100,0.1111111111111111,0.5,0.3888888888888889,0.0
101,0.359375,0.19140625,0.0,0.44921875
102,0.30666666666666664,0.0,0.06666666666666667,0.6266666666666667
103,0.0,0.5888888888888889,0.1,0.3111111111111111
104,0.03389830508474576,0.0,0.038135593220338986,0.9279661016949152
105,0.14285714285714285,0.42857142857142855,0.42857142857142855,0.0
106,0.0,0.1,0.0,0.9
107,0.1875,0.125,0.0,0.6875
108,0.5918367346938775,0.19387755102040816,0.0,0.21428571428571427
109,0.21052631578947367,0.7368421052631579,0.05263157894736842,0.0
110,0.2894736842105263,0.0,0.13157894736842105,0.5789473684210527
111,0.38095238095238093,0.0,0.3333333333333333,0.2857142857142857
112,0.16666666666666666,0.16666666666666666,0.0,0.6666666666666666
113,0.07262569832402235,0.6256983240223464,0.3016759776536313,0.0
114,0.7333333333333333,0.0,0.13333333333333333,0.13333333333333333
115,0.0,0.15789473684210525,0.14473684210526316,0.6973684210526315
116,0.0,0.14583333333333334,0.8402777777777778,0.013888888888888888
117,0.3373253493013972,0.5768463073852296,0.0,0.08582834331337326
118,0.011475409836065573,0.0,0.45737704918032784,0.5311475409836065
119,0.4262295081967213,0.3442622950819672,0.22950819672131148,0.0
120,0.1111111111111111,0.0,0.4074074074074074,0.48148148148148145
121,0.6857142857142857,0.0,0.08571428571428572,0.22857142857142856
122,0.6111111111111112,0.2916666666666667,0.0,0.09722222222222222
123,0.4461538461538462,0.4307692307692308,0.0,0.12307692307692308
124,0.7164179104477612,0.05970149253731343,0.0,0.22388059701492538
125,0.6878048780487804,0.11219512195121951,0.0,0.2
126,0.0,0.43023255813953487,0.47674418604651164,0.09302325581395349
127,0.0,0.04666666666666667,0.9133333333333333,0.04
128,0.23809523809523808,0.42857142857142855,0.0,0.3333333333333333
129,0.39285714285714285,0.3482142857142857,0.0,0.25892857142857145
130,0.08433734939759036,0.6867469879518072,0.0,0.2289156626506024
131,0.07446808510638298,0.5159574468085106,0.4095744680851064,0.0
132,0.18181818181818182,0.0,0.24242424242424243,0.5757575757575758
133,0.05333333333333334,0.36,0.5866666666666667,0.0
134,0.4550561797752809,0.20224719101123595,0.0,0.34269662921348315
135,0.10619469026548672,0.6283185840707964,0.0,0.26548672566371684
136,0.0,0.10317460317460317,0.7698412698412699,0.12698412698412698
137,0.7386934673366834,0.1457286432160804,0.0,0.11557788944723618
138,0.140625,0.046875,0.8125,0.0
139,0.16666666666666666,0.08333333333333333,0.0,0.75
140,0.23863636363636365,0.2159090909090909,0.0,0.5454545454545454
141,0.4738955823293173,0.37751004016064255,0.0,0.14859437751004015
142,0.05,0.15,0.8,0.0
143,0.1875,0.0,0.3125,0.5
144,0.045081967213114756,0.012295081967213115,0.9426229508196722,0.0
145,0.18487394957983194,0.0,0.6386554621848739,0.17647058823529413
146,0.18442622950819673,0.4098360655737705,0.4057377049180328,0.0
147,0.26795580110497236,0.0,0.40331491712707185,0.3287292817679558
148,0.21052631578947367,0.2631578947368421,0.5263157894736842,0.0
149,0.16444444444444445,0.5555555555555556,0.28,0.0
150,0.0,0.17647058823529413,0.5935828877005348,0.22994652406417113
151,0.12941176470588237,0.1411764705882353,0.7294117647058823,0.0
152,0.3904109589041096,0.3458904109589041,0.2636986301369863,0.0
153,0.0,0.20474777448071216,0.6409495548961425,0.1543026706231454
154,0.5316455696202531,0.4361334867663982,0.0,0.03222094361334868
155,0.12465373961218837,0.6371191135734072,0.23822714681440443,0.0
156,0.27114427860696516,0.4154228855721393,0.31343283582089554,0.0
157,0.5359477124183006,0.23529411764705882,0.0,0.22875816993464052
158,0.40096618357487923,0.38164251207729466,0.0,0.21739130434782608
159,0.723404255319149,0.18203309692671396,0.0,0.09456264775413711
160,0.0,0.25170068027210885,0.6666666666666666,0.08163265306122448
161,0.16071428571428573,0.6392857142857142,0.2,0.0
162,0.7225806451612903,0.0967741935483871,0.0,0.18064516129032257
163,0.24305555555555555,0.6458333333333334,0.0,0.1111111111111111
164,0.3259668508287293,0.427255985267035,0.24677716390423574,0.0
165,0.5542372881355933,0.2745762711864407,0.0,0.1711864406779661
166,0.4798439531859558,0.31469440832249673,0.0,0.20546163849154747
167,0.2916666666666667,0.4431818181818182,0.26515151515151514,0.0
168,0.0,0.1905829596412556,0.5964125560538116,0.21300448430493274
169,0.3695652173913043,0.4677938808373591,0.0,0.16264090177133655
170,0.13930348258706468,0.0,0.31840796019900497,0.5422885572139303
171,0.0,0.1702127659574468,0.3191489361702128,0.5106382978723404
172,0.22818791946308725,0.0,0.2348993288590604,0.5369127516778524
173,0.0,0.47766323024054985,0.20962199312714777,0.3127147766323024
174,0.28822495606326887,0.4270650263620387,0.28471001757469244,0.0
175,0.0,0.3056092843326886,0.04642166344294004,0.6479690522243714
176,0.14634146341463414,0.0,0.15609756097560976,0.697560975609756
177,0.06451612903225806,0.3387096774193548,0.5967741935483871,0.0
178,0.0,0.3584905660377358,0.05660377358490566,0.5849056603773585
179,0.04296875,0.8828125,0.07421875,0.0
180,0.6574585635359116,0.10497237569060773,0.0,0.23756906077348067
181,0.10355987055016182,0.0,0.5792880258899676,0.31715210355987056
182,0.0,0.2127659574468085,0.5258358662613982,0.2613981762917933
183,0.5061728395061729,0.2716049382716049,0.0,0.2222222222222222
184,0.0,0.5084745762711864,0.423728813559322,0.06779661016949153
185,0.15822784810126583,0.0,0.5253164556962026,0.31645569620253167
186,0.1,0.0375,0.8625,0.0
187,0.11304347826086956,0.0,0.11304347826086956,0.7739130434782608
188,0.07428571428571429,0.7028571428571428,0.22285714285714286,0.0
189,0.31851851851851853,0.4777777777777778,0.0,0.2037037037037037
190,0.05263157894736842,0.618421052631579,0.32894736842105265,0.0
191,0.29411764705882354,0.35294117647058826,0.0,0.35294117647058826
192,0.0,0.1989795918367347,0.7908163265306123,0.01020408163265306
193,0.0,0.0972972972972973,0.8108108108108109,0.0918918918918919
194,0.24175824175824176,0.5934065934065934,0.0,0.16483516483516483
195,0.27586206896551724,0.2413793103448276,0.0,0.4827586206896552
196,0.3888888888888889,0.3055555555555556,0.0,0.3055555555555556
197,0.28169014084507044,0.0,0.43661971830985913,0.28169014084507044
198,0.5416666666666666,0.0,0.20833333333333334,0.25
199,0.45161290322580644,0.12903225806451613,0.0,0.41935483870967744
200,0.0,0.37119113573407203,0.5013850415512465,0.12742382271468145
201,0.1590909090909091,0.13636363636363635,0.7045454545454546,0.0
202,0.3548387096774194,0.1935483870967742,0.45161290322580644,0.0
203,0.375,0.0,0.16666666666666666,0.4583333333333333
204,0.0,0.12371134020618557,0.6391752577319587,0.23711340206185566
205,0.05416666666666667,0.0,0.6375,0.30833333333333335
206,0.4,0.0,0.18181818181818182,0.41818181818181815
207,0.0,0.04918032786885246,0.9508196721311475,0.0
208,0.09183673469387756,0.5714285714285714,0.336734693877551,0.0
209,0.5132743362831859,0.0,0.17699115044247787,0.30973451327433627
210,0.23595505617977527,0.12359550561797752,0.6404494382022472,0.0
211,0.4444444444444444,0.0,0.047619047619047616,0.5079365079365079
212,0.3548387096774194,0.0,0.4032258064516129,0.24193548387096775
213,0.0,0.4666666666666667,0.36666666666666664,0.16666666666666666
214,0.40625,0.125,0.0,0.46875
215,0.0,0.07526881720430108,0.8709677419354839,0.053763440860215055
216,0.84375,0.03125,0.0,0.125
217,0.0,0.1,0.7,0.2
218,0.5277777777777778,0.0,0.05555555555555555,0.4166666666666667
219,0.0,0.136986301369863,0.4794520547945205,0.3835616438356164
220,0.0,0.5692307692307692,0.2923076923076923,0.13846153846153847
221,0.10833333333333334,0.0,0.09583333333333334,0.7958333333333333
222,0.0,0.18811881188118812,0.48514851485148514,0.32673267326732675
223,0.40875912408759124,0.4343065693430657,0.0,0.15693430656934307
224,0.12130177514792899,0.0,0.4378698224852071,0.4408284023668639
225,0.0,0.4036363636363636,0.5854545454545454,0.01090909090909091
226,0.0,0.02564102564102564,0.8904428904428905,0.08391608391608392
227,0.0,0.15606936416184972,0.7745664739884393,0.06936416184971098
228,0.0,0.3135593220338983,0.6059322033898306,0.08050847457627118
229,0.0,0.2153392330383481,0.7640117994100295,0.02064896755162242
230,0.08639308855291576,0.0,0.48596112311015116,0.42764578833693306
231,0.4818181818181818,0.17272727272727273,0.34545454545454546,0.0
232,0.18787878787878787,0.0,0.024242424242424242,0.7878787878787878
233,0.43506493506493504,0.0,0.3116883116883117,0.2532467532467532
234,0.10240963855421686,0.0,0.5843373493975904,0.3132530120481928
235,0.42424242424242425,0.12121212121212122,0.45454545454545453,0.0
236,0.3497142857142857,0.5325714285714286,0.0,0.11771428571428572
237,0.14457831325301204,0.6506024096385542,0.20481927710843373,0.0
238,0.0,0.08754863813229571,0.021400778210116732,0.8910505836575876
239,0.02877697841726619,0.8489208633093526,0.1223021582733813,0.0
240,0.02710027100271003,0.0,0.016260162601626018,0.9566395663956639
241,0.16666666666666666,0.2222222222222222,0.6111111111111112,0.0
242,0.4608879492600423,0.3974630021141649,0.0,0.1416490486257928
243,0.10778443113772455,0.0,0.8622754491017964,0.029940119760479042
244,0.0,0.19047619047619047,0.3333333333333333,0.47619047619047616
245,0.0,0.5688073394495413,0.16055045871559634,0.2706422018348624
246,0.0,0.2777777777777778,0.18518518518518517,0.5370370370370371
247,0.10526315789473684,0.15789473684210525,0.7368421052631579,0.0
248,0.2857142857142857,0.5952380952380952,0.0,0.11904761904761904
249,0.0,0.34345794392523366,0.5186915887850467,0.1378504672897196
250,0.0,0.5048543689320388,0.4692556634304207,0.025889967637540454
251,0.1274131274131274,0.0,0.13127413127413126,0.7413127413127413
252,0.0,0.07964601769911504,0.40707964601769914,0.5132743362831859
253,0.45185185185185184,0.12345679012345678,0.0,0.4246913580246914
254,0.11363636363636363,0.5965909090909091,0.2897727272727273,0.0
255,0.2,0.0,0.4608695652173913,0.3391304347826087
256,0.18181818181818182,0.2727272727272727,0.5454545454545454,0.0
257,0.3888888888888889,0.5208333333333334,0.0,0.09027777777777778
258,0.0,0.5669291338582677,0.4015748031496063,0.031496062992125984
259,0.2576,0.672,0.0,0.0704
260,0.0,0.3701923076923077,0.5288461538461539,0.10096153846153846
261,0.0,0.6308943089430894,0.27479674796747966,0.0943089430894309
262,0.12896825396825398,0.0,0.4781746031746032,0.39285714285714285
263,0.2760416666666667,0.6354166666666666,0.08854166666666667,0.0
264,0.13333333333333333,0.06666666666666667,0.0,0.8
265,0.0,0.6081081081081081,0.36486486486486486,0.02702702702702703
266,0.4763779527559055,0.5039370078740157,0.0,0.01968503937007874
267,0.23076923076923078,0.23076923076923078,0.0,0.5384615384615384
268,0.0,0.5,0.375,0.125
269,0.2727272727272727,0.0,0.06818181818181818,0.6590909090909091
270,0.0,0.0106951871657754,0.33689839572192515,0.6524064171122995
271,0.03802281368821293,0.0,0.9049429657794676,0.057034220532319393
272,0.09289617486338798,0.0,0.44808743169398907,0.45901639344262296
273,0.2727272727272727,0.18181818181818182,0.0,0.5454545454545454
274,0.06451612903225806,0.0,0.9216589861751152,0.013824884792626729
275,0.13414634146341464,0.0,0.0975609756097561,0.7682926829268293
276,0.2454780361757106,0.39276485788113696,0.36175710594315247,0.0
277,0.13157894736842105,0.3684210526315789,0.5,0.0
278,0.41042047531992687,0.4926873857404022,0.0,0.09689213893967093
279,0.11764705882352941,0.0,0.8823529411764706,0.0
280,0.0,0.2727272727272727,0.5454545454545454,0.18181818181818182
281,0.012658227848101266,0.8924050632911392,0.0949367088607595,0.0
282,0.09090909090909091,0.5454545454545454,0.36363636363636365,0.0
283,0.0,0.01568627450980392,0.023529411764705882,0.9607843137254902
284,0.005628517823639775,0.0,0.0075046904315197,0.9868667917448405
285,0.15217391304347827,0.06521739130434782,0.782608695652174,0.0
286,0.25,0.17857142857142858,0.0,0.5714285714285714
287,0.01,0.8,0.19,0.0
288,0.7680412371134021,0.015463917525773196,0.0,0.21649484536082475
289,0.02696078431372549,0.0,0.12009803921568628,0.8529411764705882
290,0.0,0.09398496240601503,0.7518796992481203,0.15413533834586465
291,0.0,0.5,0.5,0.0
292,0.0,0.05732484076433121,0.8980891719745223,0.044585987261146494
293,0.0,0.008849557522123894,0.911504424778761,0.07964601769911504
294,0.5714285714285714,0.14285714285714285,0.0,0.2857142857142857
295,0.0,0.05,0.45,0.5
296,0.6043956043956044,0.23076923076923078,0.16483516483516483,0.0
297,0.0,0.1,0.65,0.25
298,0.2,0.06666666666666667,0.7333333333333333,0.0
299,0.0,0.07142857142857142,0.8095238095238095,0.11904761904761904
300,1.0,0.0,0.0,0.0
301,0.2,0.0,0.8,0.0
302,,,,
303,,,,
304,0.0,0.0,1.0,0.0
305,,,,
306,,,,
307,,,,
308,,,,
309,,,,
310,,,,
311,,,,
312,,,,
313,,,,
314,,,,
315,,,,
316,,,,
317,,,,
