,A,C,G,T
0,,,,
1,,,,
2,1.0,0.0,0.0,0.0
3,,,,
4,,,,
5,,,,
6,0.0,0.0,0.5,0.5
7,0.0,1.0,0.0,0.0
8,0.5,0.0,0.0,0.5
9,0.0,0.0,0.0,1.0
10,,,,
11,0.0,1.0,0.0,0.0
12,0.0,0.0,0.0,1.0
13,1.0,0.0,0.0,0.0
14,,,,
15,0.0,1.0,0.0,0.0
16,,,,
17,1.0,0.0,0.0,0.0
18,,,,
19,,,,
20,0.0,0.6666666666666666,0.3333333333333333,0.0
21,,,,
22,,,,
23,0.5,0.0,0.0,0.5
24,,,,
25,0.0,0.0,1.0,0.0
26,0.0,0.0,1.0,0.0
27,0.0,1.0,0.0,0.0
28,0.3333333333333333,0.3333333333333333,0.0,0.3333333333333333
29,,,,
30,0.0,1.0,0.0,0.0
31,,,,
32,0.6666666666666666,0.0,0.0,0.3333333333333333
33,1.0,0.0,0.0,0.0
34,,,,
35,0.2857142857142857,0.0,0.2857142857142857,0.42857142857142855
36,0.0,0.0,1.0,0.0
37,0.0,0.0,1.0,0.0
38,,,,
39,1.0,0.0,0.0,0.0
40,1.0,0.0,0.0,0.0
41,0.0,0.0,1.0,0.0
42,,,,
43,,,,
44,,,,
45,,,,
46,,,,
47,,,,
48,0.5,0.0,0.5,0.0
49,,,,
50,,,,
51,0.0,0.0,1.0,0.0
52,,,,
53,,,,
54,0.0,0.0,1.0,0.0
55,1.0,0.0,0.0,0.0
56,0.0,0.5,0.5,0.0
57,0.5,0.0,0.5,0.0
58,,,,
59,0.0,0.0,1.0,0.0
60,,,,
61,,,,
62,,,,
63,,,,
64,,,,
65,0.0,1.0,0.0,0.0
66,1.0,0.0,0.0,0.0
67,0.0,0.0,0.0,1.0
68,0.0,0.0,1.0,0.0
69,,,,
70,0.0,0.0,0.0,1.0
71,,,,
72,0.0,1.0,0.0,0.0
73,1.0,0.0,0.0,0.0
74,,,,
75,,,,
76,0.0,0.5,0.0,0.5
77,0.0,0.5,0.25,0.25
78,,,,
79,,,,
80,,,,
81,0.0,0.2857142857142857,0.2857142857142857,0.42857142857142855
82,0.6,0.0,0.4,0.0
83,0.0,0.0,1.0,0.0
84,0.5,0.0,0.5,0.0
85,0.0,1.0,0.0,0.0
86,0.0,0.0,0.0,1.0
87,0.0,0.0,1.0,0.0
88,0.0,1.0,0.0,0.0
89,0.2,0.8,0.0,0.0
90,0.0,0.5,0.5,0.0
91,0.42857142857142855,0.42857142857142855,0.0,0.14285714285714285
92,0.0,0.0,0.0,1.0
93,0.5,0.5,0.0,0.0
94,0.6666666666666666,0.0,0.0,0.3333333333333333
95,0.0,1.0,0.0,0.0
96,0.8,0.2,0.0,0.0
97,0.5,0.0,0.5,0.0
98,0.4,0.6,0.0,0.0
99,0.0,1.0,0.0,0.0
100,,,,
101,0.3333333333333333,0.6666666666666666,0.0,0.0
102,0.875,0.0,0.0,0.125
103,0.0,0.5,0.5,0.0
104,0.0,0.0,0.0,1.0
105,,,,
106,,,,
107,,,,
108,,,,
109,,,,
110,,,,
111,,,,
112,,,,
113,,,,
114,,,,
115,,,,
116,1.0,0.0,0.0,0.0
117,1.0,0.0,0.0,0.0
118,0.0,0.0,0.0,1.0
119,,,,
120,1.0,0.0,0.0,0.0
121,,,,
122,0.0,0.0,1.0,0.0
123,0.0,0.0,1.0,0.0
124,1.0,0.0,0.0,0.0
125,0.0,0.14285714285714285,0.8571428571428571,0.0
126,0.0,0.0,1.0,0.0
127,0.0,0.0,1.0,0.0
128,0.0,1.0,0.0,0.0
129,,,,
130,,,,
131,0.1,0.3,0.6,0.0
132,0.0,0.8888888888888888,0.1111111111111111,0.0
133,1.0,0.0,0.0,0.0
134,,,,
135,0.0,0.0,1.0,0.0
136,0.0,0.0,0.5,0.5
137,0.75,0.0,0.0,0.25
138,,,,
139,,,,
140,,,,
141,0.6666666666666666,0.0,0.0,0.3333333333333333
142,0.0,0.0,1.0,0.0
143,0.0,0.0,0.0,1.0
144,0.0,0.0,1.0,0.0
145,,,,
146,0.0,0.3333333333333333,0.6666666666666666,0.0
147,0.14285714285714285,0.42857142857142855,0.0,0.42857142857142855
148,0.2857142857142857,0.42857142857142855,0.2857142857142857,0.0
149,0.0,1.0,0.0,0.0
150,0.0,0.0,1.0,0.0
151,0.5,0.5,0.0,0.0
152,0.0,1.0,0.0,0.0
153,0.0,0.0,0.6666666666666666,0.3333333333333333
154,0.3333333333333333,0.3333333333333333,0.0,0.3333333333333333
155,,,,
156,0.0,0.0,0.0,1.0
157,1.0,0.0,0.0,0.0
158,0.0,0.4,0.2,0.4
159,0.0,0.0,1.0,0.0
160,0.0,0.3333333333333333,0.0,0.6666666666666666
161,1.0,0.0,0.0,0.0
162,1.0,0.0,0.0,0.0
163,1.0,0.0,0.0,0.0
164,0.25,0.5,0.25,0.0
165,0.0,0.25,0.0,0.75
166,0.0,0.4,0.2,0.4
167,0.5,0.5,0.0,0.0
168,0.0,0.0,1.0,0.0
169,0.0,0.0,1.0,0.0
170,0.25,0.0,0.0,0.75
171,0.8333333333333334,0.0,0.0,0.16666666666666666
172,0.25,0.75,0.0,0.0
173,,,,
174,0.16666666666666666,0.0,0.16666666666666666,0.6666666666666666
175,1.0,0.0,0.0,0.0
176,0.0,0.0,0.5,0.5
177,,,,
178,,,,
179,0.0,0.0,0.0,1.0
180,0.0,0.0,0.8888888888888888,0.1111111111111111
181,,,,
182,0.0,0.0,1.0,0.0
183,,,,
184,,,,
185,1.0,0.0,0.0,0.0
186,,,,
187,0.0,0.0,0.0,1.0
188,0.25,0.75,0.0,0.0
189,0.0,1.0,0.0,0.0
190,,,,
191,0.0,0.3333333333333333,0.0,0.6666666666666666
192,,,,
193,0.0,0.0,1.0,0.0
194,,,,
195,,,,
196,,,,
197,,,,
198,1.0,0.0,0.0,0.0
199,,,,
200,0.0,0.6,0.4,0.0
201,,,,
202,,,,
203,1.0,0.0,0.0,0.0
204,,,,
205,,,,
206,,,,
207,0.0,0.0,1.0,0.0
208,,,,
209,,,,
210,,,,
211,,,,
212,,,,
213,0.0,1.0,0.0,0.0
214,,,,
215,,,,
216,,,,
217,,,,
218,,,,
219,0.0,0.0,0.5,0.5
220,0.0,0.0,1.0,0.0
221,0.0,1.0,0.0,0.0
222,0.0,0.0,0.0,1.0
223,,,,
224,0.0,0.0,1.0,0.0
225,0.8888888888888888,0.0,0.1111111111111111,0.0
226,0.0,0.0,0.5,0.5
227,0.0,1.0,0.0,0.0
228,,,,
229,0.0,0.0,1.0,0.0
230,0.0,1.0,0.0,0.0
231,1.0,0.0,0.0,0.0
232,,,,
233,0.0,0.3333333333333333,0.5,0.16666666666666666
234,0.25,0.0,0.5,0.25
235,,,,
236,0.2,0.6,0.0,0.2
237,,,,
238,0.7777777777777778,0.0,0.0,0.2222222222222222
239,,,,
240,0.0,0.0,0.0,1.0
241,,,,
242,0.25,0.0,0.0,0.75
243,0.0,0.0,1.0,0.0
244,,,,
245,0.0,0.0,1.0,0.0
246,0.0,1.0,0.0,0.0
247,,,,
248,,,,
249,0.0,0.0,0.5,0.5
250,0.0,0.3333333333333333,0.6666666666666666,0.0
251,,,,
252,0.0,0.0,1.0,0.0
253,0.5,0.5,0.0,0.0
254,0.0,0.0,0.0,1.0
255,,,,
256,,,,
257,0.0,1.0,0.0,0.0
258,0.0,0.0,1.0,0.0
259,,,,
260,,,,
261,0.5,0.5,0.0,0.0
262,0.4,0.0,0.0,0.6
263,0.0,0.0,0.0,1.0
264,,,,
265,,,,
266,0.3333333333333333,0.6666666666666666,0.0,0.0
267,,,,
268,1.0,0.0,0.0,0.0
269,,,,
270,,,,
271,,,,
272,0.0,0.0,0.9,0.1
273,,,,
274,0.0,0.9,0.1,0.0
275,0.0,1.0,0.0,0.0
276,1.0,0.0,0.0,0.0
277,,,,
278,0.5555555555555556,0.3333333333333333,0.0,0.1111111111111111
279,,,,
280,,,,
281,0.0,0.0,0.0,1.0
282,,,,
283,0.0,0.0,0.0,1.0
284,0.0,0.0,0.0,1.0
285,,,,
286,,,,
287,,,,
288,,,,
289,0.0,1.0,0.0,0.0
290,1.0,0.0,0.0,0.0
291,,,,
292,0.0,0.0,1.0,0.0
293,,,,
294,,,,
295,0.0,0.0,1.0,0.0
296,,,,
297,,,,
298,,,,
299,,,,
300,,,,
301,,,,
302,,,,
303,,,,
304,,,,
305,,,,
306,,,,
307,,,,
308,,,,
309,,,,
310,,,,
311,,,,
312,,,,
313,,,,
314,,,,
315,,,,
