,A,C,G,T
0,,,,
1,,,,
2,0.7142857142857143,0.2857142857142857,0.0,0.0
3,0.6296296296296297,0.0,0.0,0.37037037037037035
4,0.8,0.0,0.2,0.0
5,0.0,0.1724137931034483,0.034482758620689655,0.7931034482758621
6,0.9285714285714286,0.0,0.07142857142857142,0.0
7,0.0,0.0,0.125,0.875
8,0.8382352941176471,0.014705882352941176,0.0,0.14705882352941177
9,0.014084507042253521,0.0,0.028169014084507043,0.9577464788732394
10,,,,
11,0.975,0.025,0.0,0.0
12,0.0,0.0,1.0,0.0
13,0.0,0.0425531914893617,0.6382978723404256,0.3191489361702128
14,0.7435897435897436,0.15384615384615385,0.0,0.10256410256410256
15,0.0,0.0,1.0,0.0
16,0.0,0.6666666666666666,0.0,0.3333333333333333
17,0.6666666666666666,0.0,0.0,0.3333333333333333
18,0.625,0.25,0.125,0.0
19,0.3333333333333333,0.0,0.3333333333333333,0.3333333333333333
20,0.0,0.12,0.7,0.18
21,0.84375,0.0625,0.0,0.09375
22,0.04,0.84,0.0,0.12
23,0.07692307692307693,0.8717948717948718,0.05128205128205128,0.0
24,0.5,0.0,0.5,0.0
25,0.6,0.0,0.0,0.4
26,,,,
27,0.12962962962962962,0.8333333333333334,0.0,0.037037037037037035
28,0.4,0.0,0.0,0.6
29,0.0,0.06666666666666667,0.8888888888888888,0.044444444444444446
30,0.5,0.0,0.5,0.0
31,0.3333333333333333,0.0,0.6666666666666666,0.0
32,0.32,0.04,0.0,0.64
33,0.4642857142857143,0.21428571428571427,0.0,0.32142857142857145
34,0.0,0.3333333333333333,0.6666666666666666,0.0
35,0.6363636363636364,0.09090909090909091,0.0,0.2727272727272727
36,0.0,0.22727272727272727,0.7272727272727273,0.045454545454545456
37,0.0,0.05555555555555555,0.9444444444444444,0.0
38,0.2222222222222222,0.1111111111111111,0.0,0.6666666666666666
39,0.5555555555555556,0.0,0.1111111111111111,0.3333333333333333
40,0.0,0.0,0.25,0.75
41,0.0,0.0,0.4,0.6
42,,,,
43,1.0,0.0,0.0,0.0
44,0.3333333333333333,0.3333333333333333,0.0,0.3333333333333333
45,0.043478260869565216,0.0,0.9565217391304348,0.0
46,0.0,0.6,0.2,0.2
47,0.25,0.25,0.0,0.5
48,0.0,0.42857142857142855,0.14285714285714285,0.42857142857142855
49,0.16666666666666666,0.0,0.7777777777777778,0.05555555555555555
50,0.1724137931034483,0.0,0.034482758620689655,0.7931034482758621
51,0.25,0.0,0.75,0.0
52,0.0,1.0,0.0,0.0
53,0.0,0.0,1.0,0.0
54,0.42857142857142855,0.2857142857142857,0.2857142857142857,0.0
55,1.0,0.0,0.0,0.0
56,0.0,0.0847457627118644,0.4067796610169492,0.5084745762711864
57,0.043478260869565216,0.0,0.8260869565217391,0.13043478260869565
58,0.2,0.6,0.2,0.0
59,0.5,0.0,0.16666666666666666,0.3333333333333333
60,0.0,0.7777777777777778,0.0,0.2222222222222222
61,0.5625,0.0,0.0,0.4375
62,0.0975609756097561,0.0,0.04878048780487805,0.8536585365853658
63,,,,
64,0.16666666666666666,0.3333333333333333,0.0,0.5
65,0.0,0.5714285714285714,0.42857142857142855,0.0
66,0.1,0.7,0.0,0.2
67,0.16417910447761194,0.0,0.291044776119403,0.5447761194029851
68,0.6666666666666666,0.0,0.0,0.3333333333333333
69,0.0,0.05,0.925,0.025
70,0.25,0.25,0.5,0.0
71,0.2857142857142857,0.0,0.0,0.7142857142857143
72,0.375,0.625,0.0,0.0
73,0.3333333333333333,0.0,0.0,0.6666666666666666
74,0.0,0.0,0.1,0.9
75,0.0,0.0,0.0,1.0
76,0.08695652173913043,0.8260869565217391,0.0,0.08695652173913043
77,0.375,0.13541666666666666,0.0,0.4895833333333333
78,0.2222222222222222,0.1111111111111111,0.0,0.6666666666666666
79,0.0,1.0,0.0,0.0
80,0.0,0.0,0.5,0.5
81,0.0,0.6060606060606061,0.36363636363636365,0.030303030303030304
82,0.4473684210526316,0.5,0.0,0.05263157894736842
83,0.2857142857142857,0.5,0.21428571428571427,0.0
84,0.46153846153846156,0.2692307692307692,0.0,0.2692307692307692
85,0.0,1.0,0.0,0.0
86,0.07142857142857142,0.0,0.07142857142857142,0.8571428571428571
87,0.4339622641509434,0.3584905660377358,0.20754716981132076,0.0
88,0.0,0.0,0.125,0.875
89,0.2066115702479339,0.6859504132231405,0.10743801652892562,0.0
90,0.0,0.27906976744186046,0.27906976744186046,0.4418604651162791
91,0.6138613861386139,0.36633663366336633,0.0,0.019801980198019802
92,0.03225806451612903,0.0,0.053763440860215055,0.9139784946236559
93,0.0,0.1282051282051282,0.7051282051282052,0.16666666666666666
94,0.0,0.25,0.5875,0.1625
95,0.27450980392156865,0.0,0.5294117647058824,0.19607843137254902
96,0.0,0.5178571428571429,0.48214285714285715,0.0
97,0.5203252032520326,0.34959349593495936,0.0,0.13008130081300814
98,0.15492957746478872,0.4225352112676056,0.4225352112676056,0.0
99,0.0784313725490196,0.35294117647058826,0.0,0.5686274509803921
100,0.045454545454545456,0.0,0.16666666666666666,0.7878787878787878
101,0.28,0.6,0.12,0.0
102,0.7303370786516854,0.033707865168539325,0.0,0.23595505617977527
103,0.02040816326530612,0.0,0.04081632653061224,0.9387755102040817
104,0.018518518518518517,0.7592592592592593,0.2222222222222222,0.0
105,0.0,0.75,0.25,0.0
106,1.0,0.0,0.0,0.0
107,0.0,1.0,0.0,0.0
108,0.0,0.32653061224489793,0.673469387755102,0.0
109,0.0,0.5416666666666666,0.22916666666666666,0.22916666666666666
110,0.09333333333333334,0.0,0.0,0.9066666666666666
111,0.0,0.0,1.0,0.0
112,0.0,0.5,0.0,0.5
113,0.3333333333333333,0.6666666666666666,0.0,0.0
114,0.0,0.3333333333333333,0.5606060606060606,0.10606060606060606
115,0.3333333333333333,0.6666666666666666,0.0,0.0
116,0.09090909090909091,0.0,0.0,0.9090909090909091
117,0.0,0.8461538461538461,0.07692307692307693,0.07692307692307693
118,0.0,0.0,0.0,1.0
119,0.5714285714285714,0.42857142857142855,0.0,0.0
120,0.8571428571428571,0.0,0.14285714285714285,0.0
121,0.0,0.2777777777777778,0.1111111111111111,0.6111111111111112
122,0.1,0.8,0.0,0.1
123,0.95,0.05,0.0,0.0
124,,,,
125,0.18181818181818182,0.0,0.2727272727272727,0.5454545454545454
126,0.0,0.0,0.0,1.0
127,1.0,0.0,0.0,0.0
128,0.0,0.0625,0.671875,0.265625
129,0.10344827586206896,0.13793103448275862,0.7586206896551724,0.0
130,0.05555555555555555,0.0,0.05555555555555555,0.8888888888888888
131,0.0,0.3333333333333333,0.0,0.6666666666666666
132,0.0,0.4782608695652174,0.5217391304347826,0.0
133,0.0,0.0,0.0,1.0
134,0.0,0.047619047619047616,0.9047619047619048,0.047619047619047616
135,0.3333333333333333,0.0,0.0,0.6666666666666666
136,0.0,1.0,0.0,0.0
137,0.0,0.0,0.0,1.0
138,0.0,0.0,0.0,1.0
139,0.0,0.5,0.5,0.0
140,0.041666666666666664,0.4166666666666667,0.5416666666666666,0.0
141,0.0,1.0,0.0,0.0
142,0.0,0.5,0.5,0.0
143,1.0,0.0,0.0,0.0
144,,,,
145,1.0,0.0,0.0,0.0
146,0.0,0.0,0.0,1.0
147,0.5,0.0,0.0,0.5
148,0.0,0.0,1.0,0.0
149,0.3225806451612903,0.06451612903225806,0.0,0.6129032258064516
150,0.6,0.2,0.0,0.2
151,0.1,0.75,0.0,0.15
152,0.0,0.24285714285714285,0.6142857142857143,0.14285714285714285
153,0.0,0.7647058823529411,0.17647058823529413,0.058823529411764705
154,0.5,0.25,0.0,0.25
155,0.8888888888888888,0.1111111111111111,0.0,0.0
156,0.0,0.5882352941176471,0.29411764705882354,0.11764705882352941
157,0.2777777777777778,0.0,0.05555555555555555,0.6666666666666666
158,0.0,0.631578947368421,0.21052631578947367,0.15789473684210525
159,0.2857142857142857,0.5714285714285714,0.14285714285714285,0.0
160,0.0,0.06896551724137931,0.1896551724137931,0.7413793103448276
161,0.014925373134328358,0.0,0.11940298507462686,0.8656716417910447
162,0.07142857142857142,0.42857142857142855,0.5,0.0
163,0.0,0.1282051282051282,0.10256410256410256,0.7692307692307693
164,0.09523809523809523,0.0,0.047619047619047616,0.8571428571428571
165,0.0,0.45454545454545453,0.36363636363636365,0.18181818181818182
166,0.16666666666666666,0.4166666666666667,0.0,0.4166666666666667
167,0.2916666666666667,0.5,0.0,0.20833333333333334
168,0.14285714285714285,0.0,0.8571428571428571,0.0
169,0.631578947368421,0.0,0.05263157894736842,0.3157894736842105
170,0.01639344262295082,0.0,0.4918032786885246,0.4918032786885246
171,0.0,0.5072463768115942,0.463768115942029,0.028985507246376812
172,0.0,0.2624113475177305,0.723404255319149,0.014184397163120567
173,0.34782608695652173,0.358695652173913,0.0,0.29347826086956524
174,0.3333333333333333,0.3333333333333333,0.3333333333333333,0.0
175,0.5333333333333333,0.06666666666666667,0.0,0.4
176,0.1111111111111111,0.2222222222222222,0.0,0.6666666666666666
177,0.2857142857142857,0.3383458646616541,0.37593984962406013,0.0
178,0.0,0.17177914110429449,0.04294478527607362,0.7852760736196319
179,0.020833333333333332,0.7291666666666666,0.25,0.0
180,0.0,0.04597701149425287,0.3793103448275862,0.5747126436781609
181,0.0,0.5555555555555556,0.3333333333333333,0.1111111111111111
182,0.08928571428571429,0.35714285714285715,0.5535714285714286,0.0
183,0.4230769230769231,0.07692307692307693,0.0,0.5
184,0.0,0.85,0.15,0.0
185,0.3728813559322034,0.4661016949152542,0.16101694915254236,0.0
186,0.0,0.6666666666666666,0.3333333333333333,0.0
187,0.0,0.6470588235294118,0.029411764705882353,0.3235294117647059
188,0.07692307692307693,0.8461538461538461,0.07692307692307693,0.0
189,0.21875,0.59375,0.0,0.1875
190,0.47368421052631576,0.0,0.5263157894736842,0.0
191,0.0,0.3333333333333333,0.4722222222222222,0.19444444444444445
192,0.24615384615384617,0.7230769230769231,0.0,0.03076923076923077
193,0.38848920863309355,0.5827338129496403,0.02877697841726619,0.0
194,0.0,0.2796208530805687,0.2890995260663507,0.4312796208530806
195,0.05263157894736842,0.5263157894736842,0.42105263157894735,0.0
196,0.03125,0.0,0.0,0.96875
197,0.05263157894736842,0.7368421052631579,0.21052631578947367,0.0
198,0.5684210526315789,0.22105263157894736,0.0,0.21052631578947367
199,0.1111111111111111,0.4444444444444444,0.4444444444444444,0.0
200,0.26666666666666666,0.0,0.0,0.7333333333333333
201,0.0,0.4098360655737705,0.5901639344262295,0.0
202,0.0,0.01904761904761905,0.9714285714285714,0.009523809523809525
203,0.0,0.24528301886792453,0.7264150943396226,0.02830188679245283
204,0.0,0.07758620689655173,0.9137931034482759,0.008620689655172414
205,0.16666666666666666,0.3333333333333333,0.0,0.5
206,0.03125,0.875,0.09375,0.0
207,0.3333333333333333,0.0,0.6666666666666666,0.0
208,0.0,0.0,0.0,1.0
209,0.0,0.061224489795918366,0.9183673469387755,0.02040816326530612
210,0.0,0.3888888888888889,0.2916666666666667,0.3194444444444444
211,0.0,0.2222222222222222,0.7777777777777778,0.0
212,0.0,0.23376623376623376,0.5974025974025974,0.16883116883116883
213,0.0,0.06779661016949153,0.4745762711864407,0.4576271186440678
214,0.072992700729927,0.0,0.35766423357664234,0.5693430656934306
215,0.1206896551724138,0.0,0.1896551724137931,0.6896551724137931
216,0.0,0.03125,0.640625,0.328125
217,0.16666666666666666,0.08333333333333333,0.75,0.0
218,0.1111111111111111,0.0,0.6111111111111112,0.2777777777777778
219,0.0,0.5081967213114754,0.26229508196721313,0.22950819672131148
220,0.0,0.52,0.38857142857142857,0.09142857142857143
221,0.015748031496062992,0.0,0.2283464566929134,0.7559055118110236
222,0.03508771929824561,0.0,0.7251461988304093,0.23976608187134502
223,0.4,0.0,0.2,0.4
224,0.0,0.6666666666666666,0.21212121212121213,0.12121212121212122
225,0.75,0.0,0.0,0.25
226,0.0,0.6,0.4,0.0
227,0.4,0.0,0.5,0.1
228,0.0,0.65625,0.28125,0.0625
229,0.3333333333333333,0.0,0.3333333333333333,0.3333333333333333
230,0.0,0.4725274725274725,0.23076923076923078,0.2967032967032967
231,0.10869565217391304,0.10869565217391304,0.782608695652174,0.0
232,0.2222222222222222,0.0,0.1111111111111111,0.6666666666666666
233,0.02127659574468085,0.0,0.6382978723404256,0.3404255319148936
234,0.0,0.23076923076923078,0.7692307692307693,0.0
235,0.0,0.22033898305084745,0.5932203389830508,0.1864406779661017
236,0.15384615384615385,0.7307692307692307,0.0,0.11538461538461539
237,0.0,0.0,1.0,0.0
238,0.0,0.16666666666666666,0.8333333333333334,0.0
239,0.0,0.0,0.0,1.0
240,0.6666666666666666,0.0,0.3333333333333333,0.0
241,0.0,0.05263157894736842,0.0,0.9473684210526315
242,0.6779661016949152,0.2711864406779661,0.0,0.05084745762711865
243,0.18181818181818182,0.15151515151515152,0.6666666666666666,0.0
244,0.3333333333333333,0.3333333333333333,0.3333333333333333,0.0
245,0.02564102564102564,0.0,0.2564102564102564,0.717948717948718
246,0.7142857142857143,0.14285714285714285,0.14285714285714285,0.0
247,0.16666666666666666,0.0,0.3333333333333333,0.5
248,0.3783783783783784,0.0,0.0,0.6216216216216216
249,0.05,0.0,0.45,0.5
250,0.0,0.0,1.0,0.0
251,0.6666666666666666,0.14814814814814814,0.0,0.18518518518518517
252,0.2777777777777778,0.0,0.6944444444444444,0.027777777777777776
253,0.0,0.0,0.6363636363636364,0.36363636363636365
254,0.5418994413407822,0.36312849162011174,0.0,0.09497206703910614
255,0.0,0.0,0.040983606557377046,0.9590163934426229
256,0.5,0.0,0.5,0.0
257,0.3333333333333333,0.4074074074074074,0.0,0.25925925925925924
258,0.0,0.21818181818181817,0.509090909090909,0.2727272727272727
259,0.0,0.5555555555555556,0.4166666666666667,0.027777777777777776
260,0.06779661016949153,0.0,0.3728813559322034,0.559322033898305
261,0.09090909090909091,0.0,0.9090909090909091,0.0
262,0.36363636363636365,0.0,0.2727272727272727,0.36363636363636365
263,0.0,0.9523809523809523,0.047619047619047616,0.0
264,0.36764705882352944,0.39705882352941174,0.0,0.23529411764705882
265,0.0,0.75,0.25,0.0
266,0.03571428571428571,0.8571428571428571,0.0,0.10714285714285714
267,0.0,0.0,1.0,0.0
268,0.08823529411764706,0.0,0.6176470588235294,0.29411764705882354
269,0.0,0.5,0.5,0.0
270,0.05555555555555555,0.0,0.7777777777777778,0.16666666666666666
271,0.17391304347826086,0.0,0.21739130434782608,0.6086956521739131
272,0.1111111111111111,0.0,0.6666666666666666,0.2222222222222222
273,0.0,0.0,0.0,1.0
274,0.0,0.8181818181818182,0.18181818181818182,0.0
275,0.6614173228346457,0.33070866141732286,0.0,0.007874015748031496
276,,,,
277,,,,
278,0.5,0.0,0.5,0.0
279,0.0,0.0,0.8260869565217391,0.17391304347826086
280,0.5,0.0,0.0,0.5
281,0.3333333333333333,0.4444444444444444,0.0,0.2222222222222222
282,0.0,0.0,0.0,1.0
283,0.14285714285714285,0.0,0.8571428571428571,0.0
284,0.0,0.7333333333333333,0.26666666666666666,0.0
285,0.9019607843137255,0.09803921568627451,0.0,0.0
286,0.0,1.0,0.0,0.0
287,0.2288135593220339,0.5127118644067796,0.0,0.2584745762711864
288,0.0,0.0,1.0,0.0
289,0.0,0.0,0.0,1.0
290,0.021739130434782608,0.9565217391304348,0.021739130434782608,0.0
291,0.0,0.8,0.2,0.0
292,0.0,0.022222222222222223,0.022222222222222223,0.9555555555555556
293,0.008928571428571428,0.0,0.017857142857142856,0.9732142857142857
294,0.14285714285714285,0.14285714285714285,0.7142857142857143,0.0
295,0.0,0.0,0.0,1.0
296,0.0,0.75,0.25,0.0
297,0.30303030303030304,0.0,0.0,0.696969696969697
298,0.0975609756097561,0.0,0.07317073170731707,0.8292682926829268
299,0.0,0.09090909090909091,0.696969696969697,0.21212121212121213
300,0.0,0.2857142857142857,0.7142857142857143,0.0
301,0.5,0.5,0.0,0.0
302,0.0,0.2,0.6,0.2
303,0.0,1.0,0.0,0.0
304,0.0,0.5,0.5,0.0
305,0.08695652173913043,0.9130434782608695,0.0,0.0
306,0.0,0.0,1.0,0.0
307,0.0,1.0,0.0,0.0
308,1.0,0.0,0.0,0.0
309,0.0,1.0,0.0,0.0
310,,,,
311,,,,
312,,,,
313,,,,
314,,,,
315,,,,
316,,,,
317,,,,
318,,,,
319,,,,
320,,,,
321,,,,
322,,,,
323,,,,
324,,,,
