,A,C,G,T
0,,,,
1,,,,
2,0.5625,0.2708333333333333,0.0,0.16666666666666666
3,0.8813559322033898,0.05084745762711865,0.0,0.06779661016949153
4,0.5,0.35,0.15,0.0
5,0.7703703703703704,0.07407407407407407,0.0,0.15555555555555556
6,0.3409090909090909,0.0,0.022727272727272728,0.6363636363636364
7,0.0,0.11666666666666667,0.38333333333333336,0.5
8,0.6570397111913358,0.22382671480144403,0.0,0.11913357400722022
9,0.09036144578313253,0.0,0.13253012048192772,0.7771084337349398
10,0.5,0.3333333333333333,0.16666666666666666,0.0
11,0.4878048780487805,0.17073170731707318,0.0,0.34146341463414637
12,0.3409090909090909,0.3409090909090909,0.0,0.3181818181818182
13,0.5441176470588235,0.4411764705882353,0.014705882352941176,0.0
14,0.19607843137254902,0.0196078431372549,0.0,0.7843137254901961
15,0.018867924528301886,0.9056603773584906,0.0,0.07547169811320754
16,0.0,0.7105263157894737,0.02631578947368421,0.2631578947368421
17,0.5166666666666667,0.08333333333333333,0.0,0.4
18,0.36363636363636365,0.18181818181818182,0.45454545454545453,0.0
19,0.5714285714285714,0.0,0.0,0.42857142857142855
20,0.037037037037037035,0.2777777777777778,0.6851851851851852,0.0
21,0.5,0.0,0.0,0.5
22,0.8,0.2,0.0,0.0
23,0.26,0.36,0.0,0.38
24,0.125,0.375,0.0,0.5
25,0.4,0.0,0.0,0.6
26,0.0,0.2542372881355932,0.6779661016949152,0.06779661016949153
27,0.8211382113821138,0.14634146341463414,0.0,0.032520325203252036
28,0.7510729613733905,0.24034334763948498,0.0,0.008583690987124463
29,0.06451612903225806,0.0,0.6612903225806451,0.27419354838709675
30,0.023255813953488372,0.9069767441860465,0.06976744186046512,0.0
31,0.0625,0.75,0.1875,0.0
32,0.2222222222222222,0.6388888888888888,0.0,0.1388888888888889
33,0.15151515151515152,0.0,0.0,0.8484848484848485
34,0.024390243902439025,0.9024390243902439,0.07317073170731707,0.0
35,0.4444444444444444,0.0,0.2222222222222222,0.3333333333333333
36,0.7368421052631579,0.0,0.05263157894736842,0.21052631578947367
37,0.0,0.35294117647058826,0.6176470588235294,0.029411764705882353
38,0.4358974358974359,0.358974358974359,0.0,0.20512820512820512
39,0.35714285714285715,0.0,0.07142857142857142,0.5714285714285714
40,0.13043478260869565,0.0,0.17391304347826086,0.6956521739130435
41,0.0,0.0220125786163522,0.9779874213836478,0.0
42,0.16666666666666666,0.16666666666666666,0.0,0.6666666666666666
43,0.0,0.1111111111111111,0.0,0.8888888888888888
44,0.4444444444444444,0.2222222222222222,0.0,0.3333333333333333
45,0.5,0.2,0.0,0.3
46,0.75,0.0625,0.0,0.1875
47,0.275,0.025,0.0,0.7
48,0.38095238095238093,0.23809523809523808,0.38095238095238093,0.0
49,0.625,0.0,0.25,0.125
50,0.16666666666666666,0.0,0.23809523809523808,0.5952380952380952
51,0.3333333333333333,0.0,0.2222222222222222,0.4444444444444444
52,0.0,0.13333333333333333,0.8666666666666667,0.0
53,0.4339622641509434,0.39622641509433965,0.0,0.16981132075471697
54,0.0,0.6226415094339622,0.3018867924528302,0.07547169811320754
55,0.27692307692307694,0.6307692307692307,0.0,0.09230769230769231
56,0.0,0.4864864864864865,0.08108108108108109,0.43243243243243246
57,0.09523809523809523,0.0,0.5714285714285714,0.3333333333333333
58,0.09523809523809523,0.5238095238095238,0.38095238095238093,0.0
59,0.1111111111111111,0.0,0.6666666666666666,0.2222222222222222
60,0.11428571428571428,0.6285714285714286,0.2571428571428571,0.0
61,0.5555555555555556,0.0,0.3333333333333333,0.1111111111111111
62,0.10294117647058823,0.0,0.20588235294117646,0.6911764705882353
63,0.0,0.375,0.625,0.0
64,0.0,0.3333333333333333,0.0,0.6666666666666666
65,0.023809523809523808,0.8333333333333334,0.14285714285714285,0.0
66,0.36363636363636365,0.11363636363636363,0.5227272727272727,0.0
67,0.14634146341463414,0.0,0.024390243902439025,0.8292682926829268
68,0.0,0.225,0.4,0.375
69,0.5714285714285714,0.08163265306122448,0.0,0.3469387755102041
70,0.08264462809917356,0.0,0.4462809917355372,0.47107438016528924
71,0.23076923076923078,0.0,0.28205128205128205,0.48717948717948717
72,0.28,0.36,0.36,0.0
73,0.38461538461538464,0.0,0.15384615384615385,0.46153846153846156
74,0.18604651162790697,0.6976744186046512,0.11627906976744186,0.0
75,0.3157894736842105,0.47368421052631576,0.0,0.21052631578947367
76,0.4,0.15,0.0,0.45
77,0.0,0.640625,0.203125,0.15625
78,0.047619047619047616,0.7142857142857143,0.23809523809523808,0.0
79,0.2222222222222222,0.6296296296296297,0.14814814814814814,0.0
80,0.15294117647058825,0.0,0.23529411764705882,0.611764705882353
81,0.0,0.46078431372549017,0.17647058823529413,0.3627450980392157
82,0.13705583756345177,0.0,0.2715736040609137,0.5913705583756346
83,0.12574850299401197,0.0,0.38323353293413176,0.49101796407185627
84,0.061224489795918366,0.7959183673469388,0.14285714285714285,0.0
85,0.2,0.35,0.45,0.0
86,0.23255813953488372,0.0,0.3488372093023256,0.4186046511627907
87,0.0,0.31868131868131866,0.6373626373626373,0.04395604395604396
88,0.6679841897233202,0.24110671936758893,0.0,0.09090909090909091
89,0.2562814070351759,0.592964824120603,0.1507537688442211,0.0
90,0.0,0.21220930232558138,0.5203488372093024,0.26744186046511625
91,0.6024844720496895,0.3527950310559006,0.0,0.04472049689440994
92,0.15611814345991562,0.0,0.05907172995780591,0.7848101265822784
93,0.09815950920245399,0.8159509202453987,0.08588957055214724,0.0
94,0.0,0.26498422712933756,0.13564668769716087,0.5993690851735016
95,0.010526315789473684,0.9157894736842105,0.07368421052631578,0.0
96,0.30739299610894943,0.13229571984435798,0.0,0.5603112840466926
97,0.30985915492957744,0.0,0.3286384976525822,0.3615023474178404
98,0.22872340425531915,0.6276595744680851,0.14361702127659576,0.0
99,0.0,0.475,0.11875,0.40625
100,0.09090909090909091,0.45454545454545453,0.45454545454545453,0.0
101,0.5957446808510638,0.2765957446808511,0.0,0.1276595744680851
102,0.16,0.0,0.14857142857142858,0.6914285714285714
103,0.0,0.3263157894736842,0.1368421052631579,0.5368421052631579
104,0.061946902654867256,0.0,0.48672566371681414,0.45132743362831856
105,0.25,0.25,0.5,0.0
106,0.25,0.25,0.0,0.5
107,0.0,0.0,0.0,1.0
108,0.4318181818181818,0.06818181818181818,0.0,0.5
109,0.058823529411764705,0.7058823529411765,0.23529411764705882,0.0
110,0.2608695652173913,0.0,0.043478260869565216,0.6956521739130435
111,0.46153846153846156,0.0,0.23076923076923078,0.3076923076923077
112,0.3333333333333333,0.16666666666666666,0.0,0.5
113,0.5,0.0,0.03571428571428571,0.4642857142857143
114,0.6666666666666666,0.0,0.3333333333333333,0.0
115,0.0,0.25,0.6785714285714286,0.07142857142857142
116,0.5333333333333333,0.4666666666666667,0.0,0.0
117,0.8,0.12307692307692308,0.0,0.07692307692307693
118,0.025,0.0,0.35,0.625
119,0.24390243902439024,0.6585365853658537,0.0975609756097561,0.0
120,0.125,0.0,0.125,0.75
121,0.35294117647058826,0.0,0.29411764705882354,0.35294117647058826
122,0.0,0.21428571428571427,0.23809523809523808,0.5476190476190477
123,0.6842105263157895,0.0,0.0,0.3157894736842105
124,0.6666666666666666,0.15555555555555556,0.0,0.17777777777777778
125,0.6341463414634146,0.2073170731707317,0.0,0.15853658536585366
126,0.0,0.23684210526315788,0.6842105263157895,0.07894736842105263
127,0.0,0.06930693069306931,0.8118811881188119,0.1188118811881188
128,0.3488372093023256,0.23255813953488372,0.0,0.4186046511627907
129,0.3728813559322034,0.3559322033898305,0.0,0.2711864406779661
130,0.7636363636363637,0.03636363636363636,0.0,0.2
131,0.0,0.1111111111111111,0.4861111111111111,0.4027777777777778
132,0.5471698113207547,0.0,0.20754716981132076,0.24528301886792453
133,0.08771929824561403,0.6491228070175439,0.2631578947368421,0.0
134,0.7150537634408602,0.13978494623655913,0.0,0.14516129032258066
135,0.1827956989247312,0.6989247311827957,0.0,0.11827956989247312
136,0.0,0.6451612903225806,0.1935483870967742,0.16129032258064516
137,0.0,0.2731707317073171,0.624390243902439,0.1024390243902439
138,0.08064516129032258,0.6290322580645161,0.2903225806451613,0.0
139,0.0,0.10714285714285714,0.5198412698412699,0.373015873015873
140,0.08108108108108109,0.6621621621621622,0.25675675675675674,0.0
141,0.6902173913043478,0.22826086956521738,0.0,0.08152173913043478
142,0.02857142857142857,0.6857142857142857,0.2857142857142857,0.0
143,0.1638418079096045,0.480225988700565,0.3559322033898305,0.0
144,0.019736842105263157,0.013157894736842105,0.9671052631578947,0.0
145,0.47619047619047616,0.0,0.38095238095238093,0.14285714285714285
146,0.0,0.25609756097560976,0.4878048780487805,0.25609756097560976
147,0.632996632996633,0.13804713804713806,0.0,0.22895622895622897
148,0.06300813008130081,0.0,0.7113821138211383,0.22560975609756098
149,0.3673469387755102,0.4030612244897959,0.22959183673469388,0.0
150,0.0,0.42857142857142855,0.42857142857142855,0.14285714285714285
151,0.07954545454545454,0.5568181818181818,0.36363636363636365,0.0
152,0.20689655172413793,0.6059113300492611,0.18719211822660098,0.0
153,0.0,0.12280701754385964,0.7719298245614035,0.10526315789473684
154,0.5766423357664233,0.3746958637469586,0.0,0.04866180048661801
155,0.08205128205128205,0.6,0.31794871794871793,0.0
156,0.0,0.1288782816229117,0.7136038186157518,0.1575178997613365
157,0.5800316957210776,0.26465927099841524,0.0,0.15530903328050713
158,0.3037037037037037,0.37777777777777777,0.31851851851851853,0.0
159,0.0,0.11138014527845036,0.7578692493946732,0.13075060532687652
160,0.0,0.16216216216216217,0.6810810810810811,0.15675675675675677
161,0.3448275862068966,0.16551724137931034,0.4896551724137931,0.0
162,0.26666666666666666,0.5333333333333333,0.0,0.2
163,0.26865671641791045,0.4925373134328358,0.0,0.23880597014925373
164,0.5283842794759825,0.3799126637554585,0.0,0.09170305676855896
165,0.513189448441247,0.4052757793764988,0.0,0.0815347721822542
166,0.6340579710144928,0.16666666666666666,0.0,0.19927536231884058
167,0.4,0.4772727272727273,0.12272727272727273,0.0
168,0.0,0.1245136186770428,0.669260700389105,0.20622568093385213
169,0.3594890510948905,0.47992700729927007,0.0,0.16058394160583941
170,0.25,0.0,0.2532051282051282,0.4967948717948718
171,0.0,0.21428571428571427,0.5612244897959183,0.22448979591836735
172,0.13297872340425532,0.0,0.12234042553191489,0.7446808510638298
173,0.0,0.35,0.5,0.15
174,0.22058823529411764,0.5661764705882353,0.21323529411764705,0.0
175,0.0,0.20833333333333334,0.11904761904761904,0.6726190476190477
176,0.09205020920502092,0.0,0.06694560669456066,0.8410041841004184
177,0.07432432432432433,0.8445945945945946,0.08108108108108109,0.0
178,0.0,0.3157894736842105,0.42105263157894735,0.2631578947368421
179,0.031914893617021274,0.0,0.005319148936170213,0.9627659574468085
180,0.611764705882353,0.19411764705882353,0.0,0.19411764705882353
181,0.08771929824561403,0.0,0.4619883040935672,0.4502923976608187
182,0.0,0.46258503401360546,0.3673469387755102,0.17006802721088435
183,0.5263157894736842,0.21052631578947367,0.0,0.2631578947368421
184,0.0,0.4339622641509434,0.4339622641509434,0.1320754716981132
185,0.10989010989010989,0.0,0.5494505494505495,0.34065934065934067
186,0.03125,0.4375,0.53125,0.0
187,0.42857142857142855,0.0,0.08571428571428572,0.4857142857142857
188,0.0,0.8055555555555556,0.027777777777777776,0.16666666666666666
189,0.23943661971830985,0.6103286384976526,0.0,0.15023474178403756
190,0.027777777777777776,0.6944444444444444,0.2777777777777778,0.0
191,0.43137254901960786,0.37254901960784315,0.0,0.19607843137254902
192,0.0,0.36507936507936506,0.5873015873015873,0.047619047619047616
193,0.0,0.10434782608695652,0.8695652173913043,0.02608695652173913
194,0.45,0.425,0.0,0.125
195,0.6451612903225806,0.0967741935483871,0.0,0.25806451612903225
196,0.8676470588235294,0.1323529411764706,0.0,0.0
197,0.20454545454545456,0.0,0.25,0.5454545454545454
198,0.0,0.8918918918918919,0.10810810810810811,0.0
199,0.21428571428571427,0.35714285714285715,0.0,0.42857142857142855
200,0.0,0.12244897959183673,0.8571428571428571,0.02040816326530612
201,0.25,0.05,0.7,0.0
202,0.16666666666666666,0.25,0.5833333333333334,0.0
203,0.2222222222222222,0.0,0.13333333333333333,0.6444444444444445
204,0.0,0.07042253521126761,0.2676056338028169,0.6619718309859155
205,0.05128205128205128,0.0,0.23717948717948717,0.7115384615384616
206,0.30434782608695654,0.0,0.043478260869565216,0.6521739130434783
207,0.0,0.2391304347826087,0.7463768115942029,0.014492753623188406
208,0.05263157894736842,0.3684210526315789,0.5789473684210527,0.0
209,0.2857142857142857,0.0,0.3523809523809524,0.3619047619047619
210,0.42857142857142855,0.07142857142857142,0.5,0.0
211,0.5454545454545454,0.0,0.09090909090909091,0.36363636363636365
212,0.2,0.0,0.23333333333333334,0.5666666666666667
213,0.0,0.9,0.07,0.03
214,0.4117647058823529,0.23529411764705882,0.0,0.35294117647058826
215,0.0,0.125,0.78125,0.09375
216,0.2857142857142857,0.2857142857142857,0.0,0.42857142857142855
217,0.0,0.2857142857142857,0.42857142857142855,0.2857142857142857
218,0.68,0.0,0.12,0.2
219,0.0,0.027586206896551724,0.9241379310344827,0.04827586206896552
220,0.0,0.37777777777777777,0.5555555555555556,0.06666666666666667
221,0.11475409836065574,0.7978142076502732,0.08743169398907104,0.0
222,0.205607476635514,0.14018691588785046,0.6542056074766355,0.0
223,0.38461538461538464,0.0,0.07692307692307693,0.5384615384615384
224,0.2923076923076923,0.0,0.4461538461538462,0.26153846153846155
225,0.0,0.3333333333333333,0.6111111111111112,0.05555555555555555
226,0.0,0.24691358024691357,0.7407407407407407,0.012345679012345678
227,0.5131578947368421,0.23684210526315788,0.0,0.25
228,0.0,0.09803921568627451,0.8627450980392157,0.0392156862745098
229,0.0,0.08609271523178808,0.8940397350993378,0.019867549668874173
230,0.10119047619047619,0.0,0.10714285714285714,0.7916666666666666
231,0.0,0.06896551724137931,0.8448275862068966,0.08620689655172414
232,0.10759493670886076,0.0,0.0379746835443038,0.8544303797468354
233,0.4652777777777778,0.34953703703703703,0.0,0.18518518518518517
234,0.12114014251781473,0.0,0.5083135391923991,0.37054631828978624
235,0.3333333333333333,0.1111111111111111,0.5555555555555556,0.0
236,0.32764505119453924,0.1945392491467577,0.0,0.4778156996587031
237,0.10989010989010989,0.3956043956043956,0.4945054945054945,0.0
238,0.0,0.3034188034188034,0.04700854700854701,0.6495726495726496
239,0.04081632653061224,0.5714285714285714,0.3877551020408163,0.0
240,0.01173512154233026,0.9681475272422464,0.0,0.020117351215423303
241,0.0625,0.3125,0.625,0.0
242,,,,
243,0.2391304347826087,0.0,0.7608695652173914,0.0
244,0.0,0.0625,0.71875,0.21875
245,0.0,0.18072289156626506,0.7349397590361446,0.08433734939759036
246,0.0,0.11290322580645161,0.5053763440860215,0.3817204301075269
247,0.09523809523809523,0.6190476190476191,0.2857142857142857,0.0
248,0.45454545454545453,0.36363636363636365,0.0,0.18181818181818182
249,0.0,0.13513513513513514,0.8648648648648649,0.0
250,0.46774193548387094,0.5241935483870968,0.0,0.008064516129032258
251,0.10975609756097561,0.0,0.36585365853658536,0.524390243902439
252,0.0,0.2,0.8,0.0
253,0.5,0.46,0.0,0.04
254,0.15,0.525,0.325,0.0
255,0.04878048780487805,0.0,0.4634146341463415,0.4878048780487805
256,0.0625,0.375,0.5625,0.0
257,0.13636363636363635,0.7727272727272727,0.0,0.09090909090909091
258,0.0,0.6142857142857143,0.34285714285714286,0.04285714285714286
259,0.3235294117647059,0.5588235294117647,0.0,0.11764705882352941
260,0.0,0.17142857142857143,0.7285714285714285,0.1
261,0.33488372093023255,0.6403100775193798,0.0,0.024806201550387597
262,0.12094395280235988,0.0,0.12094395280235988,0.7581120943952803
263,0.2159090909090909,0.5681818181818182,0.2159090909090909,0.0
264,0.16666666666666666,0.6666666666666666,0.0,0.16666666666666666
265,0.0,0.6458333333333334,0.2916666666666667,0.0625
266,0.583554376657825,0.3978779840848806,0.0,0.01856763925729443
267,0.375,0.0,0.0,0.625
268,0.0,0.3333333333333333,0.6666666666666666,0.0
269,0.32653061224489793,0.0,0.08163265306122448,0.5918367346938775
270,0.0,0.02040816326530612,0.30612244897959184,0.673469387755102
271,0.36363636363636365,0.0,0.18181818181818182,0.45454545454545453
272,0.09836065573770492,0.8032786885245902,0.0,0.09836065573770492
273,0.16666666666666666,0.0,0.0,0.8333333333333334
274,0.09090909090909091,0.0,0.9090909090909091,0.0
275,0.29508196721311475,0.5573770491803278,0.14754098360655737,0.0
276,0.5486725663716814,0.336283185840708,0.0,0.11504424778761062
277,0.2631578947368421,0.21052631578947367,0.5263157894736842,0.0
278,0.4722222222222222,0.23055555555555557,0.0,0.2972222222222222
279,0.6,0.4,0.0,0.0
280,0.0,0.043478260869565216,0.08695652173913043,0.8695652173913043
281,0.014492753623188406,0.927536231884058,0.057971014492753624,0.0
282,0.0196078431372549,0.9019607843137255,0.0784313725490196,0.0
283,0.0,0.12244897959183673,0.10204081632653061,0.7755102040816326
284,0.008797653958944282,0.0,0.008797653958944282,0.9824046920821115
285,0.25,0.21875,0.53125,0.0
286,0.41935483870967744,0.06451612903225806,0.0,0.5161290322580645
287,0.0,0.7761194029850746,0.22388059701492538,0.0
288,0.37037037037037035,0.2962962962962963,0.0,0.3333333333333333
289,0.04285714285714286,0.6714285714285714,0.2857142857142857,0.0
290,0.3333333333333333,0.2976190476190476,0.0,0.36904761904761907
291,0.0,0.6363636363636364,0.36363636363636365,0.0
292,0.0,0.030303030303030304,0.9494949494949495,0.020202020202020204
293,0.0,0.06451612903225806,0.8387096774193549,0.0967741935483871
294,0.3076923076923077,0.5384615384615384,0.0,0.15384615384615385
295,0.0,0.05555555555555555,0.9444444444444444,0.0
296,0.21052631578947367,0.15789473684210525,0.631578947368421,0.0
297,0.5454545454545454,0.0,0.36363636363636365,0.09090909090909091
298,0.7777777777777778,0.2222222222222222,0.0,0.0
299,,,,
300,0.0,1.0,0.0,0.0
301,1.0,0.0,0.0,0.0
302,,,,
303,,,,
304,,,,
305,,,,
306,,,,
307,,,,
308,,,,
309,,,,
310,,,,
311,,,,
312,,,,
313,,,,
314,,,,
315,,,,
