,A,C,G,T
0,,,,
1,,,,
2,0.6298568507157464,0.3231083844580777,0.0,0.04703476482617587
3,0.533678756476684,0.25906735751295334,0.0,0.20725388601036268
4,0.4090909090909091,0.3181818181818182,0.2727272727272727,0.0
5,0.46539379474940334,0.24821002386634844,0.0,0.2863961813842482
6,0.5450643776824035,0.0,0.36909871244635195,0.08583690987124463
7,0.0,0.07125890736342043,0.5795724465558195,0.3491686460807601
8,0.6592512208355942,0.2772653282691264,0.0,0.06348345089527943
9,0.04331306990881459,0.0,0.30319148936170215,0.6534954407294833
10,0.17647058823529413,0.4117647058823529,0.4117647058823529,0.0
11,0.5774058577405857,0.12133891213389121,0.0,0.301255230125523
12,0.3436293436293436,0.2548262548262548,0.0,0.4015444015444015
13,0.32323232323232326,0.5909090909090909,0.08585858585858586,0.0
14,0.49404761904761907,0.11904761904761904,0.0,0.3869047619047619
15,0.10050251256281408,0.7286432160804021,0.0,0.1708542713567839
16,0.0,0.651685393258427,0.10674157303370786,0.24157303370786518
17,0.7627118644067796,0.1431261770244821,0.0,0.09416195856873823
18,0.45454545454545453,0.22727272727272727,0.3181818181818182,0.0
19,0.27941176470588236,0.0,0.11764705882352941,0.6029411764705882
20,0.04363001745200698,0.33158813263525305,0.62478184991274,0.0
21,0.14705882352941177,0.14705882352941177,0.0,0.7058823529411765
22,0.05,0.15,0.0,0.8
23,0.6291079812206573,0.12206572769953052,0.0,0.24882629107981222
24,0.11940298507462686,0.05970149253731343,0.0,0.8208955223880597
25,0.08695652173913043,0.34782608695652173,0.0,0.5652173913043478
26,0.0,0.4067796610169492,0.3220338983050847,0.2711864406779661
27,0.6517412935323383,0.27860696517412936,0.0,0.06965174129353234
28,0.6763070077864294,0.26362625139043383,0.0,0.060066740823136816
29,0.16535433070866143,0.0,0.37401574803149606,0.46062992125984253
30,0.02666666666666667,0.7755555555555556,0.19777777777777777,0.0
31,0.0,0.6848484848484848,0.3151515151515151,0.0
32,0.5276595744680851,0.2425531914893617,0.0,0.2297872340425532
33,0.6068965517241379,0.11724137931034483,0.0,0.27586206896551724
34,0.08264462809917356,0.768595041322314,0.1487603305785124,0.0
35,0.6466666666666666,0.0,0.21333333333333335,0.14
36,0.6850393700787402,0.0,0.14173228346456693,0.1732283464566929
37,0.0,0.14285714285714285,0.7224489795918367,0.1346938775510204
38,0.6228070175438597,0.2850877192982456,0.0,0.09210526315789473
39,0.3953488372093023,0.0,0.16279069767441862,0.4418604651162791
40,0.43137254901960786,0.0,0.17647058823529413,0.39215686274509803
41,0.09067357512953368,0.22020725388601037,0.689119170984456,0.0
42,0.30303030303030304,0.12121212121212122,0.0,0.5757575757575758
43,0.2,0.2,0.0,0.6
44,0.0,0.1503448275862069,0.8041379310344827,0.04551724137931035
45,0.5121951219512195,0.3008130081300813,0.0,0.18699186991869918
46,0.6961325966850829,0.1270718232044199,0.0,0.17679558011049723
47,0.4827586206896552,0.3399014778325123,0.0,0.17733990147783252
48,0.23863636363636365,0.375,0.38636363636363635,0.0
49,0.44,0.0,0.18,0.38
50,0.43521594684385384,0.0,0.16611295681063123,0.39867109634551495
51,0.41379310344827586,0.0,0.25862068965517243,0.3275862068965517
52,0.11764705882352941,0.23529411764705882,0.6470588235294118,0.0
53,0.4482758620689655,0.35172413793103446,0.0,0.2
54,0.0,0.6646706586826348,0.2634730538922156,0.0718562874251497
55,0.33574007220216606,0.44404332129963897,0.0,0.22021660649819494
56,0.0,0.4587628865979381,0.4536082474226804,0.08762886597938144
57,0.36,0.0,0.5371428571428571,0.10285714285714286
58,0.1276595744680851,0.43617021276595747,0.43617021276595747,0.0
59,0.2995169082125604,0.0,0.4396135265700483,0.2608695652173913
60,0.20353982300884957,0.4026548672566372,0.3938053097345133,0.0
61,0.358695652173913,0.0,0.30434782608695654,0.33695652173913043
62,0.35456475583864117,0.0,0.10191082802547771,0.5435244161358811
63,0.06666666666666667,0.37777777777777777,0.5555555555555556,0.0
64,0.07692307692307693,0.07692307692307693,0.0,0.8461538461538461
65,0.023809523809523808,0.7202380952380952,0.25595238095238093,0.0
66,0.5851272015655578,0.06457925636007827,0.0,0.350293542074364
67,0.18394388152766952,0.0,0.06780982073265783,0.7482462977396727
68,0.0,0.3379501385041551,0.4515235457063712,0.21052631578947367
69,0.8693069306930693,0.04356435643564356,0.0,0.08712871287128712
70,0.06060606060606061,0.0,0.2919191919191919,0.6474747474747474
71,0.09713024282560706,0.0,0.4768211920529801,0.4260485651214128
72,0.26666666666666666,0.3142857142857143,0.41904761904761906,0.0
73,0.29523809523809524,0.0,0.2761904761904762,0.42857142857142855
74,0.24821002386634844,0.513126491646778,0.2386634844868735,0.0
75,0.6568627450980392,0.17647058823529413,0.0,0.16666666666666666
76,0.6040609137055838,0.2182741116751269,0.0,0.17766497461928935
77,0.0,0.3962962962962963,0.4203703703703704,0.18333333333333332
78,0.1978319783197832,0.5989159891598916,0.2032520325203252,0.0
79,0.275,0.54375,0.18125,0.0
80,0.22569444444444445,0.0,0.08333333333333333,0.6909722222222222
81,0.0,0.3986013986013986,0.44475524475524475,0.15664335664335666
82,0.10009624639076034,0.0,0.4465832531280077,0.45332050048123196
83,0.22163120567375885,0.0,0.25443262411347517,0.523936170212766
84,0.16636690647482014,0.6088129496402878,0.22482014388489208,0.0
85,0.030927835051546393,0.7938144329896907,0.17525773195876287,0.0
86,0.26,0.0,0.185,0.555
87,0.0,0.4896907216494845,0.45618556701030927,0.05412371134020619
88,0.41630901287553645,0.4892703862660944,0.0,0.0944206008583691
89,0.22636484687083888,0.5872170439414115,0.18641810918774968,0.0
90,0.4127725856697819,0.21651090342679127,0.0,0.3707165109034268
91,0.0,0.5759398496240602,0.2887218045112782,0.13533834586466165
92,0.17532467532467533,0.0,0.3685064935064935,0.45616883116883117
93,0.08710801393728224,0.0,0.07897793263646923,0.8339140534262486
94,0.0,0.37037037037037035,0.2037037037037037,0.42592592592592593
95,0.17627118644067796,0.0,0.1615819209039548,0.6621468926553672
96,0.3068181818181818,0.38825757575757575,0.30492424242424243,0.0
97,0.0,0.25196850393700787,0.17913385826771652,0.5688976377952756
98,0.1636556854410202,0.0,0.22104144527098832,0.6153028692879915
99,0.0,0.3452157598499062,0.3151969981238274,0.3395872420262664
100,0.06944444444444445,0.4861111111111111,0.4444444444444444,0.0
101,0.6126674786845311,0.220462850182704,0.0,0.1668696711327649
102,0.7637889688249401,0.18705035971223022,0.0,0.049160671462829736
103,0.0,0.4753521126760563,0.4524647887323944,0.0721830985915493
104,0.10404624277456648,0.0,0.48747591522157996,0.40847784200385356
105,0.125,0.25,0.625,0.0
106,0.06818181818181818,0.22727272727272727,0.0,0.7045454545454546
107,0.12,0.24,0.0,0.64
108,0.434375,0.103125,0.0,0.4625
109,0.11702127659574468,0.6276595744680851,0.2553191489361702,0.0
110,0.26666666666666666,0.0,0.18518518518518517,0.5481481481481482
111,0.4426229508196721,0.0,0.29508196721311475,0.26229508196721313
112,0.37209302325581395,0.23255813953488372,0.0,0.3953488372093023
113,0.08389261744966443,0.0,0.3087248322147651,0.6073825503355704
114,0.5714285714285714,0.0,0.23809523809523808,0.19047619047619047
115,0.0,0.17676767676767677,0.4444444444444444,0.3787878787878788
116,0.5256410256410257,0.21794871794871795,0.0,0.2564102564102564
117,0.49504950495049505,0.29455445544554454,0.0,0.2103960396039604
118,0.04659498207885305,0.0,0.24014336917562723,0.7132616487455197
119,0.15714285714285714,0.5685714285714286,0.2742857142857143,0.0
120,0.46551724137931033,0.0,0.3620689655172414,0.1724137931034483
121,0.6379310344827587,0.0,0.20689655172413793,0.15517241379310345
122,0.0,0.253125,0.509375,0.2375
123,0.3728813559322034,0.288135593220339,0.0,0.3389830508474576
124,0.6944444444444444,0.07407407407407407,0.0,0.23148148148148148
125,0.6921296296296297,0.13425925925925927,0.0,0.1736111111111111
126,0.0,0.3655913978494624,0.6057347670250897,0.02867383512544803
127,0.0,0.15428571428571428,0.7514285714285714,0.09428571428571429
128,0.4672897196261682,0.102803738317757,0.0,0.42990654205607476
129,0.2777777777777778,0.25,0.0,0.4722222222222222
130,0.2796610169491525,0.17796610169491525,0.0,0.5423728813559322
131,0.6564171122994652,0.15240641711229946,0.0,0.19117647058823528
132,0.29924242424242425,0.0,0.4128787878787879,0.2878787878787879
133,0.06744868035190615,0.2961876832844575,0.6363636363636364,0.0
134,0.47604790419161674,0.1317365269461078,0.0,0.39221556886227543
135,0.16111111111111112,0.43333333333333335,0.0,0.40555555555555556
136,0.0,0.09154929577464789,0.8215962441314554,0.08685446009389672
137,0.7443181818181818,0.12121212121212122,0.0,0.13446969696969696
138,0.047619047619047616,0.026455026455026454,0.9259259259259259,0.0
139,0.21761658031088082,0.08290155440414508,0.0,0.6994818652849741
140,0.20606060606060606,0.32727272727272727,0.0,0.4666666666666667
141,0.6209800918836141,0.33078101071975496,0.0,0.04823889739663093
142,0.09782608695652174,0.1956521739130435,0.7065217391304348,0.0
143,0.09516616314199396,0.7220543806646526,0.18277945619335348,0.0
144,0.29218106995884774,0.30864197530864196,0.0,0.3991769547325103
145,0.06911262798634812,0.7764505119453925,0.0,0.15443686006825938
146,0.326644370122631,0.0,0.1995540691192865,0.4738015607580825
147,0.5614678899082569,0.0,0.13211009174311927,0.30642201834862387
148,0.5250800426894343,0.04589114194236926,0.0,0.42902881536819637
149,0.26992753623188404,0.42089371980676327,0.30917874396135264,0.0
150,0.0,0.05912162162162162,0.43496621621621623,0.5059121621621622
151,0.028039479587258862,0.0,0.32166890982503366,0.6502916105877075
152,0.23665338645418327,0.6207171314741036,0.14262948207171314,0.0
153,0.0,0.2661498708010336,0.41214470284237725,0.32170542635658916
154,0.649090909090909,0.21575757575757576,0.0,0.13515151515151516
155,0.0,0.1668711656441718,0.5435582822085889,0.28957055214723926
156,0.0,0.2219931271477663,0.6659793814432989,0.11202749140893471
157,0.0,0.2562305295950156,0.617601246105919,0.1261682242990654
158,0.09153713298791019,0.0,0.33506044905008636,0.5734024179620034
159,0.0,0.20098846787479407,0.6227347611202636,0.17627677100494235
160,0.0,0.10841121495327102,0.77196261682243,0.11962616822429907
161,0.0,0.11228070175438597,0.6175438596491228,0.27017543859649124
162,0.3007380073800738,0.5461254612546126,0.0,0.15313653136531366
163,0.261986301369863,0.0,0.4096746575342466,0.3283390410958904
164,0.28258488499452356,0.3932092004381161,0.32420591456736036,0.0
165,0.0,0.2977988778593008,0.476909797151489,0.22529132498921017
166,0.0,0.211978465679677,0.6440107671601615,0.1440107671601615
167,0.24645257654966393,0.0,0.27968633308439134,0.47386109036594476
168,0.0,0.14367816091954022,0.7610153256704981,0.09530651340996169
169,0.6920366455250176,0.22903453136011276,0.0,0.07892882311486962
170,0.34562545191612437,0.34417932031814896,0.31019522776572667,0.0
171,0.2502360717658168,0.3588290840415486,0.3909348441926346,0.0
172,0.0,0.2572944297082228,0.3620689655172414,0.3806366047745358
173,0.13741598207617625,0.0,0.07169529499626587,0.7908887229275579
174,0.0,0.13266162888329136,0.6540722082283795,0.21326616288832914
175,0.13803088803088803,0.0,0.5135135135135135,0.3484555984555985
176,0.3526627218934911,0.0,0.23905325443786982,0.40828402366863903
177,0.0,0.20703125,0.546875,0.24609375
178,0.2323943661971831,0.0,0.13943661971830987,0.6281690140845071
179,0.0,0.19964349376114082,0.45098039215686275,0.3493761140819964
180,0.16806722689075632,0.5300581771170007,0.0,0.30187459599224303
181,0.0,0.3954802259887006,0.1370056497175141,0.4675141242937853
182,0.0,0.3410059676044331,0.3874680306905371,0.27152600170502983
183,0.2334384858044164,0.29337539432176657,0.47318611987381703,0.0
184,0.0,0.3562753036437247,0.18218623481781376,0.46153846153846156
185,0.029288702928870293,0.0,0.03586371787208607,0.9348475791990436
186,0.28368794326241137,0.3546099290780142,0.0,0.3617021276595745
187,0.14130434782608695,0.0,0.639751552795031,0.21894409937888198
188,0.650231124807396,0.0,0.22033898305084745,0.12942989214175654
189,0.4751552795031056,0.38198757763975155,0.0,0.14285714285714285
190,0.8500772797527048,0.0,0.10510046367851623,0.04482225656877898
191,0.2652689152233364,0.650865998176846,0.0,0.08386508659981769
192,0.11392405063291139,0.370253164556962,0.5158227848101266,0.0
193,0.3046875,0.0,0.109375,0.5859375
194,0.2,0.5705882352941176,0.22941176470588234,0.0
195,0.3283582089552239,0.4291044776119403,0.0,0.24253731343283583
196,0.057971014492753624,0.47342995169082125,0.46859903381642515,0.0
197,0.3722397476340694,0.2618296529968454,0.0,0.3659305993690852
198,0.0,0.3773006134969325,0.6134969325153374,0.009202453987730062
199,0.0,0.1349206349206349,0.8189033189033189,0.046176046176046176
200,0.0,0.06672443674176777,0.8596187175043327,0.07365684575389948
201,0.75177304964539,0.04964539007092199,0.0,0.19858156028368795
202,0.786096256684492,0.1354723707664884,0.0,0.0784313725490196
203,0.3138075313807531,0.0,0.3305439330543933,0.35564853556485354
204,0.0,0.9705882352941176,0.01911764705882353,0.010294117647058823
205,0.4444444444444444,0.24444444444444444,0.0,0.3111111111111111
206,0.0,0.1933534743202417,0.7583081570996979,0.04833836858006042
207,0.32044198895027626,0.1270718232044199,0.5524861878453039,0.0
208,0.2653061224489796,0.15306122448979592,0.5816326530612245,0.0
209,0.22018348623853212,0.0,0.04892966360856269,0.7308868501529052
210,0.0,0.08185840707964602,0.4247787610619469,0.49336283185840707
211,0.061821219715956555,0.0,0.28153717627401836,0.656641604010025
212,0.37150127226463103,0.0,0.11450381679389313,0.5139949109414759
213,0.0,0.15647668393782382,0.7647668393782383,0.07875647668393783
214,0.16071428571428573,0.32142857142857145,0.5178571428571429,0.0
215,0.11416490486257928,0.0,0.2558139534883721,0.6300211416490487
216,0.4859437751004016,0.05622489959839357,0.4578313253012048,0.0
217,0.2543352601156069,0.0,0.09826589595375723,0.6473988439306358
218,0.0,0.7778894472361809,0.1487437185929648,0.07336683417085427
219,0.0,0.5879629629629629,0.37962962962962965,0.032407407407407406
220,0.3142857142857143,0.37142857142857144,0.0,0.3142857142857143
221,0.0,0.1127659574468085,0.7978723404255319,0.08936170212765958
222,0.2716049382716049,0.4691358024691358,0.0,0.25925925925925924
223,0.0,0.12867647058823528,0.7794117647058824,0.09191176470588236
224,0.11880261927034612,0.7680074836295603,0.11318989710009354,0.0
225,0.8660968660968661,0.08547008547008547,0.0,0.04843304843304843
226,0.0,0.4559139784946237,0.3827956989247312,0.16129032258064516
227,0.25326991676575505,0.5,0.24673008323424495,0.0
228,0.06690140845070422,0.176056338028169,0.7570422535211268,0.0
229,0.176056338028169,0.0,0.16901408450704225,0.6549295774647887
230,0.0,0.533868092691622,0.3413547237076649,0.12477718360071301
231,0.0,0.4154746423927178,0.5695708712613784,0.01495448634590377
232,0.0,0.22415940224159403,0.6899128268991283,0.0859277708592777
233,0.3464163822525597,0.5255972696245734,0.0,0.12798634812286688
234,0.0,0.23529411764705882,0.7186700767263428,0.04603580562659847
235,0.0,0.18523153942428036,0.7709637046307884,0.04380475594493116
236,0.09646118721461187,0.0,0.3333333333333333,0.5702054794520548
237,0.6418685121107266,0.05536332179930796,0.3027681660899654,0.0
238,0.09861325115562404,0.0,0.020030816640986132,0.8813559322033898
239,0.0,0.28420123565754635,0.442188879082083,0.2736098852603707
240,0.12411902897415818,0.0,0.6272513703993735,0.24862960062646827
241,0.184,0.512,0.304,0.0
242,0.4739583333333333,0.34523809523809523,0.0,0.18080357142857142
243,0.2850877192982456,0.4868421052631579,0.22807017543859648,0.0
244,0.0,0.13903394255874674,0.057441253263707574,0.8035248041775457
245,0.04336043360433604,0.7208672086720868,0.23577235772357724,0.0
246,0.125,0.0,0.14488636363636365,0.7301136363636364
247,0.19047619047619047,0.14285714285714285,0.6666666666666666,0.0
248,0.5067567567567568,0.24613899613899615,0.0,0.2471042471042471
249,0.26420454545454547,0.0,0.6903409090909091,0.045454545454545456
250,0.0,0.17333333333333334,0.4266666666666667,0.4
251,0.0,0.32152974504249293,0.613314447592068,0.06515580736543909
252,0.0,0.41454545454545455,0.21454545454545454,0.3709090909090909
253,0.14754098360655737,0.16393442622950818,0.6885245901639344,0.0
254,0.37012987012987014,0.35064935064935066,0.0,0.2792207792207792
255,0.0,0.1348973607038123,0.7976539589442815,0.06744868035190615
256,0.0,0.23008849557522124,0.7182890855457227,0.051622418879056046
257,0.1206140350877193,0.0,0.2324561403508772,0.6469298245614035
258,0.0,0.10983981693363844,0.8215102974828375,0.06864988558352403
259,0.6486486486486487,0.2528957528957529,0.0,0.09845559845559845
260,0.14910536779324055,0.0,0.17693836978131214,0.6739562624254473
261,0.14018691588785046,0.0,0.3598130841121495,0.5
262,0.1111111111111111,0.375,0.5138888888888888,0.0
263,0.46875,0.36160714285714285,0.0,0.16964285714285715
264,0.0,0.47424242424242424,0.5151515151515151,0.010606060606060607
265,0.0,0.13823331085637222,0.8004045853000674,0.06136210384356035
266,0.0,0.17267080745341615,0.6944099378881987,0.13291925465838508
267,0.0,0.08958837772397095,0.8159806295399515,0.09443099273607748
268,0.1352549889135255,0.0,0.28824833702882485,0.5764966740576497
269,0.0774818401937046,0.0,0.3365617433414044,0.585956416464891
270,0.5128205128205128,0.15384615384615385,0.0,0.3333333333333333
271,0.0,0.42,0.41333333333333333,0.16666666666666666
272,0.4148793565683646,0.48927613941018766,0.0,0.09584450402144772
273,0.21875,0.1875,0.0,0.59375
274,0.0,0.13043478260869565,0.5652173913043478,0.30434782608695654
275,0.14666666666666667,0.0,0.05333333333333334,0.8
276,0.0,0.07462686567164178,0.32338308457711445,0.6019900497512438
277,0.3684210526315789,0.0,0.18421052631578946,0.4473684210526316
278,0.41911764705882354,0.4485294117647059,0.0,0.1323529411764706
279,0.375,0.0625,0.0,0.5625
280,0.2111801242236025,0.0,0.7142857142857143,0.07453416149068323
281,0.1288056206088993,0.0,0.03278688524590164,0.8384074941451991
282,0.7030397505845675,0.2112236944660951,0.0,0.08573655494933749
283,0.05737704918032787,0.5,0.4426229508196721,0.0
284,0.3114596670934699,0.4615877080665813,0.0,0.2269526248399488
285,0.075,0.15,0.775,0.0
286,0.0,0.375,0.16666666666666666,0.4583333333333333
287,0.016355140186915886,0.8855140186915887,0.09813084112149532,0.0
288,0.023622047244094488,0.7952755905511811,0.18110236220472442,0.0
289,0.0,0.012702078521939953,0.019630484988452657,0.9676674364896074
290,0.0015618898867629833,0.0,0.010933229207340883,0.9875048809058962
291,0.1366906474820144,0.16546762589928057,0.697841726618705,0.0
292,0.3978494623655914,0.15053763440860216,0.0,0.45161290322580644
293,0.0,0.652,0.348,0.0
294,0.799512987012987,0.012987012987012988,0.0,0.1875
295,0.036905606813342796,0.0,0.15259048970901348,0.8105039034776437
296,0.13708920187793427,0.3295774647887324,0.5333333333333333,0.0
297,0.0,0.6504854368932039,0.34951456310679613,0.0
298,0.5126903553299492,0.3299492385786802,0.0,0.15736040609137056
299,0.0,0.12396694214876033,0.7520661157024794,0.12396694214876033
300,0.203125,0.484375,0.0,0.3125
301,0.0,0.21142857142857144,0.4228571428571429,0.3657142857142857
302,0.22388059701492538,0.582089552238806,0.19402985074626866,0.0
303,0.20454545454545456,0.0,0.22727272727272727,0.5681818181818182
304,0.42857142857142855,0.3333333333333333,0.23809523809523808,0.0
305,0.7948717948717948,0.0,0.07692307692307693,0.1282051282051282
306,0.10526315789473684,0.0,0.8947368421052632,0.0
307,0.0,0.08333333333333333,0.8333333333333334,0.08333333333333333
308,0.0,0.125,0.0,0.875
309,0.1111111111111111,0.0,0.4444444444444444,0.4444444444444444
310,0.0,1.0,0.0,0.0
311,0.0,0.0,0.0,1.0
312,,,,
313,,,,
314,,,,
315,,,,
316,,,,
317,,,,
318,,,,
319,,,,
320,,,,
321,,,,
