,A,C,G,T
0,,,,
1,,,,
2,0.8947368421052632,0.0,0.0,0.10526315789473684
3,0.023391812865497075,0.9122807017543859,0.0,0.06432748538011696
4,0.7142857142857143,0.2857142857142857,0.0,0.0
5,0.725,0.15,0.0,0.125
6,0.5714285714285714,0.0,0.2857142857142857,0.14285714285714285
7,0.0,0.0,0.47058823529411764,0.5294117647058824
8,0.5983606557377049,0.3360655737704918,0.0,0.06557377049180328
9,0.0851063829787234,0.0,0.06382978723404255,0.851063829787234
10,0.0,0.5,0.5,0.0
11,0.6744186046511628,0.16279069767441862,0.0,0.16279069767441862
12,0.3333333333333333,0.0,0.5925925925925926,0.07407407407407407
13,0.0,0.10256410256410256,0.7435897435897436,0.15384615384615385
14,0.6166666666666667,0.23333333333333334,0.0,0.15
15,0.0,0.8888888888888888,0.0,0.1111111111111111
16,0.0,0.14285714285714285,0.35714285714285715,0.5
17,0.9166666666666666,0.08333333333333333,0.0,0.0
18,0.3333333333333333,0.3333333333333333,0.3333333333333333,0.0
19,0.06896551724137931,0.0,0.8275862068965517,0.10344827586206896
20,0.8888888888888888,0.08333333333333333,0.0,0.027777777777777776
21,1.0,0.0,0.0,0.0
22,0.5,0.5,0.0,0.0
23,0.0,0.0,0.25,0.75
24,0.15151515151515152,0.0,0.7575757575757576,0.09090909090909091
25,0.0,0.0,0.6666666666666666,0.3333333333333333
26,0.0,0.23076923076923078,0.7307692307692307,0.038461538461538464
27,0.7222222222222222,0.2222222222222222,0.0,0.05555555555555555
28,0.3333333333333333,0.5,0.0,0.16666666666666666
29,0.0,0.3877551020408163,0.3877551020408163,0.22448979591836735
30,0.08333333333333333,0.0,0.6666666666666666,0.25
31,0.6153846153846154,0.15384615384615385,0.23076923076923078,0.0
32,0.5517241379310345,0.4482758620689655,0.0,0.0
33,0.06666666666666667,0.4,0.0,0.5333333333333333
34,0.0,0.7142857142857143,0.2857142857142857,0.0
35,0.2,0.4,0.0,0.4
36,0.0,0.6206896551724138,0.3448275862068966,0.034482758620689655
37,0.0,0.1951219512195122,0.7560975609756098,0.04878048780487805
38,0.38461538461538464,0.23076923076923078,0.0,0.38461538461538464
39,0.5490196078431373,0.0,0.21568627450980393,0.23529411764705882
40,1.0,0.0,0.0,0.0
41,0.1044776119402985,0.746268656716418,0.14925373134328357,0.0
42,0.3,0.3,0.4,0.0
43,0.15789473684210525,0.0,0.6842105263157895,0.15789473684210525
44,0.9285714285714286,0.07142857142857142,0.0,0.0
45,0.125,0.625,0.0,0.25
46,0.0,0.0078125,0.984375,0.0078125
47,0.6666666666666666,0.2,0.0,0.13333333333333333
48,0.0,0.16666666666666666,0.4166666666666667,0.4166666666666667
49,0.2,0.0,0.6,0.2
50,0.1111111111111111,0.0,0.2222222222222222,0.6666666666666666
51,0.0,0.0,0.8,0.2
52,0.0,0.6666666666666666,0.3333333333333333,0.0
53,0.5833333333333334,0.3333333333333333,0.0,0.08333333333333333
54,0.21052631578947367,0.10526315789473684,0.6842105263157895,0.0
55,0.26666666666666666,0.0,0.0,0.7333333333333333
56,0.23076923076923078,0.0,0.2564102564102564,0.5128205128205128
57,0.2222222222222222,0.0,0.6666666666666666,0.1111111111111111
58,0.0,0.5,0.5,0.0
59,0.08333333333333333,0.0,0.75,0.16666666666666666
60,0.0,0.3448275862068966,0.2413793103448276,0.41379310344827586
61,0.2,0.0,0.625,0.175
62,0.21052631578947367,0.0,0.3157894736842105,0.47368421052631576
63,0.0,0.5,0.5,0.0
64,0.3333333333333333,0.0,0.0,0.6666666666666666
65,0.0,0.0,0.03571428571428571,0.9642857142857143
66,0.8776595744680851,0.03723404255319149,0.0,0.0851063829787234
67,0.40869565217391307,0.0,0.3565217391304348,0.23478260869565218
68,0.48484848484848486,0.3939393939393939,0.12121212121212122,0.0
69,0.7241379310344828,0.1724137931034483,0.0,0.10344827586206896
70,0.0,1.0,0.0,0.0
71,0.10204081632653061,0.0,0.40816326530612246,0.4897959183673469
72,0.4567901234567901,0.37037037037037035,0.1728395061728395,0.0
73,0.0,0.9452954048140044,0.01312910284463895,0.04157549234135667
74,0.1,0.8142857142857143,0.08571428571428572,0.0
75,0.5892857142857143,0.3392857142857143,0.0,0.07142857142857142
76,0.5769230769230769,0.11538461538461539,0.0,0.3076923076923077
77,0.11267605633802817,0.7746478873239436,0.11267605633802817,0.0
78,0.3333333333333333,0.15384615384615385,0.0,0.5128205128205128
79,0.6443298969072165,0.23195876288659795,0.0,0.12371134020618557
80,0.062146892655367235,0.864406779661017,0.0,0.07344632768361582
81,0.16666666666666666,0.5185185185185185,0.3148148148148148,0.0
82,0.21428571428571427,0.0,0.35714285714285715,0.42857142857142855
83,0.22950819672131148,0.0,0.2786885245901639,0.4918032786885246
84,0.7006172839506173,0.1882716049382716,0.1111111111111111,0.0
85,0.25,0.65,0.1,0.0
86,0.33653846153846156,0.0,0.18269230769230768,0.4807692307692308
87,0.0,0.1864406779661017,0.7457627118644068,0.06779661016949153
88,0.31666666666666665,0.5111111111111111,0.0,0.17222222222222222
89,0.0784313725490196,0.8137254901960784,0.10784313725490197,0.0
90,0.6850393700787402,0.16141732283464566,0.0,0.15354330708661418
91,0.643312101910828,0.3375796178343949,0.0,0.01910828025477707
92,0.16981132075471697,0.6415094339622641,0.18867924528301888,0.0
93,0.6434426229508197,0.23770491803278687,0.11885245901639344,0.0
94,0.0,0.40476190476190477,0.19047619047619047,0.40476190476190477
95,0.05202312138728324,0.0,0.12138728323699421,0.8265895953757225
96,0.2894736842105263,0.631578947368421,0.07894736842105263,0.0
97,0.0,0.11026615969581749,0.6311787072243346,0.2585551330798479
98,0.0045045045045045045,0.0,0.7477477477477478,0.24774774774774774
99,0.0,0.16666666666666666,0.8333333333333334,0.0
100,0.3125,0.0,0.0,0.6875
101,0.0,0.5625,0.0,0.4375
102,0.0,0.03896103896103896,0.948051948051948,0.012987012987012988
103,0.30864197530864196,0.51440329218107,0.0,0.17695473251028807
104,0.007782101167315175,0.0,0.07003891050583658,0.9221789883268483
105,0.2,0.8,0.0,0.0
106,0.0,0.0,0.0,1.0
107,0.14285714285714285,0.5714285714285714,0.0,0.2857142857142857
108,0.0,0.08585858585858586,0.8787878787878788,0.03535353535353535
109,0.2,0.6,0.2,0.0
110,0.26666666666666666,0.0,0.03333333333333333,0.7
111,,,,
112,0.0,0.5,0.0,0.5
113,0.16304347826086957,0.0,0.5108695652173914,0.32608695652173914
114,0.5,0.0,0.5,0.0
115,0.0,0.16666666666666666,0.6666666666666666,0.16666666666666666
116,0.4444444444444444,0.4074074074074074,0.0,0.14814814814814814
117,0.16666666666666666,0.0,0.20155038759689922,0.6317829457364341
118,0.07142857142857142,0.0,0.14285714285714285,0.7857142857142857
119,0.17073170731707318,0.0,0.4146341463414634,0.4146341463414634
120,0.08333333333333333,0.0,0.25,0.6666666666666666
121,1.0,0.0,0.0,0.0
122,0.0,0.7073170731707317,0.18292682926829268,0.10975609756097561
123,0.2222222222222222,0.3333333333333333,0.0,0.4444444444444444
124,0.7,0.13333333333333333,0.0,0.16666666666666666
125,0.7837837837837838,0.10810810810810811,0.0,0.10810810810810811
126,0.0,0.34210526315789475,0.6578947368421053,0.0
127,0.0,0.225,0.7125,0.0625
128,0.14285714285714285,0.7142857142857143,0.0,0.14285714285714285
129,0.8333333333333334,0.16666666666666666,0.0,0.0
130,0.2608695652173913,0.6521739130434783,0.0,0.08695652173913043
131,0.0,0.1403118040089087,0.8084632516703786,0.051224944320712694
132,0.125,0.0,0.0625,0.8125
133,0.0,0.9285714285714286,0.07142857142857142,0.0
134,0.2222222222222222,0.5925925925925926,0.0,0.18518518518518517
135,0.0,1.0,0.0,0.0
136,0.0,0.8333333333333334,0.16666666666666666,0.0
137,0.8809523809523809,0.10714285714285714,0.0,0.011904761904761904
138,0.0,0.0,1.0,0.0
139,0.2,0.1,0.0,0.7
140,0.08333333333333333,0.75,0.0,0.16666666666666666
141,0.0,0.6326530612244898,0.2857142857142857,0.08163265306122448
142,0.2,0.4,0.4,0.0
143,0.3076923076923077,0.4358974358974359,0.2564102564102564,0.0
144,0.0,0.0,0.0,1.0
145,0.0,0.9090909090909091,0.0,0.09090909090909091
146,0.7188755020080321,0.20883534136546184,0.0,0.07228915662650602
147,0.2348993288590604,0.2550335570469799,0.0,0.5100671140939598
148,0.0,0.24489795918367346,0.42857142857142855,0.32653061224489793
149,0.0,0.1452991452991453,0.405982905982906,0.44871794871794873
150,0.0,0.18253968253968253,0.6825396825396826,0.1349206349206349
151,0.07692307692307693,0.8076923076923077,0.11538461538461539,0.0
152,0.25,0.0,0.4166666666666667,0.3333333333333333
153,0.0,0.40397350993377484,0.25496688741721857,0.34105960264900664
154,0.0,0.2617801047120419,0.6649214659685864,0.07329842931937172
155,0.03278688524590164,0.7049180327868853,0.26229508196721313,0.0
156,0.20833333333333334,0.0,0.5138888888888888,0.2777777777777778
157,0.0,0.23333333333333334,0.6933333333333334,0.07333333333333333
158,0.31896551724137934,0.5172413793103449,0.16379310344827586,0.0
159,0.0,0.3049645390070922,0.574468085106383,0.12056737588652482
160,0.3951612903225806,0.49193548387096775,0.0,0.11290322580645161
161,0.3516483516483517,0.32967032967032966,0.31868131868131866,0.0
162,0.45454545454545453,0.45454545454545453,0.0,0.09090909090909091
163,0.4230769230769231,0.5,0.0,0.07692307692307693
164,0.0,0.16393442622950818,0.780327868852459,0.05573770491803279
165,0.0,0.34177215189873417,0.4810126582278481,0.17721518987341772
166,0.4681528662420382,0.3471337579617834,0.0,0.18471337579617833
167,0.32575757575757575,0.0,0.24242424242424243,0.4318181818181818
168,0.0,0.12121212121212122,0.6666666666666666,0.21212121212121213
169,0.24285714285714285,0.0,0.3142857142857143,0.44285714285714284
170,0.2641509433962264,0.0,0.41509433962264153,0.32075471698113206
171,0.0,0.1650943396226415,0.49056603773584906,0.3443396226415094
172,0.0,0.48695652173913045,0.3739130434782609,0.1391304347826087
173,0.21176470588235294,0.0,0.28823529411764703,0.5
174,0.11904761904761904,0.5714285714285714,0.30952380952380953,0.0
175,0.0,0.375,0.125,0.5
176,0.09333333333333334,0.0,0.12,0.7866666666666666
177,0.0,0.52,0.36,0.12
178,0.0,0.11538461538461539,0.7948717948717948,0.08974358974358974
179,0.047337278106508875,0.0,0.14792899408284024,0.8047337278106509
180,0.17647058823529413,0.0,0.2647058823529412,0.5588235294117647
181,0.25925925925925924,0.0,0.18518518518518517,0.5555555555555556
182,0.06918238993710692,0.8742138364779874,0.0,0.05660377358490566
183,0.16666666666666666,0.2222222222222222,0.6111111111111112,0.0
184,0.5,0.0,0.25,0.25
185,0.1590909090909091,0.0,0.20454545454545456,0.6363636363636364
186,0.1388888888888889,0.0,0.19444444444444445,0.6666666666666666
187,0.16666666666666666,0.16666666666666666,0.6666666666666666,0.0
188,0.15789473684210525,0.0,0.6842105263157895,0.15789473684210525
189,0.0,0.2727272727272727,0.6565656565656566,0.0707070707070707
190,0.0,0.37254901960784315,0.5163398692810458,0.1111111111111111
191,0.34545454545454546,0.5818181818181818,0.0,0.07272727272727272
192,0.0,0.20754716981132076,0.7547169811320755,0.03773584905660377
193,0.5,0.46153846153846156,0.0,0.038461538461538464
194,0.18181818181818182,0.5818181818181818,0.23636363636363636,0.0
195,0.7,0.0,0.2,0.1
196,0.3076923076923077,0.38461538461538464,0.0,0.3076923076923077
197,0.0,0.425531914893617,0.574468085106383,0.0
198,0.0,0.15673981191222572,0.835423197492163,0.007836990595611285
199,0.07894736842105263,0.7368421052631579,0.18421052631578946,0.0
200,0.5217391304347826,0.0,0.13043478260869565,0.34782608695652173
201,0.0,0.038461538461538464,0.5192307692307693,0.4423076923076923
202,0.2236842105263158,0.0,0.40789473684210525,0.3684210526315789
203,0.10344827586206896,0.0,0.27586206896551724,0.6206896551724138
204,0.0,0.4823529411764706,0.21176470588235294,0.3058823529411765
205,0.2,0.5,0.3,0.0
206,0.39723320158102765,0.11857707509881422,0.0,0.4841897233201581
207,0.44,0.0,0.56,0.0
208,0.05555555555555555,0.0,0.1111111111111111,0.8333333333333334
209,0.0,0.2564102564102564,0.46153846153846156,0.28205128205128205
210,0.6125827814569537,0.3344370860927152,0.0,0.052980132450331126
211,0.20441988950276244,0.3812154696132597,0.4143646408839779,0.0
212,0.0,0.20233463035019456,0.6147859922178989,0.1828793774319066
213,0.35714285714285715,0.2857142857142857,0.0,0.35714285714285715
214,0.0,0.25,0.5,0.25
215,0.6666666666666666,0.0,0.16666666666666666,0.16666666666666666
216,0.0,0.16129032258064516,0.6774193548387096,0.16129032258064516
217,0.5675675675675675,0.0,0.12432432432432433,0.3081081081081081
218,0.3157894736842105,0.5578947368421052,0.0,0.12631578947368421
219,0.25,0.19444444444444445,0.5555555555555556,0.0
220,0.25,0.0,0.03571428571428571,0.7142857142857143
221,0.05172413793103448,0.0,0.43103448275862066,0.5172413793103449
222,0.0,0.3191489361702128,0.3191489361702128,0.3617021276595745
223,0.0,0.24242424242424243,0.6818181818181818,0.07575757575757576
224,0.367816091954023,0.4367816091954023,0.0,0.19540229885057472
225,0.0,0.18421052631578946,0.5,0.3157894736842105
226,0.0,0.19491525423728814,0.635593220338983,0.1694915254237288
227,0.1206896551724138,0.0,0.2413793103448276,0.6379310344827587
228,0.2753623188405797,0.0,0.6811594202898551,0.043478260869565216
229,0.0,0.2,0.5,0.3
230,0.7052023121387283,0.26011560693641617,0.0,0.03468208092485549
231,0.2912621359223301,0.17475728155339806,0.5339805825242718,0.0
232,0.1,0.1,0.8,0.0
233,0.10344827586206896,0.0,0.21839080459770116,0.6781609195402298
234,0.21621621621621623,0.10810810810810811,0.6756756756756757,0.0
235,0.0,0.9429477020602218,0.004754358161648178,0.05229793977812995
236,0.22,0.0,0.12,0.66
237,0.1794871794871795,0.0,0.10256410256410256,0.717948717948718
238,0.07142857142857142,0.2857142857142857,0.6428571428571429,0.0
239,0.34615384615384615,0.4230769230769231,0.0,0.23076923076923078
240,0.0,0.375,0.5208333333333334,0.10416666666666667
241,0.0,0.15859030837004406,0.762114537444934,0.07929515418502203
242,0.5,0.3298611111111111,0.0,0.1701388888888889
243,0.18407960199004975,0.0,0.208955223880597,0.6069651741293532
244,0.0,0.0,1.0,0.0
245,0.5942028985507246,0.36231884057971014,0.0,0.043478260869565216
246,0.0,0.25,0.59375,0.15625
247,0.31758530183727035,0.6404199475065617,0.0,0.04199475065616798
248,0.06611570247933884,0.0,0.4669421487603306,0.4669421487603306
249,0.05660377358490566,0.5471698113207547,0.39622641509433965,0.0
250,0.14705882352941177,0.0,0.058823529411764705,0.7941176470588235
251,0.1232876712328767,0.6575342465753424,0.2191780821917808,0.0
252,0.7,0.2625,0.0,0.0375
253,0.0,0.5769230769230769,0.4230769230769231,0.0
254,0.3673469387755102,0.30612244897959184,0.0,0.32653061224489793
255,0.0,0.046511627906976744,0.8604651162790697,0.09302325581395349
256,0.20833333333333334,0.0,0.5833333333333334,0.20833333333333334
257,0.09523809523809523,0.0,0.5,0.40476190476190477
258,0.4,0.2,0.0,0.4
259,0.23076923076923078,0.0,0.19230769230769232,0.5769230769230769
260,0.15384615384615385,0.0,0.23076923076923078,0.6153846153846154
261,0.6363636363636364,0.0,0.0,0.36363636363636365
262,0.45454545454545453,0.0,0.5454545454545454,0.0
263,0.6428571428571429,0.16666666666666666,0.0,0.19047619047619047
264,0.25,0.0,0.0,0.75
265,0.0,0.42857142857142855,0.42857142857142855,0.14285714285714285
266,0.47368421052631576,0.0,0.10526315789473684,0.42105263157894735
267,0.0,0.027777777777777776,0.5,0.4722222222222222
268,0.14285714285714285,0.0,0.35714285714285715,0.5
269,0.25,0.625,0.0,0.125
270,0.2857142857142857,0.0,0.0,0.7142857142857143
271,0.04081632653061224,0.0,0.8775510204081632,0.08163265306122448
272,0.06269592476489028,0.0,0.04075235109717868,0.896551724137931
273,0.6726190476190477,0.2916666666666667,0.0,0.03571428571428571
274,0.21739130434782608,0.6086956521739131,0.17391304347826086,0.0
275,0.29055690072639223,0.4213075060532688,0.0,0.288135593220339
276,0.0,0.16666666666666666,0.8333333333333334,0.0
277,0.0,0.0,0.3333333333333333,0.6666666666666666
278,0.0196078431372549,0.9019607843137255,0.0784313725490196,0.0
279,0.125,0.375,0.5,0.0
280,0.0,0.04918032786885246,0.01639344262295082,0.9344262295081968
281,0.0,0.0,0.0196078431372549,0.9803921568627451
282,0.06666666666666667,0.13333333333333333,0.8,0.0
283,0.2,0.0,0.0,0.8
284,0.0967741935483871,0.6129032258064516,0.2903225806451613,0.0
285,0.8,0.1,0.0,0.1
286,0.0,0.0,0.08955223880597014,0.9104477611940298
287,0.5625,0.375,0.0,0.0625
288,0.0,0.7419354838709677,0.25806451612903225,0.0
289,0.625,0.375,0.0,0.0
290,0.0,0.2,0.2,0.6
291,0.03125,0.484375,0.484375,0.0
292,0.0,0.5,0.0,0.5
293,0.0,0.0,1.0,0.0
294,0.0,0.0,1.0,0.0
295,1.0,0.0,0.0,0.0
296,0.0,0.0,0.5,0.5
297,0.0,0.0,1.0,0.0
298,,,,
299,,,,
300,0.0,0.0,1.0,0.0
301,,,,
302,,,,
303,,,,
304,,,,
305,,,,
306,,,,
307,,,,
308,,,,
309,,,,
310,,,,
311,,,,
312,,,,
