,A,C,G,T
0,,,,
1,,,,
2,,,,
3,0.0,0.0,0.0,1.0
4,1.0,0.0,0.0,0.0
5,,,,
6,,,,
7,,,,
8,1.0,0.0,0.0,0.0
9,0.0,0.0,0.0,1.0
10,,,,
11,,,,
12,0.0,0.0,0.0,1.0
13,,,,
14,0.0,0.0,0.0,1.0
15,0.6666666666666666,0.3333333333333333,0.0,0.0
16,,,,
17,0.0,1.0,0.0,0.0
18,,,,
19,0.0,0.0,0.0,1.0
20,0.0,0.0,1.0,0.0
21,,,,
22,0.0,0.0,0.0,1.0
23,1.0,0.0,0.0,0.0
24,0.15384615384615385,0.0,0.8461538461538461,0.0
25,,,,
26,,,,
27,0.5,0.0,0.0,0.5
28,0.5,0.0,0.0,0.5
29,0.5,0.0,0.0,0.5
30,,,,
31,,,,
32,1.0,0.0,0.0,0.0
33,1.0,0.0,0.0,0.0
34,,,,
35,0.0,0.6,0.1,0.3
36,0.0,0.0,1.0,0.0
37,0.0,1.0,0.0,0.0
38,1.0,0.0,0.0,0.0
39,,,,
40,,,,
41,0.0,0.0,1.0,0.0
42,,,,
43,,,,
44,0.0,0.0,1.0,0.0
45,,,,
46,,,,
47,,,,
48,0.0,0.0,1.0,0.0
49,,,,
50,0.0,0.0,0.0,1.0
51,1.0,0.0,0.0,0.0
52,,,,
53,0.0,1.0,0.0,0.0
54,0.0,1.0,0.0,0.0
55,,,,
56,0.0,1.0,0.0,0.0
57,0.0,0.0,1.0,0.0
58,,,,
59,0.0,0.0,1.0,0.0
60,,,,
61,,,,
62,0.0,0.0,0.0,1.0
63,,,,
64,,,,
65,,,,
66,0.0,1.0,0.0,0.0
67,0.14285714285714285,0.0,0.0,0.8571428571428571
68,0.0,0.6666666666666666,0.3333333333333333,0.0
69,,,,
70,0.0,0.0,1.0,0.0
71,,,,
72,0.0,1.0,0.0,0.0
73,0.6666666666666666,0.0,0.0,0.3333333333333333
74,0.0,1.0,0.0,0.0
75,,,,
76,,,,
77,0.0,0.0,0.5,0.5
78,0.0,1.0,0.0,0.0
79,,,,
80,0.0,0.0,0.0,1.0
81,0.0,0.5,0.25,0.25
82,0.5,0.0,0.0,0.5
83,0.14285714285714285,0.0,0.2857142857142857,0.5714285714285714
84,0.0,0.6666666666666666,0.3333333333333333,0.0
85,,,,
86,0.0,0.0,0.16666666666666666,0.8333333333333334
87,,,,
88,0.0,0.0,0.0,1.0
89,0.0,1.0,0.0,0.0
90,0.0,0.0,1.0,0.0
91,1.0,0.0,0.0,0.0
92,0.0,0.0,0.5,0.5
93,0.3333333333333333,0.6666666666666666,0.0,0.0
94,0.16666666666666666,0.0,0.3333333333333333,0.5
95,0.1111111111111111,0.0,0.2222222222222222,0.6666666666666666
96,1.0,0.0,0.0,0.0
97,1.0,0.0,0.0,0.0
98,0.5,0.5,0.0,0.0
99,0.0,0.5,0.5,0.0
100,,,,
101,,,,
102,0.9,0.0,0.1,0.0
103,0.0,0.25,0.75,0.0
104,0.3333333333333333,0.0,0.0,0.6666666666666666
105,,,,
106,,,,
107,,,,
108,0.75,0.25,0.0,0.0
109,0.0,1.0,0.0,0.0
110,0.0,0.0,0.0,1.0
111,0.0,1.0,0.0,0.0
112,,,,
113,1.0,0.0,0.0,0.0
114,,,,
115,,,,
116,,,,
117,0.0,1.0,0.0,0.0
118,0.0,0.0,0.0,1.0
119,,,,
120,,,,
121,,,,
122,0.8333333333333334,0.0,0.0,0.16666666666666666
123,0.0,0.0,0.0,1.0
124,0.0,0.0,1.0,0.0
125,,,,
126,0.0,0.0,1.0,0.0
127,0.0,0.0,1.0,0.0
128,,,,
129,1.0,0.0,0.0,0.0
130,,,,
131,0.6666666666666666,0.3333333333333333,0.0,0.0
132,0.0,0.0,1.0,0.0
133,,,,
134,0.0,0.0,0.0,1.0
135,0.0,1.0,0.0,0.0
136,0.0,0.0,1.0,0.0
137,1.0,0.0,0.0,0.0
138,,,,
139,1.0,0.0,0.0,0.0
140,0.0,1.0,0.0,0.0
141,0.3333333333333333,0.6666666666666666,0.0,0.0
142,,,,
143,0.0,0.5,0.0,0.5
144,0.0,0.0,0.0,1.0
145,0.0,0.0,1.0,0.0
146,0.2,0.0,0.2,0.6
147,0.875,0.125,0.0,0.0
148,0.0,0.0,0.0,1.0
149,0.2,0.0,0.0,0.8
150,,,,
151,,,,
152,0.0,0.0,0.0,1.0
153,0.0,0.3333333333333333,0.5,0.16666666666666666
154,0.0,0.0,1.0,0.0
155,0.0,0.5,0.0,0.5
156,0.3333333333333333,0.3333333333333333,0.3333333333333333,0.0
157,0.5,0.5,0.0,0.0
158,0.25,0.625,0.125,0.0
159,0.0,1.0,0.0,0.0
160,0.0,0.0,0.0,1.0
161,0.0,0.0,0.1111111111111111,0.8888888888888888
162,0.0,0.0,0.0,1.0
163,0.0,1.0,0.0,0.0
164,0.0,0.0,0.5,0.5
165,0.0,0.0,0.75,0.25
166,1.0,0.0,0.0,0.0
167,0.0,1.0,0.0,0.0
168,,,,
169,0.0,0.5,0.0,0.5
170,0.0,0.25,0.0,0.75
171,0.0,0.6666666666666666,0.3333333333333333,0.0
172,0.0,0.3333333333333333,0.6666666666666666,0.0
173,0.0,0.3333333333333333,0.6666666666666666,0.0
174,0.0,0.3333333333333333,0.6666666666666666,0.0
175,0.0,1.0,0.0,0.0
176,0.16666666666666666,0.0,0.0,0.8333333333333334
177,,,,
178,,,,
179,0.0,1.0,0.0,0.0
180,0.0,1.0,0.0,0.0
181,0.0,1.0,0.0,0.0
182,0.0,0.0,0.8571428571428571,0.14285714285714285
183,,,,
184,,,,
185,0.0,0.0,1.0,0.0
186,0.0,0.0,1.0,0.0
187,,,,
188,0.0,0.6666666666666666,0.3333333333333333,0.0
189,,,,
190,,,,
191,,,,
192,0.0,0.0,0.0,1.0
193,0.0,0.0,1.0,0.0
194,,,,
195,,,,
196,1.0,0.0,0.0,0.0
197,,,,
198,,,,
199,,,,
200,0.0,0.0,1.0,0.0
201,,,,
202,,,,
203,0.0,1.0,0.0,0.0
204,,,,
205,0.0,0.0,1.0,0.0
206,,,,
207,0.0,0.0,1.0,0.0
208,,,,
209,,,,
210,,,,
211,,,,
212,,,,
213,,,,
214,,,,
215,,,,
216,1.0,0.0,0.0,0.0
217,,,,
218,,,,
219,0.0,0.0,1.0,0.0
220,0.0,0.0,1.0,0.0
221,0.2,0.8,0.0,0.0
222,0.0,0.0,0.0,1.0
223,0.0,0.0,1.0,0.0
224,0.0,0.0,1.0,0.0
225,0.0,0.5,0.5,0.0
226,0.0,0.0,1.0,0.0
227,1.0,0.0,0.0,0.0
228,,,,
229,0.0,0.0,1.0,0.0
230,0.0,0.0,0.3333333333333333,0.6666666666666666
231,1.0,0.0,0.0,0.0
232,0.0,0.0,0.0,1.0
233,0.5,0.0,0.3,0.2
234,0.0,0.0,0.8333333333333334,0.16666666666666666
235,,,,
236,0.1,0.0,0.8,0.1
237,,,,
238,0.0,0.25,0.5,0.25
239,,,,
240,0.0,0.0,0.0,1.0
241,,,,
242,0.2,0.6,0.0,0.2
243,0.0,0.0,1.0,0.0
244,,,,
245,0.0,1.0,0.0,0.0
246,0.7857142857142857,0.07142857142857142,0.0,0.14285714285714285
247,0.0,0.0,1.0,0.0
248,0.0,1.0,0.0,0.0
249,0.0,0.0,1.0,0.0
250,0.0,0.0,1.0,0.0
251,0.5,0.0,0.0,0.5
252,0.0,1.0,0.0,0.0
253,0.6666666666666666,0.3333333333333333,0.0,0.0
254,,,,
255,,,,
256,,,,
257,,,,
258,0.0,1.0,0.0,0.0
259,,,,
260,0.0,1.0,0.0,0.0
261,0.6,0.4,0.0,0.0
262,0.0,0.0,0.3333333333333333,0.6666666666666666
263,0.0,1.0,0.0,0.0
264,,,,
265,0.0,1.0,0.0,0.0
266,0.0,1.0,0.0,0.0
267,,,,
268,,,,
269,,,,
270,,,,
271,0.0,1.0,0.0,0.0
272,1.0,0.0,0.0,0.0
273,0.0,0.0,1.0,0.0
274,0.0,0.0,1.0,0.0
275,0.0,0.0,0.25,0.75
276,1.0,0.0,0.0,0.0
277,,,,
278,0.25,0.625,0.0,0.125
279,,,,
280,,,,
281,0.0,0.6666666666666666,0.3333333333333333,0.0
282,0.0,0.3333333333333333,0.6666666666666666,0.0
283,0.0,0.0,0.0,1.0
284,0.0,0.0,0.0,1.0
285,,,,
286,,,,
287,,,,
288,,,,
289,0.0,1.0,0.0,0.0
290,,,,
291,,,,
292,,,,
293,0.0,0.0,0.5,0.5
294,,,,
295,,,,
296,,,,
297,,,,
298,,,,
299,,,,
300,,,,
301,,,,
302,,,,
303,,,,
304,,,,
305,,,,
306,,,,
307,,,,
308,,,,
309,,,,
310,,,,
311,,,,
312,,,,
313,,,,
314,,,,
315,,,,
