,A,C,G,T
0,,,,
1,,,,
2,0.5579758713136729,0.36662198391420914,0.0,0.07540214477211796
3,0.6914805624483044,0.1968569065343259,0.0,0.11166253101736973
4,0.4460532461466604,0.3582438113031294,0.19570294255021017,0.0
5,0.5567855678556786,0.14227142271422713,0.0,0.3009430094300943
6,0.45855072463768115,0.0,0.31420289855072464,0.2272463768115942
7,0.0,0.10136086344439231,0.6156733927733459,0.28296574378226186
8,0.6907725933669105,0.24299154233583578,0.0,0.06623586429725363
9,0.05949768349183126,0.0,0.22982199463545477,0.710680321872714
10,0.3346774193548387,0.375,0.2903225806451613,0.0
11,0.5520054384772264,0.2229775662814412,0.0,0.22501699524133242
12,0.32260659694288013,0.2759452936444087,0.0,0.4014481094127112
13,0.4896694214876033,0.4511019283746556,0.05922865013774105,0.0
14,0.43982683982683984,0.15844155844155844,0.0,0.4017316017316017
15,0.053727333781061114,0.7689724647414372,0.0,0.17730020147750167
16,0.0,0.6042496679946879,0.22841965471447542,0.16733067729083664
17,0.6869766098758302,0.22697083453652903,0.0,0.08605255558764077
18,0.2956730769230769,0.2283653846153846,0.47596153846153844,0.0
19,0.38205980066445183,0.0,0.13953488372093023,0.47840531561461797
20,0.094180225281602,0.19586983729662077,0.7099499374217773,0.0
21,0.1619047619047619,0.23809523809523808,0.0,0.6
22,0.11965811965811966,0.09116809116809117,0.0,0.7891737891737892
23,0.4149377593360996,0.12033195020746888,0.0,0.46473029045643155
24,0.23783783783783785,0.0918918918918919,0.0,0.6702702702702703
25,0.16023738872403562,0.1543026706231454,0.0,0.685459940652819
26,0.0,0.38684884713919726,0.49786507258753204,0.11528608027327071
27,0.6840596330275229,0.19323394495412843,0.0,0.12270642201834862
28,0.6427154843630816,0.28954996186117465,0.0,0.06773455377574371
29,0.21154913936701833,0.0,0.4697390338700722,0.3187118267629095
30,0.05273361768127181,0.7568825126017836,0.19038386971694454,0.0
31,0.04288939051918736,0.5011286681715575,0.45598194130925507,0.0
32,0.4748110831234257,0.3394206549118388,0.0,0.1857682619647355
33,0.35860655737704916,0.18032786885245902,0.0,0.4610655737704918
34,0.05657492354740061,0.7553516819571865,0.18807339449541285,0.0
35,0.4222222222222222,0.0,0.2956521739130435,0.2821256038647343
36,0.5219072164948454,0.0,0.28350515463917525,0.19458762886597938
37,0.0,0.30962343096234307,0.6101813110181311,0.0801952580195258
38,0.4088628762541806,0.391304347826087,0.0,0.19983277591973245
39,0.2578125,0.0,0.15625,0.5859375
40,0.27413793103448275,0.0,0.4379310344827586,0.28793103448275864
41,0.012522361359570662,0.03803375593062145,0.9494438827098078,0.0
42,0.246875,0.159375,0.0,0.59375
43,0.3314917127071823,0.1850828729281768,0.0,0.48342541436464087
44,0.4693181818181818,0.14545454545454545,0.0,0.38522727272727275
45,0.5348837209302325,0.1569767441860465,0.0,0.3081395348837209
46,0.8368623676612127,0.061597690086621755,0.0,0.10153994225216555
47,0.5445887445887446,0.15064935064935064,0.0,0.3047619047619048
48,0.19950738916256158,0.24014778325123154,0.5603448275862069,0.0
49,0.4559139784946237,0.0,0.3096774193548387,0.23440860215053763
50,0.3424036281179138,0.0,0.21919879062736206,0.4383975812547241
51,0.15481986368062317,0.0,0.4011684518013632,0.44401168451801365
52,0.20163934426229507,0.21311475409836064,0.5852459016393443,0.0
53,0.5336806847785635,0.3524376628209899,0.0,0.11388165240044659
54,0.0,0.6967213114754098,0.23397913561847988,0.06929955290611028
55,0.38742393509127787,0.495605138607167,0.0,0.1169709263015551
56,0.0,0.4487259167184587,0.38160348042262277,0.16967060285891858
57,0.3324022346368715,0.0,0.5381750465549349,0.12942271880819367
58,0.047619047619047616,0.48179271708683474,0.47058823529411764,0.0
59,0.17427122940430925,0.0,0.4423320659062104,0.38339670468948034
60,0.23030667468430546,0.39266386049308477,0.37702946482260974,0.0
61,0.48073022312373226,0.0,0.2657200811359026,0.2535496957403651
62,0.3048421052631579,0.0,0.18947368421052632,0.5056842105263157
63,0.05185185185185185,0.2,0.7481481481481481,0.0
64,0.08045977011494253,0.1839080459770115,0.0,0.735632183908046
65,0.024374599101988453,0.7896087235407312,0.1860166773572803,0.0
66,0.6760752688172043,0.053763440860215055,0.0,0.2701612903225806
67,0.2917862662839479,0.0,0.10344446897769927,0.6047692647383528
68,0.0,0.23700623700623702,0.5047817047817048,0.2582120582120582
69,0.743614931237721,0.11640471512770137,0.0,0.13998035363457761
70,0.07574171029668413,0.0,0.43089005235602096,0.49336823734729496
71,0.19939577039274925,0.0,0.4350453172205438,0.36555891238670696
72,0.23694466095089634,0.436477007014809,0.32657833203429465,0.0
73,0.4057971014492754,0.0,0.19806763285024154,0.3961352657004831
74,0.19209250279746362,0.5069004102946661,0.3010070869078702,0.0
75,0.650398406374502,0.22310756972111553,0.0,0.12649402390438247
76,0.7027027027027027,0.19677572309151256,0.0,0.10052157420578474
77,0.0,0.45737704918032784,0.35710382513661204,0.18551912568306012
78,0.23504761904761906,0.6026666666666667,0.16228571428571428,0.0
79,0.17304015296367112,0.5688336520076482,0.25812619502868067,0.0
80,0.19487179487179487,0.0,0.13006993006993006,0.6750582750582751
81,0.0,0.46460007654037505,0.3287409108304631,0.2066590126291619
82,0.1867504835589942,0.0,0.5176015473887814,0.29564796905222435
83,0.1899518874907476,0.0,0.2756291635825315,0.5344189489267209
84,0.28136419001218027,0.53836784409257,0.18026796589524968,0.0
85,0.22842197035745423,0.47863993025283347,0.29293809938971227,0.0
86,0.08679358417028932,0.7412681756858043,0.17193824014390646,0.0
87,0.0,0.2979044742306966,0.6024164621483858,0.0996790636209175
88,0.5650830436461954,0.3634607956740054,0.0,0.07145616067979915
89,0.3039363598957619,0.4223014675627486,0.2737621725414895,0.0
90,0.0,0.20287994130055947,0.6369806475282033,0.16013941117123728
91,0.6103932811112008,0.3229023661471372,0.0,0.06670435274166196
92,0.1541323711805164,0.0,0.14528131694666818,0.7005863118728154
93,0.2118936777293888,0.5972368223456975,0.19086949992491364,0.0
94,0.0,0.40708779196870326,0.08848233805085721,0.5044298699804395
95,0.06387714222123303,0.8237257956821723,0.1123970620965947,0.0
96,0.23771001866832608,0.23086496577473553,0.5314250155569384,0.0
97,0.49612403100775193,0.2534546680148298,0.0,0.25042130097741827
98,0.11611785095320624,0.6509532062391681,0.0,0.23292894280762566
99,0.0,0.46360153256704983,0.26676245210727967,0.2696360153256705
100,0.06868686868686869,0.2909090909090909,0.6404040404040404,0.0
101,0.2940516273849607,0.2558922558922559,0.0,0.4500561167227834
102,0.0,0.19150908416759363,0.6670374490174268,0.1414534668149796
103,0.30273550375650166,0.6435657869389327,0.0,0.05369870930456559
104,0.03629362608553171,0.0,0.12928068163198428,0.834425692282484
105,0.054474708171206226,0.20622568093385213,0.7392996108949417,0.0
106,0.08823529411764706,0.125,0.0,0.7867647058823529
107,0.0891089108910891,0.2079207920792079,0.0,0.7029702970297029
108,0.42351640250645045,0.2819756726870623,0.0,0.2945079248064873
109,0.0692588092345079,0.6962332928311057,0.2345078979343864,0.0
110,0.21455457967377667,0.0,0.2120451693851945,0.5734002509410289
111,0.35236220472440943,0.0,0.4074803149606299,0.24015748031496062
112,0.48484848484848486,0.12987012987012986,0.0,0.3852813852813853
113,0.19320214669051877,0.0,0.2760882528324389,0.5307096004770423
114,0.573394495412844,0.0,0.16972477064220184,0.25688073394495414
115,0.0,0.19325657894736842,0.4449013157894737,0.3618421052631579
116,0.6656891495601173,0.17595307917888564,0.0,0.15835777126099707
117,0.599134433324317,0.18961319989180417,0.0,0.21125236678387882
118,0.05980969642048029,0.0,0.26461259628454914,0.6755777072949706
119,0.09291835814163284,0.6350924672981506,0.2719891745602165,0.0
120,0.24746450304259635,0.0,0.4482758620689655,0.30425963488843816
121,0.6610526315789473,0.0,0.14526315789473684,0.1936842105263158
122,0.0,0.21806569343065693,0.5697992700729927,0.21213503649635038
123,0.40302267002518893,0.2947103274559194,0.0,0.3022670025188917
124,0.645045045045045,0.12072072072072072,0.0,0.23423423423423423
125,0.7235800344234079,0.13562822719449225,0.0,0.14079173838209982
126,0.0,0.43496357960457854,0.5254942767950052,0.03954214360041623
127,0.0,0.16138059701492538,0.7313432835820896,0.10727611940298508
128,0.32362459546925565,0.2928802588996764,0.0,0.38349514563106796
129,0.4014510278113664,0.22853688029020555,0.0,0.37001209189842804
130,0.3278301886792453,0.2617924528301887,0.0,0.41037735849056606
131,0.6430406852248394,0.1860813704496788,0.0,0.1708779443254818
132,0.28516928946113496,0.0,0.43490701001430615,0.2799237005245589
133,0.05231829573934837,0.5288220551378446,0.41885964912280704,0.0
134,0.48323353293413174,0.118562874251497,0.0,0.39820359281437123
135,0.20558739255014327,0.5694842406876791,0.0,0.22492836676217765
136,0.0,0.10683906090506975,0.8080979925144607,0.08506294658046955
137,0.7206959706959707,0.08333333333333333,0.0,0.19597069597069597
138,0.10237203495630462,0.13566375364128172,0.7619642114024137,0.0
139,0.17970521541950113,0.16156462585034015,0.0,0.6587301587301587
140,0.15938018815716656,0.47537354731599335,0.0,0.36524626452684006
141,0.17407256420709336,0.518956379942927,0.0,0.30697105584997963
142,0.11327831957989497,0.10127531882970743,0.7854463615903976,0.0
143,0.37405106970324364,0.12974465148378192,0.0,0.49620427881297446
144,0.532972972972973,0.06702702702702702,0.0,0.4
145,0.33575129533678755,0.0,0.5699481865284974,0.09430051813471503
146,0.7826844857640907,0.0,0.12463683904706566,0.09267867518884369
147,0.0,0.3718085106382979,0.4127659574468085,0.2154255319148936
148,0.0,0.31502659574468084,0.5151595744680851,0.16981382978723406
149,0.1516121384542437,0.0,0.1691559981033665,0.6792318634423897
150,0.0,0.14170448814926878,0.621280887544125,0.23701462430660616
151,0.21345291479820627,0.33228699551569507,0.45426008968609866,0.0
152,0.0,0.31744881319079543,0.34752672585613337,0.3350244609530712
153,0.0,0.2818321279859741,0.6283147052377822,0.08985316677624369
154,0.0,0.10999099909990999,0.7675967596759676,0.1224122412241224
155,0.2714177407126611,0.5654175240983429,0.0,0.163164735188996
156,0.22957983193277312,0.0,0.6699831932773109,0.10043697478991596
157,0.0,0.5339896858884201,0.3656821378340366,0.10032817627754337
158,0.0,0.321084864391951,0.4205724284464442,0.2583427071616048
159,0.3967629046369204,0.3447069116360455,0.0,0.2585301837270341
160,0.0,0.23638613861386137,0.5499174917491749,0.2136963696369637
161,0.17058222676200205,0.5030643513789581,0.3263534218590398,0.0
162,0.3136676499508358,0.17797443461160276,0.0,0.5083579154375615
163,0.5671916010498688,0.3230971128608924,0.0,0.10971128608923884
164,0.0,0.388427846934071,0.5272014753342554,0.08437067773167359
165,0.0,0.26325193567599764,0.6601151479054993,0.07663291641850307
166,0.35666892349356805,0.5061611374407583,0.0,0.13716993906567365
167,0.261116367076632,0.3468937243771681,0.3919899085461999,0.0
168,0.4075772200772201,0.47924710424710426,0.0,0.11317567567567567
169,0.0,0.35520735155513666,0.30089538171536284,0.3438972667295005
170,0.35223848471803704,0.5337925096857512,0.0,0.1139690055962118
171,0.0,0.3869278838034116,0.5514271237966559,0.061644992399932444
172,0.0,0.4572437568317498,0.29311359623307826,0.24964264693517196
173,0.0,0.13306360979995505,0.6891436277815239,0.17779276241852102
174,0.4710864485981308,0.33812792056074764,0.1907856308411215,0.0
175,0.0,0.27835051546391754,0.18198739977090492,0.5396620847651775
176,0.09266770670826834,0.0,0.2065522620904836,0.7007800312012481
177,0.16586643387167177,0.5076385857704059,0.3264949803579223,0.0
178,0.0,0.3452813067150635,0.1955535390199637,0.4591651542649728
179,0.06808073896681492,0.6182004789599727,0.31371878207321247,0.0
180,0.31431535269709543,0.4068118948824343,0.0,0.27887275242047027
181,0.08899620558813384,0.6241807519834426,0.2868230424284236,0.0
182,0.5232597623089983,0.21901528013582344,0.0,0.25772495755517827
183,0.46419951729686243,0.3016894609814964,0.0,0.2341110217216412
184,0.0,0.3575329264375201,0.5949245101188564,0.047542563443623516
185,0.16176014874496436,0.0,0.5140997830802603,0.3241400681747753
186,0.11417096959265634,0.20137693631669534,0.6844520940906483,0.0
187,0.39420935412026725,0.0,0.18040089086859687,0.42538975501113585
188,0.13270722743977134,0.5377705185790118,0.3295222539812168,0.0
189,0.3292778649921507,0.45918367346938777,0.0,0.21153846153846154
190,0.10756302521008404,0.4,0.492436974789916,0.0
191,0.48183442525312686,0.25431804645622397,0.0,0.26384752829064917
192,0.0,0.21181512090603,0.7542087542087542,0.03397612488521579
193,0.0,0.08161141667905455,0.8510480154600862,0.06734056786085922
194,0.24429657794676807,0.4439163498098859,0.0,0.311787072243346
195,0.2774327122153209,0.18633540372670807,0.0,0.5362318840579711
196,0.5495412844036697,0.1779816513761468,0.0,0.2724770642201835
197,0.31109107303877365,0.0,0.36609558160504957,0.32281334535617673
198,0.608534322820037,0.0,0.2189239332096475,0.1725417439703154
199,0.4117647058823529,0.13092979127134724,0.0,0.4573055028462998
200,0.0,0.4173387096774194,0.48513104838709675,0.09753024193548387
201,0.21566025215660253,0.3543463835434638,0.4299933642999336,0.0
202,0.21359223300970873,0.19579288025889968,0.5906148867313916,0.0
203,0.32134996331621424,0.0,0.0946441672780631,0.5840058694057226
204,0.0,0.08312958435207823,0.4669926650366748,0.44987775061124696
205,0.13175450300200134,0.0,0.33955970647098066,0.528685790527018
206,0.32985553772070625,0.0,0.1797752808988764,0.49036918138041735
207,0.0,0.09713541666666667,0.81796875,0.08489583333333334
208,0.14334763948497853,0.31931330472103003,0.5373390557939914,0.0
209,0.14032214032214033,0.0,0.2244062244062244,0.6352716352716353
210,0.26578073089701,0.12026578073089701,0.6139534883720931,0.0
211,0.3918781725888325,0.0,0.11269035532994924,0.4954314720812183
212,0.30911786508524836,0.0,0.17865085248332097,0.5122312824314307
213,0.0,0.5344827586206896,0.40365111561866124,0.061866125760649086
214,0.5191146881287726,0.24849094567404426,0.0,0.2323943661971831
215,0.0,0.14456521739130435,0.7858695652173913,0.06956521739130435
216,0.581081081081081,0.16891891891891891,0.0,0.25
217,0.0,0.46275395033860045,0.3837471783295711,0.15349887133182843
218,0.41530054644808745,0.0,0.3105646630236794,0.27413479052823314
219,0.0,0.08173076923076923,0.8228021978021978,0.09546703296703296
220,0.0,0.3047619047619048,0.5792207792207792,0.11601731601731602
221,0.10652414301511243,0.0,0.0807224474751198,0.8127534095097678
222,0.5885333333333334,0.11706666666666667,0.0,0.2944
223,0.26901910003237295,0.0,0.3887989640660408,0.3421819359015863
224,0.31337047353760444,0.0,0.34958217270194986,0.3370473537604457
225,0.0,0.35207496653279785,0.6173264486517499,0.030598584815452284
226,0.0,0.06627101879327399,0.8021760633036598,0.13155291790306628
227,0.5009565455042362,0.37031975949713036,0.0,0.1287236949986335
228,0.0,0.21812596006144394,0.7035330261136713,0.07834101382488479
229,0.0,0.2247997790665562,0.7219000276166805,0.05330019331676333
230,0.06099121385310927,0.0,0.25735733174102193,0.6816514544058688
231,0.5495750708215298,0.052610279239174426,0.39781464993929583,0.0
232,0.1537117903930131,0.0,0.0703056768558952,0.7759825327510917
233,0.0,0.3004188144329897,0.36146907216494845,0.3381121134020619
234,0.1101390551616171,0.0,0.5715075052951469,0.318353439543236
235,0.25572519083969464,0.2837150127226463,0.46055979643765904,0.0
236,0.4980294272201787,0.2899369416710457,0.0,0.21203363110877563
237,0.18268575323790048,0.40320381731424676,0.41411042944785276,0.0
238,0.0,0.21168881939014855,0.04779124315871775,0.7405199374511336
239,0.05467091295116773,0.6045647558386412,0.34076433121019106,0.0
240,0.07407407407407407,0.0,0.08813192754798595,0.83779399837794
241,0.18137254901960784,0.12009803921568628,0.6985294117647058,0.0
242,0.5457771469127041,0.29559971611071684,0.0,0.15862313697657912
243,0.13882431086017935,0.0,0.7808037196944537,0.08037196944536698
244,0.0,0.11471610660486674,0.41367323290845887,0.4716106604866744
245,0.0,0.26852574102964116,0.6649765990639626,0.06649765990639625
246,0.0,0.31224260576563084,0.270685136652939,0.4170722575814302
247,0.10973451327433628,0.22831858407079647,0.6619469026548672,0.0
248,0.31230529595015577,0.43146417445482865,0.0,0.2562305295950156
249,0.0,0.14621942179392142,0.8052260934025204,0.048554484803558194
250,0.0,0.2598365329785212,0.6730659570423874,0.06709750997909143
251,0.08235614944095991,0.0,0.18734660485410418,0.7302972457049359
252,0.0,0.12649640861931366,0.7629688747007183,0.11053471667996807
253,0.6822408709457927,0.25085053300068044,0.0,0.06690859605352688
254,0.11145351823317926,0.0,0.11145351823317926,0.7770929635336415
255,0.16566063044936286,0.0,0.34004024144869216,0.494299128101945
256,0.08466453674121406,0.305111821086262,0.610223642172524,0.0
257,0.2952029520295203,0.4883148831488315,0.0,0.21648216482164823
258,0.0,0.4654696132596685,0.506560773480663,0.02796961325966851
259,0.31100266193433895,0.6242236024844721,0.0,0.064773735581189
260,0.0,0.34479830148619955,0.5452229299363057,0.1099787685774947
261,0.34643510054844606,0.5073126142595978,0.0,0.14625228519195613
262,0.1202255019953126,0.0,0.15538100969151833,0.7243934883131691
263,0.31680773881499397,0.0,0.28657799274486095,0.3966142684401451
264,0.34558823529411764,0.16544117647058823,0.0,0.4889705882352941
265,0.0,0.2857142857142857,0.6591836734693878,0.05510204081632653
266,0.41593886462882096,0.5210698689956332,0.0,0.06299126637554585
267,0.3813559322033898,0.16101694915254236,0.0,0.4576271186440678
268,0.0,0.3028571428571429,0.5257142857142857,0.17142857142857143
269,0.20153340635268346,0.0,0.11336254107338445,0.6851040525739321
270,0.0,0.03159742539496782,0.3540081919251024,0.6143943826799297
271,0.25,0.0,0.23577235772357724,0.5142276422764228
272,0.4441366574330563,0.3231763619575254,0.0,0.23268698060941828
273,0.2094240837696335,0.02443280977312391,0.0,0.7661431064572426
274,0.06547884187082405,0.0,0.910022271714922,0.024498886414253896
275,0.6334470989761092,0.008191126279863481,0.3583617747440273,0.0
276,0.5768387482559298,0.33775164440900934,0.0,0.0854096073350608
277,0.12797074954296161,0.6727605118829981,0.19926873857404023,0.0
278,0.3512329931972789,0.3816751700680272,0.0,0.2670918367346939
279,0.11475409836065574,0.13114754098360656,0.7540983606557377,0.0
280,0.0,0.07302231237322515,0.06896551724137931,0.8580121703853956
281,0.008843537414965987,0.9285714285714286,0.06258503401360545,0.0
282,0.058624577226606536,0.7531003382187148,0.1882750845546787,0.0
283,0.0,0.04966238292311043,0.040731866695708996,0.9096057503811805
284,0.009758538721381209,0.0,0.017390216439384463,0.9728512448392344
285,0.15986769570011025,0.21389195148842338,0.6262403528114664,0.0
286,0.33766233766233766,0.14935064935064934,0.0,0.512987012987013
287,0.0005390835579514825,0.6215633423180593,0.3778975741239892,0.0
288,0.6926793013749536,0.03455964325529543,0.0,0.27276105536975104
289,0.06986477784932389,0.0,0.12733419188667097,0.8028010302640052
290,0.39617486338797814,0.366120218579235,0.0,0.23770491803278687
291,0.0,0.4839319470699433,0.5099243856332704,0.006143667296786389
292,0.4828101644245142,0.3776781265570503,0.0,0.1395117090184355
293,0.0,0.1724558196221816,0.6825106642291285,0.1450335161486898
294,0.5422885572139303,0.23880597014925373,0.0,0.21890547263681592
295,0.0,0.16158536585365854,0.614329268292683,0.22408536585365854
296,0.16511627906976745,0.6558139534883721,0.17906976744186046,0.0
297,0.19247467438494936,0.0,0.4356005788712012,0.3719247467438495
298,0.18849840255591055,0.5910543130990416,0.22044728434504793,0.0
299,0.06486486486486487,0.0,0.2594594594594595,0.6756756756756757
300,0.18055555555555555,0.6944444444444444,0.125,0.0
301,0.22448979591836735,0.0,0.673469387755102,0.10204081632653061
302,0.48484848484848486,0.3181818181818182,0.0,0.19696969696969696
303,0.0,0.0,0.375,0.625
304,0.0,0.75,0.25,0.0
305,0.0,0.0,0.5,0.5
306,0.0,0.0,0.16666666666666666,0.8333333333333334
307,0.5294117647058824,0.23529411764705882,0.0,0.23529411764705882
308,0.0,0.0,1.0,0.0
309,0.0,0.0,0.5,0.5
310,0.0,0.0,0.3333333333333333,0.6666666666666666
311,,,,
312,,,,
313,,,,
314,,,,
315,,,,
