,A,C,G,T
0,,,,
1,,,,
2,0.5,0.5,0.0,0.0
3,0.058823529411764705,0.9411764705882353,0.0,0.0
4,,,,
5,0.0,0.0,0.0,1.0
6,,,,
7,0.0,0.0,1.0,0.0
8,0.5454545454545454,0.45454545454545453,0.0,0.0
9,0.2,0.0,0.0,0.8
10,,,,
11,1.0,0.0,0.0,0.0
12,0.4,0.0,0.4,0.2
13,0.0,0.0,0.5,0.5
14,0.4,0.4,0.0,0.2
15,0.0,1.0,0.0,0.0
16,0.0,0.0,1.0,0.0
17,1.0,0.0,0.0,0.0
18,0.5,0.5,0.0,0.0
19,0.0,0.0,1.0,0.0
20,0.25,0.625,0.0,0.125
21,0.0,0.0,0.0,1.0
22,0.0,1.0,0.0,0.0
23,0.0,0.0,0.6666666666666666,0.3333333333333333
24,0.0,0.0,0.3333333333333333,0.6666666666666666
25,,,,
26,0.0,0.5,0.5,0.0
27,0.3333333333333333,0.6666666666666666,0.0,0.0
28,0.0,1.0,0.0,0.0
29,0.0,0.2857142857142857,0.7142857142857143,0.0
30,0.0,0.0,1.0,0.0
31,,,,
32,0.75,0.0,0.0,0.25
33,0.25,0.25,0.0,0.5
34,1.0,0.0,0.0,0.0
35,1.0,0.0,0.0,0.0
36,0.0,0.2,0.8,0.0
37,0.0,0.125,0.875,0.0
38,,,,
39,0.3333333333333333,0.0,0.3333333333333333,0.3333333333333333
40,,,,
41,0.0,1.0,0.0,0.0
42,0.16666666666666666,0.5,0.3333333333333333,0.0
43,0.0,0.0,0.5,0.5
44,0.0,0.03333333333333333,0.9666666666666667,0.0
45,0.0,0.0,0.90625,0.09375
46,0.0,0.0,1.0,0.0
47,0.0,1.0,0.0,0.0
48,0.0,0.0,0.6666666666666666,0.3333333333333333
49,0.3333333333333333,0.0,0.3333333333333333,0.3333333333333333
50,0.0,0.0,0.0,1.0
51,,,,
52,,,,
53,0.5,0.0,0.0,0.5
54,0.6666666666666666,0.3333333333333333,0.0,0.0
55,0.3333333333333333,0.0,0.0,0.6666666666666666
56,0.3333333333333333,0.0,0.3333333333333333,0.3333333333333333
57,0.0,0.0,1.0,0.0
58,1.0,0.0,0.0,0.0
59,,,,
60,,,,
61,0.0,0.0,1.0,0.0
62,0.0,0.0,0.8,0.2
63,0.0,0.0,1.0,0.0
64,0.0,0.0,0.0,1.0
65,0.0,0.0,0.0,1.0
66,0.8918918918918919,0.08108108108108109,0.0,0.02702702702702703
67,0.45,0.0,0.35,0.2
68,0.0,1.0,0.0,0.0
69,0.6666666666666666,0.0,0.0,0.3333333333333333
70,0.0,0.0,1.0,0.0
71,0.2727272727272727,0.0,0.2727272727272727,0.45454545454545453
72,0.2857142857142857,0.14285714285714285,0.5714285714285714,0.0
73,0.0,0.9411764705882353,0.0,0.058823529411764705
74,0.2857142857142857,0.5714285714285714,0.14285714285714285,0.0
75,0.5,0.5,0.0,0.0
76,0.6666666666666666,0.3333333333333333,0.0,0.0
77,0.36363636363636365,0.5454545454545454,0.09090909090909091,0.0
78,0.3333333333333333,0.6666666666666666,0.0,0.0
79,0.7894736842105263,0.15789473684210525,0.0,0.05263157894736842
80,0.11363636363636363,0.7954545454545454,0.0,0.09090909090909091
81,0.0,0.5,0.5,0.0
82,0.4,0.0,0.0,0.6
83,0.25,0.0,0.16666666666666666,0.5833333333333334
84,0.5675675675675675,0.35135135135135137,0.08108108108108109,0.0
85,0.3333333333333333,0.16666666666666666,0.5,0.0
86,0.42857142857142855,0.0,0.2857142857142857,0.2857142857142857
87,0.0,0.3333333333333333,0.6666666666666666,0.0
88,0.42857142857142855,0.5714285714285714,0.0,0.0
89,0.07692307692307693,0.6153846153846154,0.3076923076923077,0.0
90,0.75,0.1,0.0,0.15
91,0.5806451612903226,0.3548387096774194,0.0,0.06451612903225806
92,0.2727272727272727,0.2727272727272727,0.45454545454545453,0.0
93,0.5833333333333334,0.3333333333333333,0.08333333333333333,0.0
94,0.0,0.4166666666666667,0.25,0.3333333333333333
95,0.045454545454545456,0.0,0.09090909090909091,0.8636363636363636
96,0.125,0.875,0.0,0.0
97,0.0,0.44,0.36,0.2
98,0.0,0.0,0.5,0.5
99,,,,
100,0.3333333333333333,0.0,0.0,0.6666666666666666
101,0.3333333333333333,0.3333333333333333,0.0,0.3333333333333333
102,0.0,0.1111111111111111,0.6666666666666666,0.2222222222222222
103,0.42105263157894735,0.5263157894736842,0.0,0.05263157894736842
104,0.05555555555555555,0.0,0.05555555555555555,0.8888888888888888
105,,,,
106,0.0,0.0,0.0,1.0
107,,,,
108,0.0,0.13333333333333333,0.8666666666666667,0.0
109,0.0,0.0,1.0,0.0
110,0.14285714285714285,0.0,0.14285714285714285,0.7142857142857143
111,0.5,0.0,0.0,0.5
112,0.0,0.0,0.0,1.0
113,0.2,0.0,0.4666666666666667,0.3333333333333333
114,0.0,0.0,1.0,0.0
115,0.0,1.0,0.0,0.0
116,0.5,0.0,0.0,0.5
117,0.17391304347826086,0.0,0.30434782608695654,0.5217391304347826
118,0.75,0.0,0.125,0.125
119,0.2,0.0,0.4,0.4
120,,,,
121,,,,
122,0.0,0.8947368421052632,0.05263157894736842,0.05263157894736842
123,1.0,0.0,0.0,0.0
124,0.2222222222222222,0.5555555555555556,0.0,0.2222222222222222
125,0.7777777777777778,0.2222222222222222,0.0,0.0
126,0.0,0.6666666666666666,0.3333333333333333,0.0
127,0.0,0.5714285714285714,0.42857142857142855,0.0
128,0.5,0.0,0.0,0.5
129,,,,
130,0.5,0.0,0.0,0.5
131,0.0,0.3088235294117647,0.6470588235294118,0.04411764705882353
132,0.5,0.0,0.0,0.5
133,0.0,0.25,0.75,0.0
134,0.25,0.25,0.0,0.5
135,0.0,1.0,0.0,0.0
136,0.0,0.6666666666666666,0.3333333333333333,0.0
137,0.8461538461538461,0.15384615384615385,0.0,0.0
138,0.0,0.0,1.0,0.0
139,0.7,0.0,0.0,0.3
140,0.0,1.0,0.0,0.0
141,0.0,0.5,0.5,0.0
142,0.0,0.0,1.0,0.0
143,0.0,0.5,0.5,0.0
144,0.0,1.0,0.0,0.0
145,0.16666666666666666,0.5,0.0,0.3333333333333333
146,0.5813953488372093,0.27906976744186046,0.0,0.13953488372093023
147,0.3103448275862069,0.13793103448275862,0.0,0.5517241379310345
148,0.0,0.14285714285714285,0.42857142857142855,0.42857142857142855
149,0.0,0.4722222222222222,0.25,0.2777777777777778
150,0.0,0.14285714285714285,0.6428571428571429,0.21428571428571427
151,0.14285714285714285,0.7142857142857143,0.14285714285714285,0.0
152,0.2857142857142857,0.0,0.14285714285714285,0.5714285714285714
153,0.0,0.16216216216216217,0.21621621621621623,0.6216216216216216
154,0.0,0.5333333333333333,0.3333333333333333,0.13333333333333333
155,0.0,0.75,0.25,0.0
156,0.125,0.0,0.625,0.25
157,0.0,0.36363636363636365,0.36363636363636365,0.2727272727272727
158,0.07692307692307693,0.8461538461538461,0.07692307692307693,0.0
159,0.0,0.09523809523809523,0.8095238095238095,0.09523809523809523
160,0.3,0.55,0.0,0.15
161,0.25,0.5,0.25,0.0
162,0.5,0.5,0.0,0.0
163,0.5,0.25,0.0,0.25
164,0.0,0.20930232558139536,0.6976744186046512,0.09302325581395349
165,0.0,0.15384615384615385,0.6153846153846154,0.23076923076923078
166,0.5128205128205128,0.41025641025641024,0.0,0.07692307692307693
167,0.18181818181818182,0.0,0.18181818181818182,0.6363636363636364
168,0.0,0.25,0.5,0.25
169,0.14285714285714285,0.0,0.14285714285714285,0.7142857142857143
170,0.2857142857142857,0.0,0.42857142857142855,0.2857142857142857
171,0.0,0.2857142857142857,0.37142857142857144,0.34285714285714286
172,0.0,0.6923076923076923,0.15384615384615385,0.15384615384615385
173,0.29411764705882354,0.0,0.4117647058823529,0.29411764705882354
174,0.0,1.0,0.0,0.0
175,0.0,1.0,0.0,0.0
176,0.13333333333333333,0.0,0.0,0.8666666666666667
177,,,,
178,0.0,0.14285714285714285,0.7142857142857143,0.14285714285714285
179,0.10344827586206896,0.0,0.10344827586206896,0.7931034482758621
180,0.3333333333333333,0.0,0.25,0.4166666666666667
181,0.2222222222222222,0.0,0.6666666666666666,0.1111111111111111
182,0.09090909090909091,0.9090909090909091,0.0,0.0
183,0.0,0.3333333333333333,0.6666666666666666,0.0
184,,,,
185,0.25,0.0,0.5,0.25
186,0.3333333333333333,0.0,0.0,0.6666666666666666
187,0.0,1.0,0.0,0.0
188,0.2,0.0,0.8,0.0
189,0.0,0.3888888888888889,0.6111111111111112,0.0
190,0.0,0.6428571428571429,0.2857142857142857,0.07142857142857142
191,0.75,0.25,0.0,0.0
192,0.0,0.6666666666666666,0.3333333333333333,0.0
193,0.3333333333333333,0.6666666666666666,0.0,0.0
194,0.25,0.5,0.25,0.0
195,0.0,0.0,1.0,0.0
196,0.3333333333333333,0.3333333333333333,0.0,0.3333333333333333
197,0.0,0.35714285714285715,0.6428571428571429,0.0
198,0.4444444444444444,0.4444444444444444,0.0,0.1111111111111111
199,0.0,1.0,0.0,0.0
200,0.0410958904109589,0.9178082191780822,0.0410958904109589,0.0
201,0.0,0.0,0.4,0.6
202,0.2,0.0,0.4,0.4
203,0.2,0.0,0.2,0.6
204,0.0,0.7222222222222222,0.2222222222222222,0.05555555555555555
205,0.0,0.5,0.5,0.0
206,0.0,0.09375,0.375,0.53125
207,0.0,0.0,1.0,0.0
208,0.0,0.0,0.5,0.5
209,0.0,0.6,0.1,0.3
210,0.5714285714285714,0.35714285714285715,0.0,0.07142857142857142
211,0.25,0.3333333333333333,0.4166666666666667,0.0
212,0.0,0.3076923076923077,0.46153846153846156,0.23076923076923078
213,0.5,0.5,0.0,0.0
214,0.0,0.5,0.0,0.5
215,0.8,0.0,0.2,0.0
216,0.0,0.18181818181818182,0.6363636363636364,0.18181818181818182
217,0.6875,0.0,0.1875,0.125
218,0.0,1.0,0.0,0.0
219,0.42857142857142855,0.14285714285714285,0.42857142857142855,0.0
220,0.0,0.0,0.0,1.0
221,0.03125,0.90625,0.0625,0.0
222,0.0,0.2222222222222222,0.6666666666666666,0.1111111111111111
223,0.0,0.36363636363636365,0.36363636363636365,0.2727272727272727
224,0.3333333333333333,0.4666666666666667,0.0,0.2
225,0.0,0.0,0.5,0.5
226,0.0,0.45454545454545453,0.45454545454545453,0.09090909090909091
227,0.10714285714285714,0.0,0.21428571428571427,0.6785714285714286
228,0.3333333333333333,0.0,0.3333333333333333,0.3333333333333333
229,0.0,0.3333333333333333,0.6666666666666666,0.0
230,0.68,0.28,0.0,0.04
231,0.0,0.2857142857142857,0.7142857142857143,0.0
232,0.25,0.25,0.5,0.0
233,0.1,0.0,0.3,0.6
234,1.0,0.0,0.0,0.0
235,1.0,0.0,0.0,0.0
236,0.2,0.0,0.0,0.8
237,0.0,0.0,0.2,0.8
238,0.0,0.0,1.0,0.0
239,0.5,0.0,0.0,0.5
240,0.0,0.25,0.75,0.0
241,0.0,0.2571428571428571,0.6285714285714286,0.11428571428571428
242,0.4,0.42857142857142855,0.0,0.17142857142857143
243,0.13793103448275862,0.0,0.3103448275862069,0.5517241379310345
244,0.0,1.0,0.0,0.0
245,0.6,0.2,0.0,0.2
246,0.0,0.3333333333333333,0.16666666666666666,0.5
247,0.35555555555555557,0.6,0.0,0.044444444444444446
248,0.06451612903225806,0.0,0.41935483870967744,0.5161290322580645
249,0.0,1.0,0.0,0.0
250,0.5,0.0,0.0,0.5
251,0.0,1.0,0.0,0.0
252,0.4444444444444444,0.4444444444444444,0.0,0.1111111111111111
253,0.0,0.6666666666666666,0.3333333333333333,0.0
254,0.2,0.4,0.0,0.4
255,0.0,0.0,1.0,0.0
256,0.6,0.0,0.2,0.2
257,0.0,0.9516129032258065,0.04838709677419355,0.0
258,0.0,1.0,0.0,0.0
259,0.0,0.0,0.0,1.0
260,0.25,0.0,0.25,0.5
261,0.5,0.0,0.0,0.5
262,,,,
263,0.21428571428571427,0.0,0.0,0.7857142857142857
264,,,,
265,,,,
266,0.0,0.0,0.0,1.0
267,0.0,0.0,0.375,0.625
268,0.0,0.0,0.0,1.0
269,0.0,0.5,0.0,0.5
270,0.0,0.0,0.0,1.0
271,0.5,0.0,0.5,0.0
272,0.020833333333333332,0.0,0.041666666666666664,0.9375
273,0.6470588235294118,0.35294117647058826,0.0,0.0
274,0.0,0.8,0.2,0.0
275,0.46153846153846156,0.36538461538461536,0.0,0.17307692307692307
276,0.0,0.0,1.0,0.0
277,,,,
278,0.0,1.0,0.0,0.0
279,0.0,0.0,1.0,0.0
280,0.0,0.0,0.07142857142857142,0.9285714285714286
281,0.041666666666666664,0.0,0.0,0.9583333333333334
282,0.0,0.0,1.0,0.0
283,0.0,0.0,0.0,1.0
284,0.0,0.6666666666666666,0.3333333333333333,0.0
285,1.0,0.0,0.0,0.0
286,0.0,0.0,0.5,0.5
287,0.1,0.9,0.0,0.0
288,0.0,1.0,0.0,0.0
289,,,,
290,0.0,0.0,0.6666666666666666,0.3333333333333333
291,0.0,0.5,0.0,0.5
292,0.0,0.0,0.75,0.25
293,,,,
294,,,,
295,,,,
296,,,,
297,,,,
298,,,,
299,,,,
300,,,,
301,,,,
302,,,,
303,,,,
304,,,,
305,,,,
306,,,,
307,,,,
308,,,,
309,,,,
310,,,,
311,,,,
312,,,,
