,A,C,G,T
0,,,,
1,,,,
2,0.8333333333333334,0.08333333333333333,0.0,0.08333333333333333
3,0.7333333333333333,0.13333333333333333,0.0,0.13333333333333333
4,0.06451612903225806,0.8064516129032258,0.12903225806451613,0.0
5,0.65625,0.109375,0.0,0.234375
6,0.08333333333333333,0.0,0.041666666666666664,0.875
7,0.0,0.027777777777777776,0.6388888888888888,0.3333333333333333
8,0.6518518518518519,0.32592592592592595,0.0,0.022222222222222223
9,0.25,0.0,0.008620689655172414,0.7413793103448276
10,0.0,1.0,0.0,0.0
11,0.18181818181818182,0.2727272727272727,0.0,0.5454545454545454
12,0.7954545454545454,0.09090909090909091,0.0,0.11363636363636363
13,0.6666666666666666,0.3333333333333333,0.0,0.0
14,0.4878048780487805,0.10975609756097561,0.0,0.4024390243902439
15,0.0,0.0,0.5,0.5
16,0.0,0.4444444444444444,0.2222222222222222,0.3333333333333333
17,0.9402985074626866,0.029850746268656716,0.0,0.029850746268656716
18,0.3,0.4,0.3,0.0
19,1.0,0.0,0.0,0.0
20,0.5348837209302325,0.4186046511627907,0.046511627906976744,0.0
21,0.0,0.3333333333333333,0.0,0.6666666666666666
22,0.6129032258064516,0.25806451612903225,0.0,0.12903225806451613
23,0.3888888888888889,0.16666666666666666,0.0,0.4444444444444444
24,0.23529411764705882,0.7254901960784313,0.0,0.0392156862745098
25,0.04,0.0,0.76,0.2
26,0.3076923076923077,0.3076923076923077,0.38461538461538464,0.0
27,0.15789473684210525,0.42105263157894735,0.0,0.42105263157894735
28,0.0,0.7407407407407407,0.1111111111111111,0.14814814814814814
29,0.6621621621621622,0.22972972972972974,0.0,0.10810810810810811
30,0.6145833333333334,0.13541666666666666,0.0,0.25
31,0.2,0.5,0.3,0.0
32,0.3125,0.1875,0.0,0.5
33,0.0,0.6538461538461539,0.2692307692307692,0.07692307692307693
34,0.0,0.16058394160583941,0.7956204379562044,0.043795620437956206
35,0.3333333333333333,0.3333333333333333,0.0,0.3333333333333333
36,0.0,0.203125,0.625,0.171875
37,0.0,0.2247191011235955,0.7415730337078652,0.033707865168539325
38,0.21875,0.6875,0.0,0.09375
39,0.4,0.0,0.0,0.6
40,0.3333333333333333,0.0,0.16666666666666666,0.5
41,0.24528301886792453,0.7169811320754716,0.03773584905660377,0.0
42,0.0,0.3333333333333333,0.0,0.6666666666666666
43,0.5,0.5,0.0,0.0
44,0.2,0.4,0.0,0.4
45,0.7619047619047619,0.0,0.0,0.23809523809523808
46,0.4,0.0,0.5,0.1
47,0.25,0.0,0.25,0.5
48,0.0,0.5714285714285714,0.42857142857142855,0.0
49,0.6666666666666666,0.0,0.0,0.3333333333333333
50,0.0,0.24,0.24,0.52
51,0.7741935483870968,0.16129032258064516,0.0,0.06451612903225806
52,0.3333333333333333,0.3333333333333333,0.3333333333333333,0.0
53,0.5454545454545454,0.045454545454545456,0.0,0.4090909090909091
54,0.0,0.8260869565217391,0.08695652173913043,0.08695652173913043
55,0.0,0.4224137931034483,0.5086206896551724,0.06896551724137931
56,0.8113207547169812,0.05660377358490566,0.0,0.1320754716981132
57,0.5666666666666667,0.2,0.0,0.23333333333333334
58,0.3333333333333333,0.6666666666666666,0.0,0.0
59,0.0,0.0,0.6071428571428571,0.39285714285714285
60,0.06666666666666667,0.23333333333333334,0.7,0.0
61,0.6,0.0,0.2,0.2
62,0.10526315789473684,0.0,0.0,0.8947368421052632
63,0.0,0.5,0.5,0.0
64,0.0,0.25,0.0,0.75
65,0.023255813953488372,0.0,0.03488372093023256,0.9418604651162791
66,0.0,0.4807692307692308,0.5,0.019230769230769232
67,0.0,0.5925925925925926,0.2962962962962963,0.1111111111111111
68,0.6,0.2,0.0,0.2
69,0.7606837606837606,0.042735042735042736,0.0,0.19658119658119658
70,0.037037037037037035,0.0,0.7777777777777778,0.18518518518518517
71,0.05263157894736842,0.8771929824561403,0.07017543859649122,0.0
72,0.52,0.14,0.34,0.0
73,0.08695652173913043,0.0,0.0,0.9130434782608695
74,0.03125,0.84375,0.125,0.0
75,0.375,0.25,0.0,0.375
76,0.5,0.35714285714285715,0.0,0.14285714285714285
77,0.0,0.2857142857142857,0.5714285714285714,0.14285714285714285
78,0.6938775510204082,0.10204081632653061,0.20408163265306123,0.0
79,0.0,0.2,0.13333333333333333,0.6666666666666666
80,0.12698412698412698,0.0,0.015873015873015872,0.8571428571428571
81,0.0,0.46551724137931033,0.46551724137931033,0.06896551724137931
82,0.0875,0.0,0.14166666666666666,0.7708333333333334
83,0.362962962962963,0.0,0.37037037037037035,0.26666666666666666
84,0.125,0.875,0.0,0.0
85,0.0,0.6,0.4,0.0
86,0.05555555555555555,0.0,0.05555555555555555,0.8888888888888888
87,0.0,0.42,0.5,0.08
88,0.17452830188679244,0.0,0.3632075471698113,0.46226415094339623
89,0.14705882352941177,0.0,0.17647058823529413,0.6764705882352942
90,0.5714285714285714,0.11904761904761904,0.0,0.30952380952380953
91,0.6305555555555555,0.2361111111111111,0.0,0.13333333333333333
92,0.2962962962962963,0.0,0.14814814814814814,0.5555555555555556
93,0.5035460992907801,0.48936170212765956,0.0070921985815602835,0.0
94,0.0,0.7101449275362319,0.028985507246376812,0.2608695652173913
95,0.043478260869565216,0.0,0.09565217391304348,0.8608695652173913
96,0.1686746987951807,0.6746987951807228,0.1566265060240964,0.0
97,0.0,0.2,0.05,0.75
98,0.15,0.7833333333333333,0.06666666666666667,0.0
99,0.0,0.189873417721519,0.14556962025316456,0.6645569620253164
100,0.0,0.8333333333333334,0.16666666666666666,0.0
101,0.6581196581196581,0.22863247863247863,0.0,0.11324786324786325
102,0.3283582089552239,0.0,0.16417910447761194,0.5074626865671642
103,0.0,1.0,0.0,0.0
104,0.013157894736842105,0.0,0.039473684210526314,0.9473684210526315
105,0.5,0.0,0.5,0.0
106,0.0,0.1111111111111111,0.0,0.8888888888888888
107,0.16666666666666666,0.5,0.0,0.3333333333333333
108,0.4065934065934066,0.5054945054945055,0.0,0.08791208791208792
109,0.15384615384615385,0.3076923076923077,0.5384615384615384,0.0
110,0.20408163265306123,0.5510204081632653,0.0,0.24489795918367346
111,0.8260869565217391,0.0,0.043478260869565216,0.13043478260869565
112,0.2,0.0,0.0,0.8
113,0.0,0.2830188679245283,0.5660377358490566,0.1509433962264151
114,0.0,0.0,0.3333333333333333,0.6666666666666666
115,0.0,0.10526315789473684,0.39473684210526316,0.5
116,0.19047619047619047,0.23809523809523808,0.0,0.5714285714285714
117,0.4406779661016949,0.01694915254237288,0.0,0.5423728813559322
118,0.06666666666666667,0.0,0.6,0.3333333333333333
119,0.5161290322580645,0.0,0.3225806451612903,0.16129032258064516
120,1.0,0.0,0.0,0.0
121,1.0,0.0,0.0,0.0
122,0.5909090909090909,0.3068181818181818,0.10227272727272728,0.0
123,,,,
124,1.0,0.0,0.0,0.0
125,0.0,0.5,0.45454545454545453,0.045454545454545456
126,0.6666666666666666,0.0,0.3333333333333333,0.0
127,0.0,0.0,0.5555555555555556,0.4444444444444444
128,0.0,0.041666666666666664,0.6944444444444444,0.2638888888888889
129,0.0,0.9583333333333334,0.0,0.041666666666666664
130,0.0,0.3333333333333333,0.0,0.6666666666666666
131,0.6244131455399061,0.3286384976525822,0.0,0.046948356807511735
132,0.5,0.0,0.0,0.5
133,0.0,0.9428571428571428,0.05714285714285714,0.0
134,0.42857142857142855,0.42857142857142855,0.14285714285714285,0.0
135,0.11538461538461539,0.8076923076923077,0.0,0.07692307692307693
136,0.0,0.3333333333333333,0.3333333333333333,0.3333333333333333
137,0.7333333333333333,0.0,0.0,0.26666666666666666
138,0.0,0.5,0.5,0.0
139,0.3333333333333333,0.0,0.0,0.6666666666666666
140,0.14285714285714285,0.2857142857142857,0.0,0.5714285714285714
141,0.0,0.5958904109589042,0.3561643835616438,0.04794520547945205
142,0.09090909090909091,0.13636363636363635,0.7727272727272727,0.0
143,0.3076923076923077,0.5128205128205128,0.0,0.1794871794871795
144,0.4,0.2,0.0,0.4
145,0.4,0.35,0.0,0.25
146,0.0,0.4074074074074074,0.5185185185185185,0.07407407407407407
147,0.3448275862068966,0.0,0.5517241379310345,0.10344827586206896
148,0.8488372093023255,0.046511627906976744,0.0,0.10465116279069768
149,0.23170731707317074,0.6890243902439024,0.0,0.07926829268292683
150,0.0,0.18032786885245902,0.6721311475409836,0.14754098360655737
151,0.20588235294117646,0.11764705882352941,0.6764705882352942,0.0
152,0.2631578947368421,0.0,0.23684210526315788,0.5
153,0.0,0.2808988764044944,0.6404494382022472,0.07865168539325842
154,0.0,0.29411764705882354,0.5882352941176471,0.11764705882352941
155,0.1724137931034483,0.0,0.13793103448275862,0.6896551724137931
156,0.7450980392156863,0.0,0.058823529411764705,0.19607843137254902
157,0.05,0.0,0.2,0.75
158,0.26153846153846155,0.27692307692307694,0.46153846153846156,0.0
159,0.0,0.5,0.3466666666666667,0.15333333333333332
160,0.0,0.36633663366336633,0.4158415841584158,0.21782178217821782
161,0.3897058823529412,0.0,0.2536764705882353,0.35661764705882354
162,0.0,0.21568627450980393,0.6274509803921569,0.1568627450980392
163,0.5,0.46629213483146065,0.0,0.033707865168539325
164,0.08333333333333333,0.5694444444444444,0.3472222222222222,0.0
165,0.5,0.21428571428571427,0.0,0.2857142857142857
166,0.4166666666666667,0.5,0.0,0.08333333333333333
167,0.3548387096774194,0.3064516129032258,0.3387096774193548,0.0
168,0.4489795918367347,0.4897959183673469,0.0,0.061224489795918366
169,0.5542986425339367,0.25565610859728505,0.0,0.19004524886877827
170,0.4883720930232558,0.0,0.23255813953488372,0.27906976744186046
171,0.0,0.12087912087912088,0.7472527472527473,0.13186813186813187
172,0.16666666666666666,0.0,0.5454545454545454,0.2878787878787879
173,0.0,0.5263157894736842,0.40789473684210525,0.06578947368421052
174,0.0,0.38509316770186336,0.5900621118012422,0.024844720496894408
175,0.0,0.2809917355371901,0.49586776859504134,0.2231404958677686
176,0.2901960784313726,0.0,0.45098039215686275,0.25882352941176473
177,0.26,0.26,0.48,0.0
178,0.0,0.12698412698412698,0.11904761904761904,0.753968253968254
179,0.05263157894736842,0.5614035087719298,0.38596491228070173,0.0
180,0.1232876712328767,0.2465753424657534,0.0,0.6301369863013698
181,0.3125,0.0,0.5625,0.125
182,0.0,0.12745098039215685,0.29411764705882354,0.5784313725490197
183,0.29411764705882354,0.0,0.5882352941176471,0.11764705882352941
184,0.0,0.7425742574257426,0.21782178217821782,0.039603960396039604
185,0.2777777777777778,0.4166666666666667,0.0,0.3055555555555556
186,0.0,0.5609756097560976,0.4146341463414634,0.024390243902439025
187,0.0,0.16666666666666666,0.7698412698412699,0.06349206349206349
188,0.6834170854271356,0.27638190954773867,0.0,0.04020100502512563
189,0.15625,0.25,0.59375,0.0
190,0.2413793103448276,0.13793103448275862,0.6206896551724138,0.0
191,0.0625,0.4375,0.5,0.0
192,0.35294117647058826,0.0,0.5490196078431373,0.09803921568627451
193,0.0,0.3055555555555556,0.4444444444444444,0.25
194,0.14035087719298245,0.43859649122807015,0.0,0.42105263157894735
195,0.5,0.13333333333333333,0.0,0.36666666666666664
196,0.5555555555555556,0.20634920634920634,0.0,0.23809523809523808
197,0.3684210526315789,0.0,0.02631578947368421,0.6052631578947368
198,0.0,0.6190476190476191,0.23809523809523808,0.14285714285714285
199,0.375,0.375,0.0,0.25
200,0.8478260869565217,0.08695652173913043,0.0,0.06521739130434782
201,0.38,0.32,0.0,0.3
202,0.16666666666666666,0.25,0.5833333333333334,0.0
203,0.8055555555555556,0.0,0.0,0.19444444444444445
204,0.0,0.08333333333333333,0.4880952380952381,0.42857142857142855
205,0.35294117647058826,0.0,0.11764705882352941,0.5294117647058824
206,0.2619047619047619,0.0,0.2619047619047619,0.47619047619047616
207,0.0,0.3150684931506849,0.5,0.18493150684931506
208,0.75,0.25,0.0,0.0
209,0.375,0.625,0.0,0.0
210,0.0,0.23076923076923078,0.6153846153846154,0.15384615384615385
211,0.2,0.0,0.7333333333333333,0.06666666666666667
212,0.3333333333333333,0.0,0.09523809523809523,0.5714285714285714
213,0.0,0.43103448275862066,0.3793103448275862,0.1896551724137931
214,0.06349206349206349,0.746031746031746,0.0,0.19047619047619047
215,0.3,0.3875,0.0,0.3125
216,0.9393939393939394,0.030303030303030304,0.0,0.030303030303030304
217,0.0,0.23076923076923078,0.6538461538461539,0.11538461538461539
218,0.6451612903225806,0.0,0.06451612903225806,0.2903225806451613
219,0.0,0.5365853658536586,0.2682926829268293,0.1951219512195122
220,0.275,0.0,0.2,0.525
221,0.5294117647058824,0.35294117647058826,0.0,0.11764705882352941
222,0.5098039215686274,0.0784313725490196,0.4117647058823529,0.0
223,1.0,0.0,0.0,0.0
224,0.2619047619047619,0.0,0.3333333333333333,0.40476190476190477
225,0.0,0.22727272727272727,0.3409090909090909,0.4318181818181818
226,0.15555555555555556,0.4222222222222222,0.4222222222222222,0.0
227,0.13541666666666666,0.0,0.2916666666666667,0.5729166666666666
228,0.0,0.13333333333333333,0.8,0.06666666666666667
229,0.4794007490636704,0.50187265917603,0.0,0.018726591760299626
230,0.41379310344827586,0.0,0.1310344827586207,0.45517241379310347
231,0.0,0.25,0.625,0.125
232,0.3333333333333333,0.0,0.16666666666666666,0.5
233,0.0,0.21621621621621623,0.40540540540540543,0.3783783783783784
234,0.23076923076923078,0.10256410256410256,0.0,0.6666666666666666
235,0.013215859030837005,0.0,0.06607929515418502,0.920704845814978
236,0.25806451612903225,0.0,0.41935483870967744,0.3225806451612903
237,0.023809523809523808,0.9047619047619048,0.07142857142857142,0.0
238,0.0,0.23529411764705882,0.08823529411764706,0.6764705882352942
239,0.043010752688172046,0.0,0.17204301075268819,0.7849462365591398
240,0.0,0.36923076923076925,0.15384615384615385,0.47692307692307695
241,0.2857142857142857,0.14285714285714285,0.5714285714285714,0.0
242,0.2,0.2,0.0,0.6
243,0.29411764705882354,0.47058823529411764,0.0,0.23529411764705882
244,0.0,0.13793103448275862,0.41379310344827586,0.4482758620689655
245,0.8040540540540541,0.16554054054054054,0.0,0.030405405405405407
246,0.13454545454545455,0.0,0.29818181818181816,0.5672727272727273
247,0.3333333333333333,0.16666666666666666,0.5,0.0
248,0.3620689655172414,0.6120689655172413,0.0,0.02586206896551724
249,0.0,0.5,0.4117647058823529,0.08823529411764706
250,0.4163568773234201,0.5353159851301115,0.0,0.048327137546468404
251,0.08196721311475409,0.0,0.29508196721311475,0.6229508196721312
252,0.0,0.06477732793522267,0.6639676113360324,0.27125506072874495
253,0.8235294117647058,0.10588235294117647,0.0,0.07058823529411765
254,0.19121447028423771,0.49870801033591733,0.0,0.31007751937984496
255,0.07692307692307693,0.0,0.19230769230769232,0.7307692307692307
256,0.13333333333333333,0.4666666666666667,0.4,0.0
257,0.44,0.5133333333333333,0.0,0.04666666666666667
258,0.0,0.5882352941176471,0.2549019607843137,0.1568627450980392
259,0.22614840989399293,0.6643109540636042,0.0,0.10954063604240283
260,0.0,0.16666666666666666,0.7,0.13333333333333333
261,0.05454545454545454,0.7818181818181819,0.16363636363636364,0.0
262,0.46153846153846156,0.0,0.009615384615384616,0.5288461538461539
263,0.125,0.7083333333333334,0.16666666666666666,0.0
264,0.5714285714285714,0.0,0.0,0.42857142857142855
265,0.0,0.2692307692307692,0.5384615384615384,0.19230769230769232
266,0.3333333333333333,0.0,0.5277777777777778,0.1388888888888889
267,0.0,0.0,0.0,1.0
268,0.0,0.38461538461538464,0.38461538461538464,0.23076923076923078
269,0.17543859649122806,0.0,0.05263157894736842,0.7719298245614035
270,0.0,0.025,0.6125,0.3625
271,0.5588235294117647,0.0,0.38235294117647056,0.058823529411764705
272,0.5074626865671642,0.373134328358209,0.0,0.11940298507462686
273,0.0,0.13793103448275862,0.0,0.8620689655172413
274,0.22295081967213115,0.029508196721311476,0.7475409836065574,0.0
275,0.16666666666666666,0.0,0.25,0.5833333333333334
276,0.7153846153846154,0.26153846153846155,0.0,0.023076923076923078
277,0.3333333333333333,0.25,0.4166666666666667,0.0
278,0.1952662721893491,0.5404339250493096,0.0,0.26429980276134124
279,0.0,0.2,0.8,0.0
280,0.0,0.0,0.0,1.0
281,0.03225806451612903,0.946236559139785,0.021505376344086023,0.0
282,0.0,0.125,0.875,0.0
283,0.0,0.036585365853658534,0.04878048780487805,0.9146341463414634
284,0.007518796992481203,0.0,0.015037593984962405,0.9774436090225563
285,0.08333333333333333,0.16666666666666666,0.75,0.0
286,0.2,0.15,0.0,0.65
287,0.0,0.6041666666666666,0.3958333333333333,0.0
288,0.7111111111111111,0.0,0.0,0.28888888888888886
289,0.14893617021276595,0.0,0.10638297872340426,0.7446808510638298
290,0.13636363636363635,0.5,0.0,0.36363636363636365
291,0.0,0.9027777777777778,0.09722222222222222,0.0
292,0.14893617021276595,0.7021276595744681,0.0,0.14893617021276595
293,0.0,0.08333333333333333,0.875,0.041666666666666664
294,1.0,0.0,0.0,0.0
295,0.0,0.3333333333333333,0.16666666666666666,0.5
296,0.5,0.0,0.5,0.0
297,0.5,0.0,0.25,0.25
298,0.5,0.5,0.0,0.0
299,,,,
300,,,,
301,1.0,0.0,0.0,0.0
302,,,,
303,,,,
304,,,,
305,,,,
306,,,,
307,,,,
308,,,,
309,,,,
310,,,,
311,,,,
312,,,,
313,,,,
314,,,,
315,,,,
