,A,C,G,T
0,,,,
1,,,,
2,,,,
3,,,,
4,,,,
5,,,,
6,,,,
7,,,,
8,1.0,0.0,0.0,0.0
9,,,,
10,,,,
11,,,,
12,,,,
13,,,,
14,,,,
15,,,,
16,,,,
17,,,,
18,,,,
19,,,,
20,0.0,1.0,0.0,0.0
21,,,,
22,,,,
23,1.0,0.0,0.0,0.0
24,,,,
25,,,,
26,,,,
27,,,,
28,,,,
29,,,,
30,,,,
31,,,,
32,1.0,0.0,0.0,0.0
33,,,,
34,,,,
35,0.0,0.0,0.0,1.0
36,,,,
37,,,,
38,,,,
39,,,,
40,,,,
41,,,,
42,,,,
43,,,,
44,,,,
45,,,,
46,,,,
47,,,,
48,,,,
49,,,,
50,,,,
51,,,,
52,,,,
53,,,,
54,,,,
55,,,,
56,,,,
57,,,,
58,,,,
59,,,,
60,,,,
61,,,,
62,,,,
63,,,,
64,,,,
65,,,,
66,,,,
67,,,,
68,,,,
69,,,,
70,,,,
71,,,,
72,0.0,0.0,1.0,0.0
73,0.0,0.0,0.0,1.0
74,,,,
75,,,,
76,0.0,0.0,1.0,0.0
77,0.0,0.0,1.0,0.0
78,,,,
79,,,,
80,,,,
81,0.0,0.0,0.0,1.0
82,0.0,0.0,1.0,0.0
83,,,,
84,0.0,0.0,1.0,0.0
85,0.0,1.0,0.0,0.0
86,,,,
87,0.0,0.0,0.0,1.0
88,,,,
89,,,,
90,,,,
91,0.0,0.0,0.5,0.5
92,0.0,0.0,0.0,1.0
93,,,,
94,0.0,0.0,0.0,1.0
95,,,,
96,0.0,0.0,0.0,1.0
97,0.0,0.0,0.5,0.5
98,1.0,0.0,0.0,0.0
99,,,,
100,,,,
101,0.0,1.0,0.0,0.0
102,0.0,1.0,0.0,0.0
103,,,,
104,0.0,0.0,0.0,1.0
105,,,,
106,,,,
107,,,,
108,0.0,0.0,0.0,1.0
109,,,,
110,,,,
111,,,,
112,0.0,0.0,1.0,0.0
113,,,,
114,0.0,1.0,0.0,0.0
115,,,,
116,1.0,0.0,0.0,0.0
117,,,,
118,0.0,0.0,0.0,1.0
119,,,,
120,,,,
121,,,,
122,0.0,0.0,0.0,1.0
123,,,,
124,,,,
125,0.0,0.0,1.0,0.0
126,,,,
127,0.0,0.0,1.0,0.0
128,,,,
129,,,,
130,,,,
131,0.0,0.0,0.0,1.0
132,,,,
133,,,,
134,1.0,0.0,0.0,0.0
135,,,,
136,0.0,0.0,0.0,1.0
137,0.5,0.0,0.0,0.5
138,,,,
139,,,,
140,,,,
141,0.0,0.0,0.0,1.0
142,,,,
143,,,,
144,0.0,0.0,1.0,0.0
145,,,,
146,1.0,0.0,0.0,0.0
147,0.0,0.5,0.0,0.5
148,0.0,0.0,0.0,1.0
149,,,,
150,0.0,0.0,0.0,1.0
151,,,,
152,,,,
153,0.0,0.0,1.0,0.0
154,,,,
155,,,,
156,1.0,0.0,0.0,0.0
157,0.0,0.0,0.0,1.0
158,0.0,1.0,0.0,0.0
159,0.0,0.0,1.0,0.0
160,,,,
161,,,,
162,,,,
163,,,,
164,0.0,0.0,0.5,0.5
165,1.0,0.0,0.0,0.0
166,0.0,1.0,0.0,0.0
167,0.0,1.0,0.0,0.0
168,0.0,0.0,1.0,0.0
169,0.0,0.5,0.5,0.0
170,0.0,1.0,0.0,0.0
171,,,,
172,0.0,0.0,0.0,1.0
173,1.0,0.0,0.0,0.0
174,0.5,0.0,0.0,0.5
175,0.0,0.0,0.0,1.0
176,0.0,0.0,1.0,0.0
177,,,,
178,,,,
179,0.0,1.0,0.0,0.0
180,0.0,0.0,0.0,1.0
181,0.0,1.0,0.0,0.0
182,1.0,0.0,0.0,0.0
183,,,,
184,,,,
185,1.0,0.0,0.0,0.0
186,,,,
187,1.0,0.0,0.0,0.0
188,,,,
189,,,,
190,,,,
191,,,,
192,,,,
193,0.0,0.0,1.0,0.0
194,,,,
195,,,,
196,,,,
197,,,,
198,,,,
199,0.0,0.0,1.0,0.0
200,,,,
201,,,,
202,,,,
203,0.0,1.0,0.0,0.0
204,1.0,0.0,0.0,0.0
205,,,,
206,,,,
207,0.0,1.0,0.0,0.0
208,,,,
209,,,,
210,,,,
211,,,,
212,,,,
213,,,,
214,,,,
215,,,,
216,,,,
217,,,,
218,,,,
219,0.0,0.0,1.0,0.0
220,,,,
221,0.0,1.0,0.0,0.0
222,0.0,0.0,1.0,0.0
223,0.0,0.0,1.0,0.0
224,0.0,0.0,1.0,0.0
225,,,,
226,1.0,0.0,0.0,0.0
227,0.0,0.0,1.0,0.0
228,,,,
229,0.0,0.0,1.0,0.0
230,0.0,1.0,0.0,0.0
231,1.0,0.0,0.0,0.0
232,,,,
233,0.0,0.0,1.0,0.0
234,0.0,0.0,1.0,0.0
235,,,,
236,0.0,1.0,0.0,0.0
237,,,,
238,0.0,1.0,0.0,0.0
239,,,,
240,0.0,0.0,0.0,1.0
241,,,,
242,0.0,0.0,0.0,1.0
243,,,,
244,,,,
245,,,,
246,,,,
247,0.0,0.0,0.0,1.0
248,,,,
249,,,,
250,,,,
251,,,,
252,,,,
253,0.0,1.0,0.0,0.0
254,0.0,0.5,0.0,0.5
255,,,,
256,0.0,0.0,0.0,1.0
257,0.0,1.0,0.0,0.0
258,,,,
259,,,,
260,,,,
261,,,,
262,,,,
263,,,,
264,0.0,0.0,1.0,0.0
265,,,,
266,,,,
267,,,,
268,,,,
269,,,,
270,,,,
271,0.0,1.0,0.0,0.0
272,,,,
273,,,,
274,,,,
275,0.0,0.0,0.0,1.0
276,,,,
277,,,,
278,1.0,0.0,0.0,0.0
279,,,,
280,,,,
281,,,,
282,,,,
283,,,,
284,0.0,0.0,0.0,1.0
285,,,,
286,,,,
287,,,,
288,,,,
289,0.0,1.0,0.0,0.0
290,,,,
291,,,,
292,,,,
293,,,,
294,,,,
295,,,,
296,,,,
297,,,,
298,,,,
299,,,,
300,,,,
301,,,,
302,,,,
303,,,,
304,,,,
305,,,,
306,,,,
307,,,,
308,,,,
309,,,,
310,,,,
311,,,,
312,,,,
313,,,,
314,,,,
315,,,,
