,A,C,G,T
0,,,,
1,,,,
2,,,,
3,0.6,0.4,0.0,0.0
4,,,,
5,0.0,1.0,0.0,0.0
6,,,,
7,,,,
8,1.0,0.0,0.0,0.0
9,,,,
10,,,,
11,1.0,0.0,0.0,0.0
12,,,,
13,0.0,0.5,0.5,0.0
14,0.6666666666666666,0.3333333333333333,0.0,0.0
15,,,,
16,,,,
17,,,,
18,,,,
19,,,,
20,,,,
21,0.0,0.0,0.0,1.0
22,,,,
23,,,,
24,,,,
25,,,,
26,0.0,1.0,0.0,0.0
27,,,,
28,,,,
29,,,,
30,,,,
31,,,,
32,0.0,0.0,0.0,1.0
33,0.0,0.0,0.0,1.0
34,,,,
35,,,,
36,0.0,1.0,0.0,0.0
37,0.0,0.0,1.0,0.0
38,0.0,0.0,0.0,1.0
39,1.0,0.0,0.0,0.0
40,,,,
41,0.0,0.3333333333333333,0.6666666666666666,0.0
42,0.1,0.0,0.0,0.9
43,,,,
44,,,,
45,,,,
46,0.8333333333333334,0.16666666666666666,0.0,0.0
47,1.0,0.0,0.0,0.0
48,,,,
49,,,,
50,,,,
51,,,,
52,,,,
53,1.0,0.0,0.0,0.0
54,,,,
55,,,,
56,,,,
57,0.0,0.0,1.0,0.0
58,,,,
59,1.0,0.0,0.0,0.0
60,,,,
61,,,,
62,0.0,0.0,1.0,0.0
63,0.0,0.0,1.0,0.0
64,,,,
65,,,,
66,1.0,0.0,0.0,0.0
67,,,,
68,0.0,1.0,0.0,0.0
69,,,,
70,,,,
71,0.0,0.0,0.25,0.75
72,,,,
73,,,,
74,0.0,0.5,0.5,0.0
75,1.0,0.0,0.0,0.0
76,,,,
77,1.0,0.0,0.0,0.0
78,,,,
79,0.3333333333333333,0.6666666666666666,0.0,0.0
80,,,,
81,0.0,1.0,0.0,0.0
82,,,,
83,,,,
84,0.0,0.0,1.0,0.0
85,0.0,1.0,0.0,0.0
86,0.0,0.0,0.3333333333333333,0.6666666666666666
87,0.0,1.0,0.0,0.0
88,0.14285714285714285,0.8571428571428571,0.0,0.0
89,0.0,0.0,0.0,1.0
90,0.0,0.0,0.0,1.0
91,0.0,0.0,0.0,1.0
92,0.0,0.0,1.0,0.0
93,0.0,0.125,0.875,0.0
94,0.8888888888888888,0.1111111111111111,0.0,0.0
95,,,,
96,0.0,0.3333333333333333,0.3333333333333333,0.3333333333333333
97,0.0,0.0,0.0,1.0
98,0.0,0.0,0.0,1.0
99,,,,
100,,,,
101,,,,
102,,,,
103,,,,
104,,,,
105,0.0,0.0,1.0,0.0
106,,,,
107,0.0,1.0,0.0,0.0
108,,,,
109,,,,
110,,,,
111,1.0,0.0,0.0,0.0
112,,,,
113,,,,
114,,,,
115,,,,
116,,,,
117,,,,
118,,,,
119,,,,
120,0.0,0.0,0.0,1.0
121,,,,
122,1.0,0.0,0.0,0.0
123,,,,
124,,,,
125,0.0,0.3333333333333333,0.6666666666666666,0.0
126,,,,
127,1.0,0.0,0.0,0.0
128,0.0,1.0,0.0,0.0
129,,,,
130,,,,
131,,,,
132,,,,
133,,,,
134,0.2,0.8,0.0,0.0
135,,,,
136,,,,
137,1.0,0.0,0.0,0.0
138,,,,
139,,,,
140,1.0,0.0,0.0,0.0
141,,,,
142,,,,
143,,,,
144,0.0,0.0,1.0,0.0
145,,,,
146,0.3333333333333333,0.6666666666666666,0.0,0.0
147,,,,
148,,,,
149,0.75,0.25,0.0,0.0
150,0.0,1.0,0.0,0.0
151,,,,
152,0.0,0.0,1.0,0.0
153,0.0,0.16666666666666666,0.8333333333333334,0.0
154,,,,
155,0.0,0.0,1.0,0.0
156,0.8333333333333334,0.16666666666666666,0.0,0.0
157,0.0,0.0,0.0,1.0
158,0.0,0.5,0.5,0.0
159,,,,
160,0.0,0.0,1.0,0.0
161,0.14285714285714285,0.8571428571428571,0.0,0.0
162,0.0,1.0,0.0,0.0
163,0.8333333333333334,0.16666666666666666,0.0,0.0
164,,,,
165,,,,
166,1.0,0.0,0.0,0.0
167,1.0,0.0,0.0,0.0
168,0.0,0.16666666666666666,0.8333333333333334,0.0
169,0.2727272727272727,0.7272727272727273,0.0,0.0
170,0.25,0.0,0.75,0.0
171,,,,
172,,,,
173,0.0,0.0,1.0,0.0
174,0.0,0.6666666666666666,0.3333333333333333,0.0
175,0.0,0.2857142857142857,0.7142857142857143,0.0
176,0.0,0.0,0.0,1.0
177,1.0,0.0,0.0,0.0
178,0.0,0.0,0.0,1.0
179,0.0,0.0,0.0,1.0
180,0.0,0.5,0.0,0.5
181,0.0,0.3333333333333333,0.3333333333333333,0.3333333333333333
182,0.0,0.0,0.0,1.0
183,0.0,0.0,1.0,0.0
184,,,,
185,,,,
186,,,,
187,,,,
188,,,,
189,0.0,0.0,0.0,1.0
190,0.0,0.0,1.0,0.0
191,,,,
192,0.0,0.625,0.375,0.0
193,0.0,0.0,1.0,0.0
194,1.0,0.0,0.0,0.0
195,,,,
196,,,,
197,,,,
198,1.0,0.0,0.0,0.0
199,,,,
200,0.0,0.5,0.5,0.0
201,0.0,1.0,0.0,0.0
202,0.0,1.0,0.0,0.0
203,,,,
204,0.0,1.0,0.0,0.0
205,0.0,0.0,1.0,0.0
206,,,,
207,,,,
208,,,,
209,0.0,0.0,0.75,0.25
210,1.0,0.0,0.0,0.0
211,,,,
212,0.0,0.0,0.0,1.0
213,0.5,0.0,0.0,0.5
214,0.0,0.0,1.0,0.0
215,0.0,0.0,0.9,0.1
216,,,,
217,,,,
218,,,,
219,,,,
220,0.0,0.7777777777777778,0.1111111111111111,0.1111111111111111
221,,,,
222,,,,
223,,,,
224,,,,
225,0.0,0.0,0.0,1.0
226,0.0,0.5,0.5,0.0
227,0.7142857142857143,0.14285714285714285,0.0,0.14285714285714285
228,,,,
229,,,,
230,0.0,0.0,0.0,1.0
231,,,,
232,0.0,0.0,1.0,0.0
233,0.3333333333333333,0.6666666666666666,0.0,0.0
234,,,,
235,,,,
236,0.0,0.0,0.0,1.0
237,,,,
238,,,,
239,,,,
240,,,,
241,,,,
242,0.0,1.0,0.0,0.0
243,0.0,0.6666666666666666,0.3333333333333333,0.0
244,0.0,0.0,1.0,0.0
245,0.2857142857142857,0.0,0.0,0.7142857142857143
246,0.0,0.0,0.2,0.8
247,,,,
248,,,,
249,0.0,0.0,0.0,1.0
250,0.0,1.0,0.0,0.0
251,0.125,0.0,0.625,0.25
252,,,,
253,,,,
254,,,,
255,1.0,0.0,0.0,0.0
256,0.0,1.0,0.0,0.0
257,,,,
258,,,,
259,,,,
260,0.0,0.0,1.0,0.0
261,1.0,0.0,0.0,0.0
262,,,,
263,,,,
264,,,,
265,,,,
266,,,,
267,,,,
268,,,,
269,,,,
270,,,,
271,,,,
272,,,,
273,,,,
274,,,,
275,,,,
276,1.0,0.0,0.0,0.0
277,,,,
278,0.0,0.3,0.0,0.7
279,,,,
280,,,,
281,0.0,1.0,0.0,0.0
282,,,,
283,0.0,0.0,0.0,1.0
284,0.0,0.0,0.0,1.0
285,,,,
286,,,,
287,,,,
288,,,,
289,,,,
290,,,,
291,,,,
292,,,,
293,,,,
294,,,,
295,,,,
296,,,,
297,,,,
298,,,,
299,,,,
300,,,,
301,,,,
302,,,,
303,,,,
304,,,,
305,,,,
306,,,,
