,A,C,G,T
0,,,,
1,,,,
2,0.5,0.5,0.0,0.0
3,0.0,0.0,0.0,1.0
4,,,,
5,0.16666666666666666,0.3333333333333333,0.0,0.5
6,,,,
7,0.0,0.0,1.0,0.0
8,0.5833333333333334,0.25,0.0,0.16666666666666666
9,0.0,0.0,0.0,1.0
10,0.0,1.0,0.0,0.0
11,0.0,0.0,0.9166666666666666,0.08333333333333333
12,0.0,0.0,1.0,0.0
13,,,,
14,0.6,0.2,0.0,0.2
15,0.0,0.0,1.0,0.0
16,,,,
17,0.6666666666666666,0.3333333333333333,0.0,0.0
18,1.0,0.0,0.0,0.0
19,,,,
20,,,,
21,,,,
22,,,,
23,,,,
24,0.0,1.0,0.0,0.0
25,,,,
26,0.0,0.0,1.0,0.0
27,1.0,0.0,0.0,0.0
28,,,,
29,0.0,0.6,0.2,0.2
30,0.0,0.0,0.0,1.0
31,,,,
32,0.1111111111111111,0.7777777777777778,0.0,0.1111111111111111
33,0.0,0.6666666666666666,0.3333333333333333,0.0
34,,,,
35,0.0,0.0,0.0,1.0
36,0.0,1.0,0.0,0.0
37,0.0,0.0,1.0,0.0
38,0.0,1.0,0.0,0.0
39,,,,
40,,,,
41,0.0,1.0,0.0,0.0
42,0.0,1.0,0.0,0.0
43,0.0,0.0,1.0,0.0
44,,,,
45,,,,
46,0.0,0.0,1.0,0.0
47,1.0,0.0,0.0,0.0
48,0.0,1.0,0.0,0.0
49,,,,
50,,,,
51,,,,
52,,,,
53,1.0,0.0,0.0,0.0
54,,,,
55,,,,
56,,,,
57,1.0,0.0,0.0,0.0
58,,,,
59,1.0,0.0,0.0,0.0
60,0.0,0.0,1.0,0.0
61,,,,
62,0.0,0.0,0.6666666666666666,0.3333333333333333
63,,,,
64,0.0,0.0,0.0,1.0
65,0.0,0.0,0.0,1.0
66,,,,
67,0.4,0.0,0.6,0.0
68,0.0,0.0,1.0,0.0
69,0.5,0.0,0.0,0.5
70,,,,
71,0.0,0.0,1.0,0.0
72,0.0,1.0,0.0,0.0
73,0.0,0.6,0.0,0.4
74,0.0,0.75,0.25,0.0
75,0.5,0.5,0.0,0.0
76,0.3333333333333333,0.3333333333333333,0.0,0.3333333333333333
77,0.0,0.5,0.5,0.0
78,1.0,0.0,0.0,0.0
79,0.4166666666666667,0.5,0.0,0.08333333333333333
80,0.75,0.25,0.0,0.0
81,0.2,0.8,0.0,0.0
82,,,,
83,0.0,0.0,0.25,0.75
84,0.25,0.5,0.25,0.0
85,0.0,1.0,0.0,0.0
86,0.5,0.0,0.0,0.5
87,0.0,0.0,0.8,0.2
88,0.6,0.1,0.0,0.3
89,0.25,0.75,0.0,0.0
90,0.75,0.0,0.0,0.25
91,0.6666666666666666,0.06666666666666667,0.0,0.26666666666666666
92,0.0,0.875,0.125,0.0
93,0.6,0.2,0.2,0.0
94,0.0,0.38461538461538464,0.07692307692307693,0.5384615384615384
95,0.0,0.0,0.0,1.0
96,0.25,0.25,0.5,0.0
97,0.0,0.45454545454545453,0.18181818181818182,0.36363636363636365
98,0.0,0.0,0.2857142857142857,0.7142857142857143
99,,,,
100,1.0,0.0,0.0,0.0
101,0.0,1.0,0.0,0.0
102,0.7894736842105263,0.05263157894736842,0.15789473684210525,0.0
103,0.4666666666666667,0.4666666666666667,0.0,0.06666666666666667
104,0.0,0.0,0.3333333333333333,0.6666666666666666
105,0.0,0.0,1.0,0.0
106,1.0,0.0,0.0,0.0
107,,,,
108,0.0,0.125,0.75,0.125
109,,,,
110,0.0,0.0,1.0,0.0
111,0.0,0.0,1.0,0.0
112,0.0,0.0,0.0,1.0
113,0.2,0.0,0.2,0.6
114,1.0,0.0,0.0,0.0
115,0.0,0.3333333333333333,0.0,0.6666666666666666
116,0.0,0.0,0.0,1.0
117,0.09090909090909091,0.0,0.2727272727272727,0.6363636363636364
118,,,,
119,0.5,0.0,0.0,0.5
120,0.0,0.0,1.0,0.0
121,0.125,0.8125,0.0625,0.0
122,0.0,1.0,0.0,0.0
123,0.3333333333333333,0.6666666666666666,0.0,0.0
124,1.0,0.0,0.0,0.0
125,0.2,0.4,0.0,0.4
126,0.0,0.4,0.6,0.0
127,0.0,0.0,0.625,0.375
128,1.0,0.0,0.0,0.0
129,,,,
130,,,,
131,0.75,0.25,0.0,0.0
132,0.0,0.0,0.0,1.0
133,0.0,1.0,0.0,0.0
134,1.0,0.0,0.0,0.0
135,,,,
136,,,,
137,0.8571428571428571,0.0,0.0,0.14285714285714285
138,,,,
139,0.0,1.0,0.0,0.0
140,,,,
141,,,,
142,,,,
143,0.0,1.0,0.0,0.0
144,,,,
145,,,,
146,0.4444444444444444,0.2777777777777778,0.0,0.2777777777777778
147,0.0,1.0,0.0,0.0
148,,,,
149,0.0,0.5,0.5,0.0
150,0.0,0.0,0.8571428571428571,0.14285714285714285
151,0.5,0.5,0.0,0.0
152,0.3333333333333333,0.0,0.3333333333333333,0.3333333333333333
153,0.0,0.1111111111111111,0.5555555555555556,0.3333333333333333
154,0.0,0.09090909090909091,0.9090909090909091,0.0
155,0.6666666666666666,0.25,0.08333333333333333,0.0
156,0.1,0.0,0.8,0.1
157,0.0,0.2,0.8,0.0
158,0.3333333333333333,0.6666666666666666,0.0,0.0
159,0.0,0.42857142857142855,0.5714285714285714,0.0
160,0.5714285714285714,0.2857142857142857,0.0,0.14285714285714285
161,0.4444444444444444,0.2222222222222222,0.3333333333333333,0.0
162,1.0,0.0,0.0,0.0
163,1.0,0.0,0.0,0.0
164,0.0,0.0,1.0,0.0
165,0.0,0.14285714285714285,0.42857142857142855,0.42857142857142855
166,0.4,0.0,0.0,0.6
167,0.08333333333333333,0.0,0.75,0.16666666666666666
168,0.0,0.4,0.4,0.2
169,0.3333333333333333,0.0,0.6666666666666666,0.0
170,,,,
171,0.0,0.6,0.4,0.0
172,0.0,0.4,0.6,0.0
173,0.0,0.0,0.4166666666666667,0.5833333333333334
174,0.0,0.10344827586206896,0.034482758620689655,0.8620689655172413
175,0.0,0.0,0.0,1.0
176,0.3333333333333333,0.0,0.0,0.6666666666666666
177,0.0,1.0,0.0,0.0
178,0.0,0.25,0.25,0.5
179,0.0,0.0,0.1,0.9
180,0.0,0.0,1.0,0.0
181,,,,
182,,,,
183,,,,
184,,,,
185,0.0,0.0,0.6666666666666666,0.3333333333333333
186,,,,
187,,,,
188,0.0,0.0,1.0,0.0
189,0.0,0.2,0.8,0.0
190,0.0,0.0,1.0,0.0
191,0.0,0.5,0.0,0.5
192,0.0,0.2,0.8,0.0
193,0.3333333333333333,0.6666666666666666,0.0,0.0
194,0.0,1.0,0.0,0.0
195,,,,
196,,,,
197,0.0,0.4,0.6,0.0
198,0.6666666666666666,0.0,0.0,0.3333333333333333
199,0.0,0.0,0.0,1.0
200,0.6666666666666666,0.0,0.3333333333333333,0.0
201,0.0,0.0,0.5555555555555556,0.4444444444444444
202,0.0,0.0,0.0,1.0
203,,,,
204,0.0,0.0,0.4,0.6
205,,,,
206,0.0,0.21428571428571427,0.42857142857142855,0.35714285714285715
207,1.0,0.0,0.0,0.0
208,0.0,0.0,0.0,1.0
209,0.0,0.2222222222222222,0.5555555555555556,0.2222222222222222
210,0.75,0.125,0.0,0.125
211,0.0,1.0,0.0,0.0
212,0.0,0.21428571428571427,0.5,0.2857142857142857
213,1.0,0.0,0.0,0.0
214,0.0,0.0,0.0,1.0
215,0.0,0.0,0.0,1.0
216,0.0,0.0,0.6,0.4
217,0.45454545454545453,0.0,0.36363636363636365,0.18181818181818182
218,0.16666666666666666,0.6666666666666666,0.0,0.16666666666666666
219,0.0,0.0,1.0,0.0
220,1.0,0.0,0.0,0.0
221,0.2,0.0,0.2,0.6
222,0.0,0.6666666666666666,0.3333333333333333,0.0
223,0.0,0.0,0.8,0.2
224,1.0,0.0,0.0,0.0
225,,,,
226,0.0,0.6666666666666666,0.3333333333333333,0.0
227,0.1,0.0,0.2,0.7
228,0.0,0.0,0.0,1.0
229,0.0,1.0,0.0,0.0
230,0.5,0.1,0.0,0.4
231,0.14285714285714285,0.42857142857142855,0.42857142857142855,0.0
232,,,,
233,0.0,0.0,0.4,0.6
234,,,,
235,0.75,0.0,0.0,0.25
236,,,,
237,0.0,0.0,0.0,1.0
238,,,,
239,0.25,0.25,0.0,0.5
240,0.0,0.5,0.5,0.0
241,0.0,0.0,1.0,0.0
242,0.7142857142857143,0.21428571428571427,0.0,0.07142857142857142
243,0.25,0.0,0.16666666666666666,0.5833333333333334
244,,,,
245,0.0,1.0,0.0,0.0
246,0.0,0.6666666666666666,0.3333333333333333,0.0
247,0.30434782608695654,0.6956521739130435,0.0,0.0
248,0.0,0.0,0.5555555555555556,0.4444444444444444
249,1.0,0.0,0.0,0.0
250,,,,
251,0.3333333333333333,0.6666666666666666,0.0,0.0
252,0.6,0.4,0.0,0.0
253,,,,
254,,,,
255,0.0,0.0,1.0,0.0
256,0.0,0.0,0.0,1.0
257,0.0,0.0,0.0,1.0
258,,,,
259,,,,
260,,,,
261,0.0,0.0,0.0,1.0
262,,,,
263,1.0,0.0,0.0,0.0
264,,,,
265,,,,
266,,,,
267,0.0,0.0,1.0,0.0
268,0.0,0.0,0.0,1.0
269,,,,
270,0.0,0.0,0.0,1.0
271,0.0,0.0,1.0,0.0
272,0.0,0.75,0.25,0.0
273,0.6666666666666666,0.1111111111111111,0.0,0.2222222222222222
274,,,,
275,0.22727272727272727,0.13636363636363635,0.0,0.6363636363636364
276,,,,
277,0.0,0.0,0.0,1.0
278,,,,
279,0.0,0.0,1.0,0.0
280,,,,
281,0.0,0.0,0.0,1.0
282,,,,
283,,,,
284,,,,
285,1.0,0.0,0.0,0.0
286,1.0,0.0,0.0,0.0
287,1.0,0.0,0.0,0.0
288,0.0,0.5,0.5,0.0
289,,,,
290,,,,
291,,,,
292,,,,
293,1.0,0.0,0.0,0.0
294,,,,
295,,,,
296,,,,
297,,,,
298,,,,
299,,,,
300,,,,
301,,,,
302,,,,
303,,,,
304,,,,
305,,,,
306,,,,
307,,,,
308,,,,
309,,,,
310,,,,
311,,,,
312,,,,
