,A,C,G,T
0,,,,
1,,,,
2,0.0,1.0,0.0,0.0
3,0.0,0.0,1.0,0.0
4,,,,
5,0.05,0.0,0.95,0.0
6,0.0,0.0,1.0,0.0
7,,,,
8,,,,
9,0.0,1.0,0.0,0.0
10,,,,
11,1.0,0.0,0.0,0.0
12,0.0,0.5,0.5,0.0
13,0.0,0.0,1.0,0.0
14,0.0,1.0,0.0,0.0
15,,,,
16,,,,
17,1.0,0.0,0.0,0.0
18,,,,
19,,,,
20,,,,
21,1.0,0.0,0.0,0.0
22,,,,
23,0.0,0.9166666666666666,0.08333333333333333,0.0
24,,,,
25,,,,
26,1.0,0.0,0.0,0.0
27,0.0,0.0,1.0,0.0
28,0.2,0.0,0.0,0.8
29,0.5,0.375,0.0,0.125
30,0.0,0.0,0.7142857142857143,0.2857142857142857
31,0.0,0.08333333333333333,0.9166666666666666,0.0
32,1.0,0.0,0.0,0.0
33,1.0,0.0,0.0,0.0
34,0.0,1.0,0.0,0.0
35,0.0,1.0,0.0,0.0
36,,,,
37,0.0,0.05,0.9,0.05
38,0.0,0.0,1.0,0.0
39,,,,
40,,,,
41,0.0,0.0,1.0,0.0
42,0.0,0.0,1.0,0.0
43,,,,
44,0.0,0.8333333333333334,0.0,0.16666666666666666
45,0.0,0.0,1.0,0.0
46,,,,
47,,,,
48,,,,
49,,,,
50,0.8,0.0,0.0,0.2
51,,,,
52,,,,
53,,,,
54,0.0,0.0,1.0,0.0
55,,,,
56,0.875,0.0,0.0,0.125
57,0.0,0.0,1.0,0.0
58,0.0,1.0,0.0,0.0
59,0.0,0.0,0.0,1.0
60,,,,
61,,,,
62,0.0,0.0,1.0,0.0
63,,,,
64,,,,
65,0.5,0.0,0.0,0.5
66,0.0,0.0,0.0,1.0
67,0.0,0.0,1.0,0.0
68,0.6,0.0,0.2,0.2
69,0.0,0.16666666666666666,0.8333333333333334,0.0
70,,,,
71,0.5,0.0,0.5,0.0
72,,,,
73,,,,
74,0.0,0.3333333333333333,0.6666666666666666,0.0
75,,,,
76,0.5,0.5,0.0,0.0
77,0.625,0.1875,0.0,0.1875
78,0.75,0.0,0.25,0.0
79,,,,
80,0.0,0.0,0.0,1.0
81,,,,
82,,,,
83,0.0,0.0,1.0,0.0
84,0.7333333333333333,0.0,0.06666666666666667,0.2
85,,,,
86,,,,
87,0.0,0.16666666666666666,0.8333333333333334,0.0
88,0.14285714285714285,0.7857142857142857,0.0,0.07142857142857142
89,0.26666666666666666,0.0,0.06666666666666667,0.6666666666666666
90,0.0,0.3,0.4,0.3
91,0.0,0.0,1.0,0.0
92,0.6,0.2,0.2,0.0
93,0.0,0.07692307692307693,0.19230769230769232,0.7307692307692307
94,0.41935483870967744,0.5483870967741935,0.0,0.03225806451612903
95,0.4117647058823529,0.47058823529411764,0.11764705882352941,0.0
96,0.6666666666666666,0.3333333333333333,0.0,0.0
97,0.8571428571428571,0.14285714285714285,0.0,0.0
98,0.0,0.5454545454545454,0.45454545454545453,0.0
99,0.0,0.030303030303030304,0.7878787878787878,0.18181818181818182
100,0.10526315789473684,0.8947368421052632,0.0,0.0
101,0.6,0.4,0.0,0.0
102,0.12,0.08,0.8,0.0
103,0.2,0.8,0.0,0.0
104,,,,
105,1.0,0.0,0.0,0.0
106,,,,
107,0.0,1.0,0.0,0.0
108,0.0,0.030303030303030304,0.9696969696969697,0.0
109,0.23529411764705882,0.5882352941176471,0.0,0.17647058823529413
110,0.0,0.0,0.0,1.0
111,,,,
112,0.0,0.0,0.0,1.0
113,,,,
114,0.0,0.2,0.7,0.1
115,,,,
116,0.0,0.0,1.0,0.0
117,,,,
118,1.0,0.0,0.0,0.0
119,0.0,0.3333333333333333,0.6666666666666666,0.0
120,,,,
121,,,,
122,,,,
123,0.14285714285714285,0.0,0.6428571428571429,0.21428571428571427
124,,,,
125,0.0,0.0,0.5,0.5
126,1.0,0.0,0.0,0.0
127,,,,
128,0.0,0.6363636363636364,0.0,0.36363636363636365
129,,,,
130,1.0,0.0,0.0,0.0
131,1.0,0.0,0.0,0.0
132,,,,
133,0.0,0.0,1.0,0.0
134,1.0,0.0,0.0,0.0
135,0.0,1.0,0.0,0.0
136,1.0,0.0,0.0,0.0
137,,,,
138,,,,
139,0.0,1.0,0.0,0.0
140,0.4,0.0,0.0,0.6
141,0.0,0.6,0.0,0.4
142,,,,
143,1.0,0.0,0.0,0.0
144,,,,
145,,,,
146,0.0,0.6666666666666666,0.0,0.3333333333333333
147,,,,
148,,,,
149,0.2631578947368421,0.7368421052631579,0.0,0.0
150,0.9333333333333333,0.0,0.0,0.06666666666666667
151,0.0,0.0,1.0,0.0
152,0.0,0.5,0.25,0.25
153,0.875,0.0,0.08333333333333333,0.041666666666666664
154,0.0,0.5652173913043478,0.43478260869565216,0.0
155,0.0,0.0,0.0,1.0
156,0.0,0.0,1.0,0.0
157,,,,
158,0.0,1.0,0.0,0.0
159,0.0,0.0,0.0,1.0
160,0.0,0.6666666666666666,0.0,0.3333333333333333
161,0.0,1.0,0.0,0.0
162,0.0,0.0,1.0,0.0
163,1.0,0.0,0.0,0.0
164,0.0,1.0,0.0,0.0
165,0.8888888888888888,0.0,0.0,0.1111111111111111
166,,,,
167,0.5,0.5,0.0,0.0
168,0.8181818181818182,0.09090909090909091,0.0,0.09090909090909091
169,0.0,0.0,1.0,0.0
170,0.0625,0.9375,0.0,0.0
171,0.6153846153846154,0.07692307692307693,0.0,0.3076923076923077
172,0.0,1.0,0.0,0.0
173,0.36363636363636365,0.2727272727272727,0.36363636363636365,0.0
174,0.0,0.75,0.25,0.0
175,0.0,0.45454545454545453,0.36363636363636365,0.18181818181818182
176,0.0,0.125,0.75,0.125
177,0.09090909090909091,0.9090909090909091,0.0,0.0
178,0.0,0.08333333333333333,0.25,0.6666666666666666
179,0.0,0.0,0.0,1.0
180,,,,
181,,,,
182,0.0,0.0,0.2,0.8
183,0.0,0.5,0.25,0.25
184,0.625,0.225,0.0,0.15
185,0.18181818181818182,0.0,0.3181818181818182,0.5
186,0.0,0.9047619047619048,0.047619047619047616,0.047619047619047616
187,0.8,0.0,0.0,0.2
188,0.0,0.3333333333333333,0.16666666666666666,0.5
189,0.5,0.25,0.25,0.0
190,1.0,0.0,0.0,0.0
191,0.2,0.4,0.4,0.0
192,,,,
193,0.3333333333333333,0.0,0.6666666666666666,0.0
194,0.6666666666666666,0.0,0.0,0.3333333333333333
195,0.0,0.5,0.5,0.0
196,0.0,0.21428571428571427,0.7857142857142857,0.0
197,0.16666666666666666,0.5,0.0,0.3333333333333333
198,0.0,0.0,0.3333333333333333,0.6666666666666666
199,0.6296296296296297,0.0,0.3333333333333333,0.037037037037037035
200,0.10526315789473684,0.0,0.05263157894736842,0.8421052631578947
201,0.0,1.0,0.0,0.0
202,1.0,0.0,0.0,0.0
203,0.9411764705882353,0.0,0.0,0.058823529411764705
204,0.0,0.0,1.0,0.0
205,0.0,0.0,1.0,0.0
206,0.5,0.0,0.5,0.0
207,0.0,0.0,0.2222222222222222,0.7777777777777778
208,0.6666666666666666,0.0,0.3333333333333333,0.0
209,0.75,0.0,0.0,0.25
210,0.0,0.0,1.0,0.0
211,0.0,1.0,0.0,0.0
212,0.0,0.0,0.0,1.0
213,1.0,0.0,0.0,0.0
214,0.3333333333333333,0.0,0.3333333333333333,0.3333333333333333
215,0.0,0.0,1.0,0.0
216,0.0,0.0,0.0,1.0
217,0.0,0.0,0.7916666666666666,0.20833333333333334
218,,,,
219,,,,
220,0.0,0.2,0.8,0.0
221,0.3333333333333333,0.0,0.6666666666666666,0.0
222,0.0,0.0,1.0,0.0
223,0.6190476190476191,0.0,0.0,0.38095238095238093
224,0.0,0.0,0.7777777777777778,0.2222222222222222
225,0.5,0.0,0.5,0.0
226,,,,
227,0.0,0.0,1.0,0.0
228,0.0,0.0,1.0,0.0
229,0.0,0.2222222222222222,0.7777777777777778,0.0
230,0.0,0.0,1.0,0.0
231,0.0,0.0,1.0,0.0
232,0.0,0.3333333333333333,0.6666666666666666,0.0
233,0.0,0.0,0.0,1.0
234,0.15384615384615385,0.0,0.8461538461538461,0.0
235,0.0,0.0,0.0,1.0
236,1.0,0.0,0.0,0.0
237,1.0,0.0,0.0,0.0
238,0.0,0.0,1.0,0.0
239,0.125,0.125,0.0,0.75
240,0.0,0.14285714285714285,0.0,0.8571428571428571
241,0.0,0.5,0.5,0.0
242,0.0,0.0,0.0,1.0
243,,,,
244,,,,
245,0.53125,0.15625,0.3125,0.0
246,0.0,0.0,0.16666666666666666,0.8333333333333334
247,0.2,0.0,0.65,0.15
248,0.0,0.0,0.21428571428571427,0.7857142857142857
249,0.0,0.0,0.2,0.8
250,,,,
251,,,,
252,0.0,0.2,0.4,0.4
253,0.0,0.0,0.5,0.5
254,0.0,0.0,0.6666666666666666,0.3333333333333333
255,0.0,0.3076923076923077,0.5384615384615384,0.15384615384615385
256,0.0,0.5,0.0,0.5
257,0.0,0.0,0.0,1.0
258,0.0,0.2222222222222222,0.6666666666666666,0.1111111111111111
259,0.0,0.0,1.0,0.0
260,,,,
261,0.5,0.0,0.0,0.5
262,0.0,0.6666666666666666,0.3333333333333333,0.0
263,0.0,0.0,0.0,1.0
264,,,,
265,0.0,0.0,0.0,1.0
266,0.1111111111111111,0.6666666666666666,0.2222222222222222,0.0
267,0.6666666666666666,0.3333333333333333,0.0,0.0
268,0.6153846153846154,0.23076923076923078,0.15384615384615385,0.0
269,0.375,0.4375,0.0,0.1875
270,0.0,0.5,0.0,0.5
271,,,,
272,1.0,0.0,0.0,0.0
273,,,,
274,0.0,0.0,1.0,0.0
275,0.0,0.14285714285714285,0.2857142857142857,0.5714285714285714
276,,,,
277,0.0,0.0,0.9333333333333333,0.06666666666666667
278,,,,
279,0.0,1.0,0.0,0.0
280,1.0,0.0,0.0,0.0
281,0.0,0.13333333333333333,0.8,0.06666666666666667
282,0.0,0.0,1.0,0.0
283,,,,
284,0.0,1.0,0.0,0.0
285,,,,
286,0.0,0.0,0.0,1.0
287,0.0,0.0,0.0,1.0
288,0.0,0.0,1.0,0.0
289,,,,
290,0.0,0.75,0.25,0.0
291,1.0,0.0,0.0,0.0
292,,,,
293,0.0,0.8333333333333334,0.16666666666666666,0.0
294,0.0,0.0,0.0,1.0
295,0.0,0.0,1.0,0.0
296,0.0,0.0,1.0,0.0
297,,,,
298,0.0,0.0,0.0,1.0
299,,,,
300,,,,
301,,,,
302,,,,
303,,,,
304,,,,
305,,,,
306,,,,
307,,,,
308,,,,
309,,,,
310,,,,
311,,,,
312,,,,
313,,,,
314,,,,
315,,,,
316,,,,
317,,,,
318,,,,
319,,,,
320,,,,
