,A,C,G,T
0,,,,
1,,,,
2,0.444015444015444,0.42084942084942084,0.0,0.13513513513513514
3,0.578125,0.28125,0.0,0.140625
4,0.6650717703349283,0.32057416267942584,0.014354066985645933,0.0
5,0.5,0.16091954022988506,0.0,0.3390804597701149
6,0.5035460992907801,0.0,0.36879432624113473,0.1276595744680851
7,0.0,0.05138339920948617,0.383399209486166,0.5652173913043478
8,0.7352941176470589,0.18970588235294117,0.0,0.075
9,0.06192660550458716,0.0,0.11238532110091744,0.8256880733944955
10,0.3,0.5,0.2,0.0
11,0.6823529411764706,0.11764705882352941,0.0,0.2
12,0.3984375,0.28125,0.0,0.3203125
13,0.5462184873949579,0.40336134453781514,0.05042016806722689,0.0
14,0.15,0.2875,0.0,0.5625
15,0.0,0.6590909090909091,0.0,0.3409090909090909
16,0.0,0.7727272727272727,0.09090909090909091,0.13636363636363635
17,0.6920529801324503,0.2185430463576159,0.0,0.08940397350993377
18,0.36363636363636365,0.3181818181818182,0.3181818181818182,0.0
19,0.4,0.0,0.2,0.4
20,0.14516129032258066,0.3024193548387097,0.5524193548387096,0.0
21,0.07692307692307693,0.07692307692307693,0.0,0.8461538461538461
22,0.2222222222222222,0.16666666666666666,0.0,0.6111111111111112
23,0.3076923076923077,0.45054945054945056,0.0,0.24175824175824176
24,0.1875,0.25,0.0,0.5625
25,0.3684210526315789,0.10526315789473684,0.0,0.5263157894736842
26,0.0,0.5806451612903226,0.24731182795698925,0.17204301075268819
27,0.6166365280289331,0.3707052441229656,0.0,0.012658227848101266
28,0.3177257525083612,0.6287625418060201,0.0,0.05351170568561873
29,0.35587188612099646,0.5622775800711743,0.08185053380782918,0.0
30,0.11650485436893204,0.22330097087378642,0.0,0.6601941747572816
31,0.3211009174311927,0.5412844036697247,0.13761467889908258,0.0
32,0.5467128027681661,0.1972318339100346,0.0,0.2560553633217993
33,0.8208955223880597,0.08582089552238806,0.0,0.09328358208955224
34,0.1518324607329843,0.7539267015706806,0.09424083769633508,0.0
35,0.0,0.3654970760233918,0.31432748538011696,0.3201754385964912
36,0.6865671641791045,0.0,0.06716417910447761,0.2462686567164179
37,0.7543859649122807,0.19298245614035087,0.0,0.05263157894736842
38,0.4262295081967213,0.3442622950819672,0.0,0.22950819672131148
39,0.45454545454545453,0.0,0.09090909090909091,0.45454545454545453
40,0.16666666666666666,0.0,0.5,0.3333333333333333
41,0.009248554913294798,0.07167630057803469,0.9190751445086706,0.0
42,0.21428571428571427,0.0,0.0,0.7857142857142857
43,0.18181818181818182,0.0,0.0,0.8181818181818182
44,0.6582278481012658,0.13924050632911392,0.0,0.20253164556962025
45,0.6,0.11428571428571428,0.0,0.2857142857142857
46,0.8581081081081081,0.11486486486486487,0.0,0.02702702702702703
47,0.6770833333333334,0.09375,0.0,0.22916666666666666
48,0.18,0.14,0.68,0.0
49,0.3125,0.0,0.34375,0.34375
50,0.3128205128205128,0.0,0.24615384615384617,0.441025641025641
51,0.26732673267326734,0.0,0.40594059405940597,0.32673267326732675
52,0.12,0.24,0.64,0.0
53,0.41333333333333333,0.52,0.0,0.06666666666666667
54,0.0,0.5862068965517241,0.29310344827586204,0.1206896551724138
55,0.45588235294117646,0.39705882352941174,0.0,0.14705882352941177
56,0.0,0.5063291139240507,0.3670886075949367,0.12658227848101267
57,0.2909090909090909,0.0,0.45454545454545453,0.2545454545454545
58,0.10526315789473684,0.5263157894736842,0.3684210526315789,0.0
59,0.21428571428571427,0.0,0.55,0.2357142857142857
60,0.07333333333333333,0.38,0.5466666666666666,0.0
61,0.5588235294117647,0.0,0.23529411764705882,0.20588235294117646
62,0.43529411764705883,0.0,0.17058823529411765,0.3941176470588235
63,0.08,0.08,0.84,0.0
64,,,,
65,0.043010752688172046,0.6559139784946236,0.3010752688172043,0.0
66,0.5899581589958159,0.029288702928870293,0.0,0.3807531380753138
67,0.37748344370860926,0.0,0.029801324503311258,0.5927152317880795
68,0.0,0.3142857142857143,0.4714285714285714,0.21428571428571427
69,0.7663551401869159,0.06542056074766354,0.0,0.16822429906542055
70,0.01773049645390071,0.0,0.48936170212765956,0.4929078014184397
71,0.18110236220472442,0.0,0.4881889763779528,0.33070866141732286
72,0.05194805194805195,0.4675324675324675,0.4805194805194805,0.0
73,0.17307692307692307,0.0,0.17307692307692307,0.6538461538461539
74,0.1016260162601626,0.7032520325203252,0.1951219512195122,0.0
75,0.7777777777777778,0.05555555555555555,0.0,0.16666666666666666
76,0.5510204081632653,0.20408163265306123,0.0,0.24489795918367346
77,0.0,0.6242424242424243,0.2,0.17575757575757575
78,0.417910447761194,0.3283582089552239,0.2537313432835821,0.0
79,0.15492957746478872,0.5492957746478874,0.29577464788732394,0.0
80,0.07926829268292683,0.0,0.06707317073170732,0.8536585365853658
81,0.0,0.37971014492753624,0.5043478260869565,0.11594202898550725
82,0.4253285543608124,0.0,0.34528076463560337,0.22939068100358423
83,0.18113772455089822,0.0,0.44011976047904194,0.3787425149700599
84,0.0673076923076923,0.6730769230769231,0.25961538461538464,0.0
85,0.22580645161290322,0.3225806451612903,0.45161290322580644,0.0
86,0.08974358974358974,0.6538461538461539,0.2564102564102564,0.0
87,0.5142857142857142,0.3673469387755102,0.0,0.11836734693877551
88,0.0,0.1901931649331352,0.763744427934621,0.04606240713224369
89,0.36070381231671556,0.43255131964809385,0.20674486803519063,0.0
90,0.5634920634920635,0.26587301587301587,0.0,0.17063492063492064
91,0.0,0.37073170731707317,0.17560975609756097,0.45365853658536587
92,0.2448559670781893,0.6131687242798354,0.1419753086419753,0.0
93,0.2604501607717042,0.6881028938906752,0.05144694533762058,0.0
94,0.0,0.3053691275167785,0.12751677852348994,0.5671140939597316
95,0.033707865168539325,0.8258426966292135,0.1404494382022472,0.0
96,0.2261904761904762,0.47619047619047616,0.0,0.2976190476190476
97,0.3231441048034934,0.5873362445414847,0.0,0.08951965065502183
98,0.21710526315789475,0.0,0.46710526315789475,0.3157894736842105
99,0.0,0.3818770226537217,0.10032362459546926,0.517799352750809
100,0.038461538461538464,0.3076923076923077,0.6538461538461539,0.0
101,0.19727891156462585,0.6394557823129252,0.0,0.16326530612244897
102,0.0,0.25524475524475526,0.6398601398601399,0.1048951048951049
103,0.3573200992555831,0.5818858560794045,0.0,0.060794044665012405
104,0.014193548387096775,0.0,0.07354838709677419,0.912258064516129
105,0.05,0.35,0.6,0.0
106,0.0,0.09090909090909091,0.0,0.9090909090909091
107,0.2222222222222222,0.0,0.0,0.7777777777777778
108,0.4423076923076923,0.17307692307692307,0.0,0.38461538461538464
109,0.1,0.43333333333333335,0.4666666666666667,0.0
110,0.4117647058823529,0.0,0.0784313725490196,0.5098039215686274
111,0.32142857142857145,0.0,0.35714285714285715,0.32142857142857145
112,0.5625,0.125,0.0,0.3125
113,0.0970873786407767,0.0,0.2815533980582524,0.6213592233009708
114,0.45454545454545453,0.0,0.3181818181818182,0.22727272727272727
115,0.0,0.23943661971830985,0.30985915492957744,0.4507042253521127
116,0.0,0.1493212669683258,0.8099547511312217,0.04072398190045249
117,0.32247557003257327,0.495114006514658,0.0,0.18241042345276873
118,0.0031088082901554403,0.0,0.24145077720207253,0.755440414507772
119,0.14473684210526316,0.631578947368421,0.2236842105263158,0.0
120,0.16981132075471697,0.0,0.09433962264150944,0.7358490566037735
121,0.47058823529411764,0.0,0.29411764705882354,0.23529411764705882
122,0.0,0.32450331125827814,0.3841059602649007,0.2913907284768212
123,0.2608695652173913,0.6086956521739131,0.0,0.13043478260869565
124,0.29545454545454547,0.29545454545454547,0.0,0.4090909090909091
125,0.6195652173913043,0.3423913043478261,0.0,0.03804347826086957
126,0.0,0.22641509433962265,0.7169811320754716,0.05660377358490566
127,0.0,0.11818181818181818,0.8363636363636363,0.045454545454545456
128,0.5128205128205128,0.07692307692307693,0.0,0.41025641025641024
129,0.2826086956521739,0.17391304347826086,0.0,0.5434782608695652
130,0.2413793103448276,0.27586206896551724,0.0,0.4827586206896552
131,0.5031982942430704,0.2899786780383795,0.0,0.2068230277185501
132,0.21374045801526717,0.0,0.3893129770992366,0.3969465648854962
133,0.009900990099009901,0.5841584158415841,0.40594059405940597,0.0
134,0.423728813559322,0.19491525423728814,0.0,0.3813559322033898
135,0.06060606060606061,0.5303030303030303,0.0,0.4090909090909091
136,0.0,0.09523809523809523,0.798941798941799,0.10582010582010581
137,0.8181818181818182,0.045454545454545456,0.0,0.13636363636363635
138,0.06666666666666667,0.022222222222222223,0.9111111111111111,0.0
139,0.09836065573770492,0.08196721311475409,0.0,0.819672131147541
140,0.2909090909090909,0.32727272727272727,0.0,0.38181818181818183
141,0.5707070707070707,0.2777777777777778,0.0,0.15151515151515152
142,0.07272727272727272,0.09090909090909091,0.8363636363636363,0.0
143,0.18807339449541285,0.0,0.3119266055045872,0.5
144,0.03653846153846154,0.007692307692307693,0.9557692307692308,0.0
145,0.16091954022988506,0.0,0.7011494252873564,0.13793103448275862
146,0.2885085574572127,0.4474327628361858,0.26405867970660146,0.0
147,0.7189542483660131,0.16122004357298475,0.0,0.11982570806100218
148,0.46055979643765904,0.4300254452926209,0.0,0.10941475826972011
149,0.18546845124282982,0.5200764818355641,0.2944550669216061,0.0
150,0.0,0.30324909747292417,0.6137184115523465,0.08303249097472924
151,0.17894736842105263,0.22105263157894736,0.6,0.0
152,0.18625277161862527,0.6008869179600886,0.21286031042128603,0.0
153,0.0,0.1503957783641161,0.6912928759894459,0.158311345646438
154,0.0,0.3700623700623701,0.5384615384615384,0.09147609147609148
155,0.12189054726368159,0.5174129353233831,0.36069651741293535,0.0
156,0.29333333333333333,0.38666666666666666,0.32,0.0
157,0.48756218905472637,0.31840796019900497,0.0,0.19402985074626866
158,0.1987179487179487,0.5256410256410257,0.0,0.27564102564102566
159,0.0,0.2980769230769231,0.657051282051282,0.04487179487179487
160,0.0,0.18689320388349515,0.7063106796116505,0.10679611650485436
161,0.2534435261707989,0.5041322314049587,0.24242424242424243,0.0
162,0.6885245901639344,0.02459016393442623,0.0,0.28688524590163933
163,0.3333333333333333,0.5987654320987654,0.0,0.06790123456790123
164,0.3555240793201133,0.48158640226628896,0.16288951841359772,0.0
165,0.4670487106017192,0.38968481375358166,0.0,0.14326647564469913
166,0.6030150753768844,0.264321608040201,0.0,0.13266331658291458
167,0.3406193078324226,0.4663023679417122,0.1930783242258652,0.0
168,0.0,0.1450381679389313,0.6564885496183206,0.1984732824427481
169,0.45784543325526933,0.2997658079625293,0.0,0.2423887587822014
170,0.15369059656218403,0.0,0.1577350859453994,0.6885743174924166
171,0.0,0.22108843537414966,0.5714285714285714,0.20748299319727892
172,0.2230347349177331,0.0,0.2376599634369287,0.5393053016453382
173,0.0,0.4410480349344978,0.40611353711790393,0.15283842794759825
174,0.5023622047244094,0.2740157480314961,0.0,0.22362204724409449
175,0.5359550561797752,0.3404494382022472,0.0,0.12359550561797752
176,0.23958333333333334,0.484375,0.2760416666666667,0.0
177,0.059322033898305086,0.6271186440677966,0.3135593220338983,0.0
178,0.0,0.6041666666666666,0.125,0.2708333333333333
179,0.046511627906976744,0.8418604651162791,0.11162790697674418,0.0
180,0.5462184873949579,0.12605042016806722,0.0,0.3277310924369748
181,0.0327455919395466,0.0,0.5591939546599496,0.4080604534005038
182,0.0,0.10424710424710425,0.6756756756756757,0.22007722007722008
183,0.5074626865671642,0.34328358208955223,0.0,0.14925373134328357
184,0.0,0.5833333333333334,0.3141025641025641,0.10256410256410256
185,0.13793103448275862,0.0,0.5775862068965517,0.28448275862068967
186,0.11392405063291139,0.11392405063291139,0.7721518987341772,0.0
187,0.3888888888888889,0.0,0.16666666666666666,0.4444444444444444
188,0.20114942528735633,0.5344827586206896,0.26436781609195403,0.0
189,0.26506024096385544,0.46987951807228917,0.0,0.26506024096385544
190,0.06593406593406594,0.37362637362637363,0.5604395604395604,0.0
191,0.5294117647058824,0.25882352941176473,0.0,0.21176470588235294
192,0.0,0.310126582278481,0.6708860759493671,0.0189873417721519
193,0.0,0.03303303303303303,0.9309309309309309,0.036036036036036036
194,0.4146341463414634,0.17073170731707318,0.0,0.4146341463414634
195,0.3508771929824561,0.14035087719298245,0.0,0.5087719298245614
196,0.676056338028169,0.08450704225352113,0.0,0.23943661971830985
197,0.23157894736842105,0.0,0.3473684210526316,0.42105263157894735
198,0.4827586206896552,0.0,0.27586206896551724,0.2413793103448276
199,0.3,0.0,0.0,0.7
200,0.0,0.45964912280701753,0.47719298245614034,0.06315789473684211
201,0.1797752808988764,0.3707865168539326,0.449438202247191,0.0
202,0.14705882352941177,0.20588235294117646,0.6470588235294118,0.0
203,0.1643835616438356,0.0,0.0684931506849315,0.7671232876712328
204,0.0,0.0948905109489051,0.36496350364963503,0.5401459854014599
205,0.09556313993174062,0.0,0.1945392491467577,0.7098976109215017
206,0.48484848484848486,0.0,0.42424242424242425,0.09090909090909091
207,0.0,0.0392156862745098,0.9509803921568627,0.00980392156862745
208,0.1388888888888889,0.3888888888888889,0.4722222222222222,0.0
209,0.23529411764705882,0.0,0.31862745098039214,0.44607843137254904
210,0.38202247191011235,0.10112359550561797,0.5168539325842697,0.0
211,0.38666666666666666,0.0,0.09333333333333334,0.52
212,0.421875,0.0,0.125,0.453125
213,0.0,0.7636363636363637,0.14545454545454545,0.09090909090909091
214,0.7916666666666666,0.125,0.0,0.08333333333333333
215,0.0,0.1111111111111111,0.7962962962962963,0.09259259259259259
216,0.8235294117647058,0.058823529411764705,0.0,0.11764705882352941
217,0.0,0.32142857142857145,0.6071428571428571,0.07142857142857142
218,0.5609756097560976,0.0,0.14634146341463414,0.2926829268292683
219,0.0,0.05982905982905983,0.8632478632478633,0.07692307692307693
220,0.0,0.3130434782608696,0.6434782608695652,0.043478260869565216
221,0.13953488372093023,0.0,0.29457364341085274,0.5658914728682171
222,0.6771300448430493,0.02242152466367713,0.0,0.3004484304932735
223,0.24338624338624337,0.0,0.37566137566137564,0.38095238095238093
224,0.1693548387096774,0.0,0.6854838709677419,0.14516129032258066
225,0.0,0.5028248587570622,0.4745762711864407,0.022598870056497175
226,0.0,0.08585858585858586,0.8484848484848485,0.06565656565656566
227,0.4738955823293173,0.3895582329317269,0.0,0.13654618473895583
228,0.0,0.273972602739726,0.5205479452054794,0.2054794520547945
229,0.0,0.13278008298755187,0.8589211618257261,0.008298755186721992
230,0.18307426597582038,0.0,0.33506044905008636,0.48186528497409326
231,0.7067307692307693,0.0673076923076923,0.22596153846153846,0.0
232,0.22535211267605634,0.0,0.1056338028169014,0.6690140845070423
233,0.3511450381679389,0.0,0.17557251908396945,0.4732824427480916
234,0.23734177215189872,0.0,0.560126582278481,0.20253164556962025
235,0.17391304347826086,0.2608695652173913,0.5652173913043478,0.0
236,0.345679012345679,0.5200617283950617,0.0,0.13425925925925927
237,0.08695652173913043,0.6739130434782609,0.2391304347826087,0.0
238,0.0,0.15384615384615385,0.04395604395604396,0.8021978021978022
239,0.03125,0.6145833333333334,0.3541666666666667,0.0
240,0.007058823529411765,0.0,0.011764705882352941,0.9811764705882353
241,0.058823529411764705,0.35294117647058826,0.5882352941176471,0.0
242,0.633245382585752,0.2691292875989446,0.0,0.09762532981530343
243,0.0990990990990991,0.0,0.8288288288288288,0.07207207207207207
244,0.0,0.2894736842105263,0.2894736842105263,0.42105263157894735
245,0.0,0.20392156862745098,0.7411764705882353,0.054901960784313725
246,0.0,0.5,0.19791666666666666,0.3020833333333333
247,0.2222222222222222,0.25925925925925924,0.5185185185185185,0.0
248,0.2647058823529412,0.47058823529411764,0.0,0.2647058823529412
249,0.0,0.24115755627009647,0.752411575562701,0.006430868167202572
250,0.0,0.28270042194092826,0.6329113924050633,0.08438818565400844
251,0.07476635514018691,0.0,0.1588785046728972,0.7663551401869159
252,0.0,0.2822966507177033,0.6698564593301436,0.04784688995215311
253,0.7248908296943232,0.2314410480349345,0.0,0.043668122270742356
254,0.04678362573099415,0.7134502923976608,0.23976608187134502,0.0
255,0.20270270270270271,0.0,0.5135135135135135,0.28378378378378377
256,0.043478260869565216,0.391304347826087,0.5652173913043478,0.0
257,0.23976608187134502,0.6491228070175439,0.0,0.1111111111111111
258,0.0,0.46153846153846156,0.5230769230769231,0.015384615384615385
259,0.13533834586466165,0.7443609022556391,0.0,0.12030075187969924
260,0.0,0.33505154639175255,0.5773195876288659,0.08762886597938144
261,0.26066350710900477,0.6919431279620853,0.0,0.04739336492890995
262,0.1688888888888889,0.0,0.11555555555555555,0.7155555555555555
263,0.10784313725490197,0.0,0.17647058823529413,0.7156862745098039
264,0.38461538461538464,0.15384615384615385,0.0,0.46153846153846156
265,0.0,0.2702702702702703,0.6486486486486487,0.08108108108108109
266,0.4959677419354839,0.45161290322580644,0.0,0.05241935483870968
267,0.3,0.1,0.0,0.6
268,0.0,0.2,0.7,0.1
269,0.1746031746031746,0.0,0.2698412698412698,0.5555555555555556
270,0.0,0.0,0.4878048780487805,0.5121951219512195
271,0.19047619047619047,0.0,0.047619047619047616,0.7619047619047619
272,0.2972972972972973,0.5405405405405406,0.0,0.16216216216216217
273,0.35714285714285715,0.07142857142857142,0.0,0.5714285714285714
274,0.21153846153846154,0.0,0.7307692307692307,0.057692307692307696
275,0.16842105263157894,0.0,0.06315789473684211,0.7684210526315789
276,0.2147239263803681,0.3721881390593047,0.4130879345603272,0.0
277,0.09900990099009901,0.7623762376237624,0.13861386138613863,0.0
278,0.3959469992205768,0.46843335931410757,0.0,0.13561964146531566
279,0.08333333333333333,0.16666666666666666,0.75,0.0
280,0.0,0.18181818181818182,0.18181818181818182,0.6363636363636364
281,0.017857142857142856,0.8482142857142857,0.13392857142857142,0.0
282,0.0075716603569497025,0.0,0.005408328826392645,0.9870200108166577
283,0.0,0.022364217252396165,0.10543130990415335,0.8722044728434505
284,0.017811704834605598,0.0,0.07124681933842239,0.910941475826972
285,0.13333333333333333,0.17777777777777778,0.6888888888888889,0.0
286,0.40625,0.1875,0.0,0.40625
287,0.0,0.6440677966101694,0.3559322033898305,0.0
288,0.8,0.016666666666666666,0.0,0.18333333333333332
289,0.06343283582089553,0.0,0.06716417910447761,0.8694029850746269
290,0.40816326530612246,0.2857142857142857,0.0,0.30612244897959184
291,0.0,0.7033898305084746,0.2966101694915254,0.0
292,0.7727272727272727,0.11818181818181818,0.0,0.10909090909090909
293,0.0,0.08196721311475409,0.8360655737704918,0.08196721311475409
294,0.631578947368421,0.19298245614035087,0.0,0.17543859649122806
295,0.0,0.08928571428571429,0.48214285714285715,0.42857142857142855
296,0.36363636363636365,0.6060606060606061,0.030303030303030304,0.0
297,0.16129032258064516,0.0,0.5161290322580645,0.3225806451612903
298,0.6363636363636364,0.2727272727272727,0.09090909090909091,0.0
299,0.375,0.0,0.375,0.25
300,0.0,0.5,0.5,0.0
301,0.6666666666666666,0.0,0.0,0.3333333333333333
302,0.0,1.0,0.0,0.0
303,0.0,0.0,1.0,0.0
304,,,,
305,1.0,0.0,0.0,0.0
306,,,,
307,0.0,0.0,0.0,1.0
308,,,,
309,,,,
310,,,,
311,,,,
312,,,,
313,,,,
314,,,,
315,,,,
