,A,C,G,T
0,,,,
1,,,,
2,,,,
3,0.0,0.0,0.0,1.0
4,1.0,0.0,0.0,0.0
5,,,,
6,0.7777777777777778,0.0,0.2222222222222222,0.0
7,0.0,0.0,1.0,0.0
8,0.5454545454545454,0.45454545454545453,0.0,0.0
9,0.6666666666666666,0.0,0.3333333333333333,0.0
10,0.0,0.0,1.0,0.0
11,0.5,0.5,0.0,0.0
12,1.0,0.0,0.0,0.0
13,,,,
14,0.5,0.5,0.0,0.0
15,,,,
16,,,,
17,1.0,0.0,0.0,0.0
18,,,,
19,,,,
20,1.0,0.0,0.0,0.0
21,,,,
22,,,,
23,0.0,0.0,0.0,1.0
24,,,,
25,,,,
26,,,,
27,,,,
28,,,,
29,0.0,0.0,0.8,0.2
30,,,,
31,,,,
32,0.0,1.0,0.0,0.0
33,0.0,0.0,0.0,1.0
34,,,,
35,,,,
36,0.0,0.0,1.0,0.0
37,0.0,0.0,1.0,0.0
38,,,,
39,0.0,0.0,1.0,0.0
40,,,,
41,0.0,1.0,0.0,0.0
42,0.0,0.25,0.75,0.0
43,0.25,0.0,0.0,0.75
44,1.0,0.0,0.0,0.0
45,,,,
46,0.0,0.0,1.0,0.0
47,0.0,0.0,1.0,0.0
48,0.0,0.0,1.0,0.0
49,,,,
50,0.0,0.0,0.0,1.0
51,,,,
52,,,,
53,,,,
54,1.0,0.0,0.0,0.0
55,0.0,0.0,1.0,0.0
56,,,,
57,,,,
58,,,,
59,,,,
60,,,,
61,0.2857142857142857,0.0,0.7142857142857143,0.0
62,0.25,0.0,0.5,0.25
63,,,,
64,,,,
65,,,,
66,0.0,0.0,0.0,1.0
67,1.0,0.0,0.0,0.0
68,0.6666666666666666,0.3333333333333333,0.0,0.0
69,,,,
70,,,,
71,,,,
72,,,,
73,,,,
74,0.0,1.0,0.0,0.0
75,,,,
76,,,,
77,,,,
78,0.0,0.4,0.6,0.0
79,0.0,0.2222222222222222,0.0,0.7777777777777778
80,0.0,0.0,0.3,0.7
81,0.0,1.0,0.0,0.0
82,,,,
83,0.0,0.0,0.4,0.6
84,0.0,0.4444444444444444,0.3333333333333333,0.2222222222222222
85,,,,
86,0.0,0.0,0.0,1.0
87,0.0,0.25,0.75,0.0
88,0.2857142857142857,0.7142857142857143,0.0,0.0
89,0.0,0.0,0.0,1.0
90,0.0,0.4,0.6,0.0
91,0.0,0.0,0.0,1.0
92,0.3333333333333333,0.6666666666666666,0.0,0.0
93,0.0,0.0,1.0,0.0
94,0.5714285714285714,0.14285714285714285,0.0,0.2857142857142857
95,0.2857142857142857,0.0,0.7142857142857143,0.0
96,0.0,0.0,0.0,1.0
97,0.0,0.4,0.0,0.6
98,0.6,0.0,0.0,0.4
99,0.0,0.0,1.0,0.0
100,1.0,0.0,0.0,0.0
101,0.0,1.0,0.0,0.0
102,0.0,1.0,0.0,0.0
103,0.0,0.6666666666666666,0.0,0.3333333333333333
104,0.0,0.3333333333333333,0.0,0.6666666666666666
105,1.0,0.0,0.0,0.0
106,0.0,1.0,0.0,0.0
107,1.0,0.0,0.0,0.0
108,,,,
109,0.0,1.0,0.0,0.0
110,0.0,1.0,0.0,0.0
111,0.0,0.25,0.75,0.0
112,,,,
113,0.0,0.0,0.0,1.0
114,1.0,0.0,0.0,0.0
115,,,,
116,0.0,0.8,0.0,0.2
117,,,,
118,0.0,1.0,0.0,0.0
119,0.3333333333333333,0.6666666666666666,0.0,0.0
120,0.45454545454545453,0.0,0.36363636363636365,0.18181818181818182
121,0.0,0.0,1.0,0.0
122,0.0,0.0,1.0,0.0
123,0.0,0.0,1.0,0.0
124,1.0,0.0,0.0,0.0
125,0.0,1.0,0.0,0.0
126,,,,
127,0.0,1.0,0.0,0.0
128,0.8571428571428571,0.14285714285714285,0.0,0.0
129,,,,
130,0.0,0.4,0.6,0.0
131,0.0,0.0,0.0,1.0
132,1.0,0.0,0.0,0.0
133,0.0,1.0,0.0,0.0
134,0.0,0.0,1.0,0.0
135,0.0,0.0,1.0,0.0
136,0.0,1.0,0.0,0.0
137,1.0,0.0,0.0,0.0
138,,,,
139,0.0,0.0,1.0,0.0
140,0.75,0.0,0.0,0.25
141,0.0,0.0,1.0,0.0
142,,,,
143,,,,
144,0.0,0.0,1.0,0.0
145,0.0,0.0,1.0,0.0
146,0.09090909090909091,0.8181818181818182,0.09090909090909091,0.0
147,1.0,0.0,0.0,0.0
148,0.0,0.25,0.0,0.75
149,0.8235294117647058,0.11764705882352941,0.0,0.058823529411764705
150,0.38461538461538464,0.6153846153846154,0.0,0.0
151,0.0,0.0,0.5,0.5
152,0.0,0.0,0.6153846153846154,0.38461538461538464
153,0.0,0.0,0.75,0.25
154,,,,
155,0.0,0.0,0.6,0.4
156,0.0,1.0,0.0,0.0
157,0.0,0.0,0.25,0.75
158,0.0,0.3333333333333333,0.6666666666666666,0.0
159,0.0,0.5454545454545454,0.45454545454545453,0.0
160,0.0,0.3076923076923077,0.46153846153846156,0.23076923076923078
161,0.3333333333333333,0.5555555555555556,0.1111111111111111,0.0
162,,,,
163,0.0,1.0,0.0,0.0
164,0.0,0.0,1.0,0.0
165,1.0,0.0,0.0,0.0
166,0.5,0.0,0.0,0.5
167,0.0,0.25,0.0,0.75
168,0.0,0.0,0.6666666666666666,0.3333333333333333
169,0.6923076923076923,0.3076923076923077,0.0,0.0
170,0.14285714285714285,0.0,0.14285714285714285,0.7142857142857143
171,0.0,0.0,0.875,0.125
172,,,,
173,,,,
174,0.09090909090909091,0.6363636363636364,0.2727272727272727,0.0
175,0.0,0.1,0.0,0.9
176,,,,
177,0.0,1.0,0.0,0.0
178,0.0,1.0,0.0,0.0
179,,,,
180,0.0,0.0,1.0,0.0
181,,,,
182,0.0,0.0,0.16666666666666666,0.8333333333333334
183,0.0,0.0,0.8333333333333334,0.16666666666666666
184,,,,
185,0.08333333333333333,0.9166666666666666,0.0,0.0
186,0.0,0.0,1.0,0.0
187,,,,
188,,,,
189,,,,
190,,,,
191,,,,
192,0.0,0.6666666666666666,0.3333333333333333,0.0
193,0.0,0.14285714285714285,0.42857142857142855,0.42857142857142855
194,0.75,0.25,0.0,0.0
195,0.0,0.0,1.0,0.0
196,0.0,1.0,0.0,0.0
197,,,,
198,0.0,0.0,1.0,0.0
199,,,,
200,0.0,0.6,0.4,0.0
201,0.0,1.0,0.0,0.0
202,0.0,1.0,0.0,0.0
203,0.0,0.0,0.5,0.5
204,0.0,0.0,0.0,1.0
205,0.0,0.0,0.6666666666666666,0.3333333333333333
206,0.0,0.0,0.6666666666666666,0.3333333333333333
207,0.0,0.125,0.5,0.375
208,,,,
209,0.18181818181818182,0.2727272727272727,0.0,0.5454545454545454
210,0.5714285714285714,0.0,0.42857142857142855,0.0
211,1.0,0.0,0.0,0.0
212,0.0,1.0,0.0,0.0
213,0.9166666666666666,0.08333333333333333,0.0,0.0
214,0.4,0.0,0.6,0.0
215,0.0,0.0,0.7692307692307693,0.23076923076923078
216,,,,
217,,,,
218,,,,
219,0.0,1.0,0.0,0.0
220,0.3333333333333333,0.0,0.0,0.6666666666666666
221,1.0,0.0,0.0,0.0
222,1.0,0.0,0.0,0.0
223,,,,
224,0.6666666666666666,0.0,0.0,0.3333333333333333
225,,,,
226,0.0,1.0,0.0,0.0
227,0.0,1.0,0.0,0.0
228,,,,
229,,,,
230,0.0,0.0,0.3333333333333333,0.6666666666666666
231,0.0,0.0,1.0,0.0
232,,,,
233,0.5,0.5,0.0,0.0
234,0.0,0.3333333333333333,0.6666666666666666,0.0
235,,,,
236,0.0,0.0,0.0,1.0
237,,,,
238,0.0,0.0,0.0,1.0
239,1.0,0.0,0.0,0.0
240,0.6,0.0,0.0,0.4
241,,,,
242,1.0,0.0,0.0,0.0
243,0.0,0.0,1.0,0.0
244,0.0,0.6666666666666666,0.3333333333333333,0.0
245,0.5555555555555556,0.2222222222222222,0.0,0.2222222222222222
246,0.2857142857142857,0.0,0.0,0.7142857142857143
247,,,,
248,0.0,1.0,0.0,0.0
249,0.0,0.0,1.0,0.0
250,0.0,1.0,0.0,0.0
251,0.25,0.0,0.375,0.375
252,,,,
253,0.0,0.0,1.0,0.0
254,0.0,1.0,0.0,0.0
255,1.0,0.0,0.0,0.0
256,0.0,1.0,0.0,0.0
257,0.75,0.25,0.0,0.0
258,,,,
259,1.0,0.0,0.0,0.0
260,0.5,0.0,0.0,0.5
261,1.0,0.0,0.0,0.0
262,0.5,0.0,0.0,0.5
263,0.0,0.0,0.0,1.0
264,,,,
265,0.05263157894736842,0.9473684210526315,0.0,0.0
266,0.3333333333333333,0.3333333333333333,0.0,0.3333333333333333
267,,,,
268,,,,
269,,,,
270,0.0,0.0,0.0,1.0
271,,,,
272,,,,
273,,,,
274,,,,
275,0.0,0.0,0.25,0.75
276,0.875,0.125,0.0,0.0
277,,,,
278,0.21052631578947367,0.7894736842105263,0.0,0.0
279,,,,
280,,,,
281,0.0,0.75,0.25,0.0
282,,,,
283,0.0,0.0,0.0,1.0
284,0.0,0.0,0.0,1.0
285,,,,
286,,,,
287,0.0,0.5,0.5,0.0
288,,,,
289,0.0,0.0,0.0,1.0
290,,,,
291,,,,
292,,,,
293,,,,
294,0.0,0.0,1.0,0.0
295,,,,
296,,,,
297,,,,
298,,,,
299,,,,
300,,,,
301,,,,
302,,,,
303,,,,
304,,,,
305,,,,
306,,,,
307,,,,
308,,,,
309,,,,
310,,,,
311,,,,
312,,,,
313,,,,
314,,,,
315,,,,
