,A,C,G,T
0,,,,
1,,,,
2,0.4997160704145372,0.37081203861442363,0.0,0.12947189097103917
3,0.5368248772504092,0.19639934533551553,0.0,0.26677577741407527
4,0.4469111969111969,0.40444015444015446,0.14864864864864866,0.0
5,0.4097222222222222,0.20052083333333334,0.0,0.3897569444444444
6,0.4132917964693666,0.0,0.3842159916926272,0.20249221183800623
7,0.0,0.1316017316017316,0.4432900432900433,0.4251082251082251
8,0.0,0.7867583834909716,0.0,0.21324161650902837
9,0.05516293678837848,0.0,0.17255594817432274,0.7722811150372988
10,0.2764227642276423,0.3333333333333333,0.3902439024390244,0.0
11,0.32941176470588235,0.3058823529411765,0.0,0.36470588235294116
12,0.3134962805526036,0.28905419766206164,0.0,0.39744952178533477
13,0.48638132295719844,0.45265888456549935,0.0609597924773022,0.0
14,0.4864,0.1328,0.0,0.3808
15,0.06938775510204082,0.708843537414966,0.0,0.2217687074829932
16,0.0,0.7003484320557491,0.13588850174216027,0.16376306620209058
17,0.7575593952483801,0.17548596112311016,0.0,0.06695464362850972
18,0.31983805668016196,0.2874493927125506,0.39271255060728744,0.0
19,0.43333333333333335,0.0,0.15416666666666667,0.4125
20,0.14181204276871132,0.18176702307259426,0.6764209341586944,0.0
21,0.1878453038674033,0.19337016574585636,0.0,0.6187845303867403
22,0.14338235294117646,0.21323529411764705,0.0,0.6433823529411765
23,0.4420849420849421,0.1583011583011583,0.0,0.3996138996138996
24,0.11929824561403508,0.13333333333333333,0.0,0.7473684210526316
25,0.08018867924528301,0.1509433962264151,0.0,0.7688679245283019
26,0.0,0.3983050847457627,0.4721549636803874,0.12953995157384987
27,0.39956803455723544,0.34773218142548595,0.0,0.2526997840172786
28,0.5904522613065326,0.2600502512562814,0.0,0.14949748743718594
29,0.28034682080924855,0.0,0.24566473988439305,0.47398843930635837
30,0.16629955947136563,0.0,0.1817180616740088,0.6519823788546255
31,0.16699410609037327,0.587426326129666,0.2455795677799607,0.0
32,0.3955094991364421,0.33678756476683935,0.0,0.26770293609671847
33,0.36860068259385664,0.15017064846416384,0.0,0.4812286689419795
34,0.12956810631229235,0.6345514950166113,0.23588039867109634,0.0
35,0.42684766214177977,0.0,0.38009049773755654,0.19306184012066366
36,0.0,0.5838113448056087,0.3862332695984704,0.02995538559592097
37,0.0,0.2689415847310584,0.6847888953152111,0.04626951995373048
38,0.46445497630331756,0.31121642969984203,0.0,0.22432859399684044
39,0.24444444444444444,0.0,0.33111111111111113,0.42444444444444446
40,0.346875,0.0,0.33125,0.321875
41,0.013615485564304463,0.02477034120734908,0.9616141732283464,0.0
42,0.16049382716049382,0.1728395061728395,0.0,0.6666666666666666
43,0.3048780487804878,0.15447154471544716,0.0,0.540650406504065
44,0.4440789473684211,0.13157894736842105,0.0,0.4243421052631579
45,0.5575,0.12,0.0,0.3225
46,0.8097886540600667,0.1218020022246941,0.0,0.06840934371523916
47,0.5119402985074627,0.21641791044776118,0.0,0.2716417910447761
48,0.18012422360248448,0.33540372670807456,0.484472049689441,0.0
49,0.34299516908212563,0.0,0.26570048309178745,0.391304347826087
50,0.3526170798898072,0.0,0.23829201101928374,0.4090909090909091
51,0.29081632653061223,0.0,0.38095238095238093,0.3282312925170068
52,0.17928286852589642,0.26693227091633465,0.5537848605577689,0.0
53,0.43980848153214774,0.40287277701778385,0.0,0.1573187414500684
54,0.0,0.7688098495212038,0.1573187414500684,0.07387140902872777
55,0.43270189431704886,0.4646061814556331,0.0,0.10269192422731804
56,0.0,0.5213592233009708,0.40194174757281553,0.0766990291262136
57,0.33034571062740076,0.0,0.558258642765685,0.11139564660691421
58,0.05673758865248227,0.5177304964539007,0.425531914893617,0.0
59,0.22298221614227087,0.0,0.4487004103967168,0.3283173734610123
60,0.15861344537815125,0.4800420168067227,0.36134453781512604,0.0
61,0.3949843260188088,0.0,0.2664576802507837,0.3385579937304075
62,0.35294117647058826,0.0,0.1636828644501279,0.4833759590792839
63,0.08,0.224,0.696,0.0
64,0.19230769230769232,0.2,0.0,0.6076923076923076
65,0.01643489254108723,0.7787610619469026,0.20480404551201012,0.0
66,0.5771712158808933,0.07444168734491315,0.0,0.34838709677419355
67,0.34033203125,0.0,0.10009765625,0.5595703125
68,0.0,0.2190277051751176,0.5436487192890748,0.23732357553580763
69,0.6328740157480315,0.24311023622047245,0.0,0.12401574803149606
70,0.05471698113207547,0.0,0.5334905660377358,0.41179245283018867
71,0.24221789883268482,0.0,0.3852140077821012,0.372568093385214
72,0.152276295133438,0.5117739403453689,0.3359497645211931,0.0
73,0.36253776435045315,0.0,0.18731117824773413,0.4501510574018127
74,0.15793588741204065,0.49257232212666147,0.3494917904612979,0.0
75,0.5380710659898477,0.2436548223350254,0.0,0.2182741116751269
76,0.522488038277512,0.3464114832535885,0.0,0.13110047846889952
77,0.0,0.5167876588021778,0.2958257713248639,0.18738656987295826
78,0.35858585858585856,0.43434343434343436,0.20707070707070707,0.0
79,0.19959266802443992,0.4989816700610998,0.3014256619144603,0.0
80,0.17145073700543056,0.0,0.07757951900698215,0.7509697439875873
81,0.0,0.38733031674208146,0.43046757164404226,0.1822021116138763
82,0.23436460412508317,0.0,0.4436127744510978,0.32202262142381904
83,0.17819527469399374,0.0,0.24452035297466554,0.5772843723313408
84,0.08133971291866028,0.7916002126528442,0.12706007442849548,0.0
85,0.1793103448275862,0.47586206896551725,0.3448275862068966,0.0
86,0.18301778542742397,0.0,0.08720596672403902,0.729776247848537
87,0.0,0.330873786407767,0.5464077669902913,0.12271844660194174
88,0.6128076572470373,0.2645852324521422,0.0,0.12260711030082042
89,0.21471927162367224,0.5073343449671219,0.27794638340920585,0.0
90,0.0,0.20967522761244733,0.5504824025003398,0.23984236988721294
91,0.39062256202215634,0.49446091433921047,0.0,0.11491652363863317
92,0.15208781260608803,0.0,0.04764060201425823,0.8002715853796537
93,0.16037735849056603,0.6972555746140652,0.1423670668953688,0.0
94,0.0,0.3071983778303481,0.09124704291990537,0.6015545792497465
95,0.045501910385550536,0.8784300104202848,0.07606807919416464,0.0
96,0.0,0.14392803598200898,0.6459627329192547,0.21010923109873636
97,0.36426482318532305,0.5808738810600018,0.0,0.054861295754675174
98,0.14856150793650794,0.0,0.13616071428571427,0.7152777777777778
99,0.0,0.4284436493738819,0.193649373881932,0.37790697674418605
100,0.07480314960629922,0.2440944881889764,0.6811023622047244,0.0
101,0.3746743095362168,0.4075039082855654,0.0,0.21782178217821782
102,0.0,0.5745247148288973,0.34448669201520915,0.08098859315589353
103,0.0,0.5322620519159457,0.29740420271940665,0.1703337453646477
104,0.03885534260960882,0.0,0.0829614071934891,0.878183250196902
105,0.09663865546218488,0.28991596638655465,0.6134453781512605,0.0
106,0.11731843575418995,0.1452513966480447,0.0,0.7374301675977654
107,0.14285714285714285,0.20105820105820105,0.0,0.656084656084656
108,0.3554655870445344,0.22591093117408906,0.0,0.41862348178137654
109,0.0650887573964497,0.650887573964497,0.28402366863905326,0.0
110,0.2689655172413793,0.0,0.2735632183908046,0.4574712643678161
111,0.39263803680981596,0.0,0.32515337423312884,0.2822085889570552
112,0.3389830508474576,0.21468926553672316,0.0,0.4463276836158192
113,0.18413978494623656,0.0,0.35080645161290325,0.4650537634408602
114,0.4263157894736842,0.0,0.41578947368421054,0.15789473684210525
115,0.0,0.2709284627092846,0.395738203957382,0.3333333333333333
116,0.47232472324723246,0.2952029520295203,0.0,0.23247232472324722
117,0.49931787175989084,0.21691678035470668,0.0,0.2837653478854025
118,0.1071849234393404,0.0,0.18256772673733804,0.7102473498233216
119,0.07665805340223945,0.6434108527131783,0.27993109388458226,0.0
120,0.21830985915492956,0.0,0.49295774647887325,0.2887323943661972
121,0.6795580110497238,0.0,0.13812154696132597,0.18232044198895028
122,0.0,0.21479558728098638,0.4672290720311486,0.31797534068786504
123,0.31736526946107785,0.25149700598802394,0.0,0.4311377245508982
124,0.3708133971291866,0.20574162679425836,0.0,0.423444976076555
125,0.6288987905792489,0.15467854869509867,0.0,0.21642266072565244
126,0.0,0.47577092511013214,0.48105726872246696,0.04317180616740088
127,0.0,0.13350286077558804,0.733630006357279,0.13286713286713286
128,0.45454545454545453,0.1265597147950089,0.0,0.41889483065953653
129,0.3742690058479532,0.15984405458089668,0.0,0.46588693957115007
130,0.2844175491679274,0.2087745839636914,0.0,0.5068078668683812
131,0.5966268446943078,0.25532911688920124,0.0,0.14804403841649097
132,0.3305613305613306,0.0,0.3711018711018711,0.2983367983367983
133,0.06554621848739496,0.4084033613445378,0.5260504201680672,0.0
134,0.3436230706742486,0.14703493095044678,0.0,0.5093419983753046
135,0.17075564278704614,0.5289499509322866,0.0,0.30029440628066734
136,0.0,0.12158393753485779,0.7763524818739542,0.10206358059118795
137,0.6639950678175093,0.10974106041923551,0.0,0.22626387176325524
138,0.05670665212649945,0.04907306434023991,0.8942202835332607,0.0
139,0.29043280182232345,0.09225512528473805,0.0,0.6173120728929385
140,0.22523461939520334,0.28362877997914493,0.0,0.49113660062565173
141,0.4527503526093089,0.34790785143394454,0.0,0.1993417959567466
142,0.15599343185550082,0.11001642036124795,0.7339901477832512,0.0
143,0.29424943988050783,0.0,0.26138909634055263,0.4443614637789395
144,0.05511022044088176,0.028724114896459586,0.9161656646626587,0.0
145,0.629842180774749,0.0,0.2109038737446198,0.15925394548063126
146,0.0,0.26895879053889293,0.39941477688368693,0.33162643257742014
147,0.34894091415830547,0.08435525826830174,0.5667038275733928,0.0
148,0.32756324900133155,0.0,0.2729693741677763,0.3994673768308921
149,0.23777138373005494,0.0,0.21841485744179964,0.5438137588281454
150,0.0,0.46169630642954856,0.4131326949384405,0.12517099863201095
151,0.15009560229445507,0.248565965583174,0.6013384321223709,0.0
152,0.22445376296623262,0.604281615537409,0.17126462149635843,0.0
153,0.0,0.13132851161020176,0.7148838979824895,0.15378759040730872
154,0.35133004926108374,0.5519211822660098,0.0,0.09674876847290641
155,0.15051483949121744,0.6075105996365839,0.24197456087219868,0.0
156,0.0,0.260590672190298,0.619403982360016,0.12000534544968595
157,0.3211920529801324,0.5378635185718399,0.0,0.14094442844802765
158,0.22557172557172558,0.4876992376992377,0.2867290367290367,0.0
159,0.0,0.20431229351417146,0.6840549469657451,0.11163275952008346
160,0.35509597188429304,0.5135171668018383,0.0,0.13138686131386862
161,0.2508059316569955,0.4846335697399527,0.2645604986030518,0.0
162,0.0,0.06652360515021459,0.8656652360515021,0.06781115879828326
163,0.36954413191076624,0.5095376656967345,0.0,0.12091820239249919
164,0.20729418074550818,0.5803164387235183,0.21238938053097345,0.0
165,0.0,0.2653949558315197,0.5470490334144156,0.18755601075406478
166,0.3952370220118699,0.5016152054691608,0.0,0.10314777251896927
167,0.3477518497438816,0.3773477518497439,0.2749003984063745,0.0
168,0.23724884080370942,0.48435085007727974,0.2784003091190108,0.0
169,0.0,0.34628378378378377,0.10191441441441441,0.5518018018018018
170,0.1419068736141907,0.0,0.16334072431633406,0.6947524020694752
171,0.0,0.27543035993740217,0.49608763693270735,0.22848200312989045
172,0.3358225842950894,0.4154786150712831,0.2486988006336275,0.0
173,0.0,0.4113540327025537,0.3086533161859269,0.2799926511115194
174,0.26931407942238267,0.4469314079422383,0.28375451263537904,0.0
175,0.0,0.25053022269353126,0.1033934252386002,0.6460763520678685
176,0.05763055602501267,0.0,0.16325840797701538,0.7791110359979719
177,0.18381948266373144,0.49201981287837093,0.32416070445789763,0.0
178,0.0,0.5488474204171241,0.18221734357848518,0.2689352360043908
179,0.04341622503057481,0.0,0.0474928658785161,0.9090909090909091
180,0.5317965023847376,0.13473767885532592,0.0,0.3334658187599364
181,0.13794392523364485,0.0,0.5648598130841122,0.297196261682243
182,0.0,0.21242559523809523,0.5148809523809523,0.2726934523809524
183,0.45056320400500627,0.35544430538172717,0.0,0.1939924906132666
184,0.0,0.48936170212765956,0.43308167467398767,0.07755662319835278
185,0.19967087218869994,0.0,0.4854635216675809,0.31486560614371917
186,0.14335664335664336,0.23339160839160839,0.6232517482517482,0.0
187,0.6150375939849624,0.0,0.13233082706766916,0.25263157894736843
188,0.0,0.3730361709901352,0.2743880160759956,0.3525758129338692
189,0.2578203834510595,0.6074672048435923,0.0,0.13471241170534815
190,0.09332023575638507,0.33398821218074654,0.5726915520628684,0.0
191,0.5051258154706431,0.2031686859273066,0.0,0.2917054986020503
192,0.0,0.4037494284407865,0.5578417924096937,0.038408779149519894
193,0.0,0.07349491790461297,0.8798540526452958,0.04665102945009122
194,0.3060869565217391,0.28347826086956524,0.0,0.41043478260869565
195,0.3274647887323944,0.2112676056338028,0.0,0.4612676056338028
196,0.5955882352941176,0.14522058823529413,0.0,0.25919117647058826
197,0.33881578947368424,0.0,0.25164473684210525,0.4095394736842105
198,0.5865102639296188,0.0,0.26099706744868034,0.15249266862170088
199,0.42053789731051344,0.16625916870415647,0.0,0.4132029339853301
200,0.0,0.4327378782355086,0.47502734232592053,0.0922347794385709
201,0.27419354838709675,0.28178368121442127,0.444022770398482,0.0
202,0.2669902912621359,0.18689320388349515,0.5461165048543689,0.0
203,0.3217993079584775,0.0,0.09342560553633218,0.5847750865051903
204,0.0,0.1903114186851211,0.5285467128027682,0.2811418685121107
205,0.16289592760180996,0.0,0.34970911441499675,0.48739495798319327
206,0.31584948688711517,0.0,0.09122006841505131,0.5929304446978335
207,0.0,0.09384775808133472,0.8866875217240181,0.019464720194647202
208,0.1786389413988658,0.4045368620037807,0.4168241965973535,0.0
209,0.18904274533413606,0.0,0.34256472004816374,0.4683925346177002
210,0.2745292368681863,0.12983151635282458,0.595639246778989,0.0
211,0.3898858075040783,0.0,0.12561174551386622,0.48450244698205547
212,0.48366013071895425,0.0,0.19172113289760348,0.32461873638344224
213,0.0,0.5840840840840841,0.35435435435435436,0.06156156156156156
214,0.3299492385786802,0.4873096446700508,0.0,0.18274111675126903
215,0.0,0.14035087719298245,0.8128654970760234,0.04678362573099415
216,0.5714285714285714,0.18472906403940886,0.0,0.2438423645320197
217,0.0,0.29583333333333334,0.5291666666666667,0.175
218,0.5244618395303327,0.0,0.19765166340508805,0.27788649706457924
219,0.0,0.10882708585247884,0.8428053204353083,0.04836759371221282
220,0.0,0.2714285714285714,0.5757142857142857,0.15285714285714286
221,0.20132560066280034,0.0,0.07953603976801989,0.7191383595691798
222,0.5815450643776824,0.12178111587982833,0.0,0.2966738197424893
223,0.27546138072453863,0.0,0.3157894736842105,0.40874914559125086
224,0.4461538461538462,0.0,0.38974358974358975,0.1641025641025641
225,0.0,0.3795205201137749,0.6017878911011784,0.018691588785046728
226,0.0,0.10007818608287725,0.8240813135261923,0.07584050039093042
227,0.34866259971844205,0.5025809479117785,0.0,0.14875645236977944
228,0.0,0.18086696562032886,0.7070254110612855,0.11210762331838565
229,0.0,0.22957687473816507,0.7142857142857143,0.056137410976120655
230,0.08007609823590453,0.0,0.22085783465928743,0.699066067104808
231,0.4730006835269993,0.03759398496240601,0.4894053315105947,0.0
232,0.1597315436241611,0.0,0.05906040268456376,0.7812080536912752
233,0.0,0.2994490358126722,0.3652892561983471,0.3352617079889807
234,0.11784248583154192,0.0,0.6112956810631229,0.2708618331053352
235,0.20612813370473537,0.23119777158774374,0.5626740947075209,0.0
236,0.4385781495033978,0.3332462101411396,0.0,0.22817564035546262
237,0.19151846785225718,0.472640218878249,0.33584131326949385,0.0
238,0.0,0.1898355754857997,0.027736256435808005,0.7824281680783923
239,0.06886517943743937,0.6440349175557711,0.2870999030067895,0.0
240,0.08586762075134168,0.0,0.08050089445438283,0.8336314847942755
241,0.1505016722408027,0.10367892976588629,0.745819397993311,0.0
242,0.4630619302106256,0.3986167871738447,0.0,0.1383212826155297
243,0.19973457199734573,0.0,0.7644326476443265,0.035832780358327807
244,0.0,0.07984031936127745,0.4251497005988024,0.49500998003992014
245,0.0,0.25289639192320423,0.6759351208209202,0.07116848725587553
246,0.0,0.3667496886674969,0.30074719800747196,0.33250311332503113
247,0.12371134020618557,0.22422680412371135,0.6520618556701031,0.0
248,0.3052109181141439,0.43796526054590573,0.0,0.25682382133995035
249,0.0,0.13870857533310557,0.8018448923812778,0.05944653228561667
250,0.0,0.27509778357235987,0.6740547588005215,0.05084745762711865
251,0.0712041884816754,0.0,0.1324607329842932,0.7963350785340314
252,0.0,0.17117117117117117,0.7315315315315315,0.0972972972972973
253,0.6602296450939458,0.2651356993736952,0.0,0.07463465553235908
254,0.1696969696969697,0.0,0.15353535353535352,0.6767676767676768
255,0.21231766612641814,0.0,0.39384116693679094,0.39384116693679094
256,0.13559322033898305,0.17231638418079095,0.692090395480226,0.0
257,0.2972292191435768,0.5163727959697733,0.0,0.18639798488664988
258,0.0,0.4836779107725789,0.4896626768226333,0.02665941240478781
259,0.2684876748834111,0.6675549633577615,0.0,0.06395736175882745
260,0.0,0.33359559402045635,0.6018882769472856,0.06451612903225806
261,0.3730355665839537,0.4904880066170389,0.0,0.13647642679900746
262,0.09475240206947524,0.0,0.13274205469327421,0.7725055432372505
263,0.1988527724665392,0.0,0.23135755258126195,0.5697896749521989
264,0.3333333333333333,0.21212121212121213,0.0,0.45454545454545453
265,0.0,0.28440366972477066,0.6605504587155964,0.05504587155963303
266,0.4232793096190276,0.5076825931382867,0.0,0.06903809724268575
267,0.4177215189873418,0.14556962025316456,0.0,0.43670886075949367
268,0.0,0.3153846153846154,0.5230769230769231,0.16153846153846155
269,0.2533659730722154,0.0,0.10403916768665851,0.642594859241126
270,0.0,0.034482758620689655,0.29258098223615464,0.6729362591431557
271,0.29850746268656714,0.0,0.20522388059701493,0.4962686567164179
272,0.0,0.6676056338028169,0.0,0.3323943661971831
273,0.3333333333333333,0.06666666666666667,0.0,0.6
274,0.06729939603106126,0.0,0.905090595340811,0.027610008628127698
275,0.49245283018867925,0.016981132075471698,0.49056603773584906,0.0
276,0.6081833761782348,0.30526992287917737,0.0,0.08654670094258783
277,0.08423326133909287,0.6112311015118791,0.3045356371490281,0.0
278,0.30133657351154314,0.4392823958258881,0.0,0.2593810306625688
279,0.0658682634730539,0.1317365269461078,0.8023952095808383,0.0
280,0.0,0.09504132231404959,0.11983471074380166,0.7851239669421488
281,0.01761846901579587,0.8851761846901579,0.09720534629404617,0.0
282,0.08585858585858586,0.5176767676767676,0.39646464646464646,0.0
283,0.0,0.036012296881862096,0.04391743522178305,0.9200702678963548
284,0.01386296987470008,0.0,0.018928285790455877,0.967208744334844
285,0.14534883720930233,0.1569767441860465,0.6976744186046512,0.0
286,0.29765013054830286,0.1906005221932115,0.0,0.5117493472584856
287,0.0,0.5036344755970924,0.4963655244029076,0.0
288,0.6995600251414205,0.02199874292897549,0.0,0.278441231929604
289,0.08747220163083766,0.0,0.10007412898443291,0.8124536693847294
290,0.34172661870503596,0.42805755395683454,0.0,0.2302158273381295
291,0.0,0.5251238499646143,0.4706298655343241,0.004246284501061571
292,0.5577557755775577,0.28492849284928495,0.0,0.1573157315731573
293,0.0,0.15423514538558786,0.7092288242730721,0.13653603034134007
294,0.3602941176470588,0.34068627450980393,0.0,0.29901960784313725
295,0.0,0.21867881548974943,0.4760820045558087,0.3052391799544419
296,0.29896907216494845,0.5567010309278351,0.14432989690721648,0.0
297,0.1896551724137931,0.0,0.20977011494252873,0.6005747126436781
298,0.22289156626506024,0.5903614457831325,0.18674698795180722,0.0
299,0.3523809523809524,0.0,0.22857142857142856,0.41904761904761906
300,0.22727272727272727,0.45454545454545453,0.3181818181818182,0.0
301,0.41304347826086957,0.0,0.391304347826087,0.1956521739130435
302,0.15151515151515152,0.6363636363636364,0.0,0.21212121212121213
303,0.12,0.0,0.28,0.6
304,0.0,1.0,0.0,0.0
305,0.0625,0.0,0.25,0.6875
306,0.0,0.0,0.4,0.6
307,,,,
308,0.0,0.2,0.8,0.0
309,0.0,0.8571428571428571,0.14285714285714285,0.0
310,0.0,0.42857142857142855,0.0,0.5714285714285714
311,,,,
312,,,,
313,,,,
314,,,,
315,,,,
