,A,C,G,T
0,,,,
1,,,,
2,0.7578947368421053,0.17894736842105263,0.0,0.06315789473684211
3,0.47643979057591623,0.3193717277486911,0.0,0.20418848167539266
4,0.5642857142857143,0.2857142857142857,0.15,0.0
5,0.8647887323943662,0.0,0.0,0.1352112676056338
6,0.5952380952380952,0.0,0.2777777777777778,0.12698412698412698
7,0.0,0.20833333333333334,0.36666666666666664,0.425
8,0.5346153846153846,0.42115384615384616,0.0,0.04423076923076923
9,0.023305084745762712,0.0,0.1652542372881356,0.8114406779661016
10,0.3076923076923077,0.38461538461538464,0.3076923076923077,0.0
11,0.5757575757575758,0.1696969696969697,0.0,0.2545454545454545
12,0.38164251207729466,0.4927536231884058,0.0,0.12560386473429952
13,0.7105263157894737,0.2565789473684211,0.03289473684210526,0.0
14,0.48711340206185566,0.08505154639175258,0.0,0.42783505154639173
15,0.25,0.0,0.35,0.4
16,0.0,0.6666666666666666,0.14285714285714285,0.19047619047619047
17,0.9559748427672956,0.006289308176100629,0.0,0.03773584905660377
18,0.4375,0.25,0.3125,0.0
19,0.3076923076923077,0.0,0.15384615384615385,0.5384615384615384
20,0.17272727272727273,0.6,0.22727272727272727,0.0
21,0.1111111111111111,0.2777777777777778,0.0,0.6111111111111112
22,0.3283582089552239,0.5223880597014925,0.0,0.14925373134328357
23,0.7,0.14,0.0,0.16
24,0.3655030800821355,0.5030800821355236,0.0,0.13141683778234087
25,0.24,0.0,0.5466666666666666,0.21333333333333335
26,0.2894736842105263,0.25,0.4605263157894737,0.0
27,0.15384615384615385,0.2692307692307692,0.0,0.5769230769230769
28,0.0,0.678082191780822,0.19863013698630136,0.1232876712328767
29,0.8401360544217688,0.10204081632653061,0.0,0.05782312925170068
30,0.5423728813559322,0.21016949152542372,0.0,0.24745762711864408
31,0.02857142857142857,0.7428571428571429,0.22857142857142856,0.0
32,0.3508771929824561,0.2894736842105263,0.0,0.35964912280701755
33,0.0,0.6574074074074074,0.24074074074074073,0.10185185185185185
34,0.0,0.12690355329949238,0.8375634517766497,0.03553299492385787
35,0.8105263157894737,0.07368421052631578,0.0,0.11578947368421053
36,0.0,0.36531365313653136,0.5830258302583026,0.05166051660516605
37,0.0,0.08029197080291971,0.8211678832116789,0.09854014598540146
38,0.5535714285714286,0.2619047619047619,0.0,0.18452380952380953
39,0.11009174311926606,0.0,0.29357798165137616,0.5963302752293578
40,0.37209302325581395,0.0,0.023255813953488372,0.6046511627906976
41,0.13488372093023257,0.17209302325581396,0.6930232558139535,0.0
42,0.3548387096774194,0.0967741935483871,0.0,0.5483870967741935
43,0.6111111111111112,0.09259259259259259,0.0,0.2962962962962963
44,0.5774647887323944,0.16901408450704225,0.0,0.2535211267605634
45,0.18085106382978725,0.05319148936170213,0.7659574468085106,0.0
46,0.65,0.0,0.15,0.2
47,0.12462908011869436,0.0,0.4540059347181009,0.42136498516320475
48,0.1891891891891892,0.5135135135135135,0.2972972972972973,0.0
49,0.42857142857142855,0.0,0.21428571428571427,0.35714285714285715
50,0.698961937716263,0.19377162629757785,0.0,0.10726643598615918
51,0.4306569343065693,0.2773722627737226,0.0,0.291970802919708
52,0.047619047619047616,0.7619047619047619,0.19047619047619047,0.0
53,0.5,0.2912371134020619,0.0,0.20876288659793815
54,0.0,0.5737704918032787,0.39344262295081966,0.03278688524590164
55,0.0,0.2894736842105263,0.6477732793522267,0.06275303643724696
56,0.8555555555555555,0.10634920634920635,0.0,0.0380952380952381
57,0.45614035087719296,0.4269005847953216,0.0,0.11695906432748537
58,0.125,0.6875,0.1875,0.0
59,0.23076923076923078,0.0,0.17582417582417584,0.5934065934065934
60,0.2127659574468085,0.4574468085106383,0.32978723404255317,0.0
61,0.3793103448275862,0.0,0.1724137931034483,0.4482758620689655
62,0.35874439461883406,0.0,0.17040358744394618,0.47085201793721976
63,0.25,0.25,0.5,0.0
64,0.23076923076923078,0.3076923076923077,0.0,0.46153846153846156
65,0.024615384615384615,0.0,0.009230769230769232,0.9661538461538461
66,0.0,0.6197183098591549,0.352112676056338,0.028169014084507043
67,0.0,0.39080459770114945,0.5574712643678161,0.05172413793103448
68,0.5421686746987951,0.2289156626506024,0.0,0.2289156626506024
69,0.6758720930232558,0.125,0.0,0.19912790697674418
70,0.15384615384615385,0.0,0.13765182186234817,0.708502024291498
71,0.04194857916102842,0.8755074424898511,0.08254397834912043,0.0
72,0.2994350282485876,0.4067796610169492,0.2937853107344633,0.0
73,0.22857142857142856,0.0,0.04285714285714286,0.7285714285714285
74,0.20918367346938777,0.47959183673469385,0.3112244897959184,0.0
75,0.6666666666666666,0.1282051282051282,0.0,0.20512820512820512
76,0.4260355029585799,0.40236686390532544,0.0,0.17159763313609466
77,0.0,0.31555555555555553,0.5822222222222222,0.10222222222222223
78,0.460093896713615,0.14553990610328638,0.0,0.39436619718309857
79,0.6942949407965554,0.14854682454251883,0.0,0.15715823466092574
80,0.3870967741935484,0.0,0.23655913978494625,0.3763440860215054
81,0.0,0.2218370883882149,0.23743500866551126,0.5407279029462738
82,0.29178082191780824,0.0,0.3082191780821918,0.4
83,0.2995391705069124,0.0,0.31336405529953915,0.3870967741935484
84,0.16905444126074498,0.6275071633237822,0.2034383954154728,0.0
85,0.2032520325203252,0.6910569105691057,0.10569105691056911,0.0
86,0.14,0.0,0.14,0.72
87,0.0,0.2515991471215352,0.6716417910447762,0.0767590618336887
88,0.6185489902767389,0.2715033657442034,0.0,0.1099476439790576
89,0.12513966480446928,0.0,0.18212290502793296,0.6927374301675978
90,0.0,0.20726495726495728,0.4166666666666667,0.37606837606837606
91,0.6065719360568383,0.32238010657193605,0.0,0.07104795737122557
92,0.11840324763193505,0.0,0.14140730717185385,0.7401894451962111
93,0.2899505766062603,0.5205930807248764,0.18945634266886327,0.0
94,0.0,0.351409978308026,0.026030368763557483,0.6225596529284165
95,0.14039408866995073,0.7093596059113301,0.15024630541871922,0.0
96,0.47587511825922424,0.3576158940397351,0.0,0.1665089877010407
97,0.11155378486055777,0.0,0.5388446215139442,0.34960159362549803
98,0.36462585034013606,0.5197278911564626,0.11564625850340136,0.0
99,0.0,0.21681780708985984,0.33635614179719703,0.4468260511129431
100,0.14,0.58,0.28,0.0
101,0.2225201072386059,0.0,0.2037533512064343,0.5737265415549598
102,0.0,0.1662921348314607,0.5932584269662922,0.24044943820224718
103,0.5326732673267327,0.4079207920792079,0.0,0.0594059405940594
104,0.020858895705521473,0.0,0.051533742331288344,0.9276073619631902
105,0.1,0.3333333333333333,0.5666666666666667,0.0
106,0.2857142857142857,0.21428571428571427,0.0,0.5
107,0.3684210526315789,0.15789473684210525,0.0,0.47368421052631576
108,0.3423913043478261,0.44021739130434784,0.0,0.21739130434782608
109,0.09090909090909091,0.509090909090909,0.4,0.0
110,0.24725274725274726,0.2802197802197802,0.0,0.4725274725274725
111,0.6440677966101694,0.0,0.15254237288135594,0.2033898305084746
112,0.6086956521739131,0.08695652173913043,0.0,0.30434782608695654
113,0.0,0.32950191570881227,0.5747126436781609,0.09578544061302682
114,0.4583333333333333,0.0,0.3333333333333333,0.20833333333333334
115,0.0,0.3394495412844037,0.3211009174311927,0.3394495412844037
116,0.72,0.22,0.0,0.06
117,0.6779661016949152,0.1864406779661017,0.0,0.13559322033898305
118,0.0707070707070707,0.0,0.30303030303030304,0.6262626262626263
119,0.38461538461538464,0.0,0.15384615384615385,0.46153846153846156
120,0.28846153846153844,0.0,0.5,0.21153846153846154
121,0.3333333333333333,0.0,0.6,0.06666666666666667
122,0.18885448916408668,0.5201238390092879,0.29102167182662536,0.0
123,0.3148148148148148,0.6481481481481481,0.0,0.037037037037037035
124,0.40625,0.25,0.0,0.34375
125,0.0,0.3655913978494624,0.5806451612903226,0.053763440860215055
126,0.3291139240506329,0.0,0.620253164556962,0.05063291139240506
127,0.0,0.07207207207207207,0.4954954954954955,0.43243243243243246
128,0.0,0.19467213114754098,0.7131147540983607,0.09221311475409837
129,0.5416666666666666,0.3958333333333333,0.0,0.0625
130,0.10256410256410256,0.7692307692307693,0.0,0.1282051282051282
131,0.5954391891891891,0.2972972972972973,0.0,0.10726351351351351
132,0.09473684210526316,0.0,0.031578947368421054,0.8736842105263158
133,0.0049504950495049506,0.9504950495049505,0.04455445544554455,0.0
134,0.2389937106918239,0.3270440251572327,0.4339622641509434,0.0
135,0.030612244897959183,0.9081632653061225,0.0,0.061224489795918366
136,0.0,0.14457831325301204,0.27710843373493976,0.5783132530120482
137,0.8256410256410256,0.1076923076923077,0.0,0.06666666666666667
138,0.0625,0.0625,0.875,0.0
139,0.4782608695652174,0.021739130434782608,0.0,0.5
140,0.02631578947368421,0.6842105263157895,0.0,0.2894736842105263
141,0.0,0.2807017543859649,0.6192982456140351,0.1
142,0.16,0.04,0.8,0.0
143,0.6197183098591549,0.09154929577464789,0.0,0.2887323943661972
144,0.52,0.12,0.0,0.36
145,0.1414141414141414,0.7171717171717171,0.0,0.1414141414141414
146,0.0,0.29519071310116085,0.5638474295190713,0.14096185737976782
147,0.5751503006012024,0.24849699398797595,0.0,0.17635270541082165
148,0.3547794117647059,0.36764705882352944,0.0,0.2775735294117647
149,0.4112646121147715,0.40488841657810837,0.0,0.18384697130712008
150,0.0,0.19915254237288135,0.5042372881355932,0.2966101694915254
151,0.12886597938144329,0.4845360824742268,0.3865979381443299,0.0
152,0.34502923976608185,0.0,0.14619883040935672,0.5087719298245614
153,0.0,0.26166666666666666,0.6733333333333333,0.065
154,0.31386861313868614,0.4653284671532847,0.2208029197080292,0.0
155,0.17891373801916932,0.0,0.2268370607028754,0.5942492012779552
156,0.36363636363636365,0.0,0.3939393939393939,0.24242424242424243
157,0.24444444444444444,0.0,0.1925925925925926,0.562962962962963
158,0.2876949740034662,0.5580589254766031,0.15424610051993068,0.0
159,0.0,0.37362637362637363,0.4554334554334554,0.17094017094017094
160,0.44842105263157894,0.29473684210526313,0.25684210526315787,0.0
161,0.19118745332337567,0.0,0.46153846153846156,0.3472740851381628
162,0.24561403508771928,0.5035087719298246,0.25087719298245614,0.0
163,0.4052388289676425,0.46687211093990755,0.12788906009244994,0.0
164,0.18518518518518517,0.4462962962962963,0.3685185185185185,0.0
165,0.5812220566318927,0.3859910581222057,0.0,0.03278688524590164
166,0.59375,0.3544921875,0.0,0.0517578125
167,0.48928571428571427,0.22797619047619047,0.28273809523809523,0.0
168,0.0,0.1412037037037037,0.4097222222222222,0.44907407407407407
169,0.6185567010309279,0.0,0.38144329896907214,0.0
170,0.0,0.3470483005366726,0.41681574239713776,0.23613595706618962
171,0.4790735473384803,0.42624949207639173,0.0,0.09467696058512799
172,0.15077605321507762,0.0,0.17960088691796008,0.6696230598669624
173,0.0,0.308868501529052,0.44954128440366975,0.2415902140672783
174,0.0,0.1923828125,0.615234375,0.1923828125
175,0.0,0.4843304843304843,0.24786324786324787,0.2678062678062678
176,0.17929562433297758,0.0,0.3468516542155816,0.47385272145144075
177,0.3023952095808383,0.3083832335329341,0.38922155688622756,0.0
178,0.0,0.49201277955271566,0.10543130990415335,0.402555910543131
179,0.05013927576601671,0.0,0.05013927576601671,0.8997214484679665
180,0.296195652173913,0.2798913043478261,0.0,0.42391304347826086
181,0.4624505928853755,0.0,0.3794466403162055,0.15810276679841898
182,0.0,0.3983739837398374,0.38482384823848237,0.21680216802168023
183,0.23049645390070922,0.0,0.7375886524822695,0.031914893617021274
184,0.0,0.5187165775401069,0.3716577540106952,0.10962566844919786
185,0.36585365853658536,0.4349593495934959,0.0,0.1991869918699187
186,0.0,0.6936936936936937,0.30180180180180183,0.0045045045045045045
187,0.0,0.16376306620209058,0.759581881533101,0.07665505226480836
188,0.5906656465187452,0.26472838561591433,0.0,0.14460596786534047
189,0.140625,0.4114583333333333,0.4479166666666667,0.0
190,0.33116883116883117,0.05194805194805195,0.6168831168831169,0.0
191,0.10014727540500737,0.0,0.11487481590574374,0.7849779086892489
192,0.5377358490566038,0.0,0.4009433962264151,0.06132075471698113
193,0.0,0.08414872798434442,0.8551859099804305,0.060665362035225046
194,0.3475336322869955,0.5582959641255605,0.0,0.09417040358744394
195,0.41935483870967744,0.27419354838709675,0.0,0.3064516129032258
196,0.8253968253968254,0.1574074074074074,0.0,0.017195767195767195
197,0.3270440251572327,0.0,0.2578616352201258,0.41509433962264153
198,0.0,0.7168141592920354,0.19469026548672566,0.08849557522123894
199,0.609375,0.2421875,0.0,0.1484375
200,0.0,0.1780821917808219,0.8082191780821918,0.0136986301369863
201,0.20625,0.7175,0.0,0.07625
202,0.0743801652892562,0.4628099173553719,0.4628099173553719,0.0
203,0.3870967741935484,0.0,0.41397849462365593,0.1989247311827957
204,0.0,0.03319502074688797,0.3070539419087137,0.6597510373443983
205,0.3125,0.0,0.3269230769230769,0.3605769230769231
206,0.37534549474847984,0.5179657269209508,0.0,0.10668877833056938
207,0.0,0.24261603375527427,0.2489451476793249,0.5084388185654009
208,0.05,0.2625,0.6875,0.0
209,0.23655913978494625,0.46953405017921146,0.2939068100358423,0.0
210,0.0,0.06793478260869565,0.26358695652173914,0.6684782608695652
211,0.15648854961832062,0.0,0.5896946564885496,0.2538167938931298
212,0.11581920903954802,0.0,0.3107344632768362,0.5734463276836158
213,0.7743589743589744,0.06153846153846154,0.0,0.1641025641025641
214,0.23648648648648649,0.0,0.4594594594594595,0.30405405405405406
215,0.6666666666666666,0.10989010989010989,0.0,0.22344322344322345
216,0.7362637362637363,0.07692307692307693,0.0,0.18681318681318682
217,0.0,0.48148148148148145,0.25925925925925924,0.25925925925925924
218,0.5190839694656488,0.0,0.33587786259541985,0.1450381679389313
219,0.0,0.6486486486486487,0.16216216216216217,0.1891891891891892
220,0.0,0.6106194690265486,0.3049693669162696,0.08441116405718176
221,0.0,0.06547619047619048,0.6220238095238095,0.3125
222,0.3183673469387755,0.1469387755102041,0.5346938775510204,0.0
223,0.36,0.0,0.185,0.455
224,0.19883040935672514,0.0,0.2149122807017544,0.5862573099415205
225,0.0,0.03764705882352941,0.6258823529411764,0.33647058823529413
226,0.44,0.0,0.2914285714285714,0.26857142857142857
227,0.3061797752808989,0.5870786516853933,0.0,0.10674157303370786
228,0.0,0.10559006211180125,0.8198757763975155,0.07453416149068323
229,0.5436484045755569,0.4334738109572547,0.0,0.022877784467188442
230,0.09180790960451977,0.0,0.18361581920903955,0.7245762711864406
231,0.0,0.1,0.5642857142857143,0.3357142857142857
232,0.2014388489208633,0.0,0.16546762589928057,0.6330935251798561
233,0.0,0.19883040935672514,0.5224171539961013,0.2787524366471735
234,0.5361842105263158,0.05592105263157895,0.0,0.40789473684210525
235,0.01730103806228374,0.0,0.11418685121107267,0.8685121107266436
236,0.17758985200845667,0.0,0.4080338266384778,0.4143763213530655
237,0.07391304347826087,0.6608695652173913,0.26521739130434785,0.0
238,0.0,0.24752475247524752,0.026402640264026403,0.7260726072607261
239,0.08536585365853659,0.0,0.021341463414634148,0.8932926829268293
240,0.0,0.42696629213483145,0.12359550561797752,0.449438202247191
241,0.2,0.125,0.675,0.0
242,0.5679012345679012,0.13580246913580246,0.0,0.2962962962962963
243,0.30851063829787234,0.5478723404255319,0.0,0.14361702127659576
244,0.0,0.44715447154471544,0.3333333333333333,0.21951219512195122
245,0.7067159581022797,0.2501540357362908,0.0,0.04313000616142945
246,0.168530947054437,0.0,0.25205070842654737,0.5794183445190156
247,0.13043478260869565,0.08695652173913043,0.782608695652174,0.0
248,0.21238938053097345,0.35398230088495575,0.0,0.4336283185840708
249,0.0,0.45358649789029537,0.5,0.046413502109704644
250,0.39476145930776424,0.45556594948550044,0.0,0.14967259120673526
251,0.16322314049586778,0.0,0.259297520661157,0.5774793388429752
252,0.0,0.11068702290076336,0.8568702290076335,0.03244274809160305
253,0.6666666666666666,0.30327868852459017,0.0,0.030054644808743168
254,0.08356545961002786,0.0,0.3426183844011142,0.5738161559888579
255,0.25609756097560976,0.0,0.13414634146341464,0.6097560975609756
256,0.021739130434782608,0.2608695652173913,0.717391304347826,0.0
257,0.25413223140495866,0.5743801652892562,0.0,0.17148760330578514
258,0.0,0.5472972972972973,0.30743243243243246,0.14527027027027026
259,0.21461794019933556,0.7435215946843854,0.0,0.04186046511627907
260,0.0,0.49184149184149184,0.4195804195804196,0.08857808857808858
261,0.417910447761194,0.40298507462686567,0.1791044776119403,0.0
262,0.358974358974359,0.0,0.08086785009861933,0.5601577909270217
263,0.16356877323420074,0.379182156133829,0.45724907063197023,0.0
264,0.30985915492957744,0.6056338028169014,0.0,0.08450704225352113
265,0.0,0.7877094972067039,0.19832402234636873,0.013966480446927373
266,0.33129175946547884,0.6035634743875279,0.0,0.06514476614699331
267,0.3684210526315789,0.0,0.0,0.631578947368421
268,0.0,0.47368421052631576,0.2631578947368421,0.2631578947368421
269,0.35294117647058826,0.0,0.04411764705882353,0.6029411764705882
270,0.0,0.03614457831325301,0.37349397590361444,0.5903614457831325
271,0.34545454545454546,0.0,0.05454545454545454,0.6
272,0.4426229508196721,0.21311475409836064,0.0,0.3442622950819672
273,0.5428571428571428,0.11428571428571428,0.0,0.34285714285714286
274,0.11904761904761904,0.0,0.8095238095238095,0.07142857142857142
275,0.19230769230769232,0.0,0.057692307692307696,0.75
276,0.756896551724138,0.1810344827586207,0.0,0.06206896551724138
277,0.07407407407407407,0.7333333333333333,0.1925925925925926,0.0
278,0.3011182108626198,0.46445686900958466,0.0,0.23442492012779553
279,0.05263157894736842,0.10526315789473684,0.8421052631578947,0.0
280,0.0,0.027777777777777776,0.013888888888888888,0.9583333333333334
281,0.014184397163120567,0.8829787234042553,0.10283687943262411,0.0
282,0.07547169811320754,0.3018867924528302,0.6226415094339622,0.0
283,0.0,0.011857707509881422,0.014492753623188406,0.9736495388669302
284,0.00909090909090909,0.0,0.014285714285714285,0.9766233766233766
285,0.054945054945054944,0.054945054945054944,0.8901098901098901,0.0
286,0.3023255813953488,0.11627906976744186,0.0,0.5813953488372093
287,0.0,0.5727272727272728,0.42727272727272725,0.0
288,0.6646341463414634,0.03048780487804878,0.0,0.3048780487804878
289,0.1518987341772152,0.0,0.13924050632911392,0.7088607594936709
290,0.31,0.37,0.0,0.32
291,0.0,0.6354166666666666,0.359375,0.005208333333333333
292,0.3609022556390977,0.5676691729323309,0.0,0.07142857142857142
293,0.0,0.20689655172413793,0.7241379310344828,0.06896551724137931
294,0.48214285714285715,0.3392857142857143,0.0,0.17857142857142858
295,0.0,0.20408163265306123,0.5510204081632653,0.24489795918367346
296,0.16129032258064516,0.7419354838709677,0.0967741935483871,0.0
297,0.2,0.0,0.4,0.4
298,0.375,0.375,0.25,0.0
299,0.25,0.0,0.5833333333333334,0.16666666666666666
300,0.0,0.8,0.2,0.0
301,0.0,0.0,0.5,0.5
302,0.0,0.0,0.0,1.0
303,,,,
304,0.0,0.0,1.0,0.0
305,0.0,0.0,0.0,1.0
306,0.0,1.0,0.0,0.0
307,,,,
308,,,,
309,,,,
310,,,,
311,,,,
312,,,,
313,,,,
314,,,,
315,,,,
