,A,C,G,T
0,,,,
1,,,,
2,,,,
3,,,,
4,0.0,1.0,0.0,0.0
5,,,,
6,,,,
7,,,,
8,,,,
9,,,,
10,,,,
11,,,,
12,0.0,1.0,0.0,0.0
13,,,,
14,,,,
15,0.0,1.0,0.0,0.0
16,0.0,1.0,0.0,0.0
17,,,,
18,,,,
19,1.0,0.0,0.0,0.0
20,,,,
21,0.0,0.0,1.0,0.0
22,,,,
23,,,,
24,0.0,0.0,1.0,0.0
25,0.0,1.0,0.0,0.0
26,,,,
27,,,,
28,,,,
29,,,,
30,,,,
31,0.0,1.0,0.0,0.0
32,0.0,0.0,0.0,1.0
33,,,,
34,,,,
35,,,,
36,,,,
37,,,,
38,,,,
39,,,,
40,,,,
41,,,,
42,,,,
43,,,,
44,,,,
45,0.0,0.0,0.0,1.0
46,,,,
47,,,,
48,,,,
49,,,,
50,,,,
51,,,,
52,,,,
53,,,,
54,,,,
55,,,,
56,,,,
57,,,,
58,,,,
59,0.0,0.0,0.0,1.0
60,,,,
61,,,,
62,,,,
63,,,,
64,,,,
65,,,,
66,,,,
67,,,,
68,,,,
69,0.0,0.0,0.0,1.0
70,,,,
71,1.0,0.0,0.0,0.0
72,,,,
73,0.0,1.0,0.0,0.0
74,,,,
75,,,,
76,0.0,1.0,0.0,0.0
77,,,,
78,0.0,0.0,1.0,0.0
79,,,,
80,0.0,0.0,0.0,1.0
81,0.0,0.0,1.0,0.0
82,0.0,0.0,0.3333333333333333,0.6666666666666666
83,,,,
84,,,,
85,,,,
86,,,,
87,,,,
88,0.0,1.0,0.0,0.0
89,,,,
90,,,,
91,,,,
92,,,,
93,0.0,0.0,1.0,0.0
94,0.0,0.75,0.0,0.25
95,,,,
96,0.0,0.0,1.0,0.0
97,,,,
98,,,,
99,0.0,0.0,0.0,1.0
100,0.0,1.0,0.0,0.0
101,0.0,0.0,1.0,0.0
102,,,,
103,,,,
104,,,,
105,,,,
106,0.0,0.0,1.0,0.0
107,0.0,0.0,0.0,1.0
108,,,,
109,,,,
110,,,,
111,,,,
112,,,,
113,,,,
114,,,,
115,,,,
116,,,,
117,,,,
118,,,,
119,,,,
120,,,,
121,,,,
122,0.0,1.0,0.0,0.0
123,,,,
124,,,,
125,,,,
126,0.0,0.0,0.0,1.0
127,,,,
128,0.0,0.0,0.0,1.0
129,,,,
130,,,,
131,0.0,0.0,1.0,0.0
132,,,,
133,,,,
134,0.0,0.0,1.0,0.0
135,,,,
136,,,,
137,0.0,0.0,1.0,0.0
138,0.6,0.4,0.0,0.0
139,0.0,1.0,0.0,0.0
140,0.0,1.0,0.0,0.0
141,,,,
142,,,,
143,,,,
144,0.0,0.0,1.0,0.0
145,,,,
146,,,,
147,,,,
148,,,,
149,,,,
150,,,,
151,0.0,0.0,1.0,0.0
152,,,,
153,,,,
154,0.0,0.0,1.0,0.0
155,,,,
156,,,,
157,,,,
158,0.0,1.0,0.0,0.0
159,,,,
160,,,,
161,0.0,0.0,0.0,1.0
162,,,,
163,,,,
164,,,,
165,,,,
166,,,,
167,,,,
168,,,,
169,0.0,0.0,1.0,0.0
170,1.0,0.0,0.0,0.0
171,0.3333333333333333,0.0,0.6666666666666666,0.0
172,,,,
173,,,,
174,0.0,0.0,1.0,0.0
175,0.5,0.16666666666666666,0.0,0.3333333333333333
176,0.0,0.0,0.0,1.0
177,,,,
178,,,,
179,,,,
180,,,,
181,,,,
182,,,,
183,,,,
184,,,,
185,,,,
186,,,,
187,,,,
188,,,,
189,,,,
190,,,,
191,1.0,0.0,0.0,0.0
192,,,,
193,,,,
194,0.0,0.0,0.0,1.0
195,0.0,0.0,0.0,1.0
196,,,,
197,,,,
198,,,,
199,,,,
200,,,,
201,0.0,1.0,0.0,0.0
202,,,,
203,0.4,0.6,0.0,0.0
204,,,,
205,,,,
206,,,,
207,,,,
208,0.0,0.0,0.0,1.0
209,,,,
210,,,,
211,1.0,0.0,0.0,0.0
212,,,,
213,,,,
214,,,,
215,,,,
216,,,,
217,,,,
218,,,,
219,,,,
220,,,,
221,,,,
222,,,,
223,,,,
224,,,,
225,0.0,0.0,1.0,0.0
226,,,,
227,,,,
228,,,,
229,,,,
230,,,,
231,,,,
232,,,,
233,,,,
234,,,,
235,,,,
236,,,,
237,,,,
238,,,,
239,,,,
240,,,,
