,A,C,G,T
0,,,,
1,,,,
2,0.14492753623188406,0.6086956521739131,0.0,0.2463768115942029
3,0.0,0.3333333333333333,0.0,0.6666666666666666
4,0.2962962962962963,0.4444444444444444,0.25925925925925924,0.0
5,0.3333333333333333,0.4074074074074074,0.0,0.25925925925925924
6,0.45,0.0,0.45,0.1
7,0.0,0.16129032258064516,0.41935483870967744,0.41935483870967744
8,0.20833333333333334,0.4791666666666667,0.0,0.3125
9,0.04,0.0,0.112,0.848
10,1.0,0.0,0.0,0.0
11,0.36363636363636365,0.36363636363636365,0.0,0.2727272727272727
12,0.10714285714285714,0.10714285714285714,0.0,0.7857142857142857
13,0.6666666666666666,0.3333333333333333,0.0,0.0
14,0.3333333333333333,0.3333333333333333,0.0,0.3333333333333333
15,0.09523809523809523,0.8095238095238095,0.0,0.09523809523809523
16,0.0,0.75,0.0,0.25
17,0.7894736842105263,0.07894736842105263,0.0,0.13157894736842105
18,0.2857142857142857,0.42857142857142855,0.2857142857142857,0.0
19,0.4,0.0,0.2,0.4
20,0.14285714285714285,0.11428571428571428,0.7428571428571429,0.0
21,0.0,0.5,0.0,0.5
22,0.0,0.0,0.0,1.0
23,0.5,0.14285714285714285,0.0,0.35714285714285715
24,0.0,0.2857142857142857,0.0,0.7142857142857143
25,0.25,0.0,0.0,0.75
26,0.0,0.4,0.4666666666666667,0.13333333333333333
27,0.38461538461538464,0.5384615384615384,0.0,0.07692307692307693
28,0.6521739130434783,0.2608695652173913,0.0,0.08695652173913043
29,0.3125,0.0,0.3125,0.375
30,0.10638297872340426,0.0,0.06382978723404255,0.8297872340425532
31,0.21428571428571427,0.5714285714285714,0.21428571428571427,0.0
32,0.7272727272727273,0.18181818181818182,0.0,0.09090909090909091
33,0.7777777777777778,0.1111111111111111,0.0,0.1111111111111111
34,0.1,0.7,0.2,0.0
35,0.5128205128205128,0.0,0.358974358974359,0.1282051282051282
36,0.0,0.5967741935483871,0.3548387096774194,0.04838709677419355
37,0.0,0.3170731707317073,0.5853658536585366,0.0975609756097561
38,0.42857142857142855,0.38095238095238093,0.0,0.19047619047619047
39,0.1935483870967742,0.0,0.03225806451612903,0.7741935483870968
40,0.375,0.0,0.375,0.25
41,0.007042253521126761,0.02112676056338028,0.971830985915493,0.0
42,0.3333333333333333,0.0,0.0,0.6666666666666666
43,0.3333333333333333,0.16666666666666666,0.0,0.5
44,0.5263157894736842,0.10526315789473684,0.0,0.3684210526315789
45,0.4444444444444444,0.1111111111111111,0.0,0.4444444444444444
46,0.6818181818181818,0.2727272727272727,0.0,0.045454545454545456
47,0.15384615384615385,0.6538461538461539,0.0,0.19230769230769232
48,0.0,0.4,0.6,0.0
49,0.0,0.0,1.0,0.0
50,0.2777777777777778,0.0,0.2777777777777778,0.4444444444444444
51,0.4444444444444444,0.0,0.2222222222222222,0.3333333333333333
52,0.25,0.0,0.75,0.0
53,0.5588235294117647,0.29411764705882354,0.0,0.14705882352941177
54,0.0,0.7272727272727273,0.09090909090909091,0.18181818181818182
55,0.26666666666666666,0.6,0.0,0.13333333333333333
56,0.0,0.6666666666666666,0.3333333333333333,0.0
57,0.17647058823529413,0.0,0.5294117647058824,0.29411764705882354
58,0.0,0.8888888888888888,0.1111111111111111,0.0
59,0.21428571428571427,0.0,0.5714285714285714,0.21428571428571427
60,0.5,0.1875,0.3125,0.0
61,0.125,0.0,0.625,0.25
62,0.2727272727272727,0.0,0.12727272727272726,0.6
63,0.0,0.2,0.8,0.0
64,0.0,0.5,0.0,0.5
65,0.0,0.8,0.2,0.0
66,0.4727272727272727,0.14545454545454545,0.0,0.38181818181818183
67,0.28865979381443296,0.0,0.09278350515463918,0.6185567010309279
68,0.0,0.25,0.5625,0.1875
69,0.9259259259259259,0.0,0.0,0.07407407407407407
70,0.013333333333333334,0.0,0.48,0.5066666666666667
71,0.2631578947368421,0.0,0.47368421052631576,0.2631578947368421
72,0.0,0.6666666666666666,0.3333333333333333,0.0
73,0.0,0.0,0.25,0.75
74,0.13043478260869565,0.5217391304347826,0.34782608695652173,0.0
75,0.5,0.3333333333333333,0.0,0.16666666666666666
76,0.7027027027027027,0.21621621621621623,0.0,0.08108108108108109
77,0.0,0.3225806451612903,0.5,0.1774193548387097
78,0.3333333333333333,0.5238095238095238,0.14285714285714285,0.0
79,0.2,0.6,0.2,0.0
80,0.1111111111111111,0.0,0.05555555555555555,0.8333333333333334
81,0.0,0.5245901639344263,0.32786885245901637,0.14754098360655737
82,0.128,0.0,0.664,0.208
83,0.25274725274725274,0.0,0.08791208791208792,0.6593406593406593
84,0.22033898305084745,0.5254237288135594,0.2542372881355932,0.0
85,0.0,0.6666666666666666,0.3333333333333333,0.0
86,0.06976744186046512,0.0,0.11627906976744186,0.813953488372093
87,0.0,0.4745762711864407,0.4576271186440678,0.06779661016949153
88,0.625,0.18269230769230768,0.0,0.19230769230769232
89,0.17073170731707318,0.5609756097560976,0.2682926829268293,0.0
90,0.0,0.2549019607843137,0.5490196078431373,0.19607843137254902
91,0.3939393939393939,0.43722943722943725,0.0,0.16883116883116883
92,0.14619883040935672,0.0,0.017543859649122806,0.8362573099415205
93,0.14583333333333334,0.6875,0.16666666666666666,0.0
94,0.0,0.25274725274725274,0.03296703296703297,0.7142857142857143
95,0.0392156862745098,0.8823529411764706,0.0784313725490196,0.0
96,0.0,0.07751937984496124,0.7054263565891473,0.21705426356589147
97,0.36363636363636365,0.5795454545454546,0.0,0.056818181818181816
98,0.18947368421052632,0.0,0.14736842105263157,0.6631578947368421
99,0.0,0.3684210526315789,0.12280701754385964,0.5087719298245614
100,0.0,0.6666666666666666,0.3333333333333333,0.0
101,0.30434782608695654,0.6304347826086957,0.0,0.06521739130434782
102,0.0,0.5,0.421875,0.078125
103,0.0,0.5102040816326531,0.3673469387755102,0.12244897959183673
104,0.012658227848101266,0.0,0.02531645569620253,0.9620253164556962
105,0.0,0.3333333333333333,0.6666666666666666,0.0
106,0.0,0.3333333333333333,0.0,0.6666666666666666
107,,,,
108,0.5,0.1875,0.0,0.3125
109,0.25,0.5,0.25,0.0
110,0.07142857142857142,0.0,0.14285714285714285,0.7857142857142857
111,0.3333333333333333,0.0,0.0,0.6666666666666666
112,0.0,0.0,0.0,1.0
113,0.42105263157894735,0.0,0.15789473684210525,0.42105263157894735
114,0.0,0.0,0.6666666666666666,0.3333333333333333
115,0.0,0.09090909090909091,0.18181818181818182,0.7272727272727273
116,0.5789473684210527,0.3684210526315789,0.0,0.05263157894736842
117,0.8695652173913043,0.06521739130434782,0.0,0.06521739130434782
118,0.041666666666666664,0.0,0.14583333333333334,0.8125
119,0.3684210526315789,0.5263157894736842,0.10526315789473684,0.0
120,0.0,0.0,0.7142857142857143,0.2857142857142857
121,0.6,0.0,0.2,0.2
122,0.0,0.375,0.4166666666666667,0.20833333333333334
123,0.5,0.0,0.0,0.5
124,0.42857142857142855,0.14285714285714285,0.0,0.42857142857142855
125,0.7777777777777778,0.07936507936507936,0.0,0.14285714285714285
126,0.0,0.4444444444444444,0.5555555555555556,0.0
127,0.0,0.07142857142857142,0.9047619047619048,0.023809523809523808
128,0.5,0.125,0.0,0.375
129,0.23076923076923078,0.07692307692307693,0.0,0.6923076923076923
130,0.3076923076923077,0.07692307692307693,0.0,0.6153846153846154
131,0.5616438356164384,0.1917808219178082,0.0,0.2465753424657534
132,0.275,0.0,0.6,0.125
133,0.0,0.4583333333333333,0.5416666666666666,0.0
134,0.4,0.0,0.0,0.6
135,0.14285714285714285,0.6071428571428571,0.0,0.25
136,0.0,0.029411764705882353,0.8529411764705882,0.11764705882352941
137,0.6792452830188679,0.1509433962264151,0.0,0.16981132075471697
138,0.06666666666666667,0.0,0.9333333333333333,0.0
139,0.3333333333333333,0.13333333333333333,0.0,0.5333333333333333
140,0.375,0.2916666666666667,0.0,0.3333333333333333
141,0.41304347826086957,0.43478260869565216,0.0,0.15217391304347827
142,0.15384615384615385,0.07692307692307693,0.7692307692307693,0.0
143,0.28125,0.0,0.25,0.46875
144,0.028169014084507043,0.028169014084507043,0.9436619718309859,0.0
145,0.47058823529411764,0.0,0.29411764705882354,0.23529411764705882
146,0.0,0.24561403508771928,0.5263157894736842,0.22807017543859648
147,0.4235294117647059,0.047058823529411764,0.5294117647058824,0.0
148,0.4032258064516129,0.0,0.25806451612903225,0.3387096774193548
149,0.14,0.0,0.39,0.47
150,0.0,0.3684210526315789,0.42105263157894735,0.21052631578947367
151,0.10810810810810811,0.6756756756756757,0.21621621621621623,0.0
152,0.21739130434782608,0.6304347826086957,0.15217391304347827,0.0
153,0.0,0.1095890410958904,0.726027397260274,0.1643835616438356
154,0.3263157894736842,0.5578947368421052,0.0,0.11578947368421053
155,0.1625,0.6,0.2375,0.0
156,0.0,0.08888888888888889,0.7555555555555555,0.15555555555555556
157,0.4473684210526316,0.43859649122807015,0.0,0.11403508771929824
158,0.17307692307692307,0.6826923076923077,0.14423076923076922,0.0
159,0.0,0.13013698630136986,0.7534246575342466,0.11643835616438356
160,0.3425414364640884,0.5414364640883977,0.0,0.11602209944751381
161,0.1044776119402985,0.6119402985074627,0.2835820895522388,0.0
162,0.0,0.09774436090225563,0.8270676691729323,0.07518796992481203
163,0.34545454545454546,0.45454545454545453,0.0,0.2
164,0.25384615384615383,0.5384615384615384,0.2076923076923077,0.0
165,0.0,0.256,0.568,0.176
166,0.5081967213114754,0.39344262295081966,0.0,0.09836065573770492
167,0.2222222222222222,0.5079365079365079,0.2698412698412698,0.0
168,0.3225806451612903,0.31451612903225806,0.3629032258064516,0.0
169,0.0,0.44594594594594594,0.10810810810810811,0.44594594594594594
170,0.20454545454545456,0.0,0.22727272727272727,0.5681818181818182
171,0.0,0.25,0.3611111111111111,0.3888888888888889
172,0.3013698630136986,0.4931506849315068,0.2054794520547945,0.0
173,0.0,0.4740740740740741,0.16296296296296298,0.362962962962963
174,0.2631578947368421,0.5131578947368421,0.2236842105263158,0.0
175,0.0,0.1111111111111111,0.09523809523809523,0.7936507936507936
176,0.10526315789473684,0.0,0.09649122807017543,0.7982456140350878
177,0.13157894736842105,0.2631578947368421,0.6052631578947368,0.0
178,0.0,0.7857142857142857,0.14285714285714285,0.07142857142857142
179,0.010416666666666666,0.0,0.03125,0.9583333333333334
180,0.5227272727272727,0.13636363636363635,0.0,0.3409090909090909
181,0.1016949152542373,0.0,0.576271186440678,0.3220338983050847
182,0.0,0.19298245614035087,0.6666666666666666,0.14035087719298245
183,0.3333333333333333,0.4666666666666667,0.0,0.2
184,0.0,0.5892857142857143,0.35714285714285715,0.05357142857142857
185,0.14,0.0,0.52,0.34
186,0.18181818181818182,0.2727272727272727,0.5454545454545454,0.0
187,0.6428571428571429,0.0,0.21428571428571427,0.14285714285714285
188,0.0,0.28688524590163933,0.4016393442622951,0.3114754098360656
189,0.23636363636363636,0.5818181818181818,0.0,0.18181818181818182
190,0.25,0.0,0.75,0.0
191,0.631578947368421,0.10526315789473684,0.0,0.2631578947368421
192,0.0,0.030303030303030304,0.9393939393939394,0.030303030303030304
193,0.0,0.05128205128205128,0.9102564102564102,0.038461538461538464
194,0.5555555555555556,0.1111111111111111,0.0,0.3333333333333333
195,0.5333333333333333,0.2,0.0,0.26666666666666666
196,0.7142857142857143,0.0,0.0,0.2857142857142857
197,0.2,0.0,0.2,0.6
198,1.0,0.0,0.0,0.0
199,0.0,0.0,0.0,1.0
200,0.0,0.2711864406779661,0.4067796610169492,0.3220338983050847
201,0.47368421052631576,0.05263157894736842,0.47368421052631576,0.0
202,0.1111111111111111,0.2222222222222222,0.6666666666666666,0.0
203,0.5384615384615384,0.0,0.0,0.46153846153846156
204,0.0,0.0,0.7096774193548387,0.2903225806451613
205,0.07547169811320754,0.0,0.32075471698113206,0.6037735849056604
206,0.4444444444444444,0.0,0.2222222222222222,0.3333333333333333
207,0.0,0.05555555555555555,0.9444444444444444,0.0
208,0.3333333333333333,0.4166666666666667,0.25,0.0
209,0.13513513513513514,0.0,0.24324324324324326,0.6216216216216216
210,0.1724137931034483,0.1724137931034483,0.6551724137931034,0.0
211,0.23076923076923078,0.0,0.07692307692307693,0.6923076923076923
212,0.3125,0.0,0.375,0.3125
213,0.0,0.2,0.5,0.3
214,0.2,0.4,0.0,0.4
215,0.0,0.047619047619047616,0.9523809523809523,0.0
216,0.625,0.125,0.0,0.25
217,0.0,0.25,0.25,0.5
218,0.375,0.0,0.1875,0.4375
219,0.0,0.08108108108108109,0.8378378378378378,0.08108108108108109
220,0.0,0.375,0.625,0.0
221,0.10204081632653061,0.0,0.16326530612244897,0.7346938775510204
222,0.35714285714285715,0.09523809523809523,0.0,0.5476190476190477
223,0.3684210526315789,0.0,0.47368421052631576,0.15789473684210525
224,0.5,0.0,0.3333333333333333,0.16666666666666666
225,0.0,0.40540540540540543,0.5945945945945946,0.0
226,0.0,0.18421052631578946,0.7763157894736842,0.039473684210526314
227,0.4,0.37142857142857144,0.0,0.22857142857142856
228,0.0,0.22857142857142856,0.7142857142857143,0.05714285714285714
229,0.0,0.15384615384615385,0.6923076923076923,0.15384615384615385
230,0.04918032786885246,0.0,0.2540983606557377,0.6967213114754098
231,0.5714285714285714,0.023809523809523808,0.40476190476190477,0.0
232,0.07142857142857142,0.0,0.03571428571428571,0.8928571428571429
233,0.0,0.2916666666666667,0.5,0.20833333333333334
234,0.17073170731707318,0.0,0.6016260162601627,0.22764227642276422
235,0.16666666666666666,0.16666666666666666,0.6666666666666666,0.0
236,0.3829787234042553,0.43617021276595747,0.0,0.18085106382978725
237,0.09090909090909091,0.5,0.4090909090909091,0.0
238,0.0,0.15328467153284672,0.021897810218978103,0.8248175182481752
239,0.17391304347826086,0.6086956521739131,0.21739130434782608,0.0
240,0.14285714285714285,0.0,0.14285714285714285,0.7142857142857143
241,0.4,0.2,0.4,0.0
242,0.325,0.325,0.0,0.35
243,0.13157894736842105,0.0,0.868421052631579,0.0
244,0.0,0.2,0.4,0.4
245,0.0,0.40350877192982454,0.43859649122807015,0.15789473684210525
246,0.0,0.2962962962962963,0.37037037037037035,0.3333333333333333
247,0.07692307692307693,0.8461538461538461,0.07692307692307693,0.0
248,0.6428571428571429,0.35714285714285715,0.0,0.0
249,0.0,0.10714285714285714,0.7857142857142857,0.10714285714285714
250,0.0,0.3670886075949367,0.620253164556962,0.012658227848101266
251,0.1875,0.0,0.125,0.6875
252,0.0,0.13793103448275862,0.8620689655172413,0.0
253,0.9166666666666666,0.08333333333333333,0.0,0.0
254,0.04,0.0,0.24,0.72
255,0.17647058823529413,0.0,0.29411764705882354,0.5294117647058824
256,0.4166666666666667,0.0,0.5833333333333334,0.0
257,0.2222222222222222,0.6666666666666666,0.0,0.1111111111111111
258,0.0,0.5333333333333333,0.4666666666666667,0.0
259,0.1702127659574468,0.7659574468085106,0.0,0.06382978723404255
260,0.0,0.1875,0.71875,0.09375
261,0.43902439024390244,0.4634146341463415,0.0,0.0975609756097561
262,0.1111111111111111,0.0,0.1984126984126984,0.6904761904761905
263,0.3,0.0,0.1,0.6
264,0.6666666666666666,0.16666666666666666,0.0,0.16666666666666666
265,0.0,0.4666666666666667,0.4666666666666667,0.06666666666666667
266,0.36470588235294116,0.5764705882352941,0.0,0.058823529411764705
267,0.0,0.0,0.0,1.0
268,0.0,0.0,0.0,1.0
269,0.2222222222222222,0.0,0.05555555555555555,0.7222222222222222
270,0.0,0.0,0.425,0.575
271,0.6666666666666666,0.0,0.3333333333333333,0.0
272,0.0,0.0,1.0,0.0
273,0.25,0.5,0.0,0.25
274,0.0,0.0,0.9767441860465116,0.023255813953488372
275,0.23076923076923078,0.6461538461538462,0.12307692307692308,0.0
276,0.7428571428571429,0.1523809523809524,0.0,0.10476190476190476
277,0.1,0.5,0.4,0.0
278,0.26353790613718414,0.3971119133574007,0.0,0.33935018050541516
279,0.25,0.0,0.75,0.0
280,0.0,0.0,0.0,1.0
281,0.021739130434782608,0.9130434782608695,0.06521739130434782,0.0
282,0.16666666666666666,0.16666666666666666,0.6666666666666666,0.0
283,0.0,0.025,0.075,0.9
284,0.011904761904761904,0.0,0.047619047619047616,0.9404761904761905
285,0.16666666666666666,0.16666666666666666,0.6666666666666666,0.0
286,0.3333333333333333,0.16666666666666666,0.0,0.5
287,0.0,0.9,0.1,0.0
288,0.7619047619047619,0.0,0.0,0.23809523809523808
289,0.044444444444444446,0.0,0.06666666666666667,0.8888888888888888
290,0.42857142857142855,0.47619047619047616,0.0,0.09523809523809523
291,0.0,0.7241379310344828,0.27586206896551724,0.0
292,0.8,0.1,0.0,0.1
293,0.0,0.0,0.9285714285714286,0.07142857142857142
294,0.4,0.6,0.0,0.0
295,0.0,0.3888888888888889,0.4444444444444444,0.16666666666666666
296,0.3333333333333333,0.6666666666666666,0.0,0.0
297,0.0,0.0,0.0,1.0
298,0.3333333333333333,0.6666666666666666,0.0,0.0
299,0.058823529411764705,0.0,0.7647058823529411,0.17647058823529413
300,0.0,1.0,0.0,0.0
301,,,,
302,0.5,0.5,0.0,0.0
303,,,,
304,0.0,0.0,1.0,0.0
305,,,,
306,,,,
307,,,,
308,,,,
309,0.0,0.0,1.0,0.0
310,,,,
311,,,,
312,,,,
313,,,,
314,,,,
315,,,,
