,A,C,G,T
0,,,,
1,,,,
2,0.8823529411764706,0.11764705882352941,0.0,0.0
3,0.5384615384615384,0.23076923076923078,0.0,0.23076923076923078
4,0.6666666666666666,0.24561403508771928,0.08771929824561403,0.0
5,0.3939393939393939,0.21212121212121213,0.0,0.3939393939393939
6,0.29411764705882354,0.0,0.5882352941176471,0.11764705882352941
7,0.0,0.34782608695652173,0.391304347826087,0.2608695652173913
8,0.3826086956521739,0.5739130434782609,0.0,0.043478260869565216
9,0.05172413793103448,0.0,0.0603448275862069,0.8879310344827587
10,0.5,0.0,0.5,0.0
11,0.5714285714285714,0.19047619047619047,0.0,0.23809523809523808
12,0.075,0.725,0.0,0.2
13,0.16666666666666666,0.8333333333333334,0.0,0.0
14,0.65,0.15,0.0,0.2
15,0.0,1.0,0.0,0.0
16,0.0,0.5833333333333334,0.3333333333333333,0.08333333333333333
17,0.7580645161290323,0.1935483870967742,0.0,0.04838709677419355
18,0.9,0.1,0.0,0.0
19,0.375,0.0,0.5,0.125
20,0.08163265306122448,0.2653061224489796,0.6530612244897959,0.0
21,0.0,0.25,0.0,0.75
22,0.2857142857142857,0.0,0.0,0.7142857142857143
23,0.6363636363636364,0.09090909090909091,0.0,0.2727272727272727
24,0.25,0.0,0.0,0.75
25,0.5,0.0,0.0,0.5
26,0.0,0.9148936170212766,0.0851063829787234,0.0
27,0.3,0.0,0.0,0.7
28,0.5,0.3,0.0,0.2
29,0.125,0.0,0.1875,0.6875
30,0.0,0.9,0.0,0.1
31,0.15384615384615385,0.5384615384615384,0.3076923076923077,0.0
32,0.43333333333333335,0.26666666666666666,0.0,0.3
33,0.3333333333333333,0.16666666666666666,0.0,0.5
34,0.0,0.7777777777777778,0.2222222222222222,0.0
35,0.14285714285714285,0.0,0.7142857142857143,0.14285714285714285
36,0.5714285714285714,0.0,0.2857142857142857,0.14285714285714285
37,0.0,0.05555555555555555,0.6666666666666666,0.2777777777777778
38,0.45454545454545453,0.36363636363636365,0.0,0.18181818181818182
39,0.0,0.0,0.09090909090909091,0.9090909090909091
40,0.5,0.0,0.0,0.5
41,0.014084507042253521,0.352112676056338,0.6338028169014085,0.0
42,0.0,1.0,0.0,0.0
43,0.625,0.125,0.0,0.25
44,0.09523809523809523,0.6666666666666666,0.0,0.23809523809523808
45,0.0,0.31958762886597936,0.6804123711340206,0.0
46,0.4777777777777778,0.4444444444444444,0.0,0.07777777777777778
47,0.36363636363636365,0.18181818181818182,0.0,0.45454545454545453
48,0.45454545454545453,0.45454545454545453,0.09090909090909091,0.0
49,0.6666666666666666,0.0,0.0,0.3333333333333333
50,0.34782608695652173,0.0,0.13043478260869565,0.5217391304347826
51,0.25,0.0,0.25,0.5
52,0.5,0.0,0.5,0.0
53,0.24242424242424243,0.42424242424242425,0.0,0.3333333333333333
54,0.0,0.6470588235294118,0.29411764705882354,0.058823529411764705
55,0.56,0.37333333333333335,0.0,0.06666666666666667
56,0.0,0.5142857142857142,0.3142857142857143,0.17142857142857143
57,0.12121212121212122,0.0,0.8181818181818182,0.06060606060606061
58,0.0,0.75,0.25,0.0
59,0.16666666666666666,0.0,0.5,0.3333333333333333
60,0.08333333333333333,0.25,0.6666666666666666,0.0
61,0.42857142857142855,0.0,0.2857142857142857,0.2857142857142857
62,0.5161290322580645,0.0,0.12903225806451613,0.3548387096774194
63,0.3333333333333333,0.0,0.6666666666666666,0.0
64,0.0,0.0,0.0,1.0
65,0.0,0.7,0.3,0.0
66,0.6444444444444445,0.1111111111111111,0.0,0.24444444444444444
67,0.33064516129032256,0.0,0.04838709677419355,0.6209677419354839
68,0.0,0.12790697674418605,0.6162790697674418,0.2558139534883721
69,0.9166666666666666,0.027777777777777776,0.0,0.05555555555555555
70,0.0,0.0,0.5227272727272727,0.4772727272727273
71,0.17391304347826086,0.0,0.5217391304347826,0.30434782608695654
72,0.18181818181818182,0.18181818181818182,0.6363636363636364,0.0
73,0.15384615384615385,0.0,0.8461538461538461,0.0
74,0.42424242424242425,0.48484848484848486,0.09090909090909091,0.0
75,0.30434782608695654,0.5217391304347826,0.0,0.17391304347826086
76,0.55,0.15,0.0,0.3
77,0.0,0.33766233766233766,0.4675324675324675,0.19480519480519481
78,0.3448275862068966,0.5862068965517241,0.06896551724137931,0.0
79,0.26666666666666666,0.26666666666666666,0.4666666666666667,0.0
80,0.030303030303030304,0.0,0.030303030303030304,0.9393939393939394
81,0.0,0.30434782608695654,0.41739130434782606,0.2782608695652174
82,0.18125,0.0,0.51875,0.3
83,0.375,0.0,0.21153846153846154,0.41346153846153844
84,0.08695652173913043,0.5217391304347826,0.391304347826087,0.0
85,0.0,0.9375,0.0625,0.0
86,0.10638297872340426,0.0,0.0851063829787234,0.8085106382978723
87,0.0,0.32,0.56,0.12
88,0.6821705426356589,0.26356589147286824,0.0,0.05426356589147287
89,0.51010101010101,0.2474747474747475,0.24242424242424243,0.0
90,0.0,0.12612612612612611,0.7657657657657657,0.10810810810810811
91,0.46830985915492956,0.36619718309859156,0.0,0.16549295774647887
92,0.13609467455621302,0.0,0.08875739644970414,0.7751479289940828
93,0.10810810810810811,0.7837837837837838,0.10810810810810811,0.0
94,0.0,0.10759493670886076,0.08227848101265822,0.810126582278481
95,0.15789473684210525,0.6842105263157895,0.15789473684210525,0.0
96,0.19911504424778761,0.4469026548672566,0.0,0.35398230088495575
97,0.19753086419753085,0.0,0.48148148148148145,0.32098765432098764
98,0.38461538461538464,0.36923076923076925,0.24615384615384617,0.0
99,0.0,0.19130434782608696,0.034782608695652174,0.7739130434782608
100,0.14285714285714285,0.2857142857142857,0.5714285714285714,0.0
101,0.4392523364485981,0.2897196261682243,0.0,0.27102803738317754
102,0.2033898305084746,0.0,0.1694915254237288,0.6271186440677966
103,0.0,0.38461538461538464,0.019230769230769232,0.5961538461538461
104,0.12195121951219512,0.0,0.21951219512195122,0.6585365853658537
105,0.0,0.0,1.0,0.0
106,0.0,0.0,0.0,1.0
107,0.0,0.0,0.0,1.0
108,0.3870967741935484,0.45161290322580644,0.0,0.16129032258064516
109,0.0,0.4,0.6,0.0
110,0.038461538461538464,0.0,0.11538461538461539,0.8461538461538461
111,0.0,0.0,1.0,0.0
112,0.5,0.0,0.0,0.5
113,0.47058823529411764,0.0,0.17647058823529413,0.35294117647058826
114,0.4,0.0,0.0,0.6
115,0.0,0.38461538461538464,0.07692307692307693,0.5384615384615384
116,0.3333333333333333,0.16666666666666666,0.0,0.5
117,0.6666666666666666,0.10606060606060606,0.0,0.22727272727272727
118,0.0,0.0,0.23809523809523808,0.7619047619047619
119,0.08,0.8,0.12,0.0
120,0.3333333333333333,0.0,0.6666666666666666,0.0
121,1.0,0.0,0.0,0.0
122,0.0,0.07563025210084033,0.15126050420168066,0.773109243697479
123,0.0,0.0,0.0,1.0
124,0.2857142857142857,0.42857142857142855,0.0,0.2857142857142857
125,0.4666666666666667,0.0,0.4666666666666667,0.06666666666666667
126,0.0,0.35,0.6333333333333333,0.016666666666666666
127,0.0,0.04,0.88,0.08
128,0.1111111111111111,0.4444444444444444,0.0,0.4444444444444444
129,0.42857142857142855,0.0,0.0,0.5714285714285714
130,0.15789473684210525,0.21052631578947367,0.0,0.631578947368421
131,0.61,0.31,0.0,0.08
132,0.3333333333333333,0.0,0.2222222222222222,0.4444444444444444
133,0.06521739130434782,0.6521739130434783,0.2826086956521739,0.0
134,0.0,0.09130434782608696,0.2782608695652174,0.6304347826086957
135,0.03225806451612903,0.8387096774193549,0.0,0.12903225806451613
136,0.0,0.07017543859649122,0.6666666666666666,0.2631578947368421
137,0.6785714285714286,0.23809523809523808,0.0,0.08333333333333333
138,0.0,0.058823529411764705,0.9411764705882353,0.0
139,0.2222222222222222,0.5185185185185185,0.0,0.25925925925925924
140,0.25,0.5,0.0,0.25
141,0.4126984126984127,0.4126984126984127,0.0,0.1746031746031746
142,0.043478260869565216,0.043478260869565216,0.9130434782608695,0.0
143,0.42857142857142855,0.24489795918367346,0.0,0.32653061224489793
144,0.2644628099173554,0.01652892561983471,0.0,0.71900826446281
145,0.5161290322580645,0.0,0.45161290322580644,0.03225806451612903
146,0.0,0.33613445378151263,0.23529411764705882,0.42857142857142855
147,0.15658362989323843,0.697508896797153,0.0,0.14590747330960854
148,0.1518987341772152,0.620253164556962,0.22784810126582278,0.0
149,0.16793893129770993,0.42748091603053434,0.40458015267175573,0.0
150,0.0,0.1836734693877551,0.5102040816326531,0.30612244897959184
151,0.1875,0.3333333333333333,0.4791666666666667,0.0
152,0.0,0.41353383458646614,0.12781954887218044,0.45864661654135336
153,0.19480519480519481,0.4805194805194805,0.3246753246753247,0.0
154,0.3877551020408163,0.0,0.3469387755102041,0.2653061224489796
155,0.0,0.514018691588785,0.308411214953271,0.17757009345794392
156,0.16279069767441862,0.29767441860465116,0.5395348837209303,0.0
157,0.0,0.304,0.184,0.512
158,0.3333333333333333,0.4666666666666667,0.2,0.0
159,0.7619047619047619,0.14285714285714285,0.0,0.09523809523809523
160,0.0,0.13636363636363635,0.6363636363636364,0.22727272727272727
161,0.11494252873563218,0.7241379310344828,0.16091954022988506,0.0
162,0.09090909090909091,0.0,0.0,0.9090909090909091
163,0.6176470588235294,0.23529411764705882,0.0,0.14705882352941177
164,0.0,0.4329896907216495,0.5360824742268041,0.030927835051546393
165,0.0,0.4084507042253521,0.352112676056338,0.23943661971830985
166,0.415929203539823,0.21238938053097345,0.0,0.37168141592920356
167,0.34,0.4,0.26,0.0
168,0.0,0.15217391304347827,0.8217391304347826,0.02608695652173913
169,0.0,0.2191780821917808,0.5342465753424658,0.2465753424657534
170,0.4954545454545455,0.2727272727272727,0.2318181818181818,0.0
171,0.0,0.41134751773049644,0.524822695035461,0.06382978723404255
172,0.0,0.5,0.22727272727272727,0.2727272727272727
173,0.0,0.21487603305785125,0.6694214876033058,0.11570247933884298
174,0.25,0.3541666666666667,0.3958333333333333,0.0
175,0.0,0.10752688172043011,0.3118279569892473,0.5806451612903226
176,0.1286549707602339,0.0,0.06432748538011696,0.8070175438596491
177,0.06451612903225806,0.5483870967741935,0.3870967741935484,0.0
178,0.0,0.21052631578947367,0.10526315789473684,0.6842105263157895
179,0.023809523809523808,0.0,0.047619047619047616,0.9285714285714286
180,0.5794392523364486,0.102803738317757,0.0,0.3177570093457944
181,0.14864864864864866,0.0,0.40540540540540543,0.44594594594594594
182,0.0,0.09285714285714286,0.7428571428571429,0.16428571428571428
183,0.25,0.5416666666666666,0.0,0.20833333333333334
184,0.0,0.6896551724137931,0.27586206896551724,0.034482758620689655
185,0.19047619047619047,0.0,0.4444444444444444,0.36507936507936506
186,0.13513513513513514,0.16216216216216217,0.7027027027027027,0.0
187,0.3125,0.0,0.0625,0.625
188,0.463768115942029,0.0,0.043478260869565216,0.4927536231884058
189,0.14285714285714285,0.14285714285714285,0.0,0.7142857142857143
190,0.14285714285714285,0.2857142857142857,0.5714285714285714,0.0
191,0.11904761904761904,0.5238095238095238,0.0,0.35714285714285715
192,0.0,0.38095238095238093,0.6190476190476191,0.0
193,0.0,0.04918032786885246,0.9344262295081968,0.01639344262295082
194,0.375,0.0,0.0,0.625
195,0.375,0.125,0.0,0.5
196,0.8,0.06666666666666667,0.0,0.13333333333333333
197,0.36363636363636365,0.0,0.36363636363636365,0.2727272727272727
198,0.0,0.0,0.6666666666666666,0.3333333333333333
199,0.25,0.0,0.0,0.75
200,0.0,0.4838709677419355,0.43548387096774194,0.08064516129032258
201,0.09090909090909091,0.45454545454545453,0.45454545454545453,0.0
202,0.14285714285714285,0.14285714285714285,0.7142857142857143,0.0
203,0.6,0.0,0.0,0.4
204,0.0,0.07317073170731707,0.12195121951219512,0.8048780487804879
205,0.07142857142857142,0.0,0.3392857142857143,0.5892857142857143
206,0.5,0.0,0.125,0.375
207,0.0,0.32710280373831774,0.5887850467289719,0.08411214953271028
208,0.2727272727272727,0.2727272727272727,0.45454545454545453,0.0
209,0.11475409836065574,0.0,0.3114754098360656,0.5737704918032787
210,0.23076923076923078,0.34615384615384615,0.4230769230769231,0.0
211,0.5263157894736842,0.0,0.0,0.47368421052631576
212,0.23529411764705882,0.0,0.058823529411764705,0.7058823529411765
213,0.0,0.8695652173913043,0.13043478260869565,0.0
214,0.05263157894736842,0.15789473684210525,0.0,0.7894736842105263
215,0.0,0.29333333333333333,0.7066666666666667,0.0
216,0.25,0.5,0.0,0.25
217,0.0,0.625,0.125,0.25
218,0.5,0.0,0.16666666666666666,0.3333333333333333
219,0.0,0.06666666666666667,0.8888888888888888,0.044444444444444446
220,0.0,0.23333333333333334,0.6,0.16666666666666666
221,0.03816793893129771,0.6030534351145038,0.35877862595419846,0.0
222,0.06493506493506493,0.24675324675324675,0.6883116883116883,0.0
223,0.2413793103448276,0.0,0.20689655172413793,0.5517241379310345
224,0.18181818181818182,0.0,0.6363636363636364,0.18181818181818182
225,0.0,0.6875,0.3,0.0125
226,0.0,0.18823529411764706,0.6941176470588235,0.11764705882352941
227,0.5666666666666667,0.35,0.0,0.08333333333333333
228,0.0,0.044444444444444446,0.9111111111111111,0.044444444444444446
229,0.0,0.09302325581395349,0.8953488372093024,0.011627906976744186
230,0.13978494623655913,0.0,0.12903225806451613,0.7311827956989247
231,0.0,0.1111111111111111,0.2222222222222222,0.6666666666666666
232,0.11290322580645161,0.0,0.016129032258064516,0.8709677419354839
233,0.6374501992031872,0.1553784860557769,0.0,0.20717131474103587
234,0.14705882352941177,0.0,0.5882352941176471,0.2647058823529412
235,0.5,0.1,0.4,0.0
236,0.3884297520661157,0.2809917355371901,0.0,0.3305785123966942
237,0.13333333333333333,0.5,0.36666666666666664,0.0
238,0.0,0.1953125,0.0234375,0.78125
239,0.018518518518518517,0.9259259259259259,0.05555555555555555,0.0
240,0.0684931506849315,0.0,0.0684931506849315,0.863013698630137
241,0.14285714285714285,0.0,0.8571428571428571,0.0
242,0.41379310344827586,0.2413793103448276,0.0,0.3448275862068966
243,0.11864406779661017,0.0,0.8813559322033898,0.0
244,0.0,0.05,0.2,0.75
245,0.0,0.24324324324324326,0.7027027027027027,0.05405405405405406
246,0.0,0.7931034482758621,0.1724137931034483,0.034482758620689655
247,0.0,0.3333333333333333,0.6666666666666666,0.0
248,0.2222222222222222,0.6666666666666666,0.0,0.1111111111111111
249,0.0,0.2073170731707317,0.7804878048780488,0.012195121951219513
250,0.0,0.19318181818181818,0.7954545454545454,0.011363636363636364
251,0.1171875,0.0,0.078125,0.8046875
252,0.0,0.125,0.8,0.075
253,0.7894736842105263,0.19298245614035087,0.0,0.017543859649122806
254,0.02531645569620253,0.0,0.11392405063291139,0.8607594936708861
255,0.09375,0.0,0.34375,0.5625
256,0.3333333333333333,0.3333333333333333,0.3333333333333333,0.0
257,0.3333333333333333,0.26666666666666666,0.0,0.4
258,0.0,0.32727272727272727,0.6181818181818182,0.05454545454545454
259,0.16176470588235295,0.7647058823529411,0.0,0.07352941176470588
260,0.0,0.6590909090909091,0.29545454545454547,0.045454545454545456
261,0.42016806722689076,0.5462184873949579,0.0,0.03361344537815126
262,0.09130434782608696,0.0,0.10434782608695652,0.8043478260869565
263,0.75,0.0,0.125,0.125
264,0.3333333333333333,0.3333333333333333,0.0,0.3333333333333333
265,0.0,0.48148148148148145,0.48148148148148145,0.037037037037037035
266,0.43829787234042555,0.4978723404255319,0.0,0.06382978723404255
267,0.0,0.0,0.0,1.0
268,0.0,0.0,1.0,0.0
269,0.5454545454545454,0.0,0.0,0.45454545454545453
270,0.0,0.0,0.26666666666666666,0.7333333333333333
271,0.034482758620689655,0.0,0.034482758620689655,0.9310344827586207
272,0.5,0.125,0.0,0.375
273,0.2,0.0,0.0,0.8
274,0.0,0.0,1.0,0.0
275,0.07317073170731707,0.8292682926829268,0.0975609756097561,0.0
276,0.503030303030303,0.4,0.0,0.09696969696969697
277,0.1,0.7,0.2,0.0
278,0.378698224852071,0.2781065088757396,0.0,0.3431952662721893
279,0.0,0.0,1.0,0.0
280,0.0,0.0,0.0,1.0
281,0.0,0.9807692307692307,0.019230769230769232,0.0
282,0.05263157894736842,0.8421052631578947,0.10526315789473684,0.0
283,0.0,0.015151515151515152,0.09090909090909091,0.8939393939393939
284,0.0,0.0,0.01818181818181818,0.9818181818181818
285,0.25,0.0,0.75,0.0
286,0.25,0.0,0.0,0.75
287,0.0,0.7142857142857143,0.2857142857142857,0.0
288,0.5833333333333334,0.08333333333333333,0.0,0.3333333333333333
289,0.03896103896103896,0.0,0.07792207792207792,0.8831168831168831
290,0.7708333333333334,0.20833333333333334,0.0,0.020833333333333332
291,0.0,0.7647058823529411,0.23529411764705882,0.0
292,0.7692307692307693,0.20512820512820512,0.0,0.02564102564102564
293,0.0,0.18181818181818182,0.7727272727272727,0.045454545454545456
294,0.6666666666666666,0.3333333333333333,0.0,0.0
295,0.0,0.25,0.25,0.5
296,0.0,1.0,0.0,0.0
297,0.0,0.0,0.5,0.5
298,0.0,0.6666666666666666,0.3333333333333333,0.0
299,0.0,0.0,1.0,0.0
300,0.5,0.0,0.5,0.0
301,0.0,0.0,0.0,1.0
302,,,,
303,,,,
304,,,,
305,0.0,0.0,0.0,1.0
306,,,,
307,,,,
308,,,,
309,,,,
310,,,,
311,,,,
312,,,,
313,,,,
314,,,,
315,,,,
