,A,C,G,T
0,,,,
1,,,,
2,0.38095238095238093,0.6190476190476191,0.0,0.0
3,0.8571428571428571,0.14285714285714285,0.0,0.0
4,0.21428571428571427,0.21428571428571427,0.5714285714285714,0.0
5,0.24489795918367346,0.0,0.5102040816326531,0.24489795918367346
6,0.5,0.0,0.25,0.25
7,0.0,0.2,0.7,0.1
8,0.49635036496350365,0.43795620437956206,0.0,0.06569343065693431
9,0.028169014084507043,0.0,0.352112676056338,0.6197183098591549
10,0.0,0.0,1.0,0.0
11,0.8260869565217391,0.13043478260869565,0.0,0.043478260869565216
12,0.2727272727272727,0.5909090909090909,0.0,0.13636363636363635
13,0.34782608695652173,0.6086956521739131,0.043478260869565216,0.0
14,0.8367346938775511,0.10204081632653061,0.0,0.061224489795918366
15,0.0,0.0,0.0,1.0
16,0.0,0.0,1.0,0.0
17,0.9583333333333334,0.0,0.0,0.041666666666666664
18,0.25,0.5,0.25,0.0
19,0.5,0.0,0.0,0.5
20,0.5294117647058824,0.35294117647058826,0.11764705882352941,0.0
21,0.0,0.0,0.0,1.0
22,0.6,0.2,0.0,0.2
23,1.0,0.0,0.0,0.0
24,0.6779661016949152,0.23728813559322035,0.0,0.0847457627118644
25,0.9655172413793104,0.0,0.0,0.034482758620689655
26,0.4375,0.4375,0.125,0.0
27,0.0,0.0,0.0,1.0
28,0.0,0.3125,0.0625,0.625
29,0.926829268292683,0.04878048780487805,0.0,0.024390243902439025
30,0.2459016393442623,0.6065573770491803,0.0,0.14754098360655737
31,0.0,0.5714285714285714,0.42857142857142855,0.0
32,0.6111111111111112,0.1111111111111111,0.0,0.2777777777777778
33,0.0,0.8181818181818182,0.09090909090909091,0.09090909090909091
34,0.0,0.07407407407407407,0.9135802469135802,0.012345679012345678
35,0.8484848484848485,0.06060606060606061,0.0,0.09090909090909091
36,0.0,0.13157894736842105,0.868421052631579,0.0
37,0.0,0.25,0.55,0.2
38,0.6,0.4,0.0,0.0
39,0.375,0.0,0.0625,0.5625
40,0.6666666666666666,0.0,0.0,0.3333333333333333
41,0.16129032258064516,0.06451612903225806,0.7741935483870968,0.0
42,0.3333333333333333,0.0,0.0,0.6666666666666666
43,0.3333333333333333,0.0,0.0,0.6666666666666666
44,0.4,0.2,0.0,0.4
45,0.4,0.0,0.6,0.0
46,,,,
47,0.03636363636363636,0.0,0.7636363636363637,0.2
48,0.0,0.06666666666666667,0.9333333333333333,0.0
49,0.0,0.0,1.0,0.0
50,0.9090909090909091,0.06060606060606061,0.0,0.030303030303030304
51,0.4444444444444444,0.4444444444444444,0.0,0.1111111111111111
52,0.0,0.0,1.0,0.0
53,0.4,0.0,0.0,0.6
54,0.0,0.8571428571428571,0.14285714285714285,0.0
55,0.0,0.1780821917808219,0.8082191780821918,0.0136986301369863
56,0.8,0.2,0.0,0.0
57,0.6842105263157895,0.2631578947368421,0.0,0.05263157894736842
58,0.0,0.0,1.0,0.0
59,0.18181818181818182,0.0,0.5454545454545454,0.2727272727272727
60,0.1111111111111111,0.5555555555555556,0.3333333333333333,0.0
61,,,,
62,0.0,0.0,0.6363636363636364,0.36363636363636365
63,0.0,1.0,0.0,0.0
64,0.3333333333333333,0.3333333333333333,0.0,0.3333333333333333
65,0.015625,0.0,0.015625,0.96875
66,0.0,0.5352112676056338,0.23943661971830985,0.22535211267605634
67,0.0,0.15384615384615385,0.7846153846153846,0.06153846153846154
68,0.6,0.2,0.0,0.2
69,0.6,0.16363636363636364,0.0,0.23636363636363636
70,0.04081632653061224,0.0,0.04081632653061224,0.9183673469387755
71,0.03125,0.8958333333333334,0.07291666666666667,0.0
72,0.0,0.56,0.44,0.0
73,0.25,0.0,0.0,0.75
74,0.125,0.5,0.375,0.0
75,1.0,0.0,0.0,0.0
76,0.36363636363636365,0.36363636363636365,0.0,0.2727272727272727
77,0.0,0.5555555555555556,0.2962962962962963,0.14814814814814814
78,0.36363636363636365,0.36363636363636365,0.0,0.2727272727272727
79,0.8026315789473685,0.013157894736842105,0.0,0.18421052631578946
80,0.42105263157894735,0.0,0.21052631578947367,0.3684210526315789
81,0.0,0.21428571428571427,0.2619047619047619,0.5238095238095238
82,0.2727272727272727,0.0,0.4909090909090909,0.23636363636363636
83,0.21568627450980393,0.0,0.0784313725490196,0.7058823529411765
84,0.09523809523809523,0.7380952380952381,0.16666666666666666,0.0
85,0.0,0.8,0.2,0.0
86,0.20833333333333334,0.0,0.2916666666666667,0.5
87,0.0,0.325,0.5,0.175
88,0.8,0.14814814814814814,0.0,0.05185185185185185
89,0.0975609756097561,0.0,0.16260162601626016,0.7398373983739838
90,0.0,0.11904761904761904,0.8095238095238095,0.07142857142857142
91,0.6620689655172414,0.3103448275862069,0.0,0.027586206896551724
92,0.10126582278481013,0.0,0.14556962025316456,0.7531645569620253
93,0.3865546218487395,0.5294117647058824,0.08403361344537816,0.0
94,0.0,0.3469387755102041,0.061224489795918366,0.5918367346938775
95,0.014705882352941176,0.8823529411764706,0.10294117647058823,0.0
96,0.2459016393442623,0.22950819672131148,0.0,0.5245901639344263
97,0.07142857142857142,0.0,0.6309523809523809,0.2976190476190476
98,0.4222222222222222,0.32222222222222224,0.25555555555555554,0.0
99,0.0,0.09803921568627451,0.26143790849673204,0.6405228758169934
100,0.2,0.6,0.2,0.0
101,0.04878048780487805,0.0,0.3170731707317073,0.6341463414634146
102,0.0,0.3055555555555556,0.5555555555555556,0.1388888888888889
103,0.6,0.3225806451612903,0.0,0.07741935483870968
104,0.0,0.0,0.0875,0.9125
105,0.0,0.5,0.5,0.0
106,0.0,0.0,0.0,1.0
107,0.0,0.5,0.0,0.5
108,0.21052631578947367,0.5789473684210527,0.0,0.21052631578947367
109,0.0,0.42857142857142855,0.5714285714285714,0.0
110,0.2631578947368421,0.42105263157894735,0.0,0.3157894736842105
111,0.5,0.0,0.0,0.5
112,0.0,0.0,0.0,1.0
113,0.0,0.36764705882352944,0.5882352941176471,0.04411764705882353
114,0.0,0.0,0.0,1.0
115,0.0,0.3,0.2,0.5
116,0.3333333333333333,0.0,0.0,0.6666666666666666
117,0.0,1.0,0.0,0.0
118,0.05,0.0,0.5,0.45
119,0.1111111111111111,0.0,0.7222222222222222,0.16666666666666666
120,0.4,0.0,0.4,0.2
121,0.3333333333333333,0.0,0.3333333333333333,0.3333333333333333
122,0.21428571428571427,0.39285714285714285,0.39285714285714285,0.0
123,0.3333333333333333,0.3333333333333333,0.0,0.3333333333333333
124,,,,
125,0.0,0.6666666666666666,0.05555555555555555,0.2777777777777778
126,0.2857142857142857,0.0,0.5714285714285714,0.14285714285714285
127,0.0,0.0,0.6,0.4
128,0.0,0.10714285714285714,0.8214285714285714,0.07142857142857142
129,0.16666666666666666,0.7777777777777778,0.0,0.05555555555555555
130,0.0,0.0,0.0,1.0
131,0.4396551724137931,0.27586206896551724,0.0,0.28448275862068967
132,0.0,0.0,0.1111111111111111,0.8888888888888888
133,0.0,0.9,0.1,0.0
134,0.07142857142857142,0.42857142857142855,0.5,0.0
135,0.0,1.0,0.0,0.0
136,0.0,0.5,0.3333333333333333,0.16666666666666666
137,0.98,0.02,0.0,0.0
138,0.0,0.0,1.0,0.0
139,0.5,0.5,0.0,0.0
140,0.5,0.5,0.0,0.0
141,0.0,0.37735849056603776,0.5283018867924528,0.09433962264150944
142,0.1,0.6,0.3,0.0
143,0.36363636363636365,0.45454545454545453,0.0,0.18181818181818182
144,1.0,0.0,0.0,0.0
145,0.2222222222222222,0.4444444444444444,0.0,0.3333333333333333
146,0.0,0.5111111111111111,0.4666666666666667,0.022222222222222223
147,0.8235294117647058,0.09803921568627451,0.0,0.0784313725490196
148,0.39285714285714285,0.39285714285714285,0.0,0.21428571428571427
149,0.5454545454545454,0.38181818181818183,0.0,0.07272727272727272
150,0.0,0.16176470588235295,0.5,0.3382352941176471
151,0.10714285714285714,0.5714285714285714,0.32142857142857145,0.0
152,0.1276595744680851,0.0,0.3191489361702128,0.5531914893617021
153,0.0,0.625,0.328125,0.046875
154,0.15384615384615385,0.38461538461538464,0.46153846153846156,0.0
155,0.07894736842105263,0.0,0.18421052631578946,0.7368421052631579
156,0.6521739130434783,0.0,0.17391304347826086,0.17391304347826086
157,0.07692307692307693,0.0,0.38461538461538464,0.5384615384615384
158,0.16091954022988506,0.6666666666666666,0.1724137931034483,0.0
159,0.0,0.36231884057971014,0.5072463768115942,0.13043478260869565
160,0.2558139534883721,0.3953488372093023,0.3488372093023256,0.0
161,0.2185430463576159,0.0,0.543046357615894,0.23841059602649006
162,0.20652173913043478,0.6413043478260869,0.15217391304347827,0.0
163,0.5116279069767442,0.32558139534883723,0.16279069767441862,0.0
164,0.4788732394366197,0.18309859154929578,0.3380281690140845,0.0
165,0.532258064516129,0.41935483870967744,0.0,0.04838709677419355
166,0.6336633663366337,0.25742574257425743,0.0,0.10891089108910891
167,0.44505494505494503,0.23626373626373626,0.31868131868131866,0.0
168,0.0,0.19148936170212766,0.4574468085106383,0.35106382978723405
169,0.2403846153846154,0.0,0.125,0.6346153846153846
170,0.0,0.125,0.2159090909090909,0.6590909090909091
171,0.44841269841269843,0.3412698412698413,0.0,0.21031746031746032
172,0.14084507042253522,0.0,0.11267605633802817,0.7464788732394366
173,0.0,0.25,0.4772727272727273,0.2727272727272727
174,0.0,0.24175824175824176,0.6813186813186813,0.07692307692307693
175,0.0,0.5769230769230769,0.25,0.17307692307692307
176,0.1388888888888889,0.0,0.25,0.6111111111111112
177,0.1794871794871795,0.41025641025641024,0.41025641025641024,0.0
178,0.0,0.3181818181818182,0.13636363636363635,0.5454545454545454
179,0.05,0.0,0.125,0.825
180,0.38636363636363635,0.13636363636363635,0.0,0.4772727272727273
181,0.6785714285714286,0.0,0.03571428571428571,0.2857142857142857
182,0.0,0.5333333333333333,0.3333333333333333,0.13333333333333333
183,0.21875,0.0,0.78125,0.0
184,0.0,0.68,0.32,0.0
185,0.6415094339622641,0.2830188679245283,0.0,0.07547169811320754
186,0.0,0.7384615384615385,0.26153846153846155,0.0
187,0.0,0.20454545454545456,0.7045454545454546,0.09090909090909091
188,0.7090909090909091,0.21818181818181817,0.0,0.07272727272727272
189,0.11764705882352941,0.4117647058823529,0.47058823529411764,0.0
190,0.7058823529411765,0.17647058823529413,0.11764705882352941,0.0
191,0.15789473684210525,0.0,0.09473684210526316,0.7473684210526316
192,0.48484848484848486,0.0,0.5151515151515151,0.0
193,0.0,0.019230769230769232,0.8846153846153846,0.09615384615384616
194,0.6666666666666666,0.16666666666666666,0.0,0.16666666666666666
195,0.75,0.125,0.0,0.125
196,0.9540229885057471,0.022988505747126436,0.0,0.022988505747126436
197,0.2727272727272727,0.0,0.42424242424242425,0.30303030303030304
198,0.0,0.3,0.7,0.0
199,0.0,1.0,0.0,0.0
200,0.0,0.25,0.75,0.0
201,0.37815126050420167,0.6050420168067226,0.0,0.01680672268907563
202,0.08333333333333333,0.4166666666666667,0.5,0.0
203,0.6428571428571429,0.0,0.2857142857142857,0.07142857142857142
204,0.0,0.07407407407407407,0.2222222222222222,0.7037037037037037
205,0.35294117647058826,0.0,0.17647058823529413,0.47058823529411764
206,0.47093023255813954,0.4476744186046512,0.0,0.08139534883720931
207,0.0,0.2564102564102564,0.41025641025641024,0.3333333333333333
208,0.2222222222222222,0.5555555555555556,0.2222222222222222,0.0
209,0.422680412371134,0.3402061855670103,0.23711340206185566,0.0
210,0.0,0.06896551724137931,0.7068965517241379,0.22413793103448276
211,0.34615384615384615,0.0,0.6153846153846154,0.038461538461538464
212,0.13636363636363635,0.0,0.4696969696969697,0.3939393939393939
213,0.0,0.06593406593406594,0.6923076923076923,0.24175824175824176
214,0.2,0.0,0.13333333333333333,0.6666666666666666
215,0.6875,0.09375,0.0,0.21875
216,0.5555555555555556,0.3333333333333333,0.0,0.1111111111111111
217,0.0,0.3333333333333333,0.6666666666666666,0.0
218,0.46153846153846156,0.0,0.46153846153846156,0.07692307692307693
219,0.8571428571428571,0.10714285714285714,0.0,0.03571428571428571
220,0.0,0.6521739130434783,0.30434782608695654,0.043478260869565216
221,0.0,0.3402061855670103,0.5773195876288659,0.08247422680412371
222,0.5339805825242718,0.07766990291262135,0.3883495145631068,0.0
223,0.10465116279069768,0.0,0.4069767441860465,0.4883720930232558
224,0.13861386138613863,0.0,0.16831683168316833,0.693069306930693
225,0.0,0.05660377358490566,0.5849056603773585,0.3584905660377358
226,0.375,0.0,0.15,0.475
227,0.7083333333333334,0.25,0.0,0.041666666666666664
228,0.0,0.1276595744680851,0.851063829787234,0.02127659574468085
229,0.4887640449438202,0.48314606741573035,0.0,0.028089887640449437
230,0.06097560975609756,0.0,0.2682926829268293,0.6707317073170732
231,0.0,0.4166666666666667,0.3333333333333333,0.25
232,0.16666666666666666,0.0,0.0,0.8333333333333334
233,0.0,0.24242424242424243,0.4696969696969697,0.2878787878787879
234,0.5714285714285714,0.08571428571428572,0.0,0.34285714285714286
235,0.04225352112676056,0.0,0.09859154929577464,0.8591549295774648
236,0.11363636363636363,0.0,0.36363636363636365,0.5227272727272727
237,0.0625,0.6875,0.25,0.0
238,0.0,0.19047619047619047,0.023809523809523808,0.7857142857142857
239,0.02702702702702703,0.0,0.04054054054054054,0.9324324324324325
240,0.0,0.34375,0.109375,0.546875
241,0.0,0.0,1.0,0.0
242,0.5384615384615384,0.23076923076923078,0.0,0.23076923076923078
243,0.3333333333333333,0.4444444444444444,0.0,0.2222222222222222
244,0.0,0.6,0.3,0.1
245,0.6918238993710691,0.10062893081761007,0.0,0.20754716981132076
246,0.25949367088607594,0.0,0.10759493670886076,0.6329113924050633
247,0.0,0.0,1.0,0.0
248,0.27906976744186046,0.6976744186046512,0.0,0.023255813953488372
249,0.0,0.46875,0.4375,0.09375
250,0.5546218487394958,0.42857142857142855,0.0,0.01680672268907563
251,0.27586206896551724,0.0,0.3275862068965517,0.39655172413793105
252,0.0,0.06666666666666667,0.9,0.03333333333333333
253,0.7037037037037037,0.14814814814814814,0.0,0.14814814814814814
254,0.058823529411764705,0.0,0.17647058823529413,0.7647058823529411
255,0.1875,0.0,0.125,0.6875
256,0.2,0.0,0.8,0.0
257,0.36363636363636365,0.21818181818181817,0.0,0.41818181818181815
258,0.0,0.41509433962264153,0.5849056603773585,0.0
259,0.13978494623655913,0.8440860215053764,0.0,0.016129032258064516
260,0.0,0.14814814814814814,0.5185185185185185,0.3333333333333333
261,0.17073170731707318,0.4634146341463415,0.36585365853658536,0.0
262,0.3269230769230769,0.0,0.019230769230769232,0.6538461538461539
263,0.25,0.2,0.55,0.0
264,0.1,0.6,0.0,0.3
265,0.0,0.3333333333333333,0.6666666666666666,0.0
266,0.2608695652173913,0.6149068322981367,0.0,0.12422360248447205
267,0.0,0.4,0.0,0.6
268,,,,
269,0.375,0.0,0.125,0.5
270,0.0,0.0,0.5555555555555556,0.4444444444444444
271,0.75,0.0,0.0,0.25
272,0.6,0.2,0.0,0.2
273,0.5,0.0,0.0,0.5
274,0.0,0.0,0.9230769230769231,0.07692307692307693
275,0.8571428571428571,0.0,0.14285714285714285,0.0
276,0.7176470588235294,0.17647058823529413,0.0,0.10588235294117647
277,0.125,0.75,0.125,0.0
278,0.33783783783783783,0.3918918918918919,0.0,0.2702702702702703
279,0.0,0.0,1.0,0.0
280,0.0,0.0,0.0,1.0
281,0.0,1.0,0.0,0.0
282,0.0,1.0,0.0,0.0
283,0.0,0.012658227848101266,0.0,0.9873417721518988
284,0.0,0.0,0.017094017094017096,0.9829059829059829
285,0.0,0.2,0.8,0.0
286,0.0,0.3333333333333333,0.0,0.6666666666666666
287,0.0,0.8181818181818182,0.18181818181818182,0.0
288,0.4666666666666667,0.0,0.0,0.5333333333333333
289,0.1111111111111111,0.0,0.5555555555555556,0.3333333333333333
290,0.8181818181818182,0.18181818181818182,0.0,0.0
291,0.0,0.8461538461538461,0.15384615384615385,0.0
292,0.45454545454545453,0.45454545454545453,0.0,0.09090909090909091
293,0.0,0.0,0.3333333333333333,0.6666666666666666
294,0.5384615384615384,0.07692307692307693,0.38461538461538464,0.0
295,0.3333333333333333,0.0,0.1111111111111111,0.5555555555555556
296,0.0,0.75,0.25,0.0
297,,,,
298,0.5,0.5,0.0,0.0
299,1.0,0.0,0.0,0.0
300,0.0,1.0,0.0,0.0
301,1.0,0.0,0.0,0.0
302,,,,
303,0.0,1.0,0.0,0.0
304,,,,
305,,,,
306,,,,
307,0.0,1.0,0.0,0.0
308,,,,
309,,,,
310,,,,
311,,,,
312,,,,
313,,,,
