,A,C,G,T
0,,,,
1,,,,
2,,,,
3,,,,
4,0.0,0.0,1.0,0.0
5,,,,
6,,,,
7,,,,
8,1.0,0.0,0.0,0.0
9,0.0,0.0,0.0,1.0
10,,,,
11,,,,
12,0.0,0.0,0.0,1.0
13,,,,
14,,,,
15,,,,
16,0.0,0.0,1.0,0.0
17,1.0,0.0,0.0,0.0
18,1.0,0.0,0.0,0.0
19,,,,
20,,,,
21,,,,
22,0.0,0.0,1.0,0.0
23,0.0,0.0,1.0,0.0
24,,,,
25,,,,
26,,,,
27,,,,
28,0.2,0.0,0.8,0.0
29,,,,
30,0.0,1.0,0.0,0.0
31,,,,
32,,,,
33,,,,
34,,,,
35,,,,
36,1.0,0.0,0.0,0.0
37,,,,
38,,,,
39,,,,
40,,,,
41,0.0,0.0,1.0,0.0
42,1.0,0.0,0.0,0.0
43,,,,
44,,,,
45,,,,
46,,,,
47,0.0,0.0,0.0,1.0
48,,,,
49,,,,
50,1.0,0.0,0.0,0.0
51,1.0,0.0,0.0,0.0
52,,,,
53,0.0,0.0,1.0,0.0
54,,,,
55,,,,
56,,,,
57,0.0,0.0,1.0,0.0
58,0.0,0.0,1.0,0.0
59,0.0,0.0,1.0,0.0
60,1.0,0.0,0.0,0.0
61,,,,
62,0.0,0.0,1.0,0.0
63,0.0,1.0,0.0,0.0
64,,,,
65,,,,
66,,,,
67,,,,
68,0.0,0.0,0.0,1.0
69,,,,
70,0.0,0.0,0.0,1.0
71,,,,
72,,,,
73,,,,
74,0.0,0.0,1.0,0.0
75,,,,
76,,,,
77,0.0,1.0,0.0,0.0
78,1.0,0.0,0.0,0.0
79,0.0,0.0,1.0,0.0
80,,,,
81,0.0,1.0,0.0,0.0
82,0.0,0.0,1.0,0.0
83,0.0,1.0,0.0,0.0
84,0.0,1.0,0.0,0.0
85,0.0,0.0,0.0,1.0
86,0.0,0.0,0.0,1.0
87,0.0,0.0,0.0,1.0
88,0.5,0.0,0.0,0.5
89,0.0,1.0,0.0,0.0
90,0.0,0.2,0.8,0.0
91,,,,
92,,,,
93,0.5,0.5,0.0,0.0
94,0.0,0.0,0.0,1.0
95,0.3333333333333333,0.0,0.0,0.6666666666666666
96,,,,
97,0.0,0.0,0.0,1.0
98,0.0,1.0,0.0,0.0
99,,,,
100,,,,
101,0.0,1.0,0.0,0.0
102,0.0,0.0,1.0,0.0
103,0.5,0.5,0.0,0.0
104,0.0,0.0,0.0,1.0
105,,,,
106,,,,
107,,,,
108,0.5,0.0,0.0,0.5
109,,,,
110,0.0,0.0,0.5,0.5
111,1.0,0.0,0.0,0.0
112,,,,
113,0.0,0.0,0.0,1.0
114,,,,
115,0.0,0.0,0.0,1.0
116,,,,
117,,,,
118,0.0,0.0,1.0,0.0
119,0.0,0.6666666666666666,0.3333333333333333,0.0
120,,,,
121,,,,
122,,,,
123,,,,
124,0.0,1.0,0.0,0.0
125,0.0,1.0,0.0,0.0
126,,,,
127,0.0,0.0,1.0,0.0
128,,,,
129,0.0,1.0,0.0,0.0
130,0.0,0.0,0.0,1.0
131,0.6666666666666666,0.3333333333333333,0.0,0.0
132,,,,
133,0.0,0.0,1.0,0.0
134,,,,
135,,,,
136,,,,
137,1.0,0.0,0.0,0.0
138,0.0,0.0,1.0,0.0
139,,,,
140,,,,
141,0.3333333333333333,0.6666666666666666,0.0,0.0
142,0.0,1.0,0.0,0.0
143,,,,
144,0.0,1.0,0.0,0.0
145,,,,
146,0.0,0.0,0.3333333333333333,0.6666666666666666
147,0.0,0.0,0.5,0.5
148,1.0,0.0,0.0,0.0
149,0.6666666666666666,0.0,0.3333333333333333,0.0
150,0.0,0.0,1.0,0.0
151,,,,
152,0.0,1.0,0.0,0.0
153,0.0,0.0,1.0,0.0
154,0.0,0.0,1.0,0.0
155,0.0,0.5,0.0,0.5
156,0.0,0.5,0.5,0.0
157,,,,
158,0.0,0.0,0.5,0.5
159,0.0,0.6666666666666666,0.0,0.3333333333333333
160,0.0,0.0,0.0,1.0
161,0.0,0.0,1.0,0.0
162,1.0,0.0,0.0,0.0
163,0.25,0.0,0.25,0.5
164,1.0,0.0,0.0,0.0
165,0.0,0.0,1.0,0.0
166,0.0,0.25,0.75,0.0
167,0.6666666666666666,0.3333333333333333,0.0,0.0
168,0.0,1.0,0.0,0.0
169,0.0,1.0,0.0,0.0
170,,,,
171,,,,
172,,,,
173,1.0,0.0,0.0,0.0
174,0.0,0.0,1.0,0.0
175,0.0,0.0,1.0,0.0
176,0.0,0.0,1.0,0.0
177,0.0,0.0,1.0,0.0
178,0.0,0.0,0.0,1.0
179,0.0,0.0,0.0,1.0
180,0.0,0.6666666666666666,0.0,0.3333333333333333
181,,,,
182,0.0,0.0,1.0,0.0
183,0.0,0.0,1.0,0.0
184,,,,
185,0.0,0.0,0.0,1.0
186,,,,
187,,,,
188,,,,
189,1.0,0.0,0.0,0.0
190,1.0,0.0,0.0,0.0
191,0.0,0.0,1.0,0.0
192,,,,
193,0.0,0.0,1.0,0.0
194,0.0,1.0,0.0,0.0
195,,,,
196,,,,
197,,,,
198,0.0,0.0,1.0,0.0
199,0.0,0.0,1.0,0.0
200,0.0,0.5,0.5,0.0
201,,,,
202,,,,
203,,,,
204,0.0,1.0,0.0,0.0
205,,,,
206,0.0,0.0,1.0,0.0
207,,,,
208,,,,
209,,,,
210,,,,
211,0.0,0.0,0.0,1.0
212,,,,
213,,,,
214,,,,
215,0.0,0.0,0.0,1.0
216,,,,
217,0.0,0.0,0.0,1.0
218,0.0,0.3333333333333333,0.6666666666666666,0.0
219,,,,
220,,,,
221,0.0,0.0,1.0,0.0
222,,,,
223,1.0,0.0,0.0,0.0
224,0.0,1.0,0.0,0.0
225,1.0,0.0,0.0,0.0
226,,,,
227,0.0,0.5,0.5,0.0
228,,,,
229,,,,
230,0.0,0.5,0.0,0.5
231,,,,
232,,,,
233,0.0,0.0,1.0,0.0
234,,,,
235,0.0,0.0,1.0,0.0
236,,,,
237,,,,
238,,,,
239,0.0,0.0,0.0,1.0
240,0.0,0.0,0.0,1.0
241,,,,
242,0.0,1.0,0.0,0.0
243,,,,
244,0.0,0.0,0.0,1.0
245,0.0,1.0,0.0,0.0
246,,,,
247,,,,
248,,,,
249,,,,
250,,,,
251,0.0,0.0,1.0,0.0
252,0.0,1.0,0.0,0.0
253,,,,
254,0.0,0.0,0.0,1.0
255,0.0,0.0,1.0,0.0
256,0.0,0.0,1.0,0.0
257,0.0,0.0,0.0,1.0
258,0.0,0.0,1.0,0.0
259,,,,
260,0.0,0.0,0.0,1.0
261,0.0,0.0,1.0,0.0
262,,,,
263,,,,
264,,,,
265,0.0,0.0,1.0,0.0
266,0.0,0.0,1.0,0.0
267,0.0,0.0,1.0,0.0
268,0.0,0.0,0.0,1.0
269,,,,
270,,,,
271,,,,
272,1.0,0.0,0.0,0.0
273,,,,
274,,,,
275,,,,
276,,,,
277,,,,
278,0.0,0.0,1.0,0.0
279,,,,
280,0.0,0.0,1.0,0.0
281,,,,
282,1.0,0.0,0.0,0.0
283,,,,
284,0.16666666666666666,0.16666666666666666,0.0,0.6666666666666666
285,,,,
286,,,,
287,0.0,1.0,0.0,0.0
288,,,,
289,0.0,1.0,0.0,0.0
290,,,,
291,,,,
292,,,,
293,,,,
294,0.0,0.0,1.0,0.0
295,,,,
296,,,,
297,,,,
298,,,,
299,,,,
300,1.0,0.0,0.0,0.0
301,,,,
302,,,,
303,,,,
304,,,,
305,,,,
306,,,,
307,,,,
308,,,,
309,,,,
310,,,,
311,,,,
312,,,,
313,,,,
314,,,,
315,,,,
316,,,,
317,,,,
318,,,,
319,,,,
320,,,,
321,,,,
