,A,C,G,T
0,,,,
1,,,,
2,0.59375,0.375,0.0,0.03125
3,1.0,0.0,0.0,0.0
4,0.2692307692307692,0.5384615384615384,0.19230769230769232,0.0
5,0.2833333333333333,0.016666666666666666,0.0,0.7
6,0.17391304347826086,0.0,0.8260869565217391,0.0
7,0.0,0.0625,0.25,0.6875
8,0.7461538461538462,0.2230769230769231,0.0,0.03076923076923077
9,0.02631578947368421,0.0,0.13157894736842105,0.8421052631578947
10,0.0,0.5,0.5,0.0
11,0.703125,0.28125,0.0,0.015625
12,0.018018018018018018,0.09009009009009009,0.0,0.8918918918918919
13,0.23529411764705882,0.5882352941176471,0.17647058823529413,0.0
14,0.5384615384615384,0.07692307692307693,0.0,0.38461538461538464
15,0.0,0.9166666666666666,0.0,0.08333333333333333
16,0.0,0.6666666666666666,0.0,0.3333333333333333
17,0.7777777777777778,0.2222222222222222,0.0,0.0
18,0.5,0.25,0.25,0.0
19,0.6666666666666666,0.0,0.0,0.3333333333333333
20,0.012658227848101266,0.7721518987341772,0.21518987341772153,0.0
21,0.017094017094017096,0.0,0.9700854700854701,0.01282051282051282
22,0.0,0.0,0.0,1.0
23,0.71875,0.15625,0.0,0.125
24,0.0,0.0,0.0,1.0
25,0.2,0.2,0.0,0.6
26,0.0,0.21428571428571427,0.6428571428571429,0.14285714285714285
27,0.9310344827586207,0.06896551724137931,0.0,0.0
28,0.26280623608017817,0.051224944320712694,0.6859688195991092,0.0
29,0.23529411764705882,0.0,0.47058823529411764,0.29411764705882354
30,0.024390243902439025,0.8780487804878049,0.0975609756097561,0.0
31,0.043478260869565216,0.782608695652174,0.17391304347826086,0.0
32,0.7741935483870968,0.22580645161290322,0.0,0.0
33,0.7560975609756098,0.24390243902439024,0.0,0.0
34,0.11764705882352941,0.8235294117647058,0.058823529411764705,0.0
35,0.0,0.5044642857142857,0.16071428571428573,0.33482142857142855
36,0.8518518518518519,0.0,0.12962962962962962,0.018518518518518517
37,0.0,0.36666666666666664,0.6,0.03333333333333333
38,0.13636363636363635,0.7954545454545454,0.0,0.06818181818181818
39,0.2222222222222222,0.0,0.6666666666666666,0.1111111111111111
40,0.5714285714285714,0.0,0.14285714285714285,0.2857142857142857
41,0.03125,0.05,0.91875,0.0
42,0.0,0.0,0.0,1.0
43,0.0,0.0,0.0,1.0
44,0.8857142857142857,0.08571428571428572,0.0,0.02857142857142857
45,0.21428571428571427,0.5714285714285714,0.0,0.21428571428571427
46,0.92,0.0,0.0,0.08
47,0.7647058823529411,0.11764705882352941,0.0,0.11764705882352941
48,1.0,0.0,0.0,0.0
49,0.75,0.0,0.25,0.0
50,0.25,0.0,0.375,0.375
51,0.2,0.0,0.6,0.2
52,0.0,0.5,0.5,0.0
53,0.45454545454545453,0.45454545454545453,0.0,0.09090909090909091
54,0.0,0.8378378378378378,0.13513513513513514,0.02702702702702703
55,0.4,0.55,0.0,0.05
56,0.0,0.20833333333333334,0.75,0.041666666666666664
57,0.2,0.0,0.5,0.3
58,0.0,0.5714285714285714,0.42857142857142855,0.0
59,0.11428571428571428,0.0,0.7142857142857143,0.17142857142857143
60,0.09090909090909091,0.8181818181818182,0.09090909090909091,0.0
61,0.0,0.0,0.0,1.0
62,0.5,0.0,0.047619047619047616,0.4523809523809524
63,,,,
64,,,,
65,0.0,0.9310344827586207,0.06896551724137931,0.0
66,0.6923076923076923,0.11538461538461539,0.0,0.19230769230769232
67,0.4246575342465753,0.0,0.1095890410958904,0.4657534246575342
68,0.0,0.2222222222222222,0.4444444444444444,0.3333333333333333
69,0.8604651162790697,0.06976744186046512,0.0,0.06976744186046512
70,0.0392156862745098,0.0,0.45098039215686275,0.5098039215686274
71,0.13333333333333333,0.0,0.5333333333333333,0.3333333333333333
72,0.375,0.375,0.25,0.0
73,0.75,0.0,0.0,0.25
74,0.3125,0.4375,0.25,0.0
75,0.6875,0.0625,0.0,0.25
76,0.30434782608695654,0.5652173913043478,0.0,0.13043478260869565
77,0.0,0.48936170212765956,0.44680851063829785,0.06382978723404255
78,0.26,0.52,0.22,0.0
79,0.2857142857142857,0.5,0.21428571428571427,0.0
80,0.4,0.0,0.0,0.6
81,0.0,0.38028169014084506,0.3380281690140845,0.28169014084507044
82,0.2796610169491525,0.0,0.6271186440677966,0.09322033898305085
83,0.15625,0.0,0.5078125,0.3359375
84,0.11246943765281174,0.08557457212713937,0.0,0.8019559902200489
85,0.18181818181818182,0.5454545454545454,0.2727272727272727,0.0
86,0.06302521008403361,0.0,0.16806722689075632,0.7689075630252101
87,0.0,0.18072289156626506,0.6746987951807228,0.14457831325301204
88,0.6015625,0.3515625,0.0,0.046875
89,0.1984732824427481,0.6297709923664122,0.1717557251908397,0.0
90,0.0,0.1223021582733813,0.762589928057554,0.11510791366906475
91,0.5664556962025317,0.3575949367088608,0.0,0.0759493670886076
92,0.20224719101123595,0.0,0.056179775280898875,0.7415730337078652
93,0.0,0.09620253164556962,0.04050632911392405,0.8632911392405064
94,0.0,0.39285714285714285,0.15714285714285714,0.45
95,0.05172413793103448,0.8103448275862069,0.13793103448275862,0.0
96,0.3284671532846715,0.22627737226277372,0.0,0.44525547445255476
97,0.0,0.6996805111821086,0.24920127795527156,0.051118210862619806
98,0.06593406593406594,0.8598901098901099,0.0,0.07417582417582418
99,0.0,0.3953488372093023,0.16279069767441862,0.4418604651162791
100,0.0,0.5,0.5,0.0
101,0.2727272727272727,0.3090909090909091,0.0,0.41818181818181815
102,0.0,0.7631578947368421,0.18421052631578946,0.05263157894736842
103,0.6862068965517242,0.296551724137931,0.0,0.017241379310344827
104,0.04081632653061224,0.0,0.2857142857142857,0.673469387755102
105,0.2,0.4,0.4,0.0
106,0.0,0.9285714285714286,0.0,0.07142857142857142
107,0.0,0.9333333333333333,0.0,0.06666666666666667
108,0.2222222222222222,0.5555555555555556,0.0,0.2222222222222222
109,0.09090909090909091,0.6363636363636364,0.2727272727272727,0.0
110,0.0,0.0,0.09090909090909091,0.9090909090909091
111,0.42857142857142855,0.0,0.5714285714285714,0.0
112,0.16666666666666666,0.0,0.0,0.8333333333333334
113,0.047619047619047616,0.0,0.47619047619047616,0.47619047619047616
114,0.2,0.0,0.1,0.7
115,0.0,0.23255813953488372,0.3488372093023256,0.4186046511627907
116,0.8625,0.1125,0.0,0.025
117,0.6615384615384615,0.27692307692307694,0.0,0.06153846153846154
118,0.09302325581395349,0.0,0.6976744186046512,0.20930232558139536
119,0.21428571428571427,0.17857142857142858,0.6071428571428571,0.0
120,0.21428571428571427,0.0,0.5357142857142857,0.25
121,0.75,0.0,0.2,0.05
122,0.0,0.12,0.6,0.28
123,0.6666666666666666,0.0,0.0,0.3333333333333333
124,0.6363636363636364,0.0,0.0,0.36363636363636365
125,0.5,0.375,0.0,0.125
126,0.0,0.17391304347826086,0.7391304347826086,0.08695652173913043
127,0.0,0.5510204081632653,0.40816326530612246,0.04081632653061224
128,0.2727272727272727,0.045454545454545456,0.0,0.6818181818181818
129,0.375,0.25,0.0,0.375
130,0.42857142857142855,0.42857142857142855,0.0,0.14285714285714285
131,0.16591928251121077,0.10089686098654709,0.7331838565022422,0.0
132,0.16,0.0,0.8,0.04
133,0.0,0.3157894736842105,0.6842105263157895,0.0
134,0.47619047619047616,0.07142857142857142,0.0,0.4523809523809524
135,0.3333333333333333,0.5333333333333333,0.0,0.13333333333333333
136,0.0,0.013513513513513514,0.2702702702702703,0.7162162162162162
137,0.7,0.12,0.0,0.18
138,0.30434782608695654,0.0,0.6956521739130435,0.0
139,0.047619047619047616,0.47619047619047616,0.0,0.47619047619047616
140,0.32142857142857145,0.2857142857142857,0.0,0.39285714285714285
141,0.5,0.43333333333333335,0.0,0.06666666666666667
142,0.42105263157894735,0.15789473684210525,0.42105263157894735,0.0
143,0.07608695652173914,0.0,0.29347826086956524,0.6304347826086957
144,0.0963855421686747,0.012048192771084338,0.891566265060241,0.0
145,0.34615384615384615,0.0,0.38461538461538464,0.2692307692307692
146,0.0,0.375,0.4875,0.1375
147,0.3651877133105802,0.21160409556313994,0.4232081911262799,0.0
148,0.25263157894736843,0.0,0.5157894736842106,0.23157894736842105
149,0.14334470989761092,0.0,0.05460750853242321,0.8020477815699659
150,0.0,0.55,0.3,0.15
151,0.12195121951219512,0.4146341463414634,0.4634146341463415,0.0
152,0.12413793103448276,0.496551724137931,0.3793103448275862,0.0
153,0.0,0.09868421052631579,0.7302631578947368,0.17105263157894737
154,0.5755395683453237,0.3381294964028777,0.0,0.08633093525179857
155,0.1590909090909091,0.5227272727272727,0.3181818181818182,0.0
156,0.7717391304347826,0.14673913043478262,0.0,0.08152173913043478
157,0.4563106796116505,0.3640776699029126,0.0,0.1796116504854369
158,0.26666666666666666,0.5916666666666667,0.14166666666666666,0.0
159,0.72,0.2577777777777778,0.0,0.022222222222222223
160,0.6476190476190476,0.29523809523809524,0.0,0.05714285714285714
161,0.41904761904761906,0.3619047619047619,0.21904761904761905,0.0
162,0.0,0.10358565737051793,0.6932270916334662,0.20318725099601595
163,0.2972972972972973,0.4918918918918919,0.0,0.21081081081081082
164,0.34104046242774566,0.0,0.21965317919075145,0.4393063583815029
165,0.0,0.1956521739130435,0.44565217391304346,0.358695652173913
166,0.19402985074626866,0.0,0.26865671641791045,0.5373134328358209
167,0.0,0.16793893129770993,0.26717557251908397,0.5648854961832062
168,0.2641509433962264,0.39622641509433965,0.33962264150943394,0.0
169,0.0,0.1532258064516129,0.14516129032258066,0.7016129032258065
170,0.05217391304347826,0.0,0.24347826086956523,0.7043478260869566
171,0.2857142857142857,0.07142857142857142,0.6428571428571429,0.0
172,0.0,0.3333333333333333,0.0,0.6666666666666666
173,0.007518796992481203,0.0,0.015037593984962405,0.9774436090225563
174,0.39473684210526316,0.23684210526315788,0.0,0.3684210526315789
175,0.2608695652173913,0.0,0.21739130434782608,0.5217391304347826
176,0.0,0.08823529411764706,0.75,0.16176470588235295
177,0.6428571428571429,0.14285714285714285,0.0,0.21428571428571427
178,0.0,0.45454545454545453,0.5454545454545454,0.0
179,0.17721518987341772,0.0,0.5443037974683544,0.27848101265822783
180,0.0,0.5384615384615384,0.46153846153846156,0.0
181,0.21052631578947367,0.0,0.05263157894736842,0.7368421052631579
182,0.1780821917808219,0.0,0.0136986301369863,0.8082191780821918
183,0.0,0.03132530120481928,0.9518072289156626,0.016867469879518072
184,0.0,0.021176470588235293,0.0,0.9788235294117648
185,0.3333333333333333,0.25925925925925924,0.0,0.4074074074074074
186,0.0,0.1702127659574468,0.8297872340425532,0.0
187,0.0,0.03260869565217391,0.8913043478260869,0.07608695652173914
188,0.3333333333333333,0.2222222222222222,0.0,0.4444444444444444
189,0.1,0.0,0.0,0.9
190,0.6666666666666666,0.16666666666666666,0.0,0.16666666666666666
191,0.1111111111111111,0.0,0.8148148148148148,0.07407407407407407
192,0.0,0.9955456570155902,0.0022271714922048997,0.0022271714922048997
193,0.0,0.0,0.0,1.0
194,0.0,0.1073170731707317,0.8878048780487805,0.004878048780487805
195,0.6111111111111112,0.05555555555555555,0.3333333333333333,0.0
196,0.0,0.5,0.5,0.0
197,0.11764705882352941,0.0,0.058823529411764705,0.8235294117647058
198,0.0,0.0,0.6153846153846154,0.38461538461538464
199,0.07692307692307693,0.0,0.23076923076923078,0.6923076923076923
200,0.125,0.0,0.5,0.375
201,0.0,0.37209302325581395,0.5813953488372093,0.046511627906976744
202,0.037037037037037035,0.4074074074074074,0.5555555555555556,0.0
203,0.06818181818181818,0.0,0.4318181818181818,0.5
204,0.7021276595744681,0.02127659574468085,0.2765957446808511,0.0
205,0.5,0.0,0.16666666666666666,0.3333333333333333
206,0.4,0.0,0.15,0.45
207,0.0,0.4,0.5,0.1
208,0.21739130434782608,0.782608695652174,0.0,0.0
209,0.0,0.36666666666666664,0.43333333333333335,0.2
210,0.6,0.2,0.0,0.2
211,0.0,0.3333333333333333,0.6666666666666666,0.0
212,0.34615384615384615,0.0,0.19230769230769232,0.46153846153846156
213,0.0,0.011627906976744186,0.8837209302325582,0.10465116279069768
214,0.0,0.5677966101694916,0.3305084745762712,0.1016949152542373
215,0.04184100418410042,0.799163179916318,0.1589958158995816,0.0
216,0.05747126436781609,0.02681992337164751,0.9157088122605364,0.0
217,0.047619047619047616,0.0,0.47619047619047616,0.47619047619047616
218,0.16129032258064516,0.0,0.41935483870967744,0.41935483870967744
219,0.0,0.27906976744186046,0.6627906976744186,0.05813953488372093
220,0.0,0.12280701754385964,0.7894736842105263,0.08771929824561403
221,0.5,0.3793103448275862,0.0,0.1206896551724138
222,0.0,0.0,0.9302325581395349,0.06976744186046512
223,0.0,0.09090909090909091,0.8909090909090909,0.01818181818181818
224,0.08333333333333333,0.0,0.05555555555555555,0.8611111111111112
225,0.0,0.013333333333333334,0.08666666666666667,0.9
226,0.045454545454545456,0.0,0.022727272727272728,0.9318181818181818
227,0.6986754966887417,0.22847682119205298,0.0,0.0728476821192053
228,0.10273972602739725,0.0,0.589041095890411,0.3082191780821918
229,0.14285714285714285,0.42857142857142855,0.42857142857142855,0.0
230,0.5510204081632653,0.336734693877551,0.0,0.11224489795918367
231,0.023752969121140142,0.0,0.026128266033254157,0.9501187648456056
232,0.0,0.14383561643835616,0.04794520547945205,0.8082191780821918
233,0.0,0.6363636363636364,0.36363636363636365,0.0
234,0.03225806451612903,0.0,0.12903225806451613,0.8387096774193549
235,0.0,0.0,1.0,0.0
236,0.09420289855072464,0.03864734299516908,0.8671497584541062,0.0
237,0.1794871794871795,0.0,0.7692307692307693,0.05128205128205128
238,0.0,0.0,0.4444444444444444,0.5555555555555556
239,0.0,0.22727272727272727,0.6590909090909091,0.11363636363636363
240,0.0,0.5263157894736842,0.15789473684210525,0.3157894736842105
241,0.0,0.3333333333333333,0.6666666666666666,0.0
242,0.25,0.375,0.0,0.375
243,0.0,0.11940298507462686,0.8805970149253731,0.0
244,0.0,0.1,0.9,0.0
245,0.06382978723404255,0.0,0.1702127659574468,0.7659574468085106
246,0.0,0.04878048780487805,0.9512195121951219,0.0
247,0.7692307692307693,0.23076923076923078,0.0,0.0
248,0.07291666666666667,0.0,0.052083333333333336,0.875
249,0.25,0.0,0.5,0.25
250,0.0,0.0,1.0,0.0
251,0.2222222222222222,0.5555555555555556,0.0,0.2222222222222222
252,0.0,0.23076923076923078,0.6923076923076923,0.07692307692307693
253,0.28125,0.5,0.0,0.21875
254,0.0,0.4117647058823529,0.4117647058823529,0.17647058823529413
255,0.32608695652173914,0.6086956521739131,0.0,0.06521739130434782
256,0.25,0.0,0.07954545454545454,0.6704545454545454
257,0.0022271714922048997,0.9844097995545658,0.013363028953229399,0.0
258,,,,
259,0.0,0.6875,0.3125,0.0
260,0.4954954954954955,0.4864864864864865,0.0,0.018018018018018018
261,1.0,0.0,0.0,0.0
262,,,,
263,0.36363636363636365,0.0,0.09090909090909091,0.5454545454545454
264,0.0,0.0,0.125,0.875
265,0.5,0.0,0.5,0.0
266,0.3076923076923077,0.23076923076923078,0.0,0.46153846153846156
267,,,,
268,0.0,0.0,0.9642857142857143,0.03571428571428571
269,0.031818181818181815,0.9636363636363636,0.004545454545454545,0.0
270,0.5248618784530387,0.39779005524861877,0.0,0.07734806629834254
271,0.25,0.25,0.5,0.0
272,0.3775811209439528,0.36283185840707965,0.0,0.25958702064896755
273,0.14285714285714285,0.14285714285714285,0.7142857142857143,0.0
274,0.0,0.0,0.0,1.0
275,0.0,0.9722222222222222,0.027777777777777776,0.0
276,0.0,0.8888888888888888,0.1111111111111111,0.0
277,0.0,0.0,0.0,1.0
278,0.0,0.0,0.0,1.0
279,0.25,0.0,0.75,0.0
280,0.0,0.0,0.0,1.0
281,,,,
282,0.0,0.0106951871657754,0.983957219251337,0.0053475935828877
283,0.0,0.6901408450704225,0.018779342723004695,0.29107981220657275
284,1.0,0.0,0.0,0.0
285,0.0,1.0,0.0,0.0
286,0.0,0.02247191011235955,0.9662921348314607,0.011235955056179775
287,0.0,0.0,1.0,0.0
288,0.0,0.0,0.0,1.0
289,0.0,0.0,0.6666666666666666,0.3333333333333333
290,0.0,1.0,0.0,0.0
291,1.0,0.0,0.0,0.0
292,0.0,1.0,0.0,0.0
293,,,,
294,0.0,0.0,1.0,0.0
295,0.8571428571428571,0.0,0.14285714285714285,0.0
296,,,,
297,,,,
298,0.0,1.0,0.0,0.0
299,,,,
300,,,,
301,,,,
302,,,,
303,,,,
304,,,,
305,,,,
306,,,,
307,,,,
308,,,,
309,,,,
