,A,C,G,T
0,,,,
1,,,,
2,,,,
3,,,,
4,,,,
5,,,,
6,,,,
7,,,,
8,,,,
9,,,,
10,,,,
11,,,,
12,,,,
13,,,,
14,0.0,0.0,0.0,1.0
15,,,,
16,,,,
17,,,,
18,,,,
19,,,,
20,,,,
21,,,,
22,,,,
23,,,,
24,,,,
25,,,,
26,,,,
27,,,,
28,,,,
29,0.0,0.0,0.0,1.0
30,,,,
31,,,,
32,,,,
33,,,,
34,,,,
35,,,,
36,,,,
37,,,,
38,1.0,0.0,0.0,0.0
39,,,,
40,,,,
41,,,,
42,,,,
43,,,,
44,,,,
45,,,,
46,,,,
47,,,,
48,,,,
49,,,,
50,,,,
51,,,,
52,,,,
53,,,,
54,,,,
55,,,,
56,,,,
57,,,,
58,0.0,0.0,0.0,1.0
59,0.0,0.0,0.0,1.0
60,,,,
61,,,,
62,,,,
63,,,,
64,,,,
65,,,,
66,,,,
67,0.0,0.0,0.0,1.0
68,,,,
69,,,,
70,,,,
71,,,,
72,,,,
73,,,,
74,,,,
75,,,,
76,,,,
77,,,,
78,,,,
79,,,,
80,,,,
81,,,,
82,,,,
83,,,,
84,,,,
85,,,,
86,0.0,0.0,0.0,1.0
87,,,,
88,,,,
89,,,,
90,,,,
91,0.0,0.0,1.0,0.0
92,0.0,0.0,0.0,1.0
93,0.0,0.0,0.0,1.0
94,0.0,1.0,0.0,0.0
95,,,,
96,0.0,0.0,0.0,1.0
97,0.0,0.0,1.0,0.0
98,0.0,0.0,1.0,0.0
99,,,,
100,,,,
101,,,,
102,,,,
103,,,,
104,0.0,0.0,0.0,1.0
105,,,,
106,,,,
107,,,,
108,,,,
109,,,,
110,,,,
111,,,,
112,0.0,0.0,1.0,0.0
113,,,,
114,0.0,1.0,0.0,0.0
115,,,,
116,,,,
117,,,,
118,,,,
119,,,,
120,,,,
121,1.0,0.0,0.0,0.0
122,0.0,0.0,1.0,0.0
123,,,,
124,,,,
125,0.0,0.0,1.0,0.0
126,,,,
127,,,,
128,,,,
129,,,,
130,,,,
131,,,,
132,,,,
133,,,,
134,,,,
135,,,,
136,,,,
137,,,,
138,,,,
139,,,,
140,,,,
141,1.0,0.0,0.0,0.0
142,,,,
143,0.0,0.0,1.0,0.0
144,0.0,0.0,1.0,0.0
145,,,,
146,0.0,1.0,0.0,0.0
147,1.0,0.0,0.0,0.0
148,,,,
149,0.0,1.0,0.0,0.0
150,,,,
151,,,,
152,0.0,0.0,1.0,0.0
153,0.0,0.0,1.0,0.0
154,,,,
155,0.0,0.0,1.0,0.0
156,0.0,1.0,0.0,0.0
157,,,,
158,1.0,0.0,0.0,0.0
159,0.0,1.0,0.0,0.0
160,0.0,1.0,0.0,0.0
161,,,,
162,,,,
163,,,,
164,1.0,0.0,0.0,0.0
165,,,,
166,,,,
167,,,,
168,,,,
169,0.0,1.0,0.0,0.0
170,,,,
171,,,,
172,1.0,0.0,0.0,0.0
173,,,,
174,,,,
175,,,,
176,,,,
177,,,,
178,,,,
179,0.0,1.0,0.0,0.0
180,,,,
181,,,,
182,,,,
183,,,,
184,,,,
185,,,,
186,,,,
187,,,,
188,0.0,0.0,0.0,1.0
189,,,,
190,,,,
191,,,,
192,,,,
193,,,,
194,,,,
195,,,,
196,,,,
197,,,,
198,,,,
199,0.0,0.0,1.0,0.0
200,,,,
201,,,,
202,,,,
203,0.0,1.0,0.0,0.0
204,,,,
205,,,,
206,,,,
207,,,,
208,,,,
209,,,,
210,,,,
211,,,,
212,,,,
213,,,,
214,,,,
215,,,,
216,,,,
217,,,,
218,,,,
219,,,,
220,,,,
221,0.0,1.0,0.0,0.0
222,0.0,0.0,1.0,0.0
223,,,,
224,,,,
225,,,,
226,1.0,0.0,0.0,0.0
227,0.0,0.0,1.0,0.0
228,,,,
229,,,,
230,0.0,1.0,0.0,0.0
231,,,,
232,,,,
233,1.0,0.0,0.0,0.0
234,,,,
235,,,,
236,,,,
237,,,,
238,,,,
239,,,,
240,,,,
241,,,,
242,0.0,1.0,0.0,0.0
243,,,,
244,,,,
245,,,,
246,,,,
247,0.0,0.0,0.0,1.0
248,,,,
249,,,,
250,,,,
251,,,,
252,,,,
253,0.0,1.0,0.0,0.0
254,0.0,1.0,0.0,0.0
255,,,,
256,0.0,0.0,0.0,1.0
257,,,,
258,,,,
259,,,,
260,,,,
261,0.0,1.0,0.0,0.0
262,,,,
263,,,,
264,0.0,0.0,1.0,0.0
265,,,,
266,,,,
267,,,,
268,,,,
269,,,,
270,,,,
271,0.0,1.0,0.0,0.0
272,,,,
273,,,,
274,,,,
275,,,,
276,,,,
277,,,,
278,1.0,0.0,0.0,0.0
279,,,,
280,,,,
281,,,,
282,0.0,1.0,0.0,0.0
283,,,,
284,,,,
285,,,,
286,,,,
287,,,,
288,,,,
289,,,,
290,,,,
291,,,,
292,,,,
293,,,,
294,,,,
295,,,,
296,,,,
297,,,,
298,,,,
299,,,,
300,,,,
301,,,,
302,,,,
303,,,,
304,,,,
305,,,,
306,,,,
307,,,,
308,,,,
309,,,,
310,,,,
311,,,,
312,,,,
313,,,,
