,A,C,G,T
0,,,,
1,,,,
2,0.5074626865671642,0.44776119402985076,0.0,0.04477611940298507
3,0.7857142857142857,0.0,0.0,0.21428571428571427
4,0.6129032258064516,0.06451612903225806,0.3225806451612903,0.0
5,0.5,0.17647058823529413,0.0,0.3235294117647059
6,0.35294117647058826,0.0,0.38235294117647056,0.2647058823529412
7,0.0,0.06666666666666667,0.7833333333333333,0.15
8,0.6421052631578947,0.3,0.0,0.05789473684210526
9,0.08163265306122448,0.0,0.10884353741496598,0.8095238095238095
10,0.0,0.25,0.75,0.0
11,0.53125,0.3854166666666667,0.0,0.08333333333333333
12,0.05747126436781609,0.21839080459770116,0.7241379310344828,0.0
13,0.11764705882352941,0.7058823529411765,0.17647058823529413,0.0
14,0.6363636363636364,0.0,0.0,0.36363636363636365
15,0.0,0.8928571428571429,0.0,0.10714285714285714
16,0.0,0.7368421052631579,0.15789473684210525,0.10526315789473684
17,0.8723404255319149,0.10638297872340426,0.0,0.02127659574468085
18,0.0,0.6666666666666666,0.3333333333333333,0.0
19,0.0,0.0,0.0,1.0
20,0.05555555555555555,0.18518518518518517,0.7592592592592593,0.0
21,,,,
22,0.125,0.0,0.0,0.875
23,0.5,0.0625,0.0,0.4375
24,0.0,0.3333333333333333,0.0,0.6666666666666666
25,0.2857142857142857,0.14285714285714285,0.0,0.5714285714285714
26,0.0,0.4444444444444444,0.4074074074074074,0.14814814814814814
27,0.7777777777777778,0.07407407407407407,0.0,0.14814814814814814
28,0.6086956521739131,0.30434782608695654,0.0,0.08695652173913043
29,0.11428571428571428,0.0,0.5428571428571428,0.34285714285714286
30,0.06329113924050633,0.7974683544303798,0.13924050632911392,0.0
31,0.0,0.75,0.25,0.0
32,0.5238095238095238,0.42857142857142855,0.0,0.047619047619047616
33,0.7543859649122807,0.12280701754385964,0.0,0.12280701754385964
34,0.325,0.475,0.2,0.0
35,0.0,0.26973684210526316,0.4144736842105263,0.3157894736842105
36,0.375,0.0,0.625,0.0
37,0.0,0.21212121212121213,0.7575757575757576,0.030303030303030304
38,0.5106382978723404,0.40425531914893614,0.0,0.0851063829787234
39,0.2727272727272727,0.0,0.18181818181818182,0.5454545454545454
40,0.17647058823529413,0.0,0.47058823529411764,0.35294117647058826
41,0.024390243902439025,0.024390243902439025,0.9512195121951219,0.0
42,0.0,0.5,0.0,0.5
43,0.25,0.25,0.0,0.5
44,0.7692307692307693,0.038461538461538464,0.0,0.19230769230769232
45,0.6,0.13333333333333333,0.0,0.26666666666666666
46,0.7317073170731707,0.0975609756097561,0.0,0.17073170731707318
47,0.625,0.1875,0.0,0.1875
48,0.0,0.4444444444444444,0.5555555555555556,0.0
49,0.2727272727272727,0.0,0.5454545454545454,0.18181818181818182
50,0.2727272727272727,0.0,0.18181818181818182,0.5454545454545454
51,0.23076923076923078,0.0,0.6153846153846154,0.15384615384615385
52,0.2857142857142857,0.14285714285714285,0.5714285714285714,0.0
53,0.3793103448275862,0.39655172413793105,0.0,0.22413793103448276
54,0.0,0.7741935483870968,0.12903225806451613,0.0967741935483871
55,0.3953488372093023,0.4883720930232558,0.0,0.11627906976744186
56,0.0,0.6666666666666666,0.30303030303030304,0.030303030303030304
57,0.42857142857142855,0.0,0.5238095238095238,0.047619047619047616
58,0.14285714285714285,0.5714285714285714,0.2857142857142857,0.0
59,0.2,0.0,0.55,0.25
60,0.1724137931034483,0.3103448275862069,0.5172413793103449,0.0
61,0.5,0.0,0.5,0.0
62,0.13580246913580246,0.0,0.19753086419753085,0.6666666666666666
63,0.0,0.6666666666666666,0.3333333333333333,0.0
64,0.0,0.5,0.0,0.5
65,0.0,0.7333333333333333,0.26666666666666666,0.0
66,0.7317073170731707,0.07317073170731707,0.0,0.1951219512195122
67,0.36419753086419754,0.0,0.09876543209876543,0.5370370370370371
68,0.0,0.1527777777777778,0.4444444444444444,0.4027777777777778
69,0.3333333333333333,0.1282051282051282,0.0,0.5384615384615384
70,0.02857142857142857,0.0,0.5571428571428572,0.4142857142857143
71,0.20833333333333334,0.0,0.4166666666666667,0.375
72,0.36,0.4,0.24,0.0
73,0.4166666666666667,0.0,0.3333333333333333,0.25
74,0.2765957446808511,0.5106382978723404,0.2127659574468085,0.0
75,0.42857142857142855,0.42857142857142855,0.0,0.14285714285714285
76,0.55,0.05,0.0,0.4
77,0.0,0.5538461538461539,0.2923076923076923,0.15384615384615385
78,0.10526315789473684,0.6842105263157895,0.21052631578947367,0.0
79,0.42857142857142855,0.14285714285714285,0.42857142857142855,0.0
80,0.12195121951219512,0.0,0.1951219512195122,0.6829268292682927
81,0.0,0.45161290322580644,0.3763440860215054,0.17204301075268819
82,0.2465753424657534,0.0,0.3972602739726027,0.3561643835616438
83,0.12142857142857143,0.0,0.25,0.6285714285714286
84,0.1111111111111111,0.4166666666666667,0.4722222222222222,0.0
85,0.0,0.8181818181818182,0.18181818181818182,0.0
86,0.1111111111111111,0.7676767676767676,0.12121212121212122,0.0
87,0.0,0.2553191489361702,0.5851063829787234,0.1595744680851064
88,0.5251798561151079,0.37410071942446044,0.0,0.10071942446043165
89,0.08737864077669903,0.0,0.2912621359223301,0.6213592233009708
90,0.0,0.1951219512195122,0.6260162601626016,0.17886178861788618
91,0.5368731563421829,0.40117994100294985,0.0,0.061946902654867256
92,0.19902912621359223,0.0,0.1262135922330097,0.6747572815533981
93,0.26605504587155965,0.6513761467889908,0.08256880733944955,0.0
94,0.0,0.3767123287671233,0.15753424657534246,0.4657534246575342
95,0.030303030303030304,0.8787878787878788,0.09090909090909091,0.0
96,0.27419354838709675,0.3548387096774194,0.0,0.3709677419354839
97,0.2595419847328244,0.0,0.29770992366412213,0.44274809160305345
98,0.3611111111111111,0.0,0.4444444444444444,0.19444444444444445
99,0.0,0.2982456140350877,0.22807017543859648,0.47368421052631576
100,0.16666666666666666,0.6666666666666666,0.16666666666666666,0.0
101,0.225,0.4,0.0,0.375
102,0.0,0.2,0.6434782608695652,0.1565217391304348
103,0.39901477832512317,0.5270935960591133,0.0,0.07389162561576355
104,0.025,0.0,0.15,0.825
105,0.0,0.4,0.6,0.0
106,0.0,0.0,0.0,1.0
107,0.25,0.5,0.0,0.25
108,0.42857142857142855,0.19047619047619047,0.0,0.38095238095238093
109,0.09090909090909091,0.5454545454545454,0.36363636363636365,0.0
110,0.09090909090909091,0.0,0.18181818181818182,0.7272727272727273
111,0.4,0.0,0.2,0.4
112,0.5,0.3333333333333333,0.0,0.16666666666666666
113,0.10714285714285714,0.0,0.2857142857142857,0.6071428571428571
114,0.6666666666666666,0.0,0.0,0.3333333333333333
115,0.0,0.047619047619047616,0.38095238095238093,0.5714285714285714
116,0.7692307692307693,0.07692307692307693,0.0,0.15384615384615385
117,0.5675675675675675,0.1891891891891892,0.0,0.24324324324324326
118,0.0,0.0,0.3235294117647059,0.6764705882352942
119,0.21875,0.6875,0.09375,0.0
120,0.0,0.0,0.5,0.5
121,1.0,0.0,0.0,0.0
122,0.0,0.2391304347826087,0.6739130434782609,0.08695652173913043
123,0.0,1.0,0.0,0.0
124,0.8571428571428571,0.0,0.0,0.14285714285714285
125,0.7435897435897436,0.1282051282051282,0.0,0.1282051282051282
126,0.0,0.14285714285714285,0.8214285714285714,0.03571428571428571
127,0.0,0.22641509433962265,0.6792452830188679,0.09433962264150944
128,0.2857142857142857,0.14285714285714285,0.0,0.5714285714285714
129,0.6428571428571429,0.0,0.0,0.35714285714285715
130,0.23076923076923078,0.15384615384615385,0.0,0.6153846153846154
131,0.5819672131147541,0.30327868852459017,0.0,0.11475409836065574
132,0.24242424242424243,0.0,0.42424242424242425,0.3333333333333333
133,0.0,0.4878048780487805,0.5121951219512195,0.0
134,0.575,0.1,0.0,0.325
135,0.19230769230769232,0.7307692307692307,0.0,0.07692307692307693
136,0.0,0.0851063829787234,0.723404255319149,0.19148936170212766
137,0.66,0.16,0.0,0.18
138,0.030303030303030304,0.09090909090909091,0.8787878787878788,0.0
139,0.20689655172413793,0.10344827586206896,0.0,0.6896551724137931
140,0.1111111111111111,0.4444444444444444,0.0,0.4444444444444444
141,0.4782608695652174,0.2608695652173913,0.0,0.2608695652173913
142,0.11764705882352941,0.0,0.8823529411764706,0.0
143,0.1016949152542373,0.0,0.288135593220339,0.6101694915254238
144,0.017241379310344827,0.02586206896551724,0.9568965517241379,0.0
145,0.41025641025641024,0.0,0.5128205128205128,0.07692307692307693
146,0.0,0.24107142857142858,0.4732142857142857,0.2857142857142857
147,0.6331877729257642,0.16593886462882096,0.0,0.20087336244541484
148,0.1259259259259259,0.0,0.6333333333333333,0.24074074074074073
149,0.3381294964028777,0.43884892086330934,0.22302158273381295,0.0
150,0.0,0.21951219512195122,0.573170731707317,0.2073170731707317
151,0.13953488372093023,0.32558139534883723,0.5348837209302325,0.0
152,0.36645962732919257,0.4472049689440994,0.18633540372670807,0.0
153,0.0,0.1935483870967742,0.7311827956989247,0.07526881720430108
154,0.35526315789473684,0.4473684210526316,0.0,0.19736842105263158
155,0.25,0.5394736842105263,0.21052631578947367,0.0
156,0.5842696629213483,0.3258426966292135,0.0,0.0898876404494382
157,0.4,0.48333333333333334,0.0,0.11666666666666667
158,0.30625,0.4,0.29375,0.0
159,0.0,0.2328767123287671,0.636986301369863,0.13013698630136986
160,0.6287425149700598,0.2694610778443114,0.0,0.10179640718562874
161,0.27835051546391754,0.4536082474226804,0.26804123711340205,0.0
162,0.59375,0.203125,0.0,0.203125
163,0.549618320610687,0.35877862595419846,0.0,0.0916030534351145
164,0.18867924528301888,0.6415094339622641,0.16981132075471697,0.0
165,0.6475409836065574,0.18032786885245902,0.0,0.1721311475409836
166,0.5967741935483871,0.2540322580645161,0.0,0.14919354838709678
167,0.3851851851851852,0.3925925925925926,0.2222222222222222,0.0
168,0.0,0.1564625850340136,0.7142857142857143,0.1292517006802721
169,0.4268292682926829,0.42276422764227645,0.0,0.15040650406504066
170,0.2488479262672811,0.0,0.16589861751152074,0.5852534562211982
171,0.0,0.23404255319148937,0.574468085106383,0.19148936170212766
172,0.37894736842105264,0.0,0.14736842105263157,0.47368421052631576
173,0.0,0.3090909090909091,0.3090909090909091,0.38181818181818183
174,0.175,0.45,0.375,0.0
175,0.0,0.1509433962264151,0.1509433962264151,0.6981132075471698
176,0.0736196319018405,0.0,0.12883435582822086,0.7975460122699386
177,0.08333333333333333,0.375,0.5416666666666666,0.0
178,0.0,0.55,0.2,0.25
179,0.05263157894736842,0.0,0.03508771929824561,0.9122807017543859
180,0.6989247311827957,0.12903225806451613,0.0,0.17204301075268819
181,0.15547703180212014,0.6042402826855123,0.0,0.24028268551236748
182,0.0,0.30952380952380953,0.39285714285714285,0.2976190476190476
183,0.3684210526315789,0.5263157894736842,0.0,0.10526315789473684
184,0.0,0.34375,0.40625,0.25
185,0.16923076923076924,0.0,0.4307692307692308,0.4
186,0.225,0.25,0.525,0.0
187,0.21739130434782608,0.0,0.17391304347826086,0.6086956521739131
188,0.3333333333333333,0.0,0.13636363636363635,0.5303030303030303
189,0.35294117647058826,0.5882352941176471,0.0,0.058823529411764705
190,0.2,0.3,0.5,0.0
191,0.35294117647058826,0.20588235294117646,0.0,0.4411764705882353
192,0.0,0.6379310344827587,0.3620689655172414,0.0
193,0.0,0.1134020618556701,0.865979381443299,0.020618556701030927
194,0.7,0.2,0.0,0.1
195,0.14285714285714285,0.2857142857142857,0.0,0.5714285714285714
196,0.375,0.375,0.0,0.25
197,0.08695652173913043,0.0,0.6739130434782609,0.2391304347826087
198,0.7878787878787878,0.0,0.15151515151515152,0.06060606060606061
199,0.46153846153846156,0.07692307692307693,0.0,0.46153846153846156
200,0.53125,0.4427083333333333,0.0,0.026041666666666668
201,0.4444444444444444,0.2222222222222222,0.3333333333333333,0.0
202,0.09090909090909091,0.18181818181818182,0.7272727272727273,0.0
203,0.4782608695652174,0.0,0.17391304347826086,0.34782608695652173
204,0.0,0.047619047619047616,0.7142857142857143,0.23809523809523808
205,0.125,0.0,0.30357142857142855,0.5714285714285714
206,0.45454545454545453,0.0,0.22727272727272727,0.3181818181818182
207,0.0,0.0641025641025641,0.9230769230769231,0.01282051282051282
208,0.0,0.625,0.375,0.0
209,0.2465753424657534,0.0,0.3287671232876712,0.4246575342465753
210,0.4583333333333333,0.125,0.4166666666666667,0.0
211,0.4375,0.0,0.1875,0.375
212,0.0,0.5714285714285714,0.14596273291925466,0.2826086956521739
213,0.0,0.44,0.56,0.0
214,0.9,0.0,0.0,0.1
215,0.0,0.02631578947368421,0.9210526315789473,0.05263157894736842
216,0.5,0.0,0.0,0.5
217,0.0,0.5,0.25,0.25
218,0.24324324324324326,0.0,0.21621621621621623,0.5405405405405406
219,0.0,0.05172413793103448,0.896551724137931,0.05172413793103448
220,0.0,0.08333333333333333,0.31666666666666665,0.6
221,0.056338028169014086,0.8450704225352113,0.09859154929577464,0.0
222,0.028985507246376812,0.17391304347826086,0.7971014492753623,0.0
223,0.13157894736842105,0.0,0.10526315789473684,0.7631578947368421
224,0.26,0.0,0.56,0.18
225,0.0,0.4827586206896552,0.4827586206896552,0.034482758620689655
226,0.0,0.10256410256410256,0.782051282051282,0.11538461538461539
227,0.3181818181818182,0.5606060606060606,0.0,0.12121212121212122
228,0.0,0.024390243902439025,0.9024390243902439,0.07317073170731707
229,0.0,0.11428571428571428,0.8571428571428571,0.02857142857142857
230,0.29591836734693877,0.0,0.14285714285714285,0.5612244897959183
231,0.0,0.05263157894736842,0.39473684210526316,0.5526315789473685
232,0.3113207547169811,0.0,0.07547169811320754,0.6132075471698113
233,0.5842293906810035,0.27956989247311825,0.0,0.13620071684587814
234,0.13440860215053763,0.0,0.5376344086021505,0.3279569892473118
235,0.16666666666666666,0.3333333333333333,0.5,0.0
236,0.3949579831932773,0.33613445378151263,0.0,0.2689075630252101
237,0.40476190476190477,0.30952380952380953,0.2857142857142857,0.0
238,0.0,0.6050420168067226,0.01680672268907563,0.37815126050420167
239,0.13636363636363635,0.45454545454545453,0.4090909090909091,0.0
240,0.1,0.0,0.05714285714285714,0.8428571428571429
241,0.0,0.0,1.0,0.0
242,0.6063829787234043,0.2553191489361702,0.0,0.13829787234042554
243,0.19672131147540983,0.0,0.7868852459016393,0.01639344262295082
244,0.0,0.0,0.8,0.2
245,0.0,0.3188405797101449,0.5362318840579711,0.14492753623188406
246,0.0,0.4166666666666667,0.3611111111111111,0.2222222222222222
247,0.5,0.0,0.5,0.0
248,0.3333333333333333,0.3333333333333333,0.0,0.3333333333333333
249,0.0,0.09210526315789473,0.881578947368421,0.02631578947368421
250,0.0,0.2,0.788235294117647,0.011764705882352941
251,0.10714285714285714,0.0,0.125,0.7678571428571429
252,0.0,0.1956521739130435,0.7391304347826086,0.06521739130434782
253,0.7439024390243902,0.21951219512195122,0.0,0.036585365853658534
254,0.17857142857142858,0.0,0.14285714285714285,0.6785714285714286
255,0.125,0.0,0.5,0.375
256,0.0,0.5,0.5,0.0
257,0.6071428571428571,0.32142857142857145,0.0,0.07142857142857142
258,0.0,0.5135135135135135,0.4864864864864865,0.0
259,0.42424242424242425,0.5,0.0,0.07575757575757576
260,0.0,0.35,0.55,0.1
261,0.6379310344827587,0.3448275862068966,0.0,0.017241379310344827
262,0.08771929824561403,0.0,0.07017543859649122,0.8421052631578947
263,0.125,0.0,0.6875,0.1875
264,0.2,0.4,0.0,0.4
265,0.0,0.36,0.56,0.08
266,0.34265734265734266,0.6153846153846154,0.0,0.04195804195804196
267,1.0,0.0,0.0,0.0
268,0.0,0.5,0.0,0.5
269,0.35294117647058826,0.0,0.058823529411764705,0.5882352941176471
270,0.0,0.13043478260869565,0.5217391304347826,0.34782608695652173
271,1.0,0.0,0.0,0.0
272,0.6666666666666666,0.14285714285714285,0.0,0.19047619047619047
273,,,,
274,0.21052631578947367,0.0,0.6842105263157895,0.10526315789473684
275,0.18518518518518517,0.0,0.037037037037037035,0.7777777777777778
276,0.6795366795366795,0.2625482625482625,0.0,0.05791505791505792
277,0.05263157894736842,0.5263157894736842,0.42105263157894735,0.0
278,0.0,0.25462962962962965,0.2222222222222222,0.5231481481481481
279,0.5,0.5,0.0,0.0
280,0.0,0.25,0.25,0.5
281,0.0,0.94,0.06,0.0
282,0.0,0.9,0.1,0.0
283,0.0,0.012048192771084338,0.060240963855421686,0.927710843373494
284,0.0,0.0,0.0,1.0
285,0.0,0.0,1.0,0.0
286,0.3333333333333333,0.0,0.0,0.6666666666666666
287,0.0,0.7142857142857143,0.2857142857142857,0.0
288,0.55,0.0,0.0,0.45
289,0.014925373134328358,0.0,0.1791044776119403,0.8059701492537313
290,0.5,0.3333333333333333,0.0,0.16666666666666666
291,0.0,0.0,1.0,0.0
292,0.0,0.08695652173913043,0.8840579710144928,0.028985507246376812
293,0.0,0.0,1.0,0.0
294,0.3333333333333333,0.3333333333333333,0.0,0.3333333333333333
295,0.0,0.25,0.3333333333333333,0.4166666666666667
296,0.3333333333333333,0.6666666666666666,0.0,0.0
297,0.2,0.0,0.8,0.0
298,0.3333333333333333,0.3333333333333333,0.3333333333333333,0.0
299,0.0,0.0,1.0,0.0
300,,,,
301,,,,
302,,,,
303,,,,
304,,,,
305,,,,
306,,,,
307,,,,
308,,,,
309,,,,
310,,,,
311,,,,
312,,,,
313,,,,
314,,,,
315,,,,
