,A,C,G,T
0,,,,
1,,,,
2,1.0,0.0,0.0,0.0
3,0.0,0.0,1.0,0.0
4,,,,
5,,,,
6,0.0,0.0,0.0,1.0
7,0.0,0.0,0.0,1.0
8,,,,
9,0.0,1.0,0.0,0.0
10,0.0,1.0,0.0,0.0
11,1.0,0.0,0.0,0.0
12,0.0,0.9444444444444444,0.0,0.05555555555555555
13,0.0,0.0,1.0,0.0
14,1.0,0.0,0.0,0.0
15,,,,
16,0.0,0.0,0.0,1.0
17,,,,
18,0.0,0.0,1.0,0.0
19,,,,
20,0.0,0.0,1.0,0.0
21,,,,
22,0.0,0.0,0.0,1.0
23,0.0,1.0,0.0,0.0
24,,,,
25,0.0,0.0,0.0,1.0
26,0.6,0.2,0.2,0.0
27,0.0,0.0,0.18,0.82
28,0.0,0.0,0.0,1.0
29,0.5,0.5,0.0,0.0
30,0.0,0.0,0.9811320754716981,0.018867924528301886
31,,,,
32,0.11764705882352941,0.0,0.0,0.8823529411764706
33,0.9,0.08333333333333333,0.0,0.016666666666666666
34,0.0,0.0,1.0,0.0
35,0.0,0.0,0.14285714285714285,0.8571428571428571
36,0.0,0.9117647058823529,0.08823529411764706,0.0
37,0.0,0.0,1.0,0.0
38,0.0,0.0,0.5,0.5
39,0.0,0.0,1.0,0.0
40,1.0,0.0,0.0,0.0
41,,,,
42,0.0,0.0,0.0,1.0
43,0.0,0.0,0.8571428571428571,0.14285714285714285
44,0.0,0.0,0.6666666666666666,0.3333333333333333
45,0.03125,0.0,0.96875,0.0
46,0.0,0.0,0.5,0.5
47,0.0,0.0,0.0,1.0
48,,,,
49,,,,
50,1.0,0.0,0.0,0.0
51,1.0,0.0,0.0,0.0
52,0.0,0.0,1.0,0.0
53,1.0,0.0,0.0,0.0
54,0.0,0.0,1.0,0.0
55,1.0,0.0,0.0,0.0
56,0.18181818181818182,0.09090909090909091,0.0,0.7272727272727273
57,0.06666666666666667,0.0,0.9333333333333333,0.0
58,0.0,1.0,0.0,0.0
59,0.0,0.5,0.0,0.5
60,0.0,0.5,0.5,0.0
61,0.6666666666666666,0.0,0.3333333333333333,0.0
62,0.3333333333333333,0.0,0.3333333333333333,0.3333333333333333
63,0.0,1.0,0.0,0.0
64,0.0,1.0,0.0,0.0
65,0.5,0.0,0.0,0.5
66,0.0,0.03333333333333333,0.03333333333333333,0.9333333333333333
67,0.12,0.0,0.88,0.0
68,0.6666666666666666,0.0,0.0,0.3333333333333333
69,0.041666666666666664,0.25,0.7083333333333334,0.0
70,0.0,0.5,0.5,0.0
71,0.0,0.0,0.3333333333333333,0.6666666666666666
72,0.0,0.75,0.25,0.0
73,0.4,0.0,0.4,0.2
74,0.0,1.0,0.0,0.0
75,,,,
76,0.0,1.0,0.0,0.0
77,0.625,0.3645833333333333,0.0,0.010416666666666666
78,0.3333333333333333,0.3333333333333333,0.3333333333333333,0.0
79,,,,
80,0.0,0.0,0.0,1.0
81,0.0,0.75,0.25,0.0
82,,,,
83,0.0,0.08,0.56,0.36
84,0.2857142857142857,0.0,0.0,0.7142857142857143
85,0.0,1.0,0.0,0.0
86,0.0,0.0,0.0,1.0
87,0.0,0.09302325581395349,0.13953488372093023,0.7674418604651163
88,0.35064935064935066,0.6363636363636364,0.0,0.012987012987012988
89,0.02040816326530612,0.0,0.02040816326530612,0.9591836734693877
90,0.0,0.1111111111111111,0.0,0.8888888888888888
91,0.04878048780487805,0.0,0.926829268292683,0.024390243902439025
92,0.0,0.88,0.12,0.0
93,0.0,0.7534246575342466,0.0958904109589041,0.1506849315068493
94,0.6911764705882353,0.3088235294117647,0.0,0.0
95,0.6851851851851852,0.3148148148148148,0.0,0.0
96,0.3333333333333333,0.0,0.0,0.6666666666666666
97,0.8928571428571429,0.10714285714285714,0.0,0.0
98,0.0,0.8,0.13333333333333333,0.06666666666666667
99,0.0,0.0,0.0,1.0
100,0.8888888888888888,0.1111111111111111,0.0,0.0
101,0.2,0.4,0.0,0.4
102,0.9743589743589743,0.02564102564102564,0.0,0.0
103,0.05555555555555555,0.9259259259259259,0.0,0.018518518518518517
104,0.0,0.8571428571428571,0.14285714285714285,0.0
105,0.0,1.0,0.0,0.0
106,0.0,1.0,0.0,0.0
107,0.05,0.15,0.0,0.8
108,1.0,0.0,0.0,0.0
109,0.019230769230769232,0.9807692307692307,0.0,0.0
110,0.0,0.0,1.0,0.0
111,,,,
112,,,,
113,,,,
114,0.0,0.07142857142857142,0.6428571428571429,0.2857142857142857
115,,,,
116,0.0,0.0,0.0,1.0
117,0.0,0.0,1.0,0.0
118,0.0,0.0,0.0,1.0
119,0.0,1.0,0.0,0.0
120,1.0,0.0,0.0,0.0
121,0.0,1.0,0.0,0.0
122,,,,
123,0.0625,0.0,0.0,0.9375
124,,,,
125,,,,
126,1.0,0.0,0.0,0.0
127,,,,
128,0.0,0.0,0.3333333333333333,0.6666666666666666
129,,,,
130,0.0,0.0,0.0,1.0
131,0.0,0.38461538461538464,0.3076923076923077,0.3076923076923077
132,0.0,0.42857142857142855,0.5714285714285714,0.0
133,0.0,0.0,1.0,0.0
134,,,,
135,,,,
136,0.0,0.0,1.0,0.0
137,0.0,0.0,0.0,1.0
138,0.25,0.0,0.0,0.75
139,0.0,0.8666666666666667,0.13333333333333333,0.0
140,1.0,0.0,0.0,0.0
141,0.0,1.0,0.0,0.0
142,,,,
143,0.9375,0.03125,0.0,0.03125
144,0.5,0.0,0.5,0.0
145,1.0,0.0,0.0,0.0
146,0.0,0.5,0.0,0.5
147,1.0,0.0,0.0,0.0
148,,,,
149,0.0,1.0,0.0,0.0
150,1.0,0.0,0.0,0.0
151,0.0,0.0,1.0,0.0
152,0.0,0.058823529411764705,0.8823529411764706,0.058823529411764705
153,0.19047619047619047,0.0,0.7142857142857143,0.09523809523809523
154,0.8,0.2,0.0,0.0
155,0.6,0.0,0.0,0.4
156,0.0,0.6666666666666666,0.0,0.3333333333333333
157,0.0,1.0,0.0,0.0
158,0.0,0.9333333333333333,0.06666666666666667,0.0
159,,,,
160,0.0,0.15789473684210525,0.0,0.8421052631578947
161,0.0,0.8333333333333334,0.16666666666666666,0.0
162,0.0,0.3333333333333333,0.6666666666666666,0.0
163,1.0,0.0,0.0,0.0
164,0.5,0.25,0.0,0.25
165,1.0,0.0,0.0,0.0
166,0.0,0.0,1.0,0.0
167,,,,
168,0.0,0.0,0.0,1.0
169,0.0,0.0,1.0,0.0
170,0.0,1.0,0.0,0.0
171,0.21621621621621623,0.0,0.0,0.7837837837837838
172,0.0,0.0,0.0,1.0
173,0.2413793103448276,0.6551724137931034,0.10344827586206896,0.0
174,0.0,0.125,0.75,0.125
175,0.0,0.2857142857142857,0.5714285714285714,0.14285714285714285
176,0.6097560975609756,0.34146341463414637,0.0,0.04878048780487805
177,0.10810810810810811,0.0,0.0,0.8918918918918919
178,0.9545454545454546,0.022727272727272728,0.0,0.022727272727272728
179,0.2,0.0,0.4,0.4
180,0.0,1.0,0.0,0.0
181,0.0,0.0,0.046511627906976744,0.9534883720930233
182,0.0,0.0,0.0,1.0
183,0.6989247311827957,0.26881720430107525,0.0,0.03225806451612903
184,0.7647058823529411,0.23529411764705882,0.0,0.0
185,0.16666666666666666,0.0,0.42857142857142855,0.40476190476190477
186,,,,
187,1.0,0.0,0.0,0.0
188,0.0,0.4444444444444444,0.3333333333333333,0.2222222222222222
189,0.2,0.4,0.4,0.0
190,0.6666666666666666,0.0,0.3333333333333333,0.0
191,0.3333333333333333,0.16666666666666666,0.5,0.0
192,0.0,0.0,0.8571428571428571,0.14285714285714285
193,0.6666666666666666,0.0,0.3333333333333333,0.0
194,0.14285714285714285,0.42857142857142855,0.0,0.42857142857142855
195,0.0,0.2692307692307692,0.7307692307692307,0.0
196,0.0,0.09523809523809523,0.8095238095238095,0.09523809523809523
197,0.25,0.75,0.0,0.0
198,0.0,0.06451612903225806,0.45161290322580644,0.4838709677419355
199,0.62,0.38,0.0,0.0
200,0.0,0.0,0.3333333333333333,0.6666666666666666
201,0.0,0.8571428571428571,0.0,0.14285714285714285
202,1.0,0.0,0.0,0.0
203,0.9078947368421053,0.013157894736842105,0.0,0.07894736842105263
204,0.08333333333333333,0.0,0.8333333333333334,0.08333333333333333
205,0.3333333333333333,0.6666666666666666,0.0,0.0
206,0.0,0.0,1.0,0.0
207,0.0,0.0,0.8888888888888888,0.1111111111111111
208,0.0,0.0,0.6666666666666666,0.3333333333333333
209,,,,
210,0.0,0.75,0.019230769230769232,0.23076923076923078
211,0.0,0.0,1.0,0.0
212,0.8333333333333334,0.0,0.0,0.16666666666666666
213,0.0,0.2857142857142857,0.7142857142857143,0.0
214,1.0,0.0,0.0,0.0
215,0.0,0.0,0.7142857142857143,0.2857142857142857
216,0.0,0.5,0.5,0.0
217,0.0,0.0,1.0,0.0
218,0.8571428571428571,0.14285714285714285,0.0,0.0
219,,,,
220,0.0,0.0,1.0,0.0
221,1.0,0.0,0.0,0.0
222,0.0,0.25,0.25,0.5
223,0.0,0.0,0.0,1.0
224,0.23076923076923078,0.0,0.6923076923076923,0.07692307692307693
225,0.1111111111111111,0.4444444444444444,0.4444444444444444,0.0
226,1.0,0.0,0.0,0.0
227,,,,
228,0.0,0.058823529411764705,0.9411764705882353,0.0
229,0.0,0.0,1.0,0.0
230,0.0,0.3125,0.5625,0.125
231,0.0,1.0,0.0,0.0
232,0.0,0.6,0.2,0.2
233,0.0,0.0,0.1,0.9
234,0.5,0.0,0.5,0.0
235,0.0,0.16666666666666666,0.6666666666666666,0.16666666666666666
236,0.75,0.0,0.0,0.25
237,1.0,0.0,0.0,0.0
238,0.0,0.0,1.0,0.0
239,0.5,0.2222222222222222,0.0,0.2777777777777778
240,0.14285714285714285,0.42857142857142855,0.0,0.42857142857142855
241,0.25,0.25,0.5,0.0
242,0.3333333333333333,0.0,0.6666666666666666,0.0
243,0.07692307692307693,0.0,0.0,0.9230769230769231
244,0.0,0.5,0.5,0.0
245,0.125,0.1111111111111111,0.7638888888888888,0.0
246,0.0,0.0,0.2,0.8
247,0.07142857142857142,0.0,0.6428571428571429,0.2857142857142857
248,0.0,0.5555555555555556,0.4444444444444444,0.0
249,0.0,0.10526315789473684,0.15789473684210525,0.7368421052631579
250,0.3333333333333333,0.0,0.6666666666666666,0.0
251,0.0,0.5,0.0,0.5
252,0.0,0.5,0.0,0.5
253,0.0,0.0,1.0,0.0
254,0.5,0.0,0.25,0.25
255,0.0,0.1,0.9,0.0
256,0.0,0.5,0.5,0.0
257,0.0,0.0,0.1111111111111111,0.8888888888888888
258,0.0,0.02631578947368421,0.8947368421052632,0.07894736842105263
259,0.03571428571428571,0.9642857142857143,0.0,0.0
260,0.0,1.0,0.0,0.0
261,0.0,1.0,0.0,0.0
262,0.0,0.046511627906976744,0.9534883720930233,0.0
263,0.0,0.0,1.0,0.0
264,,,,
265,0.0,0.0,1.0,0.0
266,0.0,0.9375,0.0625,0.0
267,0.0,0.3333333333333333,0.0,0.6666666666666666
268,0.05263157894736842,0.05263157894736842,0.8947368421052632,0.0
269,0.6,0.2,0.0,0.2
270,0.0,0.0,0.0,1.0
271,,,,
272,,,,
273,,,,
274,,,,
275,0.0,0.0,0.5172413793103449,0.4827586206896552
276,0.0,0.0,0.0,1.0
277,0.0,0.0,1.0,0.0
278,0.8888888888888888,0.0,0.1111111111111111,0.0
279,0.0,0.0,0.5,0.5
280,1.0,0.0,0.0,0.0
281,0.0,0.6666666666666666,0.0,0.3333333333333333
282,0.0,1.0,0.0,0.0
283,0.0,0.0,1.0,0.0
284,0.0,0.8846153846153846,0.11538461538461539,0.0
285,0.0,0.0,1.0,0.0
286,0.0,0.0,0.02127659574468085,0.9787234042553191
287,0.0,0.0,0.0,1.0
288,0.0,0.0,1.0,0.0
289,0.3333333333333333,0.0,0.0,0.6666666666666666
290,0.0,0.4,0.6,0.0
291,0.25,0.0,0.0,0.75
292,0.043478260869565216,0.0,0.0,0.9565217391304348
293,0.0,0.125,0.625,0.25
294,,,,
295,0.0,0.14285714285714285,0.8571428571428571,0.0
296,0.13333333333333333,0.0,0.06666666666666667,0.8
297,0.0,0.5833333333333334,0.4166666666666667,0.0
298,0.16666666666666666,0.3333333333333333,0.0,0.5
299,0.0,0.5,0.0,0.5
300,0.11764705882352941,0.8823529411764706,0.0,0.0
301,1.0,0.0,0.0,0.0
302,0.0,1.0,0.0,0.0
303,,,,
304,1.0,0.0,0.0,0.0
305,,,,
306,,,,
307,0.0,1.0,0.0,0.0
308,0.0,0.0,0.5,0.5
309,,,,
310,,,,
311,,,,
312,,,,
313,,,,
314,,,,
315,,,,
316,,,,
317,,,,
318,,,,
319,,,,
