,A,C,G,T
0,,,,
1,,,,
2,0.9010238907849829,0.07935153583617748,0.0,0.01962457337883959
3,0.11816443594646271,0.0,0.464244741873805,0.4175908221797323
4,0.2796208530805687,0.6777251184834123,0.04265402843601896,0.0
5,0.767479674796748,0.1024390243902439,0.0,0.13008130081300814
6,0.6,0.0,0.2,0.2
7,0.0,0.08029197080291971,0.4653284671532847,0.4543795620437956
8,0.6110675039246468,0.29513343799058084,0.0,0.09379905808477237
9,0.1307752545027408,0.0,0.16914643696162882,0.7000783085356304
10,0.25,0.625,0.125,0.0
11,0.6043851286939943,0.20972354623450906,0.0,0.18589132507149667
12,0.49517684887459806,0.0,0.4437299035369775,0.06109324758842444
13,0.0,0.18653846153846154,0.4288461538461538,0.38461538461538464
14,0.6583912611717975,0.17874875868917578,0.0,0.1628599801390268
15,0.06640625,0.87109375,0.0,0.0625
16,0.0,0.41621621621621624,0.23783783783783785,0.34594594594594597
17,0.7894736842105263,0.145748987854251,0.0,0.06477732793522267
18,0.16883116883116883,0.3246753246753247,0.5064935064935064,0.0
19,0.22033898305084745,0.0,0.4406779661016949,0.3389830508474576
20,0.19672131147540983,0.19672131147540983,0.0,0.6065573770491803
21,0.6043956043956044,0.16483516483516483,0.0,0.23076923076923078
22,0.25,0.3229166666666667,0.0,0.4270833333333333
23,0.049891540130151846,0.0,0.37093275488069416,0.579175704989154
24,0.1717171717171717,0.0,0.5050505050505051,0.32323232323232326
25,0.5531914893617021,0.0,0.1702127659574468,0.2765957446808511
26,0.0,0.31928480204342274,0.4342273307790549,0.24648786717752236
27,0.5608108108108109,0.3918918918918919,0.0,0.0472972972972973
28,0.39097744360902253,0.3609022556390977,0.0,0.24812030075187969
29,0.0,0.2430379746835443,0.6215189873417721,0.13544303797468354
30,0.07111111111111111,0.0,0.5288888888888889,0.4
31,0.28865979381443296,0.4793814432989691,0.23195876288659795,0.0
32,0.5386064030131826,0.22033898305084745,0.0,0.24105461393596986
33,0.2021709633649932,0.5888738127544098,0.0,0.208955223880597
34,0.05128205128205128,0.49743589743589745,0.4512820512820513,0.0
35,0.29357798165137616,0.09785932721712538,0.0,0.6085626911314985
36,0.0,0.6474164133738601,0.303951367781155,0.0486322188449848
37,0.0,0.061607813673929375,0.9173553719008265,0.021036814425244178
38,0.3177966101694915,0.4194915254237288,0.0,0.2627118644067797
39,0.18729096989966554,0.0,0.27424749163879597,0.5384615384615384
40,0.3114754098360656,0.0,0.18032786885245902,0.5081967213114754
41,0.05727699530516432,0.8131455399061033,0.1295774647887324,0.0
42,0.16370106761565836,0.1494661921708185,0.6868327402135231,0.0
43,0.13333333333333333,0.0,0.26666666666666666,0.6
44,0.4221105527638191,0.24623115577889448,0.0,0.3316582914572864
45,0.23076923076923078,0.5314685314685315,0.0,0.23776223776223776
46,0.0,0.38596491228070173,0.5723684210526315,0.041666666666666664
47,0.4539877300613497,0.3773006134969325,0.0,0.1687116564417178
48,0.0,0.391304347826087,0.42028985507246375,0.18840579710144928
49,0.28225806451612906,0.0,0.3387096774193548,0.3790322580645161
50,0.24789915966386555,0.0,0.20798319327731093,0.5441176470588235
51,0.23204419889502761,0.0,0.23756906077348067,0.5303867403314917
52,0.22,0.46,0.32,0.0
53,0.3058510638297872,0.43617021276595747,0.0,0.2579787234042553
54,0.5826086956521739,0.2028985507246377,0.2144927536231884,0.0
55,0.4326923076923077,0.0,0.19230769230769232,0.375
56,0.3020408163265306,0.0,0.2054421768707483,0.4925170068027211
57,0.168141592920354,0.0,0.4690265486725664,0.36283185840707965
58,0.0625,0.609375,0.328125,0.0
59,0.7090163934426229,0.0,0.15163934426229508,0.13934426229508196
60,0.0,0.2857142857142857,0.45363408521303256,0.2606516290726817
61,0.17270194986072424,0.0,0.36768802228412256,0.4596100278551532
62,0.1745939675174014,0.0,0.32308584686774944,0.5023201856148491
63,0.15217391304347827,0.34782608695652173,0.5,0.0
64,0.25,0.15789473684210525,0.0,0.5921052631578947
65,0.03731343283582089,0.0,0.014925373134328358,0.9477611940298507
66,0.0,0.08390501319261214,0.42796833773087073,0.48812664907651715
67,0.2221153846153846,0.0,0.5891025641025641,0.18878205128205128
68,0.45634920634920634,0.376984126984127,0.16666666666666666,0.0
69,0.20512820512820512,0.5201465201465202,0.0,0.27472527472527475
70,0.06206896551724138,0.6758620689655173,0.2620689655172414,0.0
71,0.05263157894736842,0.0,0.6283566058002148,0.31901181525241673
72,0.2619047619047619,0.5740740740740741,0.164021164021164,0.0
73,0.3157894736842105,0.0,0.14912280701754385,0.5350877192982456
74,0.1034928848641656,0.7270375161707633,0.16946959896507116,0.0
75,0.4730941704035874,0.336322869955157,0.0,0.1905829596412556
76,0.5450733752620545,0.2914046121593291,0.0,0.16352201257861634
77,0.23314285714285715,0.496,0.27085714285714285,0.0
78,0.25,0.2632978723404255,0.0,0.4867021276595745
79,0.5002340823970037,0.3548689138576779,0.0,0.14489700374531836
80,0.11154598825831702,0.0,0.24853228962818003,0.639921722113503
81,0.09076175040518639,0.6661264181523501,0.24311183144246354,0.0
82,0.3694581280788177,0.0,0.059113300492610835,0.5714285714285714
83,0.4185303514376997,0.0,0.23003194888178913,0.3514376996805112
84,0.0,0.19711042311661506,0.6295149638802889,0.17337461300309598
85,0.04081632653061224,0.7346938775510204,0.22448979591836735,0.0
86,0.2769874476987448,0.0,0.37154811715481173,0.3514644351464435
87,0.0,0.22079037800687284,0.5893470790378007,0.18986254295532645
88,0.3996154902499313,0.46965119472672345,0.0,0.13073331502334523
89,0.23468685478320717,0.0,0.1944253269098417,0.5708878183069511
90,0.0,0.1438004402054292,0.7219369038884813,0.13426265590608952
91,0.4749121124960051,0.41323106423777567,0.0,0.11185682326621924
92,0.21418372203712518,0.5359352689195621,0.2498810090433127,0.0
93,0.0,0.2437046521553564,0.647887323943662,0.10840802390098164
94,0.4260780287474333,0.4776694045174538,0.0,0.09625256673511294
95,0.19238812212463405,0.642827268925136,0.16478460895023003,0.0
96,0.0,0.34845420398728694,0.4874313782143889,0.1641144177983242
97,0.5059982094897045,0.39570277529095793,0.0,0.09829901521933751
98,0.31413141314131415,0.5571557155715572,0.12871287128712872,0.0
99,0.14835728952772073,0.6309034907597536,0.22073921971252566,0.0
100,0.0,0.2779438135086671,0.07830245068738792,0.643753735803945
101,0.021749876421156698,0.0,0.06030647553138903,0.9179436480474543
102,0.19021739130434784,0.6612318840579711,0.14855072463768115,0.0
103,0.0,0.2477628635346756,0.13702460850111856,0.6152125279642058
104,0.018300653594771243,0.0,0.1111111111111111,0.8705882352941177
105,0.10869565217391304,0.43478260869565216,0.45652173913043476,0.0
106,0.050359712230215826,0.10071942446043165,0.0,0.8489208633093526
107,0.029411764705882353,0.33088235294117646,0.0,0.6397058823529411
108,0.6937669376693767,0.056910569105691054,0.0,0.24932249322493225
109,0.14740420271940669,0.7861557478368356,0.0,0.06644004944375773
110,0.13101604278074866,0.0,0.25668449197860965,0.6122994652406417
111,0.020833333333333332,0.375,0.6041666666666666,0.0
112,0.16216216216216217,0.13513513513513514,0.0,0.7027027027027027
113,0.06779661016949153,0.4576271186440678,0.0,0.4745762711864407
114,0.0,0.13941299790356393,0.6813417190775681,0.1792452830188679
115,0.07913669064748201,0.31654676258992803,0.60431654676259,0.0
116,0.3202312138728324,0.0,0.20809248554913296,0.47167630057803467
117,0.7865168539325843,0.0,0.10112359550561797,0.11235955056179775
118,0.6417910447761194,0.11940298507462686,0.0,0.23880597014925373
119,0.1324422843256379,0.0,0.29040097205346294,0.5771567436208992
120,0.7294117647058823,0.0,0.16470588235294117,0.10588235294117647
121,0.0,0.16981132075471697,0.539622641509434,0.29056603773584905
122,0.5491803278688525,0.2786885245901639,0.0,0.1721311475409836
123,0.22749540722596448,0.0,0.22443355786895286,0.5480710349050827
124,0.22340425531914893,0.0,0.2872340425531915,0.48936170212765956
125,0.2396694214876033,0.0,0.33884297520661155,0.4214876033057851
126,0.296875,0.0,0.421875,0.28125
127,0.6046511627906976,0.0,0.13953488372093023,0.2558139534883721
128,0.0,0.7310344827586207,0.16927899686520376,0.09968652037617555
129,0.7176470588235294,0.21176470588235294,0.0,0.07058823529411765
130,0.5430327868852459,0.2725409836065574,0.0,0.18442622950819673
131,0.6926503340757239,0.18596881959910913,0.0,0.12138084632516703
132,0.0,0.6104078762306611,0.38255977496483823,0.007032348804500703
133,0.0,0.12874251497005987,0.7290419161676647,0.14221556886227546
134,0.38738738738738737,0.18018018018018017,0.0,0.43243243243243246
135,0.53954802259887,0.3728813559322034,0.0,0.08757062146892655
136,0.3655913978494624,0.6048387096774194,0.0,0.02956989247311828
137,0.5389482871481562,0.2960942614008292,0.0,0.16495745145101462
138,0.11004784688995216,0.0,0.11483253588516747,0.7751196172248804
139,0.02168021680216802,0.9214092140921409,0.056910569105691054,0.0
140,0.6042402826855123,0.1872791519434629,0.0,0.20848056537102475
141,0.09749303621169916,0.8607242339832869,0.0,0.04178272980501393
142,0.0,0.4472049689440994,0.38509316770186336,0.16770186335403728
143,0.8930976430976431,0.07912457912457913,0.0,0.027777777777777776
144,0.21153846153846154,0.28846153846153844,0.5,0.0
145,0.5441176470588235,0.08823529411764706,0.0,0.36764705882352944
146,0.03529411764705882,0.5568627450980392,0.0,0.40784313725490196
147,0.0,0.5554231227651967,0.4195470798569726,0.025029797377830752
148,0.06666666666666667,0.23333333333333334,0.7,0.0
149,0.13393870601589103,0.7661748013620885,0.09988649262202043,0.0
150,0.4520547945205479,0.1643835616438356,0.0,0.3835616438356164
151,0.06389530408006158,0.8876058506543495,0.0,0.04849884526558892
152,0.44580696202531644,0.4988132911392405,0.0,0.055379746835443035
153,0.0,0.14995563442768411,0.541259982253771,0.3087843833185448
154,0.3708502024291498,0.555195681511471,0.0,0.07395411605937922
155,0.08040201005025126,0.8535534816941852,0.06604450825556353,0.0
156,0.0,0.2113289760348584,0.6386554621848739,0.15001556178026768
157,0.2087912087912088,0.5274725274725275,0.26373626373626374,0.0
158,0.15438871473354232,0.0,0.32797805642633227,0.5176332288401254
159,0.18926829268292683,0.5487804878048781,0.26195121951219513,0.0
160,0.0,0.464030131826742,0.07909604519774012,0.4568738229755179
161,0.06259097525473072,0.8704512372634643,0.06695778748180495,0.0
162,0.31030873888016747,0.5269492412349556,0.16274201988487702,0.0
163,0.0,0.48977206312098187,0.1081239041496201,0.402104032729398
164,0.12482402627874238,0.7944626935710933,0.08071328015016424,0.0
165,0.0,0.31011351909184726,0.6119711042311662,0.07791537667698659
166,0.4267515923566879,0.4860878310425746,0.0,0.08716057660073752
167,0.19977678571428573,0.515625,0.2845982142857143,0.0
168,0.4357142857142857,0.2857142857142857,0.0,0.2785714285714286
169,0.488,0.22266666666666668,0.0,0.28933333333333333
170,0.43767949454336585,0.3509477311889719,0.0,0.21137277426766227
171,0.0,0.2252199413489736,0.6222873900293255,0.15249266862170088
172,0.427907876911167,0.5033868782659183,0.0,0.06870524482291465
173,0.2997920997920998,0.0,0.1920997920997921,0.5081081081081081
174,0.0,0.25091799265605874,0.45348837209302323,0.295593635250918
175,0.2728442728442728,0.0,0.37194337194337196,0.3552123552123552
176,0.17436845348120764,0.0,0.2982131854590265,0.5274183610597659
177,0.3480314960629921,0.46561679790026245,0.18635170603674542,0.0
178,0.0,0.3365019011406844,0.08602661596958175,0.5774714828897338
179,0.0539906103286385,0.0,0.15669014084507044,0.7893192488262911
180,0.3399840383080607,0.37988826815642457,0.28012769353551475,0.0
181,0.0,0.6016839378238342,0.17746113989637305,0.22085492227979275
182,0.08224076281287247,0.0,0.13825983313468415,0.7794994040524433
183,0.0,0.49075975359342916,0.39630390143737165,0.11293634496919917
184,0.0,0.29190751445086704,0.6502890173410405,0.057803468208092484
185,0.028830036875628563,0.0,0.10794502179014415,0.8632249413342273
186,0.18385214007782102,0.0,0.32976653696498054,0.48638132295719844
187,0.4746192893401015,0.0,0.24111675126903553,0.28426395939086296
188,0.20908004778972522,0.6583034647550776,0.0,0.13261648745519714
189,0.19529837251356238,0.18264014466546113,0.6220614828209765,0.0
190,0.4507042253521127,0.0,0.11971830985915492,0.4295774647887324
191,0.26595744680851063,0.0,0.21808510638297873,0.5159574468085106
192,0.0965391621129326,0.0,0.17304189435336975,0.7304189435336976
193,0.11983471074380166,0.2396694214876033,0.640495867768595,0.0
194,0.24723247232472326,0.0,0.5448954489544895,0.2078720787207872
195,0.0,0.45543534260690366,0.49562081401339514,0.04894384337970119
196,0.0,0.13657770800627944,0.749345892203035,0.1140763997906855
197,0.3783505154639175,0.4845360824742268,0.0,0.13711340206185568
198,0.0,0.2209695603156708,0.7395715896279594,0.03945885005636979
199,0.5110410094637224,0.3801261829652997,0.0,0.10883280757097792
200,0.06105990783410138,0.7200460829493087,0.21889400921658986,0.0
201,0.4166666666666667,0.0,0.4722222222222222,0.1111111111111111
202,0.288135593220339,0.3728813559322034,0.0,0.3389830508474576
203,0.0,0.3872053872053872,0.5294612794612794,0.08333333333333333
204,0.25867861142217247,0.6914893617021277,0.0,0.04983202687569989
205,0.0336,0.704,0.2624,0.0
206,0.4392935982339956,0.0,0.2737306843267108,0.2869757174392936
207,0.0,0.03710353081986834,0.44105326152004787,0.5218432076600837
208,0.2092130518234165,0.0,0.42034548944337813,0.3704414587332054
209,0.35176651305683565,0.0,0.1597542242703533,0.48847926267281105
210,0.0,0.3054054054054054,0.4060810810810811,0.2885135135135135
211,0.07659574468085106,0.5404255319148936,0.3829787234042553,0.0
212,0.0,0.22571942446043167,0.41883992805755393,0.35544064748201437
213,0.15350877192982457,0.12134502923976608,0.7251461988304093,0.0
214,0.2558922558922559,0.0,0.037037037037037035,0.7070707070707071
215,0.21280853902601735,0.0,0.2835223482321548,0.5036691127418279
216,0.6416317194052612,0.24132672512390393,0.0,0.11704155547083492
217,0.06547208821502412,0.6905582356995176,0.2439696760854583,0.0
218,0.0,0.1683366733466934,0.48363393453573816,0.34802939211756845
219,0.250996015936255,0.4541832669322709,0.0,0.2948207171314741
220,0.0,0.5316455696202531,0.34177215189873417,0.12658227848101267
221,0.30293159609120524,0.0,0.3289902280130293,0.36807817589576547
222,0.0,0.20639032815198619,0.4835924006908463,0.31001727115716754
223,0.17545748116254037,0.0,0.3756727664155005,0.4488697524219591
224,0.35938827527612577,0.3848768054375531,0.0,0.25573491928632114
225,0.2696629213483146,0.3196004993757803,0.4107365792759051,0.0
226,0.36666666666666664,0.0,0.35185185185185186,0.2814814814814815
227,0.12292118582791034,0.0,0.5372378886478669,0.3398409255242227
228,0.0,0.43445378151260505,0.5554621848739496,0.010084033613445379
229,0.0,0.23546344271732872,0.6108232584916523,0.153713298791019
230,0.26476072094468617,0.5276569297700435,0.0,0.20758234928527036
231,0.0,0.20533333333333334,0.7173333333333334,0.07733333333333334
232,0.0,0.2924901185770751,0.5335968379446641,0.17391304347826086
233,0.06598182536546819,0.0,0.14816278150928486,0.785855393125247
234,0.33243787777031564,0.0,0.3700470114170584,0.29751511081262594
235,0.0,0.22257250945775536,0.3707440100882724,0.40668348045397223
236,0.7406749555950266,0.0,0.11604499703966845,0.14328004736530492
237,0.2696078431372549,0.380718954248366,0.34967320261437906,0.0
238,0.4225352112676056,0.18661971830985916,0.3908450704225352,0.0
239,0.07763401109057301,0.0,0.4584103512014787,0.46395563770794823
240,0.1780821917808219,0.025684931506849314,0.7962328767123288,0.0
241,0.4748062015503876,0.0,0.03875968992248062,0.48643410852713176
242,0.22913719943422914,0.0,0.1371994342291372,0.6336633663366337
243,0.06936416184971098,0.0,0.26878612716763006,0.661849710982659
244,0.09090909090909091,0.11688311688311688,0.7922077922077922,0.0
245,0.4276094276094276,0.4590347923681257,0.0,0.11335578002244669
246,0.0,0.4576659038901602,0.5225019069412662,0.019832189168573607
247,0.0,0.20638414969730326,0.7256466703357182,0.06796917996697853
248,0.504177545691906,0.32454308093994777,0.0,0.17127937336814622
249,0.2184931506849315,0.0,0.24315068493150685,0.5383561643835616
250,0.08333333333333333,0.35,0.5666666666666667,0.0
251,0.29172714078374457,0.6197387518142236,0.0,0.08853410740203194
252,0.0,0.3180428134556575,0.5695718654434251,0.11238532110091744
253,0.39146779993461917,0.5732265446224256,0.0,0.03530565544295521
254,0.060855784469096674,0.0,0.5080824088748019,0.43106180665610144
255,0.31529411764705884,0.21411764705882352,0.47058823529411764,0.0
256,0.462882096069869,0.0,0.26200873362445415,0.27510917030567683
257,0.18706697459584296,0.628175519630485,0.18475750577367206,0.0
258,0.3816793893129771,0.39541984732824426,0.0,0.22290076335877862
259,0.035443037974683546,0.7139240506329114,0.25063291139240507,0.0
260,0.3147482014388489,0.4550359712230216,0.0,0.2302158273381295
261,0.0,0.09692671394799054,0.7257683215130024,0.1773049645390071
262,0.1385390428211587,0.0,0.72544080604534,0.13602015113350127
263,0.27586206896551724,0.0,0.15804597701149425,0.5660919540229885
264,0.5225806451612903,0.3161290322580645,0.0,0.16129032258064516
265,0.12572533849129594,0.0,0.2862669245647969,0.5880077369439072
266,0.4621212121212121,0.0,0.10606060606060606,0.4318181818181818
267,0.6400425985090522,0.04046858359957402,0.0,0.3194888178913738
268,0.4782608695652174,0.0,0.3675889328063241,0.1541501976284585
269,0.0,0.14641288433382138,0.5739385065885798,0.2796486090775988
270,0.391304347826087,0.08695652173913043,0.0,0.5217391304347826
271,0.0,0.1951219512195122,0.5121951219512195,0.2926829268292683
272,0.10764430577223089,0.0,0.0374414976599064,0.8549141965678627
273,0.0,0.0364656381486676,0.40953716690042075,0.5539971949509116
274,0.10830324909747292,0.0,0.6389891696750902,0.2527075812274368
275,0.36318407960199006,0.24378109452736318,0.0,0.39303482587064675
276,0.16363636363636364,0.01090909090909091,0.0,0.8254545454545454
277,0.0334855403348554,0.0,0.9512937595129376,0.015220700152207
278,0.15739130434782608,0.7373913043478261,0.10521739130434783,0.0
279,0.5899255054984037,0.29407591344448386,0.0,0.11599858105711246
280,0.09438202247191012,0.7617977528089888,0.14382022471910114,0.0
281,0.2754098360655738,0.4397913561847988,0.0,0.2847988077496274
282,0.07920792079207921,0.42574257425742573,0.49504950495049505,0.0
283,0.0,0.030303030303030304,0.025974025974025976,0.9437229437229437
284,0.007575757575757576,0.9375,0.054924242424242424,0.0
285,0.056179775280898875,0.6629213483146067,0.2808988764044944,0.0
286,0.0,0.03794308537194209,0.026460309535696454,0.9355966050923614
287,0.009994739610731194,0.0,0.013677012098895318,0.9763282482903735
288,0.165,0.175,0.66,0.0
289,0.3051948051948052,0.14285714285714285,0.0,0.551948051948052
290,0.0,0.7400568181818182,0.2599431818181818,0.0
291,0.6672862453531598,0.024163568773234202,0.0,0.30855018587360594
292,0.1111111111111111,0.0,0.17354497354497356,0.7153439153439154
293,0.33433734939759036,0.4246987951807229,0.0,0.24096385542168675
294,0.0,0.7478787878787879,0.2509090909090909,0.0012121212121212121
295,0.3689839572192513,0.5508021390374331,0.0,0.08021390374331551
296,0.0,0.059782608695652176,0.7282608695652174,0.21195652173913043
297,0.26998491704374056,0.5580693815987934,0.0,0.17194570135746606
298,0.0,0.2556390977443609,0.24060150375939848,0.5037593984962406
299,0.16666666666666666,0.3333333333333333,0.5,0.0
300,0.7837837837837838,0.0,0.10810810810810811,0.10810810810810811
301,0.3695652173913043,0.17391304347826086,0.45652173913043476,0.0
302,0.15,0.0,0.275,0.575
303,0.46153846153846156,0.38461538461538464,0.15384615384615385,0.0
304,0.5,0.0,0.125,0.375
305,0.32142857142857145,0.14285714285714285,0.0,0.5357142857142857
306,0.375,0.0,0.5,0.125
307,0.0,0.3333333333333333,0.6666666666666666,0.0
308,0.0,0.0,0.0,1.0
309,0.0,0.0,0.5,0.5
310,0.6666666666666666,0.0,0.0,0.3333333333333333
311,0.3333333333333333,0.3333333333333333,0.3333333333333333,0.0
312,0.0,0.0,1.0,0.0
313,0.0,0.6666666666666666,0.0,0.3333333333333333
314,,,,
315,,,,
316,,,,
317,,,,
318,,,,
