,A,C,G,T
0,,,,
1,,,,
2,0.3380681818181818,0.5397727272727273,0.0,0.12215909090909091
3,0.6147540983606558,0.28688524590163933,0.0,0.09836065573770492
4,0.3836734693877551,0.42448979591836733,0.19183673469387755,0.0
5,0.44176706827309237,0.19678714859437751,0.0,0.3614457831325301
6,0.6029411764705882,0.0,0.31862745098039214,0.0784313725490196
7,0.0,0.13851351351351351,0.6283783783783784,0.23310810810810811
8,0.7137745974955277,0.17978533094812166,0.0,0.10644007155635063
9,0.0837138508371385,0.0,0.1248097412480974,0.791476407914764
10,0.3333333333333333,0.3333333333333333,0.3333333333333333,0.0
11,0.46938775510204084,0.24489795918367346,0.0,0.2857142857142857
12,0.1919191919191919,0.2474747474747475,0.0,0.5606060606060606
13,0.685,0.285,0.03,0.0
14,0.6015037593984962,0.12781954887218044,0.0,0.2706766917293233
15,0.08333333333333333,0.7196969696969697,0.0,0.19696969696969696
16,0.0,0.7391304347826086,0.15217391304347827,0.10869565217391304
17,0.7478260869565218,0.21159420289855072,0.0,0.04057971014492753
18,0.547945205479452,0.1780821917808219,0.273972602739726,0.0
19,0.2631578947368421,0.0,0.21052631578947367,0.5263157894736842
20,0.10940499040307101,0.29558541266794625,0.5950095969289827,0.0
21,0.26666666666666666,0.1,0.0,0.6333333333333333
22,0.1875,0.15625,0.0,0.65625
23,0.4766355140186916,0.2336448598130841,0.0,0.2897196261682243
24,0.07142857142857142,0.10714285714285714,0.0,0.8214285714285714
25,0.12195121951219512,0.2682926829268293,0.0,0.6097560975609756
26,0.0,0.3783783783783784,0.3027027027027027,0.31891891891891894
27,0.6141732283464567,0.3228346456692913,0.0,0.06299212598425197
28,0.5595567867036011,0.37950138504155123,0.0,0.060941828254847646
29,0.28112449799196787,0.0,0.37349397590361444,0.3453815261044177
30,0.05251141552511415,0.7671232876712328,0.18036529680365296,0.0
31,0.08,0.552,0.368,0.0
32,0.4503311258278146,0.4503311258278146,0.0,0.09933774834437085
33,0.7870722433460076,0.09125475285171103,0.0,0.12167300380228137
34,0.12219451371571072,0.7655860349127181,0.11221945137157108,0.0
35,0.0,0.2871883061049011,0.4350816852966466,0.27773000859845226
36,0.6807228915662651,0.0,0.25903614457831325,0.060240963855421686
37,0.0,0.3291139240506329,0.47468354430379744,0.1962025316455696
38,0.6787878787878788,0.21818181818181817,0.0,0.10303030303030303
39,0.2840909090909091,0.0,0.09090909090909091,0.625
40,0.2857142857142857,0.0,0.38571428571428573,0.32857142857142857
41,0.007017543859649123,0.04421052631578947,0.9487719298245614,0.0
42,0.2,0.2,0.0,0.6
43,0.15625,0.125,0.0,0.71875
44,0.5630252100840336,0.23529411764705882,0.0,0.20168067226890757
45,0.3235294117647059,0.19607843137254902,0.0,0.4803921568627451
46,0.8490566037735849,0.04245283018867924,0.0,0.10849056603773585
47,0.25,0.3,0.0,0.45
48,0.057971014492753624,0.2463768115942029,0.6956521739130435,0.0
49,0.4358974358974359,0.0,0.3076923076923077,0.2564102564102564
50,0.4028776978417266,0.0,0.17266187050359713,0.4244604316546763
51,0.4,0.0,0.325,0.275
52,0.03571428571428571,0.15476190476190477,0.8095238095238095,0.0
53,0.5581395348837209,0.25,0.0,0.19186046511627908
54,0.0,0.7135135135135136,0.20540540540540542,0.08108108108108109
55,0.3006993006993007,0.5664335664335665,0.0,0.13286713286713286
56,0.0,0.6013986013986014,0.2867132867132867,0.11188811188811189
57,0.4074074074074074,0.0,0.43209876543209874,0.16049382716049382
58,0.06666666666666667,0.5733333333333334,0.36,0.0
59,0.09696969696969697,0.0,0.6606060606060606,0.24242424242424243
60,0.22289156626506024,0.41566265060240964,0.3614457831325301,0.0
61,0.5185185185185185,0.0,0.18518518518518517,0.2962962962962963
62,0.3317757009345794,0.0,0.21962616822429906,0.4485981308411215
63,0.05714285714285714,0.22857142857142856,0.7142857142857143,0.0
64,0.13636363636363635,0.22727272727272727,0.0,0.6363636363636364
65,0.004739336492890996,0.8625592417061612,0.13270142180094788,0.0
66,0.6313131313131313,0.045454545454545456,0.0,0.32323232323232326
67,0.29955947136563876,0.0,0.09140969162995595,0.6090308370044053
68,0.0,0.1892744479495268,0.5709779179810726,0.23974763406940064
69,0.7700348432055749,0.0627177700348432,0.0,0.1672473867595819
70,0.08226221079691516,0.0,0.40359897172236503,0.5141388174807198
71,0.17142857142857143,0.0,0.5238095238095238,0.3047619047619048
72,0.20253164556962025,0.33544303797468356,0.4620253164556962,0.0
73,0.39622641509433965,0.0,0.18867924528301888,0.41509433962264153
74,0.17037037037037037,0.48148148148148145,0.34814814814814815,0.0
75,0.6,0.16363636363636364,0.0,0.23636363636363636
76,0.6475409836065574,0.11475409836065574,0.0,0.23770491803278687
77,0.0,0.4642857142857143,0.38839285714285715,0.14732142857142858
78,0.391304347826087,0.3961352657004831,0.21256038647342995,0.0
79,0.17894736842105263,0.5368421052631579,0.28421052631578947,0.0
80,0.19805194805194806,0.0,0.045454545454545456,0.7564935064935064
81,0.0,0.45692307692307693,0.3769230769230769,0.16615384615384615
82,0.23688663282571912,0.0,0.4263959390862944,0.33671742808798644
83,0.11510791366906475,0.0,0.2633093525179856,0.6215827338129496
84,0.13450292397660818,0.6754385964912281,0.19005847953216373,0.0
85,0.1016949152542373,0.5254237288135594,0.3728813559322034,0.0
86,0.09523809523809523,0.0,0.09297052154195011,0.8117913832199547
87,0.0,0.3141683778234086,0.45790554414784396,0.22792607802874743
88,0.5630810092961488,0.32669322709163345,0.0,0.1102257636122178
89,0.2602739726027397,0.4257990867579909,0.3139269406392694,0.0
90,0.0,0.1447861965491373,0.6451612903225806,0.21005251312828208
91,0.42816209578387227,0.45354072861236183,0.0,0.11829717560376586
92,0.1814859926918392,0.0,0.05602923264311815,0.7624847746650426
93,0.1989795918367347,0.6615646258503401,0.13945578231292516,0.0
94,0.0,0.3970037453183521,0.14232209737827714,0.4606741573033708
95,0.08,0.8288,0.0912,0.0
96,0.0,0.20747295968534907,0.6263520157325467,0.16617502458210423
97,0.4745762711864407,0.4745762711864407,0.0,0.05084745762711865
98,0.07083333333333333,0.0,0.153125,0.7760416666666666
99,0.0,0.4040920716112532,0.1918158567774936,0.4040920716112532
100,0.05263157894736842,0.2894736842105263,0.6578947368421053,0.0
101,0.41304347826086957,0.391304347826087,0.0,0.1956521739130435
102,0.0,0.5402750491159135,0.37721021611001965,0.0825147347740668
103,0.0,0.3954802259887006,0.4279661016949153,0.1765536723163842
104,0.08513513513513514,0.0,0.0945945945945946,0.8202702702702702
105,0.06060606060606061,0.3939393939393939,0.5454545454545454,0.0
106,0.15384615384615385,0.15384615384615385,0.0,0.6923076923076923
107,0.19230769230769232,0.15384615384615385,0.0,0.6538461538461539
108,0.35051546391752575,0.17010309278350516,0.0,0.4793814432989691
109,0.023255813953488372,0.6744186046511628,0.3023255813953488,0.0
110,0.4067796610169492,0.0,0.15254237288135594,0.4406779661016949
111,0.4888888888888889,0.0,0.2222222222222222,0.28888888888888886
112,0.3684210526315789,0.2631578947368421,0.0,0.3684210526315789
113,0.152317880794702,0.0,0.5231788079470199,0.32450331125827814
114,0.5581395348837209,0.0,0.13953488372093023,0.3023255813953488
115,0.0,0.3225806451612903,0.3548387096774194,0.3225806451612903
116,0.6326530612244898,0.12244897959183673,0.0,0.24489795918367346
117,0.6904109589041096,0.136986301369863,0.0,0.1726027397260274
118,0.05263157894736842,0.0,0.3233082706766917,0.6240601503759399
119,0.11282051282051282,0.7025641025641025,0.18461538461538463,0.0
120,0.19230769230769232,0.0,0.5384615384615384,0.2692307692307692
121,0.7307692307692307,0.0,0.07692307692307693,0.19230769230769232
122,0.0,0.35144927536231885,0.4927536231884058,0.15579710144927536
123,0.43478260869565216,0.17391304347826086,0.0,0.391304347826087
124,0.3466666666666667,0.36,0.0,0.29333333333333333
125,0.50199203187251,0.2589641434262948,0.0,0.23904382470119523
126,0.0,0.37209302325581395,0.5872093023255814,0.040697674418604654
127,0.0,0.17406143344709898,0.7201365187713311,0.10580204778156997
128,0.5053763440860215,0.043010752688172046,0.0,0.45161290322580644
129,0.4787234042553192,0.0851063829787234,0.0,0.43617021276595747
130,0.28865979381443296,0.15463917525773196,0.0,0.5567010309278351
131,0.6454183266932271,0.16201859229747675,0.0,0.19256308100929614
132,0.2261904761904762,0.0,0.375,0.39880952380952384
133,0.06451612903225806,0.6129032258064516,0.3225806451612903,0.0
134,0.5313807531380753,0.09205020920502092,0.0,0.37656903765690375
135,0.1836734693877551,0.5612244897959183,0.0,0.25510204081632654
136,0.0,0.13043478260869565,0.7391304347826086,0.13043478260869565
137,0.7339246119733924,0.057649667405764965,0.0,0.20842572062084258
138,0.08888888888888889,0.18518518518518517,0.725925925925926,0.0
139,0.25842696629213485,0.10674157303370786,0.0,0.6348314606741573
140,0.13106796116504854,0.44660194174757284,0.0,0.4223300970873786
141,0.6758241758241759,0.2957042957042957,0.0,0.028471528471528472
142,0.10784313725490197,0.19607843137254902,0.696078431372549,0.0
143,0.09570957095709572,0.6914191419141914,0.21287128712871287,0.0
144,0.03225806451612903,0.014336917562724014,0.953405017921147,0.0
145,0.41228070175438597,0.0,0.4824561403508772,0.10526315789473684
146,0.0,0.2926391382405745,0.41651705565529623,0.29084380610412924
147,0.25961538461538464,0.4673076923076923,0.27307692307692305,0.0
148,0.0,0.345718901453958,0.13408723747980614,0.5201938610662359
149,0.07973102785782901,0.0,0.05859750240153699,0.861671469740634
150,0.0,0.3446327683615819,0.519774011299435,0.13559322033898305
151,0.1218274111675127,0.17766497461928935,0.700507614213198,0.0
152,0.22529644268774704,0.6271409749670619,0.14756258234519104,0.0
153,0.0,0.2474437627811861,0.623721881390593,0.12883435582822086
154,0.4541015625,0.45703125,0.0,0.0888671875
155,0.21638141809290953,0.530562347188264,0.2530562347188264,0.0
156,0.0,0.20747520976353928,0.6918382913806255,0.10068649885583524
157,0.32092198581560283,0.5079787234042553,0.0,0.17109929078014185
158,0.30657748049052397,0.47045707915273133,0.2229654403567447,0.0
159,0.0,0.11235059760956176,0.7864541832669323,0.10119521912350597
160,0.3938019652305367,0.4965986394557823,0.0,0.10959939531368103
161,0.28199566160520606,0.5032537960954447,0.21475054229934923,0.0
162,0.0,0.06727629000653168,0.8367080339647289,0.09601567602873938
163,0.2623762376237624,0.5693069306930693,0.0,0.16831683168316833
164,0.14177489177489178,0.5952380952380952,0.262987012987013,0.0
165,0.0,0.16086350974930363,0.6928969359331476,0.14623955431754876
166,0.4403292181069959,0.46296296296296297,0.0,0.09670781893004116
167,0.3181377303588749,0.3947623666343356,0.2870999030067895,0.0
168,0.0,0.394919168591224,0.3772132409545804,0.22786759045419552
169,0.3597269624573379,0.0,0.2757679180887372,0.36450511945392494
170,0.2650957290132548,0.0,0.29896907216494845,0.43593519882179677
171,0.0,0.11032863849765258,0.636150234741784,0.2535211267605634
172,0.2722371967654987,0.531895777178796,0.1958670260557053,0.0
173,0.0,0.36524453694068676,0.34963579604578565,0.2851196670135276
174,0.3235294117647059,0.4372549019607843,0.23921568627450981,0.0
175,0.0,0.25853658536585367,0.16747967479674797,0.5739837398373984
176,0.05178571428571429,0.0,0.16339285714285715,0.7848214285714286
177,0.22653721682847897,0.2588996763754045,0.5145631067961165,0.0
178,0.0,0.45374449339207046,0.1894273127753304,0.3568281938325991
179,0.03314121037463977,0.0,0.03170028818443804,0.9351585014409222
180,0.5642317380352645,0.07304785894206549,0.0,0.36272040302267
181,0.2814569536423841,0.0,0.33774834437086093,0.38079470198675497
182,0.0,0.3069544364508393,0.4460431654676259,0.24700239808153476
183,0.4563106796116505,0.2815533980582524,0.0,0.2621359223300971
184,0.0,0.40131578947368424,0.506578947368421,0.09210526315789473
185,0.28405797101449276,0.0,0.35942028985507246,0.3565217391304348
186,0.13733905579399142,0.21030042918454936,0.6523605150214592,0.0
187,0.18309859154929578,0.0,0.16901408450704225,0.647887323943662
188,0.3438485804416404,0.3943217665615142,0.2618296529968454,0.0
189,0.43457943925233644,0.3130841121495327,0.0,0.2523364485981308
190,0.09917355371900827,0.3140495867768595,0.5867768595041323,0.0
191,0.47,0.22,0.0,0.31
192,0.0,0.47733333333333333,0.496,0.02666666666666667
193,0.0,0.07547169811320754,0.8936535162950258,0.030874785591766724
194,0.22077922077922077,0.2597402597402597,0.0,0.5194805194805194
195,0.29,0.21,0.0,0.5
196,0.5483870967741935,0.0967741935483871,0.0,0.3548387096774194
197,0.4247787610619469,0.0,0.30973451327433627,0.26548672566371684
198,0.5076923076923077,0.0,0.2923076923076923,0.2
199,0.423728813559322,0.11864406779661017,0.0,0.4576271186440678
200,0.0,0.5539112050739958,0.39323467230443976,0.052854122621564484
201,0.25,0.2894736842105263,0.4605263157894737,0.0
202,0.13580246913580246,0.41975308641975306,0.4444444444444444,0.0
203,0.4330708661417323,0.0,0.08661417322834646,0.48031496062992124
204,0.0,0.12578616352201258,0.31446540880503143,0.559748427672956
205,0.09944751381215469,0.0,0.2569060773480663,0.643646408839779
206,0.25,0.0,0.25,0.5
207,0.0,0.02901023890784983,0.9300341296928327,0.040955631399317405
208,0.1262135922330097,0.529126213592233,0.3446601941747573,0.0
209,0.17094017094017094,0.0,0.1737891737891738,0.6552706552706553
210,0.2389937106918239,0.15723270440251572,0.6037735849056604,0.0
211,0.4174757281553398,0.0,0.11650485436893204,0.46601941747572817
212,0.2840909090909091,0.0,0.19318181818181818,0.5227272727272727
213,0.0,0.48,0.464,0.056
214,0.6617647058823529,0.11764705882352941,0.0,0.22058823529411764
215,0.0,0.1407942238267148,0.7906137184115524,0.06859205776173286
216,0.7710843373493976,0.12048192771084337,0.0,0.10843373493975904
217,0.0,0.30303030303030304,0.5454545454545454,0.15151515151515152
218,0.3888888888888889,0.0,0.14444444444444443,0.4666666666666667
219,0.0,0.08518518518518518,0.8481481481481481,0.06666666666666667
220,0.0,0.2907801418439716,0.6382978723404256,0.07092198581560284
221,0.0,0.0,0.0,1.0
222,0.4837758112094395,0.13569321533923304,0.0,0.3805309734513274
223,0.31724137931034485,0.0,0.2689655172413793,0.41379310344827586
224,0.3793103448275862,0.0,0.45977011494252873,0.16091954022988506
225,0.0,0.3375,0.6458333333333334,0.016666666666666666
226,0.0,0.06355140186915888,0.9102803738317757,0.026168224299065422
227,0.4570446735395189,0.3917525773195876,0.0,0.15120274914089346
228,0.0,0.16778523489932887,0.8087248322147651,0.02348993288590604
229,0.0,0.1937799043062201,0.7488038277511961,0.05741626794258373
230,0.04476190476190476,0.0,0.33904761904761904,0.6161904761904762
231,0.5570032573289903,0.03257328990228013,0.41042345276872966,0.0
232,0.1509433962264151,0.0,0.07547169811320754,0.7735849056603774
233,0.0,0.2939521800281294,0.3291139240506329,0.3769338959212377
234,0.08377659574468085,0.0,0.5292553191489362,0.386968085106383
235,0.1509433962264151,0.3018867924528302,0.5471698113207547,0.0
236,0.37209302325581395,0.4043927648578811,0.0,0.2235142118863049
237,0.26618705035971224,0.45323741007194246,0.2805755395683453,0.0
238,0.0,0.20019342359767892,0.033849129593810444,0.7659574468085106
239,0.06315789473684211,0.6421052631578947,0.29473684210526313,0.0
240,0.07142857142857142,0.0,0.06349206349206349,0.8650793650793651
241,0.12121212121212122,0.19696969696969696,0.6818181818181818,0.0
242,0.5604395604395604,0.3120879120879121,0.0,0.12747252747252746
243,0.1917808219178082,0.0,0.7579908675799086,0.0502283105022831
244,0.0,0.046875,0.640625,0.3125
245,0.0,0.2552845528455285,0.6845528455284553,0.06016260162601626
246,0.0,0.47419354838709676,0.2709677419354839,0.25483870967741934
247,0.0641025641025641,0.20512820512820512,0.7307692307692307,0.0
248,0.34782608695652173,0.4,0.0,0.25217391304347825
249,0.0,0.15789473684210525,0.7165991902834008,0.12550607287449392
250,0.0,0.23865546218487396,0.6991596638655462,0.06218487394957983
251,0.13450292397660818,0.0,0.195906432748538,0.6695906432748538
252,0.0,0.19344262295081968,0.6918032786885245,0.11475409836065574
253,0.6728723404255319,0.2154255319148936,0.0,0.11170212765957446
254,0.12534059945504086,0.0,0.08719346049046321,0.7874659400544959
255,0.0782608695652174,0.0,0.33043478260869563,0.591304347826087
256,0.09782608695652174,0.2608695652173913,0.6413043478260869,0.0
257,0.44755244755244755,0.4125874125874126,0.0,0.13986013986013987
258,0.0,0.47191011235955055,0.49812734082397003,0.0299625468164794
259,0.2600896860986547,0.6143497757847534,0.0,0.12556053811659193
260,0.0,0.45614035087719296,0.3713450292397661,0.17251461988304093
261,0.3817427385892116,0.5477178423236515,0.0,0.07053941908713693
262,0.010954616588419406,0.0,0.162754303599374,0.8262910798122066
263,0.1724137931034483,0.0,0.26436781609195403,0.5632183908045977
264,0.5102040816326531,0.22448979591836735,0.0,0.2653061224489796
265,0.0,0.2328767123287671,0.7123287671232876,0.0547945205479452
266,0.3618181818181818,0.5590909090909091,0.0,0.07909090909090909
267,0.2777777777777778,0.0,0.0,0.7222222222222222
268,0.0,0.35294117647058826,0.5294117647058824,0.11764705882352941
269,0.34558823529411764,0.0,0.10294117647058823,0.5514705882352942
270,0.0,0.04878048780487805,0.4695121951219512,0.4817073170731707
271,0.175,0.0,0.225,0.6
272,0.5161290322580645,0.2903225806451613,0.0,0.1935483870967742
273,0.3684210526315789,0.10526315789473684,0.0,0.5263157894736842
274,0.05357142857142857,0.0,0.8928571428571429,0.05357142857142857
275,0.11904761904761904,0.7291666666666666,0.15178571428571427,0.0
276,0.5399515738498789,0.3619854721549637,0.0,0.09806295399515738
277,0.14285714285714285,0.5934065934065934,0.26373626373626374,0.0
278,0.35968527538403894,0.35556388160359687,0.0,0.2847508430123642
279,0.2727272727272727,0.09090909090909091,0.6363636363636364,0.0
280,0.0,0.11363636363636363,0.18181818181818182,0.7045454545454546
281,0.006756756756756757,0.9054054054054054,0.08783783783783784,0.0
282,0.012345679012345678,0.691358024691358,0.2962962962962963,0.0
283,0.0,0.018518518518518517,0.025252525252525252,0.9562289562289562
284,0.01744186046511628,0.0,0.009302325581395349,0.9732558139534884
285,0.05952380952380952,0.2976190476190476,0.6428571428571429,0.0
286,0.3114754098360656,0.11475409836065574,0.0,0.5737704918032787
287,0.0,0.6802030456852792,0.3197969543147208,0.0
288,0.680952380952381,0.07142857142857142,0.0,0.24761904761904763
289,0.04817275747508306,0.0,0.0681063122923588,0.8837209302325582
290,0.49411764705882355,0.17058823529411765,0.0,0.3352941176470588
291,0.0,0.5146443514644351,0.48535564853556484,0.0
292,0.4426229508196721,0.3879781420765027,0.0,0.16939890710382513
293,0.0,0.13043478260869565,0.7246376811594203,0.14492753623188406
294,0.609375,0.21875,0.0,0.171875
295,0.0,0.4583333333333333,0.4305555555555556,0.1111111111111111
296,0.18181818181818182,0.5636363636363636,0.2545454545454545,0.0
297,0.2786885245901639,0.0,0.4262295081967213,0.29508196721311475
298,0.17647058823529413,0.39215686274509803,0.43137254901960786,0.0
299,0.0,0.0,0.18181818181818182,0.8181818181818182
300,0.2,0.4,0.4,0.0
301,0.0,0.0,0.6666666666666666,0.3333333333333333
302,0.0,0.6666666666666666,0.0,0.3333333333333333
303,0.0,0.0,0.5,0.5
304,,,,
305,,,,
306,0.0,1.0,0.0,0.0
307,,,,
308,,,,
309,,,,
310,,,,
311,,,,
312,,,,
313,,,,
314,,,,
315,,,,
