,A,C,G,T
0,,,,
1,,,,
2,0.875,0.125,0.0,0.0
3,0.14285714285714285,0.8571428571428571,0.0,0.0
4,0.3076923076923077,0.6730769230769231,0.019230769230769232,0.0
5,0.32,0.6,0.0,0.08
6,0.4,0.0,0.3,0.3
7,0.0,0.8571428571428571,0.09523809523809523,0.047619047619047616
8,0.5131578947368421,0.14473684210526316,0.0,0.34210526315789475
9,0.0,0.0,0.037037037037037035,0.9629629629629629
10,,,,
11,0.36363636363636365,0.09090909090909091,0.0,0.5454545454545454
12,0.125,0.375,0.0,0.5
13,0.0,1.0,0.0,0.0
14,0.25,0.25,0.0,0.5
15,0.0,1.0,0.0,0.0
16,0.0,0.4,0.6,0.0
17,0.6666666666666666,0.26666666666666666,0.0,0.06666666666666667
18,0.0,1.0,0.0,0.0
19,1.0,0.0,0.0,0.0
20,0.03333333333333333,0.03333333333333333,0.9333333333333333,0.0
21,0.0,0.5,0.0,0.5
22,0.0,0.0,0.0,1.0
23,1.0,0.0,0.0,0.0
24,0.0,1.0,0.0,0.0
25,0.0,0.3333333333333333,0.0,0.6666666666666666
26,0.0,1.0,0.0,0.0
27,0.25,0.5,0.0,0.25
28,0.5555555555555556,0.1111111111111111,0.0,0.3333333333333333
29,0.5,0.0,0.0,0.5
30,1.0,0.0,0.0,0.0
31,0.4,0.4,0.2,0.0
32,0.8,0.1,0.0,0.1
33,0.6,0.0,0.0,0.4
34,0.0,0.4,0.6,0.0
35,0.0,0.0,0.8,0.2
36,1.0,0.0,0.0,0.0
37,0.0,0.16666666666666666,0.16666666666666666,0.6666666666666666
38,0.2,0.4,0.0,0.4
39,0.3333333333333333,0.0,0.0,0.6666666666666666
40,1.0,0.0,0.0,0.0
41,0.5,0.125,0.375,0.0
42,0.0,0.3333333333333333,0.0,0.6666666666666666
43,1.0,0.0,0.0,0.0
44,0.5714285714285714,0.07142857142857142,0.0,0.35714285714285715
45,0.0,0.28125,0.65625,0.0625
46,0.6071428571428571,0.35714285714285715,0.0,0.03571428571428571
47,0.6666666666666666,0.16666666666666666,0.0,0.16666666666666666
48,0.0,0.0,1.0,0.0
49,0.5,0.0,0.5,0.0
50,0.6060606060606061,0.0,0.15151515151515152,0.24242424242424243
51,0.125,0.0,0.25,0.625
52,0.0,0.0,1.0,0.0
53,0.25,0.6666666666666666,0.0,0.08333333333333333
54,0.0,0.8571428571428571,0.14285714285714285,0.0
55,0.13793103448275862,0.8620689655172413,0.0,0.0
56,0.0,0.46511627906976744,0.5116279069767442,0.023255813953488372
57,0.19047619047619047,0.0,0.6190476190476191,0.19047619047619047
58,0.25,0.75,0.0,0.0
59,0.13333333333333333,0.0,0.8,0.06666666666666667
60,0.25,0.4375,0.3125,0.0
61,0.4,0.0,0.4,0.2
62,0.2857142857142857,0.0,0.38095238095238093,0.3333333333333333
63,0.0,0.3333333333333333,0.6666666666666666,0.0
64,0.5,0.0,0.0,0.5
65,0.0,0.5555555555555556,0.4444444444444444,0.0
66,0.5,0.2222222222222222,0.0,0.2777777777777778
67,0.7391304347826086,0.0,0.028985507246376812,0.2318840579710145
68,0.0,0.2222222222222222,0.5555555555555556,0.2222222222222222
69,0.8571428571428571,0.0,0.0,0.14285714285714285
70,0.018867924528301886,0.0,0.20754716981132076,0.7735849056603774
71,0.625,0.0,0.0,0.375
72,0.18181818181818182,0.2727272727272727,0.5454545454545454,0.0
73,0.0,0.0,1.0,0.0
74,0.06896551724137931,0.7931034482758621,0.13793103448275862,0.0
75,0.5,0.375,0.0,0.125
76,0.5,0.25,0.0,0.25
77,0.0,0.024390243902439025,0.17073170731707318,0.8048780487804879
78,0.2,0.7,0.1,0.0
79,0.2,0.6,0.2,0.0
80,0.0,0.0,0.5714285714285714,0.42857142857142855
81,0.0,0.6515151515151515,0.3181818181818182,0.030303030303030304
82,0.19047619047619047,0.0,0.49523809523809526,0.3142857142857143
83,0.24242424242424243,0.0,0.2727272727272727,0.48484848484848486
84,0.2727272727272727,0.5454545454545454,0.18181818181818182,0.0
85,0.14285714285714285,0.42857142857142855,0.42857142857142855,0.0
86,0.1111111111111111,0.0,0.5555555555555556,0.3333333333333333
87,0.0,0.1935483870967742,0.6774193548387096,0.12903225806451613
88,0.48484848484848486,0.21212121212121213,0.0,0.30303030303030304
89,0.21875,0.6458333333333334,0.13541666666666666,0.0
90,0.0,0.49056603773584906,0.3584905660377358,0.1509433962264151
91,0.4794520547945205,0.15753424657534246,0.0,0.363013698630137
92,0.040983606557377046,0.0,0.3360655737704918,0.6229508196721312
93,0.13043478260869565,0.7391304347826086,0.13043478260869565,0.0
94,0.0,0.03389830508474576,0.01694915254237288,0.9491525423728814
95,0.125,0.75,0.125,0.0
96,0.6666666666666666,0.2916666666666667,0.0,0.041666666666666664
97,0.42105263157894735,0.21052631578947367,0.0,0.3684210526315789
98,0.7,0.0,0.2125,0.0875
99,0.0,0.5471698113207547,0.1509433962264151,0.3018867924528302
100,0.0,1.0,0.0,0.0
101,0.3148148148148148,0.46296296296296297,0.0,0.2222222222222222
102,0.24074074074074073,0.0,0.6111111111111112,0.14814814814814814
103,0.0,1.0,0.0,0.0
104,0.1864406779661017,0.0,0.4406779661016949,0.3728813559322034
105,0.0,0.5,0.5,0.0
106,0.0,0.5,0.0,0.5
107,0.0,1.0,0.0,0.0
108,0.24074074074074073,0.6851851851851852,0.0,0.07407407407407407
109,0.0,0.0,1.0,0.0
110,0.17647058823529413,0.0,0.0,0.8235294117647058
111,0.0,0.0,1.0,0.0
112,0.0,1.0,0.0,0.0
113,0.125,0.0,0.125,0.75
114,0.0,0.0,0.5,0.5
115,0.0,0.3333333333333333,0.5,0.16666666666666666
116,,,,
117,0.5384615384615384,0.15384615384615385,0.0,0.3076923076923077
118,0.2857142857142857,0.0,0.5714285714285714,0.14285714285714285
119,0.5,0.42857142857142855,0.07142857142857142,0.0
120,0.3333333333333333,0.0,0.3333333333333333,0.3333333333333333
121,1.0,0.0,0.0,0.0
122,0.0,0.4444444444444444,0.4444444444444444,0.1111111111111111
123,0.0,1.0,0.0,0.0
124,1.0,0.0,0.0,0.0
125,0.18181818181818182,0.0,0.8181818181818182,0.0
126,0.0,0.6666666666666666,0.3333333333333333,0.0
127,0.0,0.0,0.8888888888888888,0.1111111111111111
128,0.0,0.25,0.0,0.75
129,0.125,0.375,0.0,0.5
130,0.0,0.0,0.0,1.0
131,0.32038834951456313,0.5728155339805825,0.0,0.10679611650485436
132,0.13333333333333333,0.0,0.6666666666666666,0.2
133,0.0,0.35714285714285715,0.6428571428571429,0.0
134,0.0,0.018867924528301886,0.7610062893081762,0.22012578616352202
135,0.16666666666666666,0.3333333333333333,0.0,0.5
136,0.0,0.0,0.8823529411764706,0.11764705882352941
137,0.7037037037037037,0.07407407407407407,0.0,0.2222222222222222
138,0.3,0.0,0.7,0.0
139,0.0,0.2,0.0,0.8
140,0.08333333333333333,0.25,0.0,0.6666666666666666
141,0.1724137931034483,0.3103448275862069,0.0,0.5172413793103449
142,0.09090909090909091,0.45454545454545453,0.45454545454545453,0.0
143,0.14285714285714285,0.6428571428571429,0.0,0.21428571428571427
144,0.6,0.06666666666666667,0.0,0.3333333333333333
145,0.21739130434782608,0.0,0.6521739130434783,0.13043478260869565
146,0.0,0.22413793103448276,0.1724137931034483,0.603448275862069
147,0.22549019607843138,0.5588235294117647,0.0,0.21568627450980393
148,0.16666666666666666,0.375,0.4583333333333333,0.0
149,0.2638888888888889,0.4027777777777778,0.3333333333333333,0.0
150,0.0,0.631578947368421,0.2631578947368421,0.10526315789473684
151,0.2,0.4,0.4,0.0
152,0.0,0.14184397163120568,0.09929078014184398,0.7588652482269503
153,0.32,0.04,0.64,0.0
154,0.2727272727272727,0.0,0.09090909090909091,0.6363636363636364
155,0.0,0.20253164556962025,0.3037974683544304,0.4936708860759494
156,0.27956989247311825,0.6451612903225806,0.07526881720430108,0.0
157,0.0,0.6111111111111112,0.06944444444444445,0.3194444444444444
158,0.37142857142857144,0.3142857142857143,0.3142857142857143,0.0
159,0.7058823529411765,0.058823529411764705,0.0,0.23529411764705882
160,0.0,0.4117647058823529,0.29411764705882354,0.29411764705882354
161,0.1891891891891892,0.6216216216216216,0.1891891891891892,0.0
162,0.3333333333333333,0.4166666666666667,0.0,0.25
163,0.36666666666666664,0.43333333333333335,0.0,0.2
164,0.0,0.5238095238095238,0.38095238095238093,0.09523809523809523
165,0.0,0.4020618556701031,0.3917525773195876,0.20618556701030927
166,0.5801526717557252,0.35877862595419846,0.0,0.061068702290076333
167,0.5461538461538461,0.3384615384615385,0.11538461538461539,0.0
168,0.0,0.31746031746031744,0.47619047619047616,0.20634920634920634
169,0.0,0.5633802816901409,0.28169014084507044,0.15492957746478872
170,0.42028985507246375,0.21739130434782608,0.36231884057971014,0.0
171,0.0,0.20481927710843373,0.3493975903614458,0.4457831325301205
172,0.0,0.6698113207547169,0.09433962264150944,0.2358490566037736
173,0.0,0.14285714285714285,0.42857142857142855,0.42857142857142855
174,0.3448275862068966,0.20689655172413793,0.4482758620689655,0.0
175,0.0,0.1016949152542373,0.1694915254237288,0.7288135593220338
176,0.1702127659574468,0.0,0.031914893617021274,0.7978723404255319
177,0.07692307692307693,0.46153846153846156,0.46153846153846156,0.0
178,0.0,0.14285714285714285,0.0,0.8571428571428571
179,0.05128205128205128,0.0,0.1794871794871795,0.7692307692307693
180,0.2786885245901639,0.01639344262295082,0.0,0.7049180327868853
181,0.15384615384615385,0.0,0.2564102564102564,0.5897435897435898
182,0.0,0.45652173913043476,0.43478260869565216,0.10869565217391304
183,0.42857142857142855,0.14285714285714285,0.0,0.42857142857142855
184,0.0,0.35714285714285715,0.5,0.14285714285714285
185,0.1875,0.0,0.0625,0.75
186,0.5,0.25,0.25,0.0
187,0.5,0.0,0.0,0.5
188,0.6842105263157895,0.0,0.05263157894736842,0.2631578947368421
189,0.375,0.125,0.0,0.5
190,0.09090909090909091,0.18181818181818182,0.7272727272727273,0.0
191,0.25,0.25,0.0,0.5
192,0.0,0.45454545454545453,0.5454545454545454,0.0
193,0.0,0.14285714285714285,0.8571428571428571,0.0
194,0.3333333333333333,0.0,0.0,0.6666666666666666
195,0.2857142857142857,0.0,0.0,0.7142857142857143
196,0.5,0.0,0.0,0.5
197,0.375,0.0,0.125,0.5
198,0.8,0.0,0.2,0.0
199,0.0,0.0,0.0,1.0
200,0.0,0.5,0.5,0.0
201,0.1111111111111111,0.6666666666666666,0.2222222222222222,0.0
202,0.0,0.5,0.5,0.0
203,0.4,0.0,0.2,0.4
204,0.0,0.21428571428571427,0.21428571428571427,0.5714285714285714
205,0.0,0.0,0.5263157894736842,0.47368421052631576
206,0.8,0.0,0.0,0.2
207,0.0,0.125,0.859375,0.015625
208,0.18181818181818182,0.18181818181818182,0.6363636363636364,0.0
209,0.0625,0.0,0.5625,0.375
210,0.0,0.5,0.5,0.0
211,,,,
212,0.5,0.0,0.25,0.25
213,0.0,0.0,1.0,0.0
214,0.7272727272727273,0.09090909090909091,0.0,0.18181818181818182
215,0.0,0.09523809523809523,0.9047619047619048,0.0
216,0.0,0.0,0.0,1.0
217,0.0,1.0,0.0,0.0
218,0.2,0.0,0.2,0.6
219,0.0,0.0,0.9047619047619048,0.09523809523809523
220,0.0,0.75,0.1875,0.0625
221,0.0,0.9230769230769231,0.07692307692307693,0.0
222,0.037037037037037035,0.2222222222222222,0.7407407407407407,0.0
223,0.14285714285714285,0.0,0.42857142857142855,0.42857142857142855
224,0.07142857142857142,0.0,0.35714285714285715,0.5714285714285714
225,0.0,0.45454545454545453,0.5,0.045454545454545456
226,0.0,0.23684210526315788,0.7105263157894737,0.05263157894736842
227,0.5147058823529411,0.4264705882352941,0.0,0.058823529411764705
228,0.0,0.05084745762711865,0.9322033898305084,0.01694915254237288
229,0.0,0.23809523809523808,0.7619047619047619,0.0
230,0.043859649122807015,0.0,0.043859649122807015,0.9122807017543859
231,0.0,0.0784313725490196,0.803921568627451,0.11764705882352941
232,0.034482758620689655,0.10344827586206896,0.0,0.8620689655172413
233,0.32926829268292684,0.2926829268292683,0.0,0.3780487804878049
234,0.15,0.0,0.28,0.57
235,0.2,0.4,0.4,0.0
236,0.45614035087719296,0.43859649122807015,0.0,0.10526315789473684
237,0.09090909090909091,0.36363636363636365,0.5454545454545454,0.0
238,0.0,0.4608695652173913,0.02608695652173913,0.5130434782608696
239,0.0,0.9166666666666666,0.08333333333333333,0.0
240,0.2857142857142857,0.0,0.35714285714285715,0.35714285714285715
241,0.0,0.0,1.0,0.0
242,0.43902439024390244,0.2682926829268293,0.0,0.2926829268292683
243,0.03278688524590164,0.0,0.9016393442622951,0.06557377049180328
244,0.0,0.047619047619047616,0.8095238095238095,0.14285714285714285
245,0.0,0.20689655172413793,0.6896551724137931,0.10344827586206896
246,0.0,0.2222222222222222,0.7037037037037037,0.07407407407407407
247,0.0,0.42857142857142855,0.5714285714285714,0.0
248,0.25,0.25,0.0,0.5
249,0.0,0.0,0.9565217391304348,0.043478260869565216
250,0.0,0.7846153846153846,0.2,0.015384615384615385
251,0.0,0.0,0.3333333333333333,0.6666666666666666
252,0.0,0.11764705882352941,0.6470588235294118,0.23529411764705882
253,0.7816091954022989,0.19540229885057472,0.0,0.022988505747126436
254,0.37142857142857144,0.0,0.34285714285714286,0.2857142857142857
255,0.0,0.0,0.3125,0.6875
256,0.125,0.5,0.375,0.0
257,0.4,0.4,0.0,0.2
258,0.0,0.1388888888888889,0.8611111111111112,0.0
259,0.13157894736842105,0.7894736842105263,0.0,0.07894736842105263
260,0.0,0.2857142857142857,0.14285714285714285,0.5714285714285714
261,0.264,0.664,0.0,0.072
262,0.07368421052631578,0.0,0.21052631578947367,0.7157894736842105
263,0.19402985074626866,0.6716417910447762,0.13432835820895522,0.0
264,0.0,0.0,0.0,1.0
265,0.0,0.6666666666666666,0.3333333333333333,0.0
266,0.57,0.4,0.0,0.03
267,1.0,0.0,0.0,0.0
268,,,,
269,0.4,0.0,0.2,0.4
270,0.0,0.0,0.0,1.0
271,0.6666666666666666,0.0,0.0,0.3333333333333333
272,0.05555555555555555,0.7222222222222222,0.0,0.2222222222222222
273,0.2,0.2,0.0,0.6
274,0.0,0.0,1.0,0.0
275,0.16216216216216217,0.7567567567567568,0.08108108108108109,0.0
276,0.43636363636363634,0.22727272727272727,0.0,0.33636363636363636
277,0.0,0.875,0.125,0.0
278,0.4805194805194805,0.19480519480519481,0.0,0.3246753246753247
279,0.0,0.0,1.0,0.0
280,0.0,0.0,0.0,1.0
281,0.0,0.8,0.2,0.0
282,0.2222222222222222,0.6666666666666666,0.1111111111111111,0.0
283,0.0,0.0196078431372549,0.0,0.9803921568627451
284,0.018867924528301886,0.0,0.0,0.9811320754716981
285,0.0,0.0,1.0,0.0
286,0.0,0.0,0.0,1.0
287,0.0,0.5454545454545454,0.45454545454545453,0.0
288,1.0,0.0,0.0,0.0
289,0.25,0.0,0.1875,0.5625
290,0.6666666666666666,0.0,0.0,0.3333333333333333
291,0.0,0.8333333333333334,0.16666666666666666,0.0
292,0.9642857142857143,0.03571428571428571,0.0,0.0
293,0.0,0.0,1.0,0.0
294,1.0,0.0,0.0,0.0
295,0.0,1.0,0.0,0.0
296,,,,
297,,,,
298,,,,
299,,,,
300,,,,
301,,,,
302,,,,
303,,,,
304,,,,
305,,,,
306,,,,
307,,,,
308,,,,
309,,,,
310,,,,
311,,,,
312,,,,
313,,,,
314,,,,
315,,,,
