,A,C,G,T
0,,,,
1,,,,
2,,,,
3,,,,
4,,,,
5,,,,
6,0.0,0.0,0.0,1.0
7,1.0,0.0,0.0,0.0
8,,,,
9,,,,
10,,,,
11,,,,
12,0.0,1.0,0.0,0.0
13,,,,
14,,,,
15,,,,
16,,,,
17,0.0,0.0,0.0,1.0
18,,,,
19,,,,
20,,,,
21,,,,
22,0.0,1.0,0.0,0.0
23,0.0,1.0,0.0,0.0
24,,,,
25,1.0,0.0,0.0,0.0
26,,,,
27,,,,
28,,,,
29,0.0,0.0,0.0,1.0
30,0.0,0.0,1.0,0.0
31,0.6,0.0,0.4,0.0
32,0.0,0.0,1.0,0.0
33,,,,
34,,,,
35,,,,
36,0.0,0.0,1.0,0.0
37,0.0,1.0,0.0,0.0
38,,,,
39,,,,
40,,,,
41,,,,
42,0.0,0.0,1.0,0.0
43,,,,
44,,,,
45,,,,
46,,,,
47,0.0,1.0,0.0,0.0
48,,,,
49,,,,
50,,,,
51,0.0,0.0,0.25,0.75
52,,,,
53,0.0,1.0,0.0,0.0
54,,,,
55,,,,
56,,,,
57,,,,
58,,,,
59,,,,
60,,,,
61,,,,
62,,,,
63,,,,
64,,,,
65,0.0,0.0,1.0,0.0
66,,,,
67,,,,
68,,,,
69,,,,
70,,,,
71,0.25,0.0,0.0,0.75
72,,,,
73,,,,
74,,,,
75,,,,
76,,,,
77,0.0,1.0,0.0,0.0
78,,,,
79,0.0,1.0,0.0,0.0
80,,,,
81,1.0,0.0,0.0,0.0
82,0.0,0.0,0.5,0.5
83,0.0,0.0,0.0,1.0
84,0.0,0.0,0.25,0.75
85,,,,
86,0.75,0.0,0.0,0.25
87,,,,
88,,,,
89,0.0,1.0,0.0,0.0
90,0.0,0.0,0.5,0.5
91,0.0,0.0,1.0,0.0
92,1.0,0.0,0.0,0.0
93,,,,
94,0.0,1.0,0.0,0.0
95,0.0,0.0,1.0,0.0
96,,,,
97,,,,
98,1.0,0.0,0.0,0.0
99,,,,
100,0.75,0.0,0.0,0.25
101,,,,
102,,,,
103,,,,
104,,,,
105,0.0,1.0,0.0,0.0
106,,,,
107,0.5,0.0,0.0,0.5
108,,,,
109,,,,
110,,,,
111,,,,
112,0.0,1.0,0.0,0.0
113,0.0,0.0,0.0,1.0
114,,,,
115,,,,
116,0.0,1.0,0.0,0.0
117,,,,
118,,,,
119,,,,
120,,,,
121,,,,
122,,,,
123,,,,
124,0.0,0.0,1.0,0.0
125,,,,
126,0.0,1.0,0.0,0.0
127,,,,
128,0.0,1.0,0.0,0.0
129,1.0,0.0,0.0,0.0
130,,,,
131,0.0,0.0,1.0,0.0
132,0.0,1.0,0.0,0.0
133,,,,
134,,,,
135,0.0,0.0,1.0,0.0
136,0.25,0.0,0.75,0.0
137,1.0,0.0,0.0,0.0
138,,,,
139,,,,
140,0.0,0.2,0.0,0.8
141,,,,
142,,,,
143,,,,
144,0.5,0.0,0.0,0.5
145,0.0,1.0,0.0,0.0
146,0.0,0.0,0.0,1.0
147,,,,
148,,,,
149,,,,
150,,,,
151,,,,
152,,,,
153,,,,
154,,,,
155,,,,
156,,,,
157,,,,
158,,,,
159,,,,
160,0.0,0.0,1.0,0.0
161,,,,
162,,,,
163,0.0,0.0,1.0,0.0
164,,,,
165,1.0,0.0,0.0,0.0
166,,,,
167,,,,
168,,,,
169,,,,
170,,,,
171,,,,
172,,,,
173,,,,
174,0.0,1.0,0.0,0.0
175,0.0,0.0,1.0,0.0
176,0.0,1.0,0.0,0.0
177,,,,
178,,,,
179,,,,
180,,,,
181,0.0,0.8,0.0,0.2
182,,,,
183,,,,
184,,,,
185,0.0,1.0,0.0,0.0
186,1.0,0.0,0.0,0.0
187,0.0,1.0,0.0,0.0
188,,,,
189,,,,
190,,,,
191,,,,
192,,,,
193,,,,
194,,,,
195,1.0,0.0,0.0,0.0
196,,,,
197,0.0,0.0,1.0,0.0
198,,,,
199,,,,
200,,,,
201,,,,
202,,,,
203,,,,
204,,,,
205,,,,
206,,,,
207,,,,
208,,,,
209,1.0,0.0,0.0,0.0
210,,,,
211,,,,
212,,,,
213,,,,
214,0.0,0.0,0.0,1.0
215,,,,
216,,,,
217,,,,
218,,,,
219,,,,
220,0.0,0.0,0.0,1.0
221,,,,
222,,,,
223,,,,
224,,,,
225,,,,
226,0.0,0.0,1.0,0.0
227,,,,
228,,,,
229,,,,
230,,,,
231,,,,
232,,,,
233,,,,
234,,,,
235,,,,
236,,,,
237,,,,
238,,,,
239,,,,
240,,,,
241,,,,
242,,,,
243,,,,
244,,,,
245,,,,
246,,,,
