,A,C,G,T
0,,,,
1,,,,
2,1.0,0.0,0.0,0.0
3,,,,
4,,,,
5,0.0,0.0,0.0,1.0
6,0.0,0.0,1.0,0.0
7,0.0,0.5,0.5,0.0
8,0.8333333333333334,0.16666666666666666,0.0,0.0
9,0.0,0.0,0.0,1.0
10,,,,
11,,,,
12,0.0,0.0,0.0,1.0
13,1.0,0.0,0.0,0.0
14,1.0,0.0,0.0,0.0
15,,,,
16,0.0,0.0,0.0,1.0
17,,,,
18,,,,
19,,,,
20,,,,
21,,,,
22,1.0,0.0,0.0,0.0
23,,,,
24,0.0,0.0,0.0,1.0
25,,,,
26,0.0,0.0,0.5,0.5
27,,,,
28,0.0,1.0,0.0,0.0
29,,,,
30,0.0,0.125,0.875,0.0
31,0.0,0.0,1.0,0.0
32,0.0,0.0,0.0,1.0
33,,,,
34,0.0,1.0,0.0,0.0
35,0.0,0.0,0.5,0.5
36,1.0,0.0,0.0,0.0
37,0.0,0.5,0.5,0.0
38,,,,
39,0.0,0.0,0.0,1.0
40,,,,
41,0.3333333333333333,0.0,0.6666666666666666,0.0
42,,,,
43,1.0,0.0,0.0,0.0
44,1.0,0.0,0.0,0.0
45,1.0,0.0,0.0,0.0
46,,,,
47,,,,
48,0.0,0.0,1.0,0.0
49,0.5,0.0,0.0,0.5
50,0.0,0.0,1.0,0.0
51,0.0,0.0,1.0,0.0
52,,,,
53,0.0,0.0,0.0,1.0
54,0.0,1.0,0.0,0.0
55,0.0,0.0,0.0,1.0
56,0.0,0.5,0.0,0.5
57,0.5,0.0,0.5,0.0
58,0.0,1.0,0.0,0.0
59,0.1,0.0,0.6,0.3
60,0.0,0.0,1.0,0.0
61,1.0,0.0,0.0,0.0
62,,,,
63,,,,
64,0.0,1.0,0.0,0.0
65,0.0,0.5,0.5,0.0
66,0.2,0.0,0.8,0.0
67,0.25,0.0,0.25,0.5
68,0.0,0.0,1.0,0.0
69,0.0,0.0,0.0,1.0
70,0.0,0.0,0.5,0.5
71,0.0,0.0,1.0,0.0
72,0.0,0.0,1.0,0.0
73,,,,
74,0.0,1.0,0.0,0.0
75,1.0,0.0,0.0,0.0
76,,,,
77,0.0,1.0,0.0,0.0
78,,,,
79,0.0,1.0,0.0,0.0
80,1.0,0.0,0.0,0.0
81,,,,
82,0.25,0.0,0.0,0.75
83,0.16666666666666666,0.0,0.3333333333333333,0.5
84,0.0,1.0,0.0,0.0
85,,,,
86,0.0,0.0,0.0,1.0
87,0.0,0.6666666666666666,0.3333333333333333,0.0
88,0.0,1.0,0.0,0.0
89,0.0,0.5,0.5,0.0
90,0.0,0.0,0.8333333333333334,0.16666666666666666
91,0.6,0.3,0.0,0.1
92,0.2,0.0,0.2,0.6
93,0.0,1.0,0.0,0.0
94,0.0,0.1111111111111111,0.2222222222222222,0.6666666666666666
95,0.0,1.0,0.0,0.0
96,0.4,0.2,0.0,0.4
97,0.2,0.0,0.8,0.0
98,0.125,0.75,0.125,0.0
99,0.0,0.14285714285714285,0.7142857142857143,0.14285714285714285
100,,,,
101,0.0,1.0,0.0,0.0
102,0.8,0.0,0.2,0.0
103,0.0,0.6666666666666666,0.0,0.3333333333333333
104,0.0,0.0,0.5,0.5
105,,,,
106,,,,
107,0.0,1.0,0.0,0.0
108,0.5,0.0,0.0,0.5
109,0.0,0.0,1.0,0.0
110,,,,
111,,,,
112,1.0,0.0,0.0,0.0
113,1.0,0.0,0.0,0.0
114,0.0,0.0,0.0,1.0
115,0.0,1.0,0.0,0.0
116,1.0,0.0,0.0,0.0
117,0.3333333333333333,0.6666666666666666,0.0,0.0
118,0.0,0.0,1.0,0.0
119,0.0,1.0,0.0,0.0
120,,,,
121,,,,
122,,,,
123,0.0,1.0,0.0,0.0
124,,,,
125,0.2,0.8,0.0,0.0
126,,,,
127,0.0,0.25,0.25,0.5
128,,,,
129,1.0,0.0,0.0,0.0
130,1.0,0.0,0.0,0.0
131,0.0,0.16666666666666666,0.6666666666666666,0.16666666666666666
132,1.0,0.0,0.0,0.0
133,0.5,0.5,0.0,0.0
134,,,,
135,0.0,1.0,0.0,0.0
136,,,,
137,0.0,0.16666666666666666,0.8333333333333334,0.0
138,0.0,0.0,1.0,0.0
139,0.0,0.125,0.75,0.125
140,0.0,0.3333333333333333,0.6666666666666666,0.0
141,0.5,0.5,0.0,0.0
142,0.0,0.0,1.0,0.0
143,0.0,0.2,0.8,0.0
144,0.0,0.0,1.0,0.0
145,0.25,0.0,0.75,0.0
146,0.0,0.3333333333333333,0.6666666666666666,0.0
147,0.0,0.2222222222222222,0.0,0.7777777777777778
148,0.25,0.0,0.25,0.5
149,0.0,0.6666666666666666,0.3333333333333333,0.0
150,0.0,0.5,0.5,0.0
151,0.6666666666666666,0.0,0.3333333333333333,0.0
152,0.0,1.0,0.0,0.0
153,0.0,0.5,0.25,0.25
154,0.3333333333333333,0.3333333333333333,0.0,0.3333333333333333
155,0.5,0.5,0.0,0.0
156,0.0,0.07692307692307693,0.7692307692307693,0.15384615384615385
157,0.2727272727272727,0.6363636363636364,0.0,0.09090909090909091
158,0.25,0.625,0.125,0.0
159,0.0,0.125,0.75,0.125
160,0.0,0.5555555555555556,0.3333333333333333,0.1111111111111111
161,0.0,0.5,0.5,0.0
162,,,,
163,0.0,1.0,0.0,0.0
164,0.6666666666666666,0.16666666666666666,0.0,0.16666666666666666
165,0.8,0.2,0.0,0.0
166,0.6666666666666666,0.3333333333333333,0.0,0.0
167,0.16666666666666666,0.6666666666666666,0.16666666666666666,0.0
168,0.0,0.3333333333333333,0.6666666666666666,0.0
169,0.6923076923076923,0.15384615384615385,0.0,0.15384615384615385
170,0.6666666666666666,0.0,0.1111111111111111,0.2222222222222222
171,0.0,0.0,1.0,0.0
172,0.7,0.0,0.1,0.2
173,0.0,1.0,0.0,0.0
174,0.0,0.75,0.25,0.0
175,0.0,0.5,0.0,0.5
176,0.25,0.0,0.25,0.5
177,0.0,0.0,1.0,0.0
178,,,,
179,0.0,0.0,0.0,1.0
180,1.0,0.0,0.0,0.0
181,0.0,0.0,0.0,1.0
182,0.0,1.0,0.0,0.0
183,,,,
184,0.0,1.0,0.0,0.0
185,0.0,0.0,1.0,0.0
186,1.0,0.0,0.0,0.0
187,,,,
188,0.0,0.5,0.0,0.5
189,1.0,0.0,0.0,0.0
190,,,,
191,,,,
192,0.0,1.0,0.0,0.0
193,0.0,0.0,1.0,0.0
194,,,,
195,0.0,0.5,0.0,0.5
196,0.5,0.5,0.0,0.0
197,,,,
198,0.0,0.7777777777777778,0.1111111111111111,0.1111111111111111
199,,,,
200,0.0,0.0,1.0,0.0
201,,,,
202,0.0,0.0,1.0,0.0
203,,,,
204,,,,
205,0.0,0.0,0.0,1.0
206,,,,
207,0.0,0.0,1.0,0.0
208,1.0,0.0,0.0,0.0
209,0.0,0.0,0.5,0.5
210,0.3333333333333333,0.0,0.6666666666666666,0.0
211,0.0,0.0,1.0,0.0
212,0.5,0.0,0.5,0.0
213,,,,
214,,,,
215,0.0,0.2,0.8,0.0
216,,,,
217,,,,
218,,,,
219,,,,
220,,,,
221,0.0,1.0,0.0,0.0
222,0.0,0.25,0.75,0.0
223,0.0,0.0,0.0,1.0
224,0.0,0.0,0.0,1.0
225,0.0,0.0,1.0,0.0
226,0.0,0.0,0.75,0.25
227,0.0,0.0,0.0,1.0
228,0.0,0.0,1.0,0.0
229,0.0,0.0,0.8333333333333334,0.16666666666666666
230,0.0,0.0,0.3333333333333333,0.6666666666666666
231,0.0,0.0,0.0,1.0
232,0.0,0.0,0.0,1.0
233,0.4166666666666667,0.16666666666666666,0.0,0.4166666666666667
234,0.0,0.0,0.75,0.25
235,,,,
236,0.75,0.25,0.0,0.0
237,0.0,1.0,0.0,0.0
238,0.0,0.3333333333333333,0.0,0.6666666666666666
239,0.0,0.6666666666666666,0.3333333333333333,0.0
240,0.0,0.0,0.0,1.0
241,,,,
242,0.0,0.0,0.0,1.0
243,0.4,0.0,0.6,0.0
244,,,,
245,0.0,0.0,0.5,0.5
246,0.0,0.0,0.0,1.0
247,,,,
248,0.8333333333333334,0.16666666666666666,0.0,0.0
249,0.0,0.0,1.0,0.0
250,0.0,0.2,0.8,0.0
251,0.0,0.0,0.4444444444444444,0.5555555555555556
252,0.0,0.3333333333333333,0.6666666666666666,0.0
253,1.0,0.0,0.0,0.0
254,0.1,0.0,0.1,0.8
255,0.0,0.0,1.0,0.0
256,0.0,1.0,0.0,0.0
257,0.0,1.0,0.0,0.0
258,0.0,0.5,0.5,0.0
259,0.0,0.6666666666666666,0.0,0.3333333333333333
260,,,,
261,0.0,0.8571428571428571,0.0,0.14285714285714285
262,0.0,0.0,0.25,0.75
263,0.0,0.875,0.125,0.0
264,0.0,0.0,0.0,1.0
265,0.0,0.5,0.0,0.5
266,0.375,0.375,0.0,0.25
267,,,,
268,0.0,1.0,0.0,0.0
269,,,,
270,,,,
271,,,,
272,,,,
273,,,,
274,0.0,0.0,1.0,0.0
275,0.0,1.0,0.0,0.0
276,0.875,0.0,0.0,0.125
277,0.0,1.0,0.0,0.0
278,0.6,0.3,0.0,0.1
279,,,,
280,,,,
281,0.0,1.0,0.0,0.0
282,1.0,0.0,0.0,0.0
283,0.0,0.0,0.2,0.8
284,0.0,0.0,0.0,1.0
285,,,,
286,,,,
287,,,,
288,0.6666666666666666,0.0,0.0,0.3333333333333333
289,0.0,0.0,0.0,1.0
290,0.5,0.5,0.0,0.0
291,,,,
292,1.0,0.0,0.0,0.0
293,0.0,0.5,0.5,0.0
294,,,,
295,,,,
296,,,,
297,,,,
298,,,,
299,,,,
300,,,,
301,,,,
302,,,,
303,,,,
304,,,,
305,,,,
306,,,,
307,,,,
308,,,,
309,,,,
310,,,,
311,,,,
312,,,,
313,,,,
314,,,,
315,,,,
