,A,C,G,T
0,,,,
1,,,,
2,0.9169675090252708,0.02888086642599278,0.0,0.05415162454873646
3,0.5120481927710844,0.3795180722891566,0.0,0.10843373493975904
4,0.4875283446712018,0.4376417233560091,0.07482993197278912,0.0
5,0.47877358490566035,0.27122641509433965,0.0,0.25
6,0.4502923976608187,0.0,0.38596491228070173,0.16374269005847952
7,0.0,0.0736196319018405,0.7300613496932515,0.19631901840490798
8,0.6366101694915254,0.2088135593220339,0.0,0.15457627118644068
9,0.0941336971350614,0.0,0.14870395634379263,0.757162346521146
10,0.16666666666666666,0.5555555555555556,0.2777777777777778,0.0
11,0.3645320197044335,0.33004926108374383,0.0,0.3054187192118227
12,0.39644970414201186,0.33136094674556216,0.0,0.27218934911242604
13,0.5611814345991561,0.4050632911392405,0.03375527426160337,0.0
14,0.5303867403314917,0.1270718232044199,0.0,0.3425414364640884
15,0.0440251572327044,0.8113207547169812,0.0,0.14465408805031446
16,0.0,0.5784313725490197,0.08823529411764706,0.3333333333333333
17,0.7948717948717948,0.1282051282051282,0.0,0.07692307692307693
18,0.4246575342465753,0.136986301369863,0.4383561643835616,0.0
19,0.38461538461538464,0.0,0.11538461538461539,0.5
20,0.12356979405034325,0.12356979405034325,0.7528604118993135,0.0
21,0.10526315789473684,0.15789473684210525,0.0,0.7368421052631579
22,0.3,0.1,0.0,0.6
23,0.24,0.27,0.0,0.49
24,0.15625,0.09375,0.0,0.75
25,0.23809523809523808,0.23809523809523808,0.0,0.5238095238095238
26,0.0,0.42424242424242425,0.41818181818181815,0.15757575757575756
27,0.7650602409638554,0.1144578313253012,0.0,0.12048192771084337
28,0.6373333333333333,0.32266666666666666,0.0,0.04
29,0.3247863247863248,0.0,0.26495726495726496,0.41025641025641024
30,0.04878048780487805,0.7682926829268293,0.18292682926829268,0.0
31,0.021739130434782608,0.6304347826086957,0.34782608695652173,0.0
32,0.4772727272727273,0.2727272727272727,0.0,0.25
33,0.3269230769230769,0.19230769230769232,0.0,0.4807692307692308
34,0.05263157894736842,0.7631578947368421,0.18421052631578946,0.0
35,0.22580645161290322,0.0,0.5268817204301075,0.24731182795698925
36,0.0,0.5435540069686411,0.4425087108013937,0.013937282229965157
37,0.0,0.36666666666666664,0.6125,0.020833333333333332
38,0.11623931623931624,0.8290598290598291,0.0,0.0547008547008547
39,0.12101910828025478,0.0,0.2802547770700637,0.5987261146496815
40,0.3974358974358974,0.0,0.34615384615384615,0.2564102564102564
41,0.2582781456953642,0.25165562913907286,0.4900662251655629,0.0
42,0.2,0.24,0.0,0.56
43,0.2698412698412698,0.3968253968253968,0.0,0.3333333333333333
44,0.0,0.45077720207253885,0.4481865284974093,0.10103626943005181
45,0.4146341463414634,0.25609756097560976,0.0,0.32926829268292684
46,0.7612612612612613,0.14414414414414414,0.0,0.0945945945945946
47,0.31313131313131315,0.3333333333333333,0.0,0.35353535353535354
48,0.45454545454545453,0.2727272727272727,0.2727272727272727,0.0
49,0.4444444444444444,0.0,0.17777777777777778,0.37777777777777777
50,0.26627218934911245,0.0,0.14201183431952663,0.591715976331361
51,0.24603174603174602,0.0,0.2619047619047619,0.49206349206349204
52,0.2727272727272727,0.13636363636363635,0.5909090909090909,0.0
53,0.4375,0.375,0.0,0.1875
54,0.0,0.8494623655913979,0.11290322580645161,0.03763440860215054
55,0.36909871244635195,0.4721030042918455,0.0,0.15879828326180256
56,0.0,0.5458937198067633,0.3719806763285024,0.0821256038647343
57,0.4608695652173913,0.0,0.45217391304347826,0.08695652173913043
58,0.05747126436781609,0.5747126436781609,0.367816091954023,0.0
59,0.17222222222222222,0.0,0.4888888888888889,0.3388888888888889
60,0.288135593220339,0.3855932203389831,0.326271186440678,0.0
61,0.4791666666666667,0.0,0.22916666666666666,0.2916666666666667
62,0.2677165354330709,0.0,0.17716535433070865,0.5551181102362205
63,0.046511627906976744,0.18604651162790697,0.7674418604651163,0.0
64,0.16666666666666666,0.16666666666666666,0.0,0.6666666666666666
65,0.018633540372670808,0.7763975155279503,0.20496894409937888,0.0
66,0.6794117647058824,0.052941176470588235,0.0,0.2676470588235294
67,0.41323210412147504,0.0,0.13123644251626898,0.455531453362256
68,0.0,0.24795640326975477,0.5258855585831063,0.22615803814713897
69,0.7306122448979592,0.16326530612244897,0.0,0.10612244897959183
70,0.0564373897707231,0.0,0.2945326278659612,0.6490299823633157
71,0.2,0.0,0.5407407407407407,0.25925925925925924
72,0.2550335570469799,0.3825503355704698,0.3624161073825503,0.0
73,0.46774193548387094,0.0,0.12903225806451613,0.4032258064516129
74,0.2982885085574572,0.38141809290953543,0.3202933985330073,0.0
75,0.7091836734693877,0.1836734693877551,0.0,0.10714285714285714
76,0.5380952380952381,0.32857142857142857,0.0,0.13333333333333333
77,0.0,0.47702407002188185,0.29540481400437635,0.2275711159737418
78,0.2782258064516129,0.5967741935483871,0.125,0.0
79,0.36885245901639346,0.4262295081967213,0.20491803278688525,0.0
80,0.1453900709219858,0.0,0.14893617021276595,0.7056737588652482
81,0.0,0.3602409638554217,0.3602409638554217,0.27951807228915665
82,0.17202797202797201,0.0,0.5296037296037296,0.29836829836829837
83,0.16088560885608857,0.0,0.18892988929889298,0.6501845018450184
84,0.1396551724137931,0.496551724137931,0.36379310344827587,0.0
85,0.17346938775510204,0.4387755102040816,0.3877551020408163,0.0
86,0.20606060606060606,0.0,0.11212121212121212,0.6818181818181818
87,0.0,0.288135593220339,0.6459510357815442,0.06591337099811675
88,0.47619047619047616,0.4064625850340136,0.0,0.11734693877551021
89,0.3393124065769806,0.40956651718983555,0.25112107623318386,0.0
90,0.5210526315789473,0.15526315789473685,0.0,0.3236842105263158
91,0.0,0.6077981651376146,0.2775229357798165,0.11467889908256881
92,0.4135593220338983,0.0,0.12542372881355932,0.4610169491525424
93,0.17120622568093385,0.7055771725032426,0.12321660181582361,0.0
94,0.0,0.32505643340857787,0.06320541760722348,0.6117381489841986
95,0.05521472392638037,0.0,0.1196319018404908,0.8251533742331288
96,0.09358288770053476,0.7112299465240641,0.19518716577540107,0.0
97,0.0,0.3059006211180124,0.07298136645962733,0.6211180124223602
98,0.09973404255319149,0.0,0.10904255319148937,0.7912234042553191
99,0.0,0.3893333333333333,0.15733333333333333,0.4533333333333333
100,0.0851063829787234,0.5319148936170213,0.3829787234042553,0.0
101,0.3031161473087819,0.43626062322946174,0.0,0.26062322946175637
102,0.0,0.2037037037037037,0.6441798941798942,0.15211640211640212
103,0.24914546145081656,0.7155336118496012,0.0,0.03532092669958223
104,0.032999410724808484,0.0,0.15733647613435475,0.8096641131408367
105,0.0625,0.3125,0.625,0.0
106,0.16129032258064516,0.06451612903225806,0.0,0.7741935483870968
107,0.26666666666666666,0.2222222222222222,0.0,0.5111111111111111
108,0.0,0.17747077577045697,0.665249734325186,0.15727948990435706
109,0.3173076923076923,0.41346153846153844,0.2692307692307692,0.0
110,0.11602209944751381,0.0,0.17679558011049723,0.7071823204419889
111,0.5,0.0,0.31666666666666665,0.18333333333333332
112,0.27450980392156865,0.3333333333333333,0.0,0.39215686274509803
113,0.20554649265905384,0.0,0.2300163132137031,0.564437194127243
114,0.5795454545454546,0.0,0.14772727272727273,0.2727272727272727
115,0.0,0.34210526315789475,0.25,0.40789473684210525
116,0.27,0.49,0.0,0.24
117,0.5347912524850894,0.2485089463220676,0.0,0.21669980119284293
118,0.06374501992031872,0.0,0.30278884462151395,0.6334661354581673
119,0.13095238095238096,0.6547619047619048,0.21428571428571427,0.0
120,0.3333333333333333,0.0,0.35555555555555557,0.3111111111111111
121,0.7906976744186046,0.0,0.13953488372093023,0.06976744186046512
122,0.0,0.39400921658986177,0.4308755760368664,0.17511520737327188
123,0.39344262295081966,0.3770491803278688,0.0,0.22950819672131148
124,0.6,0.05,0.0,0.35
125,0.7477272727272727,0.14545454545454545,0.0,0.10681818181818181
126,0.0,0.5277777777777778,0.4246031746031746,0.047619047619047616
127,0.0,0.11904761904761904,0.75,0.13095238095238096
128,0.5210084033613446,0.03361344537815126,0.0,0.44537815126050423
129,0.37362637362637363,0.23626373626373626,0.0,0.3901098901098901
130,0.3382352941176471,0.18382352941176472,0.0,0.47794117647058826
131,0.5859247135842881,0.26595744680851063,0.0,0.14811783960720132
132,0.2204724409448819,0.0,0.3464566929133858,0.4330708661417323
133,0.04065040650406504,0.6260162601626016,0.3333333333333333,0.0
134,0.34933333333333333,0.264,0.0,0.38666666666666666
135,0.14427860696517414,0.5522388059701493,0.0,0.3034825870646766
136,0.0,0.14814814814814814,0.6936026936026936,0.15824915824915825
137,0.8593598448108632,0.052376333656644035,0.0,0.08826382153249272
138,0.06993006993006994,0.08391608391608392,0.8461538461538461,0.0
139,0.30158730158730157,0.12063492063492064,0.0,0.5777777777777777
140,0.07157894736842105,0.6568421052631579,0.0,0.27157894736842103
141,0.6860883797054009,0.290671031096563,0.0,0.023240589198036007
142,0.13178294573643412,0.09302325581395349,0.7751937984496124,0.0
143,0.08613728129205922,0.7240915208613729,0.18977119784656796,0.0
144,0.03051106025934401,0.006864988558352402,0.9626239511823036,0.0
145,0.5037593984962406,0.0,0.3082706766917293,0.18796992481203006
146,0.0,0.3373860182370821,0.4452887537993921,0.21732522796352582
147,0.21166892808683854,0.5061058344640434,0.28222523744911804,0.0
148,0.0,0.3548922056384743,0.16086235489220563,0.4842454394693201
149,0.06037059175134489,0.0,0.06096832038254633,0.8786610878661087
150,0.0,0.29936305732484075,0.46496815286624205,0.2356687898089172
151,0.1377952755905512,0.16141732283464566,0.7007874015748031,0.0
152,0.22201017811704835,0.5553435114503816,0.22264631043256997,0.0
153,0.0,0.1044776119402985,0.7218453188602443,0.17367706919945725
154,0.5024925224327019,0.4077766699900299,0.0,0.0897308075772682
155,0.10767590618336886,0.6588486140724946,0.23347547974413646,0.0
156,0.0,0.2540781018289669,0.6258032624814631,0.12011863568956994
157,0.470935960591133,0.4009852216748768,0.0,0.12807881773399016
158,0.19959266802443992,0.5607603530210454,0.2396469789545146,0.0
159,0.0,0.3634161114476075,0.5651120533010296,0.07147183525136282
160,0.3782312925170068,0.5061224489795918,0.0,0.11564625850340136
161,0.19072847682119207,0.47019867549668876,0.3390728476821192,0.0
162,0.7084048027444254,0.09090909090909091,0.0,0.2006861063464837
163,0.7097602739726028,0.2131849315068493,0.0,0.07705479452054795
164,0.34833538840937117,0.4352651048088779,0.21639950678175093,0.0
165,0.0,0.16442542787286063,0.6833740831295844,0.152200488997555
166,0.5523255813953488,0.3623011015911873,0.0,0.08537331701346389
167,0.3425579655946148,0.36574420344053854,0.2916978309648467,0.0
168,0.0,0.2385204081632653,0.5529336734693877,0.20854591836734693
169,0.23211243611584328,0.0,0.20996592844974446,0.5579216354344123
170,0.24776785714285715,0.0,0.28794642857142855,0.4642857142857143
171,0.0,0.21,0.61375,0.17625
172,0.240858966918166,0.543238537434707,0.2159024956471271,0.0
173,0.0,0.36517615176151763,0.3231707317073171,0.3116531165311653
174,0.2312385600976205,0.5363026235509457,0.2324588163514338,0.0
175,0.0,0.3021363173957274,0.1353001017293998,0.5625635808748728
176,0.1419753086419753,0.0,0.2006172839506173,0.6574074074074074
177,0.1002710027100271,0.7398373983739838,0.15989159891598917,0.0
178,0.0,0.527363184079602,0.24378109452736318,0.22885572139303484
179,0.019,0.0,0.06,0.921
180,0.49141630901287553,0.1223175965665236,0.0,0.38626609442060084
181,0.15681233933161953,0.0,0.5629820051413882,0.2802056555269923
182,0.0,0.19883040935672514,0.6003898635477583,0.20077972709551656
183,0.5,0.33695652173913043,0.0,0.16304347826086957
184,0.0,0.5298013245033113,0.40397350993377484,0.06622516556291391
185,0.16355140186915887,0.0,0.5677570093457944,0.26869158878504673
186,0.20075757575757575,0.1590909090909091,0.6401515151515151,0.0
187,0.28125,0.0,0.2875,0.43125
188,0.13541666666666666,0.4409722222222222,0.4236111111111111,0.0
189,0.3062730627306273,0.5276752767527675,0.0,0.16605166051660517
190,0.0748663101604278,0.32620320855614976,0.5989304812834224,0.0
191,0.2749003984063745,0.29880478087649404,0.0,0.4262948207171315
192,0.0,0.42391304347826086,0.5608695652173913,0.015217391304347827
193,0.0,0.06666666666666667,0.8032921810699588,0.13004115226337448
194,0.5691489361702128,0.21808510638297873,0.0,0.2127659574468085
195,0.34782608695652173,0.21739130434782608,0.0,0.43478260869565216
196,0.6435643564356436,0.09900990099009901,0.0,0.25742574257425743
197,0.33170731707317075,0.0,0.2926829268292683,0.375609756097561
198,0.532258064516129,0.0,0.2903225806451613,0.1774193548387097
199,0.34375,0.21875,0.0,0.4375
200,0.0,0.5867014341590613,0.3272490221642764,0.08604954367666232
201,0.3544973544973545,0.20105820105820105,0.4444444444444444,0.0
202,0.10144927536231885,0.21739130434782608,0.6811594202898551,0.0
203,0.4063926940639269,0.0,0.0639269406392694,0.5296803652968036
204,0.0,0.07560137457044673,0.46048109965635736,0.4639175257731959
205,0.17119565217391305,0.0,0.3125,0.5163043478260869
206,0.35526315789473684,0.0,0.21710526315789475,0.4276315789473684
207,0.0,0.1212484993997599,0.8355342136854742,0.04321728691476591
208,0.12871287128712872,0.44554455445544555,0.42574257425742573,0.0
209,0.335016835016835,0.0,0.25925925925925924,0.4057239057239057
210,0.20118343195266272,0.14201183431952663,0.6568047337278107,0.0
211,0.4782608695652174,0.0,0.11956521739130435,0.40217391304347827
212,0.47297297297297297,0.0,0.13963963963963963,0.38738738738738737
213,0.0,0.5919540229885057,0.22988505747126436,0.1781609195402299
214,0.5764705882352941,0.2,0.0,0.2235294117647059
215,0.7164179104477612,0.09950248756218906,0.0,0.18407960199004975
216,0.5441176470588235,0.10294117647058823,0.0,0.35294117647058826
217,0.0,0.40350877192982454,0.38596491228070173,0.21052631578947367
218,0.6022727272727273,0.0,0.18181818181818182,0.2159090909090909
219,0.0,0.16334661354581673,0.7370517928286853,0.099601593625498
220,0.0,0.3697916666666667,0.5104166666666666,0.11979166666666667
221,0.13966480446927373,0.0,0.08659217877094973,0.7737430167597765
222,0.5885558583106267,0.10217983651226158,0.0,0.30926430517711173
223,0.26022304832713755,0.0,0.4628252788104089,0.27695167286245354
224,0.2222222222222222,0.0,0.5151515151515151,0.26262626262626265
225,0.0,0.35892857142857143,0.6053571428571428,0.03571428571428571
226,0.0,0.12962962962962962,0.8097643097643098,0.06060606060606061
227,0.34379671150971597,0.5665171898355755,0.0,0.08968609865470852
228,0.0,0.3093220338983051,0.5423728813559322,0.1483050847457627
229,0.0,0.19098712446351931,0.6738197424892703,0.1351931330472103
230,0.10383386581469649,0.0,0.4424920127795527,0.4536741214057508
231,0.5284552845528455,0.04607046070460705,0.4254742547425474,0.0
232,0.1411764705882353,0.0,0.06470588235294118,0.7941176470588235
233,0.0,0.2851485148514851,0.36237623762376237,0.35247524752475246
234,0.11865569272976681,0.0,0.588477366255144,0.29286694101508914
235,0.09900990099009901,0.2079207920792079,0.693069306930693,0.0
236,0.3112927191679049,0.4011887072808321,0.0,0.287518573551263
237,0.21409921671018275,0.5169712793733682,0.2689295039164491,0.0
238,0.0,0.20658523632501327,0.022304832713754646,0.771109930961232
239,0.08292682926829269,0.7121951219512195,0.2048780487804878,0.0
240,0.0824524312896406,0.0,0.052854122621564484,0.864693446088795
241,0.2222222222222222,0.1111111111111111,0.6666666666666666,0.0
242,0.32598425196850395,0.5283464566929134,0.0,0.14566929133858267
243,0.07344632768361582,0.0,0.8870056497175142,0.03954802259887006
244,0.0,0.16883116883116883,0.6883116883116883,0.14285714285714285
245,0.0,0.31625835189309576,0.6002227171492205,0.08351893095768374
246,0.0,0.5121951219512195,0.1986062717770035,0.289198606271777
247,0.1509433962264151,0.20754716981132076,0.6415094339622641,0.0
248,0.20618556701030927,0.5773195876288659,0.0,0.21649484536082475
249,0.0,0.1859052247873633,0.7897934386391251,0.024301336573511544
250,0.0,0.38235294117647056,0.5941176470588235,0.023529411764705882
251,0.08707865168539326,0.0,0.5056179775280899,0.40730337078651685
252,0.0,0.13793103448275862,0.7564655172413793,0.10560344827586207
253,0.7213352685050798,0.21190130624092887,0.0,0.06676342525399129
254,0.13673805601317957,0.0,0.14497528830313014,0.7182866556836903
255,0.08133971291866028,0.0,0.36363636363636365,0.5550239234449761
256,0.15151515151515152,0.13636363636363635,0.7121212121212122,0.0
257,0.23684210526315788,0.543859649122807,0.0,0.21929824561403508
258,0.0,0.5449101796407185,0.43912175648702595,0.015968063872255488
259,0.14918032786885246,0.8163934426229508,0.0,0.03442622950819672
260,0.0,0.48860759493670886,0.43291139240506327,0.07848101265822785
261,0.3261390887290168,0.6139088729016786,0.0,0.05995203836930456
262,0.11937059142702117,0.0,0.13022246337493218,0.7504069451980466
263,0.2109375,0.0,0.5859375,0.203125
264,0.4,0.175,0.0,0.425
265,0.0,0.5359477124183006,0.4444444444444444,0.0196078431372549
266,0.30253709909047394,0.584968884633796,0.0,0.11249401627573001
267,0.25,0.2222222222222222,0.0,0.5277777777777778
268,0.0,0.34782608695652173,0.5652173913043478,0.08695652173913043
269,0.21428571428571427,0.0,0.08928571428571429,0.6964285714285714
270,0.0,0.06435643564356436,0.4207920792079208,0.5148514851485149
271,0.203125,0.0,0.25,0.546875
272,0.3037974683544304,0.43037974683544306,0.0,0.26582278481012656
273,0.21739130434782608,0.0,0.0,0.782608695652174
274,0.125,0.0,0.8046875,0.0703125
275,0.6326530612244898,0.0,0.3673469387755102,0.0
276,0.6630513376717281,0.23571945046999276,0.0,0.1012292118582791
277,0.15950920245398773,0.5950920245398773,0.24539877300613497,0.0
278,0.30006161429451633,0.44824399260628467,0.0,0.251694393099199
279,0.1282051282051282,0.23076923076923078,0.6410256410256411,0.0
280,0.0,0.05,0.075,0.875
281,0.012738853503184714,0.9256900212314225,0.06157112526539278,0.0
282,0.00909090909090909,0.7909090909090909,0.2,0.0
283,0.0,0.06025641025641026,0.019230769230769232,0.9205128205128205
284,0.007,0.0,0.014,0.979
285,0.1346153846153846,0.08653846153846154,0.7788461538461539,0.0
286,0.3387096774193548,0.11290322580645161,0.0,0.5483870967741935
287,0.0,0.6623376623376623,0.33766233766233766,0.0
288,0.7167381974248928,0.017167381974248927,0.0,0.26609442060085836
289,0.08483754512635379,0.0,0.13357400722021662,0.7815884476534296
290,0.4252336448598131,0.4205607476635514,0.0,0.1542056074766355
291,0.0,0.7121212121212122,0.28484848484848485,0.0030303030303030303
292,0.6747967479674797,0.25203252032520324,0.0,0.07317073170731707
293,0.0,0.05027932960893855,0.8044692737430168,0.1452513966480447
294,0.3516483516483517,0.34065934065934067,0.0,0.3076923076923077
295,0.0,0.2261904761904762,0.5833333333333334,0.19047619047619047
296,0.15492957746478872,0.7323943661971831,0.11267605633802817,0.0
297,0.323943661971831,0.0,0.19718309859154928,0.4788732394366197
298,0.3793103448275862,0.5862068965517241,0.034482758620689655,0.0
299,0.23076923076923078,0.0,0.23076923076923078,0.5384615384615384
300,0.125,0.875,0.0,0.0
301,0.6666666666666666,0.0,0.0,0.3333333333333333
302,0.08333333333333333,0.16666666666666666,0.0,0.75
303,0.0,0.0,0.6,0.4
304,0.0,0.0,1.0,0.0
305,0.0,0.0,0.0,1.0
306,0.0,0.0,1.0,0.0
307,,,,
308,,,,
309,,,,
310,,,,
311,,,,
312,,,,
313,,,,
314,,,,
315,,,,
