,A,C,G,T
0,,,,
1,,,,
2,0.5,0.0,0.0,0.5
3,1.0,0.0,0.0,0.0
4,0.0,1.0,0.0,0.0
5,,,,
6,,,,
7,,,,
8,0.0,0.0,1.0,0.0
9,0.0,1.0,0.0,0.0
10,1.0,0.0,0.0,0.0
11,0.0,1.0,0.0,0.0
12,0.0,0.0,0.0,1.0
13,0.0,0.0,1.0,0.0
14,0.0,0.0,0.0,1.0
15,1.0,0.0,0.0,0.0
16,,,,
17,1.0,0.0,0.0,0.0
18,,,,
19,,,,
20,0.0,0.5,0.5,0.0
21,0.0,0.0,0.0,1.0
22,0.0,1.0,0.0,0.0
23,0.0,1.0,0.0,0.0
24,,,,
25,,,,
26,0.8181818181818182,0.09090909090909091,0.09090909090909091,0.0
27,0.0,0.3333333333333333,0.6666666666666666,0.0
28,0.5,0.0,0.5,0.0
29,1.0,0.0,0.0,0.0
30,0.0,0.0,1.0,0.0
31,0.0,0.0,1.0,0.0
32,0.6666666666666666,0.0,0.0,0.3333333333333333
33,0.5,0.5,0.0,0.0
34,,,,
35,,,,
36,0.0,1.0,0.0,0.0
37,0.0,0.0,1.0,0.0
38,0.0,0.0,1.0,0.0
39,,,,
40,,,,
41,0.0,0.0,0.0,1.0
42,0.0,0.0,0.5,0.5
43,0.0,0.0,1.0,0.0
44,0.0,0.2,0.2,0.6
45,0.0,0.0,1.0,0.0
46,,,,
47,0.0,0.0,0.0,1.0
48,0.0,0.0,1.0,0.0
49,,,,
50,0.0,0.0,0.0,1.0
51,0.0,0.0,1.0,0.0
52,,,,
53,0.5,0.0,0.5,0.0
54,0.0,0.0,0.0,1.0
55,,,,
56,1.0,0.0,0.0,0.0
57,0.2857142857142857,0.0,0.0,0.7142857142857143
58,,,,
59,0.0,1.0,0.0,0.0
60,,,,
61,,,,
62,0.0,0.0,1.0,0.0
63,,,,
64,,,,
65,0.0,0.0,0.0,1.0
66,0.0,0.16666666666666666,0.16666666666666666,0.6666666666666666
67,0.3333333333333333,0.0,0.3333333333333333,0.3333333333333333
68,0.0,0.0,0.0,1.0
69,0.0,0.0,1.0,0.0
70,1.0,0.0,0.0,0.0
71,0.0,0.0,1.0,0.0
72,0.0,1.0,0.0,0.0
73,,,,
74,1.0,0.0,0.0,0.0
75,0.0,0.0,0.0,1.0
76,,,,
77,0.3,0.65,0.0,0.05
78,0.0,0.0,1.0,0.0
79,0.0,1.0,0.0,0.0
80,0.3333333333333333,0.0,0.3333333333333333,0.3333333333333333
81,1.0,0.0,0.0,0.0
82,,,,
83,0.0,0.6666666666666666,0.3333333333333333,0.0
84,0.0,0.0,1.0,0.0
85,0.0,0.0,1.0,0.0
86,0.0,0.0,0.5,0.5
87,0.0,0.2,0.8,0.0
88,0.2857142857142857,0.6428571428571429,0.0,0.07142857142857142
89,0.1,0.0,0.0,0.9
90,0.0,0.15384615384615385,0.46153846153846156,0.38461538461538464
91,0.6666666666666666,0.0,0.3333333333333333,0.0
92,0.14285714285714285,0.8571428571428571,0.0,0.0
93,0.0,0.6153846153846154,0.15384615384615385,0.23076923076923078
94,0.3157894736842105,0.6842105263157895,0.0,0.0
95,0.3333333333333333,0.3333333333333333,0.3333333333333333,0.0
96,0.0,1.0,0.0,0.0
97,0.3333333333333333,0.5,0.0,0.16666666666666666
98,0.0,0.42857142857142855,0.14285714285714285,0.42857142857142855
99,0.16666666666666666,0.8333333333333334,0.0,0.0
100,0.5,0.3333333333333333,0.16666666666666666,0.0
101,0.0,1.0,0.0,0.0
102,0.0,0.5,0.0,0.5
103,0.0,0.8333333333333334,0.0,0.16666666666666666
104,1.0,0.0,0.0,0.0
105,,,,
106,0.0,0.0,1.0,0.0
107,,,,
108,0.5,0.0,0.0,0.5
109,0.0,0.8666666666666667,0.0,0.13333333333333333
110,0.0,0.0,0.0,1.0
111,,,,
112,,,,
113,,,,
114,0.0,0.0,0.6,0.4
115,0.0,0.0,1.0,0.0
116,0.0,0.0,0.0,1.0
117,,,,
118,,,,
119,0.0,1.0,0.0,0.0
120,,,,
121,0.0,0.0,1.0,0.0
122,,,,
123,0.0,0.0,0.7142857142857143,0.2857142857142857
124,,,,
125,0.0,0.0,0.5,0.5
126,,,,
127,,,,
128,0.0,0.6923076923076923,0.15384615384615385,0.15384615384615385
129,,,,
130,,,,
131,0.0,0.5,0.5,0.0
132,0.0,0.0,1.0,0.0
133,0.0,0.0,1.0,0.0
134,0.0,0.0,0.0,1.0
135,,,,
136,,,,
137,,,,
138,1.0,0.0,0.0,0.0
139,0.0,1.0,0.0,0.0
140,0.4444444444444444,0.0,0.0,0.5555555555555556
141,0.0,1.0,0.0,0.0
142,,,,
143,1.0,0.0,0.0,0.0
144,,,,
145,1.0,0.0,0.0,0.0
146,0.0,0.5,0.0,0.5
147,0.0,0.0,0.3333333333333333,0.6666666666666666
148,,,,
149,0.0,0.8333333333333334,0.16666666666666666,0.0
150,,,,
151,0.0,0.0,0.6666666666666666,0.3333333333333333
152,0.0,0.5555555555555556,0.3333333333333333,0.1111111111111111
153,0.6,0.0,0.3,0.1
154,0.0,1.0,0.0,0.0
155,0.0,0.0,1.0,0.0
156,0.0,0.3,0.7,0.0
157,,,,
158,0.0,0.0,1.0,0.0
159,,,,
160,0.0,0.3333333333333333,0.0,0.6666666666666666
161,0.0,1.0,0.0,0.0
162,0.3333333333333333,0.0,0.6666666666666666,0.0
163,0.0,1.0,0.0,0.0
164,1.0,0.0,0.0,0.0
165,1.0,0.0,0.0,0.0
166,0.0,0.0,1.0,0.0
167,0.4,0.6,0.0,0.0
168,0.0,1.0,0.0,0.0
169,0.0,0.0,1.0,0.0
170,0.6,0.4,0.0,0.0
171,0.0,0.0,0.0,1.0
172,,,,
173,0.0,0.8888888888888888,0.1111111111111111,0.0
174,0.0,0.5,0.5,0.0
175,0.0,0.6666666666666666,0.2222222222222222,0.1111111111111111
176,0.5,0.3333333333333333,0.0,0.16666666666666666
177,0.3333333333333333,0.0,0.0,0.6666666666666666
178,0.6666666666666666,0.0,0.0,0.3333333333333333
179,0.5833333333333334,0.0,0.0,0.4166666666666667
180,0.0,1.0,0.0,0.0
181,0.0,0.0,0.0,1.0
182,0.2222222222222222,0.0,0.0,0.7777777777777778
183,0.14285714285714285,0.7142857142857143,0.0,0.14285714285714285
184,0.42857142857142855,0.5714285714285714,0.0,0.0
185,0.15384615384615385,0.0,0.07692307692307693,0.7692307692307693
186,0.0,0.0,0.5,0.5
187,,,,
188,0.0,0.2727272727272727,0.45454545454545453,0.2727272727272727
189,0.3333333333333333,0.0,0.6666666666666666,0.0
190,,,,
191,1.0,0.0,0.0,0.0
192,0.0,0.0,0.6666666666666666,0.3333333333333333
193,1.0,0.0,0.0,0.0
194,0.4,0.1,0.0,0.5
195,0.0,0.6153846153846154,0.38461538461538464,0.0
196,0.0,0.0,0.6666666666666666,0.3333333333333333
197,0.0,0.75,0.0,0.25
198,0.0,0.0,1.0,0.0
199,0.38461538461538464,0.6153846153846154,0.0,0.0
200,0.16666666666666666,0.0,0.5,0.3333333333333333
201,,,,
202,,,,
203,1.0,0.0,0.0,0.0
204,0.0,0.0,1.0,0.0
205,,,,
206,0.0,0.0,0.5,0.5
207,0.0,0.0,0.0,1.0
208,0.5,0.0,0.0,0.5
209,0.0,0.0,0.0,1.0
210,0.0,0.8333333333333334,0.0,0.16666666666666666
211,,,,
212,0.5,0.0,0.5,0.0
213,0.0,0.0,1.0,0.0
214,0.5,0.0,0.5,0.0
215,0.0,0.0,1.0,0.0
216,0.0,1.0,0.0,0.0
217,0.0,0.0,1.0,0.0
218,1.0,0.0,0.0,0.0
219,1.0,0.0,0.0,0.0
220,0.0,0.0,0.0,1.0
221,1.0,0.0,0.0,0.0
222,0.0,0.0,0.0,1.0
223,0.0,0.0,0.5,0.5
224,0.2727272727272727,0.0,0.09090909090909091,0.6363636363636364
225,0.0,1.0,0.0,0.0
226,,,,
227,0.0,0.0,1.0,0.0
228,0.0,0.0,1.0,0.0
229,0.0,0.25,0.75,0.0
230,0.0,0.25,0.75,0.0
231,0.0,0.0,0.6666666666666666,0.3333333333333333
232,0.0,0.16666666666666666,0.8333333333333334,0.0
233,0.0,0.0,0.6363636363636364,0.36363636363636365
234,,,,
235,0.0,0.0,1.0,0.0
236,0.4,0.1,0.0,0.5
237,,,,
238,,,,
239,0.0,0.7777777777777778,0.0,0.2222222222222222
240,0.5,0.5,0.0,0.0
241,0.0,0.75,0.25,0.0
242,0.0,0.0,0.0,1.0
243,0.0,0.0,0.0,1.0
244,,,,
245,0.0,0.3333333333333333,0.6666666666666666,0.0
246,,,,
247,1.0,0.0,0.0,0.0
248,0.0,0.14285714285714285,0.0,0.8571428571428571
249,0.0,0.4666666666666667,0.3333333333333333,0.2
250,,,,
251,,,,
252,0.0,0.0,0.5,0.5
253,0.0,0.0,0.0,1.0
254,0.14285714285714285,0.0,0.8571428571428571,0.0
255,0.0,0.0,1.0,0.0
256,,,,
257,0.0,0.0,0.0,1.0
258,0.0,0.0,0.5714285714285714,0.42857142857142855
259,0.0,0.8571428571428571,0.14285714285714285,0.0
260,0.0,0.0,0.0,1.0
261,0.4,0.2,0.0,0.4
262,0.0,0.3333333333333333,0.6666666666666666,0.0
263,0.0,0.0,0.5,0.5
264,0.5,0.0,0.5,0.0
265,0.0,0.0,0.0,1.0
266,0.6666666666666666,0.0,0.3333333333333333,0.0
267,0.2857142857142857,0.0,0.0,0.7142857142857143
268,0.15384615384615385,0.8461538461538461,0.0,0.0
269,0.8461538461538461,0.15384615384615385,0.0,0.0
270,,,,
271,,,,
272,0.0,0.0,1.0,0.0
273,0.0,0.0,0.0,1.0
274,,,,
275,0.0,0.0,0.5,0.5
276,,,,
277,0.0,0.0,1.0,0.0
278,1.0,0.0,0.0,0.0
279,,,,
280,0.0,0.0,1.0,0.0
281,0.0,0.3333333333333333,0.3333333333333333,0.3333333333333333
282,,,,
283,0.0,0.0,0.0,1.0
284,0.0,1.0,0.0,0.0
285,,,,
286,0.0,0.0,0.0,1.0
287,0.0,0.0,0.0,1.0
288,,,,
289,,,,
290,0.0,1.0,0.0,0.0
291,0.0,0.0,0.0,1.0
292,0.0,0.0,0.2857142857142857,0.7142857142857143
293,0.0,0.3333333333333333,0.3333333333333333,0.3333333333333333
294,0.0,0.0,0.0,1.0
295,0.0,0.0,1.0,0.0
296,0.0,0.0,0.0,1.0
297,,,,
298,1.0,0.0,0.0,0.0
299,,,,
300,,,,
301,,,,
302,,,,
303,,,,
304,,,,
305,0.0,1.0,0.0,0.0
306,,,,
307,0.0,0.0,0.0,1.0
308,,,,
309,,,,
310,,,,
311,,,,
312,,,,
313,,,,
314,,,,
315,,,,
316,,,,
317,,,,
318,,,,
319,,,,
320,,,,
