,A,C,G,T
0,,,,
1,,,,
2,0.6666666666666666,0.3333333333333333,0.0,0.0
3,,,,
4,0.0,1.0,0.0,0.0
5,0.0,0.0,1.0,0.0
6,,,,
7,0.0,0.0,1.0,0.0
8,1.0,0.0,0.0,0.0
9,0.0,0.0,0.0,1.0
10,,,,
11,,,,
12,0.0,0.0,0.0,1.0
13,,,,
14,,,,
15,0.0,0.0,1.0,0.0
16,,,,
17,,,,
18,,,,
19,,,,
20,0.0,0.0,1.0,0.0
21,,,,
22,0.0,0.0,0.0,1.0
23,,,,
24,,,,
25,,,,
26,0.0,0.8,0.0,0.2
27,,,,
28,1.0,0.0,0.0,0.0
29,,,,
30,0.0,1.0,0.0,0.0
31,,,,
32,,,,
33,,,,
34,1.0,0.0,0.0,0.0
35,0.0,0.0,1.0,0.0
36,1.0,0.0,0.0,0.0
37,0.0,0.0,1.0,0.0
38,,,,
39,,,,
40,,,,
41,0.0,0.0,1.0,0.0
42,,,,
43,0.0,0.0,0.0,1.0
44,0.5,0.5,0.0,0.0
45,1.0,0.0,0.0,0.0
46,1.0,0.0,0.0,0.0
47,0.5,0.5,0.0,0.0
48,,,,
49,,,,
50,,,,
51,0.0,0.0,0.0,1.0
52,,,,
53,0.0,0.5,0.0,0.5
54,,,,
55,,,,
56,,,,
57,0.0,0.0,1.0,0.0
58,,,,
59,,,,
60,,,,
61,,,,
62,0.5,0.0,0.5,0.0
63,1.0,0.0,0.0,0.0
64,,,,
65,,,,
66,1.0,0.0,0.0,0.0
67,0.5,0.0,0.25,0.25
68,0.0,0.5,0.5,0.0
69,,,,
70,0.0,0.75,0.0,0.25
71,,,,
72,1.0,0.0,0.0,0.0
73,,,,
74,0.0,1.0,0.0,0.0
75,,,,
76,,,,
77,,,,
78,0.5,0.0,0.5,0.0
79,0.0,0.0,1.0,0.0
80,,,,
81,0.0,0.5,0.5,0.0
82,0.0,0.0,1.0,0.0
83,0.0,0.0,0.6666666666666666,0.3333333333333333
84,,,,
85,,,,
86,0.16666666666666666,0.0,0.0,0.8333333333333334
87,0.0,0.0,0.3333333333333333,0.6666666666666666
88,0.6,0.4,0.0,0.0
89,0.125,0.625,0.25,0.0
90,0.0,0.0,1.0,0.0
91,0.6666666666666666,0.0,0.0,0.3333333333333333
92,0.4,0.0,0.2,0.4
93,0.0,1.0,0.0,0.0
94,0.0,1.0,0.0,0.0
95,0.0,1.0,0.0,0.0
96,0.0,0.0,0.0,1.0
97,0.3333333333333333,0.0,0.0,0.6666666666666666
98,0.14285714285714285,0.42857142857142855,0.42857142857142855,0.0
99,0.0,0.0,0.0,1.0
100,,,,
101,0.0,0.5,0.0,0.5
102,0.8333333333333334,0.0,0.16666666666666666,0.0
103,0.0,0.0,1.0,0.0
104,0.0,0.0,0.14285714285714285,0.8571428571428571
105,,,,
106,,,,
107,,,,
108,,,,
109,,,,
110,0.0,0.8571428571428571,0.14285714285714285,0.0
111,,,,
112,,,,
113,0.0,0.0,1.0,0.0
114,1.0,0.0,0.0,0.0
115,0.0,0.0,0.0,1.0
116,0.5,0.5,0.0,0.0
117,0.3333333333333333,0.0,0.0,0.6666666666666666
118,,,,
119,,,,
120,0.0,0.0,0.0,1.0
121,,,,
122,0.0,0.0,1.0,0.0
123,,,,
124,1.0,0.0,0.0,0.0
125,0.0,0.0,1.0,0.0
126,0.0,0.0,1.0,0.0
127,0.0,0.0,0.5,0.5
128,0.0,0.0,1.0,0.0
129,0.0,0.0,0.0,1.0
130,,,,
131,0.125,0.25,0.625,0.0
132,1.0,0.0,0.0,0.0
133,0.0,1.0,0.0,0.0
134,0.5,0.5,0.0,0.0
135,0.0,0.0,0.0,1.0
136,0.0,0.0,1.0,0.0
137,1.0,0.0,0.0,0.0
138,0.0,0.0,1.0,0.0
139,0.0,1.0,0.0,0.0
140,,,,
141,0.0,0.5,0.0,0.5
142,0.0,1.0,0.0,0.0
143,0.0,0.5,0.16666666666666666,0.3333333333333333
144,0.0,0.0,1.0,0.0
145,,,,
146,0.0,0.5,0.5,0.0
147,0.0,0.0,0.0,1.0
148,1.0,0.0,0.0,0.0
149,0.6666666666666666,0.3333333333333333,0.0,0.0
150,,,,
151,,,,
152,0.0,1.0,0.0,0.0
153,0.6666666666666666,0.0,0.0,0.3333333333333333
154,0.75,0.25,0.0,0.0
155,1.0,0.0,0.0,0.0
156,0.0,0.6666666666666666,0.3333333333333333,0.0
157,0.0,0.0,0.6666666666666666,0.3333333333333333
158,0.0,1.0,0.0,0.0
159,0.5,0.5,0.0,0.0
160,0.75,0.25,0.0,0.0
161,0.5,0.5,0.0,0.0
162,0.0,1.0,0.0,0.0
163,0.6666666666666666,0.0,0.0,0.3333333333333333
164,0.4,0.6,0.0,0.0
165,1.0,0.0,0.0,0.0
166,1.0,0.0,0.0,0.0
167,0.16666666666666666,0.0,0.3333333333333333,0.5
168,0.0,0.0,1.0,0.0
169,0.0,0.0,0.0,1.0
170,0.0,0.0,1.0,0.0
171,0.0,0.0,1.0,0.0
172,0.0,0.3333333333333333,0.3333333333333333,0.3333333333333333
173,0.5,0.0,0.5,0.0
174,0.0,1.0,0.0,0.0
175,,,,
176,0.0,0.6666666666666666,0.3333333333333333,0.0
177,0.0,0.0,0.0,1.0
178,0.0,0.0,0.0,1.0
179,0.0,0.5,0.25,0.25
180,,,,
181,0.0,0.5,0.5,0.0
182,0.0,0.0,0.3333333333333333,0.6666666666666666
183,0.0,0.0,1.0,0.0
184,,,,
185,0.3333333333333333,0.0,0.0,0.6666666666666666
186,0.0,1.0,0.0,0.0
187,,,,
188,,,,
189,,,,
190,0.0,0.3333333333333333,0.6666666666666666,0.0
191,1.0,0.0,0.0,0.0
192,,,,
193,1.0,0.0,0.0,0.0
194,,,,
195,0.6666666666666666,0.0,0.3333333333333333,0.0
196,,,,
197,0.0,0.0,1.0,0.0
198,0.0,0.0,1.0,0.0
199,,,,
200,0.0,0.0,1.0,0.0
201,0.0,0.0,0.0,1.0
202,,,,
203,,,,
204,,,,
205,,,,
206,,,,
207,,,,
208,1.0,0.0,0.0,0.0
209,1.0,0.0,0.0,0.0
210,,,,
211,,,,
212,0.0,0.0,1.0,0.0
213,,,,
214,0.0,0.0,0.0,1.0
215,0.0,0.0,1.0,0.0
216,0.0,0.0,1.0,0.0
217,0.0,1.0,0.0,0.0
218,0.0,1.0,0.0,0.0
219,0.0,0.0,0.0,1.0
220,,,,
221,0.5,0.0,0.5,0.0
222,0.0,0.0,1.0,0.0
223,0.0,0.0,0.6,0.4
224,0.5,0.5,0.0,0.0
225,0.0,0.0,1.0,0.0
226,,,,
227,0.0,0.0,0.0,1.0
228,0.6,0.0,0.4,0.0
229,0.0,0.0,1.0,0.0
230,0.25,0.0,0.25,0.5
231,0.0,0.5714285714285714,0.42857142857142855,0.0
232,,,,
233,0.0,0.5,0.0,0.5
234,,,,
235,0.0,0.0,0.0,1.0
236,,,,
237,0.0,0.0,0.0,1.0
238,,,,
239,0.0,0.0,1.0,0.0
240,0.0,0.0,1.0,0.0
241,,,,
242,0.0,0.0,1.0,0.0
243,0.0,0.0,1.0,0.0
244,,,,
245,,,,
246,0.0,0.0,0.3333333333333333,0.6666666666666666
247,0.0,0.0,1.0,0.0
248,,,,
249,,,,
250,1.0,0.0,0.0,0.0
251,0.0,0.0,0.0,1.0
252,1.0,0.0,0.0,0.0
253,,,,
254,,,,
255,0.0,0.0,1.0,0.0
256,1.0,0.0,0.0,0.0
257,0.0,0.0,0.0,1.0
258,0.0,1.0,0.0,0.0
259,0.0,0.0,0.0,1.0
260,0.0,0.0,0.0,1.0
261,,,,
262,,,,
263,0.5,0.5,0.0,0.0
264,,,,
265,,,,
266,,,,
267,,,,
268,0.0,1.0,0.0,0.0
269,1.0,0.0,0.0,0.0
270,,,,
271,0.0,0.0,1.0,0.0
272,0.0,1.0,0.0,0.0
273,0.8333333333333334,0.0,0.0,0.16666666666666666
274,0.0,1.0,0.0,0.0
275,0.16666666666666666,0.3333333333333333,0.0,0.5
276,,,,
277,,,,
278,,,,
279,,,,
280,0.0,0.0,0.0,1.0
281,0.0,0.0,0.0,1.0
282,,,,
283,,,,
284,,,,
285,1.0,0.0,0.0,0.0
286,,,,
287,0.0,0.0,1.0,0.0
288,,,,
289,,,,
290,,,,
291,,,,
292,,,,
293,,,,
294,,,,
295,,,,
296,,,,
297,,,,
298,,,,
299,,,,
300,,,,
301,,,,
302,,,,
303,,,,
304,,,,
305,,,,
306,,,,
307,,,,
308,,,,
309,,,,
310,,,,
