,A,C,G,T
0,,,,
1,,,,
2,0.0,1.0,0.0,0.0
3,0.0,0.0,1.0,0.0
4,0.0,0.75,0.25,0.0
5,1.0,0.0,0.0,0.0
6,,,,
7,0.0,1.0,0.0,0.0
8,0.9696969696969697,0.030303030303030304,0.0,0.0
9,0.0,0.0,0.0,1.0
10,1.0,0.0,0.0,0.0
11,,,,
12,0.0,0.5,0.0,0.5
13,0.5,0.5,0.0,0.0
14,0.7272727272727273,0.0,0.0,0.2727272727272727
15,,,,
16,,,,
17,,,,
18,,,,
19,,,,
20,0.0,1.0,0.0,0.0
21,,,,
22,0.0,1.0,0.0,0.0
23,,,,
24,0.5714285714285714,0.14285714285714285,0.0,0.2857142857142857
25,,,,
26,,,,
27,0.0,0.0,0.0,1.0
28,0.0,0.8,0.2,0.0
29,0.5,0.0,0.0,0.5
30,0.75,0.0,0.0,0.25
31,0.0,0.5,0.5,0.0
32,,,,
33,0.0,1.0,0.0,0.0
34,0.0,0.0,1.0,0.0
35,1.0,0.0,0.0,0.0
36,0.0,0.15384615384615385,0.8461538461538461,0.0
37,0.0,0.0,1.0,0.0
38,0.0,0.0,0.0,1.0
39,0.0,0.9166666666666666,0.08333333333333333,0.0
40,,,,
41,0.0,0.6,0.4,0.0
42,,,,
43,0.0,0.0,0.0,1.0
44,,,,
45,,,,
46,0.0,0.0,1.0,0.0
47,0.0625,0.0,0.9375,0.0
48,0.0,1.0,0.0,0.0
49,0.0,0.0,0.0,1.0
50,0.0,0.6666666666666666,0.3333333333333333,0.0
51,0.75,0.25,0.0,0.0
52,0.0,0.5,0.5,0.0
53,0.6521739130434783,0.30434782608695654,0.0,0.043478260869565216
54,,,,
55,0.0,0.8,0.2,0.0
56,0.9166666666666666,0.041666666666666664,0.0,0.041666666666666664
57,0.5111111111111111,0.4888888888888889,0.0,0.0
58,0.0,0.8181818181818182,0.18181818181818182,0.0
59,0.0,0.9545454545454546,0.045454545454545456,0.0
60,1.0,0.0,0.0,0.0
61,1.0,0.0,0.0,0.0
62,0.0,0.0,0.2,0.8
63,0.0,1.0,0.0,0.0
64,,,,
65,0.0,0.0,0.0,1.0
66,0.0,0.047619047619047616,0.5238095238095238,0.42857142857142855
67,0.0,0.53125,0.46875,0.0
68,,,,
69,0.4,0.0,0.0,0.6
70,,,,
71,0.0,1.0,0.0,0.0
72,0.0,0.5,0.5,0.0
73,1.0,0.0,0.0,0.0
74,0.09090909090909091,0.0,0.45454545454545453,0.45454545454545453
75,,,,
76,0.75,0.16666666666666666,0.0,0.08333333333333333
77,0.0,0.4166666666666667,0.5833333333333334,0.0
78,0.631578947368421,0.10526315789473684,0.2631578947368421,0.0
79,0.0,0.21428571428571427,0.5714285714285714,0.21428571428571427
80,0.3333333333333333,0.0,0.6666666666666666,0.0
81,0.0,0.5,0.5,0.0
82,0.034482758620689655,0.0,0.7931034482758621,0.1724137931034483
83,0.8,0.0,0.06666666666666667,0.13333333333333333
84,0.0,1.0,0.0,0.0
85,0.0,1.0,0.0,0.0
86,0.6,0.0,0.0,0.4
87,0.0,0.16666666666666666,0.75,0.08333333333333333
88,0.0,0.0,1.0,0.0
89,0.5,0.0,0.25,0.25
90,0.6842105263157895,0.21052631578947367,0.10526315789473684,0.0
91,0.0,1.0,0.0,0.0
92,0.038461538461538464,0.0,0.038461538461538464,0.9230769230769231
93,0.0,0.0,0.6666666666666666,0.3333333333333333
94,0.0,0.8,0.0,0.2
95,0.07407407407407407,0.0,0.4074074074074074,0.5185185185185185
96,0.6470588235294118,0.35294117647058826,0.0,0.0
97,0.0,0.14285714285714285,0.07142857142857142,0.7857142857142857
98,0.0,0.0,0.07692307692307693,0.9230769230769231
99,0.038461538461538464,0.0,0.6923076923076923,0.2692307692307692
100,,,,
101,0.5428571428571428,0.11428571428571428,0.0,0.34285714285714286
102,0.7857142857142857,0.0,0.0,0.21428571428571427
103,0.0,0.6,0.2,0.2
104,0.0,0.0,0.0,1.0
105,,,,
106,,,,
107,,,,
108,0.25,0.25,0.0,0.5
109,,,,
110,0.8,0.2,0.0,0.0
111,0.0,0.0,0.0,1.0
112,0.0,0.0,0.0,1.0
113,0.0,0.08333333333333333,0.9166666666666666,0.0
114,,,,
115,0.0,1.0,0.0,0.0
116,1.0,0.0,0.0,0.0
117,,,,
118,0.0,0.0,0.0,1.0
119,,,,
120,,,,
121,,,,
122,0.0,0.0,0.0,1.0
123,,,,
124,,,,
125,0.0,0.0,1.0,0.0
126,0.3333333333333333,0.0,0.6666666666666666,0.0
127,,,,
128,0.0,0.05,0.4,0.55
129,0.0,1.0,0.0,0.0
130,0.0,0.0,1.0,0.0
131,0.8666666666666667,0.13333333333333333,0.0,0.0
132,,,,
133,0.0,1.0,0.0,0.0
134,0.0,0.16666666666666666,0.8333333333333334,0.0
135,0.0,0.0,0.0,1.0
136,0.0,0.0,0.0,1.0
137,1.0,0.0,0.0,0.0
138,0.0,0.0,1.0,0.0
139,,,,
140,,,,
141,0.0,1.0,0.0,0.0
142,,,,
143,0.5,0.0,0.0,0.5
144,1.0,0.0,0.0,0.0
145,1.0,0.0,0.0,0.0
146,0.0,0.041666666666666664,0.7916666666666666,0.16666666666666666
147,0.625,0.1875,0.1875,0.0
148,0.375,0.25,0.0,0.375
149,0.14285714285714285,0.6428571428571429,0.0,0.21428571428571427
150,0.0,0.25,0.625,0.125
151,0.0,0.0,1.0,0.0
152,0.2857142857142857,0.0,0.7142857142857143,0.0
153,0.0,0.4444444444444444,0.1111111111111111,0.4444444444444444
154,0.8,0.0,0.0,0.2
155,0.0,0.13043478260869565,0.043478260869565216,0.8260869565217391
156,0.02857142857142857,0.0,0.5428571428571428,0.42857142857142855
157,0.2857142857142857,0.0,0.0,0.7142857142857143
158,0.3142857142857143,0.34285714285714286,0.34285714285714286,0.0
159,0.0,0.18181818181818182,0.8181818181818182,0.0
160,0.2916666666666667,0.625,0.08333333333333333,0.0
161,0.11764705882352941,0.0,0.8823529411764706,0.0
162,0.0,0.125,0.75,0.125
163,0.0,1.0,0.0,0.0
164,0.0,0.9565217391304348,0.043478260869565216,0.0
165,0.4,0.0,0.0,0.6
166,0.9047619047619048,0.09523809523809523,0.0,0.0
167,0.75,0.075,0.175,0.0
168,0.0,0.2222222222222222,0.6666666666666666,0.1111111111111111
169,0.0,0.6666666666666666,0.3333333333333333,0.0
170,0.5957446808510638,0.0,0.02127659574468085,0.3829787234042553
171,0.0,0.1,0.9,0.0
172,0.0,0.0,0.6666666666666666,0.3333333333333333
173,0.7857142857142857,0.0,0.21428571428571427,0.0
174,0.0,0.21739130434782608,0.6956521739130435,0.08695652173913043
175,0.0,0.5,0.5,0.0
176,0.11764705882352941,0.0,0.47058823529411764,0.4117647058823529
177,0.1,0.0,0.9,0.0
178,0.0,0.3333333333333333,0.0,0.6666666666666666
179,0.0,0.0,0.05,0.95
180,0.6666666666666666,0.0,0.0,0.3333333333333333
181,0.75,0.0,0.25,0.0
182,0.0,0.6060606060606061,0.3939393939393939,0.0
183,0.0,0.0,0.6,0.4
184,0.0,0.03571428571428571,0.9642857142857143,0.0
185,0.3333333333333333,0.6666666666666666,0.0,0.0
186,0.0,0.9444444444444444,0.0,0.05555555555555555
187,0.0,0.034482758620689655,0.9655172413793104,0.0
188,0.0,0.0,0.9230769230769231,0.07692307692307693
189,0.0,0.0,1.0,0.0
190,0.0,0.2,0.8,0.0
191,0.043478260869565216,0.0,0.043478260869565216,0.9130434782608695
192,,,,
193,0.0,0.0,0.9333333333333333,0.06666666666666667
194,0.4444444444444444,0.5555555555555556,0.0,0.0
195,1.0,0.0,0.0,0.0
196,0.0,0.034482758620689655,0.9655172413793104,0.0
197,1.0,0.0,0.0,0.0
198,0.0,0.5,0.0,0.5
199,,,,
200,,,,
201,0.1111111111111111,0.6666666666666666,0.0,0.2222222222222222
202,0.0,0.0,1.0,0.0
203,0.25,0.0,0.75,0.0
204,0.0,0.058823529411764705,0.23529411764705882,0.7058823529411765
205,0.38461538461538464,0.0,0.23076923076923078,0.38461538461538464
206,0.0,0.0,0.0,1.0
207,0.0,0.5294117647058824,0.08823529411764706,0.38235294117647056
208,0.5,0.0,0.5,0.0
209,0.030303030303030304,0.6060606060606061,0.36363636363636365,0.0
210,0.0,0.0,0.16666666666666666,0.8333333333333334
211,0.4444444444444444,0.0,0.0,0.5555555555555556
212,0.0,0.0,0.8947368421052632,0.10526315789473684
213,0.0,0.15789473684210525,0.5789473684210527,0.2631578947368421
214,0.0,0.8125,0.0,0.1875
215,0.16666666666666666,0.2777777777777778,0.0,0.5555555555555556
216,0.6,0.0,0.0,0.4
217,0.0,0.3333333333333333,0.5,0.16666666666666666
218,,,,
219,0.0,0.3333333333333333,0.5416666666666666,0.125
220,0.6491228070175439,0.3157894736842105,0.0,0.03508771929824561
221,0.23076923076923078,0.5769230769230769,0.0,0.19230769230769232
222,,,,
223,1.0,0.0,0.0,0.0
224,0.36,0.28,0.36,0.0
225,0.0,0.6888888888888889,0.022222222222222223,0.28888888888888886
226,0.7857142857142857,0.21428571428571427,0.0,0.0
227,0.3333333333333333,0.6666666666666666,0.0,0.0
228,0.0,0.15384615384615385,0.8461538461538461,0.0
229,0.26666666666666666,0.7333333333333333,0.0,0.0
230,0.16666666666666666,0.0,0.0,0.8333333333333334
231,0.0,0.6,0.4,0.0
232,0.0,0.0,0.0,1.0
233,0.0,0.18518518518518517,0.14814814814814814,0.6666666666666666
234,1.0,0.0,0.0,0.0
235,0.038461538461538464,0.0,0.0,0.9615384615384616
236,0.0,0.0,0.07692307692307693,0.9230769230769231
237,0.0,0.5,0.5,0.0
238,0.0,0.25,0.25,0.5
239,0.058823529411764705,0.0,0.0,0.9411764705882353
240,0.0,0.9459459459459459,0.0,0.05405405405405406
241,0.0,1.0,0.0,0.0
242,0.5,0.5,0.0,0.0
243,0.3333333333333333,0.3333333333333333,0.0,0.3333333333333333
244,,,,
245,0.9743589743589743,0.02564102564102564,0.0,0.0
246,0.1111111111111111,0.0,0.5,0.3888888888888889
247,0.5,0.0,0.5,0.0
248,0.2857142857142857,0.6428571428571429,0.0,0.07142857142857142
249,0.0,0.3076923076923077,0.5769230769230769,0.11538461538461539
250,0.30303030303030304,0.6363636363636364,0.0,0.06060606060606061
251,0.0,0.0,0.0,1.0
252,0.0,0.5,0.5,0.0
253,1.0,0.0,0.0,0.0
254,0.0,0.0,0.4583333333333333,0.5416666666666666
255,0.5,0.0,0.0,0.5
256,0.0,0.0,1.0,0.0
257,0.9285714285714286,0.07142857142857142,0.0,0.0
258,0.0,0.875,0.125,0.0
259,0.3958333333333333,0.6041666666666666,0.0,0.0
260,0.0,0.3333333333333333,0.5555555555555556,0.1111111111111111
261,0.0,0.3333333333333333,0.6666666666666666,0.0
262,0.5652173913043478,0.0,0.0,0.43478260869565216
263,0.3333333333333333,0.16666666666666666,0.5,0.0
264,0.0,1.0,0.0,0.0
265,0.0,1.0,0.0,0.0
266,0.5714285714285714,0.35714285714285715,0.0,0.07142857142857142
267,0.5,0.0,0.0,0.5
268,,,,
269,0.0,0.0,0.0,1.0
270,0.0,0.25,0.0,0.75
271,0.0,0.0,0.0,1.0
272,0.0,0.5,0.5,0.0
273,,,,
274,0.0,0.0,1.0,0.0
275,,,,
276,0.0,0.0,0.7,0.3
277,0.0,0.9583333333333334,0.041666666666666664,0.0
278,0.6833333333333333,0.16666666666666666,0.0,0.15
279,,,,
280,0.0,0.0,0.0,1.0
281,0.0,0.9166666666666666,0.08333333333333333,0.0
282,0.0,0.0,1.0,0.0
283,0.0,0.0,0.0625,0.9375
284,0.0,0.0,0.0,1.0
285,0.0,0.3333333333333333,0.6666666666666666,0.0
286,0.0,0.5,0.0,0.5
287,0.0,0.5,0.5,0.0
288,0.5294117647058824,0.0,0.0,0.47058823529411764
289,0.0,0.0,0.5714285714285714,0.42857142857142855
290,0.0,0.0,1.0,0.0
291,0.0,0.0,0.5,0.5
292,,,,
293,0.0,0.0,0.0,1.0
294,0.0,0.0,1.0,0.0
295,,,,
296,,,,
297,0.0,0.0,0.0,1.0
298,,,,
299,,,,
300,,,,
301,,,,
302,,,,
303,,,,
304,,,,
305,,,,
306,,,,
307,,,,
308,,,,
309,,,,
310,,,,
311,,,,
312,,,,
313,,,,
314,,,,
315,,,,
