,A,C,G,T
0,,,,
1,,,,
2,,,,
3,0.0,1.0,0.0,0.0
4,0.75,0.0,0.25,0.0
5,0.6666666666666666,0.0,0.0,0.3333333333333333
6,0.3333333333333333,0.0,0.3333333333333333,0.3333333333333333
7,0.0,1.0,0.0,0.0
8,0.46153846153846156,0.38461538461538464,0.0,0.15384615384615385
9,0.0,0.0,0.4,0.6
10,,,,
11,0.3333333333333333,0.3333333333333333,0.0,0.3333333333333333
12,0.0,1.0,0.0,0.0
13,0.8571428571428571,0.14285714285714285,0.0,0.0
14,0.0,1.0,0.0,0.0
15,0.14285714285714285,0.7142857142857143,0.0,0.14285714285714285
16,0.0,0.75,0.0,0.25
17,0.25,0.0,0.71875,0.03125
18,0.0,0.0,1.0,0.0
19,,,,
20,0.0,0.0,1.0,0.0
21,0.0,0.0,0.0,1.0
22,,,,
23,0.0,0.5,0.0,0.5
24,,,,
25,0.0,0.0,0.0,1.0
26,0.0,0.5,0.0,0.5
27,,,,
28,1.0,0.0,0.0,0.0
29,0.0,0.0,0.0,1.0
30,0.0,0.0,0.0,1.0
31,0.5,0.5,0.0,0.0
32,0.6,0.0,0.0,0.4
33,,,,
34,0.0,1.0,0.0,0.0
35,,,,
36,0.25,0.0,0.0,0.75
37,0.0,0.3333333333333333,0.6666666666666666,0.0
38,0.0,1.0,0.0,0.0
39,0.0,0.0,0.0,1.0
40,0.0,0.0,1.0,0.0
41,0.5,0.5,0.0,0.0
42,0.25,0.5,0.0,0.25
43,0.5,0.5,0.0,0.0
44,0.0,0.5,0.0,0.5
45,0.0,0.2857142857142857,0.7142857142857143,0.0
46,0.7272727272727273,0.2727272727272727,0.0,0.0
47,0.5,0.0,0.0,0.5
48,,,,
49,0.0,0.0,0.5,0.5
50,0.0,0.0,0.0,1.0
51,0.0,0.0,0.0,1.0
52,0.0,1.0,0.0,0.0
53,0.5,0.5,0.0,0.0
54,0.0,0.0,1.0,0.0
55,0.09090909090909091,0.7272727272727273,0.0,0.18181818181818182
56,0.0,0.6666666666666666,0.3333333333333333,0.0
57,,,,
58,0.0,0.2,0.8,0.0
59,0.5,0.0,0.5,0.0
60,0.5,0.16666666666666666,0.3333333333333333,0.0
61,0.3333333333333333,0.0,0.3333333333333333,0.3333333333333333
62,0.0,0.0,1.0,0.0
63,0.0,0.5,0.5,0.0
64,,,,
65,0.0,0.5,0.5,0.0
66,0.5714285714285714,0.14285714285714285,0.0,0.2857142857142857
67,0.2857142857142857,0.0,0.14285714285714285,0.5714285714285714
68,0.0,0.16666666666666666,0.6666666666666666,0.16666666666666666
69,,,,
70,0.0,0.0,0.6666666666666666,0.3333333333333333
71,0.3333333333333333,0.0,0.3333333333333333,0.3333333333333333
72,0.0,0.5,0.5,0.0
73,,,,
74,0.16666666666666666,0.6666666666666666,0.16666666666666666,0.0
75,0.7777777777777778,0.2222222222222222,0.0,0.0
76,0.1875,0.0,0.6875,0.125
77,0.0,0.5714285714285714,0.14285714285714285,0.2857142857142857
78,0.0,1.0,0.0,0.0
79,,,,
80,0.0,0.0,0.0,1.0
81,0.0,0.7058823529411765,0.23529411764705882,0.058823529411764705
82,0.2727272727272727,0.0,0.45454545454545453,0.2727272727272727
83,0.0,0.0,0.3333333333333333,0.6666666666666666
84,0.09090909090909091,0.8181818181818182,0.09090909090909091,0.0
85,0.0,1.0,0.0,0.0
86,0.5,0.0,0.16666666666666666,0.3333333333333333
87,0.0,0.375,0.5,0.125
88,0.5,0.5,0.0,0.0
89,0.75,0.25,0.0,0.0
90,0.0,0.1111111111111111,0.6111111111111112,0.2777777777777778
91,0.45161290322580644,0.3870967741935484,0.0,0.16129032258064516
92,0.18181818181818182,0.0,0.09090909090909091,0.7272727272727273
93,0.0,1.0,0.0,0.0
94,0.0,0.4444444444444444,0.0,0.5555555555555556
95,0.0,0.7142857142857143,0.2857142857142857,0.0
96,0.5,0.21428571428571427,0.0,0.2857142857142857
97,0.375,0.0,0.25,0.375
98,0.5,0.3888888888888889,0.1111111111111111,0.0
99,0.0,0.5,0.375,0.125
100,0.0,0.0,1.0,0.0
101,0.16666666666666666,0.16666666666666666,0.0,0.6666666666666666
102,1.0,0.0,0.0,0.0
103,0.0,0.6666666666666666,0.0,0.3333333333333333
104,0.14285714285714285,0.0,0.0,0.8571428571428571
105,,,,
106,,,,
107,0.0,0.0,0.0,1.0
108,0.6666666666666666,0.0,0.0,0.3333333333333333
109,,,,
110,,,,
111,,,,
112,0.0,0.0,0.0,1.0
113,,,,
114,1.0,0.0,0.0,0.0
115,0.0,0.3333333333333333,0.6666666666666666,0.0
116,0.3333333333333333,0.6666666666666666,0.0,0.0
117,0.25,0.5,0.0,0.25
118,0.0,0.0,1.0,0.0
119,0.0,0.5,0.5,0.0
120,,,,
121,,,,
122,0.0,0.0,0.0,1.0
123,,,,
124,,,,
125,0.0,0.0,0.0,1.0
126,0.0,0.0,1.0,0.0
127,0.0,0.4,0.4,0.2
128,,,,
129,,,,
130,0.0,1.0,0.0,0.0
131,0.3333333333333333,0.3333333333333333,0.0,0.3333333333333333
132,0.5,0.0,0.0,0.5
133,0.0,0.7142857142857143,0.2857142857142857,0.0
134,0.0,0.08333333333333333,0.6111111111111112,0.3055555555555556
135,0.0,1.0,0.0,0.0
136,0.0,0.0,0.75,0.25
137,0.75,0.125,0.0,0.125
138,0.0,0.0,1.0,0.0
139,0.5,0.0,0.0,0.5
140,,,,
141,0.4444444444444444,0.1111111111111111,0.0,0.4444444444444444
142,0.0,0.0,1.0,0.0
143,0.25,0.25,0.0,0.5
144,0.4,0.0,0.0,0.6
145,0.0,0.0,1.0,0.0
146,0.0,0.125,0.0,0.875
147,0.10526315789473684,0.5263157894736842,0.0,0.3684210526315789
148,0.375,0.5,0.125,0.0
149,0.4,0.5,0.1,0.0
150,0.0,0.3333333333333333,0.6666666666666666,0.0
151,0.0,1.0,0.0,0.0
152,0.0,0.24,0.12,0.64
153,0.2857142857142857,0.14285714285714285,0.5714285714285714,0.0
154,0.0,0.0,0.3333333333333333,0.6666666666666666
155,0.0,0.0,1.0,0.0
156,0.13333333333333333,0.6,0.26666666666666666,0.0
157,0.0,0.375,0.125,0.5
158,0.0,0.6666666666666666,0.3333333333333333,0.0
159,0.3333333333333333,0.6666666666666666,0.0,0.0
160,0.0,0.0,0.0,1.0
161,0.0,0.8571428571428571,0.14285714285714285,0.0
162,0.0,0.0,0.0,1.0
163,0.375,0.5,0.0,0.125
164,0.0,0.3333333333333333,0.5,0.16666666666666666
165,0.0,0.0,0.6666666666666666,0.3333333333333333
166,0.34782608695652173,0.43478260869565216,0.0,0.21739130434782608
167,0.3684210526315789,0.3157894736842105,0.3157894736842105,0.0
168,0.0,0.29411764705882354,0.5294117647058824,0.17647058823529413
169,0.0,0.4375,0.25,0.3125
170,0.2,0.35,0.45,0.0
171,0.0,0.36363636363636365,0.6363636363636364,0.0
172,0.0,0.3333333333333333,0.3333333333333333,0.3333333333333333
173,0.0,0.375,0.625,0.0
174,0.14285714285714285,0.5714285714285714,0.2857142857142857,0.0
175,0.0,0.125,0.0,0.875
176,0.08333333333333333,0.0,0.08333333333333333,0.8333333333333334
177,0.5,0.5,0.0,0.0
178,0.0,0.5,0.0,0.5
179,0.0,0.0,0.0,1.0
180,0.5714285714285714,0.14285714285714285,0.0,0.2857142857142857
181,0.1111111111111111,0.0,0.3333333333333333,0.5555555555555556
182,0.0,0.0,0.5,0.5
183,0.8333333333333334,0.0,0.0,0.16666666666666666
184,0.0,0.5,0.3333333333333333,0.16666666666666666
185,0.0,0.0,0.5,0.5
186,0.0,0.25,0.75,0.0
187,,,,
188,0.0,0.0,0.0,1.0
189,,,,
190,0.0,1.0,0.0,0.0
191,0.0,1.0,0.0,0.0
192,0.0,0.15384615384615385,0.8461538461538461,0.0
193,0.0,0.2,0.6,0.2
194,,,,
195,1.0,0.0,0.0,0.0
196,,,,
197,1.0,0.0,0.0,0.0
198,,,,
199,,,,
200,0.0,0.6,0.2,0.2
201,0.0,1.0,0.0,0.0
202,,,,
203,,,,
204,0.0,0.0,0.5,0.5
205,0.0,0.0,0.3333333333333333,0.6666666666666666
206,,,,
207,0.0,0.0,1.0,0.0
208,,,,
209,0.25,0.0,0.25,0.5
210,1.0,0.0,0.0,0.0
211,0.0,0.0,1.0,0.0
212,,,,
213,,,,
214,0.0,1.0,0.0,0.0
215,0.0,0.0,1.0,0.0
216,1.0,0.0,0.0,0.0
217,,,,
218,0.0,0.0,1.0,0.0
219,0.0,0.0,1.0,0.0
220,0.0,0.0,0.0,1.0
221,0.125,0.875,0.0,0.0
222,0.5,0.25,0.25,0.0
223,0.3333333333333333,0.0,0.0,0.6666666666666666
224,0.0,0.0,0.5,0.5
225,0.0,0.25,0.75,0.0
226,0.0,0.25,0.75,0.0
227,0.25,0.5,0.0,0.25
228,0.0,0.0,0.5,0.5
229,0.0,0.3333333333333333,0.6666666666666666,0.0
230,0.3333333333333333,0.0,0.06666666666666667,0.6
231,0.0,0.0,1.0,0.0
232,0.125,0.0,0.0,0.875
233,0.7333333333333333,0.13333333333333333,0.0,0.13333333333333333
234,0.2222222222222222,0.0,0.4444444444444444,0.3333333333333333
235,0.25,0.75,0.0,0.0
236,0.3076923076923077,0.3076923076923077,0.0,0.38461538461538464
237,0.0,0.6666666666666666,0.3333333333333333,0.0
238,0.0,0.2,0.0,0.8
239,,,,
240,0.1,0.0,0.1,0.8
241,,,,
242,0.5714285714285714,0.42857142857142855,0.0,0.0
243,0.0,0.0,1.0,0.0
244,,,,
245,0.0,0.2,0.8,0.0
246,0.0,0.0,1.0,0.0
247,0.0,1.0,0.0,0.0
248,0.6666666666666666,0.3333333333333333,0.0,0.0
249,0.0,0.2857142857142857,0.7142857142857143,0.0
250,0.0,0.0,0.4,0.6
251,0.0,0.0,0.4,0.6
252,0.0,0.0,1.0,0.0
253,0.75,0.25,0.0,0.0
254,0.14285714285714285,0.0,0.0,0.8571428571428571
255,0.0,0.0,0.0,1.0
256,,,,
257,0.6,0.4,0.0,0.0
258,0.0,0.25,0.75,0.0
259,0.2,0.8,0.0,0.0
260,0.0,0.5,0.5,0.0
261,0.5,0.5,0.0,0.0
262,0.14285714285714285,0.0,0.21428571428571427,0.6428571428571429
263,1.0,0.0,0.0,0.0
264,0.0,1.0,0.0,0.0
265,0.0,0.3333333333333333,0.3333333333333333,0.3333333333333333
266,0.5833333333333334,0.3333333333333333,0.0,0.08333333333333333
267,1.0,0.0,0.0,0.0
268,,,,
269,0.0,0.0,0.0,1.0
270,0.0,0.0,0.5,0.5
271,0.0,0.0,0.0,1.0
272,1.0,0.0,0.0,0.0
273,,,,
274,0.0,0.0,1.0,0.0
275,0.0,1.0,0.0,0.0
276,0.4166666666666667,0.5833333333333334,0.0,0.0
277,0.0,1.0,0.0,0.0
278,0.42424242424242425,0.42424242424242425,0.0,0.15151515151515152
279,,,,
280,0.0,0.0,0.0,1.0
281,0.0,1.0,0.0,0.0
282,0.0,1.0,0.0,0.0
283,0.0,0.1,0.0,0.9
284,0.0,0.0,0.0,1.0
285,0.0,0.0,1.0,0.0
286,0.0,1.0,0.0,0.0
287,0.0,1.0,0.0,0.0
288,1.0,0.0,0.0,0.0
289,0.0,0.0,0.0,1.0
290,,,,
291,0.0,0.6666666666666666,0.3333333333333333,0.0
292,0.25,0.75,0.0,0.0
293,,,,
294,0.0,0.5,0.5,0.0
295,0.3333333333333333,0.0,0.0,0.6666666666666666
296,,,,
297,,,,
298,0.0,1.0,0.0,0.0
299,,,,
300,,,,
301,,,,
302,,,,
303,,,,
304,,,,
305,,,,
306,0.0,0.0,0.0,1.0
307,,,,
308,,,,
309,,,,
310,,,,
311,,,,
312,,,,
313,,,,
