,A,C,G,T
0,,,,
1,,,,
2,1.0,0.0,0.0,0.0
3,,,,
4,1.0,0.0,0.0,0.0
5,1.0,0.0,0.0,0.0
6,,,,
7,0.0,0.0,1.0,0.0
8,0.9117647058823529,0.08823529411764706,0.0,0.0
9,0.0,0.0,0.14285714285714285,0.8571428571428571
10,0.0,1.0,0.0,0.0
11,0.0,0.3333333333333333,0.5555555555555556,0.1111111111111111
12,1.0,0.0,0.0,0.0
13,0.0,0.0,0.0,1.0
14,0.8421052631578947,0.05263157894736842,0.0,0.10526315789473684
15,0.25,0.0,0.75,0.0
16,0.0,0.5,0.0,0.5
17,1.0,0.0,0.0,0.0
18,0.0,0.75,0.25,0.0
19,0.0,1.0,0.0,0.0
20,0.0,0.0,0.0,1.0
21,,,,
22,,,,
23,,,,
24,0.9090909090909091,0.0,0.0,0.09090909090909091
25,0.0,0.0,1.0,0.0
26,0.0,0.0,1.0,0.0
27,0.0,1.0,0.0,0.0
28,,,,
29,0.0,0.07407407407407407,0.9259259259259259,0.0
30,,,,
31,0.0,1.0,0.0,0.0
32,0.5,0.2,0.0,0.3
33,0.0,0.3333333333333333,0.6666666666666666,0.0
34,0.0,0.0,1.0,0.0
35,0.0,0.5,0.0,0.5
36,0.0,1.0,0.0,0.0
37,0.0,0.0,1.0,0.0
38,0.5,0.0,0.0,0.5
39,,,,
40,,,,
41,0.8461538461538461,0.15384615384615385,0.0,0.0
42,0.0,0.0,1.0,0.0
43,,,,
44,0.0,0.0,0.0,1.0
45,0.0,0.0,0.0,1.0
46,0.0,1.0,0.0,0.0
47,0.0,1.0,0.0,0.0
48,,,,
49,0.0,0.0,0.0,1.0
50,0.0,0.0,1.0,0.0
51,0.0,0.0,0.0,1.0
52,,,,
53,,,,
54,,,,
55,1.0,0.0,0.0,0.0
56,1.0,0.0,0.0,0.0
57,1.0,0.0,0.0,0.0
58,0.0,0.6666666666666666,0.3333333333333333,0.0
59,,,,
60,0.0,0.0,0.25,0.75
61,0.25,0.0,0.625,0.125
62,0.3333333333333333,0.0,0.0,0.6666666666666666
63,,,,
64,,,,
65,0.0,0.0,0.0,1.0
66,0.9090909090909091,0.0,0.0,0.09090909090909091
67,0.2,0.0,0.8,0.0
68,1.0,0.0,0.0,0.0
69,1.0,0.0,0.0,0.0
70,,,,
71,0.0,0.0,0.8275862068965517,0.1724137931034483
72,0.4,0.2,0.4,0.0
73,0.0,0.9487179487179487,0.0,0.05128205128205128
74,0.0,1.0,0.0,0.0
75,0.6666666666666666,0.0,0.0,0.3333333333333333
76,0.6666666666666666,0.0,0.0,0.3333333333333333
77,0.0,0.1,0.9,0.0
78,0.8571428571428571,0.0,0.0,0.14285714285714285
79,0.7222222222222222,0.25,0.0,0.027777777777777776
80,1.0,0.0,0.0,0.0
81,0.04,0.92,0.04,0.0
82,0.0,0.0,0.0,1.0
83,1.0,0.0,0.0,0.0
84,0.05,0.925,0.025,0.0
85,0.0,1.0,0.0,0.0
86,0.5,0.0,0.0,0.5
87,0.0,0.5,0.5,0.0
88,0.42424242424242425,0.5454545454545454,0.0,0.030303030303030304
89,0.07142857142857142,0.7857142857142857,0.14285714285714285,0.0
90,0.9473684210526315,0.05263157894736842,0.0,0.0
91,0.8888888888888888,0.07407407407407407,0.0,0.037037037037037035
92,0.0,0.7857142857142857,0.21428571428571427,0.0
93,0.0,1.0,0.0,0.0
94,0.0,0.8125,0.0,0.1875
95,0.0,0.0,0.0,1.0
96,0.1111111111111111,0.0,0.8888888888888888,0.0
97,0.0,0.25,0.025,0.725
98,0.0,0.0,0.25,0.75
99,,,,
100,1.0,0.0,0.0,0.0
101,,,,
102,0.0,0.16666666666666666,0.6666666666666666,0.16666666666666666
103,0.23684210526315788,0.6578947368421053,0.0,0.10526315789473684
104,0.0,0.0,0.06060606060606061,0.9393939393939394
105,,,,
106,,,,
107,,,,
108,0.0,0.1,0.9,0.0
109,0.0,0.0,1.0,0.0
110,0.0,0.0,0.0,1.0
111,,,,
112,1.0,0.0,0.0,0.0
113,0.0,0.0,0.5,0.5
114,1.0,0.0,0.0,0.0
115,0.0,0.0,1.0,0.0
116,,,,
117,0.35714285714285715,0.0,0.07142857142857142,0.5714285714285714
118,0.0,0.0,0.5,0.5
119,1.0,0.0,0.0,0.0
120,0.0,0.0,0.5,0.5
121,,,,
122,0.0,0.7857142857142857,0.21428571428571427,0.0
123,0.6666666666666666,0.3333333333333333,0.0,0.0
124,1.0,0.0,0.0,0.0
125,0.2,0.6,0.0,0.2
126,0.0,0.14285714285714285,0.8571428571428571,0.0
127,0.0,0.4666666666666667,0.4666666666666667,0.06666666666666667
128,1.0,0.0,0.0,0.0
129,1.0,0.0,0.0,0.0
130,0.0,1.0,0.0,0.0
131,0.25,0.125,0.0,0.625
132,0.0,0.0,0.0,1.0
133,0.0,0.0,1.0,0.0
134,1.0,0.0,0.0,0.0
135,0.0,1.0,0.0,0.0
136,,,,
137,1.0,0.0,0.0,0.0
138,0.0,0.5,0.5,0.0
139,,,,
140,,,,
141,0.0,1.0,0.0,0.0
142,,,,
143,,,,
144,,,,
145,0.0,1.0,0.0,0.0
146,0.8529411764705882,0.08823529411764706,0.0,0.058823529411764705
147,1.0,0.0,0.0,0.0
148,0.0,0.2,0.8,0.0
149,0.0,0.020833333333333332,0.9166666666666666,0.0625
150,0.0,0.0,0.9333333333333333,0.06666666666666667
151,0.0,1.0,0.0,0.0
152,0.25,0.0,0.5,0.25
153,0.0,0.2857142857142857,0.2857142857142857,0.42857142857142855
154,0.0,0.5609756097560976,0.4146341463414634,0.024390243902439025
155,0.0,0.0,0.0,1.0
156,0.1111111111111111,0.0,0.6666666666666666,0.2222222222222222
157,0.0,0.75,0.0,0.25
158,0.2692307692307692,0.6923076923076923,0.038461538461538464,0.0
159,0.0,0.7894736842105263,0.13157894736842105,0.07894736842105263
160,0.32,0.44,0.0,0.24
161,0.2608695652173913,0.08695652173913043,0.6521739130434783,0.0
162,0.0,0.0,0.0,1.0
163,0.5,0.0,0.0,0.5
164,0.0,0.3333333333333333,0.6666666666666666,0.0
165,0.0,0.16666666666666666,0.8333333333333334,0.0
166,0.14814814814814814,0.37037037037037035,0.0,0.48148148148148145
167,0.07692307692307693,0.0,0.23076923076923078,0.6923076923076923
168,0.0,0.0,1.0,0.0
169,0.0,0.0,0.3333333333333333,0.6666666666666666
170,0.2,0.0,0.8,0.0
171,0.0,0.6153846153846154,0.15384615384615385,0.23076923076923078
172,0.0,0.5833333333333334,0.4166666666666667,0.0
173,0.1111111111111111,0.0,0.5111111111111111,0.37777777777777777
174,0.0,0.16666666666666666,0.8333333333333334,0.0
175,0.0,0.4,0.06666666666666667,0.5333333333333333
176,0.0,0.0,0.0,1.0
177,0.0,0.0,1.0,0.0
178,0.0,0.06060606060606061,0.30303030303030304,0.6363636363636364
179,0.0,0.0,0.21428571428571427,0.7857142857142857
180,0.3333333333333333,0.0,0.3333333333333333,0.3333333333333333
181,0.0,0.0,0.0,1.0
182,0.0,1.0,0.0,0.0
183,0.5,0.0,0.5,0.0
184,,,,
185,0.5,0.0,0.5,0.0
186,,,,
187,0.0,0.0,1.0,0.0
188,0.0,0.0,0.15384615384615385,0.8461538461538461
189,0.0,0.1111111111111111,0.8888888888888888,0.0
190,0.0,0.3888888888888889,0.6111111111111112,0.0
191,0.4,0.5333333333333333,0.0,0.06666666666666667
192,0.0,0.0,1.0,0.0
193,0.045454545454545456,0.9545454545454546,0.0,0.0
194,0.0,1.0,0.0,0.0
195,,,,
196,0.0,0.0,0.0,1.0
197,0.0,0.25,0.75,0.0
198,0.47368421052631576,0.5263157894736842,0.0,0.0
199,0.0,1.0,0.0,0.0
200,0.4,0.0,0.4,0.2
201,0.0,0.06666666666666667,0.7333333333333333,0.2
202,0.09090909090909091,0.0,0.18181818181818182,0.7272727272727273
203,0.0,0.0,0.5,0.5
204,0.0,0.10344827586206896,0.034482758620689655,0.8620689655172413
205,0.0,0.0,1.0,0.0
206,0.0,0.19298245614035087,0.22807017543859648,0.5789473684210527
207,,,,
208,0.0,0.0,0.0,1.0
209,0.0,0.0,0.18518518518518517,0.8148148148148148
210,0.5882352941176471,0.35294117647058826,0.0,0.058823529411764705
211,0.0,0.9259259259259259,0.07407407407407407,0.0
212,0.0,0.24489795918367346,0.5306122448979592,0.22448979591836735
213,,,,
214,0.0,1.0,0.0,0.0
215,0.2,0.0,0.4,0.4
216,0.0,0.25806451612903225,0.7096774193548387,0.03225806451612903
217,0.16129032258064516,0.0,0.03225806451612903,0.8064516129032258
218,0.8571428571428571,0.10714285714285714,0.0,0.03571428571428571
219,0.2857142857142857,0.14285714285714285,0.5714285714285714,0.0
220,1.0,0.0,0.0,0.0
221,0.0,0.0,0.1935483870967742,0.8064516129032258
222,0.0,0.0,1.0,0.0
223,0.0,0.3,0.7,0.0
224,0.5,0.0,0.0,0.5
225,0.0,0.0,1.0,0.0
226,0.0,0.4444444444444444,0.4444444444444444,0.1111111111111111
227,0.14814814814814814,0.0,0.25925925925925924,0.5925925925925926
228,0.0,0.0,0.9565217391304348,0.043478260869565216
229,0.0,1.0,0.0,0.0
230,0.5454545454545454,0.2727272727272727,0.0,0.18181818181818182
231,0.06060606060606061,0.24242424242424243,0.696969696969697,0.0
232,1.0,0.0,0.0,0.0
233,0.16666666666666666,0.0,0.0,0.8333333333333334
234,0.0,0.0,1.0,0.0
235,0.25,0.0,0.0,0.75
236,0.10714285714285714,0.0,0.0,0.8928571428571429
237,0.03333333333333333,0.0,0.0,0.9666666666666667
238,,,,
239,0.9545454545454546,0.045454545454545456,0.0,0.0
240,0.0,0.25,0.5,0.25
241,0.0,0.0,0.6666666666666666,0.3333333333333333
242,0.6181818181818182,0.21818181818181817,0.0,0.16363636363636364
243,0.5434782608695652,0.0,0.06521739130434782,0.391304347826087
244,0.0,0.5,0.5,0.0
245,1.0,0.0,0.0,0.0
246,0.0,0.5,0.5,0.0
247,0.18181818181818182,0.7878787878787878,0.0,0.030303030303030304
248,0.022727272727272728,0.0,0.8636363636363636,0.11363636363636363
249,,,,
250,,,,
251,0.041666666666666664,0.8333333333333334,0.125,0.0
252,0.0,0.875,0.0,0.125
253,1.0,0.0,0.0,0.0
254,0.2,0.0,0.0,0.8
255,0.0,1.0,0.0,0.0
256,0.1,0.0,0.8,0.1
257,0.25,0.0,0.0,0.75
258,1.0,0.0,0.0,0.0
259,0.0,0.0,0.3333333333333333,0.6666666666666666
260,0.0,0.0,0.0,1.0
261,0.0,1.0,0.0,0.0
262,1.0,0.0,0.0,0.0
263,0.3333333333333333,0.0,0.0,0.6666666666666666
264,0.0,0.0,0.0,1.0
265,,,,
266,,,,
267,0.0,0.0,0.0,1.0
268,,,,
269,0.0,0.0,0.0,1.0
270,0.0,0.0,0.0,1.0
271,,,,
272,0.041666666666666664,0.0,0.0,0.9583333333333334
273,0.5714285714285714,0.35714285714285715,0.0,0.07142857142857142
274,,,,
275,0.17142857142857143,0.5285714285714286,0.0,0.3
276,1.0,0.0,0.0,0.0
277,,,,
278,,,,
279,,,,
280,0.0,0.0,0.0,1.0
281,0.09090909090909091,0.0,0.0,0.9090909090909091
282,,,,
283,1.0,0.0,0.0,0.0
284,0.0,0.0,0.0,1.0
285,,,,
286,0.0,1.0,0.0,0.0
287,,,,
288,,,,
289,,,,
290,,,,
291,,,,
292,,,,
293,,,,
294,,,,
295,,,,
296,,,,
297,,,,
298,,,,
299,,,,
300,,,,
301,,,,
302,,,,
303,,,,
