,A,C,G,T
0,,,,
1,,,,
2,0.8197674418604651,0.11918604651162791,0.0,0.061046511627906974
3,0.49570200573065903,0.3151862464183381,0.0,0.18911174785100288
4,0.24242424242424243,0.6303030303030303,0.12727272727272726,0.0
5,0.46226415094339623,0.2688679245283019,0.0,0.2688679245283019
6,0.4883720930232558,0.0,0.2558139534883721,0.2558139534883721
7,0.0,0.1206896551724138,0.49616858237547895,0.3831417624521073
8,0.4573353293413174,0.3375748502994012,0.0,0.20508982035928144
9,0.14333333333333334,0.0,0.10666666666666667,0.75
10,0.08333333333333333,0.75,0.16666666666666666,0.0
11,0.6007957559681698,0.10477453580901856,0.0,0.29442970822281167
12,0.29441624365482233,0.0,0.5786802030456852,0.12690355329949238
13,0.0,0.05517241379310345,0.5908045977011495,0.35402298850574715
14,0.7469879518072289,0.1144578313253012,0.0,0.13855421686746988
15,0.03676470588235294,0.6985294117647058,0.0,0.2647058823529412
16,0.0,0.5555555555555556,0.25,0.19444444444444445
17,0.8125,0.05357142857142857,0.0,0.13392857142857142
18,0.30612244897959184,0.16326530612244897,0.5306122448979592,0.0
19,0.2727272727272727,0.0,0.11363636363636363,0.6136363636363636
20,0.3898305084745763,0.1864406779661017,0.0,0.423728813559322
21,0.37333333333333335,0.2,0.0,0.4266666666666667
22,0.1518987341772152,0.20253164556962025,0.0,0.6455696202531646
23,0.11063829787234042,0.0,0.3872340425531915,0.502127659574468
24,0.39215686274509803,0.0,0.13725490196078433,0.47058823529411764
25,0.1896551724137931,0.0,0.7327586206896551,0.07758620689655173
26,0.0,0.33084112149532713,0.514018691588785,0.15514018691588785
27,0.5,0.4383561643835616,0.0,0.06164383561643835
28,0.15424164524421594,0.7583547557840618,0.0,0.08740359897172237
29,0.0,0.2772785622593068,0.5455712451861361,0.17715019255455713
30,0.017241379310344827,0.0,0.4876847290640394,0.49507389162561577
31,0.5058823529411764,0.2235294117647059,0.27058823529411763,0.0
32,0.3284457478005865,0.31085043988269795,0.0,0.36070381231671556
33,0.14736842105263157,0.7105263157894737,0.0,0.14210526315789473
34,0.15966386554621848,0.7647058823529411,0.07563025210084033,0.0
35,0.39552238805970147,0.20398009950248755,0.0,0.40049751243781095
36,0.0,0.36363636363636365,0.5941558441558441,0.04220779220779221
37,0.0,0.1648189209164819,0.8011825572801182,0.03399852180339985
38,0.5471698113207547,0.3132075471698113,0.0,0.13962264150943396
39,0.37735849056603776,0.0,0.21509433962264152,0.4075471698113208
40,0.4166666666666667,0.0,0.31666666666666665,0.26666666666666666
41,0.026865671641791045,0.9164179104477612,0.056716417910447764,0.0
42,0.1910828025477707,0.20382165605095542,0.6050955414012739,0.0
43,0.1503267973856209,0.0,0.13071895424836602,0.7189542483660131
44,0.0,0.2795527156549521,0.6230031948881789,0.09744408945686901
45,0.011506276150627616,0.0,0.9717573221757322,0.016736401673640166
46,0.0,0.36885245901639346,0.48360655737704916,0.14754098360655737
47,0.6747967479674797,0.12195121951219512,0.0,0.2032520325203252
48,0.0,0.5252525252525253,0.18181818181818182,0.29292929292929293
49,0.4430379746835443,0.0,0.3037974683544304,0.25316455696202533
50,0.21195652173913043,0.0,0.23369565217391305,0.5543478260869565
51,0.15492957746478872,0.0,0.2676056338028169,0.5774647887323944
52,0.21428571428571427,0.40476190476190477,0.38095238095238093,0.0
53,0.3688888888888889,0.37777777777777777,0.0,0.25333333333333335
54,0.4882943143812709,0.12374581939799331,0.3879598662207358,0.0
55,0.20833333333333334,0.0,0.08333333333333333,0.7083333333333334
56,0.14285714285714285,0.0,0.41133004926108374,0.4458128078817734
57,0.27102803738317754,0.0,0.5887850467289719,0.14018691588785046
58,0.1320754716981132,0.6792452830188679,0.18867924528301888,0.0
59,0.24362606232294617,0.0,0.48441926345609065,0.2719546742209632
60,0.0,0.23137876386687797,0.1410459587955626,0.6275752773375595
61,0.11222780569514237,0.0,0.4472361809045226,0.440536013400335
62,0.1669266770670827,0.0,0.3494539781591264,0.4836193447737909
63,0.22413793103448276,0.5344827586206896,0.2413793103448276,0.0
64,0.23684210526315788,0.23684210526315788,0.0,0.5263157894736842
65,0.022857142857142857,0.0,0.002857142857142857,0.9742857142857143
66,0.0,0.13580246913580246,0.36891793754538854,0.495279593318809
67,0.1680161943319838,0.0,0.6589068825910931,0.17307692307692307
68,0.3031026252983294,0.5155131264916468,0.18138424821002386,0.0
69,0.31666666666666665,0.2833333333333333,0.0,0.4
70,0.11214953271028037,0.5327102803738317,0.35514018691588783,0.0
71,0.06642066420664207,0.0,0.6217712177121771,0.3118081180811808
72,0.18886679920477137,0.6520874751491054,0.15904572564612326,0.0
73,0.33064516129032256,0.0,0.08870967741935484,0.5806451612903226
74,0.1284153005464481,0.6666666666666666,0.20491803278688525,0.0
75,0.37960339943342775,0.37393767705382436,0.0,0.24645892351274787
76,0.5756880733944955,0.20642201834862386,0.0,0.21788990825688073
77,0.24213075060532688,0.576271186440678,0.18159806295399517,0.0
78,0.23142250530785563,0.416135881104034,0.0,0.3524416135881104
79,0.5221278497988378,0.32834152883325884,0.0,0.14953062136790343
80,0.24885844748858446,0.0,0.3607305936073059,0.3904109589041096
81,0.1573926868044515,0.5834658187599364,0.2591414944356121,0.0
82,0.4594594594594595,0.0,0.19594594594594594,0.34459459459459457
83,0.2839506172839506,0.0,0.13168724279835392,0.5843621399176955
84,0.0,0.1949685534591195,0.6168763102725366,0.18815513626834382
85,0.04854368932038835,0.6941747572815534,0.25728155339805825,0.0
86,0.11367673179396093,0.0,0.4413854351687389,0.44493783303730017
87,0.0,0.2879581151832461,0.5109947643979058,0.20104712041884817
88,0.48603512813129857,0.4425568672617334,0.0,0.07140800460696804
89,0.17810831426392068,0.0,0.14950419527078565,0.6723874904652937
90,0.0,0.2779783393501805,0.6685920577617328,0.053429602888086646
91,0.48940464177598386,0.4525731584258325,0.0,0.058022199798183655
92,0.2679640718562874,0.4940119760479042,0.23802395209580837,0.0
93,0.5514211886304909,0.35348837209302325,0.0,0.09509043927648579
94,0.5255775577557755,0.3758250825082508,0.0,0.0985973597359736
95,0.30778894472361806,0.4551926298157454,0.2370184254606365,0.0
96,0.0,0.34481734481734483,0.43926343926343925,0.21591921591921592
97,0.45460821539523644,0.43924749741111496,0.0,0.1061442871936486
98,0.27941176470588236,0.5764705882352941,0.14411764705882352,0.0
99,0.23764853033145716,0.45716072545340836,0.3051907442151345,0.0
100,0.0,0.25235109717868337,0.05172413793103448,0.6959247648902821
101,0.030871670702179176,0.0,0.07384987893462469,0.8952784503631961
102,0.06845238095238096,0.7261904761904762,0.20535714285714285,0.0
103,0.0,0.21695095948827292,0.11727078891257996,0.6657782515991472
104,0.024619840695148443,0.0,0.15713251267197684,0.8182476466328747
105,0.07017543859649122,0.5263157894736842,0.40350877192982454,0.0
106,0.6069651741293532,0.04975124378109453,0.0,0.34328358208955223
107,0.06694560669456066,0.6652719665271967,0.0,0.26778242677824265
108,0.0,0.218863361547763,0.6541717049576784,0.12696493349455865
109,0.39602446483180426,0.5609436435124509,0.0,0.043031891655744864
110,0.021739130434782608,0.0,0.08326497128794094,0.8949958982772764
111,0.03773584905660377,0.5660377358490566,0.39622641509433965,0.0
112,0.1016949152542373,0.1016949152542373,0.0,0.7966101694915254
113,0.14035087719298245,0.49122807017543857,0.0,0.3684210526315789
114,0.0,0.20506912442396313,0.7004608294930875,0.0944700460829493
115,0.0958904109589041,0.6232876712328768,0.2808219178082192,0.0
116,0.19322709163346613,0.0,0.20916334661354583,0.5976095617529881
117,0.7719298245614035,0.0,0.08771929824561403,0.14035087719298245
118,0.3387096774193548,0.27419354838709675,0.0,0.3870967741935484
119,0.5256081946222791,0.3738796414852753,0.0,0.10051216389244558
120,0.6992481203007519,0.0,0.13533834586466165,0.16541353383458646
121,0.0,0.3055555555555556,0.31746031746031744,0.376984126984127
122,0.5398230088495575,0.2920353982300885,0.0,0.168141592920354
123,0.1702127659574468,0.0,0.1641337386018237,0.6656534954407295
124,0.5106382978723404,0.0,0.19148936170212766,0.2978723404255319
125,0.30357142857142855,0.0,0.29464285714285715,0.4017857142857143
126,0.14027149321266968,0.669683257918552,0.0,0.19004524886877827
127,0.34177215189873417,0.0,0.12236286919831224,0.5358649789029536
128,0.7831325301204819,0.0,0.060240963855421686,0.1566265060240964
129,0.5342465753424658,0.0547945205479452,0.0,0.410958904109589
130,0.75,0.1678082191780822,0.0,0.0821917808219178
131,0.5626598465473146,0.25191815856777494,0.0,0.18542199488491048
132,0.0,0.45864661654135336,0.5097744360902255,0.031578947368421054
133,0.0,0.10344827586206896,0.8156498673740054,0.08090185676392574
134,0.4479166666666667,0.19791666666666666,0.0,0.3541666666666667
135,0.5536423841059602,0.4052980132450331,0.0,0.04105960264900662
136,0.3477653631284916,0.6312849162011173,0.0,0.02094972067039106
137,0.0,0.29778830963665087,0.45813586097946285,0.24407582938388625
138,0.1945288753799392,0.0,0.0972644376899696,0.7082066869300911
139,0.01639344262295082,0.8950819672131147,0.08852459016393442,0.0
140,0.3855755894590846,0.16920943134535368,0.0,0.44521497919556174
141,0.02717391304347826,0.8260869565217391,0.0,0.14673913043478262
142,0.0,0.25477707006369427,0.42038216560509556,0.3248407643312102
143,0.9117959617428267,0.021253985122210415,0.0,0.0669500531349628
144,0.08,0.26666666666666666,0.6533333333333333,0.0
145,0.5579268292682927,0.08231707317073171,0.0,0.3597560975609756
146,0.01160092807424594,0.8074245939675174,0.0,0.18097447795823665
147,0.0,0.5084745762711864,0.4783427495291902,0.013182674199623353
148,0.13333333333333333,0.21666666666666667,0.65,0.0
149,0.22268326417704012,0.6334716459197787,0.14384508990318118,0.0
150,0.15517241379310345,0.15517241379310345,0.0,0.6896551724137931
151,0.10526315789473684,0.6240601503759399,0.0,0.2706766917293233
152,0.4762165117550574,0.4171678512848551,0.0,0.10661563696008748
153,0.4346153846153846,0.0,0.08461538461538462,0.4807692307692308
154,0.8435990338164251,0.0464975845410628,0.0,0.10990338164251208
155,0.20283855706682435,0.524541691306919,0.2726197516262567,0.0
156,0.0,0.1288468041934393,0.628339533310788,0.24281366249577274
157,0.11578947368421053,0.5815789473684211,0.3026315789473684,0.0
158,0.16222596964586847,0.0,0.22360876897133222,0.6141652613827994
159,0.17987152034261242,0.6132762312633833,0.2068522483940043,0.0
160,0.0,0.46284965034965037,0.07080419580419581,0.46634615384615385
161,0.15335648148148148,0.7083333333333334,0.13831018518518517,0.0
162,0.0,0.19517862329363928,0.4565785652047633,0.34824281150159747
163,0.22985347985347984,0.0,0.3669108669108669,0.40323565323565325
164,0.2137891077636153,0.0,0.16396292004634994,0.6222479721900348
165,0.0,0.24570751924215511,0.6749555950266429,0.0793368857312019
166,0.32407407407407407,0.6168981481481481,0.0,0.059027777777777776
167,0.2609682299546142,0.4031770045385779,0.3358547655068079,0.0
168,0.2670299727520436,0.19346049046321526,0.0,0.5395095367847411
169,0.6647398843930635,0.13439306358381503,0.0,0.20086705202312138
170,0.42578397212543556,0.4843205574912892,0.0,0.08989547038327526
171,0.0,0.1745152354570637,0.6542936288088642,0.17119113573407202
172,0.438543599257885,0.4429499072356215,0.0,0.1185064935064935
173,0.26958762886597937,0.0,0.1695876288659794,0.5608247422680412
174,0.0,0.2557980900409277,0.5457025920873124,0.1984993178717599
175,0.180623973727422,0.0,0.19458128078817735,0.6247947454844006
176,0.28955696202531644,0.0,0.3338607594936709,0.37658227848101267
177,0.0,0.21379093198992444,0.6227959697732998,0.16341309823677583
178,0.0,0.3432995194874533,0.46930058729311264,0.18739989321943407
179,0.08469750889679716,0.0,0.4067615658362989,0.5085409252669039
180,0.28130360205831906,0.36363636363636365,0.35506003430531735,0.0
181,0.0,0.4951856946354883,0.08803301237964237,0.4167812929848693
182,0.07364341085271318,0.0,0.03875968992248062,0.8875968992248062
183,0.0,0.44669117647058826,0.38786764705882354,0.16544117647058823
184,0.0,0.19272495213784302,0.7696234843650287,0.03765156349712827
185,0.054676909173068236,0.0,0.11613194758246724,0.8291911432444645
186,0.10119047619047619,0.0,0.49047619047619045,0.4083333333333333
187,0.6721311475409836,0.0,0.18032786885245902,0.14754098360655737
188,0.11979166666666667,0.0,0.4979166666666667,0.38229166666666664
189,0.14629948364888123,0.2082616179001721,0.6454388984509466,0.0
190,0.39622641509433965,0.0,0.10062893081761007,0.5031446540880503
191,0.4077669902912621,0.0,0.10355987055016182,0.4886731391585761
192,0.15535714285714286,0.0,0.2571428571428571,0.5875
193,0.167192429022082,0.167192429022082,0.6656151419558359,0.0
194,0.17976190476190476,0.0,0.4607142857142857,0.3595238095238095
195,0.0,0.27759381898454744,0.6793598233995585,0.04304635761589404
196,0.0,0.1432896064581231,0.7492431886982845,0.10746720484359233
197,0.2779187817258883,0.631979695431472,0.0,0.0901015228426396
198,0.0,0.2260536398467433,0.7524904214559387,0.021455938697318006
199,0.6165540540540541,0.28378378378378377,0.0,0.09966216216216216
200,0.08470588235294117,0.58,0.3352941176470588,0.0
201,0.45081967213114754,0.0,0.4098360655737705,0.13934426229508196
202,0.291970802919708,0.41605839416058393,0.0,0.291970802919708
203,0.0,0.37376400791034936,0.47857613711272246,0.14765985497692816
204,0.2965034965034965,0.6321678321678321,0.0,0.07132867132867132
205,0.039783001808318265,0.8028933092224232,0.15732368896925858,0.0
206,0.35135135135135137,0.0,0.29313929313929316,0.35550935550935553
207,0.0,0.06067251461988304,0.46345029239766083,0.4758771929824561
208,0.12566844919786097,0.0,0.4298128342245989,0.4445187165775401
209,0.28859060402684567,0.0,0.28053691275167786,0.43087248322147653
210,0.0,0.3499005964214712,0.40755467196819084,0.24254473161033796
211,0.08780487804878048,0.3073170731707317,0.6048780487804878,0.0
212,0.0,0.17570322054626988,0.4178556869139829,0.40644109253974725
213,0.4618556701030928,0.05360824742268041,0.4845360824742268,0.0
214,0.11936339522546419,0.0,0.058355437665782495,0.8222811671087533
215,0.0,0.3626279863481229,0.32593856655290104,0.31143344709897613
216,0.4461995911540606,0.3904478721427244,0.0,0.163352536703215
217,0.2684014869888476,0.46022304832713756,0.27137546468401486,0.0
218,0.0,0.1685752330226365,0.5603195739014647,0.2711051930758988
219,0.4337899543378995,0.319634703196347,0.0,0.2465753424657534
220,0.0,0.4626334519572954,0.39501779359430605,0.1423487544483986
221,0.25853658536585367,0.0,0.2951219512195122,0.44634146341463415
222,0.0,0.28824833702882485,0.4648928307464893,0.24685883222468588
223,0.2841091492776886,0.0,0.2231139646869984,0.492776886035313
224,0.4392764857881137,0.3397932816537468,0.0,0.22093023255813954
225,0.22136222910216719,0.37770897832817335,0.40092879256965946,0.0
226,0.41379310344827586,0.0,0.09655172413793103,0.4896551724137931
227,0.0916988416988417,0.0,0.5608108108108109,0.3474903474903475
228,0.0,0.4930643127364439,0.4817150063051702,0.025220680958385876
229,0.0,0.17735334242837653,0.7128240109140518,0.10982264665757162
230,0.32916666666666666,0.5266666666666666,0.0,0.14416666666666667
231,0.0,0.14420062695924765,0.8150470219435737,0.04075235109717868
232,0.0,0.21809744779582366,0.734338747099768,0.04756380510440835
233,0.07058823529411765,0.0,0.10631808278867103,0.8230936819172113
234,0.2144026186579378,0.0,0.5973813420621932,0.18821603927986907
235,0.0,0.18220338983050846,0.5211864406779662,0.2966101694915254
236,0.5640034364261168,0.35180412371134023,0.0,0.08419243986254296
237,0.18204283360790774,0.19357495881383854,0.6243822075782537,0.0
238,0.45569620253164556,0.10970464135021098,0.4345991561181435,0.0
239,0.03104693140794224,0.0,0.24548736462093862,0.7234657039711191
240,0.22929936305732485,0.14012738853503184,0.6305732484076433,0.0
241,0.267425320056899,0.0,0.02844950213371266,0.7041251778093883
242,0.2141057934508816,0.0,0.0982367758186398,0.6876574307304786
243,0.1718213058419244,0.0,0.07731958762886598,0.7508591065292096
244,0.09271523178807947,0.11920529801324503,0.7880794701986755,0.0
245,0.444253859348199,0.3979416809605489,0.0,0.15780445969125215
246,0.0,0.4753984753984754,0.4982674982674983,0.026334026334026334
247,0.0,0.1698986975397974,0.7247467438494934,0.10535455861070912
248,0.3788748564867968,0.4103329506314581,0.0,0.2107921928817451
249,0.1916,0.0,0.216,0.5924
250,0.13636363636363635,0.11818181818181818,0.7454545454545455,0.0
251,0.33885350318471336,0.45987261146496816,0.0,0.20127388535031848
252,0.0,0.37697516930022573,0.45936794582392776,0.1636568848758465
253,0.3563624138510674,0.592704656244747,0.0,0.050932929904185575
254,0.09612724757952974,0.0,0.3699861687413555,0.5338865836791148
255,0.18421052631578946,0.09941520467836257,0.716374269005848,0.0
256,0.4767932489451477,0.0,0.11814345991561181,0.4050632911392405
257,0.20394736842105263,0.5734649122807017,0.2225877192982456,0.0
258,0.4072249589490969,0.42036124794745483,0.0,0.1724137931034483
259,0.0425531914893617,0.6838905775075987,0.2735562310030395,0.0
260,0.28854625550660795,0.4185022026431718,0.0,0.29295154185022027
261,0.0,0.15025906735751296,0.6994818652849741,0.15025906735751296
262,0.2512690355329949,0.0,0.5329949238578681,0.21573604060913706
263,0.09572901325478646,0.0,0.49042709867452133,0.41384388807069217
264,0.32941176470588235,0.45294117647058824,0.0,0.21764705882352942
265,0.3482587064676617,0.0,0.07213930348258707,0.5796019900497512
266,0.35947712418300654,0.0,0.13725490196078433,0.5032679738562091
267,0.6079234972677595,0.050546448087431695,0.0,0.34153005464480873
268,0.6137931034482759,0.0,0.31724137931034485,0.06896551724137931
269,0.0,0.12279555845852384,0.5617243631613325,0.3154800783801437
270,0.3023255813953488,0.09302325581395349,0.0,0.6046511627906976
271,0.0,0.41935483870967744,0.45161290322580644,0.12903225806451613
272,0.06526315789473684,0.0,0.15368421052631578,0.7810526315789473
273,0.0,0.03324468085106383,0.24468085106382978,0.7220744680851063
274,0.3148148148148148,0.0,0.2222222222222222,0.46296296296296297
275,0.2751677852348993,0.42953020134228187,0.0,0.2953020134228188
276,0.23809523809523808,0.047619047619047616,0.0,0.7142857142857143
277,0.061068702290076333,0.0,0.8880407124681934,0.05089058524173028
278,0.1087866108786611,0.0,0.18828451882845187,0.702928870292887
279,0.6963133640552995,0.20046082949308755,0.0,0.1032258064516129
280,0.1388888888888889,0.5681818181818182,0.29292929292929293,0.0
281,0.2926163723916533,0.4836276083467095,0.0,0.22375601926163724
282,0.04,0.32,0.64,0.0
283,0.0,0.07142857142857142,0.14285714285714285,0.7857142857142857
284,0.0054288816503800215,0.9315960912052117,0.06297502714440825,0.0
285,0.043478260869565216,0.6,0.3565217391304348,0.0
286,0.0,0.017048794826572605,0.0188124632569077,0.9641387419165197
287,0.0070838252656434475,0.0,0.012199921290830381,0.9807162534435262
288,0.1015625,0.16015625,0.73828125,0.0
289,0.2765957446808511,0.1347517730496454,0.0,0.5886524822695035
290,0.0017421602787456446,0.554006968641115,0.4442508710801394,0.0
291,0.6803874092009685,0.04116222760290557,0.0,0.2784503631961259
292,0.18092105263157895,0.0,0.12171052631578948,0.6973684210526315
293,0.33495145631067963,0.3300970873786408,0.0,0.33495145631067963
294,0.0,0.4849246231155779,0.48115577889447236,0.03391959798994975
295,0.42382271468144045,0.4265927977839335,0.0,0.14958448753462603
296,0.0,0.11961722488038277,0.8301435406698564,0.050239234449760764
297,0.3764705882352941,0.32941176470588235,0.0,0.29411764705882354
298,0.0,0.26993865030674846,0.5030674846625767,0.22699386503067484
299,0.5263157894736842,0.3684210526315789,0.10526315789473684,0.0
300,0.2,0.0,0.44,0.36
301,0.35555555555555557,0.4444444444444444,0.2,0.0
302,0.15625,0.0,0.75,0.09375
303,0.3333333333333333,0.5,0.16666666666666666,0.0
304,0.125,0.0,0.375,0.5
305,0.0,0.7894736842105263,0.0,0.21052631578947367
306,0.16666666666666666,0.0,0.6666666666666666,0.16666666666666666
307,0.0,1.0,0.0,0.0
308,0.5,0.0,0.0,0.5
309,0.0,1.0,0.0,0.0
310,0.6666666666666666,0.3333333333333333,0.0,0.0
311,0.0,0.0,1.0,0.0
312,,,,
313,0.0,0.3333333333333333,0.0,0.6666666666666666
314,,,,
315,,,,
316,,,,
317,,,,
318,,,,
