,A,C,G,T
0,,,,
1,,,,
2,,,,
3,,,,
4,,,,
5,1.0,0.0,0.0,0.0
6,,,,
7,,,,
8,1.0,0.0,0.0,0.0
9,0.0,0.0,0.0,1.0
10,,,,
11,1.0,0.0,0.0,0.0
12,0.0,0.0,0.0,1.0
13,,,,
14,,,,
15,,,,
16,,,,
17,,,,
18,,,,
19,,,,
20,0.0,0.25,0.75,0.0
21,,,,
22,,,,
23,,,,
24,,,,
25,,,,
26,,,,
27,,,,
28,0.0,1.0,0.0,0.0
29,,,,
30,0.0,1.0,0.0,0.0
31,,,,
32,1.0,0.0,0.0,0.0
33,,,,
34,,,,
35,0.0,0.0,0.0,1.0
36,,,,
37,,,,
38,0.0,0.0,0.0,1.0
39,,,,
40,,,,
41,0.0,0.0,1.0,0.0
42,,,,
43,,,,
44,,,,
45,,,,
46,,,,
47,,,,
48,,,,
49,,,,
50,0.0,0.0,0.0,1.0
51,,,,
52,,,,
53,,,,
54,,,,
55,,,,
56,0.0,1.0,0.0,0.0
57,1.0,0.0,0.0,0.0
58,,,,
59,,,,
60,,,,
61,,,,
62,,,,
63,,,,
64,,,,
65,,,,
66,0.0,0.0,0.0,1.0
67,,,,
68,0.0,0.0,1.0,0.0
69,1.0,0.0,0.0,0.0
70,0.0,0.0,0.0,1.0
71,1.0,0.0,0.0,0.0
72,1.0,0.0,0.0,0.0
73,0.2,0.8,0.0,0.0
74,,,,
75,,,,
76,,,,
77,,,,
78,,,,
79,,,,
80,0.0,0.0,0.0,1.0
81,0.0,0.0,0.0,1.0
82,0.0,0.0,1.0,0.0
83,0.0,0.0,0.75,0.25
84,0.0,1.0,0.0,0.0
85,,,,
86,0.0,0.0,1.0,0.0
87,,,,
88,1.0,0.0,0.0,0.0
89,0.0,0.0,1.0,0.0
90,0.0,1.0,0.0,0.0
91,0.5,0.3333333333333333,0.0,0.16666666666666666
92,0.6666666666666666,0.0,0.0,0.3333333333333333
93,0.0,0.6666666666666666,0.3333333333333333,0.0
94,0.0,0.6666666666666666,0.0,0.3333333333333333
95,0.0,0.0,1.0,0.0
96,0.0,0.0,0.0,1.0
97,0.0,0.5,0.5,0.0
98,0.0,0.0,1.0,0.0
99,0.0,0.0,1.0,0.0
100,,,,
101,,,,
102,0.0,0.0,0.0,1.0
103,,,,
104,,,,
105,,,,
106,,,,
107,,,,
108,,,,
109,,,,
110,0.0,0.0,0.0,1.0
111,,,,
112,,,,
113,,,,
114,,,,
115,,,,
116,,,,
117,0.0,1.0,0.0,0.0
118,0.0,0.0,0.4,0.6
119,0.6666666666666666,0.3333333333333333,0.0,0.0
120,0.0,0.75,0.25,0.0
121,0.0,0.0,1.0,0.0
122,,,,
123,0.5,0.0,0.0,0.5
124,0.0,1.0,0.0,0.0
125,,,,
126,,,,
127,0.0,0.5,0.5,0.0
128,0.0,0.0,1.0,0.0
129,1.0,0.0,0.0,0.0
130,,,,
131,0.0,0.0,1.0,0.0
132,0.0,0.0,0.0,1.0
133,,,,
134,,,,
135,1.0,0.0,0.0,0.0
136,0.0,0.3333333333333333,0.3333333333333333,0.3333333333333333
137,,,,
138,,,,
139,,,,
140,,,,
141,,,,
142,0.0,0.0,1.0,0.0
143,0.0,0.0,1.0,0.0
144,0.0,0.0,1.0,0.0
145,0.0,0.0,1.0,0.0
146,,,,
147,0.6666666666666666,0.3333333333333333,0.0,0.0
148,0.0,0.0,1.0,0.0
149,0.0,0.3333333333333333,0.6666666666666666,0.0
150,0.0,0.0,0.5,0.5
151,,,,
152,0.0,0.0,1.0,0.0
153,1.0,0.0,0.0,0.0
154,1.0,0.0,0.0,0.0
155,0.0,1.0,0.0,0.0
156,0.0,0.25,0.25,0.5
157,0.5,0.0,0.0,0.5
158,0.0,0.0,1.0,0.0
159,0.0,1.0,0.0,0.0
160,0.2857142857142857,0.0,0.14285714285714285,0.5714285714285714
161,0.0,0.0,1.0,0.0
162,,,,
163,0.0,1.0,0.0,0.0
164,,,,
165,0.0,0.0,0.0,1.0
166,0.0,1.0,0.0,0.0
167,0.0,0.0,0.0,1.0
168,0.0,0.0,1.0,0.0
169,,,,
170,0.0,0.0,0.0,1.0
171,0.5,0.0,0.5,0.0
172,0.0,0.0,0.5,0.5
173,0.0,0.0,0.0,1.0
174,0.0,1.0,0.0,0.0
175,0.0,0.0,1.0,0.0
176,0.0,1.0,0.0,0.0
177,0.0,0.0,0.6666666666666666,0.3333333333333333
178,0.0,0.0,0.0,1.0
179,0.0,0.3333333333333333,0.6666666666666666,0.0
180,1.0,0.0,0.0,0.0
181,1.0,0.0,0.0,0.0
182,0.6666666666666666,0.0,0.0,0.3333333333333333
183,,,,
184,0.5,0.0,0.0,0.5
185,,,,
186,,,,
187,,,,
188,1.0,0.0,0.0,0.0
189,0.0,0.0,1.0,0.0
190,0.0,0.0,1.0,0.0
191,,,,
192,,,,
193,1.0,0.0,0.0,0.0
194,,,,
195,0.5,0.0,0.5,0.0
196,0.0,0.125,0.75,0.125
197,0.0,0.0,1.0,0.0
198,,,,
199,,,,
200,,,,
201,,,,
202,,,,
203,,,,
204,0.0,0.0,1.0,0.0
205,,,,
206,,,,
207,0.0,1.0,0.0,0.0
208,1.0,0.0,0.0,0.0
209,0.0,0.0,0.0,1.0
210,0.0,0.0,1.0,0.0
211,0.0,1.0,0.0,0.0
212,,,,
213,1.0,0.0,0.0,0.0
214,,,,
215,0.0,0.6666666666666666,0.0,0.3333333333333333
216,0.0,0.0,1.0,0.0
217,0.0,0.5,0.5,0.0
218,0.0,1.0,0.0,0.0
219,,,,
220,0.0,0.0,1.0,0.0
221,,,,
222,,,,
223,,,,
224,,,,
225,0.0,1.0,0.0,0.0
226,0.0,0.5,0.5,0.0
227,0.5,0.0,0.5,0.0
228,1.0,0.0,0.0,0.0
229,,,,
230,0.0,0.0,1.0,0.0
231,0.0,1.0,0.0,0.0
232,0.0,0.0,1.0,0.0
233,0.0,0.5,0.0,0.5
234,1.0,0.0,0.0,0.0
235,0.0,0.0,0.0,1.0
236,,,,
237,0.0,0.0,0.0,1.0
238,,,,
239,0.5,0.0,0.5,0.0
240,0.5,0.0,0.5,0.0
241,,,,
242,0.0,0.0,1.0,0.0
243,0.0,1.0,0.0,0.0
244,,,,
245,,,,
246,0.0,0.0,1.0,0.0
247,0.0,0.5,0.5,0.0
248,,,,
249,,,,
250,1.0,0.0,0.0,0.0
251,0.0,0.0,0.0,1.0
252,,,,
253,0.0,1.0,0.0,0.0
254,0.0,1.0,0.0,0.0
255,,,,
256,0.0,1.0,0.0,0.0
257,0.0,0.0,1.0,0.0
258,,,,
259,0.5,0.0,0.0,0.5
260,,,,
261,0.0,0.0,0.0,1.0
262,1.0,0.0,0.0,0.0
263,0.0,1.0,0.0,0.0
264,,,,
265,,,,
266,,,,
267,0.0,0.0,1.0,0.0
268,,,,
269,,,,
270,0.0,0.0,0.0,1.0
271,,,,
272,,,,
273,1.0,0.0,0.0,0.0
274,,,,
275,0.3333333333333333,0.6666666666666666,0.0,0.0
276,0.0,0.0,1.0,0.0
277,,,,
278,0.0,1.0,0.0,0.0
279,,,,
280,0.0,0.0,0.0,1.0
281,0.0,0.0,0.0,1.0
282,0.0,1.0,0.0,0.0
283,,,,
284,0.0,1.0,0.0,0.0
285,1.0,0.0,0.0,0.0
286,,,,
287,0.0,0.0,0.6666666666666666,0.3333333333333333
288,,,,
289,,,,
290,,,,
291,1.0,0.0,0.0,0.0
292,,,,
293,0.0,1.0,0.0,0.0
294,0.0,1.0,0.0,0.0
295,,,,
296,,,,
297,,,,
298,,,,
299,,,,
300,0.0,1.0,0.0,0.0
301,,,,
302,,,,
303,,,,
304,,,,
305,,,,
306,,,,
307,,,,
308,,,,
309,,,,
310,,,,
