,A,C,G,T
0,,,,
1,,,,
2,0.12,0.88,0.0,0.0
3,0.08333333333333333,0.8333333333333334,0.0,0.08333333333333333
4,,,,
5,0.5,0.25,0.0,0.25
6,0.8333333333333334,0.0,0.0,0.16666666666666666
7,0.0,0.022727272727272728,0.9545454545454546,0.022727272727272728
8,0.38461538461538464,0.6153846153846154,0.0,0.0
9,0.1,0.0,0.1,0.8
10,,,,
11,0.0,0.9,0.0,0.1
12,0.375,0.0,0.5,0.125
13,0.0,0.0,0.5555555555555556,0.4444444444444444
14,0.375,0.5625,0.0,0.0625
15,0.0,1.0,0.0,0.0
16,0.0,1.0,0.0,0.0
17,1.0,0.0,0.0,0.0
18,0.0,0.0,1.0,0.0
19,0.0,0.0,0.0,1.0
20,0.0,0.5,0.0,0.5
21,0.0,0.0,0.0,1.0
22,,,,
23,0.6,0.0,0.4,0.0
24,0.3333333333333333,0.0,0.0,0.6666666666666666
25,,,,
26,0.0,0.2222222222222222,0.6666666666666666,0.1111111111111111
27,0.975609756097561,0.024390243902439025,0.0,0.0
28,1.0,0.0,0.0,0.0
29,0.0,0.2,0.4,0.4
30,0.0,0.0,0.7777777777777778,0.2222222222222222
31,0.6666666666666666,0.3333333333333333,0.0,0.0
32,0.5833333333333334,0.041666666666666664,0.0,0.375
33,0.6,0.4,0.0,0.0
34,,,,
35,0.75,0.0,0.0,0.25
36,0.0,0.0,1.0,0.0
37,0.0,0.13333333333333333,0.8,0.06666666666666667
38,0.5,0.5,0.0,0.0
39,0.5,0.0,0.5,0.0
40,0.5,0.0,0.5,0.0
41,0.05263157894736842,0.7894736842105263,0.15789473684210525,0.0
42,0.5,0.5,0.0,0.0
43,0.0,0.0,0.0,1.0
44,0.0,0.13043478260869565,0.8695652173913043,0.0
45,0.0,0.0,1.0,0.0
46,0.0,0.6666666666666666,0.3333333333333333,0.0
47,0.8571428571428571,0.0,0.0,0.14285714285714285
48,0.0,0.0,1.0,0.0
49,0.0,0.0,1.0,0.0
50,0.1,0.0,0.6,0.3
51,,,,
52,,,,
53,0.0,0.6666666666666666,0.0,0.3333333333333333
54,0.6666666666666666,0.0,0.3333333333333333,0.0
55,0.0,0.0,1.0,0.0
56,0.75,0.0,0.0,0.25
57,0.5,0.0,0.5,0.0
58,,,,
59,0.022222222222222223,0.0,0.9555555555555556,0.022222222222222223
60,0.0,0.8,0.0,0.2
61,0.23076923076923078,0.0,0.46153846153846156,0.3076923076923077
62,0.25,0.0,0.5,0.25
63,0.0,0.0,1.0,0.0
64,0.0,0.0,0.0,1.0
65,0.125,0.0,0.0,0.875
66,0.0,0.0,0.5263157894736842,0.47368421052631576
67,0.12,0.0,0.68,0.2
68,0.25,0.75,0.0,0.0
69,,,,
70,0.0,1.0,0.0,0.0
71,0.1111111111111111,0.0,0.5555555555555556,0.3333333333333333
72,0.16666666666666666,0.8333333333333334,0.0,0.0
73,0.0,0.0,0.0,1.0
74,0.0,0.35714285714285715,0.6428571428571429,0.0
75,0.5,0.5,0.0,0.0
76,1.0,0.0,0.0,0.0
77,0.171875,0.65625,0.171875,0.0
78,0.3333333333333333,0.0,0.0,0.6666666666666666
79,0.5925925925925926,0.3055555555555556,0.0,0.10185185185185185
80,0.022727272727272728,0.0,0.8863636363636364,0.09090909090909091
81,0.0,0.5,0.5,0.0
82,0.0,0.0,0.0,1.0
83,0.3333333333333333,0.0,0.0,0.6666666666666666
84,0.0,0.2631578947368421,0.631578947368421,0.10526315789473684
85,0.0,1.0,0.0,0.0
86,0.047619047619047616,0.0,0.23809523809523808,0.7142857142857143
87,0.0,0.0,0.8,0.2
88,0.25806451612903225,0.6612903225806451,0.0,0.08064516129032258
89,0.05128205128205128,0.0,0.1282051282051282,0.8205128205128205
90,0.0,0.06666666666666667,0.7333333333333333,0.2
91,0.5714285714285714,0.3333333333333333,0.0,0.09523809523809523
92,0.6666666666666666,0.2222222222222222,0.1111111111111111,0.0
93,0.813953488372093,0.06976744186046512,0.0,0.11627906976744186
94,0.43333333333333335,0.4666666666666667,0.0,0.1
95,0.5,0.3,0.2,0.0
96,0.2898550724637681,0.043478260869565216,0.0,0.6666666666666666
97,0.0,0.8723404255319149,0.06382978723404255,0.06382978723404255
98,0.5555555555555556,0.1388888888888889,0.3055555555555556,0.0
99,0.4444444444444444,0.5555555555555556,0.0,0.0
100,0.0,0.52,0.04,0.44
101,0.05194805194805195,0.0,0.012987012987012988,0.935064935064935
102,0.2,0.8,0.0,0.0
103,0.0,0.38461538461538464,0.34615384615384615,0.2692307692307692
104,0.017543859649122806,0.0,0.05263157894736842,0.9298245614035088
105,,,,
106,0.5,0.5,0.0,0.0
107,0.3333333333333333,0.0,0.0,0.6666666666666666
108,0.0,0.14285714285714285,0.8571428571428571,0.0
109,0.7446808510638298,0.2127659574468085,0.0,0.0425531914893617
110,0.0,1.0,0.0,0.0
111,0.0,0.0,1.0,0.0
112,0.0,0.0,0.0,1.0
113,1.0,0.0,0.0,0.0
114,0.0,0.55,0.4,0.05
115,,,,
116,0.0,0.0,0.18181818181818182,0.8181818181818182
117,0.6666666666666666,0.0,0.0,0.3333333333333333
118,,,,
119,0.3225806451612903,0.0,0.3548387096774194,0.3225806451612903
120,,,,
121,0.0,0.0,0.0,1.0
122,0.7647058823529411,0.23529411764705882,0.0,0.0
123,0.1686746987951807,0.0,0.03614457831325301,0.7951807228915663
124,0.28205128205128205,0.0,0.3333333333333333,0.38461538461538464
125,0.0625,0.0,0.8125,0.125
126,0.95,0.0,0.05,0.0
127,1.0,0.0,0.0,0.0
128,0.0,0.5882352941176471,0.17647058823529413,0.23529411764705882
129,0.0,1.0,0.0,0.0
130,0.75,0.16666666666666666,0.0,0.08333333333333333
131,0.9,0.1,0.0,0.0
132,0.0,0.45454545454545453,0.5454545454545454,0.0
133,0.0,0.47058823529411764,0.5294117647058824,0.0
134,,,,
135,1.0,0.0,0.0,0.0
136,0.5,0.5,0.0,0.0
137,0.18181818181818182,0.0,0.5454545454545454,0.2727272727272727
138,1.0,0.0,0.0,0.0
139,0.0,0.6666666666666666,0.3333333333333333,0.0
140,0.9130434782608695,0.0,0.0,0.08695652173913043
141,0.0,1.0,0.0,0.0
142,,,,
143,0.9807692307692307,0.019230769230769232,0.0,0.0
144,1.0,0.0,0.0,0.0
145,1.0,0.0,0.0,0.0
146,0.0,0.975,0.0,0.025
147,0.0,0.5,0.5,0.0
148,0.0,0.0,1.0,0.0
149,0.05,0.75,0.2,0.0
150,0.0,1.0,0.0,0.0
151,0.0,0.75,0.0,0.25
152,0.14705882352941177,0.6666666666666666,0.0,0.18627450980392157
153,0.4090909090909091,0.4090909090909091,0.18181818181818182,0.0
154,0.0,0.17647058823529413,0.5294117647058824,0.29411764705882354
155,0.09523809523809523,0.0,0.19047619047619047,0.7142857142857143
156,0.0,0.1,0.7,0.2
157,0.6666666666666666,0.3333333333333333,0.0,0.0
158,0.13043478260869565,0.0,0.2608695652173913,0.6086956521739131
159,0.639344262295082,0.18032786885245902,0.18032786885245902,0.0
160,0.0,0.8387096774193549,0.03225806451612903,0.12903225806451613
161,0.03773584905660377,0.9622641509433962,0.0,0.0
162,0.3026315789473684,0.6578947368421053,0.039473684210526314,0.0
163,0.0,0.5454545454545454,0.4090909090909091,0.045454545454545456
164,0.34615384615384615,0.0,0.0,0.6538461538461539
165,0.0,0.375,0.5,0.125
166,0.07142857142857142,0.8809523809523809,0.0,0.047619047619047616
167,0.2727272727272727,0.5454545454545454,0.18181818181818182,0.0
168,0.875,0.0,0.0,0.125
169,0.0,0.0,0.0,1.0
170,0.4,0.5,0.0,0.1
171,0.0,0.4,0.5,0.1
172,0.6388888888888888,0.3611111111111111,0.0,0.0
173,0.5833333333333334,0.0,0.16666666666666666,0.25
174,0.0,0.2,0.6666666666666666,0.13333333333333333
175,0.75,0.0,0.21153846153846154,0.038461538461538464
176,0.6615384615384615,0.0,0.1076923076923077,0.23076923076923078
177,0.4857142857142857,0.4,0.11428571428571428,0.0
178,0.0,0.15625,0.25,0.59375
179,0.0,0.0,0.14705882352941177,0.8529411764705882
180,0.3333333333333333,0.16666666666666666,0.5,0.0
181,0.0,0.1935483870967742,0.3225806451612903,0.4838709677419355
182,0.0,0.0,0.42857142857142855,0.5714285714285714
183,0.0,0.3333333333333333,0.5555555555555556,0.1111111111111111
184,0.0,0.3448275862068966,0.5172413793103449,0.13793103448275862
185,0.08108108108108109,0.0,0.08108108108108109,0.8378378378378378
186,0.16666666666666666,0.0,0.3333333333333333,0.5
187,1.0,0.0,0.0,0.0
188,0.16666666666666666,0.6666666666666666,0.0,0.16666666666666666
189,0.023809523809523808,0.0,0.9761904761904762,0.0
190,,,,
191,,,,
192,0.16666666666666666,0.0,0.16666666666666666,0.6666666666666666
193,,,,
194,0.2,0.0,0.5,0.3
195,0.0,0.3333333333333333,0.6666666666666666,0.0
196,0.0,0.2962962962962963,0.6666666666666666,0.037037037037037035
197,0.07142857142857142,0.8571428571428571,0.0,0.07142857142857142
198,0.0,0.2857142857142857,0.6190476190476191,0.09523809523809523
199,0.25,0.75,0.0,0.0
200,0.14285714285714285,0.7142857142857143,0.14285714285714285,0.0
201,0.0,0.0,1.0,0.0
202,0.0,1.0,0.0,0.0
203,0.0,0.4666666666666667,0.3333333333333333,0.2
204,0.12903225806451613,0.8709677419354839,0.0,0.0
205,0.16666666666666666,0.5,0.3333333333333333,0.0
206,0.010752688172043012,0.8924731182795699,0.0967741935483871,0.0
207,0.0,0.10526315789473684,0.21052631578947367,0.6842105263157895
208,0.15,0.0,0.45,0.4
209,0.13793103448275862,0.0,0.1724137931034483,0.6896551724137931
210,0.0,0.16326530612244897,0.08163265306122448,0.7551020408163265
211,0.3333333333333333,0.0,0.6666666666666666,0.0
212,0.0,0.12380952380952381,0.6476190476190476,0.22857142857142856
213,0.09090909090909091,0.0,0.9090909090909091,0.0
214,0.0,0.0,0.0,1.0
215,0.0,0.78125,0.125,0.09375
216,0.5116279069767442,0.4418604651162791,0.0,0.046511627906976744
217,0.21739130434782608,0.43478260869565216,0.34782608695652173,0.0
218,0.0,0.54,0.33,0.13
219,1.0,0.0,0.0,0.0
220,0.0,0.0,0.8,0.2
221,0.0,0.0,0.2127659574468085,0.7872340425531915
222,0.0,0.8947368421052632,0.08771929824561403,0.017543859649122806
223,0.23076923076923078,0.0,0.3076923076923077,0.46153846153846156
224,0.1875,0.75,0.0,0.0625
225,0.021739130434782608,0.021739130434782608,0.9565217391304348,0.0
226,0.9285714285714286,0.0,0.047619047619047616,0.023809523809523808
227,0.08139534883720931,0.0,0.5813953488372093,0.3372093023255814
228,0.0,0.6470588235294118,0.35294117647058826,0.0
229,0.0,0.2857142857142857,0.7142857142857143,0.0
230,0.5454545454545454,0.18181818181818182,0.0,0.2727272727272727
231,0.0,0.0,0.8,0.2
232,0.0,0.36363636363636365,0.5909090909090909,0.045454545454545456
233,0.0,0.0,0.4074074074074074,0.5925925925925926
234,0.0,0.0,1.0,0.0
235,0.0,0.0,1.0,0.0
236,0.5652173913043478,0.391304347826087,0.0,0.043478260869565216
237,0.4,0.0,0.6,0.0
238,,,,
239,0.0,0.0,0.1,0.9
240,0.6666666666666666,0.0,0.3333333333333333,0.0
241,0.3333333333333333,0.0,0.0,0.6666666666666666
242,0.0,0.0,0.12244897959183673,0.8775510204081632
243,0.0,0.0,0.25,0.75
244,0.0,0.0,1.0,0.0
245,0.09803921568627451,0.9019607843137255,0.0,0.0
246,0.0,0.2,0.8,0.0
247,0.0,0.35,0.625,0.025
248,0.594059405940594,0.16831683168316833,0.0,0.2376237623762376
249,0.09333333333333334,0.0,0.18666666666666668,0.72
250,,,,
251,0.7058823529411765,0.058823529411764705,0.0,0.23529411764705882
252,0.0,0.26666666666666666,0.7333333333333333,0.0
253,0.28440366972477066,0.7155963302752294,0.0,0.0
254,0.15625,0.0,0.46875,0.375
255,0.2727272727272727,0.09090909090909091,0.6363636363636364,0.0
256,0.7777777777777778,0.0,0.2222222222222222,0.0
257,0.4857142857142857,0.42857142857142855,0.08571428571428572,0.0
258,0.8888888888888888,0.1111111111111111,0.0,0.0
259,0.0,0.75,0.25,0.0
260,0.16666666666666666,0.5555555555555556,0.0,0.2777777777777778
261,0.0,0.0,0.0,1.0
262,0.0,0.0,0.0,1.0
263,0.02631578947368421,0.35526315789473684,0.618421052631579,0.0
264,0.0,0.5,0.0,0.5
265,0.0,0.0,0.09090909090909091,0.9090909090909091
266,0.6666666666666666,0.0,0.0,0.3333333333333333
267,1.0,0.0,0.0,0.0
268,0.3333333333333333,0.0,0.0,0.6666666666666666
269,0.90625,0.0625,0.0,0.03125
270,0.5,0.5,0.0,0.0
271,0.0,0.0,0.3333333333333333,0.6666666666666666
272,0.5,0.0,0.0,0.5
273,0.0,0.0,0.0,1.0
274,,,,
275,1.0,0.0,0.0,0.0
276,,,,
277,0.0,0.0,1.0,0.0
278,0.0,0.0,0.0,1.0
279,0.7333333333333333,0.2,0.0,0.06666666666666667
280,,,,
281,0.12389380530973451,0.7876106194690266,0.0,0.08849557522123894
282,,,,
283,,,,
284,0.0,0.9090909090909091,0.09090909090909091,0.0
285,,,,
286,0.0,0.0,0.0,1.0
287,0.0,0.0,0.017241379310344827,0.9827586206896551
288,,,,
289,,,,
290,0.0,0.0,0.0,1.0
291,,,,
292,,,,
293,,,,
294,0.0,0.0,1.0,0.0
295,,,,
296,,,,
297,,,,
298,0.0,0.0,1.0,0.0
299,,,,
300,,,,
301,,,,
302,,,,
303,,,,
304,,,,
305,,,,
306,,,,
307,,,,
308,,,,
309,,,,
