,A,C,G,T
0,,,,
1,,,,
2,0.7513888888888889,0.1375,0.0,0.1111111111111111
3,0.4760935910478128,0.3621566632756867,0.0,0.1617497456765005
4,0.4093789607097592,0.41064638783269963,0.17997465145754118,0.0
5,0.6625,0.0,0.0,0.3375
6,0.16,0.0,0.52,0.32
7,0.0,0.12679162072767364,0.5336273428886439,0.3395810363836825
8,0.5086505190311419,0.408477508650519,0.0,0.08287197231833911
9,0.051735428945645055,0.0,0.18664047151277013,0.7616240995415848
10,0.05925925925925926,0.725925925925926,0.21481481481481482,0.0
11,0.46094750320102434,0.26376440460947503,0.0,0.2752880921895006
12,0.42594075260208164,0.41152922337870296,0.0,0.16253002401921537
13,0.6435152374202693,0.293408929836995,0.06307583274273565,0.0
14,0.6117251321480057,0.12013455069678039,0.0,0.26814031715521386
15,0.48258706467661694,0.0,0.208955223880597,0.30845771144278605
16,0.0,0.5568862275449101,0.17365269461077845,0.2694610778443114
17,0.910873440285205,0.024955436720142603,0.0,0.06417112299465241
18,0.26136363636363635,0.4772727272727273,0.26136363636363635,0.0
19,0.5371900826446281,0.0,0.1322314049586777,0.3305785123966942
20,0.19052044609665428,0.41263940520446096,0.39684014869888473,0.0
21,0.26285714285714284,0.14857142857142858,0.0,0.5885714285714285
22,0.43566176470588236,0.29963235294117646,0.0,0.2647058823529412
23,0.4634146341463415,0.1842818428184282,0.0,0.3523035230352303
24,0.3926505614154474,0.4212317114664852,0.0,0.18611772711806737
25,0.19772727272727272,0.0,0.5568181818181818,0.24545454545454545
26,0.34502923976608185,0.34035087719298246,0.3146198830409357,0.0
27,0.10891089108910891,0.42244224422442245,0.0,0.46864686468646866
28,0.0,0.6286149162861492,0.1537290715372907,0.2176560121765601
29,0.8389057750759878,0.09422492401215805,0.0,0.0668693009118541
30,0.4863297431648716,0.212096106048053,0.0,0.3015741507870754
31,0.14457831325301204,0.4759036144578313,0.3795180722891566,0.0
32,0.30788804071246817,0.12383375742154368,0.0,0.5682782018659881
33,0.0,0.5780346820809249,0.3020231213872832,0.1199421965317919
34,0.0,0.12862068965517243,0.7931034482758621,0.07827586206896552
35,0.5682819383259912,0.15859030837004406,0.0,0.27312775330396477
36,0.0,0.5420743639921722,0.4080234833659491,0.049902152641878667
37,0.0,0.24054669703872436,0.6191343963553531,0.14031890660592256
38,0.52453653217012,0.2617230098146129,0.0,0.21374045801526717
39,0.19014084507042253,0.0,0.44630281690140844,0.363556338028169
40,0.41379310344827586,0.0,0.15517241379310345,0.43103448275862066
41,0.16841317365269462,0.21781437125748504,0.6137724550898204,0.0
42,0.44375,0.121875,0.0,0.434375
43,0.2937062937062937,0.2494172494172494,0.0,0.4568764568764569
44,0.36917562724014336,0.3046594982078853,0.0,0.32616487455197135
45,0.2565905096660808,0.1054481546572935,0.6379613356766256,0.0
46,0.5263157894736842,0.0,0.1513157894736842,0.3223684210526316
47,0.10030796304443466,0.0,0.5301363836339639,0.3695556533216014
48,0.14393939393939395,0.23737373737373738,0.6186868686868687,0.0
49,0.2616822429906542,0.0,0.19158878504672897,0.5467289719626168
50,0.7554540842212075,0.1552511415525114,0.0,0.08929477422628107
51,0.4461942257217848,0.3560804899387577,0.0,0.19772528433945757
52,0.09163346613545817,0.6334661354581673,0.2749003984063745,0.0
53,0.36683848797250856,0.19072164948453607,0.0,0.4424398625429553
54,0.0,0.7442348008385744,0.15932914046121593,0.09643605870020965
55,0.0,0.32817426196617944,0.6225279449699054,0.049297793063915164
56,0.7976298997265269,0.11896080218778486,0.0,0.08340929808568824
57,0.5448755066589461,0.3393167342211928,0.0,0.11580775911986103
58,0.15172413793103448,0.47586206896551725,0.3724137931034483,0.0
59,0.09587378640776699,0.0,0.49271844660194175,0.41140776699029125
60,0.13404255319148936,0.46808510638297873,0.39787234042553193,0.0
61,0.33212996389891697,0.0,0.13357400722021662,0.5342960288808665
62,0.14895330112721417,0.0,0.37278582930756843,0.4782608695652174
63,0.12380952380952381,0.41904761904761906,0.45714285714285713,0.0
64,0.20408163265306123,0.19047619047619047,0.0,0.6054421768707483
65,0.02156205079060853,0.0,0.008145663632007666,0.9702922855773838
66,0.0,0.5299011960478419,0.44877795111804475,0.021320852834113363
67,0.0,0.347397476340694,0.5946372239747634,0.05796529968454259
68,0.4164904862579281,0.39112050739957716,0.0,0.19238900634249473
69,0.6111848341232228,0.13781990521327014,0.0,0.25099526066350714
70,0.09090909090909091,0.0,0.14952153110047847,0.7595693779904307
71,0.07726718178121188,0.8393655957706385,0.08336722244814966,0.0
72,0.18639575971731448,0.5132508833922261,0.3003533568904594,0.0
73,0.4059511158342189,0.0,0.04675876726886291,0.5472901168969182
74,0.24692049272116462,0.6326987681970885,0.12038073908174692,0.0
75,0.6367713004484304,0.15246636771300448,0.0,0.21076233183856502
76,0.29891838741396265,0.4414945919370698,0.0,0.25958702064896755
77,0.0,0.37037037037037035,0.5239829993928354,0.10564663023679417
78,0.4146868250539957,0.2408207343412527,0.0,0.3444924406047516
79,0.5838998211091234,0.11914132379248658,0.0,0.29695885509839
80,0.2997658079625293,0.0,0.40866510538641687,0.29156908665105385
81,0.0,0.29183821748607414,0.2671348994914023,0.44102688302252363
82,0.22896117523609655,0.0,0.4923399790136411,0.2786988457502623
83,0.21372031662269128,0.0,0.260836788541274,0.5254428948360347
84,0.1665886757136172,0.6700982686008423,0.16331305568554047,0.0
85,0.15849673202614378,0.6699346405228758,0.1715686274509804,0.0
86,0.16789087093389296,0.0,0.155299055613851,0.6768100734522561
87,0.0,0.2902949978623343,0.6374519025224454,0.07225309961522018
88,0.6475475743768426,0.24685071026534441,0.0,0.10560171535781292
89,0.21090641120117906,0.0,0.2341930729550479,0.554900515843773
90,0.0,0.1947502116850127,0.6202370872142252,0.18501270110076207
91,0.6205450733752621,0.33420082411624374,0.0,0.04525410250849418
92,0.16664844177145982,0.0,0.13034445051940952,0.7030071077091307
93,0.2354393908211566,0.48281539411401525,0.28174521506482814,0.0
94,0.0,0.33968744633350506,0.07470376094796496,0.58560879271853
95,0.10415886099662795,0.7572124391157737,0.13862869988759835,0.0
96,0.4664172123479888,0.2411599625818522,0.0,0.29242282507015904
97,0.10454943132108487,0.0,0.5755322251385243,0.3199183435403908
98,0.2832189644416719,0.5547930962778125,0.1619879392805157,0.0
99,0.0,0.21567085953878407,0.3012316561844864,0.48309748427672955
100,0.150074294205052,0.6508172362555721,0.19910846953937592,0.0
101,0.13705900718076802,0.0,0.19044645644708086,0.6724945363721511
102,0.0,0.2752670501232539,0.4494658997534922,0.2752670501232539
103,0.5654507504224232,0.3770002981810953,0.0,0.05754895139648146
104,0.025689984377712204,0.0,0.030203089741364347,0.9441069258809235
105,0.08,0.42857142857142855,0.49142857142857144,0.0
106,0.0784313725490196,0.1895424836601307,0.0,0.7320261437908496
107,0.17419354838709677,0.2903225806451613,0.0,0.535483870967742
108,0.2605945604048071,0.5458570524984188,0.0,0.1935483870967742
109,0.06231454005934718,0.456973293768546,0.4807121661721068,0.0
110,0.35580774365821094,0.20093457943925233,0.0,0.4432576769025367
111,0.6675977653631285,0.0,0.1424581005586592,0.18994413407821228
112,0.2582781456953642,0.2052980132450331,0.0,0.5364238410596026
113,0.0,0.32626976118398926,0.5523040699630003,0.12142616885301043
114,0.49407114624505927,0.0,0.2727272727272727,0.233201581027668
115,0.0,0.27925840092699883,0.2966396292004635,0.4241019698725377
116,0.5576923076923077,0.30128205128205127,0.0,0.14102564102564102
117,0.6157024793388429,0.13429752066115702,0.0,0.25
118,0.061452513966480445,0.0,0.2424581005586592,0.6960893854748603
119,0.4658536585365854,0.0,0.16341463414634147,0.37073170731707317
120,0.2802547770700637,0.0,0.4426751592356688,0.2770700636942675
121,0.18820861678004536,0.0,0.5986394557823129,0.21315192743764172
122,0.329518359561278,0.3881735813066285,0.28230805913209345,0.0
123,0.5846994535519126,0.14754098360655737,0.0,0.2677595628415301
124,0.27692307692307694,0.3923076923076923,0.0,0.33076923076923076
125,0.0,0.36452599388379203,0.4831804281345566,0.15229357798165138
126,0.2793594306049822,0.0,0.6672597864768683,0.05338078291814947
127,0.0,0.10966810966810966,0.6060606060606061,0.2842712842712843
128,0.0,0.2367112810707457,0.6638623326959847,0.0994263862332696
129,0.40797546012269936,0.46932515337423314,0.0,0.12269938650306748
130,0.19900497512437812,0.38308457711442784,0.0,0.417910447761194
131,0.5279808983733771,0.3359200119385166,0.0,0.13609908968810625
132,0.0780065005417118,0.0,0.0866738894907909,0.8353196099674973
133,0.01937046004842615,0.9241323648103309,0.05649717514124294,0.0
134,0.19012797074954296,0.4076782449725777,0.40219378427787933,0.0
135,0.017804154302670624,0.9080118694362018,0.0,0.07418397626112759
136,0.0,0.3628571428571429,0.31142857142857144,0.32571428571428573
137,0.7571644042232277,0.14630467571644043,0.0,0.09653092006033183
138,0.08620689655172414,0.16379310344827586,0.75,0.0
139,0.4413793103448276,0.1413793103448276,0.0,0.41724137931034483
140,0.05067567567567568,0.597972972972973,0.0,0.35135135135135137
141,0.0,0.33169079149984604,0.5512781028641823,0.11703110563597166
142,0.11013215859030837,0.16740088105726872,0.7224669603524229,0.0
143,0.39745075318655854,0.25840092699884126,0.0,0.34414831981460026
144,0.3627450980392157,0.14215686274509803,0.0,0.4950980392156863
145,0.20612244897959184,0.5,0.0,0.2938775510204082
146,0.0,0.24193548387096775,0.632414151925078,0.1256503642039542
147,0.5406197654941374,0.2730318257956449,0.0,0.18634840871021777
148,0.4079615281859471,0.33181939620625167,0.0,0.2602190756078012
149,0.4816382252559727,0.3894880546075085,0.0,0.12887372013651877
150,0.0,0.20485626569913482,0.4984649734859057,0.29667876081495953
151,0.17001434720229555,0.40889526542324245,0.42109038737446197,0.0
152,0.27729083665338644,0.0,0.15776892430278885,0.5649402390438247
153,0.0,0.35099671965682566,0.5566490032803432,0.09235427706283118
154,0.2685305591677503,0.43075422626788035,0.30071521456436934,0.0
155,0.17358490566037735,0.0,0.3668763102725367,0.459538784067086
156,0.33109619686800895,0.0,0.3870246085011186,0.28187919463087246
157,0.38222222222222224,0.0,0.2,0.4177777777777778
158,0.24114560559685178,0.5590292960209882,0.19982509838216003,0.0
159,0.0,0.3193790686029044,0.5130696044066099,0.16755132699048572
160,0.33028605131229727,0.3291064582718962,0.34060749041580657,0.0
161,0.21738656195462477,0.0,0.5157068062827225,0.2669066317626527
162,0.2483425414364641,0.4088397790055249,0.34281767955801107,0.0
163,0.35369091874668085,0.5196494954859268,0.12665958576739245,0.0
164,0.16718441118328156,0.48291443095170855,0.34990115786500986,0.0
165,0.5024715237481195,0.4218783580485708,0.0,0.07565011820330969
166,0.6030192435301924,0.3196748506967485,0.0,0.07730590577305906
167,0.41913251240580773,0.30012865282117257,0.28073883477301964,0.0
168,0.0,0.20653967301634918,0.38188090595470225,0.41157942102894857
169,0.3441295546558704,0.0,0.32501124606387766,0.3308591992802519
170,0.0,0.256951871657754,0.4157754010695187,0.32727272727272727
171,0.49880013712718546,0.3996571820363387,0.0,0.10154268083647583
172,0.21637426900584794,0.0,0.2874269005847953,0.49619883040935675
173,0.0,0.21335050440008585,0.5610646061386564,0.2255848894612578
174,0.0,0.2954805025289607,0.6056452928699625,0.09887420460107685
175,0.0,0.4163568773234201,0.2857806691449814,0.2978624535315985
176,0.2149239692741809,0.0,0.34927104561843547,0.4358049851073836
177,0.3261770244821092,0.352165725047081,0.3216572504708098,0.0
178,0.0,0.42148087876322216,0.1354759967453214,0.44304312449145644
179,0.061555075593952485,0.0,0.15010799136069114,0.7883369330453563
180,0.3865110246433204,0.32684824902723736,0.0,0.28664072632944226
181,0.4003313086692435,0.0,0.4417448923246825,0.157923799006074
182,0.0,0.32828870779976715,0.4466433837795887,0.22506790842064417
183,0.31680713931581556,0.0,0.653941497273178,0.029251363411006447
184,0.0,0.5691811214199274,0.3247277127874143,0.10609116579265833
185,0.46674953387197016,0.3219390926041019,0.0,0.2113113735239279
186,0.0,0.38365122615803815,0.5847411444141689,0.03160762942779292
187,0.0,0.2307518115942029,0.7189764492753623,0.050271739130434784
188,0.5627717772478609,0.30425024547622387,0.0,0.1329779772759153
189,0.1795316565481353,0.29141370338248046,0.5290546400693842,0.0
190,0.2815768302493966,0.21238938053097345,0.5060337892196299,0.0
191,0.06593680019905448,0.0,0.157253048021896,0.7768101517790496
192,0.4708171206225681,0.0,0.48249027237354086,0.04669260700389105
193,0.0,0.09500609013398295,0.7762890783597239,0.12870483150629314
194,0.5790067720090294,0.2612866817155756,0.0,0.15970654627539504
195,0.42857142857142855,0.304552590266876,0.0,0.2668759811616955
196,0.858147478400643,0.11151295961422544,0.0,0.030339561985131606
197,0.3069090909090909,0.0,0.36072727272727273,0.33236363636363636
198,0.0,0.685131195335277,0.23323615160349853,0.08163265306122448
199,0.7158469945355191,0.14207650273224043,0.0,0.14207650273224043
200,0.0,0.15298752462245568,0.8069599474720945,0.04005252790544977
201,0.3131421232876712,0.6363441780821918,0.0,0.05051369863013699
202,0.0819277108433735,0.45903614457831327,0.45903614457831327,0.0
203,0.39688427299703266,0.0,0.29896142433234424,0.30415430267062316
204,0.0,0.08745059288537549,0.29792490118577075,0.6146245059288538
205,0.28753462603878116,0.0,0.3861495844875346,0.3263157894736842
206,0.38264014466546115,0.5191681735985534,0.0,0.09819168173598554
207,0.0,0.34210526315789475,0.25016244314489927,0.407732293697206
208,0.18304431599229287,0.1791907514450867,0.6377649325626205,0.0
209,0.3651252408477842,0.41734104046242776,0.21753371868978805,0.0
210,0.0,0.07600657354149548,0.3455217748562038,0.5784716516023007
211,0.19490781387181738,0.0,0.4097161252560726,0.39537606087211
212,0.2034280559314389,0.0,0.22462787550744248,0.5719440685611187
213,0.5570291777188329,0.129973474801061,0.0,0.3129973474801061
214,0.2148309705561614,0.0,0.11559432933478735,0.6695747001090513
215,0.4868571428571429,0.2742857142857143,0.0,0.23885714285714285
216,0.5342789598108747,0.19858156028368795,0.0,0.26713947990543735
217,0.0,0.3002070393374741,0.4492753623188406,0.2505175983436853
218,0.28267045454545453,0.0,0.4559659090909091,0.26136363636363635
219,0.0,0.7101200686106347,0.0,0.28987993138936535
220,0.0,0.5378535773710482,0.32362728785357736,0.13851913477537436
221,0.0,0.17072794571252314,0.6522208513263418,0.1770512029611351
222,0.2076691081430418,0.24170616113744076,0.5506247307195175,0.0
223,0.2787682333873582,0.0,0.13776337115072934,0.5834683954619124
224,0.17659018297995935,0.0,0.2844902701132733,0.5389195469067674
225,0.0,0.06774668630338733,0.48208149239077075,0.45017182130584193
226,0.18647166361974407,0.0,0.29250457038391225,0.5210237659963437
227,0.39445300462249616,0.44119157678479715,0.0,0.16435541859270672
228,0.0,0.21762996448175653,0.6800129157248951,0.1023571197933484
229,0.44668071654373026,0.5258166491043204,0.0,0.02750263435194942
230,0.1652014652014652,0.0,0.2684981684981685,0.5663003663003663
231,0.0,0.12323943661971831,0.4988262910798122,0.3779342723004695
232,0.23122529644268774,0.0,0.15612648221343872,0.6126482213438735
233,0.0,0.1723687646905197,0.37372682162444504,0.45390441368503526
234,0.5446090251464003,0.049948329314502236,0.0,0.4054426455390975
235,0.03128792987188132,0.0,0.10316925151719487,0.8655428186109237
236,0.09619238476953908,0.0,0.42009018036072143,0.4837174348697395
237,0.19145569620253164,0.5450949367088608,0.2634493670886076,0.0
238,0.0,0.26435357290375877,0.03510945890128046,0.7005369681949608
239,0.058823529411764705,0.0,0.08840729274165807,0.8527691778465772
240,0.0,0.42684977578475336,0.061659192825112105,0.5114910313901345
241,0.12612612612612611,0.08558558558558559,0.7882882882882883,0.0
242,0.5070422535211268,0.23742454728370221,0.0,0.25553319919517103
243,0.2505818463925524,0.6167571761055082,0.0,0.13266097750193948
244,0.0,0.3805668016194332,0.4433198380566802,0.17611336032388664
245,0.7197445874488676,0.2276763444078619,0.0,0.05257906814327048
246,0.1542454579162032,0.0,0.19490792238289456,0.6508466197009022
247,0.06338028169014084,0.11971830985915492,0.8169014084507042,0.0
248,0.42693955259400285,0.3155640171346978,0.0,0.25749643027129937
249,0.0,0.5471854304635762,0.3791390728476821,0.07367549668874172
250,0.44544483442698,0.483747901724401,0.0,0.07080726384861895
251,0.22099816391253546,0.0,0.25504924052745787,0.5239525955600067
252,0.0,0.08507061197041023,0.8769334229993275,0.03799596503026227
253,0.6448963629253031,0.2850997262416895,0.0,0.07000391083300743
254,0.12272834552749587,0.0,0.1718196837384942,0.7054519707340099
255,0.20556414219474498,0.0,0.24574961360123648,0.5486862442040186
256,0.11355311355311355,0.304029304029304,0.5824175824175825,0.0
257,0.34448160535117056,0.5473801560758083,0.0,0.10813823857302118
258,0.0,0.45163240628778717,0.49334945586457074,0.05501813784764208
259,0.23038885142728702,0.7243200719262756,0.0,0.0452910766464374
260,0.0,0.2778032036613272,0.4585812356979405,0.26361556064073227
261,0.16334488734835356,0.5467937608318891,0.28986135181975736,0.0
262,0.22444955635885638,0.0,0.03614853762734144,0.7394019060138022
263,0.2346880366342301,0.45907269605037204,0.3062392673153978,0.0
264,0.46311475409836067,0.3756830601092896,0.0,0.16120218579234974
265,0.0,0.5449385052034059,0.4077578051087985,0.04730368968779565
266,0.4013273964546753,0.5448206334537512,0.0,0.05385197009157355
267,0.3893805309734513,0.12389380530973451,0.0,0.48672566371681414
268,0.0,0.42016806722689076,0.4117647058823529,0.16806722689075632
269,0.41386554621848737,0.0,0.1092436974789916,0.47689075630252103
270,0.0,0.06818181818181818,0.37987012987012986,0.551948051948052
271,0.4901185770750988,0.0,0.1976284584980237,0.31225296442687744
272,0.48721804511278194,0.14285714285714285,0.0,0.3699248120300752
273,0.43137254901960786,0.10457516339869281,0.0,0.46405228758169936
274,0.1601423487544484,0.0,0.7615658362989324,0.07829181494661921
275,0.30484330484330485,0.0,0.21082621082621084,0.4843304843304843
276,0.7194263363754889,0.17457627118644067,0.0,0.10599739243807041
277,0.13655030800821355,0.6930184804928131,0.1704312114989733,0.0
278,0.32330875280538635,0.419814042962488,0.0,0.2568772042321257
279,0.11206896551724138,0.10775862068965517,0.7801724137931034,0.0
280,0.0,0.03680981595092025,0.05828220858895705,0.9049079754601227
281,0.009350393700787402,0.9084645669291339,0.08218503937007875,0.0
282,0.030042918454935622,0.2832618025751073,0.6866952789699571,0.0
283,0.0,0.012808349146110056,0.026091081593927895,0.961100569259962
284,0.009332872450743173,0.0,0.015036294503975112,0.9756308330452818
285,0.1281618887015177,0.11129848229342328,0.760539629005059,0.0
286,0.29793510324483774,0.1504424778761062,0.0,0.551622418879056
287,0.0014936519790888724,0.5436893203883495,0.4548170276325616,0.0
288,0.6478220574606117,0.020389249304911955,0.0,0.33178869323447635
289,0.16752387950036737,0.0,0.2432035268185158,0.5892725936811168
290,0.3509286412512219,0.4066471163245357,0.0,0.24242424242424243
291,0.0,0.7262222222222222,0.2688888888888889,0.004888888888888889
292,0.4028642590286426,0.48443337484433374,0.0,0.11270236612702367
293,0.0,0.1732283464566929,0.610236220472441,0.21653543307086615
294,0.5982532751091703,0.2794759825327511,0.0,0.1222707423580786
295,0.0,0.2199248120300752,0.5056390977443609,0.2744360902255639
296,0.27906976744186046,0.5038759689922481,0.21705426356589147,0.0
297,0.19375,0.0,0.3875,0.41875
298,0.3505747126436782,0.3850574712643678,0.26436781609195403,0.0
299,0.38666666666666666,0.0,0.25333333333333335,0.36
300,0.12727272727272726,0.6909090909090909,0.18181818181818182,0.0
301,0.2857142857142857,0.0,0.4642857142857143,0.25
302,0.04,0.52,0.0,0.44
303,0.043478260869565216,0.0,0.6521739130434783,0.30434782608695654
304,0.0,0.08333333333333333,0.5,0.4166666666666667
305,0.0,0.0,0.36363636363636365,0.6363636363636364
306,0.0,0.3333333333333333,0.0,0.6666666666666666
307,1.0,0.0,0.0,0.0
308,0.25,0.5,0.25,0.0
309,,,,
310,0.0,0.2,0.2,0.6
311,,,,
312,,,,
313,,,,
314,,,,
315,,,,
