,A,C,G,T
0,,,,
1,,,,
2,,,,
3,,,,
4,,,,
5,0.0,0.0,0.75,0.25
6,,,,
7,0.0,0.0,0.5,0.5
8,0.0,0.2,0.6,0.2
9,0.0,0.0,0.0,1.0
10,,,,
11,0.5,0.0,0.0,0.5
12,,,,
13,1.0,0.0,0.0,0.0
14,1.0,0.0,0.0,0.0
15,0.0,1.0,0.0,0.0
16,,,,
17,1.0,0.0,0.0,0.0
18,,,,
19,0.0,0.0,1.0,0.0
20,1.0,0.0,0.0,0.0
21,,,,
22,,,,
23,0.0,0.0,1.0,0.0
24,0.5,0.5,0.0,0.0
25,,,,
26,0.0,0.0,1.0,0.0
27,,,,
28,,,,
29,1.0,0.0,0.0,0.0
30,0.0,1.0,0.0,0.0
31,,,,
32,,,,
33,,,,
34,0.0,0.0,1.0,0.0
35,1.0,0.0,0.0,0.0
36,0.0,1.0,0.0,0.0
37,0.0,0.3333333333333333,0.6666666666666666,0.0
38,0.0,1.0,0.0,0.0
39,,,,
40,,,,
41,,,,
42,,,,
43,0.0,1.0,0.0,0.0
44,,,,
45,0.0,0.0,0.0,1.0
46,,,,
47,,,,
48,,,,
49,,,,
50,0.0,0.0,1.0,0.0
51,0.0,1.0,0.0,0.0
52,,,,
53,,,,
54,,,,
55,0.0,0.14285714285714285,0.8571428571428571,0.0
56,0.6666666666666666,0.3333333333333333,0.0,0.0
57,0.5,0.5,0.0,0.0
58,,,,
59,0.0,0.0,0.0,1.0
60,,,,
61,,,,
62,,,,
63,0.0,0.0,1.0,0.0
64,0.0,0.0,0.0,1.0
65,0.0,0.0,0.0,1.0
66,0.0,0.25,0.75,0.0
67,0.0,1.0,0.0,0.0
68,0.0,1.0,0.0,0.0
69,0.8333333333333334,0.16666666666666666,0.0,0.0
70,,,,
71,0.25,0.75,0.0,0.0
72,,,,
73,0.25,0.0,0.0,0.75
74,0.0,1.0,0.0,0.0
75,1.0,0.0,0.0,0.0
76,0.0,1.0,0.0,0.0
77,0.0,0.0,0.5,0.5
78,0.0,0.3333333333333333,0.6666666666666666,0.0
79,0.0,0.0,1.0,0.0
80,0.0,0.0,0.5,0.5
81,0.0,0.3333333333333333,0.6666666666666666,0.0
82,0.0,0.0,0.0,1.0
83,1.0,0.0,0.0,0.0
84,0.0,1.0,0.0,0.0
85,0.5,0.5,0.0,0.0
86,0.0,0.0,0.0,1.0
87,0.0,0.75,0.25,0.0
88,0.2,0.0,0.8,0.0
89,0.25,0.0,0.75,0.0
90,1.0,0.0,0.0,0.0
91,0.0,0.6,0.4,0.0
92,0.3333333333333333,0.0,0.3333333333333333,0.3333333333333333
93,0.0,1.0,0.0,0.0
94,0.0,0.0,0.3333333333333333,0.6666666666666666
95,0.2,0.0,0.0,0.8
96,0.0,0.25,0.75,0.0
97,0.5,0.25,0.25,0.0
98,0.3333333333333333,0.6666666666666666,0.0,0.0
99,0.0,0.0,1.0,0.0
100,,,,
101,0.36363636363636365,0.5454545454545454,0.0,0.09090909090909091
102,0.0,0.8,0.0,0.2
103,0.0,0.0,1.0,0.0
104,0.0,0.0,0.0,1.0
105,,,,
106,,,,
107,,,,
108,0.0,0.25,0.75,0.0
109,,,,
110,1.0,0.0,0.0,0.0
111,1.0,0.0,0.0,0.0
112,,,,
113,0.6666666666666666,0.0,0.3333333333333333,0.0
114,,,,
115,0.0,0.0,0.0,1.0
116,,,,
117,,,,
118,,,,
119,,,,
120,0.0,0.0,0.0,1.0
121,,,,
122,0.0,1.0,0.0,0.0
123,,,,
124,,,,
125,0.0,0.0,1.0,0.0
126,0.0,0.0,1.0,0.0
127,0.0,0.0,0.8,0.2
128,0.0,0.0,1.0,0.0
129,0.0,0.0,1.0,0.0
130,,,,
131,0.6,0.2,0.0,0.2
132,,,,
133,0.0,1.0,0.0,0.0
134,0.0,0.0,1.0,0.0
135,,,,
136,0.0,0.0,1.0,0.0
137,1.0,0.0,0.0,0.0
138,,,,
139,,,,
140,,,,
141,0.0,0.75,0.25,0.0
142,0.0,0.0,1.0,0.0
143,0.0,1.0,0.0,0.0
144,0.0,0.0,0.0,1.0
145,0.0,1.0,0.0,0.0
146,0.0,0.16666666666666666,0.6666666666666666,0.16666666666666666
147,0.14285714285714285,0.7142857142857143,0.14285714285714285,0.0
148,0.75,0.0,0.0,0.25
149,0.0,1.0,0.0,0.0
150,0.0,0.25,0.5,0.25
151,,,,
152,0.0,0.0,1.0,0.0
153,,,,
154,,,,
155,0.0,0.0,1.0,0.0
156,0.2,0.6,0.0,0.2
157,0.0,0.0,0.0,1.0
158,0.5,0.5,0.0,0.0
159,0.6666666666666666,0.3333333333333333,0.0,0.0
160,0.5,0.25,0.0,0.25
161,0.0,0.0,0.5,0.5
162,0.0,0.0,1.0,0.0
163,0.0,0.6,0.2,0.2
164,0.0,0.5,0.5,0.0
165,,,,
166,1.0,0.0,0.0,0.0
167,0.125,0.25,0.625,0.0
168,0.0,0.16666666666666666,0.6666666666666666,0.16666666666666666
169,,,,
170,0.0,0.0,0.6666666666666666,0.3333333333333333
171,,,,
172,0.0,0.0,0.0,1.0
173,0.0,0.0,1.0,0.0
174,0.0,0.6666666666666666,0.3333333333333333,0.0
175,0.0,0.5,0.5,0.0
176,0.0,0.3333333333333333,0.6666666666666666,0.0
177,,,,
178,0.0,0.75,0.0,0.25
179,0.0,1.0,0.0,0.0
180,0.0,0.0,1.0,0.0
181,,,,
182,0.0,0.0,1.0,0.0
183,0.0,0.0,1.0,0.0
184,0.0,0.0,1.0,0.0
185,0.3333333333333333,0.6666666666666666,0.0,0.0
186,0.0,0.0,0.0,1.0
187,0.0,0.42857142857142855,0.5714285714285714,0.0
188,0.25,0.75,0.0,0.0
189,0.0,0.0,0.09090909090909091,0.9090909090909091
190,,,,
191,0.0,0.0,0.2857142857142857,0.7142857142857143
192,0.3333333333333333,0.0,0.6666666666666666,0.0
193,0.0,0.5,0.5,0.0
194,0.0,1.0,0.0,0.0
195,,,,
196,,,,
197,,,,
198,0.0,0.5,0.5,0.0
199,0.0,1.0,0.0,0.0
200,0.0,0.0,0.0,1.0
201,0.5,0.0,0.0,0.5
202,,,,
203,0.5,0.0,0.5,0.0
204,0.0,0.0,0.5,0.5
205,0.0,0.0,0.0,1.0
206,0.0,0.0,1.0,0.0
207,0.0,0.16666666666666666,0.0,0.8333333333333334
208,,,,
209,0.0,0.2857142857142857,0.7142857142857143,0.0
210,0.0,0.0,0.5,0.5
211,0.0,0.0,0.6666666666666666,0.3333333333333333
212,0.0,0.0,0.5,0.5
213,0.0,1.0,0.0,0.0
214,0.0,1.0,0.0,0.0
215,0.625,0.25,0.0,0.125
216,,,,
217,,,,
218,,,,
219,,,,
220,0.0,0.0,1.0,0.0
221,0.0,0.125,0.625,0.25
222,0.0,0.0,1.0,0.0
223,0.0,0.0,0.0,1.0
224,0.0,1.0,0.0,0.0
225,0.5,0.5,0.0,0.0
226,0.25,0.0,0.0,0.75
227,0.0,1.0,0.0,0.0
228,0.0,0.0,0.0,1.0
229,0.2222222222222222,0.7777777777777778,0.0,0.0
230,0.0,0.0,0.0,1.0
231,,,,
232,0.0,0.0,0.5,0.5
233,0.0,0.5,0.5,0.0
234,,,,
235,0.0,0.0,0.0,1.0
236,0.0,0.0,0.5,0.5
237,0.0,1.0,0.0,0.0
238,0.0,1.0,0.0,0.0
239,0.0,0.0,0.0,1.0
240,0.0,0.3333333333333333,0.0,0.6666666666666666
241,,,,
242,,,,
243,0.0,0.0,1.0,0.0
244,,,,
245,0.875,0.0,0.0,0.125
246,0.5,0.0,0.5,0.0
247,,,,
248,,,,
249,0.0,0.0,1.0,0.0
250,0.0,0.8,0.0,0.2
251,0.5,0.0,0.5,0.0
252,0.0,0.0,1.0,0.0
253,0.0,1.0,0.0,0.0
254,0.0,0.0,0.0,1.0
255,,,,
256,,,,
257,0.3333333333333333,0.6666666666666666,0.0,0.0
258,0.0,1.0,0.0,0.0
259,0.2857142857142857,0.42857142857142855,0.0,0.2857142857142857
260,0.0,0.75,0.0,0.25
261,0.0,0.6666666666666666,0.3333333333333333,0.0
262,0.0,0.0,0.0,1.0
263,0.5714285714285714,0.2857142857142857,0.14285714285714285,0.0
264,,,,
265,0.0,1.0,0.0,0.0
266,0.5555555555555556,0.4444444444444444,0.0,0.0
267,,,,
268,,,,
269,0.0,0.0,0.0,1.0
270,,,,
271,,,,
272,,,,
273,,,,
274,,,,
275,0.0,0.0,0.0,1.0
276,0.4,0.6,0.0,0.0
277,,,,
278,0.1111111111111111,0.3333333333333333,0.0,0.5555555555555556
279,,,,
280,,,,
281,,,,
282,0.0,1.0,0.0,0.0
283,0.0,0.0,0.0,1.0
284,0.0,0.0,0.0,1.0
285,,,,
286,,,,
287,0.0,1.0,0.0,0.0
288,,,,
289,,,,
290,,,,
291,,,,
292,1.0,0.0,0.0,0.0
293,0.0,0.0,1.0,0.0
294,,,,
295,,,,
296,,,,
297,1.0,0.0,0.0,0.0
298,,,,
299,,,,
300,,,,
301,,,,
302,,,,
303,,,,
304,,,,
305,,,,
306,,,,
307,,,,
308,,,,
309,,,,
310,,,,
311,,,,
312,,,,
313,,,,
314,,,,
315,,,,
