,A,C,G,T
0,,,,
1,,,,
2,1.0,0.0,0.0,0.0
3,0.5,0.5,0.0,0.0
4,0.0,1.0,0.0,0.0
5,0.6666666666666666,0.0,0.0,0.3333333333333333
6,,,,
7,0.0,0.0,1.0,0.0
8,0.75,0.25,0.0,0.0
9,0.0,0.0,0.0,1.0
10,,,,
11,1.0,0.0,0.0,0.0
12,,,,
13,0.0,0.0,0.6666666666666666,0.3333333333333333
14,1.0,0.0,0.0,0.0
15,0.0,1.0,0.0,0.0
16,,,,
17,,,,
18,,,,
19,0.5,0.0,0.5,0.0
20,0.0,1.0,0.0,0.0
21,,,,
22,,,,
23,,,,
24,0.0,0.0,1.0,0.0
25,,,,
26,0.0,0.5,0.5,0.0
27,0.0,1.0,0.0,0.0
28,,,,
29,0.0,0.0,1.0,0.0
30,0.5,0.0,0.5,0.0
31,,,,
32,,,,
33,0.0,1.0,0.0,0.0
34,,,,
35,0.9375,0.0,0.0,0.0625
36,,,,
37,0.0,0.3333333333333333,0.6666666666666666,0.0
38,0.0,1.0,0.0,0.0
39,,,,
40,0.0,0.0,1.0,0.0
41,0.0,1.0,0.0,0.0
42,0.0,0.0,1.0,0.0
43,,,,
44,0.0,0.0,0.0,1.0
45,,,,
46,0.0,0.0,1.0,0.0
47,0.0,0.0,1.0,0.0
48,0.0,0.0,1.0,0.0
49,,,,
50,0.3333333333333333,0.0,0.3333333333333333,0.3333333333333333
51,0.0,0.0,0.5,0.5
52,,,,
53,0.0,0.5,0.0,0.5
54,0.5,0.0,0.5,0.0
55,0.0,0.0,0.0,1.0
56,0.5,0.0,0.0,0.5
57,0.5,0.0,0.5,0.0
58,,,,
59,,,,
60,0.0,0.6666666666666666,0.0,0.3333333333333333
61,0.3333333333333333,0.0,0.0,0.6666666666666666
62,0.0,0.0,1.0,0.0
63,,,,
64,0.0,0.5,0.0,0.5
65,,,,
66,0.8333333333333334,0.05555555555555555,0.0,0.1111111111111111
67,0.8095238095238095,0.0,0.09523809523809523,0.09523809523809523
68,,,,
69,0.8181818181818182,0.09090909090909091,0.0,0.09090909090909091
70,,,,
71,0.5,0.0,0.0,0.5
72,0.5,0.5,0.0,0.0
73,1.0,0.0,0.0,0.0
74,0.25,0.25,0.5,0.0
75,,,,
76,1.0,0.0,0.0,0.0
77,0.0,0.5,0.5,0.0
78,0.0,0.0,1.0,0.0
79,0.0,0.14285714285714285,0.2857142857142857,0.5714285714285714
80,0.0,0.0,0.4,0.6
81,0.25,0.0,0.75,0.0
82,0.0,0.0,0.0,1.0
83,0.0,0.0,0.0,1.0
84,0.0,0.23076923076923078,0.6923076923076923,0.07692307692307693
85,0.0,1.0,0.0,0.0
86,0.0,0.0,1.0,0.0
87,0.0,0.1111111111111111,0.8888888888888888,0.0
88,0.18181818181818182,0.09090909090909091,0.0,0.7272727272727273
89,0.041666666666666664,0.0,0.125,0.8333333333333334
90,0.0,0.9411764705882353,0.058823529411764705,0.0
91,0.2857142857142857,0.5714285714285714,0.0,0.14285714285714285
92,0.2,0.7333333333333333,0.06666666666666667,0.0
93,0.0,0.5714285714285714,0.39285714285714285,0.03571428571428571
94,0.8,0.2,0.0,0.0
95,0.047619047619047616,0.8571428571428571,0.09523809523809523,0.0
96,0.0,0.38461538461538464,0.15384615384615385,0.46153846153846156
97,0.0,0.6,0.0,0.4
98,0.038461538461538464,0.0,0.07692307692307693,0.8846153846153846
99,,,,
100,0.875,0.125,0.0,0.0
101,0.0,0.9090909090909091,0.0,0.09090909090909091
102,0.3333333333333333,0.3333333333333333,0.3333333333333333,0.0
103,0.0,1.0,0.0,0.0
104,0.0,0.0,0.0,1.0
105,1.0,0.0,0.0,0.0
106,0.0,1.0,0.0,0.0
107,0.5,0.0,0.0,0.5
108,,,,
109,0.0,1.0,0.0,0.0
110,0.0,1.0,0.0,0.0
111,0.0,0.09090909090909091,0.8636363636363636,0.045454545454545456
112,0.0,0.3333333333333333,0.6666666666666666,0.0
113,0.0,0.0,0.0,1.0
114,1.0,0.0,0.0,0.0
115,1.0,0.0,0.0,0.0
116,0.08333333333333333,0.8333333333333334,0.0,0.08333333333333333
117,1.0,0.0,0.0,0.0
118,0.0,1.0,0.0,0.0
119,0.0,1.0,0.0,0.0
120,0.15,0.0,0.05,0.8
121,0.0,0.0,1.0,0.0
122,0.0,0.0,1.0,0.0
123,0.0,0.0,0.6666666666666666,0.3333333333333333
124,1.0,0.0,0.0,0.0
125,0.0,0.6666666666666666,0.16666666666666666,0.16666666666666666
126,,,,
127,1.0,0.0,0.0,0.0
128,1.0,0.0,0.0,0.0
129,0.0,0.8333333333333334,0.16666666666666666,0.0
130,0.0,0.375,0.625,0.0
131,0.25,0.0,0.0,0.75
132,,,,
133,,,,
134,0.0,0.5,0.375,0.125
135,0.0,0.0,1.0,0.0
136,,,,
137,,,,
138,,,,
139,0.0,0.0,1.0,0.0
140,0.5,0.0,0.0,0.5
141,,,,
142,1.0,0.0,0.0,0.0
143,0.0,0.6666666666666666,0.0,0.3333333333333333
144,0.0,0.0,1.0,0.0
145,,,,
146,0.0,0.9285714285714286,0.07142857142857142,0.0
147,,,,
148,0.2,0.6,0.0,0.2
149,0.37037037037037035,0.6296296296296297,0.0,0.0
150,0.6842105263157895,0.21052631578947367,0.10526315789473684,0.0
151,0.0,0.0,0.75,0.25
152,0.0,0.0,0.375,0.625
153,0.0,0.5,0.25,0.25
154,0.0,0.5,0.5,0.0
155,0.06896551724137931,0.0,0.9310344827586207,0.0
156,0.0,0.7,0.3,0.0
157,0.0,0.3333333333333333,0.06060606060606061,0.6060606060606061
158,0.2,0.2,0.6,0.0
159,0.041666666666666664,0.8333333333333334,0.125,0.0
160,0.0,0.8333333333333334,0.16666666666666666,0.0
161,0.05555555555555555,0.8888888888888888,0.05555555555555555,0.0
162,0.0,0.0,0.9230769230769231,0.07692307692307693
163,0.125,0.75,0.0,0.125
164,0.16666666666666666,0.8333333333333334,0.0,0.0
165,0.3333333333333333,0.0,0.0,0.6666666666666666
166,0.0,0.0,0.0,1.0
167,0.7142857142857143,0.0,0.0,0.2857142857142857
168,0.0,0.0,0.5,0.5
169,0.3695652173913043,0.6304347826086957,0.0,0.0
170,0.9375,0.0,0.0,0.0625
171,0.0,0.09090909090909091,0.7727272727272727,0.13636363636363635
172,0.0,1.0,0.0,0.0
173,0.5,0.0,0.08333333333333333,0.4166666666666667
174,0.0,0.4444444444444444,0.5555555555555556,0.0
175,0.0,0.038461538461538464,0.07692307692307693,0.8846153846153846
176,0.2,0.0,0.0,0.8
177,0.2,0.4,0.4,0.0
178,0.0,0.8571428571428571,0.09523809523809523,0.047619047619047616
179,0.0,0.0,1.0,0.0
180,0.0,0.5,0.5,0.0
181,0.0,0.0,1.0,0.0
182,0.058823529411764705,0.0,0.058823529411764705,0.8823529411764706
183,0.0,0.0,0.5,0.5
184,,,,
185,0.0,0.7142857142857143,0.0,0.2857142857142857
186,0.6666666666666666,0.0,0.3333333333333333,0.0
187,,,,
188,0.3333333333333333,0.0,0.0,0.6666666666666666
189,,,,
190,0.0,0.0,1.0,0.0
191,0.6666666666666666,0.0,0.0,0.3333333333333333
192,0.0,0.3333333333333333,0.6666666666666666,0.0
193,0.0,0.13333333333333333,0.8,0.06666666666666667
194,0.0,0.0,0.0,1.0
195,0.0,0.3333333333333333,0.3333333333333333,0.3333333333333333
196,0.25,0.25,0.0,0.5
197,0.0,0.0,1.0,0.0
198,,,,
199,1.0,0.0,0.0,0.0
200,0.0,0.5,0.5,0.0
201,0.16666666666666666,0.8333333333333334,0.0,0.0
202,0.5,0.0,0.5,0.0
203,,,,
204,0.0,0.0,1.0,0.0
205,0.25,0.0,0.5,0.25
206,0.5,0.0,0.5,0.0
207,0.0,0.36666666666666664,0.06666666666666667,0.5666666666666667
208,,,,
209,0.18181818181818182,0.18181818181818182,0.0,0.6363636363636364
210,,,,
211,0.0,0.0,0.0,1.0
212,0.0,0.6666666666666666,0.3333333333333333,0.0
213,0.9,0.1,0.0,0.0
214,0.05263157894736842,0.8947368421052632,0.05263157894736842,0.0
215,0.0,0.0625,0.9375,0.0
216,0.0,0.0,0.0,1.0
217,0.0,1.0,0.0,0.0
218,0.0,0.0,0.0,1.0
219,0.0,0.3333333333333333,0.3333333333333333,0.3333333333333333
220,0.25,0.0,0.0,0.75
221,0.0,1.0,0.0,0.0
222,0.0,0.9230769230769231,0.07692307692307693,0.0
223,,,,
224,0.0,0.0,0.5,0.5
225,0.0,0.5,0.25,0.25
226,0.0,0.14285714285714285,0.8571428571428571,0.0
227,0.0,1.0,0.0,0.0
228,,,,
229,,,,
230,0.0,0.0,0.0,1.0
231,0.6,0.0,0.4,0.0
232,0.0,0.0,1.0,0.0
233,0.5,0.5,0.0,0.0
234,0.75,0.0,0.25,0.0
235,,,,
236,0.0,0.0,0.7222222222222222,0.2777777777777778
237,0.0,0.0,1.0,0.0
238,0.0,0.0,0.0,1.0
239,0.058823529411764705,0.0,0.0,0.9411764705882353
240,0.0,0.0,0.8,0.2
241,,,,
242,0.5,0.0,0.0,0.5
243,0.0,1.0,0.0,0.0
244,0.0,0.12,0.88,0.0
245,0.10526315789473684,0.8421052631578947,0.0,0.05263157894736842
246,0.2222222222222222,0.0,0.2222222222222222,0.5555555555555556
247,0.0,0.0,1.0,0.0
248,,,,
249,0.0,0.0,1.0,0.0
250,0.10256410256410256,0.8974358974358975,0.0,0.0
251,0.058823529411764705,0.0,0.8235294117647058,0.11764705882352941
252,1.0,0.0,0.0,0.0
253,,,,
254,0.0,0.0,1.0,0.0
255,0.0,0.0,0.0,1.0
256,1.0,0.0,0.0,0.0
257,0.0,0.0,0.0,1.0
258,0.0,0.0,1.0,0.0
259,,,,
260,,,,
261,,,,
262,,,,
263,0.6666666666666666,0.0,0.0,0.3333333333333333
264,0.25,0.25,0.0,0.5
265,0.0,0.8947368421052632,0.10526315789473684,0.0
266,0.2777777777777778,0.5555555555555556,0.0,0.16666666666666666
267,,,,
268,,,,
269,0.5,0.0,0.0,0.5
270,0.0,0.0,0.5,0.5
271,0.0,0.0,1.0,0.0
272,0.0,0.0,0.0,1.0
273,1.0,0.0,0.0,0.0
274,0.5,0.0,0.5,0.0
275,0.0,0.0,0.0,1.0
276,0.7777777777777778,0.2222222222222222,0.0,0.0
277,0.3333333333333333,0.6666666666666666,0.0,0.0
278,0.3333333333333333,0.5476190476190477,0.0,0.11904761904761904
279,0.0,0.0,1.0,0.0
280,,,,
281,,,,
282,0.0,0.5,0.5,0.0
283,0.0,0.0,0.0,1.0
284,0.09090909090909091,0.0,0.0,0.9090909090909091
285,0.0,0.3333333333333333,0.6666666666666666,0.0
286,0.0,1.0,0.0,0.0
287,0.0,0.75,0.25,0.0
288,0.6666666666666666,0.3333333333333333,0.0,0.0
289,0.0,0.0,0.16666666666666666,0.8333333333333334
290,0.0,0.0,0.0,1.0
291,0.0,0.0,1.0,0.0
292,0.6666666666666666,0.3333333333333333,0.0,0.0
293,,,,
294,0.0,0.3333333333333333,0.16666666666666666,0.5
295,0.0,0.0,1.0,0.0
296,,,,
297,,,,
298,,,,
299,,,,
300,,,,
301,,,,
302,,,,
303,,,,
304,,,,
305,,,,
306,,,,
307,,,,
308,,,,
309,,,,
310,,,,
311,,,,
312,,,,
313,,,,
314,,,,
315,,,,
