,A,C,G,T
0,,,,
1,,,,
2,0.8617021276595744,0.06382978723404255,0.0,0.07446808510638298
3,0.26704545454545453,0.2840909090909091,0.0,0.44886363636363635
4,0.4857142857142857,0.34285714285714286,0.17142857142857143,0.0
5,0.6530612244897959,0.1564625850340136,0.0,0.19047619047619047
6,0.3974358974358974,0.0,0.48717948717948717,0.11538461538461539
7,0.0,0.05649717514124294,0.5028248587570622,0.4406779661016949
8,0.7288135593220338,0.2033898305084746,0.0,0.06779661016949153
9,0.05847953216374269,0.0,0.1286549707602339,0.8128654970760234
10,0.0,0.75,0.25,0.0
11,0.6336996336996337,0.10989010989010989,0.0,0.2564102564102564
12,0.21428571428571427,0.0,0.7142857142857143,0.07142857142857142
13,0.0,0.02962962962962963,0.7407407407407407,0.22962962962962963
14,0.8522167487684729,0.08866995073891626,0.0,0.059113300492610835
15,0.014925373134328358,0.9552238805970149,0.0,0.029850746268656716
16,0.0,0.6274509803921569,0.27450980392156865,0.09803921568627451
17,0.9642857142857143,0.0,0.0,0.03571428571428571
18,0.15217391304347827,0.1956521739130435,0.6521739130434783,0.0
19,0.16666666666666666,0.0,0.5,0.3333333333333333
20,0.37209302325581395,0.37209302325581395,0.0,0.2558139534883721
21,0.3888888888888889,0.2222222222222222,0.0,0.3888888888888889
22,0.3,0.3,0.0,0.4
23,0.058823529411764705,0.0,0.35294117647058826,0.5882352941176471
24,0.14814814814814814,0.0,0.14814814814814814,0.7037037037037037
25,0.45454545454545453,0.0,0.0,0.5454545454545454
26,0.0,0.5257731958762887,0.41237113402061853,0.061855670103092786
27,0.32727272727272727,0.6545454545454545,0.0,0.01818181818181818
28,0.42857142857142855,0.19047619047619047,0.0,0.38095238095238093
29,0.0,0.13636363636363635,0.5505050505050505,0.31313131313131315
30,0.24050632911392406,0.0,0.6329113924050633,0.12658227848101267
31,0.14814814814814814,0.2962962962962963,0.5555555555555556,0.0
32,0.3524590163934426,0.23770491803278687,0.0,0.4098360655737705
33,0.43037974683544306,0.35443037974683544,0.0,0.21518987341772153
34,0.05714285714285714,0.8571428571428571,0.08571428571428572,0.0
35,0.3611111111111111,0.125,0.0,0.5138888888888888
36,0.0,0.3968253968253968,0.5634920634920635,0.03968253968253968
37,0.0,0.13545816733067728,0.852589641434263,0.01195219123505976
38,0.5396825396825397,0.3492063492063492,0.0,0.1111111111111111
39,0.32222222222222224,0.0,0.43333333333333335,0.24444444444444444
40,0.16666666666666666,0.0,0.25,0.5833333333333334
41,0.04504504504504504,0.8108108108108109,0.14414414414414414,0.0
42,0.015151515151515152,0.24242424242424243,0.7424242424242424,0.0
43,0.1,0.0,0.425,0.475
44,0.3333333333333333,0.4,0.0,0.26666666666666666
45,0.17391304347826086,0.5652173913043478,0.0,0.2608695652173913
46,0.0,0.12994350282485875,0.8700564971751412,0.0
47,0.7407407407407407,0.12962962962962962,0.0,0.12962962962962962
48,0.0,0.18333333333333332,0.6,0.21666666666666667
49,0.13636363636363635,0.0,0.45454545454545453,0.4090909090909091
50,0.10526315789473684,0.0,0.3157894736842105,0.5789473684210527
51,0.19230769230769232,0.0,0.6730769230769231,0.1346153846153846
52,0.07692307692307693,0.5384615384615384,0.38461538461538464,0.0
53,0.40298507462686567,0.3283582089552239,0.0,0.26865671641791045
54,0.8372093023255814,0.023255813953488372,0.13953488372093023,0.0
55,0.2,0.0,0.06666666666666667,0.7333333333333333
56,0.11859838274932614,0.0,0.14016172506738545,0.7412398921832885
57,0.5116279069767442,0.0,0.37209302325581395,0.11627906976744186
58,0.1,0.8,0.1,0.0
59,0.45,0.0,0.275,0.275
60,0.0,0.18691588785046728,0.308411214953271,0.5046728971962616
61,0.1509433962264151,0.0,0.32452830188679244,0.5245283018867924
62,0.11088709677419355,0.0,0.3024193548387097,0.5866935483870968
63,0.125,0.25,0.625,0.0
64,0.21428571428571427,0.21428571428571427,0.0,0.5714285714285714
65,0.03296703296703297,0.0,0.0,0.967032967032967
66,0.0,0.0651685393258427,0.6898876404494382,0.2449438202247191
67,0.1941747572815534,0.0,0.6893203883495146,0.11650485436893204
68,0.25961538461538464,0.5384615384615384,0.20192307692307693,0.0
69,0.6739130434782609,0.13043478260869565,0.0,0.1956521739130435
70,0.15384615384615385,0.5384615384615384,0.3076923076923077,0.0
71,0.10982658959537572,0.0,0.5606936416184971,0.32947976878612717
72,0.2235294117647059,0.5764705882352941,0.2,0.0
73,0.24242424242424243,0.0,0.030303030303030304,0.7272727272727273
74,0.10843373493975904,0.6325301204819277,0.25903614457831325,0.0
75,0.5232558139534884,0.37209302325581395,0.0,0.10465116279069768
76,0.7514792899408284,0.1242603550295858,0.0,0.1242603550295858
77,0.4957627118644068,0.4533898305084746,0.05084745762711865,0.0
78,0.5212765957446809,0.0851063829787234,0.0,0.39361702127659576
79,0.5260482846251588,0.3354510800508259,0.0,0.13850063532401524
80,0.02976190476190476,0.0,0.4583333333333333,0.5119047619047619
81,0.1907514450867052,0.653179190751445,0.15606936416184972,0.0
82,0.3793103448275862,0.0,0.21839080459770116,0.40229885057471265
83,0.2653061224489796,0.0,0.061224489795918366,0.673469387755102
84,0.0,0.6100178890876565,0.08228980322003578,0.3076923076923077
85,0.16666666666666666,0.6805555555555556,0.1527777777777778,0.0
86,0.10120068610634649,0.0,0.6483704974271012,0.2504288164665523
87,0.0,0.15859030837004406,0.7709251101321586,0.07048458149779736
88,0.5367114788004137,0.3940020682523268,0.0,0.06928645294725956
89,0.1813186813186813,0.5728021978021978,0.24587912087912087,0.0
90,0.0,0.25,0.5858433734939759,0.16415662650602408
91,0.591692789968652,0.3620689655172414,0.0,0.04623824451410658
92,0.20909090909090908,0.7272727272727273,0.06363636363636363,0.0
93,0.3769633507853403,0.39092495636998253,0.23211169284467714,0.0
94,0.0,0.28929384965831434,0.12072892938496584,0.5899772209567198
95,0.039603960396039604,0.0,0.06732673267326733,0.8930693069306931
96,0.21348314606741572,0.6067415730337079,0.1797752808988764,0.0
97,0.0,0.19206680584551147,0.2797494780793319,0.5281837160751566
98,0.021413276231263382,0.0,0.3019271948608137,0.6766595289079229
99,0.07142857142857142,0.35714285714285715,0.5714285714285714,0.0
100,0.22857142857142856,0.0,0.0,0.7714285714285715
101,0.02127659574468085,0.7659574468085106,0.0,0.2127659574468085
102,0.0,0.20502092050209206,0.6192468619246861,0.17573221757322174
103,0.5349611542730299,0.41731409544950054,0.0,0.04772475027746948
104,0.014689265536723164,0.0,0.0576271186440678,0.927683615819209
105,0.1111111111111111,0.2222222222222222,0.6666666666666666,0.0
106,0.2222222222222222,0.1111111111111111,0.0,0.6666666666666666
107,0.0,0.3333333333333333,0.0,0.6666666666666666
108,0.0,0.20754716981132076,0.75,0.04245283018867924
109,0.4583333333333333,0.3333333333333333,0.20833333333333334,0.0
110,0.107981220657277,0.0,0.07511737089201878,0.8169014084507042
111,0.8913043478260869,0.0,0.021739130434782608,0.08695652173913043
112,0.16666666666666666,0.4166666666666667,0.0,0.4166666666666667
113,0.321285140562249,0.5803212851405622,0.0,0.09839357429718876
114,0.375,0.0,0.3125,0.3125
115,0.0,0.1951219512195122,0.43902439024390244,0.36585365853658536
116,0.5967741935483871,0.22580645161290322,0.0,0.1774193548387097
117,0.24604743083003952,0.0,0.11264822134387352,0.6413043478260869
118,0.06097560975609756,0.0,0.13414634146341464,0.8048780487804879
119,0.14166666666666666,0.0,0.225,0.6333333333333333
120,0.05555555555555555,0.0,0.8333333333333334,0.1111111111111111
121,0.10869565217391304,0.0,0.6956521739130435,0.1956521739130435
122,0.0,0.5620437956204379,0.35523114355231145,0.0827250608272506
123,0.34615384615384615,0.5769230769230769,0.0,0.07692307692307693
124,0.6818181818181818,0.25757575757575757,0.0,0.06060606060606061
125,0.8408304498269896,0.12110726643598616,0.0,0.03806228373702422
126,0.0,0.5375722543352601,0.4624277456647399,0.0
127,0.0,0.08050847457627118,0.8432203389830508,0.07627118644067797
128,0.38461538461538464,0.34615384615384615,0.0,0.2692307692307692
129,0.6797752808988764,0.25842696629213485,0.0,0.06179775280898876
130,0.7094339622641509,0.27547169811320754,0.0,0.01509433962264151
131,0.0,0.3901098901098901,0.49725274725274726,0.11263736263736264
132,0.3442622950819672,0.0,0.13114754098360656,0.5245901639344263
133,0.0,0.7777777777777778,0.2222222222222222,0.0
134,0.2975609756097561,0.32682926829268294,0.0,0.375609756097561
135,0.2,0.75,0.0,0.05
136,0.0,0.6285714285714286,0.34285714285714286,0.02857142857142857
137,0.9330922242314648,0.045207956600361664,0.0,0.0216998191681736
138,0.0,0.5416666666666666,0.4583333333333333,0.0
139,0.46835443037974683,0.06329113924050633,0.0,0.46835443037974683
140,0.06493506493506493,0.5194805194805194,0.0,0.4155844155844156
141,0.0,0.7236842105263158,0.25,0.02631578947368421
142,0.0,0.6470588235294118,0.35294117647058826,0.0
143,0.2828282828282828,0.21548821548821548,0.5016835016835017,0.0
144,0.36363636363636365,0.18181818181818182,0.0,0.45454545454545453
145,0.011494252873563218,0.9425287356321839,0.0,0.04597701149425287
146,0.5422163588390502,0.32849604221635886,0.0,0.12928759894459102
147,0.2835820895522388,0.5522388059701493,0.16417910447761194,0.0
148,0.0,0.2636363636363636,0.23939393939393938,0.49696969696969695
149,0.1872852233676976,0.7508591065292096,0.061855670103092786,0.0
150,0.0,0.060225846925972396,0.7892095357590966,0.15056461731493098
151,0.16981132075471697,0.29245283018867924,0.5377358490566038,0.0
152,0.3963210702341137,0.0,0.225752508361204,0.3779264214046823
153,0.07560137457044673,0.7439862542955327,0.18041237113402062,0.0
154,0.0,0.46987951807228917,0.16599732262382866,0.36412315930388217
155,0.08231707317073171,0.6859756097560976,0.23170731707317074,0.0
156,0.17216117216117216,0.49572649572649574,0.3321123321123321,0.0
157,0.0,0.3676148796498906,0.31072210065645517,0.32166301969365424
158,0.06540697674418605,0.0,0.07267441860465117,0.8619186046511628
159,0.0,0.05568445475638051,0.8607888631090487,0.08352668213457076
160,0.3101529902642559,0.6091794158553546,0.0,0.08066759388038942
161,0.16585365853658537,0.5853658536585366,0.24878048780487805,0.0
162,0.4852941176470588,0.29411764705882354,0.0,0.22058823529411764
163,0.3333333333333333,0.43790849673202614,0.0,0.22875816993464052
164,0.4846153846153846,0.46153846153846156,0.0,0.05384615384615385
165,0.0,0.1807511737089202,0.6549295774647887,0.1643192488262911
166,0.34726090993500464,0.5413184772516249,0.0,0.11142061281337047
167,0.28161888701517707,0.0,0.19561551433389546,0.5227655986509275
168,0.0,0.2916666666666667,0.45535714285714285,0.25297619047619047
169,0.30869565217391304,0.0,0.3391304347826087,0.3521739130434783
170,0.23404255319148937,0.0,0.28191489361702127,0.48404255319148937
171,0.0,0.4,0.40694444444444444,0.19305555555555556
172,0.0,0.35135135135135137,0.44282744282744285,0.20582120582120583
173,0.1867283950617284,0.0,0.39814814814814814,0.41512345679012347
174,0.14285714285714285,0.6373626373626373,0.21978021978021978,0.0
175,0.0,0.4277456647398844,0.09248554913294797,0.4797687861271676
176,0.053156146179401995,0.0,0.06976744186046512,0.8770764119601329
177,0.0,0.48148148148148145,0.42962962962962964,0.08888888888888889
178,0.0,0.112565445026178,0.8612565445026178,0.02617801047120419
179,0.03678474114441417,0.0,0.14032697547683923,0.8228882833787466
180,0.1347517730496454,0.0,0.2765957446808511,0.5886524822695035
181,0.2553191489361702,0.0,0.14893617021276595,0.5957446808510638
182,0.0625,0.0,0.654891304347826,0.2826086956521739
183,0.15286624203821655,0.28662420382165604,0.5605095541401274,0.0
184,0.6451612903225806,0.0,0.03225806451612903,0.3225806451612903
185,0.35353535353535354,0.0,0.1717171717171717,0.47474747474747475
186,0.18633540372670807,0.0,0.14906832298136646,0.6645962732919255
187,0.12903225806451613,0.14516129032258066,0.7258064516129032,0.0
188,0.2085889570552147,0.0,0.6257668711656442,0.1656441717791411
189,0.0,0.5123152709359606,0.47783251231527096,0.009852216748768473
190,0.0,0.2634508348794063,0.6493506493506493,0.08719851576994433
191,0.29375,0.5625,0.0,0.14375
192,0.0,0.19004524886877827,0.8054298642533937,0.004524886877828055
193,0.46153846153846156,0.4125874125874126,0.0,0.1258741258741259
194,0.03333333333333333,0.7,0.26666666666666666,0.0
195,0.6571428571428571,0.0,0.3142857142857143,0.02857142857142857
196,0.17142857142857143,0.37142857142857144,0.0,0.45714285714285713
197,0.0,0.4153846153846154,0.49230769230769234,0.09230769230769231
198,0.21415270018621974,0.7746741154562383,0.0,0.0111731843575419
199,0.031088082901554404,0.8652849740932642,0.10362694300518134,0.0
200,0.2905982905982906,0.0,0.358974358974359,0.3504273504273504
201,0.0,0.015384615384615385,0.5323076923076923,0.4523076923076923
202,0.2703862660944206,0.0,0.48068669527896996,0.24892703862660945
203,0.14102564102564102,0.0,0.44871794871794873,0.41025641025641024
204,0.0,0.38372093023255816,0.29457364341085274,0.32170542635658916
205,0.1509433962264151,0.49056603773584906,0.3584905660377358,0.0
206,0.0,0.16237799467613132,0.4179236912156167,0.419698314108252
207,0.3235294117647059,0.1323529411764706,0.5441176470588235,0.0
208,0.15730337078651685,0.0,0.0449438202247191,0.797752808988764
209,0.0,0.2732142857142857,0.36428571428571427,0.3625
210,0.5896907216494846,0.30927835051546393,0.0,0.10103092783505155
211,0.3817097415506958,0.3976143141153082,0.220675944333996,0.0
212,0.0,0.1832129963898917,0.44494584837545126,0.37184115523465705
213,0.4621212121212121,0.42424242424242425,0.0,0.11363636363636363
214,0.0,0.3,0.5428571428571428,0.15714285714285714
215,0.24761904761904763,0.0,0.4,0.3523809523809524
216,0.0,0.32558139534883723,0.47840531561461797,0.19601328903654486
217,0.23357664233576642,0.0,0.291970802919708,0.4744525547445255
218,0.35944700460829493,0.3640552995391705,0.0,0.2764976958525346
219,0.1024390243902439,0.5024390243902439,0.3951219512195122,0.0
220,0.5483870967741935,0.0,0.03225806451612903,0.41935483870967744
221,0.11447811447811448,0.0,0.569023569023569,0.3164983164983165
222,0.0,0.3680555555555556,0.5555555555555556,0.0763888888888889
223,0.0,0.26894865525672373,0.6405867970660146,0.09046454767726161
224,0.15915915915915915,0.7687687687687688,0.0,0.07207207207207207
225,0.0,0.12337662337662338,0.551948051948052,0.3246753246753247
226,0.0,0.17717717717717718,0.7927927927927928,0.03003003003003003
227,0.11995637949836423,0.0,0.1668484187568157,0.7131952017448201
228,0.22169811320754718,0.0,0.7122641509433962,0.0660377358490566
229,0.0,0.08125,0.7375,0.18125
230,0.0,0.449438202247191,0.43258426966292135,0.11797752808988764
231,0.14928057553956833,0.24640287769784172,0.60431654676259,0.0
232,0.2702702702702703,0.2702702702702703,0.4594594594594595,0.0
233,0.07241379310344828,0.0,0.38275862068965516,0.5448275862068965
234,0.2857142857142857,0.047619047619047616,0.6666666666666666,0.0
235,0.22596153846153846,0.0,0.04326923076923077,0.7307692307692307
236,0.39849624060150374,0.0,0.24060150375939848,0.3609022556390977
237,0.11585365853658537,0.0,0.16463414634146342,0.7195121951219512
238,0.07407407407407407,0.2222222222222222,0.7037037037037037,0.0
239,0.4121212121212121,0.42424242424242425,0.0,0.16363636363636364
240,0.0,0.47003154574132494,0.5110410094637224,0.01892744479495268
241,0.0,0.21195652173913043,0.7241847826086957,0.06385869565217392
242,0.550711743772242,0.28291814946619215,0.0,0.16637010676156583
243,0.17282321899736147,0.0,0.15303430079155672,0.6741424802110818
244,0.08571428571428572,0.02857142857142857,0.8857142857142857,0.0
245,0.49230769230769234,0.36153846153846153,0.0,0.14615384615384616
246,0.0,0.29927007299270075,0.551094890510949,0.14963503649635038
247,0.256066411238825,0.6277139208173691,0.0,0.11621966794380588
248,0.10193548387096774,0.0,0.4374193548387097,0.46064516129032257
249,0.10256410256410256,0.1282051282051282,0.7692307692307693,0.0
250,0.3508771929824561,0.0,0.07017543859649122,0.5789473684210527
251,0.17105263157894737,0.6052631578947368,0.2236842105263158,0.0
252,0.23873873873873874,0.6036036036036037,0.0,0.15765765765765766
253,0.0072992700729927005,0.8905109489051095,0.10218978102189781,0.0
254,0.3448275862068966,0.46551724137931033,0.0,0.1896551724137931
255,0.0,0.07692307692307693,0.6923076923076923,0.23076923076923078
256,0.046153846153846156,0.0,0.7615384615384615,0.19230769230769232
257,0.2748091603053435,0.0,0.22137404580152673,0.5038167938931297
258,0.5506072874493927,0.3805668016194332,0.0,0.06882591093117409
259,0.3469387755102041,0.0,0.40816326530612246,0.24489795918367346
260,0.1006006006006006,0.8273273273273273,0.07207207207207207,0.0
261,0.5294117647058824,0.0196078431372549,0.0,0.45098039215686275
262,0.3695652173913043,0.0,0.21739130434782608,0.41304347826086957
263,0.7219251336898396,0.11764705882352941,0.0,0.16042780748663102
264,0.5,0.0,0.0,0.5
265,0.0,0.4,0.6,0.0
266,0.17857142857142858,0.0,0.07142857142857142,0.75
267,0.0,0.05755395683453238,0.2589928057553957,0.6834532374100719
268,0.3333333333333333,0.0,0.3333333333333333,0.3333333333333333
269,0.5333333333333333,0.26666666666666666,0.0,0.2
270,0.5,0.07142857142857142,0.0,0.42857142857142855
271,0.11764705882352941,0.0,0.8235294117647058,0.058823529411764705
272,0.21621621621621623,0.0,0.16216216216216217,0.6216216216216216
273,0.7469135802469136,0.1882716049382716,0.0,0.06481481481481481
274,0.144,0.68,0.176,0.0
275,0.3215590742996346,0.45006090133982946,0.0,0.22838002436053592
276,0.08333333333333333,0.25,0.6666666666666666,0.0
277,0.0,0.041666666666666664,0.0,0.9583333333333334
278,0.012048192771084338,0.9236947791164659,0.0642570281124498,0.0
279,0.09090909090909091,0.7272727272727273,0.18181818181818182,0.0
280,0.0,0.015151515151515152,0.012121212121212121,0.9727272727272728
281,0.013636363636363636,0.0,0.015909090909090907,0.9704545454545455
282,0.08571428571428572,0.05714285714285714,0.8571428571428571,0.0
283,0.2222222222222222,0.3333333333333333,0.0,0.4444444444444444
284,0.0,0.5596330275229358,0.44036697247706424,0.0
285,0.3125,0.03125,0.0,0.65625
286,0.08888888888888889,0.0,0.044444444444444446,0.8666666666666667
287,0.29411764705882354,0.5588235294117647,0.0,0.14705882352941177
288,0.6289308176100629,0.0,0.22012578616352202,0.1509433962264151
289,,,,
290,0.4473684210526316,0.0,0.5263157894736842,0.02631578947368421
291,0.0,0.0,0.8,0.2
292,0.125,0.0,0.625,0.25
293,0.0,0.09090909090909091,0.7272727272727273,0.18181818181818182
294,0.18181818181818182,0.6363636363636364,0.0,0.18181818181818182
295,0.3333333333333333,0.0,0.6666666666666666,0.0
296,,,,
297,0.0,0.14285714285714285,0.14285714285714285,0.7142857142857143
298,,,,
299,,,,
300,,,,
301,0.0,1.0,0.0,0.0
302,,,,
303,,,,
304,,,,
305,,,,
306,,,,
307,,,,
