,A,C,G,T
0,,,,
1,,,,
2,,,,
3,1.0,0.0,0.0,0.0
4,,,,
5,1.0,0.0,0.0,0.0
6,0.0,0.0,0.0,1.0
7,,,,
8,0.25,0.75,0.0,0.0
9,,,,
10,,,,
11,,,,
12,0.0,0.5,0.0,0.5
13,,,,
14,1.0,0.0,0.0,0.0
15,0.0,0.0,0.0,1.0
16,,,,
17,1.0,0.0,0.0,0.0
18,,,,
19,,,,
20,,,,
21,,,,
22,,,,
23,,,,
24,,,,
25,0.0,1.0,0.0,0.0
26,,,,
27,,,,
28,,,,
29,0.0,0.0,0.0,1.0
30,,,,
31,0.0,1.0,0.0,0.0
32,,,,
33,,,,
34,,,,
35,,,,
36,,,,
37,0.0,0.0,0.0,1.0
38,,,,
39,,,,
40,,,,
41,0.0,0.0,1.0,0.0
42,,,,
43,,,,
44,,,,
45,,,,
46,,,,
47,0.0,1.0,0.0,0.0
48,0.0,0.0,1.0,0.0
49,,,,
50,,,,
51,0.0,0.0,1.0,0.0
52,0.0,0.0,1.0,0.0
53,1.0,0.0,0.0,0.0
54,,,,
55,,,,
56,,,,
57,1.0,0.0,0.0,0.0
58,,,,
59,0.0,0.0,0.0,1.0
60,0.0,0.0,1.0,0.0
61,,,,
62,0.0,0.0,0.0,1.0
63,,,,
64,,,,
65,0.0,1.0,0.0,0.0
66,,,,
67,0.0,0.0,0.0,1.0
68,0.0,0.0,1.0,0.0
69,,,,
70,,,,
71,,,,
72,1.0,0.0,0.0,0.0
73,,,,
74,,,,
75,,,,
76,,,,
77,,,,
78,0.0,1.0,0.0,0.0
79,,,,
80,0.0,0.0,0.0,1.0
81,,,,
82,0.5,0.0,0.25,0.25
83,0.0,0.0,1.0,0.0
84,,,,
85,,,,
86,,,,
87,,,,
88,1.0,0.0,0.0,0.0
89,0.0,1.0,0.0,0.0
90,,,,
91,0.0,1.0,0.0,0.0
92,0.5,0.0,0.0,0.5
93,0.0,0.0,1.0,0.0
94,0.0,0.5,0.0,0.5
95,,,,
96,1.0,0.0,0.0,0.0
97,0.6,0.2,0.0,0.2
98,,,,
99,0.0,0.0,0.0,1.0
100,,,,
101,0.0,1.0,0.0,0.0
102,1.0,0.0,0.0,0.0
103,,,,
104,,,,
105,,,,
106,,,,
107,,,,
108,,,,
109,0.0,0.0,1.0,0.0
110,,,,
111,,,,
112,,,,
113,,,,
114,,,,
115,0.0,0.0,0.0,1.0
116,,,,
117,,,,
118,,,,
119,,,,
120,,,,
121,,,,
122,,,,
123,,,,
124,,,,
125,,,,
126,,,,
127,,,,
128,,,,
129,,,,
130,,,,
131,1.0,0.0,0.0,0.0
132,0.0,0.0,0.0,1.0
133,0.0,1.0,0.0,0.0
134,,,,
135,,,,
136,0.0,0.0,1.0,0.0
137,,,,
138,,,,
139,,,,
140,,,,
141,,,,
142,0.0,1.0,0.0,0.0
143,,,,
144,0.0,0.0,0.0,1.0
145,1.0,0.0,0.0,0.0
146,0.0,0.3333333333333333,0.6666666666666666,0.0
147,0.375,0.25,0.375,0.0
148,0.3333333333333333,0.6666666666666666,0.0,0.0
149,0.2857142857142857,0.5714285714285714,0.14285714285714285,0.0
150,,,,
151,,,,
152,0.0,0.0,1.0,0.0
153,0.6666666666666666,0.0,0.16666666666666666,0.16666666666666666
154,0.6,0.4,0.0,0.0
155,0.5,0.3333333333333333,0.0,0.16666666666666666
156,,,,
157,0.0,0.5,0.0,0.5
158,0.0,0.0,1.0,0.0
159,,,,
160,0.0,0.0,1.0,0.0
161,0.0,1.0,0.0,0.0
162,,,,
163,,,,
164,0.0,1.0,0.0,0.0
165,,,,
166,1.0,0.0,0.0,0.0
167,1.0,0.0,0.0,0.0
168,,,,
169,0.0,0.0,1.0,0.0
170,1.0,0.0,0.0,0.0
171,,,,
172,0.0,1.0,0.0,0.0
173,0.0,0.3333333333333333,0.6666666666666666,0.0
174,,,,
175,0.0,0.0,0.0,1.0
176,0.0,0.0,0.0,1.0
177,,,,
178,0.0,0.0,0.0,1.0
179,0.0,0.0,1.0,0.0
180,,,,
181,,,,
182,0.0,0.6666666666666666,0.0,0.3333333333333333
183,,,,
184,0.0,0.0,1.0,0.0
185,,,,
186,,,,
187,,,,
188,0.0,0.0,0.0,1.0
189,,,,
190,,,,
191,,,,
192,,,,
193,,,,
194,0.0,0.0,0.0,1.0
195,,,,
196,0.0,1.0,0.0,0.0
197,0.0,0.0,0.0,1.0
198,0.0,0.0,1.0,0.0
199,0.0,0.0,0.0,1.0
200,0.0,1.0,0.0,0.0
201,0.0,0.0,1.0,0.0
202,,,,
203,,,,
204,,,,
205,,,,
206,,,,
207,0.0,0.0,1.0,0.0
208,,,,
209,1.0,0.0,0.0,0.0
210,,,,
211,,,,
212,,,,
213,,,,
214,,,,
215,,,,
216,,,,
217,,,,
218,,,,
219,0.0,0.5,0.5,0.0
220,0.0,1.0,0.0,0.0
221,0.0,0.0,1.0,0.0
222,,,,
223,1.0,0.0,0.0,0.0
224,,,,
225,0.0,0.75,0.25,0.0
226,0.0,0.4,0.6,0.0
227,0.25,0.0,0.0,0.75
228,0.0,0.0,1.0,0.0
229,0.0,0.0,1.0,0.0
230,1.0,0.0,0.0,0.0
231,0.0,0.0,0.0,1.0
232,0.0,0.0,0.0,1.0
233,0.6666666666666666,0.0,0.0,0.3333333333333333
234,0.16666666666666666,0.0,0.16666666666666666,0.6666666666666666
235,,,,
236,0.0,0.25,0.0,0.75
237,,,,
238,0.0,0.2,0.0,0.8
239,,,,
240,,,,
241,,,,
242,,,,
243,0.0,0.0,1.0,0.0
244,,,,
245,0.0,0.0,1.0,0.0
246,0.0,0.0,1.0,0.0
247,,,,
248,,,,
249,0.0,0.0,1.0,0.0
250,0.0,0.0,1.0,0.0
251,0.0,0.0,1.0,0.0
252,,,,
253,0.0,1.0,0.0,0.0
254,0.0,0.0,0.0,1.0
255,,,,
256,0.0,1.0,0.0,0.0
257,0.0,1.0,0.0,0.0
258,0.0,1.0,0.0,0.0
259,0.0,1.0,0.0,0.0
260,,,,
261,0.25,0.75,0.0,0.0
262,0.5,0.0,0.16666666666666666,0.3333333333333333
263,0.0,1.0,0.0,0.0
264,,,,
265,0.0,0.75,0.0,0.25
266,0.2,0.2,0.0,0.6
267,,,,
268,,,,
269,,,,
270,,,,
271,,,,
272,0.0,0.0,0.0,1.0
273,,,,
274,,,,
275,1.0,0.0,0.0,0.0
276,1.0,0.0,0.0,0.0
277,,,,
278,0.4,0.6,0.0,0.0
279,,,,
280,,,,
281,0.0,1.0,0.0,0.0
282,0.0,1.0,0.0,0.0
283,0.0,0.0,0.0,1.0
284,0.0,0.0,0.0,1.0
285,,,,
286,,,,
287,,,,
288,,,,
289,0.0,0.0,0.0,1.0
290,,,,
291,,,,
292,0.0,0.75,0.0,0.25
293,,,,
294,,,,
295,,,,
296,,,,
297,,,,
298,,,,
299,,,,
300,,,,
301,,,,
302,,,,
303,,,,
304,,,,
305,,,,
306,,,,
307,,,,
308,,,,
309,,,,
310,,,,
311,,,,
312,,,,
313,,,,
314,,,,
315,,,,
