,A,C,G,T
0,,,,
1,,,,
2,0.6708595387840671,0.2662473794549266,0.0,0.06289308176100629
3,0.46371681415929206,0.3823008849557522,0.0,0.15398230088495576
4,0.27350427350427353,0.6239316239316239,0.10256410256410256,0.0
5,0.5326370757180157,0.185378590078329,0.0,0.2819843342036554
6,0.3411764705882353,0.0,0.4823529411764706,0.17647058823529413
7,0.0,0.08541666666666667,0.5208333333333334,0.39375
8,0.6031656302996043,0.28151498021481064,0.0,0.11531938948558508
9,0.0880503144654088,0.0,0.025157232704402517,0.8867924528301887
10,0.05,0.8,0.15,0.0
11,0.4649746192893401,0.3522842639593909,0.0,0.18274111675126903
12,0.37681159420289856,0.0,0.5458937198067633,0.07729468599033816
13,0.0,0.056133056133056136,0.738045738045738,0.20582120582120583
14,0.7081081081081081,0.13513513513513514,0.0,0.15675675675675677
15,0.04666666666666667,0.74,0.0,0.21333333333333335
16,0.0,0.5282051282051282,0.2923076923076923,0.1794871794871795
17,0.7153284671532847,0.10218978102189781,0.0,0.18248175182481752
18,0.3880597014925373,0.1791044776119403,0.43283582089552236,0.0
19,0.14285714285714285,0.0,0.4126984126984127,0.4444444444444444
20,0.17777777777777778,0.16666666666666666,0.0,0.6555555555555556
21,0.2857142857142857,0.20408163265306123,0.0,0.5102040816326531
22,0.33653846153846156,0.41346153846153844,0.0,0.25
23,0.06858407079646017,0.0,0.754424778761062,0.17699115044247787
24,0.20909090909090908,0.0,0.38181818181818183,0.4090909090909091
25,0.42105263157894735,0.0,0.02631578947368421,0.5526315789473685
26,0.0,0.23716814159292035,0.631858407079646,0.13097345132743363
27,0.6270676691729323,0.33383458646616543,0.0,0.039097744360902256
28,0.5789473684210527,0.2149122807017544,0.0,0.20614035087719298
29,0.0,0.2535211267605634,0.5985915492957746,0.14788732394366197
30,0.12949640287769784,0.0,0.5431654676258992,0.3273381294964029
31,0.4624277456647399,0.18497109826589594,0.35260115606936415,0.0
32,0.38073394495412843,0.1926605504587156,0.0,0.42660550458715596
33,0.20516717325227962,0.5729483282674772,0.0,0.22188449848024316
34,0.18478260869565216,0.5869565217391305,0.22826086956521738,0.0
35,0.6199524940617577,0.1377672209026128,0.0,0.24228028503562946
36,0.0,0.45964125560538116,0.48654708520179374,0.053811659192825115
37,0.0,0.10618556701030928,0.8463917525773196,0.04742268041237113
38,0.4189723320158103,0.32806324110671936,0.0,0.25296442687747034
39,0.20374220374220375,0.0,0.5114345114345115,0.28482328482328484
40,0.41935483870967744,0.0,0.12903225806451613,0.45161290322580644
41,0.0655940594059406,0.7673267326732673,0.1670792079207921,0.0
42,0.099601593625498,0.2549800796812749,0.6454183266932271,0.0
43,0.059748427672955975,0.0,0.03459119496855346,0.9056603773584906
44,0.0,0.3191823899371069,0.5220125786163522,0.15880503144654087
45,0.020771513353115726,0.0,0.9643916913946587,0.01483679525222552
46,0.0,0.359375,0.421875,0.21875
47,0.40425531914893614,0.2907801418439716,0.0,0.3049645390070922
48,0.0,0.4265232974910394,0.21863799283154123,0.3548387096774194
49,0.3786407766990291,0.0,0.18446601941747573,0.4368932038834951
50,0.3737704918032787,0.0,0.2360655737704918,0.3901639344262295
51,0.24120603015075376,0.0,0.32160804020100503,0.4371859296482412
52,0.25862068965517243,0.4827586206896552,0.25862068965517243,0.0
53,0.39276485788113696,0.268733850129199,0.0,0.3385012919896641
54,0.33088235294117646,0.3161764705882353,0.35294117647058826,0.0
55,0.42073170731707316,0.0,0.1402439024390244,0.43902439024390244
56,0.22325581395348837,0.0,0.18449612403100776,0.5922480620155038
57,0.15083798882681565,0.0,0.7150837988826816,0.1340782122905028
58,0.06976744186046512,0.7131782945736435,0.21705426356589147,0.0
59,0.2037037037037037,0.0,0.4675925925925926,0.3287037037037037
60,0.0,0.26824034334763946,0.27253218884120173,0.4592274678111588
61,0.14973821989528796,0.0,0.38848167539267014,0.4617801047120419
62,0.09916826615483046,0.0,0.42610364683301344,0.47472808701215613
63,0.19148936170212766,0.5319148936170213,0.2765957446808511,0.0
64,0.2727272727272727,0.18181818181818182,0.0,0.5454545454545454
65,,,,
66,0.0,0.11670918367346939,0.4075255102040816,0.475765306122449
67,0.21591836734693878,0.0,0.6616326530612245,0.12244897959183673
68,0.443620178041543,0.48516320474777447,0.0712166172106825,0.0
69,0.2809667673716012,0.36253776435045315,0.0,0.3564954682779456
70,0.10714285714285714,0.6666666666666666,0.2261904761904762,0.0
71,0.03333333333333333,0.0,0.7583333333333333,0.20833333333333334
72,0.23495145631067962,0.545631067961165,0.21941747572815534,0.0
73,0.3157894736842105,0.0,0.11278195488721804,0.5714285714285714
74,0.2121982210927573,0.4891994917407878,0.29860228716645487,0.0
75,0.5361552028218695,0.31569664902998235,0.0,0.14814814814814814
76,0.5376782077393075,0.24643584521384929,0.0,0.2158859470468432
77,0.2790484903934126,0.5818847209515096,0.13906678865507777,0.0
78,0.28350515463917525,0.14432989690721648,0.0,0.5721649484536082
79,0.4699133692343713,0.3856239756497307,0.0,0.14446265511589793
80,0.12137203166226913,0.0,0.35092348284960423,0.5277044854881267
81,0.07936507936507936,0.5682539682539682,0.3523809523809524,0.0
82,0.19801980198019803,0.0,0.039603960396039604,0.7623762376237624
83,0.338368580060423,0.0,0.11178247734138973,0.5498489425981873
84,0.0,0.285572632622707,0.5493306891422906,0.1650966782350025
85,0.08064516129032258,0.7016129032258065,0.21774193548387097,0.0
86,0.11345646437994723,0.0,0.2711081794195251,0.6154353562005277
87,0.0,0.2409867172675522,0.6527514231499051,0.1062618595825427
88,0.5620898536092882,0.3806158505805149,0.0,0.05729429581019687
89,0.2210184182015168,0.0,0.11375947995666305,0.6652221018418202
90,0.0,0.19020501138952164,0.678246013667426,0.1315489749430524
91,0.42288364901430225,0.4387321221492076,0.0,0.13838422883649015
92,0.21700223713646533,0.5540641312453393,0.22893363161819538,0.0
93,0.5553257497414684,0.27094105480868663,0.0,0.1737331954498449
94,0.4556438791732909,0.3796502384737679,0.0,0.16470588235294117
95,0.30057142857142854,0.5137142857142857,0.18571428571428572,0.0
96,0.6349598517603459,0.18066707844348362,0.0,0.18437306979617046
97,0.5759336099585062,0.324896265560166,0.0,0.0991701244813278
98,0.23014256619144602,0.6306856754921928,0.13917175831636117,0.0
99,0.2592077831827658,0.5969423210562891,0.1438498957609451,0.0
100,0.0,0.33792723263506064,0.047409040793825796,0.6146637265711136
101,0.022208513263417645,0.0,0.0499691548426897,0.9278223318938926
102,0.05632183908045977,0.9,0.04367816091954023,0.0
103,0.0,0.2841726618705036,0.08324768756423433,0.6325796505652621
104,0.04212637913741224,0.0,0.06720160481444333,0.8906720160481444
105,0.08333333333333333,0.3055555555555556,0.6111111111111112,0.0
106,0.4044943820224719,0.11797752808988764,0.0,0.47752808988764045
107,0.06060606060606061,0.5454545454545454,0.0,0.3939393939393939
108,0.0,0.17779783393501805,0.7175090252707581,0.10469314079422383
109,0.3016842105263158,0.6766315789473685,0.0,0.02168421052631579
110,0.020460358056265986,0.0,0.0453050785531604,0.9342345633905736
111,0.20689655172413793,0.3793103448275862,0.41379310344827586,0.0
112,0.12,0.16,0.0,0.72
113,0.07142857142857142,0.42857142857142855,0.0,0.5
114,0.0,0.35294117647058826,0.5735294117647058,0.07352941176470588
115,0.18691588785046728,0.5794392523364486,0.2336448598130841,0.0
116,0.20853858784893267,0.0,0.10016420361247948,0.6912972085385879
117,0.4,0.0,0.24,0.36
118,0.618421052631579,0.15789473684210525,0.0,0.2236842105263158
119,0.1076923076923077,0.0,0.35976331360946745,0.5325443786982249
120,0.5507246376811594,0.0,0.15942028985507245,0.2898550724637681
121,0.0,0.18421052631578946,0.3007518796992481,0.5150375939849624
122,0.5715962441314554,0.3403755868544601,0.0,0.0880281690140845
123,0.253315649867374,0.0,0.1929708222811671,0.5537135278514589
124,0.0,0.16886109282422646,0.4048716260697828,0.42626728110599077
125,0.11125319693094629,0.0,0.612531969309463,0.27621483375959077
126,0.14396887159533073,0.0,0.42023346303501946,0.4357976653696498
127,0.4266666666666667,0.0,0.21333333333333335,0.36
128,0.0,0.553742802303263,0.28598848368522073,0.16026871401151632
129,0.4909090909090909,0.3151515151515151,0.0,0.19393939393939394
130,0.655994043186895,0.15562174236783322,0.0,0.18838421444527179
131,0.7011331444759207,0.17138810198300283,0.0,0.1274787535410765
132,0.0,0.3290513833992095,0.6620553359683794,0.008893280632411068
133,0.0,0.2557953637090328,0.6594724220623501,0.08473221422861711
134,0.17886178861788618,0.5040650406504065,0.0,0.3170731707317073
135,0.45569620253164556,0.27848101265822783,0.0,0.26582278481012656
136,0.38080495356037153,0.5139318885448917,0.0,0.10526315789473684
137,0.39896373056994816,0.0,0.43005181347150256,0.17098445595854922
138,0.2708333333333333,0.0,0.17708333333333334,0.5520833333333334
139,0.00909090909090909,0.8318181818181818,0.1590909090909091,0.0
140,0.5521796565389696,0.2919418758256275,0.0,0.15587846763540292
141,0.05521472392638037,0.8098159509202454,0.0,0.13496932515337423
142,0.0,0.34782608695652173,0.4855072463768116,0.16666666666666666
143,0.8601036269430051,0.11917098445595854,0.0,0.02072538860103627
144,0.03389830508474576,0.2033898305084746,0.7627118644067796,0.0
145,0.5436241610738255,0.08053691275167785,0.0,0.37583892617449666
146,0.046753246753246755,0.6805194805194805,0.0,0.2727272727272727
147,0.0,0.6783284742468416,0.3012633624878523,0.02040816326530612
148,0.0784313725490196,0.23529411764705882,0.6862745098039216,0.0
149,0.17592592592592593,0.5,0.32407407407407407,0.0
150,0.3333333333333333,0.07407407407407407,0.0,0.5925925925925926
151,0.03611738148984198,0.8555304740406321,0.0,0.10835214446952596
152,0.41739875723162634,0.4437540175701736,0.0,0.13884722519820014
153,0.4258517034068136,0.46893787575150303,0.10521042084168336,0.0
154,0.0,0.2767031118587048,0.2834314550042052,0.43986543313709
155,0.08695652173913043,0.0,0.1813664596273292,0.7316770186335404
156,0.0,0.11119751166407466,0.7690513219284604,0.11975116640746501
157,0.122,0.518,0.36,0.0
158,0.17663817663817663,0.0,0.335042735042735,0.4883190883190883
159,0.16287371709058457,0.6367692994199018,0.2003569834895136,0.0
160,0.0,0.5021849963583394,0.030954115076474872,0.4668608885651857
161,0.06944444444444445,0.8633040935672515,0.06725146198830409,0.0
162,0.23459362905626674,0.5582018457874367,0.2072045251562965,0.0
163,0.0,0.6069364161849711,0.08208092485549133,0.3109826589595376
164,0.05555555555555555,0.0,0.08492975734355045,0.859514687100894
165,0.0,0.27645376549094375,0.657769304099142,0.0657769304099142
166,0.34891485809682804,0.5801335559265443,0.0,0.0709515859766277
167,0.26838235294117646,0.43566176470588236,0.2959558823529412,0.0
168,0.45714285714285713,0.08979591836734693,0.0,0.4530612244897959
169,0.5247863247863248,0.27008547008547007,0.0,0.20512820512820512
170,0.6045673076923077,0.26802884615384615,0.0,0.12740384615384615
171,0.0,0.2735239852398524,0.5299815498154982,0.19649446494464945
172,0.43393088153760856,0.3997412677878396,0.0,0.16632785067455183
173,0.317062818336163,0.0,0.17869269949066213,0.5042444821731749
174,0.0,0.19425287356321838,0.5522988505747126,0.253448275862069
175,0.2312206572769953,0.0,0.3392018779342723,0.4295774647887324
176,0.13534743202416918,0.0,0.34984894259818733,0.5148036253776435
177,0.3346787756474941,0.4140598721829802,0.2512613521695257,0.0
178,0.0,0.39285714285714285,0.07917383820998279,0.5279690189328744
179,0.13419117647058823,0.0,0.28370098039215685,0.5821078431372549
180,0.2798053527980535,0.49878345498783455,0.22141119221411193,0.0
181,0.0,0.49126034958601655,0.10763569457221711,0.40110395584176634
182,0.12614445574771108,0.0,0.08748728382502544,0.7863682604272635
183,0.0,0.5695876288659794,0.33762886597938147,0.09278350515463918
184,0.0,0.3069189828503844,0.6374926079243052,0.05558840922531047
185,0.0575019040365575,0.0,0.10357958872810358,0.8389185072353389
186,0.12874779541446207,0.0,0.400352733686067,0.4708994708994709
187,0.4214876033057851,0.0,0.2024793388429752,0.3760330578512397
188,0.2627906976744186,0.5162790697674419,0.0,0.22093023255813954
189,0.1608187134502924,0.2134502923976608,0.6257309941520468,0.0
190,0.7432432432432432,0.0,0.10810810810810811,0.14864864864864866
191,0.2908545727136432,0.0,0.27136431784107945,0.43778110944527737
192,0.20460358056265984,0.0,0.27877237851662406,0.5166240409207161
193,0.22746781115879827,0.12875536480686695,0.6437768240343348,0.0
194,0.16319444444444445,0.0,0.5648148148148148,0.27199074074074076
195,0.0,0.46835443037974683,0.5087790935075541,0.022866476112699062
196,0.0,0.13949579831932774,0.7840336134453781,0.07647058823529412
197,0.19734904270986744,0.6671575846833578,0.0,0.13549337260677466
198,0.0,0.15468607825295724,0.8016378525932666,0.04367606915377616
199,0.4690831556503198,0.4093816631130064,0.0,0.12153518123667377
200,0.11590296495956873,0.6266846361185984,0.2574123989218329,0.0
201,0.375,0.0,0.4791666666666667,0.14583333333333334
202,,,,
203,0.0,0.47358370464672184,0.4099299809038829,0.11648631444939529
204,0.2555695670449769,0.6792770071458596,0.0,0.06515342580916351
205,0.04677754677754678,0.7754677754677755,0.17775467775467776,0.0
206,0.15025161754133717,0.5158159597411934,0.3339324227174694,0.0
207,0.0,0.05566343042071197,0.3572815533980582,0.5870550161812298
208,0.1598317560462671,0.0,0.3217665615141956,0.5184016824395373
209,0.18101415094339623,0.0,0.3920990566037736,0.4268867924528302
210,0.0,0.35714285714285715,0.23779385171790235,0.4050632911392405
211,0.08637873754152824,0.4883720930232558,0.42524916943521596,0.0
212,0.0,0.1948529411764706,0.4854779411764706,0.3196691176470588
213,0.4446902654867257,0.08185840707964602,0.47345132743362833,0.0
214,0.25846153846153846,0.0,0.15384615384615385,0.5876923076923077
215,0.0,0.30125161847216225,0.3249892101855848,0.3737591713422529
216,0.4837782340862423,0.3650924024640657,0.0,0.151129363449692
217,0.1812320916905444,0.5064469914040115,0.3123209169054441,0.0
218,0.0,0.16962136134821623,0.5953162617640622,0.2350623768877216
219,0.4129353233830846,0.35323383084577115,0.0,0.23383084577114427
220,0.0,0.22109826589595374,0.7384393063583815,0.04046242774566474
221,0.3794642857142857,0.0,0.33482142857142855,0.2857142857142857
222,0.0,0.2953216374269006,0.4619883040935672,0.24269005847953215
223,0.20887096774193548,0.0,0.31693548387096776,0.47419354838709676
224,0.3884943181818182,0.4708806818181818,0.0,0.140625
225,0.21911037891268534,0.42174629324546953,0.35914332784184516,0.0
226,0.3763440860215054,0.0,0.17204301075268819,0.45161290322580644
227,0.16090104585679807,0.5526950925181013,0.28640386162510056,0.0
228,0.0,0.3786610878661088,0.5549163179916318,0.06642259414225941
229,0.0,0.419811320754717,0.5202156334231806,0.05997304582210242
230,0.29642857142857143,0.5264285714285715,0.0,0.17714285714285713
231,0.0,0.2838427947598253,0.6572052401746725,0.05895196506550218
232,0.0,0.22990353697749197,0.6993569131832797,0.0707395498392283
233,0.04397568823739721,0.0,0.1966392563460851,0.7593850554165177
234,0.31450719822812845,0.0,0.5758582502768549,0.10963455149501661
235,0.0,0.14175257731958762,0.6597938144329897,0.19845360824742267
236,0.5540583894770613,0.4019890920757138,0.0,0.0439525184472249
237,0.2503192848020434,0.3116219667943806,0.438058748403576,0.0
238,0.37656903765690375,0.12552301255230125,0.497907949790795,0.0
239,0.0972461273666093,0.0,0.2667814113597246,0.6359724612736661
240,0.3687002652519894,0.11936339522546419,0.5119363395225465,0.0
241,0.3472222222222222,0.0,0.08487654320987655,0.5679012345679012
242,0.24963072378138848,0.0,0.19940915805022155,0.55096011816839
243,0.22735042735042735,0.0,0.13162393162393163,0.6410256410256411
244,0.08018867924528301,0.08018867924528301,0.839622641509434,0.0
245,0.2869692532942899,0.493411420204978,0.0,0.21961932650073207
246,0.0,0.3366186504927976,0.6239575435936315,0.039423805913570885
247,0.0,0.23066260049902967,0.7000277238702522,0.06930967563071805
248,0.35769315430332377,0.43033237948492187,0.0,0.21197446621175434
249,0.14823326630278655,0.0,0.3050847457627119,0.5466819879345016
250,0.0718954248366013,0.13725490196078433,0.7908496732026143,0.0
251,0.40425531914893614,0.4507978723404255,0.0,0.1449468085106383
252,0.0,0.2529711375212224,0.47368421052631576,0.2733446519524618
253,0.3395909645909646,0.6236263736263736,0.0,0.036782661782661784
254,0.06531986531986532,0.0,0.5084175084175084,0.4262626262626263
255,0.10076045627376426,0.1311787072243346,0.7680608365019012,0.0
256,0.41379310344827586,0.0,0.2103448275862069,0.3758620689655172
257,0.3164721141374838,0.4163424124513619,0.26718547341115434,0.0
258,0.4178498985801217,0.4178498985801217,0.0,0.1643002028397566
259,0.03823529411764706,0.43529411764705883,0.5264705882352941,0.0
260,0.3424317617866005,0.45781637717121587,0.0,0.19975186104218362
261,0.0,0.12719298245614036,0.4956140350877193,0.37719298245614036
262,0.19230769230769232,0.0,0.5294117647058824,0.27828054298642535
263,0.11767702496179318,0.32755985736118187,0.5547631176770249,0.0
264,0.34347826086956523,0.3391304347826087,0.0,0.3173913043478261
265,0.16433566433566432,0.0,0.055944055944055944,0.7797202797202797
266,0.2995169082125604,0.0,0.21256038647342995,0.48792270531400966
267,0.38650306748466257,0.06748466257668712,0.0,0.5460122699386503
268,0.6267605633802817,0.0,0.24647887323943662,0.1267605633802817
269,0.5768072289156626,0.2740963855421687,0.0,0.14909638554216867
270,0.25,0.11764705882352941,0.0,0.6323529411764706
271,0.0,0.3728813559322034,0.4576271186440678,0.1694915254237288
272,0.44324324324324327,0.0,0.14054054054054055,0.41621621621621624
273,0.0,0.032520325203252036,0.24878048780487805,0.71869918699187
274,0.25833333333333336,0.0,0.175,0.5666666666666667
275,0.4452054794520548,0.2191780821917808,0.0,0.3356164383561644
276,0.4625,0.05,0.0,0.4875
277,0.18088737201365188,0.0,0.7372013651877133,0.08191126279863481
278,0.15492957746478872,0.0,0.10422535211267606,0.7408450704225352
279,0.7482876712328768,0.20034246575342465,0.0,0.05136986301369863
280,0.08008213552361396,0.7412731006160165,0.17864476386036962,0.0
281,0.28081341198385595,0.447221359826141,0.0,0.2719652281900031
282,0.059322033898305086,0.13559322033898305,0.8050847457627118,0.0
283,0.0,0.09322033898305085,0.11864406779661017,0.788135593220339
284,0.013307984790874524,0.9192015209125475,0.06749049429657794,0.0
285,0.026865671641791045,0.7791044776119403,0.19402985074626866,0.0
286,0.0,0.023728813559322035,0.02953995157384988,0.9467312348668281
287,0.006552006552006552,0.0,0.01597051597051597,0.9774774774774775
288,0.12121212121212122,0.13257575757575757,0.7462121212121212,0.0
289,0.3630952380952381,0.17857142857142858,0.0,0.4583333333333333
290,0.0,0.5453047775947282,0.4546952224052718,0.0
291,0.5359801488833746,0.04466501240694789,0.0,0.41935483870967744
292,0.20751633986928106,0.0,0.18137254901960784,0.6111111111111112
293,0.43622047244094486,0.34488188976377954,0.0,0.2188976377952756
294,0.0,0.7427027027027027,0.25405405405405407,0.003243243243243243
295,0.5304054054054054,0.22972972972972974,0.0,0.23986486486486486
296,0.0,0.14166666666666666,0.7833333333333333,0.075
297,0.3140495867768595,0.3140495867768595,0.0,0.371900826446281
298,0.0,0.12232415902140673,0.5626911314984709,0.3149847094801223
299,0.23529411764705882,0.4485294117647059,0.3161764705882353,0.0
300,0.2469879518072289,0.0,0.39759036144578314,0.35542168674698793
301,0.2578125,0.5546875,0.1875,0.0
302,0.6666666666666666,0.0,0.24031007751937986,0.09302325581395349
303,0.01904761904761905,0.9047619047619048,0.0761904761904762,0.0
304,0.16666666666666666,0.0,0.2708333333333333,0.5625
305,0.6923076923076923,0.23076923076923078,0.0,0.07692307692307693
306,0.14285714285714285,0.0,0.08791208791208792,0.7692307692307693
307,0.0,1.0,0.0,0.0
308,0.0,0.0,0.0,1.0
309,0.0,0.25,0.0,0.75
310,1.0,0.0,0.0,0.0
311,,,,
312,0.0,0.0,1.0,0.0
313,0.0,0.0,0.0,1.0
314,,,,
315,,,,
316,,,,
317,,,,
318,,,,
