,A,C,G,T
0,,,,
1,,,,
2,0.75,0.25,0.0,0.0
3,0.7142857142857143,0.14285714285714285,0.0,0.14285714285714285
4,0.8181818181818182,0.09090909090909091,0.09090909090909091,0.0
5,0.21052631578947367,0.5263157894736842,0.0,0.2631578947368421
6,0.5,0.0,0.5,0.0
7,0.0,0.3333333333333333,0.6666666666666666,0.0
8,0.6538461538461539,0.3076923076923077,0.0,0.038461538461538464
9,0.1875,0.0,0.25,0.5625
10,0.0,1.0,0.0,0.0
11,0.0,1.0,0.0,0.0
12,0.14285714285714285,0.5714285714285714,0.0,0.2857142857142857
13,0.6,0.4,0.0,0.0
14,0.6,0.0,0.0,0.4
15,0.0,1.0,0.0,0.0
16,0.0,1.0,0.0,0.0
17,0.6666666666666666,0.2222222222222222,0.0,0.1111111111111111
18,0.0,0.0,1.0,0.0
19,,,,
20,0.0,0.0,1.0,0.0
21,,,,
22,,,,
23,0.0,0.0,0.0,1.0
24,,,,
25,0.0,0.0,0.0,1.0
26,0.0,0.14285714285714285,0.8571428571428571,0.0
27,0.75,0.0,0.0,0.25
28,0.125,0.875,0.0,0.0
29,0.0,0.0,0.0,1.0
30,0.0,0.6666666666666666,0.0,0.3333333333333333
31,0.5,0.5,0.0,0.0
32,0.25,0.25,0.0,0.5
33,,,,
34,0.0,0.6666666666666666,0.3333333333333333,0.0
35,0.5,0.0,0.5,0.0
36,0.0,0.0,1.0,0.0
37,0.0,0.8,0.1,0.1
38,0.0,0.6666666666666666,0.0,0.3333333333333333
39,1.0,0.0,0.0,0.0
40,0.0,0.0,1.0,0.0
41,0.07142857142857142,0.0,0.9285714285714286,0.0
42,,,,
43,1.0,0.0,0.0,0.0
44,0.6666666666666666,0.3333333333333333,0.0,0.0
45,0.9148936170212766,0.0851063829787234,0.0,0.0
46,0.36363636363636365,0.36363636363636365,0.0,0.2727272727272727
47,1.0,0.0,0.0,0.0
48,,,,
49,0.0,0.0,0.0,1.0
50,0.0,0.0,0.0,1.0
51,0.0,0.0,1.0,0.0
52,0.0,0.0,1.0,0.0
53,0.13333333333333333,0.7333333333333333,0.0,0.13333333333333333
54,,,,
55,0.2,0.8,0.0,0.0
56,0.0,0.6666666666666666,0.3333333333333333,0.0
57,0.14285714285714285,0.0,0.8571428571428571,0.0
58,0.0,0.5,0.5,0.0
59,0.0,0.0,0.6666666666666666,0.3333333333333333
60,0.0,0.2857142857142857,0.7142857142857143,0.0
61,0.0,0.0,1.0,0.0
62,0.14285714285714285,0.0,0.42857142857142855,0.42857142857142855
63,,,,
64,,,,
65,0.0,1.0,0.0,0.0
66,1.0,0.0,0.0,0.0
67,0.3076923076923077,0.0,0.15384615384615385,0.5384615384615384
68,0.0,0.25,0.5,0.25
69,0.7,0.1,0.0,0.2
70,0.0,0.0,0.4,0.6
71,0.08888888888888889,0.8444444444444444,0.0,0.06666666666666667
72,0.0,0.5,0.5,0.0
73,,,,
74,0.0,0.7777777777777778,0.2222222222222222,0.0
75,0.3333333333333333,0.6666666666666666,0.0,0.0
76,0.8333333333333334,0.0,0.0,0.16666666666666666
77,0.0,0.2222222222222222,0.5555555555555556,0.2222222222222222
78,0.0,0.5,0.5,0.0
79,0.0,0.5,0.5,0.0
80,0.0,0.0,0.0,1.0
81,0.0,0.36363636363636365,0.36363636363636365,0.2727272727272727
82,0.2916666666666667,0.0,0.4166666666666667,0.2916666666666667
83,0.09090909090909091,0.0,0.36363636363636365,0.5454545454545454
84,0.2,0.4,0.4,0.0
85,0.0,1.0,0.0,0.0
86,0.0,0.0,0.0,1.0
87,0.0,0.4,0.4666666666666667,0.13333333333333333
88,0.25,0.75,0.0,0.0
89,0.2,0.26666666666666666,0.5333333333333333,0.0
90,0.0,0.4,0.4,0.2
91,0.5813953488372093,0.32558139534883723,0.0,0.09302325581395349
92,0.2857142857142857,0.0,0.09523809523809523,0.6190476190476191
93,0.2,0.5,0.3,0.0
94,0.0,0.4166666666666667,0.16666666666666666,0.4166666666666667
95,0.0,0.9333333333333333,0.06666666666666667,0.0
96,0.6,0.2,0.0,0.2
97,0.10344827586206896,0.7586206896551724,0.0,0.13793103448275862
98,0.23529411764705882,0.0,0.11764705882352941,0.6470588235294118
99,0.0,0.4,0.0,0.6
100,,,,
101,0.35294117647058826,0.5294117647058824,0.0,0.11764705882352941
102,0.6666666666666666,0.0,0.3333333333333333,0.0
103,0.0,0.5555555555555556,0.3333333333333333,0.1111111111111111
104,0.25,0.0,0.125,0.625
105,,,,
106,,,,
107,0.0,1.0,0.0,0.0
108,0.3333333333333333,0.6666666666666666,0.0,0.0
109,,,,
110,1.0,0.0,0.0,0.0
111,,,,
112,,,,
113,0.3333333333333333,0.0,0.0,0.6666666666666666
114,0.5,0.0,0.5,0.0
115,0.0,0.0,0.5,0.5
116,1.0,0.0,0.0,0.0
117,0.3333333333333333,0.5,0.0,0.16666666666666666
118,0.0,0.0,0.0,1.0
119,0.125,0.75,0.125,0.0
120,,,,
121,,,,
122,0.0,0.0,0.6666666666666666,0.3333333333333333
123,,,,
124,0.0,1.0,0.0,0.0
125,0.25,0.0,0.75,0.0
126,0.0,0.5,0.5,0.0
127,0.0,0.0,1.0,0.0
128,1.0,0.0,0.0,0.0
129,1.0,0.0,0.0,0.0
130,,,,
131,0.36,0.44,0.0,0.2
132,0.0,0.0,1.0,0.0
133,0.0,0.6,0.4,0.0
134,0.0,1.0,0.0,0.0
135,0.0,1.0,0.0,0.0
136,0.0,0.16666666666666666,0.8333333333333334,0.0
137,0.5,0.3333333333333333,0.0,0.16666666666666666
138,0.0,0.25,0.75,0.0
139,0.0,0.0,0.0,1.0
140,0.0,0.3333333333333333,0.0,0.6666666666666666
141,0.38461538461538464,0.3076923076923077,0.0,0.3076923076923077
142,0.0,0.0,1.0,0.0
143,0.0,0.0,0.96,0.04
144,0.08695652173913043,0.043478260869565216,0.8695652173913043,0.0
145,0.0,0.0,0.6666666666666666,0.3333333333333333
146,0.0,0.25,0.5,0.25
147,0.6428571428571429,0.14285714285714285,0.0,0.21428571428571427
148,0.12903225806451613,0.5161290322580645,0.3548387096774194,0.0
149,0.11764705882352941,0.7058823529411765,0.17647058823529413,0.0
150,0.0,0.25,0.5,0.25
151,0.25,0.5,0.25,0.0
152,0.2,0.6,0.2,0.0
153,0.6410256410256411,0.20512820512820512,0.15384615384615385,0.0
154,0.0,0.3333333333333333,0.6,0.06666666666666667
155,0.3333333333333333,0.3333333333333333,0.3333333333333333,0.0
156,0.0,0.15217391304347827,0.6521739130434783,0.1956521739130435
157,0.38095238095238093,0.5714285714285714,0.0,0.047619047619047616
158,0.15384615384615385,0.0,0.07692307692307693,0.7692307692307693
159,0.78125,0.125,0.0,0.09375
160,0.6551724137931034,0.27586206896551724,0.0,0.06896551724137931
161,0.2,0.8,0.0,0.0
162,0.3333333333333333,0.1111111111111111,0.0,0.5555555555555556
163,0.2727272727272727,0.7272727272727273,0.0,0.0
164,0.35714285714285715,0.4642857142857143,0.17857142857142858,0.0
165,0.0,0.21621621621621623,0.6486486486486487,0.13513513513513514
166,0.4,0.44,0.0,0.16
167,0.19047619047619047,0.6190476190476191,0.19047619047619047,0.0
168,0.0,0.5333333333333333,0.4666666666666667,0.0
169,0.7142857142857143,0.2,0.0,0.08571428571428572
170,0.21739130434782608,0.0,0.2608695652173913,0.5217391304347826
171,0.0,0.0,0.75,0.25
172,0.35714285714285715,0.0,0.2857142857142857,0.35714285714285715
173,0.0,0.5,0.25,0.25
174,0.2,0.4,0.4,0.0
175,0.0,0.2,0.26666666666666666,0.5333333333333333
176,0.0,0.0,0.18181818181818182,0.8181818181818182
177,0.0,0.16666666666666666,0.8333333333333334,0.0
178,0.0,0.6,0.0,0.4
179,0.047619047619047616,0.8333333333333334,0.11904761904761904,0.0
180,0.6,0.4,0.0,0.0
181,0.4,0.0,0.4,0.2
182,0.0,0.5384615384615384,0.3076923076923077,0.15384615384615385
183,0.18181818181818182,0.7272727272727273,0.0,0.09090909090909091
184,0.0,0.4444444444444444,0.5555555555555556,0.0
185,0.0,0.0,0.6666666666666666,0.3333333333333333
186,0.0,0.3333333333333333,0.6666666666666666,0.0
187,0.0,0.0,0.0,1.0
188,0.2222222222222222,0.0,0.0,0.7777777777777778
189,0.2222222222222222,0.5555555555555556,0.0,0.2222222222222222
190,0.0,0.4,0.6,0.0
191,0.5,0.5,0.0,0.0
192,0.0,0.42857142857142855,0.5714285714285714,0.0
193,0.0,0.0,0.9523809523809523,0.047619047619047616
194,0.0,0.0,0.0,1.0
195,1.0,0.0,0.0,0.0
196,0.5,0.5,0.0,0.0
197,0.0,0.0,0.16666666666666666,0.8333333333333334
198,0.5,0.0,0.5,0.0
199,,,,
200,0.0,0.21875,0.78125,0.0
201,,,,
202,0.0,0.0,1.0,0.0
203,1.0,0.0,0.0,0.0
204,0.0,0.07692307692307693,0.6153846153846154,0.3076923076923077
205,0.14285714285714285,0.0,0.2857142857142857,0.5714285714285714
206,1.0,0.0,0.0,0.0
207,0.0,0.21428571428571427,0.7142857142857143,0.07142857142857142
208,1.0,0.0,0.0,0.0
209,0.125,0.0,0.25,0.625
210,1.0,0.0,0.0,0.0
211,1.0,0.0,0.0,0.0
212,0.2857142857142857,0.0,0.2857142857142857,0.42857142857142855
213,0.0,0.8333333333333334,0.16666666666666666,0.0
214,0.6666666666666666,0.0,0.0,0.3333333333333333
215,0.0,0.2222222222222222,0.7777777777777778,0.0
216,0.75,0.25,0.0,0.0
217,0.0,0.5,0.0,0.5
218,0.2857142857142857,0.0,0.0,0.7142857142857143
219,0.0,0.1111111111111111,0.6666666666666666,0.2222222222222222
220,0.0,1.0,0.0,0.0
221,0.0625,0.875,0.0625,0.0
222,0.14285714285714285,0.0,0.8571428571428571,0.0
223,0.4,0.0,0.0,0.6
224,0.0,0.0,0.75,0.25
225,0.0,0.1,0.9,0.0
226,0.0,0.5625,0.4375,0.0
227,0.375,0.5,0.0,0.125
228,0.0,0.2,0.8,0.0
229,0.0,0.2857142857142857,0.7142857142857143,0.0
230,0.25,0.0,0.25,0.5
231,0.0,0.0,0.5,0.5
232,0.0625,0.0,0.1875,0.75
233,0.5714285714285714,0.2,0.0,0.22857142857142856
234,0.038461538461538464,0.0,0.8076923076923077,0.15384615384615385
235,0.0,0.5,0.5,0.0
236,0.46153846153846156,0.2692307692307692,0.0,0.2692307692307692
237,0.0,0.4,0.6,0.0
238,0.0,0.17391304347826086,0.043478260869565216,0.782608695652174
239,0.0,0.6666666666666666,0.3333333333333333,0.0
240,0.1111111111111111,0.0,0.1111111111111111,0.7777777777777778
241,,,,
242,0.3333333333333333,0.2222222222222222,0.0,0.4444444444444444
243,0.0,0.0,1.0,0.0
244,0.0,0.0,1.0,0.0
245,0.0,0.21428571428571427,0.6428571428571429,0.14285714285714285
246,0.0,0.18181818181818182,0.2727272727272727,0.5454545454545454
247,0.0,0.0,1.0,0.0
248,0.0,0.3333333333333333,0.0,0.6666666666666666
249,0.0,0.0625,0.8125,0.125
250,0.0,0.3076923076923077,0.6923076923076923,0.0
251,0.5,0.0,0.0,0.5
252,0.0,0.0,1.0,0.0
253,0.8,0.2,0.0,0.0
254,0.125,0.0,0.0,0.875
255,0.0,0.0,0.8,0.2
256,0.5,0.5,0.0,0.0
257,0.0,1.0,0.0,0.0
258,0.0,0.4,0.6,0.0
259,0.4,0.6,0.0,0.0
260,0.0,0.0,1.0,0.0
261,0.375,0.625,0.0,0.0
262,0.23333333333333334,0.0,0.23333333333333334,0.5333333333333333
263,0.02127659574468085,0.9361702127659575,0.0425531914893617,0.0
264,0.3333333333333333,0.3333333333333333,0.0,0.3333333333333333
265,0.0,0.0,1.0,0.0
266,0.2727272727272727,0.6818181818181818,0.0,0.045454545454545456
267,,,,
268,,,,
269,0.0,0.0,0.0,1.0
270,0.0,0.0,0.0,1.0
271,0.0,0.0,0.0,1.0
272,,,,
273,,,,
274,0.0,0.0,1.0,0.0
275,0.07894736842105263,0.9210526315789473,0.0,0.0
276,0.72,0.08,0.0,0.2
277,0.0,0.5,0.5,0.0
278,0.4,0.37777777777777777,0.0,0.2222222222222222
279,0.0,0.0,1.0,0.0
280,0.0,0.0,0.0,1.0
281,0.0,0.75,0.25,0.0
282,,,,
283,0.0,0.0,0.0,1.0
284,0.0,0.0,0.0,1.0
285,,,,
286,,,,
287,0.0,1.0,0.0,0.0
288,0.2,0.0,0.0,0.8
289,0.0,0.0,0.16666666666666666,0.8333333333333334
290,0.5,0.5,0.0,0.0
291,,,,
292,0.0,0.2,0.8,0.0
293,0.0,0.0,1.0,0.0
294,1.0,0.0,0.0,0.0
295,,,,
296,0.5,0.5,0.0,0.0
297,,,,
298,,,,
299,,,,
300,,,,
301,,,,
302,,,,
303,,,,
304,,,,
305,,,,
306,,,,
307,,,,
308,,,,
309,,,,
310,,,,
311,,,,
312,,,,
313,,,,
314,,,,
315,,,,
