,A,C,G,T
0,,,,
1,,,,
2,0.6470588235294118,0.29411764705882354,0.0,0.058823529411764705
3,0.0,0.6666666666666666,0.0,0.3333333333333333
4,0.5,0.5,0.0,0.0
5,0.0,0.0,0.0,1.0
6,0.0,0.0,0.6,0.4
7,0.0,0.1111111111111111,0.2222222222222222,0.6666666666666666
8,0.6111111111111112,0.2222222222222222,0.0,0.16666666666666666
9,0.058823529411764705,0.0,0.5,0.4411764705882353
10,1.0,0.0,0.0,0.0
11,0.0,0.5,0.0,0.5
12,0.6666666666666666,0.0,0.0,0.3333333333333333
13,0.5,0.5,0.0,0.0
14,0.2,0.8,0.0,0.0
15,0.0,0.6666666666666666,0.0,0.3333333333333333
16,0.0,1.0,0.0,0.0
17,0.5714285714285714,0.14285714285714285,0.0,0.2857142857142857
18,,,,
19,0.0,0.0,0.0,1.0
20,0.2,0.2,0.6,0.0
21,0.25,0.0,0.0,0.75
22,0.0,1.0,0.0,0.0
23,0.0,0.9333333333333333,0.0,0.06666666666666667
24,,,,
25,0.0,0.25,0.0,0.75
26,0.0,0.0,0.75,0.25
27,0.6,0.2,0.0,0.2
28,0.14285714285714285,0.7857142857142857,0.0,0.07142857142857142
29,0.3,0.0,0.0,0.7
30,0.5333333333333333,0.4,0.06666666666666667,0.0
31,0.0,1.0,0.0,0.0
32,0.5714285714285714,0.14285714285714285,0.0,0.2857142857142857
33,0.625,0.375,0.0,0.0
34,0.42857142857142855,0.5714285714285714,0.0,0.0
35,0.0,0.08333333333333333,0.7916666666666666,0.125
36,0.0,0.0,0.9767441860465116,0.023255813953488372
37,0.0,0.25,0.5,0.25
38,1.0,0.0,0.0,0.0
39,0.0,0.0,1.0,0.0
40,0.5,0.0,0.0,0.5
41,0.0,0.625,0.3125,0.0625
42,1.0,0.0,0.0,0.0
43,,,,
44,0.42857142857142855,0.14285714285714285,0.0,0.42857142857142855
45,0.5,0.0,0.25,0.25
46,1.0,0.0,0.0,0.0
47,0.25,0.75,0.0,0.0
48,0.0,1.0,0.0,0.0
49,,,,
50,0.3333333333333333,0.0,0.3333333333333333,0.3333333333333333
51,0.0,0.0,0.0,1.0
52,1.0,0.0,0.0,0.0
53,0.3333333333333333,0.6666666666666666,0.0,0.0
54,0.0,0.8333333333333334,0.0,0.16666666666666666
55,0.0,0.9166666666666666,0.0,0.08333333333333333
56,0.0,1.0,0.0,0.0
57,,,,
58,0.0,0.0,1.0,0.0
59,0.0,0.0,0.75,0.25
60,0.0,0.5714285714285714,0.42857142857142855,0.0
61,0.3333333333333333,0.0,0.0,0.6666666666666666
62,0.0,0.0,0.5,0.5
63,,,,
64,,,,
65,0.0,1.0,0.0,0.0
66,0.0,0.14285714285714285,0.6190476190476191,0.23809523809523808
67,0.08695652173913043,0.0,0.6086956521739131,0.30434782608695654
68,0.0,0.7142857142857143,0.14285714285714285,0.14285714285714285
69,0.9230769230769231,0.0,0.0,0.07692307692307693
70,0.0,0.0,0.7096774193548387,0.2903225806451613
71,0.01818181818181818,0.9454545454545454,0.03636363636363636,0.0
72,0.07142857142857142,0.07142857142857142,0.8571428571428571,0.0
73,0.08333333333333333,0.0,0.0,0.9166666666666666
74,0.11764705882352941,0.7058823529411765,0.17647058823529413,0.0
75,0.0,0.0,0.0,1.0
76,1.0,0.0,0.0,0.0
77,0.0,0.4166666666666667,0.5,0.08333333333333333
78,0.0,0.11538461538461539,0.8846153846153846,0.0
79,,,,
80,0.0,0.0,0.0,1.0
81,0.0,0.14285714285714285,0.42857142857142855,0.42857142857142855
82,0.11764705882352941,0.0,0.7254901960784313,0.1568627450980392
83,0.07894736842105263,0.0,0.10526315789473684,0.8157894736842105
84,0.25,0.75,0.0,0.0
85,0.0,1.0,0.0,0.0
86,0.14285714285714285,0.5714285714285714,0.2857142857142857,0.0
87,0.16279069767441862,0.8372093023255814,0.0,0.0
88,0.5,0.3888888888888889,0.0,0.1111111111111111
89,0.3333333333333333,0.16666666666666666,0.5,0.0
90,0.2857142857142857,0.2857142857142857,0.0,0.42857142857142855
91,0.0,0.8888888888888888,0.05555555555555555,0.05555555555555555
92,0.22448979591836735,0.7755102040816326,0.0,0.0
93,0.5675675675675675,0.3783783783783784,0.05405405405405406,0.0
94,0.0,0.15151515151515152,0.30303030303030304,0.5454545454545454
95,0.0,0.8571428571428571,0.14285714285714285,0.0
96,0.6923076923076923,0.15384615384615385,0.0,0.15384615384615385
97,0.07692307692307693,0.0,0.7692307692307693,0.15384615384615385
98,0.17647058823529413,0.6470588235294118,0.17647058823529413,0.0
99,0.0,0.2,0.6285714285714286,0.17142857142857143
100,,,,
101,0.6,0.2,0.0,0.2
102,0.0,0.3333333333333333,0.5,0.16666666666666666
103,0.18032786885245902,0.7540983606557377,0.0,0.06557377049180328
104,0.02631578947368421,0.0,0.07894736842105263,0.8947368421052632
105,0.0,0.0,1.0,0.0
106,0.0,0.0,0.0,1.0
107,0.0,1.0,0.0,0.0
108,0.36363636363636365,0.09090909090909091,0.5454545454545454,0.0
109,0.7142857142857143,0.14285714285714285,0.14285714285714285,0.0
110,0.037037037037037035,0.0,0.0,0.9629629629629629
111,,,,
112,1.0,0.0,0.0,0.0
113,0.4,0.0,0.2,0.4
114,1.0,0.0,0.0,0.0
115,0.0,0.3333333333333333,0.3333333333333333,0.3333333333333333
116,,,,
117,0.0,0.9090909090909091,0.0,0.09090909090909091
118,0.0,0.0,0.0,1.0
119,0.05263157894736842,0.8947368421052632,0.05263157894736842,0.0
120,0.5,0.0,0.5,0.0
121,,,,
122,0.0,0.8,0.2,0.0
123,0.5,0.5,0.0,0.0
124,0.0,0.0,0.0,1.0
125,0.5,0.0,0.0,0.5
126,0.0,0.25,0.6666666666666666,0.08333333333333333
127,0.0,0.4,0.6,0.0
128,1.0,0.0,0.0,0.0
129,0.0,1.0,0.0,0.0
130,0.3333333333333333,0.0,0.0,0.6666666666666666
131,0.18421052631578946,0.7368421052631579,0.0,0.07894736842105263
132,0.3333333333333333,0.0,0.3333333333333333,0.3333333333333333
133,0.1111111111111111,0.7777777777777778,0.1111111111111111,0.0
134,0.47058823529411764,0.0,0.0,0.5294117647058824
135,0.75,0.0,0.0,0.25
136,0.0,0.0,0.625,0.375
137,0.8333333333333334,0.05555555555555555,0.0,0.1111111111111111
138,0.0,0.0,1.0,0.0
139,0.5833333333333334,0.3333333333333333,0.0,0.08333333333333333
140,0.07142857142857142,0.6428571428571429,0.0,0.2857142857142857
141,0.3333333333333333,0.3333333333333333,0.0,0.3333333333333333
142,0.0,0.0,1.0,0.0
143,0.0,0.17307692307692307,0.15384615384615385,0.6730769230769231
144,0.7272727272727273,0.0,0.0,0.2727272727272727
145,0.15789473684210525,0.7368421052631579,0.0,0.10526315789473684
146,0.23076923076923078,0.38461538461538464,0.38461538461538464,0.0
147,0.2222222222222222,0.3333333333333333,0.4444444444444444,0.0
148,0.14285714285714285,0.2857142857142857,0.5714285714285714,0.0
149,0.3181818181818182,0.0,0.18181818181818182,0.5
150,0.0,0.6666666666666666,0.3333333333333333,0.0
151,0.25,0.125,0.625,0.0
152,0.04878048780487805,0.6341463414634146,0.3170731707317073,0.0
153,0.0,0.7222222222222222,0.2777777777777778,0.0
154,0.6666666666666666,0.3333333333333333,0.0,0.0
155,0.0,0.5,0.5,0.0
156,0.0,0.125,0.875,0.0
157,0.5238095238095238,0.42857142857142855,0.0,0.047619047619047616
158,0.041666666666666664,0.0,0.20833333333333334,0.75
159,0.0,0.12307692307692308,0.8615384615384616,0.015384615384615385
160,0.0,0.21428571428571427,0.7142857142857143,0.07142857142857142
161,0.0,0.8372093023255814,0.13953488372093023,0.023255813953488372
162,0.46153846153846156,0.23076923076923078,0.0,0.3076923076923077
163,0.20689655172413793,0.0,0.43103448275862066,0.3620689655172414
164,0.09090909090909091,0.6060606060606061,0.30303030303030304,0.0
165,0.038461538461538464,0.7307692307692307,0.23076923076923078,0.0
166,0.0,0.4375,0.375,0.1875
167,0.07272727272727272,0.7636363636363637,0.16363636363636364,0.0
168,0.21875,0.78125,0.0,0.0
169,0.8611111111111112,0.1111111111111111,0.0,0.027777777777777776
170,0.5384615384615384,0.07692307692307693,0.38461538461538464,0.0
171,0.0,0.0,0.0,1.0
172,0.38235294117647056,0.5882352941176471,0.0,0.029411764705882353
173,0.3,0.6,0.0,0.1
174,0.0,0.0,1.0,0.0
175,0.75,0.0,0.08333333333333333,0.16666666666666666
176,0.0,0.16666666666666666,0.5,0.3333333333333333
177,0.0,0.5833333333333334,0.4166666666666667,0.0
178,0.07142857142857142,0.0,0.42857142857142855,0.5
179,0.0,0.13333333333333333,0.4,0.4666666666666667
180,0.23214285714285715,0.75,0.0,0.017857142857142856
181,0.0,0.3333333333333333,0.5,0.16666666666666666
182,0.0,0.125,0.675,0.2
183,0.0,0.2857142857142857,0.7142857142857143,0.0
184,0.0,0.4,0.0,0.6
185,0.2,0.0,0.2,0.6
186,0.0,0.02531645569620253,0.9493670886075949,0.02531645569620253
187,0.18181818181818182,0.0,0.6363636363636364,0.18181818181818182
188,0.3333333333333333,0.0,0.6666666666666666,0.0
189,0.4,0.5,0.0,0.1
190,0.6666666666666666,0.0,0.3333333333333333,0.0
191,0.6666666666666666,0.0,0.0,0.3333333333333333
192,0.6666666666666666,0.0,0.3333333333333333,0.0
193,0.25,0.0,0.25,0.5
194,0.5,0.0,0.5,0.0
195,0.2857142857142857,0.42857142857142855,0.0,0.2857142857142857
196,0.375,0.125,0.5,0.0
197,0.5714285714285714,0.42857142857142855,0.0,0.0
198,0.0,0.5581395348837209,0.4418604651162791,0.0
199,0.0,0.041666666666666664,0.8958333333333334,0.0625
200,0.0,0.037037037037037035,0.7777777777777778,0.18518518518518517
201,0.5,0.25,0.0,0.25
202,0.7777777777777778,0.1111111111111111,0.0,0.1111111111111111
203,0.5,0.0,0.0,0.5
204,0.0,0.9,0.1,0.0
205,0.0,0.3333333333333333,0.0,0.6666666666666666
206,0.0,0.0,0.75,0.25
207,0.0,1.0,0.0,0.0
208,0.0,0.5,0.5,0.0
209,0.0,0.0,0.0,1.0
210,0.0,0.0,0.5384615384615384,0.46153846153846156
211,0.15,0.0,0.2,0.65
212,0.3,0.0,0.1,0.6
213,0.0,0.2727272727272727,0.7272727272727273,0.0
214,0.0,0.0,1.0,0.0
215,0.09523809523809523,0.0,0.47619047619047616,0.42857142857142855
216,0.5,0.0,0.5,0.0
217,0.5,0.0,0.5,0.0
218,0.0,0.2222222222222222,0.4444444444444444,0.3333333333333333
219,0.0,0.2,0.8,0.0
220,0.896551724137931,0.034482758620689655,0.0,0.06896551724137931
221,0.0,0.04081632653061224,0.9387755102040817,0.02040816326530612
222,0.0,0.5,0.0,0.5
223,0.0,1.0,0.0,0.0
224,0.07692307692307693,0.8974358974358975,0.02564102564102564,0.0
225,0.92,0.04,0.0,0.04
226,0.9107142857142857,0.07142857142857142,0.0,0.017857142857142856
227,0.05,0.85,0.1,0.0
228,0.25,0.0,0.75,0.0
229,0.3333333333333333,0.0,0.0,0.6666666666666666
230,0.14285714285714285,0.0,0.14285714285714285,0.7142857142857143
231,0.0,0.25,0.625,0.125
232,0.0,0.09090909090909091,0.7272727272727273,0.18181818181818182
233,0.0,0.35294117647058826,0.6470588235294118,0.0
234,0.0,0.125,0.8125,0.0625
235,0.37142857142857144,0.6,0.0,0.02857142857142857
236,0.043478260869565216,0.0,0.043478260869565216,0.9130434782608695
237,0.0,0.0,0.9259259259259259,0.07407407407407407
238,0.0,0.5555555555555556,0.4444444444444444,0.0
239,0.125,0.0,0.25,0.625
240,0.2857142857142857,0.42857142857142855,0.0,0.2857142857142857
241,0.030303030303030304,0.0,0.0,0.9696969696969697
242,0.375,0.0,0.5,0.125
243,0.5,0.5,0.0,0.0
244,0.0,0.8823529411764706,0.0,0.11764705882352941
245,0.14285714285714285,0.7142857142857143,0.14285714285714285,0.0
246,0.1111111111111111,0.0,0.0,0.8888888888888888
247,0.0,0.0,1.0,0.0
248,0.9767441860465116,0.0,0.0,0.023255813953488372
249,0.3333333333333333,0.0,0.6666666666666666,0.0
250,0.0,0.0,1.0,0.0
251,0.0,0.2857142857142857,0.5714285714285714,0.14285714285714285
252,0.0,0.7777777777777778,0.2222222222222222,0.0
253,,,,
254,,,,
255,0.0,0.020833333333333332,0.9375,0.041666666666666664
256,0.0,0.4489795918367347,0.5510204081632653,0.0
257,0.08333333333333333,0.0,0.08333333333333333,0.8333333333333334
258,0.0,0.058823529411764705,0.6470588235294118,0.29411764705882354
259,0.375,0.25,0.0,0.375
260,0.0,0.0,0.25,0.75
261,0.5,0.0,0.0,0.5
262,0.5,0.5,0.0,0.0
263,0.8,0.0,0.0,0.2
264,0.0,0.5384615384615384,0.46153846153846156,0.0
265,0.0,0.2222222222222222,0.7777777777777778,0.0
266,0.0,0.21428571428571427,0.6428571428571429,0.14285714285714285
267,0.0,0.17647058823529413,0.7647058823529411,0.058823529411764705
268,0.0,0.0,0.15384615384615385,0.8461538461538461
269,0.1111111111111111,0.0,0.2222222222222222,0.6666666666666666
270,0.5,0.0,0.0,0.5
271,0.0,1.0,0.0,0.0
272,0.2727272727272727,0.7272727272727273,0.0,0.0
273,,,,
274,0.0,0.0,0.0,1.0
275,0.0,0.0,0.0,1.0
276,0.0,0.0,0.0,1.0
277,1.0,0.0,0.0,0.0
278,0.0,0.2,0.8,0.0
279,0.0,0.0,0.0,1.0
280,0.043478260869565216,0.0,0.9565217391304348,0.0
281,0.4,0.0,0.2,0.4
282,0.8095238095238095,0.14285714285714285,0.0,0.047619047619047616
283,0.0,1.0,0.0,0.0
284,0.16923076923076924,0.5230769230769231,0.0,0.3076923076923077
285,0.0,0.0,1.0,0.0
286,,,,
287,0.0,1.0,0.0,0.0
288,0.0,1.0,0.0,0.0
289,0.0,0.1,0.1,0.8
290,0.0,0.0,0.023255813953488372,0.9767441860465116
291,,,,
292,,,,
293,0.0,1.0,0.0,0.0
294,0.0,0.03125,0.78125,0.1875
295,0.23076923076923078,0.0,0.7692307692307693,0.0
296,0.4,0.6,0.0,0.0
297,0.0,0.0,1.0,0.0
298,0.5,0.5,0.0,0.0
299,,,,
300,1.0,0.0,0.0,0.0
301,0.0,0.0,1.0,0.0
302,,,,
303,,,,
304,,,,
305,0.0,0.0,0.0,1.0
306,,,,
307,,,,
308,,,,
309,,,,
310,,,,
311,,,,
312,,,,
313,,,,
314,,,,
315,,,,
316,,,,
317,,,,
318,,,,
319,,,,
320,,,,
321,,,,
