,A,C,G,T
0,,,,
1,,,,
2,0.8623481781376519,0.10121457489878542,0.0,0.03643724696356275
3,0.09391304347826086,0.7756521739130435,0.0,0.13043478260869565
4,0.415929203539823,0.47345132743362833,0.11061946902654868,0.0
5,0.5483870967741935,0.31048387096774194,0.0,0.14112903225806453
6,0.3883495145631068,0.0,0.3786407766990291,0.23300970873786409
7,0.0,0.048223350253807105,0.49746192893401014,0.4543147208121827
8,0.5777027027027027,0.3277027027027027,0.0,0.0945945945945946
9,0.12931034482758622,0.0,0.0603448275862069,0.8103448275862069
10,0.07142857142857142,0.6428571428571429,0.2857142857142857,0.0
11,0.7172284644194756,0.1254681647940075,0.0,0.15730337078651685
12,0.4514285714285714,0.0,0.46285714285714286,0.08571428571428572
13,0.0,0.035955056179775284,0.41123595505617977,0.5528089887640449
14,0.8700305810397554,0.05198776758409786,0.0,0.0779816513761468
15,0.020942408376963352,0.93717277486911,0.0,0.041884816753926704
16,0.0,0.43478260869565216,0.4956521739130435,0.06956521739130435
17,0.7066666666666667,0.16,0.0,0.13333333333333333
18,0.08695652173913043,0.6086956521739131,0.30434782608695654,0.0
19,0.11864406779661017,0.0,0.6779661016949152,0.2033898305084746
20,0.3148148148148148,0.42592592592592593,0.0,0.25925925925925924
21,0.2608695652173913,0.08695652173913043,0.0,0.6521739130434783
22,0.375,0.3125,0.0,0.3125
23,0.06923076923076923,0.0,0.5692307692307692,0.36153846153846153
24,0.09278350515463918,0.0,0.4536082474226804,0.4536082474226804
25,0.5714285714285714,0.0,0.14285714285714285,0.2857142857142857
26,0.0,0.1651376146788991,0.5535168195718655,0.28134556574923547
27,0.5738831615120275,0.3917525773195876,0.0,0.03436426116838488
28,0.12422360248447205,0.7888198757763976,0.0,0.08695652173913043
29,0.0,0.21231422505307856,0.6900212314225053,0.09766454352441614
30,0.04666666666666667,0.0,0.43333333333333335,0.52
31,0.5714285714285714,0.045714285714285714,0.38285714285714284,0.0
32,0.4863013698630137,0.2671232876712329,0.0,0.2465753424657534
33,0.38257575757575757,0.32196969696969696,0.0,0.29545454545454547
34,0.07253886010362694,0.7357512953367875,0.19170984455958548,0.0
35,0.23308270676691728,0.20300751879699247,0.0,0.5639097744360902
36,0.0,0.7289719626168224,0.2523364485981308,0.018691588785046728
37,0.0,0.030706243602865915,0.9590583418628454,0.01023541453428864
38,0.44594594594594594,0.22972972972972974,0.0,0.32432432432432434
39,0.2631578947368421,0.0,0.21052631578947367,0.5263157894736842
40,0.24,0.0,0.08,0.68
41,0.034722222222222224,0.8935185185185185,0.07175925925925926,0.0
42,0.08602150537634409,0.3924731182795699,0.521505376344086,0.0
43,0.12359550561797752,0.0,0.5168539325842697,0.3595505617977528
44,0.6964285714285714,0.21428571428571427,0.0,0.08928571428571429
45,0.14583333333333334,0.5833333333333334,0.0,0.2708333333333333
46,0.0,0.4,0.5806451612903226,0.01935483870967742
47,0.47297297297297297,0.35135135135135137,0.0,0.17567567567567569
48,0.0,0.4819277108433735,0.37349397590361444,0.14457831325301204
49,0.11688311688311688,0.0,0.36363636363636365,0.5194805194805194
50,0.4421052631578947,0.0,0.2631578947368421,0.29473684210526313
51,0.17721518987341772,0.0,0.5189873417721519,0.3037974683544304
52,0.3235294117647059,0.4117647058823529,0.2647058823529412,0.0
53,0.3959731543624161,0.3959731543624161,0.0,0.2080536912751678
54,0.24324324324324326,0.07207207207207207,0.6846846846846847,0.0
55,0.36585365853658536,0.0,0.17073170731707318,0.4634146341463415
56,0.27297297297297296,0.0,0.1810810810810811,0.5459459459459459
57,0.26229508196721313,0.0,0.4918032786885246,0.2459016393442623
58,0.07017543859649122,0.6491228070175439,0.2807017543859649,0.0
59,0.2375,0.0,0.3125,0.45
60,0.0,0.3090909090909091,0.14545454545454545,0.5454545454545454
61,0.1830065359477124,0.0,0.3045751633986928,0.5124183006535947
62,0.091324200913242,0.0,0.4200913242009132,0.4885844748858447
63,0.09090909090909091,0.3939393939393939,0.5151515151515151,0.0
64,0.16666666666666666,0.3055555555555556,0.0,0.5277777777777778
65,0.05,0.0,0.00625,0.94375
66,0.02857142857142857,0.3410714285714286,0.0,0.6303571428571428
67,0.35714285714285715,0.0,0.36466165413533835,0.2781954887218045
68,0.5,0.2544642857142857,0.24553571428571427,0.0
69,0.6330935251798561,0.1510791366906475,0.0,0.2158273381294964
70,0.11594202898550725,0.6231884057971014,0.2608695652173913,0.0
71,0.06285714285714286,0.0,0.5257142857142857,0.4114285714285714
72,0.1958174904942966,0.23193916349809887,0.5722433460076045,0.0
73,0.4883720930232558,0.0,0.20155038759689922,0.31007751937984496
74,0.1652892561983471,0.6493506493506493,0.18536009445100354,0.0
75,0.7446457990115322,0.15485996705107083,0.0,0.10049423393739704
76,0.6074007220216606,0.3628158844765343,0.0,0.029783393501805054
77,0.1362559241706161,0.7417061611374408,0.12203791469194313,0.0
78,0.07052709725315516,0.1633259094283593,0.7661469933184856,0.0
79,0.0,0.22304199772985245,0.3564131668558456,0.42054483541430193
80,0.01875,0.0,0.15625,0.825
81,0.13066666666666665,0.6133333333333333,0.256,0.0
82,0.1104868913857678,0.0,0.06367041198501873,0.8258426966292135
83,0.458128078817734,0.0,0.04433497536945813,0.4975369458128079
84,0.0,0.3292134831460674,0.43258426966292135,0.23820224719101124
85,0.078125,0.65625,0.265625,0.0
86,0.22851153039832284,0.0,0.2389937106918239,0.5324947589098532
87,0.0,0.23917995444191345,0.6332574031890661,0.1275626423690205
88,0.661897191308956,0.2708002119766826,0.0,0.06730259671436142
89,0.13982521847690388,0.0,0.1348314606741573,0.7253433208489388
90,0.0,0.21707317073170732,0.6585365853658537,0.12439024390243902
91,0.5106109324758843,0.42443729903536975,0.0,0.06495176848874598
92,0.2835408022130014,0.5228215767634855,0.19363762102351315,0.0
93,0.7215799614643545,0.12042389210019268,0.0,0.1579961464354528
94,0.6383248730964467,0.2950507614213198,0.0,0.06662436548223351
95,0.432258064516129,0.4853046594982079,0.08243727598566308,0.0
96,0.2182061579651941,0.5247657295850067,0.2570281124497992,0.0
97,0.0,0.21196222455403987,0.05456453305351522,0.7334732423924449
98,0.01788617886178862,0.0,0.028455284552845527,0.9536585365853658
99,0.24705882352941178,0.4235294117647059,0.32941176470588235,0.0
100,0.0,0.14869390488948425,0.17950435365036838,0.6718017414601474
101,0.015105740181268883,0.0,0.12386706948640483,0.8610271903323263
102,0.11538461538461539,0.36538461538461536,0.5192307692307693,0.0
103,0.3333333333333333,0.11428571428571428,0.0,0.5523809523809524
104,0.013333333333333334,0.6266666666666667,0.0,0.36
105,0.8835978835978836,0.04056437389770723,0.0,0.07583774250440917
106,0.28435266084193805,0.6084193804606831,0.0,0.10722795869737888
107,0.0762987012987013,0.0,0.35714285714285715,0.5665584415584416
108,0.04838709677419355,0.43548387096774194,0.5161290322580645,0.0
109,0.1590909090909091,0.1590909090909091,0.0,0.6818181818181818
110,0.1016949152542373,0.6271186440677966,0.0,0.2711864406779661
111,0.0,0.1926605504587156,0.7308868501529052,0.0764525993883792
112,0.3424657534246575,0.3972602739726027,0.2602739726027397,0.0
113,0.07425742574257425,0.0,0.14356435643564355,0.7821782178217822
114,0.5409836065573771,0.0,0.3114754098360656,0.14754098360655737
115,0.3170731707317073,0.34146341463414637,0.0,0.34146341463414637
116,0.23122529644268774,0.6455862977602108,0.0,0.12318840579710146
117,0.375,0.0,0.19642857142857142,0.42857142857142855
118,0.0,0.3875,0.3375,0.275
119,0.8626609442060086,0.09012875536480687,0.0,0.04721030042918455
120,0.10971615720524018,0.0,0.15283842794759825,0.7374454148471615
121,0.25757575757575757,0.0,0.18181818181818182,0.5606060606060606
122,0.29464285714285715,0.0,0.35714285714285715,0.3482142857142857
123,0.3111111111111111,0.0,0.4444444444444444,0.24444444444444444
124,0.3114754098360656,0.0,0.16393442622950818,0.5245901639344263
125,0.0,0.7684108527131783,0.20348837209302326,0.02810077519379845
126,0.2872340425531915,0.4787234042553192,0.0,0.23404255319148937
127,0.7443609022556391,0.21804511278195488,0.0,0.03759398496240601
128,0.8272138228941684,0.12526997840172785,0.0,0.047516198704103674
129,0.0,0.5735735735735735,0.4144144144144144,0.012012012012012012
130,0.0,0.15324675324675324,0.7402597402597403,0.10649350649350649
131,0.36666666666666664,0.45,0.0,0.18333333333333332
132,0.5463917525773195,0.31958762886597936,0.0,0.13402061855670103
133,0.5569620253164557,0.4050632911392405,0.0,0.0379746835443038
134,0.5496786950074147,0.28769154720711815,0.0,0.16262975778546712
135,0.4368932038834951,0.0,0.06796116504854369,0.49514563106796117
136,0.013245033112582781,0.8211920529801324,0.16556291390728478,0.0
137,0.24599708879184862,0.6957787481804949,0.0,0.05822416302765648
138,0.03125,0.9375,0.0,0.03125
139,0.0,0.3411764705882353,0.5529411764705883,0.10588235294117647
140,0.9320512820512821,0.04358974358974359,0.0,0.02435897435897436
141,0.21052631578947367,0.3508771929824561,0.43859649122807015,0.0
142,0.6757990867579908,0.1506849315068493,0.0,0.1735159817351598
143,0.02030456852791878,0.6345177664974619,0.0,0.34517766497461927
144,0.0,0.5099009900990099,0.452970297029703,0.03712871287128713
145,0.2653061224489796,0.20408163265306123,0.5306122448979592,0.0
146,0.04905660377358491,0.8352201257861636,0.11572327044025157,0.0
147,0.21052631578947367,0.18421052631578946,0.0,0.6052631578947368
148,0.014911463187325256,0.9450139794967382,0.0,0.04007455731593663
149,0.48406615570794675,0.48124243646631704,0.0,0.03469140782573618
150,0.0,0.3518248175182482,0.31532846715328466,0.33284671532846716
151,0.5555041628122109,0.38575393154486587,0.0,0.05874190564292322
152,0.090625,0.8421875,0.0671875,0.0
153,0.0,0.13642052565707133,0.6871088861076345,0.17647058823529413
154,0.05234159779614325,0.3746556473829201,0.5730027548209367,0.0
155,0.14576033637000702,0.0,0.2859145059565522,0.5683251576734408
156,0.13909378292939936,0.7302423603793466,0.13066385669125394,0.0
157,0.0,0.30456852791878175,0.24147933284989123,0.45395213923132705
158,0.015527950310559006,0.7577639751552795,0.2267080745341615,0.0
159,0.21264367816091953,0.0,0.08908045977011494,0.6982758620689655
160,0.0,0.26294277929155313,0.47411444141689374,0.26294277929155313
161,0.125,0.6498815165876777,0.22511848341232227,0.0
162,0.0,0.20462762111352134,0.7541576283441793,0.04121475054229935
163,0.5164319248826291,0.41210224308815857,0.0,0.0714658320292123
164,0.3602015113350126,0.3778337531486146,0.2619647355163728,0.0
165,0.4644808743169399,0.25136612021857924,0.0,0.28415300546448086
166,0.5659509202453987,0.2684049079754601,0.0,0.1656441717791411
167,0.4981949458483754,0.32418772563176895,0.0,0.1776173285198556
168,0.0,0.3442211055276382,0.5460636515912898,0.10971524288107203
169,0.34789391575663026,0.5497659906396256,0.0,0.10234009360374414
170,0.2543006731488407,0.0,0.29394166043380704,0.45175766641735227
171,0.0,0.3442325158946412,0.4250681198910082,0.23069936421435058
172,0.2931258106355383,0.0,0.41893644617380027,0.28793774319066145
173,0.22053231939163498,0.0,0.34790874524714827,0.43155893536121676
174,0.3769309989701339,0.4572605561277034,0.16580844490216273,0.0
175,0.0,0.3179587831207066,0.06378802747791953,0.6182531894013739
176,0.06058158319870759,0.0,0.1074313408723748,0.8319870759289176
177,0.13157894736842105,0.6680161943319838,0.20040485829959515,0.0
178,0.0,0.4332191780821918,0.06164383561643835,0.5051369863013698
179,0.04398148148148148,0.0,0.023148148148148147,0.9328703703703703
180,0.0,0.7440191387559809,0.22248803827751196,0.03349282296650718
181,0.0,0.4098124098124098,0.5541125541125541,0.03607503607503607
182,0.034217877094972066,0.0,0.16829608938547486,0.797486033519553
183,0.09803921568627451,0.0,0.4387254901960784,0.4632352941176471
184,0.33495145631067963,0.0,0.1650485436893204,0.5
185,0.07561436672967864,0.7863894139886578,0.0,0.13799621928166353
186,0.18666666666666668,0.16266666666666665,0.6506666666666666,0.0
187,0.3442622950819672,0.0,0.3442622950819672,0.3114754098360656
188,0.1945392491467577,0.0,0.21160409556313994,0.5938566552901023
189,0.07258064516129033,0.0,0.5524193548387096,0.375
190,0.16546762589928057,0.19424460431654678,0.6402877697841727,0.0
191,0.2035225048923679,0.0,0.7123287671232876,0.08414872798434442
192,0.0,0.21951219512195122,0.697560975609756,0.08292682926829269
193,0.0,0.12623762376237624,0.7945544554455446,0.07920792079207921
194,0.3700980392156863,0.44607843137254904,0.0,0.18382352941176472
195,0.0,0.49132176234979974,0.49132176234979974,0.017356475300400534
196,0.6666666666666666,0.26429980276134124,0.0,0.06903353057199212
197,0.04401408450704225,0.7095070422535211,0.24647887323943662,0.0
198,0.19148936170212766,0.0,0.7340425531914894,0.07446808510638298
199,0.1717171717171717,0.6060606060606061,0.0,0.2222222222222222
200,0.0,0.3768996960486322,0.44832826747720367,0.17477203647416414
201,0.21560975609756097,0.7502439024390244,0.0,0.03414634146341464
202,0.01609657947686117,0.8792756539235412,0.10462776659959759,0.0
203,0.291196388261851,0.0,0.5327313769751693,0.17607223476297967
204,0.0,0.08311345646437995,0.39050131926121373,0.5263852242744064
205,0.12533333333333332,0.0,0.32666666666666666,0.548
206,0.267578125,0.0,0.51171875,0.220703125
207,0.0,0.6066597294484911,0.20915712799167535,0.1841831425598335
208,0.06451612903225806,0.4435483870967742,0.49193548387096775,0.0
209,0.0,0.15892330383480827,0.4085545722713864,0.4325221238938053
210,0.3406113537117904,0.07423580786026202,0.5851528384279476,0.0
211,0.10852713178294573,0.0,0.10852713178294573,0.7829457364341085
212,0.0,0.4506132989025178,0.22595222724338282,0.3234344738540994
213,0.5328767123287671,0.31267123287671234,0.0,0.15445205479452054
214,0.35877862595419846,0.405852417302799,0.23536895674300254,0.0
215,0.0,0.12389023405972559,0.6162227602905569,0.2598870056497175
216,0.46116504854368934,0.20388349514563106,0.0,0.33495145631067963
217,0.0,0.6486486486486487,0.24324324324324326,0.10810810810810811
218,0.16964285714285715,0.0,0.25892857142857145,0.5714285714285714
219,0.0,0.48963317384370014,0.3763955342902711,0.1339712918660287
220,0.20140515222482436,0.0,0.30679156908665106,0.4918032786885246
221,0.33547008547008544,0.49145299145299143,0.0,0.17307692307692307
222,0.12666666666666668,0.37666666666666665,0.49666666666666665,0.0
223,0.3409090909090909,0.0,0.25,0.4090909090909091
224,0.148014440433213,0.0,0.5938628158844765,0.2581227436823105
225,0.0,0.32362459546925565,0.6763754045307443,0.0
226,0.0,0.16762452107279693,0.7413793103448276,0.09099616858237548
227,0.2864693446088795,0.6342494714587738,0.0,0.07928118393234672
228,0.0,0.5555555555555556,0.3851851851851852,0.05925925925925926
229,0.0,0.30526315789473685,0.6157894736842106,0.07894736842105263
230,0.028326745718050064,0.0,0.1686429512516469,0.803030303030303
231,0.4482758620689655,0.0,0.49137931034482757,0.0603448275862069
232,0.0,0.3233404710920771,0.37687366167023556,0.29978586723768735
233,0.5117581187010078,0.3891377379619261,0.0,0.09910414333706608
234,0.4140625,0.3098958333333333,0.2760416666666667,0.0
235,0.4108527131782946,0.17054263565891473,0.4186046511627907,0.0
236,0.06420545746388442,0.0,0.3884430176565008,0.5473515248796148
237,0.21081081081081082,0.14054054054054055,0.6486486486486487,0.0
238,0.17562724014336917,0.0,0.035842293906810034,0.7885304659498208
239,0.1461794019933555,0.0,0.09302325581395349,0.760797342192691
240,0.03622250970245795,0.0,0.07891332470892626,0.8848641655886158
241,0.04938271604938271,0.16049382716049382,0.7901234567901234,0.0
242,0.5917874396135265,0.22705314009661837,0.0,0.18115942028985507
243,0.0,0.3975694444444444,0.4756944444444444,0.1267361111111111
244,0.0,0.09064469219583131,0.842462433349491,0.06689287445467765
245,0.4183092422251424,0.463425317564608,0.0,0.11826544021024968
246,0.11018957345971564,0.0,0.24407582938388625,0.6457345971563981
247,0.189873417721519,0.2911392405063291,0.5189873417721519,0.0
248,0.37677053824362605,0.34844192634560905,0.0,0.2747875354107649
249,0.0,0.3688811188811189,0.2867132867132867,0.34440559440559443
250,0.33092410944759937,0.6066081569437274,0.0,0.06246773360867321
251,0.06491416309012875,0.0,0.4248927038626609,0.5101931330472103
252,0.27717391304347827,0.09782608695652174,0.625,0.0
253,0.07729468599033816,0.0,0.028985507246376812,0.893719806763285
254,0.2907268170426065,0.46115288220551376,0.24812030075187969,0.0
255,0.35973597359735976,0.5033003300330033,0.0,0.13696369636963696
256,0.018957345971563982,0.7962085308056872,0.1848341232227488,0.0
257,0.09030837004405286,0.4251101321585903,0.0,0.4845814977973568
258,0.0,0.04950495049504951,0.5214521452145214,0.429042904290429
259,0.5114678899082569,0.0,0.37155963302752293,0.11697247706422019
260,0.07194244604316546,0.0,0.3273381294964029,0.6007194244604317
261,0.546875,0.25,0.0,0.203125
262,0.1807909604519774,0.0,0.05367231638418079,0.7655367231638418
263,0.19444444444444445,0.0,0.28703703703703703,0.5185185185185185
264,0.6894273127753304,0.05066079295154185,0.0,0.2599118942731278
265,0.6222222222222222,0.0,0.2777777777777778,0.1
266,0.0,0.08455565142364108,0.7126833477135461,0.20276100086281276
267,0.32142857142857145,0.07142857142857142,0.0,0.6071428571428571
268,0.0,0.21739130434782608,0.6086956521739131,0.17391304347826086
269,0.024630541871921183,0.0,0.06403940886699508,0.9113300492610837
270,0.0,0.02040816326530612,0.25510204081632654,0.7244897959183674
271,0.18032786885245902,0.0,0.16393442622950818,0.6557377049180327
272,0.28870292887029286,0.5313807531380753,0.0,0.1799163179916318
273,0.10204081632653061,0.02040816326530612,0.0,0.8775510204081632
274,0.02564102564102564,0.0,0.9370629370629371,0.037296037296037296
275,0.07580645161290323,0.0,0.07258064516129033,0.8516129032258064
276,0.6161482461945731,0.2627399073461284,0.0,0.12111184645929848
277,0.1902439024390244,0.6634146341463415,0.14634146341463414,0.0
278,0.28582221102996724,0.4323847897255099,0.0,0.2817929992445228
279,0.16666666666666666,0.03333333333333333,0.8,0.0
280,0.0,0.0,0.1038961038961039,0.8961038961038961
281,0.008333333333333333,0.925,0.06666666666666667,0.0
282,0.058823529411764705,0.6617647058823529,0.27941176470588236,0.0
283,0.0,0.03521779425393883,0.022242817423540315,0.9425393883225208
284,0.007124352331606218,0.0,0.0045336787564766836,0.9883419689119171
285,0.13513513513513514,0.22522522522522523,0.6396396396396397,0.0
286,0.375,0.0875,0.0,0.5375
287,0.0,0.5210084033613446,0.4789915966386555,0.0
288,0.7948717948717948,0.022792022792022793,0.0,0.18233618233618235
289,0.09598603839441536,0.0,0.19546247818499127,0.7085514834205934
290,0.3672316384180791,0.3220338983050847,0.0,0.3107344632768362
291,0.0,0.6259842519685039,0.37401574803149606,0.0
292,0.6153846153846154,0.1794871794871795,0.0,0.20512820512820512
293,0.0,0.21818181818181817,0.6909090909090909,0.09090909090909091
294,0.17159763313609466,0.23668639053254437,0.591715976331361,0.0
295,0.33962264150943394,0.0,0.4716981132075472,0.18867924528301888
296,0.6764705882352942,0.17647058823529413,0.14705882352941177,0.0
297,0.15384615384615385,0.0,0.6153846153846154,0.23076923076923078
298,0.041666666666666664,0.16666666666666666,0.0,0.7916666666666666
299,0.4444444444444444,0.0,0.2222222222222222,0.3333333333333333
300,0.0,0.75,0.25,0.0
301,0.0,0.0,0.6,0.4
302,0.0,0.0,1.0,0.0
303,0.25,0.75,0.0,0.0
304,0.0,0.6666666666666666,0.3333333333333333,0.0
305,,,,
306,0.0,0.36363636363636365,0.0,0.6363636363636364
307,,,,
308,,,,
309,,,,
310,,,,
311,,,,
312,,,,
313,,,,
