,A,C,G,T
0,,,,
1,,,,
2,0.8063492063492064,0.05714285714285714,0.0,0.1365079365079365
3,0.32167832167832167,0.4755244755244755,0.0,0.20279720279720279
4,0.30407523510971785,0.5141065830721003,0.18181818181818182,0.0
5,0.32903225806451614,0.0,0.0,0.6709677419354839
6,0.49193548387096775,0.0,0.3467741935483871,0.16129032258064516
7,0.0,0.3176470588235294,0.4647058823529412,0.21764705882352942
8,0.5111561866125761,0.40892494929006085,0.0,0.07991886409736308
9,0.0646135265700483,0.0,0.10748792270531402,0.8278985507246377
10,0.13131313131313133,0.7272727272727273,0.1414141414141414,0.0
11,0.6202898550724638,0.09565217391304348,0.0,0.28405797101449276
12,0.492436974789916,0.42857142857142855,0.0,0.07899159663865546
13,0.5818181818181818,0.3927272727272727,0.025454545454545455,0.0
14,0.5355704697986577,0.17852348993288591,0.0,0.2859060402684564
15,0.29310344827586204,0.0,0.1206896551724138,0.5862068965517241
16,0.0,0.5408163265306123,0.14285714285714285,0.3163265306122449
17,0.8195876288659794,0.1013745704467354,0.0,0.07903780068728522
18,0.112,0.472,0.416,0.0
19,0.36231884057971014,0.0,0.2463768115942029,0.391304347826087
20,0.24765478424015008,0.50093808630394,0.25140712945590993,0.0
21,0.29292929292929293,0.1919191919191919,0.0,0.5151515151515151
22,0.38064516129032255,0.3580645161290323,0.0,0.26129032258064516
23,0.4790697674418605,0.15348837209302327,0.0,0.3674418604651163
24,0.46785225718194257,0.34678522571819426,0.0,0.1853625170998632
25,0.32195121951219513,0.0,0.4195121951219512,0.25853658536585367
26,0.3022670025188917,0.2972292191435768,0.4005037783375315,0.0
27,0.14210526315789473,0.45263157894736844,0.0,0.4052631578947368
28,0.0,0.5649038461538461,0.21394230769230768,0.22115384615384615
29,0.7278368794326241,0.15602836879432624,0.0,0.11613475177304965
30,0.5490430622009569,0.2021531100478469,0.0,0.24880382775119617
31,0.15760869565217392,0.5815217391304348,0.2608695652173913,0.0
32,0.441233140655106,0.19460500963391136,0.0,0.36416184971098264
33,0.0,0.5063694267515924,0.4299363057324841,0.06369426751592357
34,0.0,0.1111111111111111,0.797979797979798,0.09090909090909091
35,0.5472636815920398,0.13432835820895522,0.0,0.31840796019900497
36,0.0,0.41455160744500846,0.5346869712351946,0.050761421319796954
37,0.0,0.2122854561878952,0.7082204155374887,0.07949412827461608
38,0.4339622641509434,0.43739279588336194,0.0,0.12864493996569468
39,0.2631578947368421,0.0,0.14127423822714683,0.5955678670360111
40,0.39,0.0,0.21,0.4
41,0.16023738872403562,0.29376854599406527,0.5459940652818991,0.0
42,0.25396825396825395,0.19047619047619047,0.0,0.5555555555555556
43,0.40476190476190477,0.21428571428571427,0.0,0.38095238095238093
44,0.43137254901960786,0.21176470588235294,0.0,0.3568627450980392
45,0.27734375,0.1328125,0.58984375,0.0
46,0.3783783783783784,0.0,0.20270270270270271,0.4189189189189189
47,0.05744888023369036,0.0,0.4644595910418695,0.4780915287244401
48,0.20526315789473684,0.23684210526315788,0.5578947368421052,0.0
49,0.49206349206349204,0.0,0.1111111111111111,0.3968253968253968
50,0.657496561210454,0.2544704264099037,0.0,0.08803301237964237
51,0.45118733509234826,0.2928759894459103,0.0,0.2559366754617414
52,0.04424778761061947,0.7787610619469026,0.17699115044247787,0.0
53,0.44364508393285373,0.2038369304556355,0.0,0.35251798561151076
54,0.0,0.78,0.125,0.095
55,0.0,0.2678270634475014,0.6765861875350927,0.05558674901740595
56,0.6942355889724311,0.19298245614035087,0.0,0.11278195488721804
57,0.4496753246753247,0.387987012987013,0.0,0.16233766233766234
58,0.2037037037037037,0.48148148148148145,0.3148148148148148,0.0
59,0.1760797342192691,0.0,0.3654485049833887,0.4584717607973422
60,0.058823529411764705,0.4411764705882353,0.5,0.0
61,0.3508771929824561,0.0,0.14035087719298245,0.5087719298245614
62,0.3051181102362205,0.0,0.265748031496063,0.42913385826771655
63,0.18518518518518517,0.37037037037037035,0.4444444444444444,0.0
64,0.14666666666666667,0.14666666666666667,0.0,0.7066666666666667
65,0.02169421487603306,0.0,0.009297520661157025,0.96900826446281
66,0.0,0.5597765363128492,0.4011173184357542,0.03910614525139665
67,0.0,0.3218045112781955,0.5511278195488721,0.12706766917293233
68,0.6752136752136753,0.12393162393162394,0.0,0.20085470085470086
69,0.6357845975680371,0.11522872032426172,0.0,0.24898668210770122
70,0.18253968253968253,0.0,0.164021164021164,0.6534391534391535
71,0.06566104702750665,0.85226264418811,0.08207630878438332,0.0
72,0.15543071161048688,0.4232209737827715,0.42134831460674155,0.0
73,0.36330935251798563,0.0,0.02877697841726619,0.6079136690647482
74,0.204574332909784,0.5235069885641678,0.2719186785260483,0.0
75,0.6274509803921569,0.09019607843137255,0.0,0.2823529411764706
76,0.3181818181818182,0.5026737967914439,0.0,0.17914438502673796
77,0.0,0.33773087071240104,0.5316622691292876,0.13060686015831136
78,0.4574712643678161,0.2620689655172414,0.0,0.28045977011494255
79,0.7684973302822273,0.09649122807017543,0.0,0.13501144164759726
80,0.31592039800995025,0.0,0.31592039800995025,0.3681592039800995
81,0.0,0.2693905817174515,0.26246537396121883,0.46814404432132967
82,0.2593068035943517,0.0,0.3998716302952503,0.34082156611039793
83,0.19489981785063754,0.0,0.3570127504553734,0.44808743169398907
84,0.14193548387096774,0.6870967741935484,0.17096774193548386,0.0
85,0.07533234859675036,0.8596750369276218,0.06499261447562776,0.0
86,0.30740037950664134,0.0,0.23529411764705882,0.4573055028462998
87,0.0,0.20033670033670034,0.6666666666666666,0.132996632996633
88,0.5879640863867993,0.3164280514438243,0.0,0.09560786216937636
89,0.2529776083849452,0.0,0.17818008575512148,0.5688423058599333
90,0.0,0.19785138764547897,0.6042972247090421,0.19785138764547897
91,0.6018486819582335,0.31205066757959604,0.0,0.08610065046217048
92,0.1284802043422733,0.0,0.15938697318007664,0.7121328224776501
93,0.29684711481261156,0.45746579417013683,0.24568709101725164,0.0
94,0.0,0.38802889576883387,0.05779153766769866,0.5541795665634675
95,0.15497076023391812,0.7641325536062378,0.08089668615984405,0.0
96,0.3212025316455696,0.24736286919831224,0.0,0.43143459915611815
97,0.1425793907971484,0.0,0.6458198314970836,0.211600777705768
98,0.34953940634595704,0.4744114636642784,0.17604912998976457,0.0
99,0.0,0.1618594231307757,0.34864183702044244,0.48949873984878184
100,0.09154929577464789,0.676056338028169,0.2323943661971831,0.0
101,0.17647058823529413,0.0,0.1948529411764706,0.6286764705882353
102,0.0,0.33458646616541354,0.33458646616541354,0.3308270676691729
103,0.6216847018883938,0.3411839592616168,0.0,0.03713133884998939
104,0.04381846635367762,0.0,0.03495044340114763,0.9212310902451748
105,0.07407407407407407,0.35185185185185186,0.5740740740740741,0.0
106,0.12727272727272726,0.16363636363636364,0.0,0.7090909090909091
107,0.17777777777777778,0.2222222222222222,0.0,0.6
108,0.2803970223325062,0.532258064516129,0.0,0.18734491315136476
109,0.09401709401709402,0.47863247863247865,0.42735042735042733,0.0
110,0.48354792560801146,0.16022889842632332,0.0,0.3562231759656652
111,0.5607476635514018,0.0,0.19626168224299065,0.24299065420560748
112,0.34,0.2,0.0,0.46
113,0.0,0.4016489988221437,0.4752650176678445,0.12308598351001178
114,0.6551724137931034,0.0,0.1724137931034483,0.1724137931034483
115,0.0,0.2507204610951009,0.21902017291066284,0.5302593659942363
116,0.5458715596330275,0.3440366972477064,0.0,0.11009174311926606
117,0.6612021857923497,0.12568306010928962,0.0,0.21311475409836064
118,0.06804733727810651,0.0,0.2603550295857988,0.6715976331360947
119,0.48322147651006714,0.0,0.2214765100671141,0.2953020134228188
120,0.2755905511811024,0.0,0.23622047244094488,0.4881889763779528
121,0.3925233644859813,0.0,0.5233644859813084,0.08411214953271028
122,0.21285140562248997,0.4899598393574297,0.2971887550200803,0.0
123,0.5428571428571428,0.2571428571428571,0.0,0.2
124,0.3217391304347826,0.46956521739130436,0.0,0.20869565217391303
125,0.0,0.26606875934230195,0.6098654708520179,0.12406576980568013
126,0.3527272727272727,0.0,0.6290909090909091,0.01818181818181818
127,0.0,0.08547008547008547,0.5811965811965812,0.3333333333333333
128,0.0,0.12298776561493883,0.7417900837089504,0.13522215067611076
129,0.4594594594594595,0.42162162162162165,0.0,0.11891891891891893
130,0.0975609756097561,0.6747967479674797,0.0,0.22764227642276422
131,0.552876334826042,0.3196693076128143,0.0,0.12745435756114365
132,0.182648401826484,0.0,0.0228310502283105,0.7945205479452054
133,0.015479876160990712,0.9442724458204335,0.04024767801857585,0.0
134,0.21273031825795644,0.37185929648241206,0.4154103852596315,0.0
135,0.12333333333333334,0.82,0.0,0.056666666666666664
136,0.0,0.48936170212765956,0.3617021276595745,0.14893617021276595
137,0.8095781071835804,0.12542759407069556,0.0,0.06499429874572406
138,0.028169014084507043,0.5070422535211268,0.4647887323943662,0.0
139,0.4262295081967213,0.05737704918032787,0.0,0.5163934426229508
140,0.029787234042553193,0.6680851063829787,0.0,0.3021276595744681
141,0.0,0.27850038255547055,0.5929609793420046,0.12853863810252486
142,0.1267605633802817,0.16901408450704225,0.704225352112676,0.0
143,0.5709342560553633,0.13494809688581316,0.0,0.29411764705882354
144,0.32989690721649484,0.20618556701030927,0.0,0.4639175257731959
145,0.14534883720930233,0.6656976744186046,0.0,0.18895348837209303
146,0.0,0.36594663278271916,0.5667090216010165,0.06734434561626429
147,0.0,0.29849726775956287,0.639344262295082,0.06215846994535519
148,0.6135662898252826,0.18910585817060638,0.0,0.197327852004111
149,0.6157760814249363,0.21374045801526717,0.0,0.17048346055979643
150,0.0,0.1917808219178082,0.6122692078618225,0.19594997022036928
151,0.17391304347826086,0.4260869565217391,0.4,0.0
152,0.3060240963855422,0.0,0.1686746987951807,0.5253012048192771
153,0.0,0.2890792291220557,0.576017130620985,0.1349036402569593
154,0.2060555088309504,0.4726661059714045,0.32127838519764507,0.0
155,0.2044392523364486,0.0,0.2570093457943925,0.5385514018691588
156,0.5636942675159236,0.0,0.2484076433121019,0.18789808917197454
157,0.22474747474747475,0.0,0.12878787878787878,0.6464646464646465
158,0.2439347154830172,0.5597706219673577,0.19629466254962505,0.0
159,0.0,0.26505390481199054,0.5351038653694452,0.19984222981856428
160,0.20103822557810289,0.4789995280792827,0.31996224634261444,0.0
161,0.1968110423607806,0.0,0.3443598286530224,0.45882912898619704
162,0.21766381766381768,0.0,0.4461538461538462,0.33618233618233617
163,0.3611111111111111,0.35347222222222224,0.28541666666666665,0.0
164,0.20548780487804877,0.42134146341463413,0.37317073170731707,0.0
165,0.5310279488394126,0.4107058266224538,0.0,0.058266224538133585
166,0.7771580989330746,0.19325897187196897,0.0,0.029582929194956354
167,0.34710485133020347,0.4453834115805947,0.20751173708920187,0.0
168,0.0,0.15125298329355608,0.565035799522673,0.2837112171837709
169,0.30003658982802783,0.4478594950603732,0.25210391511159896,0.0
170,0.0,0.2535251798561151,0.45928057553956836,0.28719424460431653
171,0.6476969292389854,0.2219626168224299,0.0,0.1303404539385848
172,0.194238683127572,0.0,0.1860082304526749,0.6197530864197531
173,0.0,0.25011865211200757,0.49549121974371146,0.25439012814428097
174,0.0,0.26839659178931063,0.5902401239349342,0.14136328427575523
175,0.0,0.40558510638297873,0.2845744680851064,0.3098404255319149
176,0.20480504135486413,0.0,0.2607325718786924,0.5344623867664435
177,0.3453781512605042,0.35042016806722687,0.3042016806722689,0.0
178,0.0,0.4444444444444444,0.08196721311475409,0.47358834244080145
179,0.04269972451790634,0.0,0.06336088154269973,0.8939393939393939
180,0.4530095036958817,0.22069693769799367,0.0,0.3262935586061246
181,0.34734734734734735,0.0,0.33433433433433435,0.3183183183183183
182,0.0,0.246218487394958,0.46554621848739497,0.28823529411764703
183,0.26899383983572894,0.0,0.6930184804928131,0.037987679671457907
184,0.0,0.514018691588785,0.40402588066139467,0.08195542774982027
185,0.3786008230452675,0.30864197530864196,0.0,0.31275720164609055
186,0.0,0.3603707995365006,0.6037079953650057,0.03592120509849363
187,0.0,0.18752997601918464,0.7477218225419664,0.06474820143884892
188,0.5194057004244997,0.3553668890236507,0.0,0.1252274105518496
189,0.14898989898989898,0.3484848484848485,0.5025252525252525,0.0
190,0.3142857142857143,0.14476190476190476,0.540952380952381,0.0
191,0.07525823905558288,0.0,0.17265125430398426,0.7520905066404329
192,0.5210191082802548,0.0,0.4445859872611465,0.034394904458598725
193,0.0,0.06744868035190615,0.7023460410557185,0.23020527859237536
194,0.3948087431693989,0.4918032786885246,0.0,0.1133879781420765
195,0.496551724137931,0.15862068965517243,0.0,0.3448275862068966
196,0.8246325392802838,0.13634059807399898,0.0,0.039026862645717184
197,0.3872113676731794,0.0,0.2539964476021314,0.35879218472468916
198,0.0,0.7436823104693141,0.22743682310469315,0.02888086642599278
199,0.6270096463022508,0.22186495176848875,0.0,0.15112540192926044
200,0.0,0.14285714285714285,0.7774086378737541,0.07973421926910298
201,0.27767857142857144,0.6352678571428572,0.0,0.08705357142857142
202,0.09022556390977443,0.531328320802005,0.37844611528822053,0.0
203,0.4764705882352941,0.0,0.2867647058823529,0.23676470588235293
204,0.0,0.039149888143176735,0.47651006711409394,0.4843400447427293
205,0.3403361344537815,0.0,0.3081232492997199,0.35154061624649857
206,0.35311827956989245,0.504731182795699,0.0,0.1421505376344086
207,0.0,0.4428985507246377,0.09507246376811594,0.46202898550724636
208,0.14285714285714285,0.19480519480519481,0.6623376623376623,0.0
209,0.26418786692759294,0.4767123287671233,0.25909980430528373,0.0
210,0.0,0.08147321428571429,0.296875,0.6216517857142857
211,0.17647058823529413,0.0,0.49726402188782487,0.326265389876881
212,0.1008130081300813,0.0,0.34796747967479674,0.551219512195122
213,0.6021505376344086,0.06093189964157706,0.0,0.33691756272401435
214,0.2072072072072072,0.0,0.17342342342342343,0.6193693693693694
215,0.4162062615101289,0.24861878453038674,0.0,0.3351749539594843
216,0.5534441805225653,0.31116389548693585,0.0,0.13539192399049882
217,0.0,0.3333333333333333,0.4107142857142857,0.25595238095238093
218,0.5546875,0.0,0.16145833333333334,0.2838541666666667
219,0.0,0.14285714285714285,0.8151260504201681,0.04201680672268908
220,0.0,0.49884830536360647,0.38664034221783483,0.11451135241855874
221,0.0,0.11909410386567747,0.7528309254197579,0.1280749707145646
222,0.18657937806873978,0.20867430441898527,0.6047463175122749,0.0
223,0.22508398656215006,0.0,0.1366181410974244,0.6382978723404256
224,0.2188006482982172,0.0,0.29497568881685576,0.4862236628849271
225,0.0,0.08690176322418136,0.5340050377833753,0.3790931989924433
226,0.18181818181818182,0.0,0.5324675324675324,0.2857142857142857
227,0.3496993987975952,0.4759519038076152,0.0,0.1743486973947896
228,0.0,0.07930258717660292,0.7154105736782902,0.20528683914510687
229,0.4918032786885246,0.4486626402070751,0.0,0.059534081104400345
230,0.17082721488007832,0.0,0.21585903083700442,0.6133137542829172
231,0.0,0.12933025404157045,0.6212471131639723,0.24942263279445728
232,0.164079822616408,0.0,0.12638580931263857,0.7095343680709535
233,0.0,0.15294804436660828,0.5446584938704028,0.3023934617629889
234,0.5762538382804504,0.06448311156601842,0.0,0.3592630501535312
235,0.02705314009661836,0.0,0.0821256038647343,0.8908212560386474
236,0.13882063882063883,0.0,0.4705159705159705,0.3906633906633907
237,0.13532513181019332,0.616871704745167,0.2478031634446397,0.0
238,0.0,0.28683914510686165,0.03937007874015748,0.6737907761529809
239,0.06846153846153846,0.0,0.055384615384615386,0.8761538461538462
240,0.0,0.35739313244569026,0.10301331464611072,0.539593552908199
241,0.12878787878787878,0.14393939393939395,0.7272727272727273,0.0
242,0.42738589211618255,0.24896265560165975,0.0,0.3236514522821577
243,0.2788104089219331,0.5557620817843866,0.0,0.1654275092936803
244,0.0,0.3346938775510204,0.4020408163265306,0.26326530612244897
245,0.689437984496124,0.2507267441860465,0.0,0.05983527131782946
246,0.1910569105691057,0.0,0.18699186991869918,0.6219512195121951
247,0.10526315789473684,0.10526315789473684,0.7894736842105263,0.0
248,0.2353870458135861,0.43285939968404424,0.0,0.33175355450236965
249,0.0,0.4088397790055249,0.505524861878453,0.0856353591160221
250,0.4471065241430151,0.4968669369701438,0.0,0.056026538886841136
251,0.25979557069846676,0.0,0.28662691652470185,0.45357751277683134
252,0.0,0.11416184971098266,0.8504335260115607,0.03540462427745665
253,0.7476313522825151,0.20930232558139536,0.0,0.04306632213608958
254,0.180793991416309,0.0,0.1834763948497854,0.6357296137339056
255,0.18157181571815717,0.0,0.2032520325203252,0.6151761517615176
256,0.112,0.272,0.616,0.0
257,0.32330246913580246,0.5625,0.0,0.11419753086419752
258,0.0,0.5341463414634147,0.4329268292682927,0.032926829268292684
259,0.23848544786662898,0.698219836111896,0.0,0.06329471602147499
260,0.0,0.24904214559386972,0.6388888888888888,0.11206896551724138
261,0.1181640625,0.5888671875,0.29296875,0.0
262,0.2950680272108844,0.0,0.0467687074829932,0.6581632653061225
263,0.23694267515923567,0.5095541401273885,0.2535031847133758,0.0
264,0.2491103202846975,0.6370106761565836,0.0,0.11387900355871886
265,0.0,0.4510250569476082,0.48291571753986334,0.06605922551252848
266,0.3607112616426757,0.5656223539373413,0.0,0.07366638441998306
267,0.4606741573033708,0.14606741573033707,0.0,0.39325842696629215
268,0.0,0.41509433962264153,0.49056603773584906,0.09433962264150944
269,0.35802469135802467,0.0,0.102880658436214,0.5390946502057613
270,0.0,0.0410958904109589,0.3767123287671233,0.5821917808219178
271,0.46511627906976744,0.0,0.26744186046511625,0.26744186046511625
272,0.5606936416184971,0.28901734104046245,0.0,0.15028901734104047
273,0.37142857142857144,0.05714285714285714,0.0,0.5714285714285714
274,0.10743801652892562,0.0,0.8429752066115702,0.049586776859504134
275,0.2838983050847458,0.0,0.3220338983050847,0.3940677966101695
276,0.6719424460431654,0.20028776978417268,0.0,0.12776978417266188
277,0.22506393861892582,0.6086956521739131,0.16624040920716113,0.0
278,0.28707280832095095,0.4309063893016345,0.0,0.28202080237741456
279,0.5285714285714286,0.05714285714285714,0.4142857142857143,0.0
280,0.0,0.022670025188916875,0.04785894206549118,0.929471032745592
281,0.006595218466611707,0.9274525968672712,0.06595218466611706,0.0
282,0.07216494845360824,0.32989690721649484,0.5979381443298969,0.0
283,0.0,0.012315270935960592,0.021182266009852218,0.9665024630541872
284,0.015919564306661083,0.0,0.010054461667364893,0.974025974025974
285,0.1417624521072797,0.13409961685823754,0.7241379310344828,0.0
286,0.32748538011695905,0.15204678362573099,0.0,0.52046783625731
287,0.0012285012285012285,0.6818181818181818,0.31695331695331697,0.0
288,0.6444444444444445,0.027160493827160494,0.0,0.32839506172839505
289,0.1967741935483871,0.0,0.1870967741935484,0.6161290322580645
290,0.4268867924528302,0.2641509433962264,0.0,0.3089622641509434
291,0.0,0.5863267670915412,0.3847045191193511,0.028968713789107765
292,0.4501940491591203,0.4592496765847348,0.0,0.09055627425614489
293,0.0,0.20607375271149675,0.6746203904555315,0.1193058568329718
294,0.583756345177665,0.233502538071066,0.0,0.18274111675126903
295,0.0,0.16037735849056603,0.660377358490566,0.1792452830188679
296,0.21897810218978103,0.5693430656934306,0.2116788321167883,0.0
297,0.1497326203208556,0.0,0.45454545454545453,0.39572192513368987
298,0.36923076923076925,0.4461538461538462,0.18461538461538463,0.0
299,0.14285714285714285,0.0,0.11904761904761904,0.7380952380952381
300,0.2857142857142857,0.6666666666666666,0.047619047619047616,0.0
301,0.35294117647058826,0.0,0.5294117647058824,0.11764705882352941
302,0.5714285714285714,0.42857142857142855,0.0,0.0
303,0.2857142857142857,0.0,0.2857142857142857,0.42857142857142855
304,0.0,0.0,1.0,0.0
305,0.0,0.0,0.25,0.75
306,0.0,0.0,0.0,1.0
307,,,,
308,,,,
309,0.0,0.0,0.0,1.0
310,0.0,0.0,0.5,0.5
311,,,,
312,,,,
313,,,,
314,,,,
315,,,,
