,A,C,G,T
0,,,,
1,,,,
2,0.4426229508196721,0.4918032786885246,0.0,0.06557377049180328
3,0.8292682926829268,0.0975609756097561,0.0,0.07317073170731707
4,0.5176470588235295,0.36470588235294116,0.11764705882352941,0.0
5,0.3877551020408163,0.2653061224489796,0.0,0.3469387755102041
6,0.32653061224489793,0.0,0.5306122448979592,0.14285714285714285
7,0.0,0.14285714285714285,0.42857142857142855,0.42857142857142855
8,0.7539149888143176,0.17225950782997762,0.0,0.0738255033557047
9,0.048701298701298704,0.0,0.1038961038961039,0.8474025974025974
10,0.25,0.25,0.5,0.0
11,0.6666666666666666,0.15151515151515152,0.0,0.18181818181818182
12,0.38461538461538464,0.18461538461538463,0.0,0.4307692307692308
13,0.7428571428571429,0.17142857142857143,0.08571428571428572,0.0
14,0.2,0.26666666666666666,0.0,0.5333333333333333
15,0.036585365853658534,0.8902439024390244,0.0,0.07317073170731707
16,0.0,0.5853658536585366,0.12195121951219512,0.2926829268292683
17,0.7829457364341085,0.16279069767441862,0.0,0.05426356589147287
18,0.09523809523809523,0.14285714285714285,0.7619047619047619,0.0
19,0.058823529411764705,0.0,0.0,0.9411764705882353
20,0.028985507246376812,0.3188405797101449,0.6521739130434783,0.0
21,0.14285714285714285,0.0,0.0,0.8571428571428571
22,0.15,0.15,0.0,0.7
23,0.5,0.08823529411764706,0.0,0.4117647058823529
24,0.15384615384615385,0.07692307692307693,0.0,0.7692307692307693
25,0.18181818181818182,0.09090909090909091,0.0,0.7272727272727273
26,0.0,0.6590909090909091,0.3181818181818182,0.022727272727272728
27,0.6785714285714286,0.25,0.0,0.07142857142857142
28,0.6298076923076923,0.2980769230769231,0.0,0.07211538461538461
29,0.22950819672131148,0.0,0.19672131147540983,0.5737704918032787
30,0.05,0.71,0.24,0.0
31,0.0967741935483871,0.5806451612903226,0.3225806451612903,0.0
32,0.40816326530612246,0.2653061224489796,0.0,0.32653061224489793
33,0.42857142857142855,0.14285714285714285,0.0,0.42857142857142855
34,0.05555555555555555,0.7777777777777778,0.16666666666666666,0.0
35,0.6610169491525424,0.0,0.1016949152542373,0.23728813559322035
36,0.40540540540540543,0.0,0.24324324324324326,0.35135135135135137
37,0.0,0.24324324324324326,0.7027027027027027,0.05405405405405406
38,0.6909090909090909,0.21818181818181817,0.0,0.09090909090909091
39,0.37142857142857144,0.0,0.3142857142857143,0.3142857142857143
40,0.125,0.0,0.78125,0.09375
41,0.01125703564727955,0.02626641651031895,0.9624765478424016,0.0
42,0.25,0.125,0.0,0.625
43,0.45454545454545453,0.09090909090909091,0.0,0.45454545454545453
44,0.6607142857142857,0.125,0.0,0.21428571428571427
45,0.6170212765957447,0.0851063829787234,0.0,0.2978723404255319
46,0.9195402298850575,0.011494252873563218,0.0,0.06896551724137931
47,0.6956521739130435,0.0,0.0,0.30434782608695654
48,0.0,0.23076923076923078,0.7692307692307693,0.0
49,0.16666666666666666,0.0,0.3333333333333333,0.5
50,0.2982456140350877,0.0,0.24561403508771928,0.45614035087719296
51,0.08108108108108109,0.0,0.2702702702702703,0.6486486486486487
52,0.0,0.2222222222222222,0.7777777777777778,0.0
53,0.5125,0.35,0.0,0.1375
54,0.0,0.5535714285714286,0.4107142857142857,0.03571428571428571
55,0.3333333333333333,0.5294117647058824,0.0,0.13725490196078433
56,0.0,0.4418604651162791,0.18604651162790697,0.37209302325581395
57,0.42105263157894735,0.0,0.47368421052631576,0.10526315789473684
58,0.10526315789473684,0.5263157894736842,0.3684210526315789,0.0
59,0.20588235294117646,0.0,0.4117647058823529,0.38235294117647056
60,0.3979591836734694,0.2653061224489796,0.336734693877551,0.0
61,0.5,0.0,0.16666666666666666,0.3333333333333333
62,0.42857142857142855,0.0,0.07936507936507936,0.49206349206349204
63,0.05555555555555555,0.16666666666666666,0.7777777777777778,0.0
64,0.14285714285714285,0.2857142857142857,0.0,0.5714285714285714
65,0.03571428571428571,0.6964285714285714,0.26785714285714285,0.0
66,0.5512820512820513,0.04487179487179487,0.0,0.40384615384615385
67,0.24031007751937986,0.0,0.031007751937984496,0.7286821705426356
68,0.0,0.2196969696969697,0.6060606060606061,0.17424242424242425
69,0.8545454545454545,0.10909090909090909,0.0,0.03636363636363636
70,0.16233766233766234,0.0,0.3116883116883117,0.525974025974026
71,0.1791044776119403,0.0,0.6119402985074627,0.208955223880597
72,0.08333333333333333,0.2777777777777778,0.6388888888888888,0.0
73,0.0,0.0,0.18181818181818182,0.8181818181818182
74,0.23387096774193547,0.49193548387096775,0.27419354838709675,0.0
75,0.631578947368421,0.05263157894736842,0.0,0.3157894736842105
76,0.7313432835820896,0.11940298507462686,0.0,0.14925373134328357
77,0.0,0.4752475247524752,0.3465346534653465,0.1782178217821782
78,0.4117647058823529,0.37254901960784315,0.21568627450980393,0.0
79,0.3611111111111111,0.3333333333333333,0.3055555555555556,0.0
80,0.11428571428571428,0.0,0.08571428571428572,0.8
81,0.0,0.3624454148471616,0.34497816593886466,0.2925764192139738
82,0.14726840855106887,0.0,0.30641330166270786,0.5463182897862233
83,0.08641975308641975,0.0,0.2551440329218107,0.6584362139917695
84,0.1896551724137931,0.49137931034482757,0.31896551724137934,0.0
85,0.14814814814814814,0.5925925925925926,0.25925925925925924,0.0
86,0.1346153846153846,0.0,0.125,0.7403846153846154
87,0.0,0.3402777777777778,0.5347222222222222,0.125
88,0.4801587301587302,0.36507936507936506,0.0,0.15476190476190477
89,0.14210526315789473,0.6421052631578947,0.21578947368421053,0.0
90,0.0,0.2011605415860735,0.5841392649903289,0.21470019342359767
91,0.5433467741935484,0.38205645161290325,0.0,0.07459677419354839
92,0.14285714285714285,0.0,0.08806262230919765,0.7690802348336595
93,0.1875,0.73046875,0.08203125,0.0
94,0.0,0.24497991967871485,0.04417670682730924,0.7108433734939759
95,0.10218978102189781,0.781021897810219,0.11678832116788321,0.0
96,0.4012096774193548,0.18548387096774194,0.0,0.41330645161290325
97,0.1906005221932115,0.0,0.4255874673629243,0.3838120104438642
98,0.34285714285714286,0.5296703296703297,0.12747252747252746,0.0
99,0.0,0.4411764705882353,0.052941176470588235,0.5058823529411764
100,0.041666666666666664,0.75,0.20833333333333334,0.0
101,0.36942675159235666,0.4012738853503185,0.0,0.22929936305732485
102,0.28125,0.0,0.09375,0.625
103,0.0,0.33620689655172414,0.33620689655172414,0.3275862068965517
104,0.08571428571428572,0.0,0.30714285714285716,0.6071428571428571
105,0.0,0.5555555555555556,0.4444444444444444,0.0
106,0.0,0.1,0.0,0.9
107,0.3,0.0,0.0,0.7
108,0.6376811594202898,0.13043478260869565,0.0,0.2318840579710145
109,0.034482758620689655,0.896551724137931,0.06896551724137931,0.0
110,0.1282051282051282,0.0,0.07692307692307693,0.7948717948717948
111,0.3,0.0,0.4,0.3
112,0.625,0.125,0.0,0.25
113,0.3076923076923077,0.0,0.3076923076923077,0.38461538461538464
114,0.7058823529411765,0.0,0.17647058823529413,0.11764705882352941
115,0.0,0.06521739130434782,0.5,0.43478260869565216
116,0.75,0.0625,0.0,0.1875
117,0.43478260869565216,0.22608695652173913,0.0,0.3391304347826087
118,0.07272727272727272,0.0,0.2727272727272727,0.6545454545454545
119,0.06542056074766354,0.5327102803738317,0.40186915887850466,0.0
120,0.2222222222222222,0.0,0.3333333333333333,0.4444444444444444
121,0.5454545454545454,0.0,0.45454545454545453,0.0
122,0.0,0.12931034482758622,0.6637931034482759,0.20689655172413793
123,0.35714285714285715,0.14285714285714285,0.0,0.5
124,0.5925925925925926,0.037037037037037035,0.0,0.37037037037037035
125,0.6952380952380952,0.13333333333333333,0.0,0.17142857142857143
126,0.0,0.2765957446808511,0.7021276595744681,0.02127659574468085
127,0.0,0.12048192771084337,0.8554216867469879,0.024096385542168676
128,0.5084745762711864,0.2711864406779661,0.0,0.22033898305084745
129,0.5666666666666667,0.03333333333333333,0.0,0.4
130,0.6538461538461539,0.09615384615384616,0.0,0.25
131,0.0,0.19831223628691982,0.7426160337552743,0.05907172995780591
132,0.36607142857142855,0.0,0.08928571428571429,0.5446428571428571
133,0.05,0.75,0.2,0.0
134,0.4095238095238095,0.10476190476190476,0.0,0.4857142857142857
135,0.15384615384615385,0.6153846153846154,0.0,0.23076923076923078
136,0.0,0.28125,0.4375,0.28125
137,0.0,0.06779661016949153,0.8940677966101694,0.038135593220338986
138,0.15625,0.5208333333333334,0.3229166666666667,0.0
139,0.0,0.29086538461538464,0.24278846153846154,0.46634615384615385
140,0.04040404040404041,0.35353535353535354,0.6060606060606061,0.0
141,0.6025641025641025,0.2564102564102564,0.0,0.14102564102564102
142,0.16666666666666666,0.08333333333333333,0.75,0.0
143,0.09012875536480687,0.703862660944206,0.20600858369098712,0.0
144,0.03255813953488372,0.018604651162790697,0.9488372093023256,0.0
145,0.5185185185185185,0.0,0.2962962962962963,0.18518518518518517
146,0.0,0.3235294117647059,0.5756302521008403,0.10084033613445378
147,0.5061425061425061,0.13513513513513514,0.0,0.35872235872235875
148,0.051364365971107544,0.0,0.6902086677367576,0.25842696629213485
149,0.31412103746397696,0.47262247838616717,0.2132564841498559,0.0
150,0.0,0.16477272727272727,0.7897727272727273,0.045454545454545456
151,0.12643678160919541,0.6781609195402298,0.19540229885057472,0.0
152,0.22554347826086957,0.6711956521739131,0.10326086956521739,0.0
153,0.0,0.16379310344827586,0.75,0.08620689655172414
154,0.45955882352941174,0.4375,0.0,0.10294117647058823
155,0.21076233183856502,0.6591928251121076,0.13004484304932734,0.0
156,0.0,0.2787682333873582,0.46677471636953,0.2544570502431118
157,0.45609065155807366,0.46175637393767704,0.0,0.0821529745042493
158,0.21323529411764705,0.5294117647058824,0.25735294117647056,0.0
159,0.0,0.10535405872193437,0.7530224525043178,0.14162348877374784
160,0.0,0.238562091503268,0.6339869281045751,0.12745098039215685
161,0.26732673267326734,0.2623762376237624,0.47029702970297027,0.0
162,0.34615384615384615,0.15384615384615385,0.0,0.5
163,0.5092592592592593,0.25,0.0,0.24074074074074073
164,0.5618279569892473,0.2956989247311828,0.0,0.1424731182795699
165,0.6644736842105263,0.26535087719298245,0.0,0.07017543859649122
166,0.5841836734693877,0.14923469387755103,0.0,0.26658163265306123
167,0.3447204968944099,0.46273291925465837,0.19254658385093168,0.0
168,0.0,0.1288135593220339,0.7084745762711865,0.16271186440677965
169,0.4717887154861945,0.37815126050420167,0.0,0.15006002400960383
170,0.25157232704402516,0.0,0.19916142557651992,0.549266247379455
171,0.0,0.10650887573964497,0.5443786982248521,0.34911242603550297
172,0.3858695652173913,0.0,0.22826086956521738,0.3858695652173913
173,0.0,0.2,0.4266666666666667,0.37333333333333335
174,0.2607361963190184,0.43558282208588955,0.30368098159509205,0.0
175,0.0,0.23002421307506055,0.10653753026634383,0.6634382566585957
176,0.125,0.6553030303030303,0.2196969696969697,0.0
177,0.1935483870967742,0.5268817204301075,0.27956989247311825,0.0
178,0.0,0.4772727272727273,0.056818181818181816,0.4659090909090909
179,0.10067114093959731,0.7785234899328859,0.12080536912751678,0.0
180,0.5104166666666666,0.08333333333333333,0.0,0.40625
181,0.1715210355987055,0.0,0.5857605177993528,0.24271844660194175
182,0.0,0.12030075187969924,0.631578947368421,0.24812030075187969
183,0.0,0.09437751004016064,0.8775100401606426,0.028112449799196786
184,0.0,0.2747603833865815,0.6741214057507987,0.051118210862619806
185,0.10385756676557864,0.0,0.44807121661721067,0.44807121661721067
186,0.09411764705882353,0.08235294117647059,0.8235294117647058,0.0
187,0.2926829268292683,0.0,0.14634146341463414,0.5609756097560976
188,0.15730337078651685,0.5393258426966292,0.30337078651685395,0.0
189,0.23469387755102042,0.4387755102040816,0.0,0.32653061224489793
190,0.06818181818181818,0.45454545454545453,0.4772727272727273,0.0
191,0.3194444444444444,0.19444444444444445,0.0,0.4861111111111111
192,0.0,0.23809523809523808,0.6938775510204082,0.06802721088435375
193,0.0,0.12218649517684887,0.797427652733119,0.08038585209003216
194,0.3148148148148148,0.2777777777777778,0.0,0.4074074074074074
195,0.24390243902439024,0.2682926829268293,0.0,0.4878048780487805
196,0.7119341563786008,0.2757201646090535,0.0,0.012345679012345678
197,0.6153846153846154,0.0,0.34615384615384615,0.038461538461538464
198,0.0,0.9210526315789473,0.06578947368421052,0.013157894736842105
199,0.3684210526315789,0.15789473684210525,0.0,0.47368421052631576
200,0.0,0.27450980392156865,0.6862745098039216,0.0392156862745098
201,0.234375,0.203125,0.5625,0.0
202,0.11764705882352941,0.20588235294117646,0.6764705882352942,0.0
203,0.2727272727272727,0.0,0.14545454545454545,0.5818181818181818
204,0.0,0.05555555555555555,0.4236111111111111,0.5208333333333334
205,0.10047846889952153,0.0,0.3923444976076555,0.507177033492823
206,0.2028985507246377,0.0,0.3188405797101449,0.4782608695652174
207,0.0,0.06593406593406594,0.9120879120879121,0.02197802197802198
208,0.15151515151515152,0.3333333333333333,0.5151515151515151,0.0
209,0.14754098360655737,0.0,0.34972677595628415,0.5027322404371585
210,0.38095238095238093,0.09523809523809523,0.5238095238095238,0.0
211,0.358974358974359,0.0,0.20512820512820512,0.4358974358974359
212,0.32608695652173914,0.0,0.3333333333333333,0.34057971014492755
213,0.0,0.6428571428571429,0.2857142857142857,0.07142857142857142
214,0.45454545454545453,0.13636363636363635,0.0,0.4090909090909091
215,0.0,0.171875,0.796875,0.03125
216,0.42105263157894735,0.10526315789473684,0.0,0.47368421052631576
217,0.0,0.42857142857142855,0.42857142857142855,0.14285714285714285
218,0.41379310344827586,0.0,0.3448275862068966,0.2413793103448276
219,0.0,0.15,0.7125,0.1375
220,0.0,0.4409448818897638,0.49606299212598426,0.06299212598425197
221,0.042801556420233464,0.8365758754863813,0.12062256809338522,0.0
222,0.05555555555555555,0.2777777777777778,0.6666666666666666,0.0
223,0.1919191919191919,0.0,0.1717171717171717,0.6363636363636364
224,0.0728476821192053,0.0,0.47019867549668876,0.45695364238410596
225,0.0,0.5125,0.4125,0.075
226,0.0,0.043478260869565216,0.907608695652174,0.04891304347826087
227,0.7013888888888888,0.22916666666666666,0.0,0.06944444444444445
228,0.0,0.09900990099009901,0.8910891089108911,0.009900990099009901
229,0.0,0.07766990291262135,0.883495145631068,0.038834951456310676
230,0.20703125,0.0,0.07421875,0.71875
231,0.0,0.11267605633802817,0.19718309859154928,0.6901408450704225
232,0.1417624521072797,0.0,0.022988505747126436,0.8352490421455939
233,0.5452436194895591,0.3039443155452436,0.0,0.15081206496519722
234,0.09845559845559845,0.0,0.5579150579150579,0.3436293436293436
235,0.19230769230769232,0.4230769230769231,0.38461538461538464,0.0
236,0.6,0.17222222222222222,0.0,0.22777777777777777
237,0.1702127659574468,0.3191489361702128,0.5106382978723404,0.0
238,0.0,0.12576687116564417,0.03680981595092025,0.8374233128834356
239,0.2830188679245283,0.5094339622641509,0.20754716981132076,0.0
240,0.25806451612903225,0.0,0.0967741935483871,0.6451612903225806
241,0.2777777777777778,0.16666666666666666,0.5555555555555556,0.0
242,0.07432432432432433,0.18243243243243243,0.7432432432432432,0.0
243,0.22857142857142856,0.0,0.7428571428571429,0.02857142857142857
244,0.0,0.1,0.4,0.5
245,0.0,0.34146341463414637,0.6439024390243903,0.014634146341463415
246,0.0,0.3263888888888889,0.2708333333333333,0.4027777777777778
247,0.05555555555555555,0.3333333333333333,0.6111111111111112,0.0
248,0.7142857142857143,0.0,0.0,0.2857142857142857
249,0.9024390243902439,0.036585365853658534,0.0,0.06097560975609756
250,0.830028328611898,0.1529745042492918,0.0,0.0169971671388102
251,0.6451612903225806,0.0,0.06451612903225806,0.2903225806451613
252,0.0,0.2261904761904762,0.7619047619047619,0.011904761904761904
253,0.7906976744186046,0.1511627906976744,0.0,0.05813953488372093
254,0.23076923076923078,0.0,0.1076923076923077,0.6615384615384615
255,0.058823529411764705,0.0,0.6470588235294118,0.29411764705882354
256,0.16666666666666666,0.16666666666666666,0.6666666666666666,0.0
257,0.47580645161290325,0.24193548387096775,0.0,0.28225806451612906
258,0.0,0.48598130841121495,0.45794392523364486,0.056074766355140186
259,0.41304347826086957,0.5652173913043478,0.0,0.021739130434782608
260,0.0,0.14516129032258066,0.5,0.3548387096774194
261,0.33134328358208953,0.6164179104477612,0.0,0.05223880597014925
262,0.22698072805139186,0.0,0.19271948608137046,0.5802997858672377
263,0.25870646766169153,0.5124378109452736,0.22885572139303484,0.0
264,0.7333333333333333,0.06666666666666667,0.0,0.2
265,0.0,0.4230769230769231,0.46153846153846156,0.11538461538461539
266,0.3991130820399113,0.5565410199556541,0.0,0.04434589800443459
267,0.07142857142857142,0.14285714285714285,0.0,0.7857142857142857
268,0.0,0.6666666666666666,0.3333333333333333,0.0
269,0.4090909090909091,0.0,0.22727272727272727,0.36363636363636365
270,0.0,0.18181818181818182,0.3116883116883117,0.5064935064935064
271,0.008456659619450317,0.9788583509513742,0.012684989429175475,0.0
272,0.3,0.42,0.0,0.28
273,0.4444444444444444,0.0,0.0,0.5555555555555556
274,0.03977272727272727,0.0,0.9545454545454546,0.005681818181818182
275,0.2376237623762376,0.5445544554455446,0.21782178217821782,0.0
276,0.6706827309236948,0.1285140562248996,0.0,0.20080321285140562
277,0.058823529411764705,0.6764705882352942,0.2647058823529412,0.0
278,0.319,0.472,0.0,0.209
279,0.07142857142857142,0.14285714285714285,0.7857142857142857,0.0
280,0.0,0.13043478260869565,0.21739130434782608,0.6521739130434783
281,0.01,0.9,0.09,0.0
282,0.0,0.8666666666666667,0.13333333333333333,0.0
283,0.0,0.009259259259259259,0.027777777777777776,0.9629629629629629
284,0.012195121951219513,0.0,0.0,0.9878048780487805
285,0.08108108108108109,0.10810810810810811,0.8108108108108109,0.0
286,0.2857142857142857,0.10714285714285714,0.0,0.6071428571428571
287,0.0,0.7553191489361702,0.24468085106382978,0.0
288,0.7976190476190477,0.011904761904761904,0.0,0.19047619047619047
289,0.08609271523178808,0.0,0.19205298013245034,0.7218543046357616
290,0.33,0.38,0.0,0.29
291,0.0,0.6060606060606061,0.3939393939393939,0.0
292,0.48,0.3333333333333333,0.0,0.18666666666666668
293,0.0,0.24528301886792453,0.6792452830188679,0.07547169811320754
294,0.9,0.1,0.0,0.0
295,0.0,0.3620689655172414,0.4827586206896552,0.15517241379310345
296,0.3,0.6,0.1,0.0
297,0.058823529411764705,0.0,0.058823529411764705,0.8823529411764706
298,0.2857142857142857,0.5714285714285714,0.14285714285714285,0.0
299,0.3333333333333333,0.0,0.3333333333333333,0.3333333333333333
300,0.0,1.0,0.0,0.0
301,0.0,0.0,0.0,1.0
302,0.0,0.0,0.0,1.0
303,,,,
304,,,,
305,,,,
306,,,,
307,,,,
308,,,,
309,,,,
310,,,,
311,,,,
312,,,,
313,,,,
314,,,,
315,,,,
