,A,C,G,T
0,,,,
1,,,,
2,0.5395634379263301,0.3369713506139154,0.0,0.12346521145975443
3,0.47320061255742724,0.2879019908116386,0.0,0.23889739663093415
4,0.43193997856377275,0.28938906752411575,0.27867095391211144,0.0
5,0.5098502758077226,0.22301024428684002,0.0,0.26713947990543735
6,0.609181141439206,0.0,0.2679900744416873,0.1228287841191067
7,0.0,0.13392857142857142,0.685064935064935,0.1810064935064935
8,0.7669483905772343,0.1636396331595037,0.0,0.06941197626326201
9,0.0534119328331547,0.0,0.2572347266881029,0.6893533404787424
10,0.1875,0.475,0.3375,0.0
11,0.46199524940617576,0.166270783847981,0.0,0.37173396674584325
12,0.19249106078665076,0.17759237187127533,0.0,0.6299165673420739
13,0.46611053180396245,0.46611053180396245,0.06777893639207508,0.0
14,0.592479674796748,0.1798780487804878,0.0,0.22764227642276422
15,0.034904013961605584,0.8027923211169284,0.0,0.16230366492146597
16,0.0,0.5916473317865429,0.16009280742459397,0.2482598607888631
17,0.7887725975261656,0.13606089438629876,0.0,0.07516650808753568
18,0.0,0.4410480349344978,0.5589519650655022,0.0
19,0.36538461538461536,0.0,0.1987179487179487,0.4358974358974359
20,0.17485549132947978,0.5072254335260116,0.3179190751445087,0.0
21,0.21495327102803738,0.2102803738317757,0.0,0.5747663551401869
22,0.14522821576763487,0.16597510373443983,0.0,0.6887966804979253
23,0.0,0.2,0.7148717948717949,0.08512820512820513
24,0.09795918367346938,0.23265306122448978,0.0,0.6693877551020408
25,0.08888888888888889,0.17222222222222222,0.0,0.7388888888888889
26,0.0,0.44135429262394194,0.39298669891172916,0.1656590084643289
27,0.526564344746163,0.3600944510035419,0.0,0.11334120425029516
28,0.6607222469906375,0.2710655372269282,0.0,0.06821221578243424
29,0.2510322047894302,0.0,0.36168455821635015,0.3872832369942196
30,0.05639280505590666,0.7481769567331065,0.19543023821098687,0.0
31,0.06164383561643835,0.3767123287671233,0.5616438356164384,0.0
32,0.4777365491651206,0.39517625231910947,0.0,0.12708719851576994
33,0.0,0.11735241502683363,0.8271914132379249,0.055456171735241505
34,0.08163265306122448,0.783359497645212,0.13500784929356358,0.0
35,0.3746031746031746,0.0,0.319047619047619,0.30634920634920637
36,0.48329621380846327,0.0,0.27616926503340755,0.24053452115812918
37,0.0,0.2553191489361702,0.5631205673758866,0.18156028368794327
38,0.36771300448430494,0.4977578475336323,0.0,0.13452914798206278
39,0.15873015873015872,0.0,0.18165784832451498,0.6596119929453262
40,0.4110787172011662,0.0,0.34110787172011664,0.2478134110787172
41,0.020216201038888108,0.03916888951284571,0.9406149094482662,0.0
42,0.15508021390374332,0.28342245989304815,0.0,0.5614973262032086
43,0.357487922705314,0.10144927536231885,0.0,0.5410628019323671
44,0.328,0.33,0.0,0.342
45,0.3987538940809969,0.1557632398753894,0.0,0.4454828660436137
46,0.8322520852641334,0.037998146431881374,0.0,0.12974976830398516
47,0.6227272727272727,0.18181818181818182,0.0,0.19545454545454546
48,0.5043731778425656,0.16034985422740525,0.33527696793002915,0.0
49,0.45,0.0,0.25,0.3
50,0.31754874651810583,0.0,0.19870009285051068,0.48375116063138346
51,0.19329073482428116,0.0,0.3753993610223642,0.43130990415335463
52,0.23035230352303523,0.14092140921409213,0.6287262872628726,0.0
53,0.45790430042398544,0.3840096910963053,0.0,0.15808600847970927
54,0.0,0.791921664626683,0.16768665850673195,0.04039167686658507
55,0.2817733990147783,0.5950738916256157,0.0,0.12315270935960591
56,0.0,0.41522157996146436,0.42485549132947975,0.1599229287090559
57,0.45821325648414984,0.0,0.44668587896253603,0.09510086455331412
58,0.04477611940298507,0.5402985074626866,0.41492537313432837,0.0
59,0.10615521855486174,0.0,0.5611061552185549,0.3327386262265834
60,0.1905781584582441,0.4100642398286938,0.3993576017130621,0.0
61,0.6016713091922006,0.0,0.1532033426183844,0.24512534818941503
62,0.29617414248021107,0.0,0.17480211081794195,0.5290237467018469
63,0.03977272727272727,0.22727272727272727,0.7329545454545454,0.0
64,0.13953488372093023,0.15503875968992248,0.0,0.7054263565891473
65,0.02349869451697128,0.8120104438642297,0.16449086161879894,0.0
66,0.5428571428571428,0.07665505226480836,0.0,0.3804878048780488
67,0.2726958923023818,0.0,0.07490507421470487,0.6523990334829134
68,0.0,0.24136039495337355,0.5266044980800878,0.23203510696653867
69,0.42876165113182424,0.2969374167776298,0.0,0.27430093209054596
70,0.024238841265149275,0.0,0.1788353532367721,0.7969258054980787
71,0.13866231647634583,0.0,0.42414355628058725,0.4371941272430669
72,0.28769017980636236,0.4287690179806362,0.2835408022130014,0.0
73,0.36828644501278773,0.0,0.13043478260869565,0.5012787723785166
74,0.17022696929238984,0.41855807743658213,0.411214953271028,0.0
75,0.47101449275362317,0.2210144927536232,0.0,0.3079710144927536
76,0.7172034564021995,0.16417910447761194,0.0,0.11861743912018853
77,0.6351333767078725,0.23018867924528302,0.0,0.1346779440468445
78,0.22509102946044357,0.5666997682886461,0.2082092022509103,0.0
79,0.20512820512820512,0.591715976331361,0.20315581854043394,0.0
80,0.27698309492847856,0.0,0.21001300390117036,0.5130039011703511
81,0.0,0.348780487804878,0.42560975609756097,0.22560975609756098
82,0.14767932489451477,0.0,0.5430982519590114,0.3092224231464738
83,0.21695652173913044,0.0,0.1443478260869565,0.638695652173913
84,0.3878638786387864,0.12546125461254612,0.0,0.4866748667486675
85,0.05847076461769116,0.6011994002998501,0.3403298350824588,0.0
86,0.16226138032305434,0.0,0.10939794419970632,0.7283406754772394
87,0.0,0.2265034209578682,0.5772416276557436,0.19625495138638818
88,0.447043534762833,0.46155512237383584,0.0,0.09140134286333117
89,0.20581285444234404,0.5588374291115312,0.23534971644612476,0.0
90,0.0,0.2214311142755429,0.6208615165539337,0.15770736917052333
91,0.6167318483251147,0.3118517258969563,0.0,0.07141642577792892
92,0.12220149253731344,0.0,0.2537313432835821,0.6240671641791045
93,0.0,0.2916231460204721,0.29016085230833505,0.4182160016711928
94,0.0,0.40083971350950853,0.44578908372437637,0.1533712027661151
95,0.0914958238420653,0.0,0.25683371298405466,0.65167046317388
96,0.06505847953216375,0.47039473684210525,0.464546783625731,0.0
97,0.0,0.36095001380834024,0.11681855840927921,0.5222314277823805
98,0.08486646884272997,0.0,0.08605341246290801,0.829080118694362
99,0.0,0.2746585735963581,0.41679312089023773,0.3085483055134042
100,0.08949416342412451,0.311284046692607,0.5992217898832685,0.0
101,0.4728862973760933,0.3142857142857143,0.0,0.21282798833819241
102,0.0,0.1987603305785124,0.6735537190082644,0.12768595041322314
103,0.4107241569928137,0.5075732448866778,0.0,0.08170259812050856
104,0.0324269889224572,0.0,0.10574018126888217,0.8618328298086606
105,0.0440251572327044,0.20754716981132076,0.7484276729559748,0.0
106,0.10714285714285714,0.2357142857142857,0.0,0.6571428571428571
107,0.15328467153284672,0.2846715328467153,0.0,0.5620437956204379
108,0.485310119695321,0.19042437431991294,0.0,0.32426550598476606
109,0.08796296296296297,0.5185185185185185,0.39351851851851855,0.0
110,0.17475728155339806,0.0,0.12864077669902912,0.6966019417475728
111,0.3389830508474576,0.0,0.4406779661016949,0.22033898305084745
112,0.4126984126984127,0.20634920634920634,0.0,0.38095238095238093
113,0.17929292929292928,0.0,0.3181818181818182,0.5025252525252525
114,0.5226130653266332,0.0,0.20100502512562815,0.27638190954773867
115,0.0,0.2314647377938517,0.5949367088607594,0.1735985533453888
116,0.17964071856287425,0.6946107784431138,0.0,0.12574850299401197
117,0.35945273631840796,0.43843283582089554,0.0,0.20211442786069653
118,0.1431924882629108,0.0,0.43427230046948356,0.4225352112676056
119,0.0708215297450425,0.6383380547686497,0.29084041548630785,0.0
120,0.21774193548387097,0.0,0.3387096774193548,0.4435483870967742
121,0.725925925925926,0.0,0.13333333333333333,0.14074074074074075
122,0.0,0.22536057692307693,0.5012019230769231,0.2734375
123,0.3333333333333333,0.43333333333333335,0.0,0.23333333333333334
124,0.7857142857142857,0.0637065637065637,0.0,0.15057915057915058
125,0.759525296689569,0.14116177389131793,0.0,0.09931292941911306
126,0.0,0.5486935866983373,0.41330166270783847,0.03800475059382423
127,0.0,0.1920704845814978,0.6898678414096916,0.11806167400881057
128,0.5230769230769231,0.1346153846153846,0.0,0.3423076923076923
129,0.5182072829131653,0.15966386554621848,0.0,0.32212885154061627
130,0.2678227360308285,0.3853564547206166,0.0,0.3468208092485549
131,0.5780445969125214,0.26758147512864494,0.0,0.15437392795883362
132,0.2727272727272727,0.0,0.368801652892562,0.3584710743801653
133,0.057708161582852434,0.3586150041220115,0.5836768342951361,0.0
134,0.49609140108238126,0.19603126879134095,0.0,0.3078773301262778
135,0.19414634146341464,0.5619512195121952,0.0,0.24390243902439024
136,0.0,0.15894396551724138,0.7306034482758621,0.11045258620689655
137,0.725997506234414,0.13933915211970074,0.0,0.13466334164588528
138,0.12144212523719165,0.06925996204933586,0.8092979127134725,0.0
139,0.22967479674796748,0.14126016260162602,0.0,0.6290650406504065
140,0.1158113730929265,0.478502080443828,0.0,0.4056865464632455
141,0.3629807692307692,0.469150641025641,0.0,0.16786858974358973
142,0.15289982425307558,0.10896309314586995,0.7381370826010545,0.0
143,0.1992110453648915,0.0,0.30177514792899407,0.4990138067061144
144,0.0788684097728247,0.03386198028289756,0.8872696099442777,0.0
145,0.5635864592863677,0.0,0.27630375114364136,0.16010978956999086
146,0.0,0.34870550161812297,0.33292880258899676,0.31836569579288027
147,0.5287882437966756,0.34919296555046975,0.0,0.12201879065285473
148,0.12366983031348865,0.5021570319240725,0.3741731377624389,0.0
149,0.15172855313700384,0.5674349125053351,0.2808365343576611,0.0
150,0.0,0.5035105315947843,0.2993981945837513,0.19709127382146438
151,0.10119047619047619,0.4556878306878307,0.44312169312169314,0.0
152,0.10053577056413489,0.4544595020485345,0.4450047273873306,0.0
153,0.2793802145411204,0.42216924910607867,0.29845053635280094,0.0
154,0.0,0.2177222898903776,0.2810596833130329,0.5012180267965896
155,0.09209837781266353,0.6721611721611722,0.2357404500261643,0.0
156,0.0,0.22635874975114473,0.7029663547680669,0.07067489548078837
157,0.2716396903589022,0.5082336382828994,0.0,0.22012667135819844
158,0.13350090769445608,0.0,0.1293115486663874,0.7371875436391565
159,0.7452419169915158,0.16211878009630817,0.0,0.0926393029121761
160,0.6534296028880866,0.25567302733367714,0.0,0.0908973697782362
161,0.18856806128461992,0.5100176782557454,0.30141426045963465,0.0
162,0.587892049598833,0.12910284463894967,0.0,0.2830051057622174
163,0.7302725968436155,0.14088952654232426,0.0,0.12883787661406026
164,0.35403283369022126,0.39596716630977874,0.25,0.0
165,0.0,0.17587139901321025,0.70953366226325,0.11459493872353971
166,0.48606577956314334,0.42304795380366556,0.0,0.09088626663319106
167,0.19313462008306864,0.0,0.19203518201807965,0.6148301978988517
168,0.0,0.2103544776119403,0.5345149253731343,0.25513059701492535
169,0.2989106753812636,0.0,0.24270152505446624,0.45838779956427017
170,0.0,0.33304460805543523,0.3854482459939368,0.281507145950628
171,0.3131557707828894,0.3943502824858757,0.29249394673123486,0.0
172,0.0,0.2753833402403647,0.1261914629092416,0.5984251968503937
173,0.11388715386216948,0.0,0.17405788049135956,0.712054965646471
174,0.23968139029688632,0.4207096307023896,0.3396089790007241,0.0
175,0.0,0.458029197080292,0.11952554744525548,0.42244525547445255
176,0.05987809250627465,0.0,0.03549659376120473,0.9046253137325206
177,0.5878508266051519,0.14302191464821223,0.0,0.2691272587466359
178,0.15571650284531816,0.0,0.545266425245732,0.2990170719089498
179,0.0,0.2543859649122807,0.525,0.2206140350877193
180,0.6803377563329313,0.17370325693606756,0.0,0.14595898673100122
181,0.0,0.4417831004657352,0.4683965402528277,0.08982035928143713
182,0.18581375108790252,0.0,0.463881636205396,0.3503046127067015
183,0.1933139534883721,0.1875,0.6191860465116279,0.0
184,0.34185303514376997,0.0,0.17891373801916932,0.4792332268370607
185,0.2598770851624232,0.0,0.10711150131694469,0.6330114135206322
186,0.326334208223972,0.46281714785651795,0.0,0.21084864391951005
187,0.08198757763975155,0.30062111801242236,0.6173913043478261,0.0
188,0.41728395061728396,0.2382716049382716,0.0,0.34444444444444444
189,0.0,0.3894899536321484,0.5682637815558991,0.0422462648119526
190,0.0,0.07446189645142524,0.8699825479930192,0.05555555555555555
191,0.41901408450704225,0.22535211267605634,0.0,0.35563380281690143
192,0.34488734835355284,0.15944540727902945,0.0,0.49566724436741766
193,0.6849757673667205,0.07754442649434572,0.0,0.23747980613893377
194,0.2642857142857143,0.0,0.37857142857142856,0.35714285714285715
195,0.7112860892388452,0.0,0.16535433070866143,0.12335958005249344
196,0.38652482269503546,0.11702127659574468,0.0,0.49645390070921985
197,0.0,0.3902671755725191,0.5187659033078881,0.09096692111959287
198,0.16610169491525423,0.288135593220339,0.5457627118644067,0.0
199,0.11530398322851153,0.3165618448637317,0.5681341719077568,0.0
200,0.23788546255506607,0.0,0.05616740088105727,0.7059471365638766
201,0.0,0.07521489971346705,0.4670487106017192,0.4577363896848137
202,0.16618773946360152,0.0,0.3170498084291188,0.5167624521072797
203,0.41760299625468167,0.0,0.24344569288389514,0.3389513108614232
204,0.0,0.15672782874617738,0.7687308868501529,0.07454128440366972
205,0.10589519650655022,0.4421397379912664,0.4519650655021834,0.0
206,0.1506849315068493,0.0,0.3995433789954338,0.4497716894977169
207,0.3078014184397163,0.0950354609929078,0.5971631205673759,0.0
208,0.38922155688622756,0.0,0.1317365269461078,0.47904191616766467
209,0.2591170825335892,0.0,0.16986564299424184,0.5710172744721689
210,0.0,0.45318352059925093,0.48314606741573035,0.06367041198501873
211,0.4613686534216336,0.2163355408388521,0.0,0.32229580573951433
212,0.0,0.17307692307692307,0.7322485207100592,0.09467455621301775
213,0.5483028720626631,0.13315926892950392,0.0,0.3185378590078329
214,0.0,0.26717557251908397,0.5343511450381679,0.1984732824427481
215,0.4203935599284436,0.0,0.1449016100178891,0.4347048300536673
216,0.0,0.1572463768115942,0.7289855072463768,0.11376811594202899
217,0.0,0.39883899607307494,0.37852142735188665,0.2226395765750384
218,0.18951705195696955,0.5900663767452506,0.2204165712977798,0.0
219,0.11872586872586872,0.15202702702702703,0.7292471042471043,0.0
220,0.2848219862585884,0.0,0.11055590256089944,0.6046221111805122
221,0.14677327241576243,0.0,0.4922901199314677,0.36093660765276986
222,0.0,0.2950391644908616,0.6840731070496083,0.020887728459530026
223,0.0,0.2091551916635653,0.6791961295124674,0.11164867882396724
224,0.31357466063348416,0.5384615384615384,0.0,0.14796380090497738
225,0.0,0.24459234608985025,0.6089850249584027,0.1464226289517471
226,0.0,0.30858960763520676,0.6511134676564156,0.04029692470837752
227,0.06380510440835267,0.0,0.06496519721577726,0.87122969837587
228,0.0,0.14478764478764478,0.4623552123552124,0.39285714285714285
229,0.1264266900790167,0.0,0.17120280948200176,0.7023705004389815
230,0.5333201892744479,0.27425078864353314,0.0,0.19242902208201892
231,0.09089950437625224,0.0,0.6555942212380048,0.2535062743857429
232,0.25474254742547425,0.2601626016260163,0.48509485094850946,0.0
233,0.439190338492941,0.3126382037761524,0.0,0.24817145773090662
234,0.17435424354243542,0.5484317343173432,0.2772140221402214,0.0
235,0.0,0.1671001300390117,0.04139575205895102,0.7915041179020372
236,0.056074766355140186,0.5738317757009346,0.37009345794392523,0.0
237,0.22072072072072071,0.0,0.21171171171171171,0.5675675675675675
238,0.17905405405405406,0.10810810810810811,0.7128378378378378,0.0
239,0.1032213370280568,0.19224108070661586,0.7045375822653274,0.0
240,0.2212096106048053,0.0,0.7249378624689312,0.053852526926263466
241,0.0,0.08264462809917356,0.5289256198347108,0.3884297520661157
242,0.0,0.28920435787388576,0.6408055463849456,0.0699900957411687
243,0.0,0.3843537414965986,0.29846938775510207,0.3171768707482993
244,0.12264150943396226,0.18553459119496854,0.6918238993710691,0.0
245,0.38003220611916266,0.35909822866344604,0.0,0.2608695652173913
246,0.0,0.17636229749631813,0.7658321060382917,0.05780559646539028
247,0.0,0.3686746987951807,0.58714859437751,0.04417670682730924
248,0.09947089947089947,0.0,0.14955908289241623,0.7509700176366843
249,0.0,0.10406976744186046,0.7691860465116279,0.12674418604651164
250,0.7274131274131274,0.225997425997426,0.0,0.04658944658944659
251,0.11026374324753734,0.0,0.08992691452176677,0.7998093422306959
252,0.0952,0.0,0.4112,0.4936
253,0.11940298507462686,0.14328358208955225,0.7373134328358208,0.0
254,0.29464285714285715,0.49594155844155846,0.0,0.20941558441558442
255,0.0,0.45581691036236494,0.5143038779402416,0.029879211697393517
256,0.17926689576174112,0.7583046964490263,0.0,0.06242840778923253
257,0.0,0.33450952717007765,0.5610444601270289,0.10444601270289344
258,0.5225943646996278,0.38118022328548645,0.0,0.0962254120148857
259,0.08780075981426762,0.0,0.13381173490924442,0.7783875052764879
260,0.24870466321243523,0.0,0.43523316062176165,0.3160621761658031
261,0.5,0.1778846153846154,0.0,0.32211538461538464
262,0.0,0.37285491419656785,0.5288611544461779,0.09828393135725429
263,0.44641192917054984,0.48835041938490215,0.0,0.06523765144454799
264,0.29411764705882354,0.1323529411764706,0.0,0.5735294117647058
265,0.0,0.40350877192982454,0.4473684210526316,0.14912280701754385
266,0.2295839753466872,0.0,0.11556240369799692,0.6548536209553159
267,0.0,0.040553907022749754,0.23837784371909002,0.7210682492581603
268,0.4049079754601227,0.0,0.1656441717791411,0.4294478527607362
269,0.4221218961625282,0.12866817155756208,0.0,0.4492099322799097
270,0.4794520547945205,0.04794520547945205,0.0,0.4726027397260274
271,0.14689265536723164,0.0,0.7871939736346516,0.06591337099811675
272,0.12661498708010335,0.0,0.08914728682170543,0.7842377260981912
273,0.7271400778210116,0.21530479896238652,0.0,0.05755512321660181
274,0.11753554502369669,0.6682464454976303,0.21421800947867298,0.0
275,0.3542441262558342,0.3989399572818606,0.0,0.2468159164623052
276,0.11764705882352941,0.15294117647058825,0.7294117647058823,0.0
277,0.0,0.05555555555555555,0.2152777777777778,0.7291666666666666
278,0.013333333333333334,0.9053968253968254,0.08126984126984127,0.0
279,0.07331378299120235,0.6451612903225806,0.28152492668621704,0.0
280,0.0,0.03833333333333333,0.024166666666666666,0.9375
281,0.009856438825798158,0.0,0.010927790872080565,0.9792157703021213
282,0.17463235294117646,0.13419117647058823,0.6911764705882353,0.0
283,0.291005291005291,0.14285714285714285,0.0,0.5661375661375662
284,0.0035714285714285713,0.60625,0.39017857142857143,0.0
285,0.6392961876832844,0.038856304985337244,0.0,0.3218475073313783
286,0.10614525139664804,0.0,0.11638733705772812,0.7774674115456238
287,0.3686440677966102,0.3569915254237288,0.0,0.274364406779661
288,0.0,0.5398293029871978,0.4566145092460882,0.0035561877667140826
289,0.7101967799642218,0.2081097197376267,0.0,0.08169350029815146
290,0.0,0.21337126600284495,0.7083926031294452,0.07823613086770982
291,0.38071065989847713,0.4416243654822335,0.0,0.17766497461928935
292,0.0,0.18009478672985782,0.5639810426540285,0.2559241706161137
293,0.19909502262443438,0.6742081447963801,0.12669683257918551,0.0
294,0.1259259259259259,0.0,0.4888888888888889,0.3851851851851852
295,0.19,0.45,0.36,0.0
296,0.37254901960784315,0.0,0.37254901960784315,0.2549019607843137
297,0.620253164556962,0.24050632911392406,0.13924050632911392,0.0
298,0.4,0.0,0.32,0.28
299,0.8181818181818182,0.18181818181818182,0.0,0.0
300,0.2,0.0,0.4,0.4
301,0.0,0.0,0.0,1.0
302,0.0,0.0,0.9,0.1
303,,,,
304,,,,
305,1.0,0.0,0.0,0.0
306,,,,
307,0.0,0.0,1.0,0.0
308,,,,
309,,,,
310,,,,
311,,,,
312,,,,
