,A,C,G,T
0,,,,
1,,,,
2,0.0,0.07692307692307693,0.8461538461538461,0.07692307692307693
3,1.0,0.0,0.0,0.0
4,1.0,0.0,0.0,0.0
5,1.0,0.0,0.0,0.0
6,1.0,0.0,0.0,0.0
7,0.0,0.0,0.0,1.0
8,0.8,0.2,0.0,0.0
9,0.0,0.0,0.8571428571428571,0.14285714285714285
10,0.0,0.0,1.0,0.0
11,1.0,0.0,0.0,0.0
12,0.0,1.0,0.0,0.0
13,0.0,1.0,0.0,0.0
14,0.5,0.0,0.0,0.5
15,,,,
16,0.0,1.0,0.0,0.0
17,0.0,0.0,0.0,1.0
18,0.0,0.0,1.0,0.0
19,,,,
20,0.6666666666666666,0.0,0.3333333333333333,0.0
21,,,,
22,0.0,0.0,0.0,1.0
23,0.0,1.0,0.0,0.0
24,0.75,0.125,0.0,0.125
25,0.0,0.0,1.0,0.0
26,0.0,1.0,0.0,0.0
27,0.0,0.0,0.0,1.0
28,0.0,0.14285714285714285,0.14285714285714285,0.7142857142857143
29,0.2857142857142857,0.14285714285714285,0.0,0.5714285714285714
30,0.3333333333333333,0.3333333333333333,0.0,0.3333333333333333
31,0.0,0.0,1.0,0.0
32,0.0,0.0,0.0,1.0
33,0.0,1.0,0.0,0.0
34,0.0,0.2,0.8,0.0
35,0.0,0.2,0.8,0.0
36,,,,
37,0.0,0.0,1.0,0.0
38,0.0,0.0,0.0,1.0
39,0.0,0.0,0.0,1.0
40,,,,
41,1.0,0.0,0.0,0.0
42,,,,
43,,,,
44,0.75,0.125,0.0,0.125
45,0.0,1.0,0.0,0.0
46,,,,
47,1.0,0.0,0.0,0.0
48,,,,
49,0.0,0.0,0.0,1.0
50,0.0,0.0,1.0,0.0
51,0.0,0.0,1.0,0.0
52,1.0,0.0,0.0,0.0
53,0.6666666666666666,0.0,0.0,0.3333333333333333
54,0.0,1.0,0.0,0.0
55,0.7777777777777778,0.2222222222222222,0.0,0.0
56,1.0,0.0,0.0,0.0
57,0.0,0.6666666666666666,0.0,0.3333333333333333
58,,,,
59,1.0,0.0,0.0,0.0
60,0.0,0.5,0.5,0.0
61,0.0,0.0,0.0,1.0
62,0.25,0.0,0.0,0.75
63,0.0,1.0,0.0,0.0
64,,,,
65,0.0,1.0,0.0,0.0
66,0.0,0.5714285714285714,0.42857142857142855,0.0
67,0.0,0.14285714285714285,0.8571428571428571,0.0
68,0.6666666666666666,0.0,0.0,0.3333333333333333
69,0.9230769230769231,0.07692307692307693,0.0,0.0
70,0.0,0.9,0.0,0.1
71,0.08333333333333333,0.9166666666666666,0.0,0.0
72,1.0,0.0,0.0,0.0
73,1.0,0.0,0.0,0.0
74,0.0,1.0,0.0,0.0
75,,,,
76,,,,
77,0.0,0.8,0.0,0.2
78,0.6666666666666666,0.0,0.3333333333333333,0.0
79,0.0,1.0,0.0,0.0
80,0.0,0.0,0.0,1.0
81,0.0,0.1111111111111111,0.7777777777777778,0.1111111111111111
82,0.47619047619047616,0.47619047619047616,0.0,0.047619047619047616
83,0.0,0.0,0.5,0.5
84,,,,
85,,,,
86,0.0,0.2857142857142857,0.7142857142857143,0.0
87,0.0,0.2,0.2,0.6
88,0.5,0.0,0.25,0.25
89,,,,
90,0.0,0.0,0.6666666666666666,0.3333333333333333
91,0.6875,0.3125,0.0,0.0
92,0.058823529411764705,0.0,0.0,0.9411764705882353
93,0.5,0.25,0.25,0.0
94,0.0,0.2,0.1,0.7
95,0.0,0.0,0.16666666666666666,0.8333333333333334
96,,,,
97,0.3333333333333333,0.3333333333333333,0.0,0.3333333333333333
98,0.0,1.0,0.0,0.0
99,0.0,0.16666666666666666,0.6666666666666666,0.16666666666666666
100,,,,
101,0.0,0.0,0.0,1.0
102,0.0,0.0,0.6363636363636364,0.36363636363636365
103,0.4,0.5,0.0,0.1
104,0.0,0.0,0.0,1.0
105,,,,
106,0.0,0.0,0.0,1.0
107,0.0,1.0,0.0,0.0
108,0.0,0.8,0.0,0.2
109,0.0,1.0,0.0,0.0
110,0.0,0.25,0.0,0.75
111,,,,
112,,,,
113,1.0,0.0,0.0,0.0
114,,,,
115,,,,
116,1.0,0.0,0.0,0.0
117,0.0,0.0,1.0,0.0
118,0.625,0.125,0.25,0.0
119,0.0,0.0,0.0,1.0
120,0.0,0.0,0.0,1.0
121,1.0,0.0,0.0,0.0
122,1.0,0.0,0.0,0.0
123,,,,
124,,,,
125,1.0,0.0,0.0,0.0
126,0.0,0.0,1.0,0.0
127,0.0,0.25,0.75,0.0
128,0.0,0.0,1.0,0.0
129,0.0,0.5,0.0,0.5
130,,,,
131,,,,
132,1.0,0.0,0.0,0.0
133,,,,
134,1.0,0.0,0.0,0.0
135,0.0,1.0,0.0,0.0
136,,,,
137,0.75,0.25,0.0,0.0
138,0.0,0.0,1.0,0.0
139,0.6666666666666666,0.0,0.0,0.3333333333333333
140,0.0,1.0,0.0,0.0
141,0.0,0.6666666666666666,0.0,0.3333333333333333
142,0.0,0.0,1.0,0.0
143,0.5,0.0,0.0,0.5
144,0.5,0.0,0.0,0.5
145,0.0,0.8,0.0,0.2
146,0.5833333333333334,0.16666666666666666,0.0,0.25
147,0.0,0.0,1.0,0.0
148,0.25,0.5833333333333334,0.0,0.16666666666666666
149,0.7857142857142857,0.07142857142857142,0.0,0.14285714285714285
150,0.0,0.0,0.5,0.5
151,,,,
152,0.3333333333333333,0.3333333333333333,0.3333333333333333,0.0
153,0.3333333333333333,0.0,0.0,0.6666666666666666
154,0.0,0.6666666666666666,0.0,0.3333333333333333
155,0.6666666666666666,0.0,0.3333333333333333,0.0
156,0.0,0.0,0.0,1.0
157,0.0,0.0,0.0,1.0
158,0.18181818181818182,0.8181818181818182,0.0,0.0
159,0.0,0.2857142857142857,0.7142857142857143,0.0
160,0.5,0.5,0.0,0.0
161,0.0,0.5,0.5,0.0
162,0.9090909090909091,0.0,0.0,0.09090909090909091
163,0.0,0.8888888888888888,0.1111111111111111,0.0
164,0.0,0.0,0.2,0.8
165,0.0,0.0,1.0,0.0
166,0.5,0.0,0.0,0.5
167,0.0,0.6666666666666666,0.3333333333333333,0.0
168,0.041666666666666664,0.2916666666666667,0.6666666666666666,0.0
169,0.0,0.5,0.5,0.0
170,0.2,0.6,0.2,0.0
171,0.0,0.42857142857142855,0.5714285714285714,0.0
172,0.1111111111111111,0.0,0.3888888888888889,0.5
173,0.0,0.0,0.75,0.25
174,0.0,0.2857142857142857,0.7142857142857143,0.0
175,0.0,0.2727272727272727,0.45454545454545453,0.2727272727272727
176,0.5555555555555556,0.0,0.2222222222222222,0.2222222222222222
177,0.0,0.0,1.0,0.0
178,0.0,0.6666666666666666,0.0,0.3333333333333333
179,0.09090909090909091,0.0,0.09090909090909091,0.8181818181818182
180,0.0,0.6,0.4,0.0
181,0.8,0.1,0.0,0.1
182,0.13636363636363635,0.0,0.09090909090909091,0.7727272727272727
183,0.3333333333333333,0.0,0.3333333333333333,0.3333333333333333
184,,,,
185,1.0,0.0,0.0,0.0
186,0.0,1.0,0.0,0.0
187,1.0,0.0,0.0,0.0
188,0.3333333333333333,0.0,0.3333333333333333,0.3333333333333333
189,0.4,0.6,0.0,0.0
190,0.0,0.8,0.2,0.0
191,0.1111111111111111,0.0,0.1111111111111111,0.7777777777777778
192,0.2222222222222222,0.0,0.7777777777777778,0.0
193,0.0,0.0,1.0,0.0
194,0.0,0.0,1.0,0.0
195,0.0,1.0,0.0,0.0
196,,,,
197,1.0,0.0,0.0,0.0
198,1.0,0.0,0.0,0.0
199,0.0,0.1111111111111111,0.4444444444444444,0.4444444444444444
200,,,,
201,0.5714285714285714,0.0,0.0,0.42857142857142855
202,0.0,0.5,0.5,0.0
203,1.0,0.0,0.0,0.0
204,0.0,0.3333333333333333,0.0,0.6666666666666666
205,0.0,0.0,0.5,0.5
206,0.75,0.0,0.0,0.25
207,0.0,0.16666666666666666,0.3333333333333333,0.5
208,0.5,0.0,0.5,0.0
209,0.25,0.0,0.5,0.25
210,0.375,0.25,0.375,0.0
211,0.0,0.0,0.0,1.0
212,0.0,0.42857142857142855,0.14285714285714285,0.42857142857142855
213,1.0,0.0,0.0,0.0
214,0.07692307692307693,0.0,0.07692307692307693,0.8461538461538461
215,0.047619047619047616,0.7619047619047619,0.19047619047619047,0.0
216,0.0,1.0,0.0,0.0
217,0.0,0.5,0.5,0.0
218,0.5,0.0,0.0,0.5
219,0.0,0.5,0.5,0.0
220,0.0,0.15384615384615385,0.8461538461538461,0.0
221,0.2857142857142857,0.42857142857142855,0.0,0.2857142857142857
222,0.0,0.0,1.0,0.0
223,0.8,0.0,0.0,0.2
224,0.0,0.0,0.5,0.5
225,0.0,0.25,0.625,0.125
226,0.11764705882352941,0.47058823529411764,0.4117647058823529,0.0
227,0.0,0.0,0.2222222222222222,0.7777777777777778
228,0.0,0.0,1.0,0.0
229,0.68,0.28,0.0,0.04
230,0.16666666666666666,0.0,0.16666666666666666,0.6666666666666666
231,0.0,0.5,0.0,0.5
232,1.0,0.0,0.0,0.0
233,0.125,0.7083333333333334,0.16666666666666666,0.0
234,,,,
235,0.0,0.0,0.0,1.0
236,0.0,0.0,0.3333333333333333,0.6666666666666666
237,0.0,0.6666666666666666,0.3333333333333333,0.0
238,0.0,0.0,0.0,1.0
239,0.0,0.0,0.0,1.0
240,0.3333333333333333,0.0,0.0,0.6666666666666666
241,0.0,0.5,0.5,0.0
242,0.4666666666666667,0.3333333333333333,0.0,0.2
243,0.3333333333333333,0.0,0.5,0.16666666666666666
244,0.0,0.0,0.8888888888888888,0.1111111111111111
245,0.6363636363636364,0.36363636363636365,0.0,0.0
246,0.0,0.5,0.5,0.0
247,0.0,0.0,0.0,1.0
248,,,,
249,0.0,1.0,0.0,0.0
250,0.625,0.375,0.0,0.0
251,0.0,0.0,0.25,0.75
252,0.0,0.0,0.75,0.25
253,0.0,1.0,0.0,0.0
254,0.0,0.0,0.125,0.875
255,0.6,0.0,0.4,0.0
256,0.0,0.0,1.0,0.0
257,0.5,0.5,0.0,0.0
258,0.0,0.875,0.125,0.0
259,0.0,0.0,1.0,0.0
260,0.5,0.5,0.0,0.0
261,0.5,0.0,0.0,0.5
262,0.5,0.0,0.0,0.5
263,1.0,0.0,0.0,0.0
264,0.0,0.6666666666666666,0.3333333333333333,0.0
265,1.0,0.0,0.0,0.0
266,0.0,1.0,0.0,0.0
267,0.0,0.0,0.0,1.0
268,,,,
269,1.0,0.0,0.0,0.0
270,0.0,0.0,0.0,1.0
271,0.16666666666666666,0.0,0.6666666666666666,0.16666666666666666
272,0.0,0.0,1.0,0.0
273,,,,
274,0.0,0.0,1.0,0.0
275,,,,
276,0.0,0.16666666666666666,0.5,0.3333333333333333
277,0.0,0.8888888888888888,0.1111111111111111,0.0
278,0.6818181818181818,0.045454545454545456,0.0,0.2727272727272727
279,1.0,0.0,0.0,0.0
280,0.0,0.0,0.3333333333333333,0.6666666666666666
281,0.0,0.75,0.25,0.0
282,0.0,1.0,0.0,0.0
283,0.0,0.0,0.0,1.0
284,0.09090909090909091,0.0,0.0,0.9090909090909091
285,0.0,0.0,1.0,0.0
286,0.0,1.0,0.0,0.0
287,0.0,0.6666666666666666,0.3333333333333333,0.0
288,1.0,0.0,0.0,0.0
289,0.0,0.0,0.1111111111111111,0.8888888888888888
290,,,,
291,0.0,1.0,0.0,0.0
292,1.0,0.0,0.0,0.0
293,,,,
294,0.25,0.75,0.0,0.0
295,1.0,0.0,0.0,0.0
296,,,,
297,1.0,0.0,0.0,0.0
298,,,,
299,,,,
300,,,,
301,,,,
302,,,,
303,,,,
304,,,,
305,,,,
306,,,,
307,,,,
308,,,,
309,,,,
310,,,,
311,,,,
312,,,,
313,,,,
