,A,C,G,T
0,,,,
1,,,,
2,0.9230769230769231,0.01098901098901099,0.0,0.06593406593406594
3,0.16071428571428573,0.6607142857142857,0.0,0.17857142857142858
4,0.30303030303030304,0.6363636363636364,0.06060606060606061,0.0
5,0.28888888888888886,0.0,0.3111111111111111,0.4
6,0.5714285714285714,0.0,0.09523809523809523,0.3333333333333333
7,0.0,0.11267605633802817,0.704225352112676,0.18309859154929578
8,0.5772357723577236,0.375609756097561,0.0,0.04715447154471545
9,0.018832391713747645,0.0,0.23540489642184556,0.7457627118644068
10,0.05555555555555555,0.7222222222222222,0.2222222222222222,0.0
11,0.5,0.16666666666666666,0.0,0.3333333333333333
12,0.5795053003533569,0.392226148409894,0.0,0.028268551236749116
13,0.5656565656565656,0.35353535353535354,0.08080808080808081,0.0
14,0.5080645161290323,0.1875,0.0,0.30443548387096775
15,0.25,0.0,0.16666666666666666,0.5833333333333334
16,0.0,0.6551724137931034,0.1724137931034483,0.1724137931034483
17,0.0,0.050955414012738856,0.8929936305732484,0.05605095541401274
18,0.18604651162790697,0.37209302325581395,0.4418604651162791,0.0
19,0.5384615384615384,0.0,0.15384615384615385,0.3076923076923077
20,0.25,0.574468085106383,0.17553191489361702,0.0
21,0.3225806451612903,0.12903225806451613,0.0,0.5483870967741935
22,0.36363636363636365,0.25,0.0,0.38636363636363635
23,0.627906976744186,0.11627906976744186,0.0,0.2558139534883721
24,0.1648,0.6832,0.0,0.152
25,0.17647058823529413,0.0,0.7205882352941176,0.10294117647058823
26,0.46551724137931033,0.25862068965517243,0.27586206896551724,0.0
27,0.10344827586206896,0.3448275862068966,0.0,0.5517241379310345
28,0.0,0.6435643564356436,0.1782178217821782,0.1782178217821782
29,0.6462395543175488,0.18245125348189414,0.0,0.1713091922005571
30,0.43687374749499,0.3587174348697395,0.0,0.20440881763527055
31,0.09302325581395349,0.5813953488372093,0.32558139534883723,0.0
32,0.5739910313901345,0.32884902840059793,0.0,0.09715994020926756
33,0.0,0.6395348837209303,0.313953488372093,0.046511627906976744
34,0.0,0.19877675840978593,0.72782874617737,0.07339449541284404
35,0.6546762589928058,0.19424460431654678,0.0,0.1510791366906475
36,0.0,0.3372093023255814,0.6162790697674418,0.046511627906976744
37,0.0,0.19376391982182628,0.77728285077951,0.028953229398663696
38,0.4596774193548387,0.4596774193548387,0.0,0.08064516129032258
39,0.09734513274336283,0.0,0.6371681415929203,0.26548672566371684
40,0.4827586206896552,0.0,0.13793103448275862,0.3793103448275862
41,0.08,0.24666666666666667,0.6733333333333333,0.0
42,0.5,0.15,0.0,0.35
43,0.3,0.1,0.0,0.6
44,0.7182320441988951,0.1270718232044199,0.0,0.15469613259668508
45,0.14754098360655737,0.11475409836065574,0.7377049180327869,0.0
46,0.47619047619047616,0.0,0.19047619047619047,0.3333333333333333
47,0.07387862796833773,0.0,0.3403693931398417,0.5857519788918206
48,0.14516129032258066,0.4838709677419355,0.3709677419354839,0.0
49,0.42105263157894735,0.0,0.15789473684210525,0.42105263157894735
50,0.27636363636363637,0.6727272727272727,0.0,0.05090909090909091
51,0.5671641791044776,0.26865671641791045,0.0,0.16417910447761194
52,0.18181818181818182,0.6363636363636364,0.18181818181818182,0.0
53,0.5641711229946524,0.2994652406417112,0.0,0.13636363636363635
54,0.0,0.6792452830188679,0.16981132075471697,0.1509433962264151
55,0.0,0.3242258652094718,0.639344262295082,0.03642987249544627
56,0.7201365187713311,0.13993174061433447,0.0,0.13993174061433447
57,0.6548223350253807,0.27411167512690354,0.0,0.07106598984771574
58,0.1875,0.625,0.1875,0.0
59,0.12087912087912088,0.0,0.31868131868131866,0.5604395604395604
60,0.34210526315789475,0.21052631578947367,0.4473684210526316,0.0
61,0.35,0.0,0.3,0.35
62,0.11702127659574468,0.0,0.39361702127659576,0.48936170212765956
63,0.36363636363636365,0.45454545454545453,0.18181818181818182,0.0
64,0.35294117647058826,0.11764705882352941,0.0,0.5294117647058824
65,0.011235955056179775,0.0,0.011235955056179775,0.9775280898876404
66,0.0,0.33907056798623064,0.6265060240963856,0.03442340791738382
67,0.0,0.3668639053254438,0.5769230769230769,0.05621301775147929
68,0.43820224719101125,0.4157303370786517,0.0,0.14606741573033707
69,0.7128571428571429,0.19,0.0,0.09714285714285714
70,0.12589928057553956,0.0,0.050359712230215826,0.8237410071942446
71,0.054514480408858604,0.889267461669506,0.056218057921635436,0.0
72,0.2463768115942029,0.43478260869565216,0.3188405797101449,0.0
73,0.13333333333333333,0.0,0.047619047619047616,0.819047619047619
74,0.08755760368663594,0.22811059907834103,0.684331797235023,0.0
75,0.675,0.125,0.0,0.2
76,0.4435483870967742,0.28225806451612906,0.0,0.27419354838709675
77,0.0,0.27547169811320754,0.5924528301886792,0.1320754716981132
78,0.37714285714285717,0.3314285714285714,0.0,0.2914285714285714
79,0.688295165394402,0.12086513994910941,0.0,0.19083969465648856
80,0.3263888888888889,0.0,0.2916666666666667,0.3819444444444444
81,0.0,0.1961451247165533,0.48299319727891155,0.32086167800453513
82,0.15897435897435896,0.0,0.4752136752136752,0.3658119658119658
83,0.21951219512195122,0.0,0.1798780487804878,0.600609756097561
84,0.08882521489971347,0.7277936962750716,0.1833810888252149,0.0
85,0.09174311926605505,0.7798165137614679,0.12844036697247707,0.0
86,0.26627218934911245,0.0,0.17751479289940827,0.5562130177514792
87,0.0,0.0841683366733467,0.8717434869739479,0.04408817635270541
88,0.7202572347266881,0.25209003215434084,0.0,0.02765273311897106
89,0.1536144578313253,0.0,0.1716867469879518,0.6746987951807228
90,0.0,0.14609053497942387,0.720164609053498,0.1337448559670782
91,0.3218579234972678,0.6092896174863388,0.0,0.06885245901639345
92,0.14392396469789545,0.0,0.09708078750848609,0.7589952477936185
93,0.2177293934681182,0.536547433903577,0.24572317262830481,0.0
94,0.0,0.4076923076923077,0.05576923076923077,0.5365384615384615
95,0.06847360912981455,0.891583452211127,0.039942938659058486,0.0
96,0.0,0.16542948038176034,0.4019088016967126,0.432661717921527
97,0.13402061855670103,0.0,0.5752577319587628,0.2907216494845361
98,0.1693548387096774,0.7161290322580646,0.11451612903225807,0.0
99,0.0,0.2328966521106259,0.2816593886462882,0.48544395924308587
100,0.5802469135802469,0.20987654320987653,0.20987654320987653,0.0
101,0.2652582159624413,0.0,0.22535211267605634,0.5093896713615024
102,0.0,0.22386058981233245,0.1447721179624665,0.631367292225201
103,0.4501763668430335,0.5013227513227513,0.0,0.048500881834215165
104,0.12436548223350254,0.0,0.06598984771573604,0.8096446700507615
105,0.08,0.36,0.56,0.0
106,0.0625,0.125,0.0,0.8125
107,0.19047619047619047,0.23809523809523808,0.0,0.5714285714285714
108,0.1731266149870801,0.6563307493540051,0.0,0.17054263565891473
109,0.05555555555555555,0.5,0.4444444444444444,0.0
110,0.5172413793103449,0.21264367816091953,0.0,0.27011494252873564
111,0.5172413793103449,0.0,0.10344827586206896,0.3793103448275862
112,0.35,0.15,0.0,0.5
113,0.0,0.3838582677165354,0.5098425196850394,0.1062992125984252
114,0.5555555555555556,0.0,0.16666666666666666,0.2777777777777778
115,0.0,0.21052631578947367,0.1368421052631579,0.6526315789473685
116,0.2926829268292683,0.6097560975609756,0.0,0.0975609756097561
117,0.6065573770491803,0.06557377049180328,0.0,0.32786885245901637
118,0.16153846153846155,0.0,0.09230769230769231,0.7461538461538462
119,0.4146341463414634,0.0,0.17073170731707318,0.4146341463414634
120,0.5416666666666666,0.0,0.20833333333333334,0.25
121,0.1111111111111111,0.0,0.7777777777777778,0.1111111111111111
122,0.1948529411764706,0.4264705882352941,0.3786764705882353,0.0
123,0.5416666666666666,0.25,0.0,0.20833333333333334
124,0.7948717948717948,0.07692307692307693,0.0,0.1282051282051282
125,0.0,0.30153846153846153,0.2953846153846154,0.40307692307692305
126,0.39285714285714285,0.0,0.5,0.10714285714285714
127,0.0,0.10185185185185185,0.75,0.14814814814814814
128,0.0,0.14285714285714285,0.536115569823435,0.32102728731942215
129,0.39655172413793105,0.5344827586206896,0.0,0.06896551724137931
130,0.05263157894736842,0.5789473684210527,0.0,0.3684210526315789
131,0.5424769703172978,0.3592630501535312,0.0,0.09825997952917093
132,0.12,0.0,0.06666666666666667,0.8133333333333334
133,0.005154639175257732,0.9536082474226805,0.041237113402061855,0.0
134,0.5164473684210527,0.1875,0.29605263157894735,0.0
135,0.22608695652173913,0.7391304347826086,0.0,0.034782608695652174
136,0.0,0.375,0.2,0.425
137,0.8871951219512195,0.039634146341463415,0.0,0.07317073170731707
138,0.3333333333333333,0.13333333333333333,0.5333333333333333,0.0
139,0.1383219954648526,0.0045351473922902496,0.0,0.8571428571428571
140,0.004405286343612335,0.9273127753303965,0.0,0.06828193832599119
141,0.0,0.3632286995515695,0.45964125560538116,0.17713004484304934
142,0.2413793103448276,0.10344827586206896,0.6551724137931034,0.0
143,0.6029411764705882,0.09558823529411764,0.0,0.3014705882352941
144,0.4074074074074074,0.14814814814814814,0.0,0.4444444444444444
145,0.0975609756097561,0.7926829268292683,0.0,0.10975609756097561
146,0.0,0.2832369942196532,0.6864161849710982,0.030346820809248554
147,0.0,0.45348837209302323,0.4011627906976744,0.14534883720930233
148,0.3450834879406308,0.5064935064935064,0.0,0.14842300556586271
149,0.6602209944751382,0.23204419889502761,0.0,0.10773480662983426
150,0.0,0.16566265060240964,0.5768072289156626,0.2575301204819277
151,0.13758389261744966,0.2516778523489933,0.610738255033557,0.0
152,0.22598870056497175,0.0,0.14689265536723164,0.6271186440677966
153,0.0,0.28431372549019607,0.49754901960784315,0.2181372549019608
154,0.1664670658682635,0.681437125748503,0.15209580838323353,0.0
155,0.12797619047619047,0.0,0.23511904761904762,0.6369047619047619
156,0.4595959595959596,0.0,0.4393939393939394,0.10101010101010101
157,0.24087591240875914,0.0,0.35036496350364965,0.40875912408759124
158,0.19888734353268428,0.44645340751043117,0.35465924895688455,0.0
159,0.0,0.2604501607717042,0.5839228295819936,0.15562700964630224
160,0.2146690518783542,0.3774597495527728,0.407871198568873,0.0
161,0.12466124661246612,0.0,0.2915989159891599,0.583739837398374
162,0.15006226650062265,0.0,0.5691158156911582,0.2808219178082192
163,0.2737556561085973,0.3891402714932127,0.33710407239819007,0.0
164,0.24958123953098826,0.3601340033500838,0.39028475711892796,0.0
165,0.5837155963302753,0.38188073394495414,0.0,0.034403669724770644
166,0.7464059804485337,0.2357676825761932,0.0,0.017826336975273145
167,0.24426719840478564,0.6191425722831505,0.1365902293120638,0.0
168,0.0,0.25577557755775576,0.5684818481848185,0.17574257425742573
169,0.45126353790613716,0.048736462093862815,0.5,0.0
170,0.0,0.1346153846153846,0.5852842809364549,0.2801003344481605
171,0.5614113443501563,0.3439035283608754,0.0,0.09468512728896829
172,0.2135102533172497,0.0,0.14475271411338964,0.6417370325693607
173,0.0,0.32591623036649214,0.46727748691099474,0.20680628272251309
174,0.0,0.22920353982300884,0.6849557522123894,0.08584070796460178
175,0.0,0.4470802919708029,0.48175182481751827,0.07116788321167883
176,0.1959847036328872,0.0,0.30019120458891013,0.5038240917782026
177,0.4376731301939058,0.2188365650969529,0.34349030470914127,0.0
178,0.0,0.36147757255936674,0.10290237467018469,0.5356200527704486
179,0.03486529318541997,0.0,0.04120443740095087,0.9239302694136292
180,0.6620825147347741,0.07465618860510806,0.0,0.2632612966601179
181,0.3671875,0.0,0.2552083333333333,0.3776041666666667
182,0.0,0.47415730337078654,0.3303370786516854,0.19550561797752808
183,0.14805825242718446,0.0,0.8276699029126213,0.024271844660194174
184,0.0,0.5173333333333333,0.3253333333333333,0.15733333333333333
185,0.2909090909090909,0.5236363636363637,0.0,0.18545454545454546
186,0.0,0.5763546798029556,0.3842364532019704,0.03940886699507389
187,0.0,0.15228426395939088,0.7423857868020305,0.10532994923857868
188,0.5652573529411765,0.3235294117647059,0.0,0.11121323529411764
189,0.12142857142857143,0.2857142857142857,0.5928571428571429,0.0
190,0.14925373134328357,0.29850746268656714,0.5522388059701493,0.0
191,0.06451612903225806,0.0,0.16845878136200718,0.7670250896057348
192,0.489247311827957,0.0,0.4946236559139785,0.016129032258064516
193,0.0,0.05317324185248713,0.8902229845626072,0.05660377358490566
194,0.5810055865921788,0.33519553072625696,0.0,0.08379888268156424
195,0.4225352112676056,0.2112676056338028,0.0,0.36619718309859156
196,0.8918918918918919,0.06435006435006435,0.0,0.043758043758043756
197,0.6122448979591837,0.0,0.17346938775510204,0.21428571428571427
198,0.0,0.75,0.19047619047619047,0.05952380952380952
199,0.5882352941176471,0.17647058823529413,0.0,0.23529411764705882
200,0.0,0.09782608695652174,0.8840579710144928,0.018115942028985508
201,0.2398884239888424,0.697350069735007,0.0,0.06276150627615062
202,0.07964601769911504,0.4424778761061947,0.4778761061946903,0.0
203,0.32098765432098764,0.0,0.16666666666666666,0.5123456790123457
204,0.0,0.0625,0.4739583333333333,0.4635416666666667
205,0.31048387096774194,0.0,0.21774193548387097,0.4717741935483871
206,0.3299620733249052,0.527180783817952,0.0,0.14285714285714285
207,0.0,0.3916349809885932,0.12357414448669202,0.4847908745247148
208,0.023529411764705882,0.6235294117647059,0.35294117647058826,0.0
209,0.32838038632986627,0.38930163447251115,0.2823179791976226,0.0
210,0.0,0.06552706552706553,0.2706552706552707,0.6638176638176638
211,0.15030674846625766,0.0,0.5506134969325154,0.299079754601227
212,0.061611374407582936,0.0,0.11848341232227488,0.8199052132701422
213,0.5945945945945946,0.14414414414414414,0.0,0.26126126126126126
214,0.11510791366906475,0.0,0.2949640287769784,0.5899280575539568
215,0.3424657534246575,0.3333333333333333,0.0,0.3242009132420091
216,0.5132743362831859,0.39823008849557523,0.0,0.08849557522123894
217,0.0,0.423728813559322,0.4067796610169492,0.1694915254237288
218,0.30434782608695654,0.0,0.4968944099378882,0.19875776397515527
219,0.0,0.6758957654723127,0.31921824104234525,0.004885993485342019
220,0.0,0.31962025316455694,0.307753164556962,0.372626582278481
221,0.0,0.32558139534883723,0.6353820598006644,0.03903654485049834
222,0.3475836431226766,0.1412639405204461,0.5111524163568774,0.0
223,0.3684210526315789,0.0,0.19838056680161945,0.4331983805668016
224,0.1658206429780034,0.0,0.22504230118443316,0.6091370558375635
225,0.0,0.10416666666666667,0.4409722222222222,0.4548611111111111
226,0.23655913978494625,0.0,0.46236559139784944,0.3010752688172043
227,0.28212290502793297,0.4776536312849162,0.0,0.24022346368715083
228,0.0,0.18115942028985507,0.636231884057971,0.1826086956521739
229,0.5986049461001902,0.36017755231452125,0.0,0.04121750158528852
230,0.1382636655948553,0.0,0.12379421221864952,0.7379421221864951
231,0.0,0.1650485436893204,0.34951456310679613,0.4854368932038835
232,0.12037037037037036,0.0,0.1574074074074074,0.7222222222222222
233,0.0,0.10118043844856661,0.5649241146711635,0.33389544688026984
234,0.4067796610169492,0.1016949152542373,0.0,0.4915254237288136
235,0.023787740164684355,0.0,0.08051235132662397,0.8956999085086916
236,0.1325581395348837,0.0,0.42093023255813955,0.44651162790697674
237,0.33505154639175255,0.4484536082474227,0.21649484536082475,0.0
238,0.0,0.14233576642335766,0.032846715328467155,0.8248175182481752
239,0.055350553505535055,0.0,0.033210332103321034,0.9114391143911439
240,0.0,0.4857142857142857,0.06666666666666667,0.44761904761904764
241,0.046511627906976744,0.3488372093023256,0.6046511627906976,0.0
242,0.4,0.06666666666666667,0.0,0.5333333333333333
243,0.1907514450867052,0.7341040462427746,0.0,0.07514450867052024
244,0.0,0.21367521367521367,0.4188034188034188,0.36752136752136755
245,0.7779319916724496,0.18667591950034698,0.0,0.03539208882720333
246,0.10582010582010581,0.0,0.3378684807256236,0.5563114134542706
247,0.15151515151515152,0.21212121212121213,0.6363636363636364,0.0
248,0.21554770318021202,0.4558303886925795,0.0,0.3286219081272085
249,0.0,0.5241157556270096,0.42443729903536975,0.05144694533762058
250,0.548413344182262,0.39951179820992677,0.0,0.05207485760781123
251,0.3285859613428281,0.0,0.3316378433367243,0.3397761953204476
252,0.0,0.1943127962085308,0.7890995260663507,0.016587677725118485
253,0.6215469613259669,0.3149171270718232,0.0,0.06353591160220995
254,0.05990220048899755,0.0,0.11246943765281174,0.8276283618581907
255,0.1951219512195122,0.0,0.22764227642276422,0.5772357723577236
256,0.09375,0.1875,0.71875,0.0
257,0.18770226537216828,0.7216828478964401,0.0,0.09061488673139159
258,0.0,0.2670157068062827,0.693717277486911,0.03926701570680628
259,0.11373801916932907,0.860702875399361,0.0,0.025559105431309903
260,0.0,0.20108695652173914,0.6684782608695652,0.13043478260869565
261,0.06293706293706294,0.5629370629370629,0.3741258741258741,0.0
262,0.2219178082191781,0.0,0.01643835616438356,0.7616438356164383
263,0.14327485380116958,0.5964912280701754,0.260233918128655,0.0
264,0.36036036036036034,0.5045045045045045,0.0,0.13513513513513514
265,0.0,0.6666666666666666,0.2978723404255319,0.03546099290780142
266,0.3760356915232632,0.550031867431485,0.0,0.07393244104525175
267,0.35294117647058826,0.17647058823529413,0.0,0.47058823529411764
268,0.0,0.23076923076923078,0.6153846153846154,0.15384615384615385
269,0.28431372549019607,0.0,0.0196078431372549,0.696078431372549
270,0.0,0.07608695652173914,0.20652173913043478,0.717391304347826
271,0.3469387755102041,0.0,0.4489795918367347,0.20408163265306123
272,0.3076923076923077,0.3516483516483517,0.0,0.34065934065934067
273,0.4782608695652174,0.0,0.0,0.5217391304347826
274,0.125,0.0,0.796875,0.078125
275,0.1951219512195122,0.0,0.1951219512195122,0.6097560975609756
276,0.7870544090056285,0.16604127579737335,0.0,0.04690431519699812
277,0.24793388429752067,0.6446280991735537,0.10743801652892562,0.0
278,0.27332559039876114,0.5338753387533876,0.0,0.19279907084785133
279,0.21875,0.125,0.65625,0.0
280,0.0,0.03571428571428571,0.05952380952380952,0.9047619047619048
281,0.0049261083743842365,0.9630541871921182,0.03201970443349754,0.0
282,0.12,0.32,0.56,0.0
283,0.0,0.006648936170212766,0.011968085106382979,0.9813829787234043
284,0.003942181340341655,0.0,0.006570302233902759,0.9894875164257556
285,0.23655913978494625,0.0967741935483871,0.6666666666666666,0.0
286,0.3559322033898305,0.13559322033898305,0.0,0.5084745762711864
287,0.0,0.7436823104693141,0.2563176895306859,0.0
288,0.5918367346938775,0.030612244897959183,0.0,0.37755102040816324
289,0.1552346570397112,0.0,0.1444043321299639,0.7003610108303249
290,0.5979381443298969,0.23195876288659795,0.0,0.17010309278350516
291,0.0,0.5483870967741935,0.45161290322580644,0.0
292,0.47619047619047616,0.35714285714285715,0.0,0.16666666666666666
293,0.0,0.11494252873563218,0.5862068965517241,0.2988505747126437
294,0.18681318681318682,0.2967032967032967,0.5164835164835165,0.0
295,0.27941176470588236,0.0,0.25,0.47058823529411764
296,0.16666666666666666,0.23333333333333334,0.6,0.0
297,0.13793103448275862,0.0,0.10344827586206896,0.7586206896551724
298,0.3157894736842105,0.5263157894736842,0.0,0.15789473684210525
299,0.15384615384615385,0.0,0.3076923076923077,0.5384615384615384
300,0.0,0.9090909090909091,0.09090909090909091,0.0
301,0.18181818181818182,0.0,0.0,0.8181818181818182
302,0.0,0.0,0.9285714285714286,0.07142857142857142
303,,,,
304,0.0,0.0,1.0,0.0
305,,,,
306,0.0,0.0,1.0,0.0
307,,,,
308,,,,
309,0.0,0.0,1.0,0.0
310,,,,
311,,,,
312,,,,
313,,,,
