,A,C,G,T
0,,,,
1,,,,
2,0.5555555555555556,0.3333333333333333,0.0,0.1111111111111111
3,0.0,1.0,0.0,0.0
4,0.0,0.8181818181818182,0.18181818181818182,0.0
5,0.631578947368421,0.0,0.21052631578947367,0.15789473684210525
6,0.0,0.0,0.5,0.5
7,0.0,0.0,0.8421052631578947,0.15789473684210525
8,0.7681159420289855,0.18840579710144928,0.0,0.043478260869565216
9,0.041666666666666664,0.0,0.125,0.8333333333333334
10,,,,
11,0.3125,0.4375,0.0,0.25
12,0.29411764705882354,0.7058823529411765,0.0,0.0
13,0.25,0.75,0.0,0.0
14,0.36363636363636365,0.36363636363636365,0.0,0.2727272727272727
15,1.0,0.0,0.0,0.0
16,,,,
17,1.0,0.0,0.0,0.0
18,,,,
19,0.0,0.0,0.0,1.0
20,0.15384615384615385,0.8461538461538461,0.0,0.0
21,,,,
22,1.0,0.0,0.0,0.0
23,0.0,0.0,0.0,1.0
24,0.28888888888888886,0.6666666666666666,0.0,0.044444444444444446
25,0.2857142857142857,0.0,0.7142857142857143,0.0
26,0.0,0.5,0.5,0.0
27,,,,
28,0.0,0.3333333333333333,0.0,0.6666666666666666
29,0.9302325581395349,0.046511627906976744,0.0,0.023255813953488372
30,0.6666666666666666,0.2222222222222222,0.0,0.1111111111111111
31,,,,
32,0.48,0.28,0.0,0.24
33,0.0,0.9629629629629629,0.037037037037037035,0.0
34,0.0,0.05172413793103448,0.9310344827586207,0.017241379310344827
35,0.23076923076923078,0.6923076923076923,0.0,0.07692307692307693
36,0.0,0.4,0.6,0.0
37,0.0,0.28846153846153844,0.6346153846153846,0.07692307692307693
38,0.06451612903225806,0.03225806451612903,0.0,0.9032258064516129
39,0.2,0.0,0.8,0.0
40,,,,
41,0.038461538461538464,0.07692307692307693,0.8846153846153846,0.0
42,0.0,1.0,0.0,0.0
43,1.0,0.0,0.0,0.0
44,0.5454545454545454,0.0,0.0,0.45454545454545453
45,0.0,0.0,1.0,0.0
46,,,,
47,0.0,0.0,0.7631578947368421,0.23684210526315788
48,0.0,0.0,1.0,0.0
49,0.0,0.0,1.0,0.0
50,0.5714285714285714,0.35714285714285715,0.0,0.07142857142857142
51,0.6666666666666666,0.3333333333333333,0.0,0.0
52,1.0,0.0,0.0,0.0
53,0.35714285714285715,0.42857142857142855,0.0,0.21428571428571427
54,0.0,0.4,0.4,0.2
55,0.0,0.3076923076923077,0.676923076923077,0.015384615384615385
56,0.8571428571428571,0.047619047619047616,0.0,0.09523809523809523
57,0.84375,0.15625,0.0,0.0
58,0.0,0.5,0.5,0.0
59,0.21428571428571427,0.0,0.07142857142857142,0.7142857142857143
60,0.0,0.6666666666666666,0.3333333333333333,0.0
61,1.0,0.0,0.0,0.0
62,0.04,0.0,0.12,0.84
63,,,,
64,1.0,0.0,0.0,0.0
65,0.024390243902439025,0.0,0.0,0.975609756097561
66,0.0,0.15789473684210525,0.5789473684210527,0.2631578947368421
67,0.0,0.45714285714285713,0.5428571428571428,0.0
68,0.0,1.0,0.0,0.0
69,0.5454545454545454,0.09090909090909091,0.0,0.36363636363636365
70,0.17647058823529413,0.0,0.0,0.8235294117647058
71,0.11290322580645161,0.8225806451612904,0.06451612903225806,0.0
72,0.0,0.7333333333333333,0.26666666666666666,0.0
73,0.0,0.0,0.0,1.0
74,0.08333333333333333,0.8333333333333334,0.08333333333333333,0.0
75,0.4,0.2,0.0,0.4
76,0.5555555555555556,0.2222222222222222,0.0,0.2222222222222222
77,0.0,0.7083333333333334,0.16666666666666666,0.125
78,0.02564102564102564,0.8717948717948718,0.0,0.10256410256410256
79,0.49206349206349204,0.09523809523809523,0.0,0.4126984126984127
80,0.3333333333333333,0.0,0.6666666666666666,0.0
81,0.0,0.12121212121212122,0.12121212121212122,0.7575757575757576
82,0.17647058823529413,0.0,0.5686274509803921,0.2549019607843137
83,0.34615384615384615,0.0,0.15384615384615385,0.5
84,0.3064516129032258,0.6451612903225806,0.04838709677419355,0.0
85,0.0,0.8571428571428571,0.14285714285714285,0.0
86,0.0,0.0,0.42857142857142855,0.5714285714285714
87,0.0,0.5454545454545454,0.42424242424242425,0.030303030303030304
88,0.6041666666666666,0.22916666666666666,0.0,0.16666666666666666
89,0.4387755102040816,0.0,0.15306122448979592,0.40816326530612246
90,0.0,0.05714285714285714,0.8142857142857143,0.12857142857142856
91,0.2876712328767123,0.5342465753424658,0.0,0.1780821917808219
92,0.08,0.0,0.06,0.86
93,0.13793103448275862,0.8275862068965517,0.034482758620689655,0.0
94,0.0,0.48,0.08,0.44
95,0.0,0.8461538461538461,0.15384615384615385,0.0
96,0.0,0.16666666666666666,0.5,0.3333333333333333
97,0.12280701754385964,0.0,0.47368421052631576,0.40350877192982454
98,0.5909090909090909,0.38636363636363635,0.022727272727272728,0.0
99,0.0,0.3,0.12,0.58
100,0.0,1.0,0.0,0.0
101,0.06896551724137931,0.0,0.5172413793103449,0.41379310344827586
102,0.0,0.06896551724137931,0.4827586206896552,0.4482758620689655
103,0.47115384615384615,0.5096153846153846,0.0,0.019230769230769232
104,0.013333333333333334,0.0,0.013333333333333334,0.9733333333333334
105,,,,
106,0.0,0.0,0.0,1.0
107,0.0,0.0,0.0,1.0
108,0.19230769230769232,0.5384615384615384,0.0,0.2692307692307692
109,0.0,0.6666666666666666,0.3333333333333333,0.0
110,0.2,0.6,0.0,0.2
111,1.0,0.0,0.0,0.0
112,1.0,0.0,0.0,0.0
113,0.0,0.32,0.36,0.32
114,0.0,0.0,1.0,0.0
115,0.0,0.0,1.0,0.0
116,,,,
117,0.0,0.5,0.0,0.5
118,0.0,0.0,0.2,0.8
119,0.5,0.0,0.0,0.5
120,0.3333333333333333,0.0,0.3333333333333333,0.3333333333333333
121,0.3333333333333333,0.0,0.3333333333333333,0.3333333333333333
122,0.5217391304347826,0.391304347826087,0.08695652173913043,0.0
123,,,,
124,0.0,0.0,0.0,1.0
125,0.0,0.4878048780487805,0.2926829268292683,0.21951219512195122
126,0.0,0.0,1.0,0.0
127,0.0,0.16666666666666666,0.75,0.08333333333333333
128,0.0,0.0,0.9411764705882353,0.058823529411764705
129,0.75,0.1875,0.0,0.0625
130,0.0,0.0,0.0,1.0
131,0.44155844155844154,0.12987012987012986,0.0,0.42857142857142855
132,0.07692307692307693,0.0,0.15384615384615385,0.7692307692307693
133,0.0,0.875,0.125,0.0
134,0.0,0.6,0.4,0.0
135,0.0,1.0,0.0,0.0
136,0.0,0.0,1.0,0.0
137,1.0,0.0,0.0,0.0
138,,,,
139,0.14285714285714285,0.0,0.0,0.8571428571428571
140,0.0,0.8,0.0,0.2
141,0.0,0.5652173913043478,0.34782608695652173,0.08695652173913043
142,0.0,1.0,0.0,0.0
143,0.0,0.0,0.0,1.0
144,,,,
145,0.0,1.0,0.0,0.0
146,0.0,0.3225806451612903,0.6451612903225806,0.03225806451612903
147,0.6296296296296297,0.2962962962962963,0.0,0.07407407407407407
148,0.29411764705882354,0.23529411764705882,0.0,0.47058823529411764
149,0.47368421052631576,0.4342105263157895,0.0,0.09210526315789473
150,0.0,0.12727272727272726,0.2545454545454545,0.6181818181818182
151,0.0,0.7777777777777778,0.2222222222222222,0.0
152,0.0,0.0,0.3333333333333333,0.6666666666666666
153,0.0,0.5,0.35714285714285715,0.14285714285714285
154,0.11538461538461539,0.7692307692307693,0.11538461538461539,0.0
155,0.15789473684210525,0.0,0.10526315789473684,0.7368421052631579
156,0.35714285714285715,0.0,0.42857142857142855,0.21428571428571427
157,0.0,0.0,0.5,0.5
158,0.18181818181818182,0.7454545454545455,0.07272727272727272,0.0
159,0.0,0.2222222222222222,0.5111111111111111,0.26666666666666666
160,0.17777777777777778,0.26666666666666666,0.5555555555555556,0.0
161,0.26136363636363635,0.0,0.45454545454545453,0.2840909090909091
162,0.1836734693877551,0.0,0.32653061224489793,0.4897959183673469
163,0.34782608695652173,0.34782608695652173,0.30434782608695654,0.0
164,0.09090909090909091,0.18181818181818182,0.7272727272727273,0.0
165,0.5454545454545454,0.45454545454545453,0.0,0.0
166,0.6046511627906976,0.3488372093023256,0.0,0.046511627906976744
167,0.43902439024390244,0.17073170731707318,0.3902439024390244,0.0
168,0.0,0.11864406779661017,0.6440677966101694,0.23728813559322035
169,0.1744186046511628,0.0,0.20930232558139536,0.6162790697674418
170,0.0,0.09375,0.59375,0.3125
171,0.5631067961165048,0.4077669902912621,0.0,0.02912621359223301
172,0.3333333333333333,0.0,0.13333333333333333,0.5333333333333333
173,0.0,0.2127659574468085,0.48936170212765956,0.2978723404255319
174,0.0,0.25,0.6136363636363636,0.13636363636363635
175,0.0,0.5128205128205128,0.358974358974359,0.1282051282051282
176,0.20270270270270271,0.0,0.10810810810810811,0.6891891891891891
177,0.26666666666666666,0.5333333333333333,0.2,0.0
178,0.0,0.3157894736842105,0.0,0.6842105263157895
179,0.06666666666666667,0.0,0.13333333333333333,0.8
180,0.75,0.075,0.0,0.175
181,0.6153846153846154,0.0,0.38461538461538464,0.0
182,0.0,0.2413793103448276,0.5172413793103449,0.2413793103448276
183,0.2,0.0,0.8,0.0
184,0.0,0.26666666666666666,0.6,0.13333333333333333
185,0.23529411764705882,0.5294117647058824,0.0,0.23529411764705882
186,0.0,0.13636363636363635,0.6818181818181818,0.18181818181818182
187,0.0,0.5384615384615384,0.40384615384615385,0.057692307692307696
188,0.5072463768115942,0.13043478260869565,0.0,0.36231884057971014
189,0.0,0.0,1.0,0.0
190,0.0,0.0,1.0,0.0
191,0.0,0.0,0.10344827586206896,0.896551724137931
192,0.4090909090909091,0.0,0.45454545454545453,0.13636363636363635
193,0.0,0.07407407407407407,0.6666666666666666,0.25925925925925924
194,0.4,0.0,0.0,0.6
195,0.8333333333333334,0.16666666666666666,0.0,0.0
196,0.8421052631578947,0.15789473684210525,0.0,0.0
197,0.23076923076923078,0.0,0.38461538461538464,0.38461538461538464
198,0.0,1.0,0.0,0.0
199,0.25,0.5,0.0,0.25
200,0.0,0.0,1.0,0.0
201,0.08695652173913043,0.8913043478260869,0.0,0.021739130434782608
202,0.0,0.25,0.75,0.0
203,0.25,0.0,0.5416666666666666,0.20833333333333334
204,0.0,0.0,0.32,0.68
205,0.5454545454545454,0.0,0.18181818181818182,0.2727272727272727
206,0.2833333333333333,0.65,0.0,0.06666666666666667
207,0.0,0.6153846153846154,0.23076923076923078,0.15384615384615385
208,0.0,0.75,0.25,0.0
209,0.6811594202898551,0.21739130434782608,0.10144927536231885,0.0
210,0.0,0.0625,0.1875,0.75
211,0.14285714285714285,0.0,0.6428571428571429,0.21428571428571427
212,0.10344827586206896,0.0,0.41379310344827586,0.4827586206896552
213,0.0,0.07586206896551724,0.8758620689655172,0.04827586206896552
214,0.06666666666666667,0.0,0.06666666666666667,0.8666666666666667
215,0.375,0.0,0.0,0.625
216,0.1111111111111111,0.6666666666666666,0.0,0.2222222222222222
217,0.0,0.037037037037037035,0.9629629629629629,0.0
218,0.0,0.0,0.2222222222222222,0.7777777777777778
219,0.15,0.85,0.0,0.0
220,0.0,0.5283018867924528,0.39622641509433965,0.07547169811320754
221,0.0,0.3465346534653465,0.6138613861386139,0.039603960396039604
222,0.6590909090909091,0.13636363636363635,0.20454545454545456,0.0
223,0.8484848484848485,0.0,0.030303030303030304,0.12121212121212122
224,0.49019607843137253,0.0,0.0784313725490196,0.43137254901960786
225,0.0,0.06666666666666667,0.6666666666666666,0.26666666666666666
226,0.043478260869565216,0.0,0.17391304347826086,0.782608695652174
227,0.15384615384615385,0.8461538461538461,0.0,0.0
228,0.0,0.27586206896551724,0.5517241379310345,0.1724137931034483
229,0.33766233766233766,0.5974025974025974,0.0,0.06493506493506493
230,0.057971014492753624,0.0,0.7391304347826086,0.2028985507246377
231,0.0,0.0,0.4,0.6
232,0.041666666666666664,0.0,0.0,0.9583333333333334
233,0.0,0.49230769230769234,0.3230769230769231,0.18461538461538463
234,0.7073170731707317,0.024390243902439025,0.0,0.2682926829268293
235,0.014084507042253521,0.0,0.323943661971831,0.6619718309859155
236,0.3125,0.0,0.25,0.4375
237,0.08333333333333333,0.08333333333333333,0.8333333333333334,0.0
238,0.0,0.07692307692307693,0.02564102564102564,0.8974358974358975
239,0.0,0.0,0.6129032258064516,0.3870967741935484
240,0.0,0.3333333333333333,0.06666666666666667,0.6
241,0.0,0.0,1.0,0.0
242,0.0,0.5,0.0,0.5
243,0.7142857142857143,0.14285714285714285,0.0,0.14285714285714285
244,0.0,0.25,0.25,0.5
245,0.7407407407407407,0.2222222222222222,0.0,0.037037037037037035
246,0.18518518518518517,0.0,0.12962962962962962,0.6851851851851852
247,0.0,0.0,1.0,0.0
248,0.08333333333333333,0.5,0.0,0.4166666666666667
249,0.0,0.23809523809523808,0.7380952380952381,0.023809523809523808
250,0.4186046511627907,0.4883720930232558,0.0,0.09302325581395349
251,0.42857142857142855,0.0,0.26785714285714285,0.30357142857142855
252,0.0,0.0,0.9454545454545454,0.05454545454545454
253,0.9347826086956522,0.06521739130434782,0.0,0.0
254,0.125,0.0,0.16666666666666666,0.7083333333333334
255,0.0,0.0,0.0,1.0
256,,,,
257,0.48,0.4,0.0,0.12
258,0.0,0.42857142857142855,0.42857142857142855,0.14285714285714285
259,0.24786324786324787,0.7350427350427351,0.0,0.017094017094017096
260,0.0,0.6923076923076923,0.3076923076923077,0.0
261,0.175,0.7,0.125,0.0
262,0.625,0.0,0.025,0.35
263,0.5,0.19230769230769232,0.3076923076923077,0.0
264,0.2222222222222222,0.7777777777777778,0.0,0.0
265,0.0,0.3333333333333333,0.6666666666666666,0.0
266,0.6044776119402985,0.3208955223880597,0.0,0.07462686567164178
267,1.0,0.0,0.0,0.0
268,,,,
269,1.0,0.0,0.0,0.0
270,0.0,0.0,0.2,0.8
271,0.0,0.0,1.0,0.0
272,0.2,0.06666666666666667,0.0,0.7333333333333333
273,,,,
274,0.0,0.0,1.0,0.0
275,0.896551724137931,0.0,0.06896551724137931,0.034482758620689655
276,0.65625,0.28125,0.0,0.0625
277,0.25,0.75,0.0,0.0
278,0.37735849056603776,0.2830188679245283,0.0,0.33962264150943394
279,0.0,0.0,1.0,0.0
280,0.0,0.0,0.0,1.0
281,0.0,1.0,0.0,0.0
282,0.0,0.0,1.0,0.0
283,0.0,0.034482758620689655,0.0,0.9655172413793104
284,0.0,0.0,0.0,1.0
285,0.0,0.3333333333333333,0.6666666666666666,0.0
286,,,,
287,0.0,0.8888888888888888,0.1111111111111111,0.0
288,0.6470588235294118,0.0,0.0,0.35294117647058826
289,0.0,0.0,0.09090909090909091,0.9090909090909091
290,0.3333333333333333,0.3333333333333333,0.0,0.3333333333333333
291,0.0,0.6923076923076923,0.3076923076923077,0.0
292,0.0,1.0,0.0,0.0
293,0.0,0.0,0.5,0.5
294,0.0,1.0,0.0,0.0
295,0.0,0.3333333333333333,0.6666666666666666,0.0
296,0.0,1.0,0.0,0.0
297,0.0,0.0,1.0,0.0
298,,,,
299,,,,
300,,,,
301,,,,
302,,,,
303,,,,
304,,,,
305,,,,
306,,,,
307,,,,
308,,,,
309,,,,
310,,,,
311,,,,
312,,,,
313,,,,
314,,,,
315,,,,
