,A,C,G,T
0,,,,
1,,,,
2,0.0,0.0,0.0,1.0
3,1.0,0.0,0.0,0.0
4,1.0,0.0,0.0,0.0
5,0.0,0.0,1.0,0.0
6,0.0,0.0,0.5,0.5
7,,,,
8,,,,
9,0.0,0.5,0.5,0.0
10,,,,
11,,,,
12,,,,
13,0.5,0.5,0.0,0.0
14,,,,
15,,,,
16,0.0,1.0,0.0,0.0
17,,,,
18,,,,
19,,,,
20,0.0,0.0,1.0,0.0
21,,,,
22,,,,
23,0.0,1.0,0.0,0.0
24,,,,
25,,,,
26,,,,
27,,,,
28,,,,
29,,,,
30,,,,
31,,,,
32,,,,
33,0.0,1.0,0.0,0.0
34,,,,
35,,,,
36,0.0,1.0,0.0,0.0
37,0.0,0.0,1.0,0.0
38,,,,
39,0.0,0.0,0.0,1.0
40,,,,
41,,,,
42,0.0,0.0,1.0,0.0
43,0.0,0.0,0.0,1.0
44,0.0,0.3333333333333333,0.3333333333333333,0.3333333333333333
45,0.0,0.0,1.0,0.0
46,,,,
47,,,,
48,,,,
49,,,,
50,,,,
51,0.0,0.0,1.0,0.0
52,,,,
53,,,,
54,,,,
55,,,,
56,,,,
57,0.0,0.0,0.0,1.0
58,,,,
59,,,,
60,,,,
61,,,,
62,,,,
63,,,,
64,,,,
65,,,,
66,0.0,0.0,0.0,1.0
67,0.0,0.0,1.0,0.0
68,0.5,0.0,0.0,0.5
69,,,,
70,1.0,0.0,0.0,0.0
71,0.0,0.0,0.0,1.0
72,,,,
73,,,,
74,0.0,1.0,0.0,0.0
75,0.0,0.0,0.0,1.0
76,,,,
77,0.5,0.5,0.0,0.0
78,,,,
79,,,,
80,0.0,0.0,0.0,1.0
81,,,,
82,,,,
83,0.0,0.0,1.0,0.0
84,0.0,0.0,0.0,1.0
85,,,,
86,0.0,0.0,1.0,0.0
87,,,,
88,0.0,1.0,0.0,0.0
89,0.5,0.0,0.0,0.5
90,0.0,0.5,0.0,0.5
91,1.0,0.0,0.0,0.0
92,0.25,0.5,0.25,0.0
93,0.0,0.3333333333333333,0.3333333333333333,0.3333333333333333
94,0.2857142857142857,0.7142857142857143,0.0,0.0
95,0.5,0.25,0.25,0.0
96,1.0,0.0,0.0,0.0
97,0.5,0.5,0.0,0.0
98,0.0,0.3333333333333333,0.3333333333333333,0.3333333333333333
99,0.0,0.5,0.5,0.0
100,0.0,1.0,0.0,0.0
101,,,,
102,0.0,0.0,1.0,0.0
103,0.0,1.0,0.0,0.0
104,,,,
105,1.0,0.0,0.0,0.0
106,,,,
107,0.5,0.25,0.0,0.25
108,0.0,0.3333333333333333,0.3333333333333333,0.3333333333333333
109,0.5555555555555556,0.4444444444444444,0.0,0.0
110,0.0,0.0,0.16666666666666666,0.8333333333333334
111,,,,
112,,,,
113,,,,
114,0.0,0.5,0.0,0.5
115,,,,
116,1.0,0.0,0.0,0.0
117,,,,
118,,,,
119,0.5,0.5,0.0,0.0
120,,,,
121,,,,
122,1.0,0.0,0.0,0.0
123,0.0,0.0,1.0,0.0
124,0.0,0.0,1.0,0.0
125,,,,
126,,,,
127,,,,
128,0.0,1.0,0.0,0.0
129,,,,
130,,,,
131,1.0,0.0,0.0,0.0
132,,,,
133,0.0,0.0,1.0,0.0
134,,,,
135,,,,
136,0.0,0.0,1.0,0.0
137,,,,
138,,,,
139,0.0,1.0,0.0,0.0
140,,,,
141,,,,
142,,,,
143,1.0,0.0,0.0,0.0
144,0.0,0.0,1.0,0.0
145,,,,
146,0.0,0.0,0.0,1.0
147,,,,
148,,,,
149,,,,
150,,,,
151,0.0,0.0,1.0,0.0
152,0.0,0.0,1.0,0.0
153,0.5,0.0,0.0,0.5
154,,,,
155,0.3333333333333333,0.0,0.6666666666666666,0.0
156,0.0,0.0,1.0,0.0
157,,,,
158,1.0,0.0,0.0,0.0
159,,,,
160,,,,
161,0.0,1.0,0.0,0.0
162,0.0,0.0,1.0,0.0
163,,,,
164,,,,
165,1.0,0.0,0.0,0.0
166,0.0,0.0,0.0,1.0
167,,,,
168,0.0,0.0,0.0,1.0
169,0.0,0.0,1.0,0.0
170,0.3333333333333333,0.6666666666666666,0.0,0.0
171,1.0,0.0,0.0,0.0
172,0.0,0.5,0.0,0.5
173,0.0,1.0,0.0,0.0
174,0.0,0.25,0.75,0.0
175,0.0,0.75,0.25,0.0
176,0.0,0.0,1.0,0.0
177,0.0,0.75,0.25,0.0
178,0.0,1.0,0.0,0.0
179,0.0,0.0,0.0,1.0
180,0.0,1.0,0.0,0.0
181,0.0,0.0,0.0,1.0
182,0.5,0.0,0.0,0.5
183,,,,
184,0.75,0.125,0.0,0.125
185,0.25,0.0,0.0,0.75
186,0.0,0.375,0.625,0.0
187,0.5,0.0,0.5,0.0
188,0.0,0.0,1.0,0.0
189,,,,
190,0.0,0.0,0.0,1.0
191,1.0,0.0,0.0,0.0
192,0.0,0.0,1.0,0.0
193,1.0,0.0,0.0,0.0
194,0.0,0.0,0.0,1.0
195,0.0,0.0,1.0,0.0
196,0.0,0.25,0.75,0.0
197,,,,
198,0.0,0.0,1.0,0.0
199,1.0,0.0,0.0,0.0
200,,,,
201,0.0,1.0,0.0,0.0
202,,,,
203,1.0,0.0,0.0,0.0
204,,,,
205,,,,
206,1.0,0.0,0.0,0.0
207,0.0,0.0,0.6666666666666666,0.3333333333333333
208,0.0,0.0,1.0,0.0
209,,,,
210,0.0,0.0,1.0,0.0
211,,,,
212,0.0,0.0,0.0,1.0
213,,,,
214,0.0,0.0,0.0,1.0
215,0.0,0.0,1.0,0.0
216,0.0,1.0,0.0,0.0
217,0.0,0.0,1.0,0.0
218,,,,
219,,,,
220,,,,
221,,,,
222,0.0,1.0,0.0,0.0
223,,,,
224,0.0,0.0,0.3333333333333333,0.6666666666666666
225,0.0,1.0,0.0,0.0
226,,,,
227,0.0,0.0,0.0,1.0
228,,,,
229,0.0,0.0,1.0,0.0
230,0.0,0.0,0.5,0.5
231,0.0,0.0,1.0,0.0
232,0.0,0.0,1.0,0.0
233,0.0,0.0,0.3333333333333333,0.6666666666666666
234,,,,
235,,,,
236,1.0,0.0,0.0,0.0
237,,,,
238,,,,
239,,,,
240,,,,
241,0.0,1.0,0.0,0.0
242,,,,
243,,,,
244,,,,
245,0.0,1.0,0.0,0.0
246,0.0,0.0,0.5,0.5
247,0.25,0.0,0.25,0.5
248,,,,
249,0.0,0.0,0.4,0.6
250,,,,
251,,,,
252,0.0,0.0,0.5,0.5
253,0.0,0.0,0.0,1.0
254,0.0,0.0,0.5,0.5
255,0.0,0.0,1.0,0.0
256,,,,
257,1.0,0.0,0.0,0.0
258,0.0,0.0,0.5,0.5
259,0.0,1.0,0.0,0.0
260,1.0,0.0,0.0,0.0
261,,,,
262,,,,
263,0.0,0.0,0.5,0.5
264,0.0,0.0,0.5,0.5
265,,,,
266,0.0,0.0,1.0,0.0
267,1.0,0.0,0.0,0.0
268,0.0,0.6666666666666666,0.3333333333333333,0.0
269,0.3333333333333333,0.6666666666666666,0.0,0.0
270,,,,
271,,,,
272,,,,
273,0.0,0.0,1.0,0.0
274,,,,
275,0.0,1.0,0.0,0.0
276,,,,
277,0.0,0.0,1.0,0.0
278,,,,
279,,,,
280,,,,
281,0.3333333333333333,0.5833333333333334,0.0,0.08333333333333333
282,,,,
283,,,,
284,,,,
285,,,,
286,0.0,0.0,0.0,1.0
287,0.0,0.0,0.0,1.0
288,,,,
289,,,,
290,,,,
291,,,,
292,0.0,0.0,0.0,1.0
293,0.0,0.0,0.75,0.25
294,,,,
295,,,,
296,,,,
297,0.0,0.0,0.0,1.0
298,0.0,1.0,0.0,0.0
299,0.0,0.0,0.0,1.0
300,,,,
301,,,,
302,,,,
303,,,,
304,,,,
305,,,,
306,,,,
307,,,,
308,,,,
309,,,,
310,,,,
311,,,,
312,,,,
313,,,,
314,,,,
315,,,,
316,,,,
317,,,,
318,,,,
319,,,,
320,,,,
