,A,C,G,T
0,,,,
1,,,,
2,1.0,0.0,0.0,0.0
3,0.5,0.5,0.0,0.0
4,0.0,0.6666666666666666,0.3333333333333333,0.0
5,0.0,0.0,1.0,0.0
6,1.0,0.0,0.0,0.0
7,,,,
8,0.058823529411764705,0.9411764705882353,0.0,0.0
9,0.0,0.0,0.6,0.4
10,1.0,0.0,0.0,0.0
11,0.0,0.0,0.0,1.0
12,,,,
13,0.5,0.5,0.0,0.0
14,0.16666666666666666,0.5,0.0,0.3333333333333333
15,,,,
16,,,,
17,1.0,0.0,0.0,0.0
18,0.0,1.0,0.0,0.0
19,,,,
20,,,,
21,0.0,0.0,0.0,1.0
22,,,,
23,0.0,1.0,0.0,0.0
24,0.42857142857142855,0.5,0.0,0.07142857142857142
25,0.0,0.0,0.0,1.0
26,,,,
27,,,,
28,0.0,0.6666666666666666,0.3333333333333333,0.0
29,0.6666666666666666,0.0,0.0,0.3333333333333333
30,0.13043478260869565,0.13043478260869565,0.0,0.7391304347826086
31,0.0,1.0,0.0,0.0
32,0.0,0.0,0.0,1.0
33,0.0,0.0,1.0,0.0
34,0.0,0.5,0.5,0.0
35,1.0,0.0,0.0,0.0
36,0.0,0.2222222222222222,0.7777777777777778,0.0
37,0.0,0.25,0.75,0.0
38,0.3333333333333333,0.5555555555555556,0.0,0.1111111111111111
39,,,,
40,,,,
41,1.0,0.0,0.0,0.0
42,0.0,0.0,0.0,1.0
43,,,,
44,0.0,0.0,0.0,1.0
45,0.0,0.0,0.0,1.0
46,0.0,0.0,0.0,1.0
47,,,,
48,0.0,0.5,0.5,0.0
49,,,,
50,,,,
51,,,,
52,0.0,1.0,0.0,0.0
53,,,,
54,,,,
55,0.0,0.42857142857142855,0.5714285714285714,0.0
56,0.0,1.0,0.0,0.0
57,0.0,0.9333333333333333,0.0,0.06666666666666667
58,,,,
59,0.0,0.0,1.0,0.0
60,,,,
61,0.0,0.0,1.0,0.0
62,0.0,0.0,1.0,0.0
63,0.0,0.0,1.0,0.0
64,,,,
65,0.0,0.0,0.0,1.0
66,0.0,0.6,0.4,0.0
67,0.0,0.14285714285714285,0.8571428571428571,0.0
68,,,,
69,1.0,0.0,0.0,0.0
70,,,,
71,0.375,0.625,0.0,0.0
72,0.0,0.0,1.0,0.0
73,,,,
74,0.0,0.6666666666666666,0.3333333333333333,0.0
75,1.0,0.0,0.0,0.0
76,1.0,0.0,0.0,0.0
77,0.0,0.6666666666666666,0.3333333333333333,0.0
78,0.0,0.0,1.0,0.0
79,0.0,0.0,0.0,1.0
80,,,,
81,0.0,0.631578947368421,0.3684210526315789,0.0
82,0.06666666666666667,0.0,0.6,0.3333333333333333
83,0.6,0.0,0.2,0.2
84,0.0,1.0,0.0,0.0
85,0.0,1.0,0.0,0.0
86,0.0,0.0,1.0,0.0
87,0.0,0.47058823529411764,0.058823529411764705,0.47058823529411764
88,0.15384615384615385,0.0,0.38461538461538464,0.46153846153846156
89,0.0,0.0,0.0,1.0
90,0.0,0.0,0.9,0.1
91,0.6666666666666666,0.28205128205128205,0.0,0.05128205128205128
92,0.3333333333333333,0.0,0.0,0.6666666666666666
93,0.0,0.0,1.0,0.0
94,0.0,0.0,1.0,0.0
95,0.0,1.0,0.0,0.0
96,1.0,0.0,0.0,0.0
97,0.5,0.5,0.0,0.0
98,0.2,0.2,0.6,0.0
99,0.0,0.10526315789473684,0.10526315789473684,0.7894736842105263
100,0.0,0.0,1.0,0.0
101,0.08333333333333333,0.0,0.0,0.9166666666666666
102,0.0,0.5,0.5,0.0
103,0.375,0.5625,0.0,0.0625
104,0.0,0.0,0.0,1.0
105,0.0,0.0,1.0,0.0
106,0.0,0.0,0.0,1.0
107,,,,
108,0.5,0.5,0.0,0.0
109,,,,
110,0.0,0.5,0.0,0.5
111,1.0,0.0,0.0,0.0
112,,,,
113,0.0,0.75,0.25,0.0
114,,,,
115,0.0,0.25,0.75,0.0
116,,,,
117,,,,
118,1.0,0.0,0.0,0.0
119,0.25,0.0,0.75,0.0
120,,,,
121,,,,
122,0.0,0.0,1.0,0.0
123,,,,
124,,,,
125,0.0,0.3333333333333333,0.6666666666666666,0.0
126,1.0,0.0,0.0,0.0
127,0.0,0.0,1.0,0.0
128,0.0,0.11764705882352941,0.8823529411764706,0.0
129,0.0,1.0,0.0,0.0
130,1.0,0.0,0.0,0.0
131,0.5,0.0,0.0,0.5
132,0.0,0.0,0.0,1.0
133,,,,
134,,,,
135,1.0,0.0,0.0,0.0
136,,,,
137,1.0,0.0,0.0,0.0
138,,,,
139,0.0,0.0,0.0,1.0
140,0.0,0.0,0.0,1.0
141,0.0,1.0,0.0,0.0
142,,,,
143,0.5,0.5,0.0,0.0
144,1.0,0.0,0.0,0.0
145,0.0,1.0,0.0,0.0
146,0.0,0.36363636363636365,0.5454545454545454,0.09090909090909091
147,1.0,0.0,0.0,0.0
148,1.0,0.0,0.0,0.0
149,0.6666666666666666,0.3333333333333333,0.0,0.0
150,0.0,0.2,0.4,0.4
151,0.0,0.0,1.0,0.0
152,0.5,0.0,0.5,0.0
153,0.0,0.0,0.75,0.25
154,1.0,0.0,0.0,0.0
155,0.0,0.0,0.0,1.0
156,0.7857142857142857,0.0,0.0,0.21428571428571427
157,0.2222222222222222,0.0,0.7777777777777778,0.0
158,0.8,0.2,0.0,0.0
159,0.2,0.56,0.24,0.0
160,0.0,0.8,0.0,0.2
161,0.0,0.0,1.0,0.0
162,0.0,0.0,1.0,0.0
163,0.0,0.9333333333333333,0.06666666666666667,0.0
164,0.8666666666666667,0.06666666666666667,0.06666666666666667,0.0
165,0.6666666666666666,0.3333333333333333,0.0,0.0
166,0.4444444444444444,0.4444444444444444,0.0,0.1111111111111111
167,0.5384615384615384,0.0,0.46153846153846156,0.0
168,0.0,0.3076923076923077,0.5384615384615384,0.15384615384615385
169,,,,
170,0.2,0.0,0.4,0.4
171,0.0,0.0,1.0,0.0
172,0.5909090909090909,0.0,0.36363636363636365,0.045454545454545456
173,0.0,0.3333333333333333,0.6666666666666666,0.0
174,0.0,0.2,0.6,0.2
175,,,,
176,0.2631578947368421,0.0,0.631578947368421,0.10526315789473684
177,0.6666666666666666,0.0,0.3333333333333333,0.0
178,0.0,0.0,0.0,1.0
179,0.0,0.5,0.5,0.0
180,0.0,0.5,0.0,0.5
181,0.5,0.0,0.5,0.0
182,0.0,0.5,0.5,0.0
183,0.5,0.0,0.5,0.0
184,0.0,0.5,0.5,0.0
185,1.0,0.0,0.0,0.0
186,0.0,0.9230769230769231,0.07692307692307693,0.0
187,0.0,0.125,0.875,0.0
188,0.0625,0.1875,0.0,0.75
189,0.47058823529411764,0.0,0.08823529411764706,0.4411764705882353
190,,,,
191,0.0,0.0,0.0,1.0
192,0.3333333333333333,0.0,0.6666666666666666,0.0
193,0.0,0.0,0.5,0.5
194,0.0625,0.9375,0.0,0.0
195,,,,
196,1.0,0.0,0.0,0.0
197,0.0,0.0,0.0,1.0
198,0.0,1.0,0.0,0.0
199,,,,
200,0.0,0.0,1.0,0.0
201,0.9,0.1,0.0,0.0
202,1.0,0.0,0.0,0.0
203,1.0,0.0,0.0,0.0
204,0.0,0.0,0.0,1.0
205,0.0,0.0,0.5,0.5
206,0.25,0.0,0.0,0.75
207,0.0,0.5384615384615384,0.15384615384615385,0.3076923076923077
208,,,,
209,0.5,0.0,0.0,0.5
210,0.0,0.5,0.5,0.0
211,0.5,0.0,0.5,0.0
212,0.0,0.0,0.0,1.0
213,,,,
214,0.3333333333333333,0.0,0.3333333333333333,0.3333333333333333
215,0.0,0.8,0.0,0.2
216,,,,
217,,,,
218,,,,
219,0.0,1.0,0.0,0.0
220,0.0,0.0,0.0,1.0
221,0.0,0.6,0.2,0.2
222,0.6,0.2,0.2,0.0
223,0.0,0.0,1.0,0.0
224,0.0625,0.0,0.8125,0.125
225,0.0,0.25,0.5,0.25
226,,,,
227,,,,
228,0.0,0.0,0.8333333333333334,0.16666666666666666
229,0.6666666666666666,0.3333333333333333,0.0,0.0
230,0.0,0.0,0.0,1.0
231,0.0,0.0,0.0,1.0
232,0.0,0.0,0.0,1.0
233,0.0,0.6,0.2,0.2
234,,,,
235,0.0,0.0,0.0,1.0
236,,,,
237,0.0,1.0,0.0,0.0
238,,,,
239,0.0,0.0,0.0,1.0
240,0.0,0.6,0.0,0.4
241,,,,
242,,,,
243,0.0,1.0,0.0,0.0
244,0.0,0.0,1.0,0.0
245,0.8928571428571429,0.07142857142857142,0.0,0.03571428571428571
246,0.0,0.0,0.5,0.5
247,0.0,1.0,0.0,0.0
248,0.0,0.0,0.0,1.0
249,0.0,0.5,0.5,0.0
250,0.14285714285714285,0.2857142857142857,0.0,0.5714285714285714
251,1.0,0.0,0.0,0.0
252,0.0,0.0,1.0,0.0
253,0.6666666666666666,0.0,0.0,0.3333333333333333
254,0.0,0.0,0.0,1.0
255,1.0,0.0,0.0,0.0
256,,,,
257,0.0,0.09090909090909091,0.9090909090909091,0.0
258,0.0,1.0,0.0,0.0
259,0.06666666666666667,0.9333333333333333,0.0,0.0
260,,,,
261,1.0,0.0,0.0,0.0
262,0.0,0.0,0.0,1.0
263,,,,
264,,,,
265,,,,
266,0.0,0.0,0.0,1.0
267,0.0,0.0,0.0,1.0
268,0.0,1.0,0.0,0.0
269,,,,
270,0.0,0.5,0.0,0.5
271,0.0,0.0,1.0,0.0
272,,,,
273,,,,
274,,,,
275,,,,
276,,,,
277,,,,
278,,,,
279,,,,
280,,,,
281,,,,
282,,,,
283,,,,
284,,,,
285,,,,
286,,,,
287,,,,
288,,,,
289,,,,
290,,,,
291,,,,
292,,,,
293,,,,
294,,,,
295,,,,
