,A,C,G,T
0,,,,
1,,,,
2,0.8958333333333334,0.041666666666666664,0.0,0.0625
3,0.9,0.0,0.0,0.1
4,0.0,0.8,0.2,0.0
5,0.5,0.0,0.3333333333333333,0.16666666666666666
6,0.0,0.04477611940298507,0.35074626865671643,0.6044776119402985
7,0.0,0.0,0.0,1.0
8,0.15384615384615385,0.0,0.2692307692307692,0.5769230769230769
9,0.08450704225352113,0.8450704225352113,0.07042253521126761,0.0
10,1.0,0.0,0.0,0.0
11,0.3088235294117647,0.5735294117647058,0.0,0.11764705882352941
12,0.0,0.75,0.08333333333333333,0.16666666666666666
13,0.5108695652173914,0.42391304347826086,0.0,0.06521739130434782
14,0.4,0.2727272727272727,0.0,0.32727272727272727
15,0.1,0.2,0.0,0.7
16,0.0,0.8333333333333334,0.0,0.16666666666666666
17,0.8688524590163934,0.04918032786885246,0.0,0.08196721311475409
18,0.4444444444444444,0.2222222222222222,0.3333333333333333,0.0
19,1.0,0.0,0.0,0.0
20,0.0,0.74,0.26,0.0
21,0.17647058823529413,0.17647058823529413,0.0,0.6470588235294118
22,0.18181818181818182,0.45454545454545453,0.0,0.36363636363636365
23,0.13846153846153847,0.8307692307692308,0.03076923076923077,0.0
24,0.3333333333333333,0.0,0.0,0.6666666666666666
25,1.0,0.0,0.0,0.0
26,0.56,0.32,0.12,0.0
27,0.22727272727272727,0.22727272727272727,0.0,0.5454545454545454
28,0.5238095238095238,0.0,0.0,0.47619047619047616
29,0.7222222222222222,0.06944444444444445,0.0,0.20833333333333334
30,0.017543859649122806,0.0,0.47368421052631576,0.5087719298245614
31,0.09090909090909091,0.18181818181818182,0.7272727272727273,0.0
32,0.8181818181818182,0.09090909090909091,0.0,0.09090909090909091
33,0.4519230769230769,0.49038461538461536,0.0,0.057692307692307696
34,0.2727272727272727,0.5454545454545454,0.18181818181818182,0.0
35,0.4166666666666667,0.24074074074074073,0.0,0.3425925925925926
36,0.0,0.7014925373134329,0.26865671641791045,0.029850746268656716
37,0.0,0.22972972972972974,0.6993243243243243,0.07094594594594594
38,0.0,0.05583756345177665,0.9086294416243654,0.03553299492385787
39,0.09375,0.0,0.6875,0.21875
40,0.05,0.0,0.1,0.85
41,0.375,0.0,0.125,0.5
42,0.0,0.14814814814814814,0.2962962962962963,0.5555555555555556
43,0.15384615384615385,0.0,0.5641025641025641,0.28205128205128205
44,0.0,0.16560509554140126,0.45222929936305734,0.3821656050955414
45,0.028169014084507043,0.0,0.9577464788732394,0.014084507042253521
46,0.0,1.0,0.0,0.0
47,0.038461538461538464,0.7692307692307693,0.0,0.19230769230769232
48,0.0,0.13333333333333333,0.7904761904761904,0.0761904761904762
49,0.29411764705882354,0.0,0.5294117647058824,0.17647058823529413
50,0.5789473684210527,0.0,0.10526315789473684,0.3157894736842105
51,0.18181818181818182,0.0,0.7727272727272727,0.045454545454545456
52,0.1,0.8,0.1,0.0
53,0.16666666666666666,0.0,0.6666666666666666,0.16666666666666666
54,0.0,0.5,0.38461538461538464,0.11538461538461539
55,0.058823529411764705,0.0,0.47058823529411764,0.47058823529411764
56,0.0,0.26548672566371684,0.49557522123893805,0.23893805309734514
57,0.015873015873015872,0.0,0.12698412698412698,0.8571428571428571
58,0.6,0.2,0.2,0.0
59,0.08333333333333333,0.08333333333333333,0.0,0.8333333333333334
60,0.0,0.64,0.32,0.04
61,0.2727272727272727,0.0,0.2727272727272727,0.45454545454545453
62,0.10576923076923077,0.0,0.34615384615384615,0.5480769230769231
63,0.3333333333333333,0.3333333333333333,0.3333333333333333,0.0
64,0.125,0.125,0.0,0.75
65,0.16666666666666666,0.0,0.0,0.8333333333333334
66,0.0,0.09502262443438914,0.23076923076923078,0.6742081447963801
67,0.35678391959798994,0.0,0.6080402010050251,0.035175879396984924
68,0.17037037037037037,0.0,0.5333333333333333,0.2962962962962963
69,0.22340425531914893,0.2872340425531915,0.48936170212765956,0.0
70,0.4067796610169492,0.06779661016949153,0.5254237288135594,0.0
71,0.05952380952380952,0.0,0.17857142857142858,0.7619047619047619
72,0.2545454545454545,0.5818181818181818,0.16363636363636364,0.0
73,0.3,0.0,0.55,0.15
74,0.02666666666666667,0.3466666666666667,0.6266666666666667,0.0
75,0.18181818181818182,0.22727272727272727,0.0,0.5909090909090909
76,0.5,0.23076923076923078,0.0,0.2692307692307692
77,0.6708860759493671,0.2674050632911392,0.0,0.061708860759493674
78,0.1836734693877551,0.5714285714285714,0.24489795918367346,0.0
79,0.0,1.0,0.0,0.0
80,0.038461538461538464,0.0,0.21794871794871795,0.7435897435897436
81,0.16981132075471697,0.4716981132075472,0.3584905660377358,0.0
82,0.3076923076923077,0.0,0.46153846153846156,0.23076923076923078
83,0.0,0.28484848484848485,0.6424242424242425,0.07272727272727272
84,0.1827956989247312,0.0,0.4838709677419355,0.3333333333333333
85,0.05263157894736842,0.6842105263157895,0.2631578947368421,0.0
86,0.03076923076923077,0.0,0.4153846153846154,0.5538461538461539
87,0.0,0.14960629921259844,0.7559055118110236,0.09448818897637795
88,0.31906614785992216,0.6507782101167315,0.0,0.030155642023346304
89,0.3146853146853147,0.0,0.11655011655011654,0.5687645687645687
90,0.0,0.18454935622317598,0.3948497854077253,0.4206008583690987
91,0.16017316017316016,0.0,0.8225108225108225,0.017316017316017316
92,0.24096385542168675,0.5261044176706827,0.23293172690763053,0.0
93,0.0,0.5308848080133556,0.3121869782971619,0.15692821368948248
94,0.38288288288288286,0.524024024024024,0.0,0.09309309309309309
95,0.18352059925093633,0.41198501872659177,0.4044943820224719,0.0
96,0.8354430379746836,0.10759493670886076,0.0,0.056962025316455694
97,0.5686274509803921,0.41568627450980394,0.0,0.01568627450980392
98,0.0,0.4375,0.4182692307692308,0.14423076923076922
99,0.0,0.17883211678832117,0.6715328467153284,0.14963503649635038
100,0.2631578947368421,0.7017543859649122,0.03508771929824561,0.0
101,0.1590909090909091,0.5454545454545454,0.0,0.29545454545454547
102,0.3023255813953488,0.23255813953488372,0.46511627906976744,0.0
103,0.04712041884816754,0.8167539267015707,0.0,0.13612565445026178
104,0.0,0.6666666666666666,0.3333333333333333,0.0
105,0.2283464566929134,0.3464566929133858,0.0,0.4251968503937008
106,0.0,0.0,1.0,0.0
107,0.4068627450980392,0.4019607843137255,0.0,0.19117647058823528
108,0.0,0.17857142857142858,0.7346938775510204,0.08673469387755102
109,0.23658051689860835,0.7117296222664016,0.0,0.05168986083499006
110,0.005484460694698354,0.0,0.02010968921389397,0.9744058500914077
111,0.0,0.5,0.5,0.0
112,0.18181818181818182,0.0,0.0,0.8181818181818182
113,0.0,0.5,0.0,0.5
114,0.0,0.37745098039215685,0.5392156862745098,0.08333333333333333
115,0.13333333333333333,0.6,0.26666666666666666,0.0
116,0.5263157894736842,0.0,0.0,0.47368421052631576
117,0.75,0.0,0.25,0.0
118,0.75,0.125,0.0,0.125
119,0.10824742268041238,0.5360824742268041,0.3556701030927835,0.0
120,0.75,0.0,0.0625,0.1875
121,0.0,0.16666666666666666,0.25,0.5833333333333334
122,0.3,0.25,0.0,0.45
123,0.23673469387755103,0.0,0.27755102040816326,0.4857142857142857
124,0.75,0.0,0.0,0.25
125,0.425,0.0,0.075,0.5
126,0.5,0.0,0.25,0.25
127,0.6666666666666666,0.0,0.3333333333333333,0.0
128,0.0,0.8079470198675497,0.07947019867549669,0.11258278145695365
129,0.25,0.25,0.0,0.5
130,0.3125,0.25,0.0,0.4375
131,0.43137254901960786,0.5098039215686274,0.0,0.058823529411764705
132,0.0,0.2631578947368421,0.7368421052631579,0.0
133,0.0,0.036585365853658534,0.9573170731707317,0.006097560975609756
134,0.4444444444444444,0.1111111111111111,0.0,0.4444444444444444
135,0.7424242424242424,0.19696969696969696,0.0,0.06060606060606061
136,0.13043478260869565,0.0,0.4782608695652174,0.391304347826087
137,0.5833333333333334,0.0,0.25,0.16666666666666666
138,0.3888888888888889,0.0,0.05555555555555555,0.5555555555555556
139,0.0392156862745098,0.9411764705882353,0.0196078431372549,0.0
140,0.40816326530612246,0.32653061224489793,0.0,0.2653061224489796
141,0.0,0.75,0.0,0.25
142,0.0,0.38461538461538464,0.5384615384615384,0.07692307692307693
143,0.9818181818181818,0.0,0.0,0.01818181818181818
144,0.0,0.0,1.0,0.0
145,0.35,0.025,0.0,0.625
146,0.08333333333333333,0.4166666666666667,0.0,0.5
147,0.5,0.0,0.3333333333333333,0.16666666666666666
148,0.25,0.25,0.5,0.0
149,0.18452380952380953,0.47023809523809523,0.34523809523809523,0.0
150,0.4117647058823529,0.23529411764705882,0.0,0.35294117647058826
151,0.023809523809523808,0.0,0.6825396825396826,0.29365079365079366
152,0.0,0.25,0.5263157894736842,0.2236842105263158
153,0.10543130990415335,0.0,0.35782747603833864,0.536741214057508
154,0.8251748251748252,0.17482517482517482,0.0,0.0
155,0.1761006289308176,0.0,0.5911949685534591,0.23270440251572327
156,0.0,0.36649214659685864,0.6178010471204188,0.015706806282722512
157,0.16666666666666666,0.6666666666666666,0.16666666666666666,0.0
158,0.20754716981132076,0.6226415094339622,0.16981132075471697,0.0
159,0.8035714285714286,0.044642857142857144,0.0,0.15178571428571427
160,0.0,0.44285714285714284,0.4857142857142857,0.07142857142857142
161,0.06923076923076923,0.6923076923076923,0.23846153846153847,0.0
162,0.11666666666666667,0.11666666666666667,0.7666666666666667,0.0
163,0.21428571428571427,0.7380952380952381,0.0,0.047619047619047616
164,0.06896551724137931,0.7586206896551724,0.0,0.1724137931034483
165,0.589041095890411,0.14383561643835616,0.0,0.2671232876712329
166,0.0,0.7058823529411765,0.1895424836601307,0.10457516339869281
167,0.4158415841584158,0.12211221122112212,0.46204620462046203,0.0
168,0.8785046728971962,0.028037383177570093,0.0,0.09345794392523364
169,0.0,0.024475524475524476,0.9685314685314685,0.006993006993006993
170,0.1329479768786127,0.7283236994219653,0.13872832369942195,0.0
171,0.6732283464566929,0.17716535433070865,0.0,0.14960629921259844
172,0.0,0.31788079470198677,0.3973509933774834,0.2847682119205298
173,0.33766233766233766,0.3142857142857143,0.34805194805194806,0.0
174,0.0,0.32432432432432434,0.5405405405405406,0.13513513513513514
175,0.0,0.3868312757201646,0.49382716049382713,0.11934156378600823
176,0.0,0.04984423676012461,0.9252336448598131,0.024922118380062305
177,0.5221238938053098,0.3672566371681416,0.11061946902654868,0.0
178,0.0,0.24548736462093862,0.02888086642599278,0.7256317689530686
179,0.014563106796116505,0.0,0.06310679611650485,0.9223300970873787
180,0.08,0.4,0.52,0.0
181,0.0,0.26865671641791045,0.0,0.7313432835820896
182,0.03167420814479638,0.0,0.013574660633484163,0.9547511312217195
183,0.0,0.09649122807017543,0.20175438596491227,0.7017543859649122
184,0.631578947368421,0.34761321909424725,0.0,0.0208078335373317
185,0.08635578583765112,0.0,0.11744386873920552,0.7962003454231433
186,0.0,0.37166324435318276,0.39630390143737165,0.23203285420944558
187,0.5686274509803921,0.0,0.2647058823529412,0.16666666666666666
188,0.0,0.1407185628742515,0.6227544910179641,0.23652694610778444
189,0.11403508771929824,0.3333333333333333,0.5526315789473685,0.0
190,0.3611111111111111,0.0,0.20833333333333334,0.4305555555555556
191,0.13114754098360656,0.18032786885245902,0.6885245901639344,0.0
192,0.2,0.0,0.26666666666666666,0.5333333333333333
193,0.15384615384615385,0.19230769230769232,0.6538461538461539,0.0
194,0.64,0.232,0.0,0.128
195,0.0,0.4669260700389105,0.5175097276264592,0.01556420233463035
196,0.0,0.1945392491467577,0.7542662116040956,0.051194539249146756
197,0.625,0.2,0.0,0.175
198,0.0,0.23770491803278687,0.3770491803278688,0.38524590163934425
199,0.08396946564885496,0.0,0.9007633587786259,0.015267175572519083
200,0.19863013698630136,0.0,0.1643835616438356,0.636986301369863
201,0.0,0.7326732673267327,0.21782178217821782,0.04950495049504951
202,0.28,0.2,0.0,0.52
203,0.8953168044077136,0.03305785123966942,0.0,0.07162534435261708
204,0.5555555555555556,0.0,0.4074074074074074,0.037037037037037035
205,0.3333333333333333,0.08333333333333333,0.5833333333333334,0.0
206,0.2571428571428571,0.0,0.17142857142857143,0.5714285714285714
207,0.0,0.05371900826446281,0.5206611570247934,0.4256198347107438
208,0.22758620689655173,0.0,0.6206896551724138,0.15172413793103448
209,0.717391304347826,0.0,0.10869565217391304,0.17391304347826086
210,0.0,0.2702702702702703,0.7162162162162162,0.013513513513513514
211,0.17857142857142858,0.2857142857142857,0.5357142857142857,0.0
212,0.31746031746031744,0.0,0.07936507936507936,0.6031746031746031
213,0.3269230769230769,0.057692307692307696,0.6153846153846154,0.0
214,0.325,0.0,0.15,0.525
215,0.22077922077922077,0.0,0.37662337662337664,0.4025974025974026
216,0.0,0.7384615384615385,0.24615384615384617,0.015384615384615385
217,0.0,0.05426356589147287,0.8333333333333334,0.1124031007751938
218,0.6896551724137931,0.13793103448275862,0.0,0.1724137931034483
219,0.8333333333333334,0.0,0.0,0.16666666666666666
220,0.0,0.26495726495726496,0.5897435897435898,0.1452991452991453
221,0.39622641509433965,0.0,0.3584905660377358,0.24528301886792453
222,0.0,0.10948905109489052,0.5109489051094891,0.3795620437956204
223,0.2743362831858407,0.0,0.19469026548672566,0.5309734513274337
224,0.08733624454148471,0.0,0.6375545851528385,0.27510917030567683
225,0.10843373493975904,0.4578313253012048,0.43373493975903615,0.0
226,0.7083333333333334,0.0,0.041666666666666664,0.25
227,0.375,0.0,0.25,0.375
228,0.0,0.18253968253968253,0.7857142857142857,0.031746031746031744
229,0.0,0.1497326203208556,0.786096256684492,0.06417112299465241
230,0.0,0.27197802197802196,0.6895604395604396,0.038461538461538464
231,0.0,0.1941747572815534,0.5631067961165048,0.24271844660194175
232,0.0,0.31756756756756754,0.6554054054054054,0.02702702702702703
233,0.03755868544600939,0.0,0.1784037558685446,0.784037558685446
234,0.36046511627906974,0.0,0.5581395348837209,0.08139534883720931
235,0.0,0.06818181818181818,0.7121212121212122,0.2196969696969697
236,0.46835443037974683,0.41139240506329117,0.0,0.12025316455696203
237,0.5789473684210527,0.10526315789473684,0.0,0.3157894736842105
238,0.15789473684210525,0.5263157894736842,0.3157894736842105,0.0
239,0.3702127659574468,0.14468085106382977,0.0,0.4851063829787234
240,0.3333333333333333,0.19753086419753085,0.0,0.4691358024691358
241,0.2631578947368421,0.42105263157894735,0.3157894736842105,0.0
242,0.3684210526315789,0.0,0.3157894736842105,0.3157894736842105
243,0.2894736842105263,0.0,0.05263157894736842,0.6578947368421053
244,0.20833333333333334,0.125,0.6666666666666666,0.0
245,0.25691699604743085,0.39723320158102765,0.3458498023715415,0.0
246,0.0,0.08333333333333333,0.35185185185185186,0.5648148148148148
247,0.460431654676259,0.0,0.302158273381295,0.23741007194244604
248,0.0,0.4297520661157025,0.4380165289256198,0.1322314049586777
249,0.0,0.4124629080118694,0.34718100890207715,0.2403560830860534
250,0.3333333333333333,0.2222222222222222,0.4444444444444444,0.0
251,0.19047619047619047,0.14285714285714285,0.0,0.6666666666666666
252,0.0,0.08333333333333333,0.8472222222222222,0.06944444444444445
253,0.273972602739726,0.0,0.3835616438356164,0.3424657534246575
254,0.2112676056338028,0.0,0.49295774647887325,0.29577464788732394
255,0.0,0.08620689655172414,0.8620689655172413,0.05172413793103448
256,0.0,0.4,0.562962962962963,0.037037037037037035
257,0.2052980132450331,0.0,0.039735099337748346,0.7549668874172185
258,0.0,0.0945945945945946,0.7918918918918919,0.11351351351351352
259,0.11764705882352941,0.4117647058823529,0.47058823529411764,0.0
260,0.32653061224489793,0.4489795918367347,0.0,0.22448979591836735
261,0.5319148936170213,0.23404255319148937,0.0,0.23404255319148937
262,0.0,0.528,0.456,0.016
263,0.2777777777777778,0.0,0.373015873015873,0.3492063492063492
264,0.15555555555555556,0.0,0.5,0.34444444444444444
265,0.47058823529411764,0.0,0.23529411764705882,0.29411764705882354
266,0.3358208955223881,0.3805970149253731,0.2835820895522388,0.0
267,0.6428571428571429,0.19480519480519481,0.0,0.16233766233766234
268,0.2445141065830721,0.6238244514106583,0.13166144200626959,0.0
269,0.5869565217391305,0.33043478260869563,0.0,0.08260869565217391
270,0.5,0.2222222222222222,0.0,0.2777777777777778
271,0.0,0.0,0.4,0.6
272,0.4444444444444444,0.0,0.1111111111111111,0.4444444444444444
273,0.0,0.08163265306122448,0.20408163265306123,0.7142857142857143
274,0.375,0.0,0.625,0.0
275,0.0,0.3181818181818182,0.4909090909090909,0.19090909090909092
276,0.35714285714285715,0.07142857142857142,0.0,0.5714285714285714
277,0.008152173913043478,0.0,0.9755434782608695,0.016304347826086956
278,0.6923076923076923,0.0,0.07692307692307693,0.23076923076923078
279,0.0,0.09090909090909091,0.5227272727272727,0.38636363636363635
280,0.11320754716981132,0.0,0.1509433962264151,0.7358490566037735
281,0.4572072072072072,0.38513513513513514,0.0,0.15765765765765766
282,0.0,0.21428571428571427,0.7857142857142857,0.0
283,0.0,0.05714285714285714,0.14285714285714285,0.8
284,0.015228426395939087,0.9137055837563451,0.07106598984771574,0.0
285,0.038461538461538464,0.5384615384615384,0.4230769230769231,0.0
286,0.0,0.07829181494661921,0.042704626334519574,0.8790035587188612
287,0.2222222222222222,0.0,0.6666666666666666,0.1111111111111111
288,0.09090909090909091,0.18181818181818182,0.7272727272727273,0.0
289,0.225,0.2,0.0,0.575
290,0.008064516129032258,0.7419354838709677,0.25,0.0
291,0.7346938775510204,0.0,0.0,0.2653061224489796
292,0.37037037037037035,0.0,0.1111111111111111,0.5185185185185185
293,0.0,0.21585903083700442,0.6519823788546255,0.13215859030837004
294,0.5135135135135135,0.0,0.13513513513513514,0.35135135135135137
295,0.7272727272727273,0.022727272727272728,0.0,0.25
296,0.3888888888888889,0.3333333333333333,0.0,0.2777777777777778
297,0.0,0.26126126126126126,0.6756756756756757,0.06306306306306306
298,0.02666666666666667,0.56,0.41333333333333333,0.0
299,0.0,0.2072072072072072,0.4144144144144144,0.3783783783783784
300,0.631578947368421,0.0,0.05263157894736842,0.3157894736842105
301,0.058823529411764705,0.8823529411764706,0.0,0.058823529411764705
302,0.918918918918919,0.0,0.08108108108108109,0.0
303,0.0,0.3333333333333333,0.3333333333333333,0.3333333333333333
304,1.0,0.0,0.0,0.0
305,0.0,0.0,0.0,1.0
306,0.0,0.0,1.0,0.0
307,,,,
308,,,,
309,,,,
310,,,,
311,,,,
312,,,,
313,,,,
314,,,,
315,,,,
316,,,,
317,,,,
318,,,,
319,,,,
320,,,,
