,A,C,G,T
0,,,,
1,,,,
2,0.3333333333333333,0.16666666666666666,0.0,0.5
3,0.25,0.5,0.0,0.25
4,0.2777777777777778,0.3333333333333333,0.3888888888888889,0.0
5,0.6,0.1,0.0,0.3
6,0.0,0.0,1.0,0.0
7,0.0,0.23076923076923078,0.6923076923076923,0.07692307692307693
8,0.6666666666666666,0.24561403508771928,0.0,0.08771929824561403
9,0.030303030303030304,0.0,0.09090909090909091,0.8787878787878788
10,0.0,0.0,1.0,0.0
11,0.5,0.0,0.0,0.5
12,0.2727272727272727,0.36363636363636365,0.0,0.36363636363636365
13,0.5,0.5,0.0,0.0
14,0.4,0.4,0.0,0.2
15,0.0,1.0,0.0,0.0
16,0.0,0.375,0.5,0.125
17,0.9090909090909091,0.0,0.0,0.09090909090909091
18,,,,
19,0.0,0.0,1.0,0.0
20,0.12,0.16,0.72,0.0
21,0.0,0.5,0.0,0.5
22,0.5,0.0,0.0,0.5
23,0.0,0.0,0.0,1.0
24,,,,
25,0.0,0.0,0.0,1.0
26,0.0,0.2222222222222222,0.4444444444444444,0.3333333333333333
27,0.25,0.5,0.0,0.25
28,0.25,0.5,0.0,0.25
29,0.6666666666666666,0.0,0.3333333333333333,0.0
30,0.4,0.0,0.0,0.6
31,0.0,0.8,0.2,0.0
32,0.5384615384615384,0.23076923076923078,0.0,0.23076923076923078
33,,,,
34,0.0,0.3333333333333333,0.6666666666666666,0.0
35,0.4,0.0,0.4,0.2
36,0.5714285714285714,0.0,0.2857142857142857,0.14285714285714285
37,0.0,0.21428571428571427,0.21428571428571427,0.5714285714285714
38,0.8,0.2,0.0,0.0
39,0.5,0.0,0.0,0.5
40,0.5,0.0,0.3333333333333333,0.16666666666666666
41,0.25,0.16666666666666666,0.5833333333333334,0.0
42,0.0,1.0,0.0,0.0
43,0.4,0.2,0.0,0.4
44,0.0,0.0,0.0,1.0
45,0.0,0.2,0.7333333333333333,0.06666666666666667
46,0.6333333333333333,0.3,0.0,0.06666666666666667
47,0.25,0.5,0.0,0.25
48,0.8,0.0,0.2,0.0
49,0.8,0.0,0.0,0.2
50,0.0,0.0,0.7142857142857143,0.2857142857142857
51,0.0,0.0,0.8333333333333334,0.16666666666666666
52,0.25,0.5,0.25,0.0
53,0.125,0.625,0.0,0.25
54,0.0,0.75,0.25,0.0
55,0.13333333333333333,0.5333333333333333,0.0,0.3333333333333333
56,0.0,0.6666666666666666,0.16666666666666666,0.16666666666666666
57,0.6666666666666666,0.0,0.0,0.3333333333333333
58,0.09090909090909091,0.45454545454545453,0.45454545454545453,0.0
59,0.3333333333333333,0.0,0.6666666666666666,0.0
60,0.36363636363636365,0.18181818181818182,0.45454545454545453,0.0
61,0.2727272727272727,0.0,0.5454545454545454,0.18181818181818182
62,0.45454545454545453,0.0,0.0,0.5454545454545454
63,0.0,0.5,0.5,0.0
64,0.0,0.0,0.0,1.0
65,0.1111111111111111,0.4444444444444444,0.4444444444444444,0.0
66,0.5,0.16666666666666666,0.0,0.3333333333333333
67,0.1724137931034483,0.0,0.10344827586206896,0.7241379310344828
68,0.0,0.25,0.16666666666666666,0.5833333333333334
69,0.5294117647058824,0.4117647058823529,0.0,0.058823529411764705
70,0.03333333333333333,0.0,0.2,0.7666666666666667
71,,,,
72,0.09090909090909091,0.6363636363636364,0.2727272727272727,0.0
73,0.6,0.0,0.0,0.4
74,0.23076923076923078,0.38461538461538464,0.38461538461538464,0.0
75,0.5,0.25,0.0,0.25
76,0.6470588235294118,0.23529411764705882,0.0,0.11764705882352941
77,0.0,0.3333333333333333,0.3888888888888889,0.2777777777777778
78,0.0,0.14285714285714285,0.8571428571428571,0.0
79,0.5,0.375,0.125,0.0
80,0.5,0.0,0.2,0.3
81,0.0,0.5882352941176471,0.23529411764705882,0.17647058823529413
82,0.1724137931034483,0.0,0.27586206896551724,0.5517241379310345
83,0.21052631578947367,0.0,0.15789473684210525,0.631578947368421
84,0.14285714285714285,0.7142857142857143,0.14285714285714285,0.0
85,0.08333333333333333,0.08333333333333333,0.8333333333333334,0.0
86,0.6666666666666666,0.0,0.0,0.3333333333333333
87,0.0,0.23333333333333334,0.6666666666666666,0.1
88,0.5135135135135135,0.40540540540540543,0.0,0.08108108108108109
89,0.3333333333333333,0.4523809523809524,0.21428571428571427,0.0
90,0.0,0.19047619047619047,0.5238095238095238,0.2857142857142857
91,0.55,0.3625,0.0,0.0875
92,0.1702127659574468,0.0,0.19148936170212766,0.6382978723404256
93,0.2,0.5,0.3,0.0
94,0.0,0.30303030303030304,0.06060606060606061,0.6363636363636364
95,0.125,0.8333333333333334,0.041666666666666664,0.0
96,0.42105263157894735,0.2894736842105263,0.0,0.2894736842105263
97,0.45454545454545453,0.0,0.0,0.5454545454545454
98,0.5789473684210527,0.15789473684210525,0.2631578947368421,0.0
99,0.0,0.37777777777777777,0.3111111111111111,0.3111111111111111
100,0.125,0.125,0.75,0.0
101,0.3125,0.25,0.0,0.4375
102,0.6363636363636364,0.0,0.0,0.36363636363636365
103,0.0,0.625,0.25,0.125
104,0.0,0.0,0.2727272727272727,0.7272727272727273
105,0.0,0.0,1.0,0.0
106,0.0,0.0,0.0,1.0
107,1.0,0.0,0.0,0.0
108,0.7692307692307693,0.15384615384615385,0.0,0.07692307692307693
109,0.2,0.2,0.6,0.0
110,0.0,0.0,0.0,1.0
111,,,,
112,0.3333333333333333,0.3333333333333333,0.0,0.3333333333333333
113,0.07692307692307693,0.0,0.07692307692307693,0.8461538461538461
114,0.2857142857142857,0.0,0.42857142857142855,0.2857142857142857
115,0.0,0.6666666666666666,0.0,0.3333333333333333
116,1.0,0.0,0.0,0.0
117,0.13043478260869565,0.17391304347826086,0.0,0.6956521739130435
118,0.2857142857142857,0.0,0.42857142857142855,0.2857142857142857
119,0.05263157894736842,0.8421052631578947,0.10526315789473684,0.0
120,1.0,0.0,0.0,0.0
121,0.75,0.0,0.0,0.25
122,0.0,0.2857142857142857,0.2857142857142857,0.42857142857142855
123,,,,
124,0.5,0.3333333333333333,0.0,0.16666666666666666
125,1.0,0.0,0.0,0.0
126,0.0,0.6,0.2,0.2
127,0.0,0.0,1.0,0.0
128,1.0,0.0,0.0,0.0
129,0.6666666666666666,0.0,0.0,0.3333333333333333
130,0.2222222222222222,0.6666666666666666,0.0,0.1111111111111111
131,0.6829268292682927,0.21951219512195122,0.0,0.0975609756097561
132,0.3333333333333333,0.0,0.2777777777777778,0.3888888888888889
133,0.0,0.36363636363636365,0.6363636363636364,0.0
134,0.0,0.03333333333333333,0.5166666666666667,0.45
135,0.07692307692307693,0.8461538461538461,0.0,0.07692307692307693
136,0.0,0.125,0.875,0.0
137,0.5789473684210527,0.05263157894736842,0.0,0.3684210526315789
138,0.0,0.16666666666666666,0.8333333333333334,0.0
139,0.0,0.0,0.0,1.0
140,0.3333333333333333,0.0,0.0,0.6666666666666666
141,0.125,0.375,0.0,0.5
142,0.375,0.0,0.625,0.0
143,0.14285714285714285,0.14285714285714285,0.0,0.7142857142857143
144,0.3684210526315789,0.05263157894736842,0.0,0.5789473684210527
145,0.125,0.0,0.375,0.5
146,0.0,0.34375,0.3125,0.34375
147,0.32608695652173914,0.3695652173913043,0.0,0.30434782608695654
148,0.45454545454545453,0.36363636363636365,0.18181818181818182,0.0
149,0.2571428571428571,0.5428571428571428,0.2,0.0
150,0.0,0.3333333333333333,0.3333333333333333,0.3333333333333333
151,0.4,0.4,0.2,0.0
152,0.0,0.4098360655737705,0.22950819672131148,0.36065573770491804
153,0.2,0.2,0.6,0.0
154,0.5384615384615384,0.0,0.15384615384615385,0.3076923076923077
155,0.0,0.3333333333333333,0.5238095238095238,0.14285714285714285
156,0.2857142857142857,0.38095238095238093,0.3333333333333333,0.0
157,0.0,0.12903225806451613,0.03225806451612903,0.8387096774193549
158,0.0,0.5714285714285714,0.42857142857142855,0.0
159,0.8125,0.0,0.0,0.1875
160,0.0,0.3333333333333333,0.5,0.16666666666666666
161,0.3,0.65,0.05,0.0
162,0.0,0.0,0.0,1.0
163,0.21428571428571427,0.6428571428571429,0.0,0.14285714285714285
164,0.0,0.45454545454545453,0.36363636363636365,0.18181818181818182
165,0.0,0.26666666666666666,0.4,0.3333333333333333
166,0.5409836065573771,0.36065573770491804,0.0,0.09836065573770492
167,0.4642857142857143,0.2857142857142857,0.25,0.0
168,0.0,0.27586206896551724,0.6551724137931034,0.06896551724137931
169,0.0,0.3333333333333333,0.5238095238095238,0.14285714285714285
170,0.18181818181818182,0.3409090909090909,0.4772727272727273,0.0
171,0.0,0.2777777777777778,0.7222222222222222,0.0
172,0.0,0.22580645161290322,0.3548387096774194,0.41935483870967744
173,0.0,0.058823529411764705,0.7058823529411765,0.23529411764705882
174,0.25806451612903225,0.25806451612903225,0.4838709677419355,0.0
175,0.0,0.2608695652173913,0.08695652173913043,0.6521739130434783
176,0.04878048780487805,0.0,0.1951219512195122,0.7560975609756098
177,0.25,0.5,0.25,0.0
178,0.0,0.42857142857142855,0.0,0.5714285714285714
179,0.0392156862745098,0.0,0.0784313725490196,0.8823529411764706
180,0.3,0.4,0.0,0.3
181,0.14705882352941177,0.0,0.3235294117647059,0.5294117647058824
182,0.0,0.23529411764705882,0.7058823529411765,0.058823529411764705
183,0.6666666666666666,0.13333333333333333,0.0,0.2
184,0.0,0.25,0.5,0.25
185,0.2777777777777778,0.0,0.7222222222222222,0.0
186,0.42857142857142855,0.42857142857142855,0.14285714285714285,0.0
187,0.0,0.0,0.5,0.5
188,0.1875,0.0,0.4375,0.375
189,0.2,0.4,0.0,0.4
190,0.16666666666666666,0.0,0.8333333333333334,0.0
191,0.3333333333333333,0.6666666666666666,0.0,0.0
192,0.0,0.25,0.75,0.0
193,0.0,0.16666666666666666,0.8333333333333334,0.0
194,0.0,1.0,0.0,0.0
195,0.6666666666666666,0.16666666666666666,0.0,0.16666666666666666
196,1.0,0.0,0.0,0.0
197,0.0,0.0,1.0,0.0
198,0.3333333333333333,0.0,0.6666666666666666,0.0
199,1.0,0.0,0.0,0.0
200,0.0,0.375,0.625,0.0
201,0.5,0.0,0.5,0.0
202,0.0,0.0,1.0,0.0
203,0.3333333333333333,0.0,0.16666666666666666,0.5
204,0.0,0.2,0.5,0.3
205,0.0,0.0,0.375,0.625
206,0.0,0.0,0.0,1.0
207,0.0,0.38461538461538464,0.5769230769230769,0.038461538461538464
208,0.0,0.5,0.5,0.0
209,0.0,0.0,0.3333333333333333,0.6666666666666666
210,0.3333333333333333,0.0,0.6666666666666666,0.0
211,0.5,0.0,0.0,0.5
212,0.3333333333333333,0.0,0.0,0.6666666666666666
213,0.0,0.25,0.5,0.25
214,0.3333333333333333,0.0,0.0,0.6666666666666666
215,0.0,0.07692307692307693,0.9230769230769231,0.0
216,0.0,0.0,0.0,1.0
217,,,,
218,,,,
219,0.0,0.3333333333333333,0.5,0.16666666666666666
220,0.0,0.5,0.3333333333333333,0.16666666666666666
221,0.10714285714285714,0.6428571428571429,0.25,0.0
222,0.0,0.0,1.0,0.0
223,0.7142857142857143,0.0,0.14285714285714285,0.14285714285714285
224,0.1111111111111111,0.0,0.2222222222222222,0.6666666666666666
225,0.0,0.3333333333333333,0.6666666666666666,0.0
226,0.0,0.0,1.0,0.0
227,0.2,0.6,0.0,0.2
228,0.0,0.1111111111111111,0.6666666666666666,0.2222222222222222
229,0.0,0.2222222222222222,0.7777777777777778,0.0
230,0.3333333333333333,0.0,0.16666666666666666,0.5
231,0.0,0.125,0.25,0.625
232,0.2222222222222222,0.0,0.2222222222222222,0.5555555555555556
233,0.48148148148148145,0.35185185185185186,0.0,0.16666666666666666
234,0.08333333333333333,0.0,0.5833333333333334,0.3333333333333333
235,0.2222222222222222,0.7777777777777778,0.0,0.0
236,0.3448275862068966,0.4482758620689655,0.0,0.20689655172413793
237,0.25,0.16666666666666666,0.5833333333333334,0.0
238,0.0,0.25,0.05555555555555555,0.6944444444444444
239,0.0,0.5,0.5,0.0
240,0.21428571428571427,0.0,0.2857142857142857,0.5
241,0.0,0.5,0.5,0.0
242,0.7419354838709677,0.1935483870967742,0.0,0.06451612903225806
243,0.15,0.0,0.85,0.0
244,,,,
245,0.0,0.1935483870967742,0.7741935483870968,0.03225806451612903
246,0.0,0.3125,0.5625,0.125
247,,,,
248,0.5,0.5,0.0,0.0
249,0.0,0.05263157894736842,0.8947368421052632,0.05263157894736842
250,0.0,0.18181818181818182,0.5757575757575758,0.24242424242424243
251,0.041666666666666664,0.0,0.4166666666666667,0.5416666666666666
252,0.0,0.25,0.6666666666666666,0.08333333333333333
253,0.35714285714285715,0.5,0.0,0.14285714285714285
254,0.16666666666666666,0.0,0.125,0.7083333333333334
255,0.0,0.0,0.8,0.2
256,0.0,1.0,0.0,0.0
257,0.14285714285714285,0.7142857142857143,0.0,0.14285714285714285
258,0.0,0.3333333333333333,0.6666666666666666,0.0
259,0.0625,0.8125,0.0,0.125
260,0.0,0.5454545454545454,0.36363636363636365,0.09090909090909091
261,0.4411764705882353,0.5294117647058824,0.0,0.029411764705882353
262,0.14634146341463414,0.0,0.14634146341463414,0.7073170731707317
263,0.2,0.4,0.4,0.0
264,0.5,0.5,0.0,0.0
265,0.0,0.7142857142857143,0.2857142857142857,0.0
266,0.5869565217391305,0.30434782608695654,0.0,0.10869565217391304
267,,,,
268,0.0,0.0,0.0,1.0
269,0.0,0.0,0.0,1.0
270,0.0,0.0,0.125,0.875
271,0.0,0.0,0.0,1.0
272,0.2,0.8,0.0,0.0
273,0.5,0.0,0.0,0.5
274,0.0,0.0,1.0,0.0
275,0.7272727272727273,0.18181818181818182,0.09090909090909091,0.0
276,0.5,0.4523809523809524,0.0,0.047619047619047616
277,0.0,0.8333333333333334,0.16666666666666666,0.0
278,0.2872340425531915,0.40425531914893614,0.0,0.30851063829787234
279,0.0,0.0,1.0,0.0
280,0.0,0.0,0.0,1.0
281,0.0,1.0,0.0,0.0
282,0.0,0.5,0.5,0.0
283,0.0,0.13043478260869565,0.0,0.8695652173913043
284,0.0,0.0,0.05555555555555555,0.9444444444444444
285,0.0,0.0,1.0,0.0
286,,,,
287,0.0,0.5,0.5,0.0
288,0.0,1.0,0.0,0.0
289,0.0,0.0,0.0,1.0
290,0.875,0.0,0.0,0.125
291,0.0,0.8333333333333334,0.16666666666666666,0.0
292,1.0,0.0,0.0,0.0
293,0.0,0.5,0.5,0.0
294,,,,
295,0.0,0.0,1.0,0.0
296,1.0,0.0,0.0,0.0
297,,,,
298,0.0,0.0,1.0,0.0
299,,,,
300,0.0,1.0,0.0,0.0
301,,,,
302,,,,
303,,,,
304,,,,
305,,,,
306,,,,
307,,,,
308,,,,
309,,,,
310,,,,
311,,,,
312,,,,
313,,,,
314,,,,
315,,,,
