,A,C,G,T
0,,,,
1,,,,
2,0.7908847184986595,0.064343163538874,0.0,0.1447721179624665
3,0.5842026825633383,0.26825633383010433,0.0,0.14754098360655737
4,0.3775684931506849,0.4674657534246575,0.15496575342465754,0.0
5,0.5475152571926766,0.23103748910200522,0.0,0.22144725370531823
6,0.484375,0.0,0.3090277777777778,0.2065972222222222
7,0.0,0.222509702457956,0.49417852522639066,0.2833117723156533
8,0.6084905660377359,0.3212989840348331,0.0,0.07021044992743106
9,0.0641649957032369,0.0,0.14551704382698366,0.7903179604697794
10,0.17857142857142858,0.5595238095238095,0.2619047619047619,0.0
11,0.4396694214876033,0.22148760330578512,0.0,0.33884297520661155
12,0.45904173106646057,0.32457496136012365,0.0,0.21638330757341576
13,0.36482084690553745,0.5700325732899023,0.06514657980456026,0.0
14,0.6142857142857143,0.13333333333333333,0.0,0.2523809523809524
15,0.024363233665559248,0.8626799557032115,0.0,0.11295681063122924
16,0.0,0.7024793388429752,0.0881542699724518,0.209366391184573
17,0.7633365664403492,0.1367604267701261,0.0,0.09990300678952474
18,0.2802197802197802,0.2802197802197802,0.43956043956043955,0.0
19,0.448,0.0,0.152,0.4
20,0.08504398826979472,0.1495601173020528,0.7653958944281525,0.0
21,0.1694915254237288,0.1977401129943503,0.0,0.632768361581921
22,0.2192513368983957,0.1657754010695187,0.0,0.6149732620320856
23,0.25396825396825395,0.21904761904761905,0.0,0.526984126984127
24,0.14792899408284024,0.1301775147928994,0.0,0.7218934911242604
25,0.09036144578313253,0.19879518072289157,0.0,0.7108433734939759
26,0.0,0.6251968503937008,0.22992125984251968,0.14488188976377953
27,0.5801217038539553,0.21703853955375255,0.0,0.2028397565922921
28,0.45852187028657615,0.36048265460030166,0.0,0.18099547511312217
29,0.15473887814313347,0.0,0.195357833655706,0.6499032882011605
30,0.4046610169491525,0.2245762711864407,0.0,0.3707627118644068
31,0.08089887640449438,0.6292134831460674,0.2898876404494382,0.0
32,0.6781940441882806,0.13064361191162344,0.0,0.19116234390009607
33,0.5512820512820513,0.16987179487179488,0.0,0.27884615384615385
34,0.07236842105263158,0.7006578947368421,0.22697368421052633,0.0
35,0.18159806295399517,0.0,0.5157384987893463,0.3026634382566586
36,0.46258503401360546,0.0,0.2891156462585034,0.24829931972789115
37,0.0,0.33694181326116374,0.4506089309878214,0.2124492557510149
38,0.17906683480453972,0.21689785624211855,0.0,0.6040353089533418
39,0.26174496644295303,0.0,0.4848993288590604,0.2533557046979866
40,0.33516483516483514,0.0,0.26373626373626374,0.4010989010989011
41,0.14382022471910114,0.1940074906367041,0.6621722846441948,0.0
42,0.17391304347826086,0.30434782608695654,0.0,0.5217391304347826
43,0.4560260586319218,0.3355048859934853,0.0,0.20846905537459284
44,0.4268292682926829,0.2634146341463415,0.0,0.3097560975609756
45,0.0,0.18008575512148642,0.7789423535016674,0.04097189137684612
46,0.45898234683281414,0.46659743856005537,0.0,0.0744202146071305
47,0.3938223938223938,0.3166023166023166,0.0,0.28957528957528955
48,0.3126760563380282,0.3267605633802817,0.36056338028169016,0.0
49,0.39436619718309857,0.0,0.1596244131455399,0.4460093896713615
50,0.17534849596478358,0.0,0.1636096845194424,0.661041819515774
51,0.19923371647509577,0.0,0.40229885057471265,0.39846743295019155
52,0.36742424242424243,0.17803030303030304,0.45454545454545453,0.0
53,0.4044943820224719,0.3645443196004994,0.0,0.23096129837702872
54,0.0,0.7474402730375427,0.1757679180887372,0.07679180887372014
55,0.26005361930294907,0.6635388739946381,0.0,0.07640750670241286
56,0.0,0.5686619718309859,0.31514084507042256,0.11619718309859155
57,0.3339622641509434,0.0,0.5716981132075472,0.09433962264150944
58,0.06547619047619048,0.5208333333333334,0.41369047619047616,0.0
59,0.14516129032258066,0.0,0.6539589442815249,0.20087976539589442
60,0.1781609195402299,0.34022988505747126,0.48160919540229885,0.0
61,0.3869047619047619,0.0,0.24404761904761904,0.36904761904761907
62,0.34810126582278483,0.0,0.15822784810126583,0.4936708860759494
63,0.08527131782945736,0.24806201550387597,0.6666666666666666,0.0
64,0.18095238095238095,0.17142857142857143,0.0,0.6476190476190476
65,0.025906735751295335,0.8212435233160622,0.15284974093264247,0.0
66,0.5030549898167006,0.04955872369314324,0.0,0.44738628649015616
67,0.300697350069735,0.0,0.10627615062761506,0.59302649930265
68,0.0,0.2840531561461794,0.4808970099667774,0.2350498338870432
69,0.6952998379254457,0.11345218800648298,0.0,0.1912479740680713
70,0.058857472590882864,0.0,0.4356607039815349,0.5054818234275822
71,0.10134003350083752,0.0,0.7177554438860971,0.18090452261306533
72,0.2536407766990291,0.39563106796116504,0.35072815533980584,0.0
73,0.4174757281553398,0.0,0.21844660194174756,0.3640776699029126
74,0.19983277591973245,0.48244147157190637,0.3177257525083612,0.0
75,0.6127167630057804,0.22254335260115607,0.0,0.16473988439306358
76,0.576271186440678,0.2576271186440678,0.0,0.16610169491525423
77,0.0,0.5650134048257373,0.289544235924933,0.14544235924932977
78,0.3203125,0.4296875,0.25,0.0
79,0.21777777777777776,0.5244444444444445,0.2577777777777778,0.0
80,0.1931119311193112,0.0,0.17712177121771217,0.6297662976629766
81,0.0,0.4160389898094816,0.359769605671245,0.22419140451927339
82,0.1815398075240595,0.0,0.44422572178477693,0.3742344706911636
83,0.1787668734038672,0.0,0.36811382707041224,0.45311929952572055
84,0.18018018018018017,0.6644144144144144,0.1554054054054054,0.0
85,0.16494845360824742,0.422680412371134,0.41237113402061853,0.0
86,0.19631901840490798,0.0,0.15439672801635992,0.6492842535787321
87,0.0,0.391439205955335,0.5446650124069479,0.06389578163771713
88,0.5732115677321157,0.3041095890410959,0.0,0.12267884322678843
89,0.2875375375375375,0.36761761761761763,0.34484484484484484,0.0
90,0.0,0.23315550286504644,0.6067970756767437,0.16004742145820983
91,0.5819275919897405,0.3309657689651771,0.0,0.08710663904508237
92,0.167894208235688,0.0,0.0684633411449615,0.7636424506193505
93,0.2143727161997564,0.633373934226553,0.15225334957369063,0.0
94,0.0,0.2306505528413474,0.08151195680123426,0.6878374903574184
95,0.04451510333863275,0.8314785373608903,0.12400635930047695,0.0
96,0.38857142857142857,0.19428571428571428,0.0,0.41714285714285715
97,0.20225352112676057,0.6966197183098591,0.0,0.10112676056338028
98,0.40569395017793597,0.0,0.3084223013048636,0.2858837485172005
99,0.0,0.3834409864944216,0.22959483264826777,0.3869641808573106
100,0.08764940239043825,0.2589641434262948,0.6533864541832669,0.0
101,0.3847457627118644,0.27627118644067794,0.0,0.3389830508474576
102,0.44861660079051385,0.0,0.14888010540184454,0.40250329380764166
103,0.0,0.7280898876404495,0.08089887640449438,0.19101123595505617
104,0.11870255348516218,0.0,0.25948930296756384,0.621808143547274
105,0.0594059405940594,0.24257425742574257,0.698019801980198,0.0
106,0.07317073170731707,0.1951219512195122,0.0,0.7317073170731707
107,0.13333333333333333,0.26666666666666666,0.0,0.6
108,0.39574468085106385,0.350354609929078,0.0,0.25390070921985813
109,0.051515151515151514,0.7,0.24848484848484848,0.0
110,0.3,0.0,0.20869565217391303,0.49130434782608695
111,0.4199134199134199,0.0,0.38095238095238093,0.19913419913419914
112,0.31654676258992803,0.2805755395683453,0.0,0.4028776978417266
113,0.26127819548872183,0.0,0.41729323308270677,0.32142857142857145
114,0.6197916666666666,0.0,0.11979166666666667,0.2604166666666667
115,0.0,0.30018083182640143,0.3562386980108499,0.3435804701627486
116,0.5927835051546392,0.19072164948453607,0.0,0.21649484536082475
117,0.5054095826893354,0.24961360123647605,0.0,0.24497681607418856
118,0.055269922879177376,0.0,0.31748071979434445,0.6272493573264781
119,0.05538922155688623,0.7125748502994012,0.23203592814371257,0.0
120,0.33121019108280253,0.0,0.42038216560509556,0.2484076433121019
121,0.5454545454545454,0.0,0.18181818181818182,0.2727272727272727
122,0.0,0.44946492271105826,0.36741973840665876,0.18311533888228299
123,0.4470588235294118,0.25882352941176473,0.0,0.29411764705882354
124,0.5580110497237569,0.1878453038674033,0.0,0.2541436464088398
125,0.4956949569495695,0.0,0.42927429274292744,0.07503075030750307
126,0.0,0.460446247464503,0.4685598377281947,0.07099391480730223
127,0.0,0.12834224598930483,0.766042780748663,0.10561497326203209
128,0.43037974683544306,0.09177215189873418,0.0,0.4778481012658228
129,0.4403409090909091,0.09659090909090909,0.0,0.4630681818181818
130,0.2222222222222222,0.21904761904761905,0.0,0.5587301587301587
131,0.5535714285714286,0.29598214285714286,0.0,0.15044642857142856
132,0.28679653679653677,0.0,0.36038961038961037,0.3528138528138528
133,0.041353383458646614,0.5723684210526315,0.38627819548872183,0.0
134,0.27784156142365096,0.2066590126291619,0.0,0.5154994259471871
135,0.16139240506329114,0.5490506329113924,0.0,0.28955696202531644
136,0.0,0.10305343511450382,0.8053435114503816,0.0916030534351145
137,0.5914922349763673,0.2201215395003376,0.0,0.18838622552329506
138,0.047540983606557376,0.029508196721311476,0.9229508196721311,0.0
139,0.17114093959731544,0.1174496644295302,0.0,0.7114093959731543
140,0.2175732217573222,0.24476987447698745,0.0,0.5376569037656904
141,0.35777957860615883,0.3711507293354943,0.0,0.27106969205834686
142,0.09694793536804308,0.0843806104129264,0.8186714542190305,0.0
143,0.23449830890642615,0.10033821871476889,0.0,0.6651634723788049
144,0.6060779816513762,0.01834862385321101,0.0,0.3755733944954128
145,0.436399217221135,0.0,0.45107632093933464,0.11252446183953033
146,0.0,0.2927111453914385,0.3301195526417277,0.3771693019668338
147,0.3012229854246943,0.46607471938348133,0.0,0.23270229519182442
148,0.18115318416523235,0.4677280550774527,0.35111876075731496,0.0
149,0.21706058136375986,0.4794892692203206,0.3034501494159196,0.0
150,0.0,0.15119916579770595,0.6772679874869656,0.17153284671532848
151,0.14683153013910355,0.580370942812983,0.27279752704791344,0.0
152,0.0,0.2767751479289941,0.23624260355029586,0.48698224852071004
153,0.2852233676975945,0.12508591065292096,0.5896907216494846,0.0
154,0.24889217134416544,0.0,0.2548005908419498,0.4963072378138848
155,0.0,0.3028549382716049,0.47800925925925924,0.2191358024691358
156,0.3048732171156894,0.3856973058637084,0.3094294770206022,0.0
157,0.0,0.33686112545172947,0.12312854930304595,0.5400103252452245
158,0.16656716417910447,0.47880597014925375,0.3546268656716418,0.0
159,0.4978241949521323,0.2915578764142733,0.0,0.21061792863359444
160,0.0,0.26572327044025157,0.5723270440251572,0.1619496855345912
161,0.18378995433789955,0.5679223744292238,0.2482876712328767,0.0
162,0.4576523031203566,0.06835066864784546,0.0,0.4739970282317979
163,0.46252402306213963,0.42152466367713004,0.0,0.1159513132607303
164,0.0,0.4897600936220012,0.4195435927442949,0.09069631363370392
165,0.0,0.24269122947537045,0.6251501802162596,0.13215859030837004
166,0.5113654946852003,0.34587080948487325,0.0,0.1427636958299264
167,0.3719892952720785,0.3181683021112102,0.30984240261671125,0.0
168,0.0,0.2569821177416114,0.541289933694997,0.2017279485633916
169,0.0,0.3410807669959326,0.3538640325392214,0.305055200464846
170,0.36847450741417836,0.2459882185659151,0.38553727401990656,0.0
171,0.0,0.44364193477785074,0.5187130663164806,0.037644998905668636
172,0.0,0.4922248803827751,0.2583732057416268,0.2494019138755981
173,0.0,0.21719626168224299,0.6437383177570093,0.13906542056074767
174,0.312232905982906,0.3450854700854701,0.34268162393162394,0.0
175,0.0,0.12419759977672341,0.2545353056098242,0.6212670946134524
176,0.08815991799077397,0.0,0.20792755851699982,0.7039125234922262
177,0.1478787878787879,0.4909090909090909,0.3612121212121212,0.0
178,0.0,0.2560865644724977,0.11632100991884581,0.6275924256086565
179,0.08446455505279035,0.6636500754147813,0.25188536953242835,0.0
180,0.4699140401146132,0.1609360076408787,0.0,0.36914995224450814
181,0.07950571228724644,0.0,0.48915831196083004,0.4313359757519235
182,0.0,0.1724137931034483,0.6974548440065681,0.1301313628899836
183,0.5578093306288032,0.2535496957403651,0.0,0.18864097363083165
184,0.0,0.4668141592920354,0.44579646017699115,0.08738938053097345
185,0.15260115606936417,0.0,0.49710982658959535,0.35028901734104045
186,0.17228464419475656,0.2209737827715356,0.6067415730337079,0.0
187,0.3581395348837209,0.0,0.11627906976744186,0.5255813953488372
188,0.1892255892255892,0.0,0.09898989898989899,0.7117845117845117
189,0.40533672172808133,0.38246505717916135,0.0,0.2121982210927573
190,0.07857142857142857,0.2785714285714286,0.6428571428571429,0.0
191,0.39365079365079364,0.26825396825396824,0.0,0.3380952380952381
192,0.0,0.4247171453437772,0.5291557876414273,0.04612706701479547
193,0.0,0.05096308186195827,0.8952648475120385,0.05377207062600321
194,0.3815789473684211,0.2894736842105263,0.0,0.32894736842105265
195,0.28860759493670884,0.18227848101265823,0.0,0.529113924050633
196,0.6636971046770601,0.09799554565701558,0.0,0.2383073496659243
197,0.2182468694096601,0.0,0.3434704830053667,0.43828264758497315
198,0.5813953488372093,0.0,0.22325581395348837,0.19534883720930232
199,0.45535714285714285,0.10714285714285714,0.0,0.4375
200,0.0,0.4584233261339093,0.4379049676025918,0.10367170626349892
201,0.2135102533172497,0.31363088057901084,0.47285886610373945,0.0
202,0.20382165605095542,0.2961783439490446,0.5,0.0
203,0.30177514792899407,0.0,0.15532544378698224,0.5428994082840237
204,0.0,0.12075848303393213,0.5109780439121756,0.36826347305389223
205,0.15105301379811184,0.0,0.39288307915758897,0.4560639070442992
206,0.3912133891213389,0.0,0.11506276150627615,0.49372384937238495
207,0.0,0.11014492753623188,0.8565217391304348,0.03333333333333333
208,0.18615751789976134,0.26730310262529833,0.5465393794749404,0.0
209,0.2608695652173913,0.0,0.1786389413988658,0.5604914933837429
210,0.29774436090225564,0.0962406015037594,0.606015037593985,0.0
211,0.5392953929539296,0.0,0.14092140921409213,0.31978319783197834
212,0.3695652173913043,0.0,0.1782608695652174,0.45217391304347826
213,0.0,0.6569920844327177,0.2559366754617414,0.0870712401055409
214,0.7135135135135136,0.07297297297297298,0.0,0.21351351351351353
215,0.0,0.12690951821386603,0.8072855464159812,0.06580493537015276
216,0.38860103626943004,0.22279792746113988,0.0,0.38860103626943004
217,0.0,0.6153846153846154,0.248868778280543,0.13574660633484162
218,0.4880382775119617,0.0,0.21052631578947367,0.3014354066985646
219,0.0,0.129126213592233,0.7427184466019418,0.12815533980582525
220,0.0,0.44203502919099247,0.33611342785654713,0.22185154295246037
221,0.09123610202746893,0.7962720732504905,0.11249182472204054,0.0
222,0.12637913741223672,0.3510531594784353,0.522567703109328,0.0
223,0.25375,0.0,0.1,0.64625
224,0.15794306703397612,0.0,0.5555555555555556,0.2865013774104683
225,0.0,0.3346178548490687,0.642903018625562,0.0224791265253693
226,0.0,0.1232741617357002,0.8076923076923077,0.06903353057199212
227,0.3252279635258359,0.5416413373860183,0.0,0.1331306990881459
228,0.0,0.15984015984015984,0.7742257742257742,0.06593406593406594
229,0.0,0.1770098730606488,0.7785613540197461,0.04442877291960508
230,0.18088386433710174,0.0,0.15313463514902365,0.6659815005138746
231,0.0,0.12345679012345678,0.5855379188712522,0.291005291005291
232,0.09051014810751508,0.0,0.06966538672517827,0.8398244651673067
233,0.6006280331144733,0.24150727947473594,0.0,0.15786468741079074
234,0.09777777777777778,0.0,0.5964102564102564,0.3058119658119658
235,0.23322683706070288,0.2971246006389776,0.4696485623003195,0.0
236,0.476381334096765,0.3137703979387346,0.0,0.20984826796450043
237,0.26869300911854105,0.4188449848024316,0.31246200607902735,0.0
238,0.0,0.21831520364280294,0.0402226157348849,0.7414621806223122
239,0.07068062827225131,0.6413612565445026,0.2879581151832461,0.0
240,0.09557618787547788,0.0,0.17695248498088476,0.7274713271436374
241,0.19047619047619047,0.10884353741496598,0.7006802721088435,0.0
242,0.5792577176552203,0.27818244883801596,0.0,0.1425598335067638
243,0.09968051118210862,0.0,0.8575079872204473,0.04281150159744409
244,0.0,0.15436241610738255,0.48322147651006714,0.3624161073825503
245,0.0,0.24102079395085066,0.7055765595463138,0.05340264650283554
246,0.0,0.24980901451489687,0.33537051184110006,0.41482047364400304
247,0.12272727272727273,0.3,0.5772727272727273,0.0
248,0.47470238095238093,0.31994047619047616,0.0,0.20535714285714285
249,0.0,0.1398264223722276,0.8191899710703954,0.040983606557377046
250,0.0,0.2193877551020408,0.7365491651205937,0.04406307977736549
251,0.0811789038262668,0.0,0.3019648397104447,0.6168562564632886
252,0.0,0.16159695817490494,0.7576045627376425,0.08079847908745247
253,0.6483715319662243,0.29613992762364294,0.0,0.05548854041013269
254,0.11041465766634523,0.0,0.10993249758919961,0.7796528447444552
255,0.10059880239520957,0.0,0.46347305389221555,0.4359281437125748
256,0.13178294573643412,0.32558139534883723,0.5426356589147286,0.0
257,0.2438423645320197,0.5369458128078818,0.0,0.21921182266009853
258,0.0,0.4150641025641026,0.5600961538461539,0.024839743589743588
259,0.32413793103448274,0.5959770114942529,0.0,0.07988505747126437
260,0.0,0.37184873949579833,0.4642857142857143,0.1638655462184874
261,0.32020901689148135,0.631546968039859,0.0,0.04824401506865962
262,0.12042209807572936,0.0,0.3132629836540451,0.5663149182702255
263,0.24661246612466126,0.46883468834688347,0.2845528455284553,0.0
264,0.2490974729241877,0.5595667870036101,0.0,0.19133574007220217
265,0.0,0.4729064039408867,0.4367816091954023,0.090311986863711
266,0.4038757982823167,0.5155252147104162,0.0,0.08059898700726713
267,0.4473684210526316,0.10526315789473684,0.0,0.4473684210526316
268,0.0,0.27941176470588236,0.5147058823529411,0.20588235294117646
269,0.26900584795321636,0.0,0.10331384015594541,0.6276803118908382
270,0.0,0.033738191632928474,0.3468286099865047,0.6194331983805668
271,0.2375,0.0,0.2833333333333333,0.4791666666666667
272,0.3458980044345898,0.42572062084257206,0.0,0.22838137472283815
273,0.2074074074074074,0.025925925925925925,0.0,0.7666666666666667
274,0.06720741599073002,0.0,0.9073001158748552,0.02549246813441483
275,0.273960983884648,0.5012722646310432,0.22476675148430875,0.0
276,0.5820647002854424,0.33468125594671744,0.0,0.08325404376784015
277,0.18059701492537314,0.5970149253731343,0.22238805970149253,0.0
278,0.347774672113524,0.3819608686304021,0.0,0.27026445925607395
279,0.05785123966942149,0.21487603305785125,0.7272727272727273,0.0
280,0.0,0.05572755417956656,0.07430340557275542,0.8699690402476781
281,0.011138613861386138,0.905940594059406,0.08292079207920793,0.0
282,0.04482225656877898,0.7727975270479135,0.18238021638330756,0.0
283,0.0,0.07873154729360306,0.03444505194095134,0.8868234007654456
284,0.019252128841169936,0.0,0.01814142910033321,0.9626064420584969
285,0.10183299389002037,0.1120162932790224,0.7861507128309573,0.0
286,0.3179916317991632,0.1799163179916318,0.0,0.502092050209205
287,0.0011001100110011,0.6083608360836084,0.39053905390539057,0.0
288,0.6147540983606558,0.06721311475409836,0.0,0.3180327868852459
289,0.12029725963771482,0.0,0.11054342777519739,0.7691593125870878
290,0.4254980079681275,0.3840637450199203,0.0,0.1904382470119522
291,0.0,0.6893203883495146,0.3058252427184466,0.0048543689320388345
292,0.0,0.7446808510638298,0.14893617021276595,0.10638297872340426
293,0.0,0.056540084388185655,0.9122362869198313,0.031223628691983123
294,0.4637096774193548,0.1532258064516129,0.0,0.38306451612903225
295,0.0,0.265625,0.51171875,0.22265625
296,0.19718309859154928,0.6535211267605634,0.14929577464788732,0.0
297,0.39378238341968913,0.0,0.44559585492227977,0.16062176165803108
298,0.3153153153153153,0.3153153153153153,0.36936936936936937,0.0
299,0.5,0.0,0.5,0.0
300,0.12903225806451613,0.2903225806451613,0.5806451612903226,0.0
301,0.21875,0.0,0.65625,0.125
302,0.23529411764705882,0.6470588235294118,0.0,0.11764705882352941
303,0.23809523809523808,0.0,0.19047619047619047,0.5714285714285714
304,0.0,0.5555555555555556,0.2222222222222222,0.2222222222222222
305,0.5,0.0,0.1,0.4
306,,,,
307,,,,
308,,,,
309,0.0,0.0,0.0,1.0
310,0.0,0.0,1.0,0.0
311,,,,
312,,,,
313,,,,
314,,,,
315,,,,
