,A,C,G,T
0,,,,
1,,,,
2,0.9032258064516129,0.03225806451612903,0.0,0.06451612903225806
3,0.3125,0.6041666666666666,0.0,0.08333333333333333
4,0.6666666666666666,0.20588235294117646,0.12745098039215685,0.0
5,0.3860759493670886,0.1518987341772152,0.0,0.4620253164556962
6,0.53125,0.0,0.09375,0.375
7,0.0,0.16666666666666666,0.3888888888888889,0.4444444444444444
8,0.4941860465116279,0.38953488372093026,0.0,0.11627906976744186
9,0.1021021021021021,0.0,0.11711711711711711,0.7807807807807807
10,0.0,0.14285714285714285,0.8571428571428571,0.0
11,0.3783783783783784,0.2972972972972973,0.0,0.32432432432432434
12,0.32558139534883723,0.27906976744186046,0.0,0.3953488372093023
13,0.6511627906976745,0.27906976744186046,0.06976744186046512,0.0
14,0.2619047619047619,0.16666666666666666,0.0,0.5714285714285714
15,0.041666666666666664,0.7291666666666666,0.0,0.22916666666666666
16,0.0,0.8035714285714286,0.125,0.07142857142857142
17,0.8,0.11428571428571428,0.0,0.08571428571428572
18,0.13333333333333333,0.5333333333333333,0.3333333333333333,0.0
19,0.7692307692307693,0.0,0.23076923076923078,0.0
20,0.04201680672268908,0.11764705882352941,0.8403361344537815,0.0
21,0.2,0.06666666666666667,0.0,0.7333333333333333
22,0.125,0.0,0.0,0.875
23,0.1875,0.25,0.0,0.5625
24,0.35714285714285715,0.35714285714285715,0.0,0.2857142857142857
25,0.25,0.25,0.0,0.5
26,0.0,0.4691358024691358,0.2839506172839506,0.24691358024691357
27,0.24,0.56,0.0,0.2
28,0.603448275862069,0.20689655172413793,0.0,0.1896551724137931
29,0.3,0.0,0.2,0.5
30,0.32,0.28,0.0,0.4
31,0.3,0.4,0.3,0.0
32,0.6896551724137931,0.13793103448275862,0.0,0.1724137931034483
33,0.47058823529411764,0.11764705882352941,0.0,0.4117647058823529
34,0.02631578947368421,0.5526315789473685,0.42105263157894735,0.0
35,0.2692307692307692,0.0,0.34615384615384615,0.38461538461538464
36,0.5151515151515151,0.0,0.2727272727272727,0.21212121212121213
37,0.0,0.2638888888888889,0.6666666666666666,0.06944444444444445
38,0.4090909090909091,0.3181818181818182,0.0,0.2727272727272727
39,0.375,0.0,0.1875,0.4375
40,0.46153846153846156,0.0,0.4230769230769231,0.11538461538461539
41,0.2605042016806723,0.23529411764705882,0.5042016806722689,0.0
42,0.6470588235294118,0.23529411764705882,0.0,0.11764705882352941
43,0.42424242424242425,0.36363636363636365,0.0,0.21212121212121213
44,0.3333333333333333,0.2777777777777778,0.0,0.3888888888888889
45,0.0,0.135678391959799,0.8291457286432161,0.035175879396984924
46,0.43824701195219123,0.43824701195219123,0.0,0.12350597609561753
47,0.3170731707317073,0.14634146341463414,0.0,0.5365853658536586
48,0.037037037037037035,0.7407407407407407,0.2222222222222222,0.0
49,0.35,0.0,0.15,0.5
50,0.47191011235955055,0.0,0.20224719101123595,0.3258426966292135
51,0.2,0.0,0.4888888888888889,0.3111111111111111
52,0.08,0.4,0.52,0.0
53,0.2962962962962963,0.5185185185185185,0.0,0.18518518518518517
54,0.0,0.631578947368421,0.3157894736842105,0.05263157894736842
55,0.12380952380952381,0.7904761904761904,0.0,0.08571428571428572
56,0.0,0.4375,0.3625,0.2
57,0.35443037974683544,0.0,0.4936708860759494,0.1518987341772152
58,0.08333333333333333,0.5277777777777778,0.3888888888888889,0.0
59,0.1038961038961039,0.0,0.6493506493506493,0.24675324675324675
60,0.04225352112676056,0.49295774647887325,0.4647887323943662,0.0
61,0.4166666666666667,0.0,0.16666666666666666,0.4166666666666667
62,0.3855421686746988,0.0,0.27710843373493976,0.3373493975903614
63,0.0,0.35714285714285715,0.6428571428571429,0.0
64,0.14285714285714285,0.14285714285714285,0.0,0.7142857142857143
65,0.017857142857142856,0.5178571428571429,0.4642857142857143,0.0
66,0.6190476190476191,0.0761904761904762,0.0,0.3047619047619048
67,0.35714285714285715,0.0,0.0873015873015873,0.5555555555555556
68,0.0,0.3218390804597701,0.4367816091954023,0.2413793103448276
69,0.6724137931034483,0.06896551724137931,0.0,0.25862068965517243
70,0.04424778761061947,0.0,0.39823008849557523,0.5575221238938053
71,0.3625,0.05625,0.0,0.58125
72,0.16981132075471697,0.5660377358490566,0.2641509433962264,0.0
73,0.45,0.0,0.15,0.4
74,0.10891089108910891,0.5643564356435643,0.32673267326732675,0.0
75,0.40625,0.4375,0.0,0.15625
76,0.7654320987654321,0.14814814814814814,0.0,0.08641975308641975
77,0.0,0.3898305084745763,0.3220338983050847,0.288135593220339
78,0.12121212121212122,0.3333333333333333,0.5454545454545454,0.0
79,0.43243243243243246,0.2972972972972973,0.2702702702702703,0.0
80,0.1839080459770115,0.0,0.14942528735632185,0.6666666666666666
81,0.0,0.38414634146341464,0.2682926829268293,0.3475609756097561
82,0.1951219512195122,0.0,0.4010840108401084,0.4037940379403794
83,0.22448979591836735,0.0,0.31020408163265306,0.46530612244897956
84,0.11290322580645161,0.7096774193548387,0.1774193548387097,0.0
85,0.1956521739130435,0.5217391304347826,0.2826086956521739,0.0
86,0.05970149253731343,0.0,0.1791044776119403,0.7611940298507462
87,0.0,0.36666666666666664,0.5466666666666666,0.08666666666666667
88,0.6336633663366337,0.25742574257425743,0.0,0.10891089108910891
89,0.3931034482758621,0.3793103448275862,0.22758620689655173,0.0
90,0.0,0.358974358974359,0.3333333333333333,0.3076923076923077
91,0.5422427035330261,0.3425499231950845,0.0,0.1152073732718894
92,0.1875,0.0,0.18333333333333332,0.6291666666666667
93,0.2761904761904762,0.5714285714285714,0.1523809523809524,0.0
94,0.0,0.21844660194174756,0.05825242718446602,0.7233009708737864
95,0.0673076923076923,0.8173076923076923,0.11538461538461539,0.0
96,0.6554621848739496,0.15966386554621848,0.0,0.18487394957983194
97,0.23591549295774647,0.5105633802816901,0.0,0.2535211267605634
98,0.32867132867132864,0.0,0.26573426573426573,0.40559440559440557
99,0.0,0.30718954248366015,0.13071895424836602,0.5620915032679739
100,0.13636363636363635,0.2727272727272727,0.5909090909090909,0.0
101,0.3879781420765027,0.3551912568306011,0.0,0.2568306010928962
102,0.656934306569343,0.0,0.08029197080291971,0.26277372262773724
103,0.0,0.5846153846153846,0.046153846153846156,0.36923076923076925
104,0.06164383561643835,0.0,0.18493150684931506,0.7534246575342466
105,0.1,0.3,0.6,0.0
106,0.2857142857142857,0.14285714285714285,0.0,0.5714285714285714
107,0.14285714285714285,0.42857142857142855,0.0,0.42857142857142855
108,0.21052631578947367,0.42105263157894735,0.0,0.3684210526315789
109,0.14285714285714285,0.5714285714285714,0.2857142857142857,0.0
110,0.2692307692307692,0.0,0.23076923076923078,0.5
111,0.4375,0.0,0.375,0.1875
112,0.1111111111111111,0.4444444444444444,0.0,0.4444444444444444
113,0.13333333333333333,0.0,0.4,0.4666666666666667
114,0.6,0.0,0.0,0.4
115,0.0,0.23076923076923078,0.3333333333333333,0.4358974358974359
116,0.23529411764705882,0.7058823529411765,0.0,0.058823529411764705
117,0.3770491803278688,0.4918032786885246,0.0,0.13114754098360656
118,0.1568627450980392,0.0,0.35294117647058826,0.49019607843137253
119,0.06557377049180328,0.6147540983606558,0.319672131147541,0.0
120,0.625,0.0,0.25,0.125
121,0.3333333333333333,0.0,0.0,0.6666666666666666
122,0.0,0.26666666666666666,0.3333333333333333,0.4
123,0.4,0.0,0.0,0.6
124,0.2413793103448276,0.7241379310344828,0.0,0.034482758620689655
125,0.3269230769230769,0.0,0.5576923076923077,0.11538461538461539
126,0.0,0.6727272727272727,0.2909090909090909,0.03636363636363636
127,0.0,0.14285714285714285,0.8095238095238095,0.047619047619047616
128,0.4318181818181818,0.4318181818181818,0.0,0.13636363636363635
129,0.34782608695652173,0.043478260869565216,0.0,0.6086956521739131
130,0.37037037037037035,0.25925925925925924,0.0,0.37037037037037035
131,0.7222222222222222,0.18518518518518517,0.0,0.09259259259259259
132,0.3,0.0,0.46,0.24
133,0.045454545454545456,0.6931818181818182,0.26136363636363635,0.0
134,0.0,1.0,0.0,0.0
135,0.06451612903225806,0.5806451612903226,0.0,0.3548387096774194
136,0.0,0.07142857142857142,0.7653061224489796,0.16326530612244897
137,0.753731343283582,0.13432835820895522,0.0,0.11194029850746269
138,0.075,0.025,0.9,0.0
139,0.2,0.3,0.0,0.5
140,0.24390243902439024,0.34146341463414637,0.0,0.4146341463414634
141,0.22123893805309736,0.415929203539823,0.0,0.36283185840707965
142,0.03571428571428571,0.07142857142857142,0.8928571428571429,0.0
143,0.2549019607843137,0.1568627450980392,0.0,0.5882352941176471
144,0.46938775510204084,0.04081632653061224,0.0,0.4897959183673469
145,0.2535211267605634,0.0,0.6619718309859155,0.08450704225352113
146,0.0,0.321285140562249,0.27710843373493976,0.40160642570281124
147,0.24651162790697675,0.44883720930232557,0.0,0.30465116279069765
148,0.3161764705882353,0.4485294117647059,0.23529411764705882,0.0
149,0.12173913043478261,0.6478260869565218,0.23043478260869565,0.0
150,0.0,0.2,0.575,0.225
151,0.10975609756097561,0.6341463414634146,0.25609756097560976,0.0
152,0.0,0.23326133909287258,0.15766738660907129,0.6090712742980562
153,0.23484848484848486,0.30303030303030304,0.4621212121212121,0.0
154,0.41132075471698115,0.0,0.3584905660377358,0.23018867924528302
155,0.0,0.38571428571428573,0.38857142857142857,0.2257142857142857
156,0.23116883116883116,0.4805194805194805,0.2883116883116883,0.0
157,0.0,0.30128205128205127,0.22115384615384615,0.4775641025641026
158,0.0990990990990991,0.5945945945945946,0.3063063063063063,0.0
159,0.5822784810126582,0.26582278481012656,0.0,0.1518987341772152
160,0.0,0.22077922077922077,0.5844155844155844,0.19480519480519481
161,0.183206106870229,0.6564885496183206,0.16030534351145037,0.0
162,0.3333333333333333,0.037037037037037035,0.0,0.6296296296296297
163,0.512,0.424,0.0,0.064
164,0.0,0.5607476635514018,0.2803738317757009,0.1588785046728972
165,0.0,0.26146788990825687,0.5091743119266054,0.22935779816513763
166,0.3686534216335541,0.39514348785871967,0.0,0.23620309050772628
167,0.22126436781609196,0.5373563218390804,0.2413793103448276,0.0
168,0.0,0.19946808510638298,0.5585106382978723,0.24202127659574468
169,0.0,0.4459016393442623,0.3475409836065574,0.20655737704918034
170,0.2804532577903683,0.44192634560906513,0.2776203966005666,0.0
171,0.0,0.37254901960784315,0.4477124183006536,0.17973856209150327
172,0.0,0.5756457564575646,0.25461254612546125,0.16974169741697417
173,0.0,0.39574468085106385,0.39574468085106385,0.20851063829787234
174,0.2562674094707521,0.4568245125348189,0.28690807799442897,0.0
175,0.0,0.06329113924050633,0.3291139240506329,0.6075949367088608
176,0.08426966292134831,0.0,0.2247191011235955,0.6910112359550562
177,0.11904761904761904,0.47619047619047616,0.40476190476190477,0.0
178,0.0,0.2711864406779661,0.2711864406779661,0.4576271186440678
179,0.14942528735632185,0.0,0.4942528735632184,0.3563218390804598
180,0.4143646408839779,0.1712707182320442,0.0,0.4143646408839779
181,0.08235294117647059,0.0,0.39215686274509803,0.5254901960784314
182,0.0,0.23255813953488372,0.49612403100775193,0.2713178294573643
183,0.3235294117647059,0.5441176470588235,0.0,0.1323529411764706
184,0.0,0.4578313253012048,0.46987951807228917,0.07228915662650602
185,0.1717171717171717,0.0,0.5757575757575758,0.25252525252525254
186,0.14893617021276595,0.1702127659574468,0.6808510638297872,0.0
187,0.36666666666666664,0.0,0.13333333333333333,0.5
188,0.2903225806451613,0.0,0.06451612903225806,0.6451612903225806
189,0.4489795918367347,0.40816326530612246,0.0,0.14285714285714285
190,0.03571428571428571,0.21428571428571427,0.75,0.0
191,0.3,0.5,0.0,0.2
192,0.0,0.525,0.4666666666666667,0.008333333333333333
193,0.0,0.021739130434782608,0.8804347826086957,0.09782608695652174
194,0.4358974358974359,0.2564102564102564,0.0,0.3076923076923077
195,0.19047619047619047,0.14285714285714285,0.0,0.6666666666666666
196,0.325,0.575,0.0,0.1
197,0.2037037037037037,0.0,0.5,0.2962962962962963
198,0.6111111111111112,0.0,0.2222222222222222,0.16666666666666666
199,0.4,0.2,0.0,0.4
200,0.0,0.4782608695652174,0.4782608695652174,0.043478260869565216
201,0.14285714285714285,0.35064935064935066,0.5064935064935064,0.0
202,0.0,0.3684210526315789,0.631578947368421,0.0
203,0.32,0.0,0.013333333333333334,0.6666666666666666
204,0.0,0.10144927536231885,0.34782608695652173,0.5507246376811594
205,0.07476635514018691,0.0,0.4766355140186916,0.4485981308411215
206,0.23529411764705882,0.0,0.17647058823529413,0.5882352941176471
207,0.0,0.10828025477707007,0.8535031847133758,0.03821656050955414
208,0.20689655172413793,0.1724137931034483,0.6206896551724138,0.0
209,0.1724137931034483,0.0,0.15517241379310345,0.6724137931034483
210,0.22807017543859648,0.07017543859649122,0.7017543859649122,0.0
211,0.43333333333333335,0.0,0.1,0.4666666666666667
212,0.6031746031746031,0.0,0.031746031746031744,0.36507936507936506
213,0.0,0.5925925925925926,0.3333333333333333,0.07407407407407407
214,0.6,0.06666666666666667,0.0,0.3333333333333333
215,0.0,0.11267605633802817,0.8450704225352113,0.04225352112676056
216,0.4166666666666667,0.3333333333333333,0.0,0.25
217,0.0,0.08333333333333333,0.5833333333333334,0.3333333333333333
218,0.5,0.0,0.34615384615384615,0.15384615384615385
219,0.0,0.11688311688311688,0.8441558441558441,0.03896103896103896
220,0.0,0.5257731958762887,0.2268041237113402,0.24742268041237114
221,0.06167400881057269,0.8370044052863436,0.1013215859030837,0.0
222,0.20869565217391303,0.16521739130434782,0.6260869565217392,0.0
223,0.6052631578947368,0.0,0.02631578947368421,0.3684210526315789
224,0.38823529411764707,0.0,0.3176470588235294,0.29411764705882354
225,0.0,0.39603960396039606,0.5742574257425742,0.0297029702970297
226,0.0,0.08917197452229299,0.8726114649681529,0.03821656050955414
227,0.37209302325581395,0.5038759689922481,0.0,0.12403100775193798
228,0.0,0.08163265306122448,0.8979591836734694,0.02040816326530612
229,0.0,0.2222222222222222,0.7435897435897436,0.03418803418803419
230,0.24880382775119617,0.0,0.1722488038277512,0.5789473684210527
231,0.0,0.1864406779661017,0.559322033898305,0.2542372881355932
232,0.038461538461538464,0.0,0.19230769230769232,0.7692307692307693
233,0.583804143126177,0.2711864406779661,0.0,0.14500941619585686
234,0.08695652173913043,0.0,0.48478260869565215,0.4282608695652174
235,0.10638297872340426,0.5957446808510638,0.2978723404255319,0.0
236,0.40784313725490196,0.23137254901960785,0.0,0.3607843137254902
237,0.18666666666666668,0.4533333333333333,0.36,0.0
238,0.0,0.17777777777777778,0.03333333333333333,0.7888888888888889
239,0.11235955056179775,0.6741573033707865,0.21348314606741572,0.0
240,0.07377049180327869,0.0,0.10655737704918032,0.819672131147541
241,0.125,0.375,0.5,0.0
242,0.43478260869565216,0.3641304347826087,0.0,0.20108695652173914
243,0.08552631578947369,0.0,0.8881578947368421,0.02631578947368421
244,0.0,0.36,0.2,0.44
245,0.0,0.3532110091743119,0.44036697247706424,0.20642201834862386
246,0.0,0.45454545454545453,0.2545454545454545,0.2909090909090909
247,0.027777777777777776,0.6944444444444444,0.2777777777777778,0.0
248,0.25,0.2692307692307692,0.0,0.4807692307692308
249,0.0,0.164021164021164,0.8042328042328042,0.031746031746031744
250,0.0,0.34558823529411764,0.6029411764705882,0.051470588235294115
251,0.06779661016949153,0.0,0.22033898305084745,0.711864406779661
252,0.0,0.22826086956521738,0.6739130434782609,0.09782608695652174
253,0.6298701298701299,0.3181818181818182,0.0,0.05194805194805195
254,0.054187192118226604,0.0,0.059113300492610835,0.8866995073891626
255,0.27631578947368424,0.0,0.25,0.47368421052631576
256,0.2222222222222222,0.3333333333333333,0.4444444444444444,0.0
257,0.15517241379310345,0.7241379310344828,0.0,0.1206896551724138
258,0.0,0.4824561403508772,0.4473684210526316,0.07017543859649122
259,0.31543624161073824,0.6241610738255033,0.0,0.06040268456375839
260,0.0,0.2923076923076923,0.36923076923076925,0.3384615384615385
261,0.25740318906605925,0.6970387243735763,0.0,0.04555808656036447
262,0.06744186046511629,0.0,0.2441860465116279,0.6883720930232559
263,0.03816793893129771,0.8893129770992366,0.07251908396946564,0.0
264,0.4,0.26666666666666666,0.0,0.3333333333333333
265,0.0,0.42105263157894735,0.5526315789473685,0.02631578947368421
266,0.39641943734015345,0.5473145780051151,0.0,0.056265984654731455
267,0.0,0.0,0.0,1.0
268,0.0,0.25,0.75,0.0
269,0.0625,0.0,0.015625,0.921875
270,0.0,0.0,0.38333333333333336,0.6166666666666667
271,0.4375,0.0,0.1875,0.375
272,0.225,0.5,0.0,0.275
273,0.25,0.0,0.0,0.75
274,0.03529411764705882,0.0,0.9294117647058824,0.03529411764705882
275,0.2564102564102564,0.6068376068376068,0.13675213675213677,0.0
276,0.624390243902439,0.23170731707317074,0.0,0.14390243902439023
277,0.08333333333333333,0.6833333333333333,0.23333333333333334,0.0
278,0.2874806800618238,0.321483771251932,0.0,0.3910355486862442
279,0.0,0.25,0.75,0.0
280,0.0,0.0,0.038461538461538464,0.9615384615384616
281,0.022988505747126436,0.9310344827586207,0.04597701149425287,0.0
282,0.05714285714285714,0.8285714285714286,0.11428571428571428,0.0
283,0.0,0.07471264367816093,0.005747126436781609,0.9195402298850575
284,0.017964071856287425,0.0,0.05389221556886228,0.9281437125748503
285,0.05555555555555555,0.1111111111111111,0.8333333333333334,0.0
286,0.42857142857142855,0.2857142857142857,0.0,0.2857142857142857
287,0.0,0.6923076923076923,0.3076923076923077,0.0
288,0.7105263157894737,0.13157894736842105,0.0,0.15789473684210525
289,0.09183673469387756,0.0,0.02040816326530612,0.8877551020408163
290,0.62,0.22,0.0,0.16
291,0.0,0.6896551724137931,0.3103448275862069,0.0
292,0.8222222222222222,0.1111111111111111,0.0,0.06666666666666667
293,0.0,0.06818181818181818,0.8409090909090909,0.09090909090909091
294,0.6,0.4,0.0,0.0
295,0.0,0.2857142857142857,0.42857142857142855,0.2857142857142857
296,0.3333333333333333,0.5,0.16666666666666666,0.0
297,0.25,0.0,0.25,0.5
298,0.0,0.75,0.25,0.0
299,0.0,0.0,0.0,1.0
300,0.08333333333333333,0.9166666666666666,0.0,0.0
301,,,,
302,0.0,0.0,0.0,1.0
303,1.0,0.0,0.0,0.0
304,,,,
305,1.0,0.0,0.0,0.0
306,,,,
307,,,,
308,,,,
309,,,,
310,,,,
311,,,,
312,,,,
313,,,,
314,,,,
315,,,,
