,A,C,G,T
0,,,,
1,,,,
2,0.7,0.1,0.0,0.2
3,0.23076923076923078,0.6153846153846154,0.0,0.15384615384615385
4,0.42857142857142855,0.5357142857142857,0.03571428571428571,0.0
5,0.36363636363636365,0.20454545454545456,0.0,0.4318181818181818
6,0.38235294117647056,0.0,0.08823529411764706,0.5294117647058824
7,0.0,0.1590909090909091,0.5909090909090909,0.25
8,0.7172774869109948,0.25654450261780104,0.0,0.02617801047120419
9,0.043478260869565216,0.0,0.09937888198757763,0.8571428571428571
10,0.3333333333333333,0.3333333333333333,0.3333333333333333,0.0
11,0.7894736842105263,0.15789473684210525,0.0,0.05263157894736842
12,0.6666666666666666,0.2,0.0,0.13333333333333333
13,0.42857142857142855,0.4642857142857143,0.10714285714285714,0.0
14,0.5588235294117647,0.058823529411764705,0.0,0.38235294117647056
15,0.0625,0.8125,0.0,0.125
16,0.0,0.5833333333333334,0.25,0.16666666666666666
17,0.875,0.1,0.0,0.025
18,0.2,0.2,0.6,0.0
19,0.3333333333333333,0.0,0.3333333333333333,0.3333333333333333
20,0.0,0.15625,0.84375,0.0
21,0.0,0.0,0.0,1.0
22,0.125,0.125,0.0,0.75
23,0.25,0.25,0.0,0.5
24,0.0,0.25,0.0,0.75
25,0.0,0.0,0.0,1.0
26,0.0,0.6190476190476191,0.3333333333333333,0.047619047619047616
27,0.5,0.0,0.0,0.5
28,0.6153846153846154,0.23076923076923078,0.0,0.15384615384615385
29,0.4666666666666667,0.0,0.0,0.5333333333333333
30,0.42105263157894735,0.3684210526315789,0.0,0.21052631578947367
31,0.36363636363636365,0.36363636363636365,0.2727272727272727,0.0
32,0.44,0.08,0.0,0.48
33,0.7,0.1,0.0,0.2
34,0.14285714285714285,0.7142857142857143,0.14285714285714285,0.0
35,0.14285714285714285,0.0,0.23809523809523808,0.6190476190476191
36,0.3333333333333333,0.0,0.3333333333333333,0.3333333333333333
37,0.0,0.06896551724137931,0.7586206896551724,0.1724137931034483
38,0.38095238095238093,0.2857142857142857,0.0,0.3333333333333333
39,0.041666666666666664,0.0,0.041666666666666664,0.9166666666666666
40,0.25,0.0,0.125,0.625
41,0.045454545454545456,0.2878787878787879,0.6666666666666666,0.0
42,0.0,0.5,0.0,0.5
43,0.8823529411764706,0.0,0.0,0.11764705882352941
44,0.5,0.5,0.0,0.0
45,0.0,0.07142857142857142,0.8888888888888888,0.03968253968253968
46,0.5476190476190477,0.4365079365079365,0.0,0.015873015873015872
47,0.4166666666666667,0.08333333333333333,0.0,0.5
48,0.6,0.26666666666666666,0.13333333333333333,0.0
49,0.5,0.0,0.25,0.25
50,0.22641509433962265,0.0,0.05660377358490566,0.7169811320754716
51,0.0,0.0,0.0,1.0
52,0.15384615384615385,0.23076923076923078,0.6153846153846154,0.0
53,0.47368421052631576,0.4473684210526316,0.0,0.07894736842105263
54,0.0,0.7619047619047619,0.19047619047619047,0.047619047619047616
55,0.18840579710144928,0.782608695652174,0.0,0.028985507246376812
56,0.0,0.6451612903225806,0.16129032258064516,0.1935483870967742
57,0.38461538461538464,0.0,0.5961538461538461,0.019230769230769232
58,0.0,0.4,0.6,0.0
59,0.0,0.0,0.8461538461538461,0.15384615384615385
60,0.03571428571428571,0.7142857142857143,0.25,0.0
61,0.0,0.0,0.0,1.0
62,0.15555555555555556,0.0,0.1111111111111111,0.7333333333333333
63,0.0,0.5,0.5,0.0
64,0.0,0.0,0.0,1.0
65,0.0,0.8148148148148148,0.18518518518518517,0.0
66,0.43636363636363634,0.03636363636363636,0.0,0.5272727272727272
67,0.5034013605442177,0.0,0.04081632653061224,0.4557823129251701
68,0.0,0.13333333333333333,0.4888888888888889,0.37777777777777777
69,0.875,0.041666666666666664,0.0,0.08333333333333333
70,0.027777777777777776,0.0,0.5092592592592593,0.46296296296296297
71,0.12903225806451613,0.0,0.06451612903225806,0.8064516129032258
72,0.10526315789473684,0.42105263157894735,0.47368421052631576,0.0
73,0.42857142857142855,0.0,0.14285714285714285,0.42857142857142855
74,0.40625,0.28125,0.3125,0.0
75,0.6,0.26666666666666666,0.0,0.13333333333333333
76,0.6,0.28888888888888886,0.0,0.1111111111111111
77,0.0,0.4722222222222222,0.4722222222222222,0.05555555555555555
78,0.22580645161290322,0.41935483870967744,0.3548387096774194,0.0
79,0.0,0.8181818181818182,0.18181818181818182,0.0
80,0.16129032258064516,0.0,0.0967741935483871,0.7419354838709677
81,0.0,0.2682926829268293,0.5487804878048781,0.18292682926829268
82,0.2602040816326531,0.0,0.5357142857142857,0.20408163265306123
83,0.2079207920792079,0.0,0.1782178217821782,0.6138613861386139
84,0.23529411764705882,0.47058823529411764,0.29411764705882354,0.0
85,0.25,0.5833333333333334,0.16666666666666666,0.0
86,0.20588235294117646,0.0,0.11764705882352941,0.6764705882352942
87,0.0,0.34408602150537637,0.5376344086021505,0.11827956989247312
88,0.6403508771929824,0.2719298245614035,0.0,0.08771929824561403
89,0.1932367149758454,0.4396135265700483,0.3671497584541063,0.0
90,0.0,0.10526315789473684,0.5101214574898786,0.38461538461538464
91,0.4807692307692308,0.4639423076923077,0.0,0.055288461538461536
92,0.1568627450980392,0.0,0.06372549019607843,0.7794117647058824
93,0.10112359550561797,0.8426966292134831,0.056179775280898875,0.0
94,0.0,0.3125,0.044642857142857144,0.6428571428571429
95,0.12162162162162163,0.8783783783783784,0.0,0.0
96,0.21052631578947367,0.48325358851674644,0.0,0.3062200956937799
97,0.19607843137254902,0.0,0.19607843137254902,0.6078431372549019
98,0.11965811965811966,0.7948717948717948,0.08547008547008547,0.0
99,0.0,0.21428571428571427,0.2012987012987013,0.5844155844155844
100,0.3333333333333333,0.0,0.6666666666666666,0.0
101,0.38961038961038963,0.35714285714285715,0.0,0.2532467532467532
102,0.5106382978723404,0.0,0.06382978723404255,0.425531914893617
103,0.0,0.5862068965517241,0.034482758620689655,0.3793103448275862
104,0.04838709677419355,0.0,0.16129032258064516,0.7903225806451613
105,0.16666666666666666,0.16666666666666666,0.6666666666666666,0.0
106,0.0,0.5,0.0,0.5
107,0.0,0.0,0.0,1.0
108,0.5384615384615384,0.2692307692307692,0.0,0.19230769230769232
109,0.0,0.9411764705882353,0.058823529411764705,0.0
110,0.21739130434782608,0.0,0.13043478260869565,0.6521739130434783
111,0.3333333333333333,0.0,0.3333333333333333,0.3333333333333333
112,0.0,0.3333333333333333,0.0,0.6666666666666666
113,0.28125,0.0,0.03125,0.6875
114,0.6,0.0,0.0,0.4
115,0.0,0.22727272727272727,0.4090909090909091,0.36363636363636365
116,0.0,0.6666666666666666,0.0,0.3333333333333333
117,0.2564102564102564,0.08974358974358974,0.0,0.6538461538461539
118,0.16666666666666666,0.0,0.3888888888888889,0.4444444444444444
119,0.06382978723404255,0.6170212765957447,0.3191489361702128,0.0
120,0.0,0.0,0.75,0.25
121,0.75,0.0,0.0,0.25
122,0.0,0.38461538461538464,0.4423076923076923,0.17307692307692307
123,1.0,0.0,0.0,0.0
124,0.5,0.1,0.0,0.4
125,0.5,0.0,0.4583333333333333,0.041666666666666664
126,0.0,0.35714285714285715,0.5714285714285714,0.07142857142857142
127,0.0,0.11538461538461539,0.7692307692307693,0.11538461538461539
128,0.25,0.1875,0.0,0.5625
129,0.43478260869565216,0.13043478260869565,0.0,0.43478260869565216
130,0.47368421052631576,0.15789473684210525,0.0,0.3684210526315789
131,0.5751633986928104,0.3333333333333333,0.0,0.0915032679738562
132,0.38636363636363635,0.0,0.36363636363636365,0.25
133,0.1111111111111111,0.5185185185185185,0.37037037037037035,0.0
134,0.0,0.11382113821138211,0.08943089430894309,0.7967479674796748
135,0.16,0.72,0.0,0.12
136,0.0,0.07547169811320754,0.7547169811320755,0.16981132075471697
137,0.76,0.10666666666666667,0.0,0.13333333333333333
138,0.034482758620689655,0.034482758620689655,0.9310344827586207,0.0
139,0.18181818181818182,0.2727272727272727,0.0,0.5454545454545454
140,0.2,0.25,0.0,0.55
141,0.23300970873786409,0.5631067961165048,0.0,0.20388349514563106
142,0.2,0.12,0.68,0.0
143,0.15,0.275,0.0,0.575
144,0.4657534246575342,0.0547945205479452,0.0,0.4794520547945205
145,0.3902439024390244,0.0,0.5365853658536586,0.07317073170731707
146,0.0,0.23448275862068965,0.3793103448275862,0.38620689655172413
147,0.25,0.4140625,0.0,0.3359375
148,0.3944954128440367,0.47706422018348627,0.12844036697247707,0.0
149,0.27419354838709675,0.4435483870967742,0.28225806451612906,0.0
150,0.0,0.21666666666666667,0.48333333333333334,0.3
151,0.1791044776119403,0.44776119402985076,0.373134328358209,0.0
152,0.0,0.4006514657980456,0.13355048859934854,0.46579804560260585
153,0.2972972972972973,0.10810810810810811,0.5945945945945946,0.0
154,0.275,0.0,0.325,0.4
155,0.0,0.3010752688172043,0.45161290322580644,0.24731182795698925
156,0.3137254901960784,0.27450980392156865,0.4117647058823529,0.0
157,0.0,0.3931034482758621,0.06896551724137931,0.5379310344827586
158,0.15384615384615385,0.40384615384615385,0.4423076923076923,0.0
159,0.5686274509803921,0.2549019607843137,0.0,0.17647058823529413
160,0.0,0.35135135135135137,0.4864864864864865,0.16216216216216217
161,0.3561643835616438,0.3972602739726027,0.2465753424657534,0.0
162,0.1276595744680851,0.10638297872340426,0.0,0.7659574468085106
163,0.40540540540540543,0.5405405405405406,0.0,0.05405405405405406
164,0.0,0.4125,0.45,0.1375
165,0.0,0.47191011235955055,0.39325842696629215,0.1348314606741573
166,0.5863095238095238,0.24404761904761904,0.0,0.16964285714285715
167,0.316,0.576,0.108,0.0
168,0.0,0.225,0.665,0.11
169,0.0,0.453125,0.3203125,0.2265625
170,0.4890829694323144,0.1965065502183406,0.314410480349345,0.0
171,0.0,0.22988505747126436,0.6781609195402298,0.09195402298850575
172,0.0,0.38562091503267976,0.3137254901960784,0.3006535947712418
173,0.0,0.3229166666666667,0.4375,0.23958333333333334
174,0.30985915492957744,0.352112676056338,0.3380281690140845,0.0
175,0.0,0.12408759124087591,0.072992700729927,0.8029197080291971
176,0.0989010989010989,0.0,0.13736263736263737,0.7637362637362637
177,0.23255813953488372,0.32558139534883723,0.4418604651162791,0.0
178,0.0,0.21428571428571427,0.14285714285714285,0.6428571428571429
179,0.05,0.0,0.0625,0.8875
180,0.0,0.20454545454545456,0.0,0.7954545454545454
181,0.125,0.0,0.59375,0.28125
182,0.0,0.32038834951456313,0.5048543689320388,0.17475728155339806
183,0.5652173913043478,0.21739130434782608,0.0,0.21739130434782608
184,0.0,0.6896551724137931,0.20689655172413793,0.10344827586206896
185,0.39814814814814814,0.0,0.25,0.35185185185185186
186,0.06896551724137931,0.2413793103448276,0.6896551724137931,0.0
187,0.3076923076923077,0.0,0.3076923076923077,0.38461538461538464
188,0.15625,0.0,0.0625,0.78125
189,0.4782608695652174,0.43478260869565216,0.0,0.08695652173913043
190,0.06666666666666667,0.2,0.7333333333333333,0.0
191,0.0625,0.6875,0.0,0.25
192,0.0,0.5102040816326531,0.4489795918367347,0.04081632653061224
193,0.0,0.08695652173913043,0.855072463768116,0.057971014492753624
194,0.4444444444444444,0.3333333333333333,0.0,0.2222222222222222
195,0.4230769230769231,0.07692307692307693,0.0,0.5
196,0.42857142857142855,0.14285714285714285,0.0,0.42857142857142855
197,0.16666666666666666,0.0,0.4166666666666667,0.4166666666666667
198,0.12903225806451613,0.0,0.8387096774193549,0.03225806451612903
199,0.23529411764705882,0.47058823529411764,0.0,0.29411764705882354
200,0.0,0.345679012345679,0.5555555555555556,0.09876543209876543
201,0.18518518518518517,0.5370370370370371,0.2777777777777778,0.0
202,0.0,0.3,0.7,0.0
203,0.3225806451612903,0.0,0.0967741935483871,0.5806451612903226
204,0.0,0.3333333333333333,0.2777777777777778,0.3888888888888889
205,0.15384615384615385,0.0,0.4358974358974359,0.41025641025641024
206,0.10526315789473684,0.0,0.47368421052631576,0.42105263157894735
207,0.0,0.15584415584415584,0.8181818181818182,0.025974025974025976
208,0.15,0.15,0.7,0.0
209,0.32,0.0,0.12,0.56
210,0.25,0.027777777777777776,0.7222222222222222,0.0
211,0.6470588235294118,0.0,0.058823529411764705,0.29411764705882354
212,0.22727272727272727,0.0,0.09090909090909091,0.6818181818181818
213,0.0,0.56,0.4,0.04
214,0.7777777777777778,0.0,0.0,0.2222222222222222
215,0.0,0.07547169811320754,0.9056603773584906,0.018867924528301886
216,0.6666666666666666,0.08333333333333333,0.0,0.25
217,0.0,0.631578947368421,0.21052631578947367,0.15789473684210525
218,0.3076923076923077,0.0,0.5769230769230769,0.11538461538461539
219,0.0,0.13793103448275862,0.8275862068965517,0.034482758620689655
220,0.0,0.5925925925925926,0.25925925925925924,0.14814814814814814
221,0.13274336283185842,0.672566371681416,0.19469026548672566,0.0
222,0.1590909090909091,0.13636363636363635,0.7045454545454546,0.0
223,0.37142857142857144,0.0,0.14285714285714285,0.4857142857142857
224,0.07228915662650602,0.0,0.13253012048192772,0.7951807228915663
225,0.0,0.24691358024691357,0.7283950617283951,0.024691358024691357
226,0.0,0.1917808219178082,0.7397260273972602,0.0684931506849315
227,0.26666666666666666,0.6833333333333333,0.0,0.05
228,0.0,0.1276595744680851,0.8085106382978723,0.06382978723404255
229,0.0,0.1532258064516129,0.8387096774193549,0.008064516129032258
230,0.1320754716981132,0.0,0.1509433962264151,0.7169811320754716
231,0.0,0.2,0.6,0.2
232,0.25,0.0,0.07352941176470588,0.6764705882352942
233,0.4854014598540146,0.36496350364963503,0.0,0.14963503649635038
234,0.04602510460251046,0.0,0.6485355648535565,0.3054393305439331
235,0.5641025641025641,0.23076923076923078,0.20512820512820512,0.0
236,0.391025641025641,0.19230769230769232,0.0,0.4166666666666667
237,0.20754716981132076,0.3584905660377358,0.4339622641509434,0.0
238,0.0,0.1652542372881356,0.00847457627118644,0.826271186440678
239,0.03333333333333333,0.7,0.26666666666666666,0.0
240,0.0375,0.0,0.1375,0.825
241,0.2,0.0,0.8,0.0
242,0.48514851485148514,0.31683168316831684,0.0,0.19801980198019803
243,0.225,0.0,0.775,0.0
244,0.0,0.09090909090909091,0.9090909090909091,0.0
245,0.0,0.5275590551181102,0.4251968503937008,0.047244094488188976
246,0.0,0.45454545454545453,0.36363636363636365,0.18181818181818182
247,0.07692307692307693,0.2692307692307692,0.6538461538461539,0.0
248,0.20689655172413793,0.6206896551724138,0.0,0.1724137931034483
249,0.0,0.25,0.6923076923076923,0.057692307692307696
250,1.0,0.0,0.0,0.0
251,0.0743801652892562,0.0,0.05785123966942149,0.8677685950413223
252,0.0,0.07368421052631578,0.8631578947368421,0.06315789473684211
253,0.35294117647058826,0.6323529411764706,0.0,0.014705882352941176
254,0.2112676056338028,0.0,0.1267605633802817,0.6619718309859155
255,0.3076923076923077,0.0,0.23076923076923078,0.46153846153846156
256,0.0,0.25,0.75,0.0
257,0.6060606060606061,0.3333333333333333,0.0,0.06060606060606061
258,0.0,0.3333333333333333,0.6666666666666666,0.0
259,0.30097087378640774,0.6796116504854369,0.0,0.019417475728155338
260,0.0,0.20930232558139536,0.7209302325581395,0.06976744186046512
261,0.3081761006289308,0.6037735849056604,0.0,0.0880503144654088
262,0.26373626373626374,0.0,0.13736263736263737,0.5989010989010989
263,0.32558139534883723,0.09302325581395349,0.5813953488372093,0.0
264,0.3333333333333333,0.1111111111111111,0.0,0.5555555555555556
265,0.0,0.7692307692307693,0.23076923076923078,0.0
266,0.3872549019607843,0.553921568627451,0.0,0.058823529411764705
267,0.5,0.0,0.0,0.5
268,0.0,0.0,0.8,0.2
269,0.30303030303030304,0.0,0.0,0.696969696969697
270,0.0,0.0,0.3137254901960784,0.6862745098039216
271,0.16666666666666666,0.0,0.05555555555555555,0.7777777777777778
272,0.2857142857142857,0.2857142857142857,0.0,0.42857142857142855
273,0.23076923076923078,0.038461538461538464,0.0,0.7307692307692307
274,0.0,0.0,1.0,0.0
275,0.46,0.36,0.18,0.0
276,0.5196078431372549,0.4362745098039216,0.0,0.04411764705882353
277,0.32142857142857145,0.5357142857142857,0.14285714285714285,0.0
278,0.279126213592233,0.4878640776699029,0.0,0.23300970873786409
279,0.3333333333333333,0.3333333333333333,0.3333333333333333,0.0
280,0.0,0.0,0.0625,0.9375
281,0.01652892561983471,0.9504132231404959,0.03305785123966942,0.0
282,0.2,0.6,0.2,0.0
283,0.0,0.09090909090909091,0.07954545454545454,0.8295454545454546
284,0.0,0.0,0.028846153846153848,0.9711538461538461
285,0.14285714285714285,0.42857142857142855,0.42857142857142855,0.0
286,0.25,0.0,0.0,0.75
287,0.0,0.72,0.28,0.0
288,0.5,0.15,0.0,0.35
289,0.041666666666666664,0.0,0.125,0.8333333333333334
290,0.21739130434782608,0.5217391304347826,0.0,0.2608695652173913
291,0.0,0.84,0.16,0.0
292,0.8095238095238095,0.11904761904761904,0.0,0.07142857142857142
293,0.0,0.16,0.84,0.0
294,0.6666666666666666,0.3333333333333333,0.0,0.0
295,0.0,0.1,0.6,0.3
296,0.5714285714285714,0.42857142857142855,0.0,0.0
297,0.16666666666666666,0.0,0.6666666666666666,0.16666666666666666
298,0.3333333333333333,0.6666666666666666,0.0,0.0
299,0.0,0.0,0.0,1.0
300,0.0,1.0,0.0,0.0
301,0.0,0.0,1.0,0.0
302,,,,
303,,,,
304,,,,
305,0.0,0.0,0.0,1.0
306,,,,
307,,,,
308,,,,
309,0.0,0.0,0.0,1.0
310,,,,
311,,,,
312,,,,
313,,,,
314,,,,
315,,,,
