,A,C,G,T
0,,,,
1,,,,
2,0.5,0.0,0.0,0.5
3,0.0,0.5,0.0,0.5
4,0.5263157894736842,0.42105263157894735,0.05263157894736842,0.0
5,0.9117647058823529,0.058823529411764705,0.0,0.029411764705882353
6,0.0,0.0,1.0,0.0
7,0.0,0.0,0.16666666666666666,0.8333333333333334
8,0.8641975308641975,0.04938271604938271,0.0,0.08641975308641975
9,0.0,0.0,0.0,1.0
10,0.0,1.0,0.0,0.0
11,0.8,0.0,0.0,0.2
12,0.2571428571428571,0.0,0.0,0.7428571428571429
13,0.3333333333333333,0.6666666666666666,0.0,0.0
14,0.7413793103448276,0.1206896551724138,0.0,0.13793103448275862
15,,,,
16,0.0,0.0,0.5,0.5
17,0.0,0.0,0.98,0.02
18,0.0,1.0,0.0,0.0
19,0.0,0.0,0.0,1.0
20,0.0,0.5714285714285714,0.42857142857142855,0.0
21,0.0,0.75,0.0,0.25
22,0.7857142857142857,0.21428571428571427,0.0,0.0
23,0.6153846153846154,0.23076923076923078,0.0,0.15384615384615385
24,0.0,0.5,0.5,0.0
25,0.03333333333333333,0.0,0.13333333333333333,0.8333333333333334
26,0.0,0.5,0.5,0.0
27,0.5,0.5,0.0,0.0
28,0.0,0.5,0.42857142857142855,0.07142857142857142
29,0.5111111111111111,0.4888888888888889,0.0,0.0
30,0.043478260869565216,0.10869565217391304,0.8478260869565217,0.0
31,0.0,1.0,0.0,0.0
32,0.14285714285714285,0.42857142857142855,0.0,0.42857142857142855
33,0.0,0.75,0.16666666666666666,0.08333333333333333
34,0.0,0.09302325581395349,0.813953488372093,0.09302325581395349
35,0.25,0.0,0.0,0.75
36,0.0,0.6923076923076923,0.23076923076923078,0.07692307692307693
37,0.0,0.4864864864864865,0.43243243243243246,0.08108108108108109
38,0.7916666666666666,0.20833333333333334,0.0,0.0
39,0.0,0.0,0.0,1.0
40,1.0,0.0,0.0,0.0
41,0.1,0.5,0.4,0.0
42,0.0,0.75,0.0,0.25
43,0.3,0.4,0.0,0.3
44,0.0,0.5,0.0,0.5
45,0.5,0.0,0.0,0.5
46,,,,
47,,,,
48,0.8333333333333334,0.0,0.16666666666666666,0.0
49,,,,
50,0.0,0.14285714285714285,0.5238095238095238,0.3333333333333333
51,0.4,0.4,0.0,0.2
52,0.0,1.0,0.0,0.0
53,0.125,0.75,0.0,0.125
54,0.0,1.0,0.0,0.0
55,0.0,0.49230769230769234,0.4307692307692308,0.07692307692307693
56,0.8194444444444444,0.041666666666666664,0.0,0.1388888888888889
57,0.8294573643410853,0.16279069767441862,0.0,0.007751937984496124
58,0.0,0.0,1.0,0.0
59,0.0,0.8260869565217391,0.17391304347826086,0.0
60,0.0,1.0,0.0,0.0
61,0.0,0.0,0.0,1.0
62,0.0,0.0,0.16666666666666666,0.8333333333333334
63,0.0,0.0,1.0,0.0
64,0.0,0.0,0.0,1.0
65,0.0,0.0,0.0,1.0
66,0.0,0.4230769230769231,0.5384615384615384,0.038461538461538464
67,0.0,0.8863636363636364,0.11363636363636363,0.0
68,0.0,1.0,0.0,0.0
69,0.5882352941176471,0.17647058823529413,0.0,0.23529411764705882
70,0.09090909090909091,0.0,0.45454545454545453,0.45454545454545453
71,0.0975609756097561,0.5365853658536586,0.36585365853658536,0.0
72,0.9375,0.041666666666666664,0.020833333333333332,0.0
73,0.02702702702702703,0.0,0.1891891891891892,0.7837837837837838
74,0.05263157894736842,0.47368421052631576,0.47368421052631576,0.0
75,0.5,0.5,0.0,0.0
76,0.8,0.0,0.0,0.2
77,0.0,0.15384615384615385,0.38461538461538464,0.46153846153846156
78,0.34782608695652173,0.043478260869565216,0.6086956521739131,0.0
79,0.0,0.0,0.0,1.0
80,0.038461538461538464,0.0,0.0,0.9615384615384616
81,0.0,0.55,0.3,0.15
82,0.23853211009174313,0.0,0.46788990825688076,0.29357798165137616
83,0.38461538461538464,0.0,0.3626373626373626,0.25274725274725274
84,0.5957446808510638,0.40425531914893614,0.0,0.0
85,0.0,0.3333333333333333,0.6666666666666666,0.0
86,0.15384615384615385,0.0,0.07692307692307693,0.7692307692307693
87,0.0,0.5294117647058824,0.4117647058823529,0.058823529411764705
88,0.4519230769230769,0.0,0.34615384615384615,0.20192307692307693
89,0.3673469387755102,0.40816326530612246,0.22448979591836735,0.0
90,0.0,0.20238095238095238,0.5119047619047619,0.2857142857142857
91,0.7845303867403315,0.19889502762430938,0.0,0.016574585635359115
92,0.09285714285714286,0.0,0.16428571428571428,0.7428571428571429
93,0.1111111111111111,0.8611111111111112,0.027777777777777776,0.0
94,0.0,0.08064516129032258,0.16129032258064516,0.7580645161290323
95,0.024390243902439025,0.975609756097561,0.0,0.0
96,0.325,0.3,0.0,0.375
97,0.06976744186046512,0.0,0.8255813953488372,0.10465116279069768
98,0.5444444444444444,0.37777777777777777,0.07777777777777778,0.0
99,0.0,0.21818181818181817,0.45454545454545453,0.32727272727272727
100,0.0,0.5,0.5,0.0
101,0.4453125,0.2421875,0.0,0.3125
102,0.0,0.8076923076923077,0.15384615384615385,0.038461538461538464
103,0.0,0.2857142857142857,0.2857142857142857,0.42857142857142855
104,0.0,0.7948717948717948,0.20512820512820512,0.0
105,0.0,1.0,0.0,0.0
106,0.3333333333333333,0.0,0.0,0.6666666666666666
107,0.0,0.0,0.0,1.0
108,0.06666666666666667,0.6666666666666666,0.0,0.26666666666666666
109,0.0,0.5,0.5,0.0
110,0.5,0.25,0.0,0.25
111,1.0,0.0,0.0,0.0
112,0.0,0.0,0.0,1.0
113,0.0,0.26666666666666666,0.6333333333333333,0.1
114,0.3333333333333333,0.0,0.3333333333333333,0.3333333333333333
115,0.0,0.14285714285714285,0.5714285714285714,0.2857142857142857
116,0.3333333333333333,0.0,0.0,0.6666666666666666
117,1.0,0.0,0.0,0.0
118,0.0,0.0,0.0,1.0
119,0.6666666666666666,0.0,0.3333333333333333,0.0
120,1.0,0.0,0.0,0.0
121,1.0,0.0,0.0,0.0
122,0.07142857142857142,0.7857142857142857,0.14285714285714285,0.0
123,0.6666666666666666,0.0,0.0,0.3333333333333333
124,0.0,1.0,0.0,0.0
125,0.0,0.125,0.4375,0.4375
126,1.0,0.0,0.0,0.0
127,0.0,0.0,0.8,0.2
128,0.0,0.2,0.76,0.04
129,0.125,0.875,0.0,0.0
130,,,,
131,0.38095238095238093,0.5238095238095238,0.0,0.09523809523809523
132,0.0,0.0,0.25,0.75
133,0.0,0.975,0.025,0.0
134,0.09090909090909091,0.045454545454545456,0.8636363636363636,0.0
135,0.125,0.875,0.0,0.0
136,0.0,0.5,0.5,0.0
137,0.9565217391304348,0.0,0.0,0.043478260869565216
138,,,,
139,1.0,0.0,0.0,0.0
140,0.0,0.0,0.0,1.0
141,0.0,0.7777777777777778,0.0,0.2222222222222222
142,,,,
143,0.12903225806451613,0.5806451612903226,0.0,0.2903225806451613
144,,,,
145,0.0,1.0,0.0,0.0
146,0.0,0.49333333333333335,0.4533333333333333,0.05333333333333334
147,0.0,0.5,0.5,0.0
148,0.09090909090909091,0.8181818181818182,0.0,0.09090909090909091
149,0.030303030303030304,0.9393939393939394,0.0,0.030303030303030304
150,0.0,0.0,1.0,0.0
151,0.16666666666666666,0.0,0.8333333333333334,0.0
152,0.3,0.0,0.15,0.55
153,0.0,0.631578947368421,0.3684210526315789,0.0
154,0.0,0.3181818181818182,0.5909090909090909,0.09090909090909091
155,0.24,0.0,0.0,0.76
156,0.0,0.7714285714285715,0.2,0.02857142857142857
157,0.17647058823529413,0.0,0.47058823529411764,0.35294117647058826
158,0.5555555555555556,0.0,0.2222222222222222,0.2222222222222222
159,0.0,0.08620689655172414,0.8793103448275862,0.034482758620689655
160,0.0,0.4691358024691358,0.4691358024691358,0.06172839506172839
161,0.24468085106382978,0.0,0.44680851063829785,0.30851063829787234
162,0.0,0.21052631578947367,0.15789473684210525,0.631578947368421
163,0.42857142857142855,0.0,0.5,0.07142857142857142
164,0.015625,0.4375,0.546875,0.0
165,0.6428571428571429,0.07142857142857142,0.0,0.2857142857142857
166,0.1,0.8,0.0,0.1
167,0.5512820512820513,0.4230769230769231,0.0,0.02564102564102564
168,0.0,0.5909090909090909,0.36363636363636365,0.045454545454545456
169,0.0,0.6417910447761194,0.208955223880597,0.14925373134328357
170,0.25773195876288657,0.0,0.31958762886597936,0.422680412371134
171,0.08108108108108109,0.0,0.8378378378378378,0.08108108108108109
172,0.5,0.0,0.5,0.0
173,0.0,0.574468085106383,0.40425531914893614,0.02127659574468085
174,0.0,0.06976744186046512,0.5581395348837209,0.37209302325581395
175,0.7377049180327869,0.0,0.11475409836065574,0.14754098360655737
176,0.6388888888888888,0.2222222222222222,0.0,0.1388888888888889
177,0.0,0.5,0.5,0.0
178,0.0,0.2857142857142857,0.2857142857142857,0.42857142857142855
179,0.0,0.8636363636363636,0.13636363636363635,0.0
180,0.25,0.0,0.0,0.75
181,0.0967741935483871,0.0,0.7096774193548387,0.1935483870967742
182,0.0,0.0,1.0,0.0
183,0.8181818181818182,0.0,0.18181818181818182,0.0
184,0.0,0.6153846153846154,0.358974358974359,0.02564102564102564
185,0.45454545454545453,0.45454545454545453,0.0,0.09090909090909091
186,0.125,0.5,0.0,0.375
187,0.7222222222222222,0.23333333333333334,0.0,0.044444444444444446
188,0.1,0.0,0.13333333333333333,0.7666666666666667
189,0.0625,0.8125,0.125,0.0
190,0.625,0.125,0.25,0.0
191,0.75,0.0,0.0,0.25
192,0.0,0.07142857142857142,0.6428571428571429,0.2857142857142857
193,0.07407407407407407,0.0,0.5185185185185185,0.4074074074074074
194,0.0,0.35294117647058826,0.5882352941176471,0.058823529411764705
195,0.3333333333333333,0.5,0.0,0.16666666666666666
196,0.5714285714285714,0.14285714285714285,0.0,0.2857142857142857
197,0.0,0.23684210526315788,0.5263157894736842,0.23684210526315788
198,1.0,0.0,0.0,0.0
199,0.6,0.0,0.0,0.4
200,0.611764705882353,0.29411764705882354,0.0,0.09411764705882353
201,0.3181818181818182,0.022727272727272728,0.6590909090909091,0.0
202,0.18181818181818182,0.45454545454545453,0.36363636363636365,0.0
203,0.0,0.8695652173913043,0.13043478260869565,0.0
204,0.2727272727272727,0.2727272727272727,0.0,0.45454545454545453
205,0.0,0.9444444444444444,0.05555555555555555,0.0
206,0.0,0.0,0.9,0.1
207,0.06666666666666667,0.8,0.13333333333333333,0.0
208,0.0,0.0,1.0,0.0
209,0.05405405405405406,0.0,0.6486486486486487,0.2972972972972973
210,0.2,0.2,0.6,0.0
211,0.6,0.0,0.2,0.2
212,0.37777777777777777,0.0,0.4888888888888889,0.13333333333333333
213,0.0,0.37209302325581395,0.627906976744186,0.0
214,0.0,0.8,0.2,0.0
215,0.10526315789473684,0.8421052631578947,0.0,0.05263157894736842
216,0.8333333333333334,0.0,0.0,0.16666666666666666
217,0.0,1.0,0.0,0.0
218,0.625,0.0,0.0,0.375
219,0.0,0.16666666666666666,0.5,0.3333333333333333
220,0.19047619047619047,0.0,0.5238095238095238,0.2857142857142857
221,0.08771929824561403,0.0,0.5614035087719298,0.3508771929824561
222,0.7083333333333334,0.041666666666666664,0.25,0.0
223,0.5,0.0,0.0,0.5
224,0.05405405405405406,0.8378378378378378,0.10810810810810811,0.0
225,0.5,0.2777777777777778,0.0,0.2222222222222222
226,0.0,0.6896551724137931,0.3103448275862069,0.0
227,0.5555555555555556,0.0,0.4444444444444444,0.0
228,0.0,0.25,0.6875,0.0625
229,0.8924731182795699,0.10752688172043011,0.0,0.0
230,0.057971014492753624,0.0,0.07246376811594203,0.8695652173913043
231,0.0,0.037037037037037035,0.8888888888888888,0.07407407407407407
232,0.0,1.0,0.0,0.0
233,0.6842105263157895,0.2631578947368421,0.0,0.05263157894736842
234,0.5185185185185185,0.037037037037037035,0.0,0.4444444444444444
235,0.0,0.0,0.0,1.0
236,0.0,0.40625,0.4375,0.15625
237,0.6666666666666666,0.25,0.08333333333333333,0.0
238,0.0,0.1,0.075,0.825
239,0.07142857142857142,0.8571428571428571,0.07142857142857142,0.0
240,0.06521739130434782,0.0,0.0,0.9347826086956522
241,0.0,0.0,1.0,0.0
242,0.8032786885245902,0.16393442622950818,0.0,0.03278688524590164
243,0.09302325581395349,0.0,0.9069767441860465,0.0
244,0.0,0.0,0.5,0.5
245,0.4897959183673469,0.42857142857142855,0.0,0.08163265306122448
246,0.0,0.16666666666666666,0.8333333333333334,0.0
247,0.25,0.0,0.75,0.0
248,0.9523809523809523,0.0,0.0,0.047619047619047616
249,0.0,0.020833333333333332,0.10416666666666667,0.875
250,0.5185185185185185,0.4537037037037037,0.0,0.027777777777777776
251,0.09574468085106383,0.0,0.43617021276595747,0.46808510638297873
252,0.0,0.20833333333333334,0.7638888888888888,0.027777777777777776
253,0.9074074074074074,0.09259259259259259,0.0,0.0
254,0.034482758620689655,0.0,0.06896551724137931,0.896551724137931
255,0.06666666666666667,0.0,0.13333333333333333,0.8
256,0.0,0.0,1.0,0.0
257,0.0,0.35454545454545455,0.35454545454545455,0.2909090909090909
258,0.0,0.16666666666666666,0.8095238095238095,0.023809523809523808
259,0.0,0.1590909090909091,0.8409090909090909,0.0
260,0.7142857142857143,0.23809523809523808,0.0,0.047619047619047616
261,0.5897435897435898,0.24786324786324787,0.0,0.1623931623931624
262,0.06896551724137931,0.0,0.4827586206896552,0.4482758620689655
263,0.11538461538461539,0.7692307692307693,0.11538461538461539,0.0
264,0.6341463414634146,0.34146341463414637,0.0,0.024390243902439025
265,0.0,0.9411764705882353,0.058823529411764705,0.0
266,0.4044943820224719,0.47191011235955055,0.0,0.12359550561797752
267,0.0,0.0,0.0,1.0
268,,,,
269,0.2857142857142857,0.0,0.14285714285714285,0.5714285714285714
270,0.0,0.0,0.15384615384615385,0.8461538461538461
271,0.07692307692307693,0.0,0.8461538461538461,0.07692307692307693
272,0.42857142857142855,0.2571428571428571,0.3142857142857143,0.0
273,0.5,0.5,0.0,0.0
274,0.25,0.0,0.75,0.0
275,0.0,0.0,1.0,0.0
276,0.7592592592592593,0.18518518518518517,0.0,0.05555555555555555
277,0.0,0.8125,0.1875,0.0
278,0.3026315789473684,0.3092105263157895,0.0,0.3881578947368421
279,,,,
280,0.0,0.0,0.0,1.0
281,0.0,0.875,0.125,0.0
282,0.0,0.0,1.0,0.0
283,0.0,0.0,0.0,1.0
284,0.0,0.0,0.009523809523809525,0.9904761904761905
285,0.5,0.0,0.5,0.0
286,0.25,0.25,0.0,0.5
287,0.0,0.0,1.0,0.0
288,0.8,0.0,0.0,0.2
289,0.17647058823529413,0.0,0.058823529411764705,0.7647058823529411
290,0.2857142857142857,0.2857142857142857,0.0,0.42857142857142855
291,0.0,0.9428571428571428,0.05714285714285714,0.0
292,0.75,0.0,0.0,0.25
293,0.0,0.11538461538461539,0.8846153846153846,0.0
294,0.25,0.0,0.0,0.75
295,0.0,0.3333333333333333,0.4444444444444444,0.2222222222222222
296,0.08333333333333333,0.9166666666666666,0.0,0.0
297,0.0,0.0,0.0,1.0
298,0.6666666666666666,0.3333333333333333,0.0,0.0
299,,,,
300,,,,
301,,,,
302,,,,
303,,,,
304,,,,
305,,,,
306,,,,
307,,,,
308,,,,
309,,,,
310,,,,
311,,,,
312,,,,
313,,,,
314,,,,
315,,,,
