,A,C,G,T
0,,,,
1,,,,
2,0.5714285714285714,0.373015873015873,0.0,0.05555555555555555
3,0.8571428571428571,0.09523809523809523,0.0,0.047619047619047616
4,0.5636363636363636,0.36363636363636365,0.07272727272727272,0.0
5,0.46534653465346537,0.07920792079207921,0.0,0.45544554455445546
6,0.3076923076923077,0.0,0.46153846153846156,0.23076923076923078
7,0.0,0.052083333333333336,0.4583333333333333,0.4895833333333333
8,0.8763157894736842,0.09473684210526316,0.0,0.02894736842105263
9,0.11977715877437325,0.0,0.07242339832869081,0.807799442896936
10,0.3333333333333333,0.3333333333333333,0.3333333333333333,0.0
11,0.4296875,0.5,0.0,0.0703125
12,0.01556420233463035,0.08171206225680934,0.0,0.9027237354085603
13,0.21052631578947367,0.7105263157894737,0.07894736842105263,0.0
14,0.4,0.2,0.0,0.4
15,0.041666666666666664,0.8125,0.0,0.14583333333333334
16,0.0,0.75,0.0625,0.1875
17,0.5351351351351351,0.3945945945945946,0.0,0.07027027027027027
18,0.4,0.3,0.3,0.0
19,0.5454545454545454,0.0,0.09090909090909091,0.36363636363636365
20,0.07582938388625593,0.3933649289099526,0.5308056872037915,0.0
21,0.5714285714285714,0.07142857142857142,0.0,0.35714285714285715
22,0.3076923076923077,0.23076923076923078,0.0,0.46153846153846156
23,0.42105263157894735,0.15789473684210525,0.0,0.42105263157894735
24,0.45454545454545453,0.2727272727272727,0.0,0.2727272727272727
25,0.16666666666666666,0.0,0.0,0.8333333333333334
26,0.0,0.22123893805309736,0.6460176991150443,0.13274336283185842
27,0.3333333333333333,0.5333333333333333,0.0,0.13333333333333333
28,0.8032786885245902,0.15163934426229508,0.0,0.045081967213114756
29,0.5316455696202531,0.0,0.25316455696202533,0.21518987341772153
30,0.15451895043731778,0.7842565597667639,0.061224489795918366,0.0
31,0.0,0.5454545454545454,0.45454545454545453,0.0
32,0.6831683168316832,0.19801980198019803,0.0,0.1188118811881188
33,0.5700934579439252,0.24299065420560748,0.0,0.18691588785046728
34,0.1320754716981132,0.7358490566037735,0.1320754716981132,0.0
35,0.0,0.5697674418604651,0.19186046511627908,0.23837209302325582
36,0.0,0.9759807846277022,0.01921537229783827,0.004803843074459567
37,0.0,0.21311475409836064,0.639344262295082,0.14754098360655737
38,0.2463768115942029,0.5072463768115942,0.0,0.2463768115942029
39,0.5384615384615384,0.0,0.07692307692307693,0.38461538461538464
40,0.06666666666666667,0.0,0.13333333333333333,0.8
41,0.014285714285714285,0.08571428571428572,0.9,0.0
42,0.14285714285714285,0.14285714285714285,0.0,0.7142857142857143
43,0.0,0.825,0.0,0.175
44,0.969187675070028,0.029411764705882353,0.0,0.0014005602240896359
45,0.45454545454545453,0.36363636363636365,0.0,0.18181818181818182
46,0.835820895522388,0.08955223880597014,0.0,0.07462686567164178
47,0.47619047619047616,0.3333333333333333,0.0,0.19047619047619047
48,0.1875,0.4375,0.375,0.0
49,0.5714285714285714,0.0,0.21428571428571427,0.21428571428571427
50,0.11363636363636363,0.0,0.09090909090909091,0.7954545454545454
51,0.20588235294117646,0.0,0.08823529411764706,0.7058823529411765
52,0.25,0.16666666666666666,0.5833333333333334,0.0
53,0.4077669902912621,0.4854368932038835,0.0,0.10679611650485436
54,0.0,0.7631578947368421,0.18421052631578946,0.05263157894736842
55,0.3,0.6285714285714286,0.0,0.07142857142857142
56,0.0,0.47058823529411764,0.4117647058823529,0.11764705882352941
57,0.2727272727272727,0.0,0.45454545454545453,0.2727272727272727
58,0.045454545454545456,0.5909090909090909,0.36363636363636365,0.0
59,0.06521739130434782,0.0,0.7608695652173914,0.17391304347826086
60,0.37254901960784315,0.3137254901960784,0.3137254901960784,0.0
61,0.32142857142857145,0.0,0.07142857142857142,0.6071428571428571
62,0.2893081761006289,0.0,0.09433962264150944,0.6163522012578616
63,0.14285714285714285,0.21428571428571427,0.6428571428571429,0.0
64,0.0,0.0,0.0,1.0
65,0.011764705882352941,0.8705882352941177,0.11764705882352941,0.0
66,0.6923076923076923,0.02834008097165992,0.0,0.2793522267206478
67,0.23733333333333334,0.0,0.06133333333333333,0.7013333333333334
68,0.0,0.0821917808219178,0.2054794520547945,0.7123287671232876
69,0.7671232876712328,0.0821917808219178,0.0,0.1506849315068493
70,0.00904977375565611,0.0,0.497737556561086,0.49321266968325794
71,0.09230769230769231,0.0,0.2923076923076923,0.6153846153846154
72,0.1111111111111111,0.37037037037037035,0.5185185185185185,0.0
73,0.6538461538461539,0.0,0.038461538461538464,0.3076923076923077
74,0.05660377358490566,0.7264150943396226,0.2169811320754717,0.0
75,0.375,0.3125,0.0,0.3125
76,0.76,0.08,0.0,0.16
77,0.0,0.2920353982300885,0.34513274336283184,0.36283185840707965
78,0.4260869565217391,0.3391304347826087,0.23478260869565218,0.0
79,0.05128205128205128,0.7948717948717948,0.15384615384615385,0.0
80,0.22950819672131148,0.0,0.04918032786885246,0.7213114754098361
81,0.0,0.3607305936073059,0.3972602739726027,0.2420091324200913
82,0.158311345646438,0.0,0.47757255936675463,0.3641160949868074
83,0.11147540983606558,0.0,0.2721311475409836,0.6163934426229508
84,0.06204379562043796,0.6970802919708029,0.24087591240875914,0.0
85,0.09090909090909091,0.6818181818181818,0.22727272727272727,0.0
86,0.07909604519774012,0.0,0.15254237288135594,0.768361581920904
87,0.0,0.31297709923664124,0.5114503816793893,0.17557251908396945
88,0.4628975265017668,0.49469964664310956,0.0,0.04240282685512368
89,0.17548076923076922,0.6514423076923077,0.17307692307692307,0.0
90,0.7365196078431373,0.1715686274509804,0.0,0.09191176470588236
91,0.0,0.27304347826086955,0.5878260869565217,0.1391304347826087
92,0.06797385620915032,0.0,0.16732026143790849,0.7647058823529411
93,0.0847457627118644,0.5847457627118644,0.3305084745762712,0.0
94,0.0,0.25,0.07291666666666667,0.6770833333333334
95,0.13612565445026178,0.0,0.02006980802792321,0.8438045375218151
96,0.07221664994984955,0.0732196589769308,0.8545636910732196,0.0
97,0.0,0.4417744916820702,0.5064695009242144,0.051756007393715345
98,0.5458996328029376,0.0,0.14687882496940025,0.3072215422276622
99,0.0,0.24324324324324326,0.3567567567567568,0.4
100,0.07692307692307693,0.38461538461538464,0.5384615384615384,0.0
101,0.22784810126582278,0.45569620253164556,0.0,0.31645569620253167
102,0.0,0.4727272727272727,0.38181818181818183,0.14545454545454545
103,0.0,0.23049001814882034,0.7150635208711433,0.0544464609800363
104,0.00819672131147541,0.0,0.10382513661202186,0.8879781420765027
105,0.14285714285714285,0.0,0.8571428571428571,0.0
106,0.14285714285714285,0.5,0.0,0.35714285714285715
107,0.13333333333333333,0.5333333333333333,0.0,0.3333333333333333
108,0.4673913043478261,0.21739130434782608,0.0,0.31521739130434784
109,0.0,0.631578947368421,0.3684210526315789,0.0
110,0.125,0.0,0.20833333333333334,0.6666666666666666
111,0.5,0.0,0.35714285714285715,0.14285714285714285
112,0.3333333333333333,0.3333333333333333,0.0,0.3333333333333333
113,0.2786885245901639,0.0,0.3114754098360656,0.4098360655737705
114,0.425,0.0,0.2,0.375
115,0.0,0.09174311926605505,0.10091743119266056,0.8073394495412844
116,0.8059701492537313,0.1791044776119403,0.0,0.014925373134328358
117,0.5849056603773585,0.2389937106918239,0.0,0.1761006289308176
118,0.033707865168539325,0.0,0.4943820224719101,0.47191011235955055
119,0.015384615384615385,0.5538461538461539,0.4307692307692308,0.0
120,0.23076923076923078,0.0,0.5769230769230769,0.19230769230769232
121,0.7142857142857143,0.0,0.21428571428571427,0.07142857142857142
122,0.0,0.1958041958041958,0.6853146853146853,0.11888111888111888
123,0.3333333333333333,0.0,0.0,0.6666666666666666
124,0.6666666666666666,0.1,0.0,0.23333333333333334
125,0.7415730337078652,0.07865168539325842,0.0,0.1797752808988764
126,0.0,0.14666666666666667,0.8266666666666667,0.02666666666666667
127,0.0,0.16666666666666666,0.8141025641025641,0.019230769230769232
128,0.6081081081081081,0.06756756756756757,0.0,0.32432432432432434
129,0.5692307692307692,0.26153846153846155,0.0,0.16923076923076924
130,0.425531914893617,0.2127659574468085,0.0,0.3617021276595745
131,0.5603715170278638,0.33126934984520123,0.0,0.10835913312693499
132,0.23809523809523808,0.0,0.44047619047619047,0.32142857142857145
133,0.06779661016949153,0.6016949152542372,0.3305084745762712,0.0
134,0.5112781954887218,0.3007518796992481,0.0,0.18796992481203006
135,0.1282051282051282,0.7051282051282052,0.0,0.16666666666666666
136,0.0,0.13076923076923078,0.5769230769230769,0.2923076923076923
137,0.8178137651821862,0.07692307692307693,0.0,0.10526315789473684
138,0.024390243902439025,0.0975609756097561,0.8780487804878049,0.0
139,0.07526881720430108,0.16129032258064516,0.0,0.7634408602150538
140,0.052083333333333336,0.4583333333333333,0.0,0.4895833333333333
141,0.5698324022346368,0.3463687150837989,0.0,0.08379888268156424
142,0.15789473684210525,0.3026315789473684,0.5394736842105263,0.0
143,0.02909090909090909,0.0,0.06303030303030303,0.9078787878787878
144,0.0621301775147929,0.020710059171597635,0.9171597633136095,0.0
145,0.3055555555555556,0.0,0.3888888888888889,0.3055555555555556
146,0.0,0.34210526315789475,0.462406015037594,0.19548872180451127
147,0.26269315673289184,0.32891832229580575,0.4083885209713024,0.0
148,0.5833333333333334,0.0,0.15246212121212122,0.26420454545454547
149,0.16972477064220184,0.0,0.08944954128440367,0.7408256880733946
150,0.0,0.1623931623931624,0.5811965811965812,0.2564102564102564
151,0.08421052631578947,0.29473684210526313,0.6210526315789474,0.0
152,0.239067055393586,0.5947521865889213,0.1661807580174927,0.0
153,0.0,0.25252525252525254,0.601010101010101,0.14646464646464646
154,0.34988713318284426,0.5801354401805869,0.0,0.06997742663656885
155,0.20711974110032363,0.4401294498381877,0.35275080906148865,0.0
156,0.0,0.19532908704883228,0.7091295116772823,0.09554140127388536
157,0.3386454183266932,0.4860557768924303,0.0,0.1752988047808765
158,0.4294478527607362,0.34049079754601225,0.23006134969325154,0.0
159,0.0,0.14235500878734622,0.7328646748681898,0.12478031634446397
160,0.4155844155844156,0.37662337662337664,0.0,0.2077922077922078
161,0.36038961038961037,0.38311688311688313,0.2564935064935065,0.0
162,0.0,0.0627062706270627,0.8514851485148515,0.0858085808580858
163,0.4760820045558087,0.41002277904328016,0.0,0.11389521640091116
164,0.2777777777777778,0.42777777777777776,0.29444444444444445,0.0
165,0.0,0.1199421965317919,0.6965317919075145,0.18352601156069365
166,0.36627282491944146,0.0,0.20945220193340494,0.4242749731471536
167,0.12784588441331,0.0,0.18914185639229422,0.6830122591943958
168,0.0,0.21610169491525424,0.6228813559322034,0.16101694915254236
169,0.1501787842669845,0.7473182359952324,0.10250297973778308,0.0
170,0.0,0.46348314606741575,0.398876404494382,0.13764044943820225
171,0.3090128755364807,0.2939914163090129,0.3969957081545064,0.0
172,0.0,0.278125,0.2,0.521875
173,0.24378109452736318,0.0,0.2935323383084577,0.4626865671641791
174,0.3,0.25,0.45,0.0
175,0.0,0.25,0.5,0.25
176,0.05741626794258373,0.0,0.014354066985645933,0.9282296650717703
177,0.6349206349206349,0.1164021164021164,0.0,0.24867724867724866
178,0.02702702702702703,0.0,0.7477477477477478,0.22522522522522523
179,0.0,0.16101694915254236,0.7457627118644068,0.09322033898305085
180,0.5853658536585366,0.24390243902439024,0.0,0.17073170731707318
181,0.0,0.6020408163265306,0.3877551020408163,0.01020408163265306
182,0.07784431137724551,0.0,0.4550898203592814,0.46706586826347307
183,0.02197802197802198,0.7637362637362637,0.21428571428571427,0.0
184,0.36363636363636365,0.0,0.2727272727272727,0.36363636363636365
185,0.311284046692607,0.6128404669260701,0.07587548638132295,0.0
186,0.3050847457627119,0.5084745762711864,0.0,0.1864406779661017
187,0.03529411764705882,0.7176470588235294,0.24705882352941178,0.0
188,0.30434782608695654,0.25,0.0,0.44565217391304346
189,0.0,0.5408805031446541,0.4276729559748428,0.031446540880503145
190,0.0,0.05980861244019139,0.8253588516746412,0.11483253588516747
191,0.45588235294117646,0.19117647058823528,0.0,0.35294117647058826
192,0.23684210526315788,0.2894736842105263,0.0,0.47368421052631576
193,0.6363636363636364,0.18181818181818182,0.0,0.18181818181818182
194,0.15384615384615385,0.0,0.28846153846153844,0.5576923076923077
195,0.7894736842105263,0.0,0.10526315789473684,0.10526315789473684
196,0.2777777777777778,0.2777777777777778,0.0,0.4444444444444444
197,0.0,0.3196125907990315,0.5786924939467313,0.1016949152542373
198,0.3684210526315789,0.3508771929824561,0.2807017543859649,0.0
199,0.13636363636363635,0.13636363636363635,0.7272727272727273,0.0
200,0.07142857142857142,0.0,0.3333333333333333,0.5952380952380952
201,0.0,0.14285714285714285,0.2857142857142857,0.5714285714285714
202,0.16666666666666666,0.0,0.3125,0.5208333333333334
203,0.19298245614035087,0.0,0.2982456140350877,0.5087719298245614
204,0.0,0.1,0.8681818181818182,0.031818181818181815
205,0.05194805194805195,0.6883116883116883,0.2597402597402597,0.0
206,0.1592920353982301,0.0,0.19469026548672566,0.6460176991150443
207,0.27419354838709675,0.08064516129032258,0.6451612903225806,0.0
208,0.3877551020408163,0.0,0.0,0.6122448979591837
209,0.6666666666666666,0.0,0.07936507936507936,0.25396825396825395
210,0.0,0.6875,0.3125,0.0
211,0.6,0.26666666666666666,0.0,0.13333333333333333
212,0.0,0.35443037974683544,0.5949367088607594,0.05063291139240506
213,0.2857142857142857,0.14285714285714285,0.0,0.5714285714285714
214,0.0,0.16666666666666666,0.2777777777777778,0.5555555555555556
215,0.4716981132075472,0.0,0.07547169811320754,0.4528301886792453
216,0.0,0.1322314049586777,0.8347107438016529,0.03305785123966942
217,0.0,0.35,0.44375,0.20625
218,0.09969788519637462,0.0,0.09969788519637462,0.8006042296072508
219,0.25333333333333335,0.05,0.0,0.6966666666666667
220,0.25735294117647056,0.0,0.41911764705882354,0.3235294117647059
221,0.2719298245614035,0.0,0.35964912280701755,0.3684210526315789
222,0.0,0.5333333333333333,0.43636363636363634,0.030303030303030304
223,0.0,0.15162454873646208,0.7617328519855595,0.08664259927797834
224,0.3181818181818182,0.553030303030303,0.0,0.12878787878787878
225,0.0,0.0898876404494382,0.8651685393258427,0.0449438202247191
226,0.0,0.12258064516129032,0.7870967741935484,0.09032258064516129
227,0.14930555555555555,0.0,0.1840277777777778,0.6666666666666666
228,0.8927536231884058,0.014492753623188406,0.0927536231884058,0.0
229,0.18487394957983194,0.0,0.1092436974789916,0.7058823529411765
230,0.0,0.20418848167539266,0.5759162303664922,0.2198952879581152
231,0.06148282097649186,0.0,0.7341772151898734,0.20433996383363473
232,0.0967741935483871,0.6774193548387096,0.22580645161290322,0.0
233,0.432,0.316,0.0,0.252
234,0.18446601941747573,0.6116504854368932,0.20388349514563106,0.0
235,0.0,0.2932098765432099,0.046296296296296294,0.6604938271604939
236,0.020202020202020204,0.5959595959595959,0.3838383838383838,0.0
237,0.1342281879194631,0.0,0.09395973154362416,0.7718120805369127
238,0.09090909090909091,0.09090909090909091,0.8181818181818182,0.0
239,0.48826291079812206,0.23943661971830985,0.0,0.27230046948356806
240,0.11965811965811966,0.0,0.8547008547008547,0.02564102564102564
241,0.0,0.034482758620689655,0.3103448275862069,0.6551724137931034
242,0.0,0.26744186046511625,0.6569767441860465,0.0755813953488372
243,0.0,0.6027397260273972,0.2465753424657534,0.1506849315068493
244,0.09523809523809523,0.0,0.9047619047619048,0.0
245,0.375,0.3125,0.0,0.3125
246,0.0,0.06220095693779904,0.8899521531100478,0.04784688995215311
247,0.0,0.17073170731707318,0.8048780487804879,0.024390243902439025
248,0.192,0.0,0.112,0.696
249,0.0,0.01607717041800643,0.954983922829582,0.028938906752411574
250,0.889763779527559,0.10236220472440945,0.0,0.007874015748031496
251,0.0972972972972973,0.0,0.08108108108108109,0.8216216216216217
252,0.37735849056603776,0.0,0.49056603773584906,0.1320754716981132
253,0.15384615384615385,0.07692307692307693,0.7692307692307693,0.0
254,0.24242424242424243,0.5151515151515151,0.0,0.24242424242424243
255,0.0,0.35658914728682173,0.5968992248062015,0.046511627906976744
256,0.2641509433962264,0.6698113207547169,0.0,0.0660377358490566
257,0.0,0.3655913978494624,0.5053763440860215,0.12903225806451613
258,0.39759036144578314,0.4578313253012048,0.0,0.14457831325301204
259,0.33200531208499334,0.0,0.03054448871181939,0.6374501992031872
260,0.275,0.0,0.25,0.475
261,0.0,0.09090909090909091,0.0,0.9090909090909091
262,0.0,0.52,0.48,0.0
263,0.37228260869565216,0.5788043478260869,0.0,0.04891304347826087
264,0.16666666666666666,0.0,0.0,0.8333333333333334
265,0.0,0.75,0.25,0.0
266,0.1348314606741573,0.0,0.0449438202247191,0.8202247191011236
267,0.0,0.027777777777777776,0.2638888888888889,0.7083333333333334
268,0.6666666666666666,0.0,0.08333333333333333,0.25
269,0.2112676056338028,0.4084507042253521,0.0,0.38028169014084506
270,0.42857142857142855,0.0,0.0,0.5714285714285714
271,0.13580246913580246,0.0,0.845679012345679,0.018518518518518517
272,0.08734939759036145,0.8373493975903614,0.07530120481927711,0.0
273,0.5517826825127334,0.30390492359932086,0.0,0.14431239388794567
274,0.057692307692307696,0.8076923076923077,0.1346153846153846,0.0
275,0.25,0.0,0.75,0.0
276,0.0,0.1111111111111111,0.8888888888888888,0.0
277,0.0,0.2727272727272727,0.09090909090909091,0.6363636363636364
278,0.011627906976744186,0.9302325581395349,0.05813953488372093,0.0
279,0.06896551724137931,0.4482758620689655,0.4827586206896552,0.0
280,0.0,0.06818181818181818,0.045454545454545456,0.8863636363636364
281,0.012658227848101266,0.0,0.008438818565400843,0.9789029535864979
282,0.21428571428571427,0.14285714285714285,0.6428571428571429,0.0
283,0.2692307692307692,0.15384615384615385,0.0,0.5769230769230769
284,0.0,0.6941176470588235,0.3058823529411765,0.0
285,0.6172839506172839,0.012345679012345678,0.0,0.37037037037037035
286,0.05963302752293578,0.0,0.0963302752293578,0.8440366972477065
287,0.32558139534883723,0.6046511627906976,0.0,0.06976744186046512
288,0.0,0.4772727272727273,0.5227272727272727,0.0
289,0.5923566878980892,0.3184713375796178,0.0,0.08917197452229299
290,0.0,0.20930232558139536,0.7209302325581395,0.06976744186046512
291,0.18181818181818182,0.36363636363636365,0.0,0.45454545454545453
292,0.0,0.01282051282051282,0.967948717948718,0.019230769230769232
293,0.5,0.0,0.5,0.0
294,0.2,0.0,0.4,0.4
295,0.8461538461538461,0.15384615384615385,0.0,0.0
296,0.0,0.0,0.0,1.0
297,0.0,0.5,0.5,0.0
298,0.0,0.0,1.0,0.0
299,,,,
300,1.0,0.0,0.0,0.0
301,,,,
302,1.0,0.0,0.0,0.0
303,,,,
304,,,,
305,,,,
306,0.0,0.0,0.0,1.0
307,,,,
308,,,,
309,,,,
310,,,,
311,,,,
312,,,,
