,A,C,G,T
0,,,,
1,,,,
2,0.7315175097276264,0.20622568093385213,0.0,0.0622568093385214
3,0.5517241379310345,0.19310344827586207,0.0,0.25517241379310346
4,0.2857142857142857,0.5980066445182725,0.11627906976744186,0.0
5,0.5700197238658777,0.15581854043392504,0.0,0.27416173570019725
6,0.30612244897959184,0.0,0.5408163265306123,0.15306122448979592
7,0.0,0.06733167082294264,0.314214463840399,0.6184538653366584
8,0.7413884472708002,0.1997880233174351,0.0,0.058823529411764705
9,0.05037159372419488,0.0,0.10982658959537572,0.8398018166804294
10,0.07894736842105263,0.7105263157894737,0.21052631578947367,0.0
11,0.5598591549295775,0.05985915492957746,0.0,0.38028169014084506
12,0.47433264887063653,0.44969199178644764,0.0,0.07597535934291581
13,0.5936920222634509,0.3654916512059369,0.04081632653061224,0.0
14,0.6114068441064638,0.17110266159695817,0.0,0.21749049429657794
15,0.34615384615384615,0.0,0.15384615384615385,0.5
16,0.0,0.62,0.12,0.26
17,0.0,0.0967741935483871,0.8843159065628476,0.018909899888765295
18,0.19469026548672566,0.415929203539823,0.3893805309734513,0.0
19,0.576271186440678,0.0,0.1694915254237288,0.2542372881355932
20,0.18627450980392157,0.5294117647058824,0.28431372549019607,0.0
21,0.30994152046783624,0.22807017543859648,0.0,0.4619883040935672
22,0.6002886002886003,0.22655122655122656,0.0,0.17316017316017315
23,0.3656509695290859,0.3157894736842105,0.0,0.3185595567867036
24,0.052930056710775046,0.45179584120982985,0.4952741020793951,0.0
25,0.5294117647058824,0.0,0.20588235294117646,0.2647058823529412
26,0.2509505703422053,0.39923954372623577,0.34980988593155893,0.0
27,0.16,0.655,0.0,0.185
28,0.0,0.6329588014981273,0.17228464419475656,0.1947565543071161
29,0.7797805642633229,0.1481191222570533,0.0,0.07210031347962383
30,0.06361323155216285,0.3142493638676845,0.6221374045801527,0.0
31,0.16216216216216217,0.527027027027027,0.3108108108108108,0.0
32,0.36272040302267,0.2795969773299748,0.0,0.35768261964735515
33,0.0,0.45187165775401067,0.49732620320855614,0.05080213903743316
34,0.0,0.11244239631336406,0.7732718894009216,0.11428571428571428
35,0.3516483516483517,0.2857142857142857,0.0,0.3626373626373626
36,0.0,0.3951612903225806,0.5752688172043011,0.02956989247311828
37,0.0,0.3416815742397138,0.5134168157423972,0.1449016100178891
38,0.31754874651810583,0.5167130919220055,0.0,0.16573816155988857
39,0.26991150442477874,0.0,0.19911504424778761,0.5309734513274337
40,0.3902439024390244,0.0,0.24390243902439024,0.36585365853658536
41,0.21933962264150944,0.49056603773584906,0.29009433962264153,0.0
42,0.11570247933884298,0.15702479338842976,0.0,0.7272727272727273
43,0.1391304347826087,0.4217391304347826,0.0,0.4391304347826087
44,0.24175824175824176,0.19230769230769232,0.0,0.5659340659340659
45,0.5154061624649859,0.0784313725490196,0.0,0.4061624649859944
46,0.5575221238938053,0.0,0.2743362831858407,0.168141592920354
47,0.3838383838383838,0.0,0.3434343434343434,0.2727272727272727
48,0.12422360248447205,0.2360248447204969,0.639751552795031,0.0
49,0.43243243243243246,0.0,0.16216216216216217,0.40540540540540543
50,0.0,0.3173277661795407,0.4488517745302714,0.23382045929018788
51,0.40963855421686746,0.29518072289156627,0.0,0.29518072289156627
52,0.06306306306306306,0.7027027027027027,0.23423423423423423,0.0
53,0.46111111111111114,0.18611111111111112,0.0,0.3527777777777778
54,0.0,0.5617283950617284,0.3487654320987654,0.08950617283950617
55,0.0,0.3942701227830832,0.42905866302864937,0.1766712141882674
56,0.7098657326328079,0.18213660245183888,0.0,0.10799766491535318
57,0.7912408759124088,0.18868613138686133,0.0,0.020072992700729927
58,0.18181818181818182,0.4636363636363636,0.35454545454545455,0.0
59,0.05919661733615222,0.7272727272727273,0.2135306553911205,0.0
60,0.125,0.2159090909090909,0.6590909090909091,0.0
61,0.40707964601769914,0.0,0.23893805309734514,0.35398230088495575
62,0.19292604501607716,0.0,0.3360128617363344,0.47106109324758844
63,0.03125,0.4375,0.53125,0.0
64,0.1595744680851064,0.1702127659574468,0.0,0.6702127659574468
65,0.029577464788732393,0.0,0.007042253521126761,0.9633802816901409
66,0.0,0.3971631205673759,0.5449172576832151,0.057919621749408984
67,0.0,0.4453551912568306,0.4781420765027322,0.07650273224043716
68,0.4744897959183674,0.3163265306122449,0.0,0.20918367346938777
69,0.8014416775884666,0.0799475753604194,0.0,0.11861074705111402
70,0.11313868613138686,0.0,0.5364963503649635,0.35036496350364965
71,0.12420382165605096,0.8070063694267516,0.06878980891719745,0.0
72,0.46774193548387094,0.24193548387096775,0.2903225806451613,0.0
73,0.2923076923076923,0.0,0.14615384615384616,0.5615384615384615
74,0.17735849056603772,0.6528301886792452,0.16981132075471697,0.0
75,0.5094339622641509,0.19811320754716982,0.0,0.29245283018867924
76,0.5384615384615384,0.2591093117408907,0.0,0.20242914979757085
77,0.0,0.43308550185873607,0.3550185873605948,0.21189591078066913
78,0.4764705882352941,0.21470588235294116,0.3088235294117647,0.0
79,0.0,0.2684563758389262,0.09731543624161074,0.6342281879194631
80,0.033877038895859475,0.0,0.01631116687578419,0.9498117942283564
81,0.0,0.36798528058877644,0.43790248390064396,0.19411223551057957
82,0.20653996646171044,0.0,0.46674119619899385,0.3267188373392957
83,0.2077167019027484,0.0,0.26691331923890066,0.5253699788583509
84,0.23633440514469453,0.6511254019292605,0.11254019292604502,0.0
85,0.13541666666666666,0.4895833333333333,0.375,0.0
86,0.240234375,0.0,0.06640625,0.693359375
87,0.0,0.2815533980582524,0.45024271844660196,0.2682038834951456
88,0.28772698810269254,0.0,0.5269254852849092,0.18534752661239826
89,0.33775185577942735,0.43796394485683987,0.22428419936373276,0.0
90,0.0,0.2078907435508346,0.5811836115326252,0.2109256449165402
91,0.5973534971644613,0.36062236440308276,0.0,0.04202413843245601
92,0.17203177257525085,0.0,0.14443979933110368,0.6835284280936454
93,0.28407460545193686,0.6047345767575323,0.11119081779053085,0.0
94,0.0,0.29218106995884774,0.06290417401528513,0.6449147560258671
95,0.047516198704103674,0.8639308855291576,0.08855291576673865,0.0
96,0.33952483801295896,0.33995680345572354,0.0,0.3205183585313175
97,0.16378269617706237,0.0,0.6265593561368209,0.2096579476861167
98,0.35354691075514877,0.5291762013729977,0.11727688787185354,0.0
99,0.0,0.45429899302865995,0.3381099922540666,0.20759101471727343
100,0.18518518518518517,0.4567901234567901,0.35802469135802467,0.0
101,0.5103151212876899,0.35910224438902744,0.0,0.1305826343232827
102,0.0,0.58828125,0.275,0.13671875
103,0.0,0.3503480278422274,0.4300077339520495,0.21964423820572312
104,0.05917753259779338,0.8535606820461384,0.08726178535606821,0.0
105,0.06521739130434782,0.4782608695652174,0.45652173913043476,0.0
106,0.07692307692307693,0.1282051282051282,0.0,0.7948717948717948
107,0.22058823529411764,0.23529411764705882,0.0,0.5441176470588235
108,0.3405612244897959,0.4719387755102041,0.0,0.1875
109,0.04854368932038835,0.4563106796116505,0.49514563106796117,0.0
110,0.504950495049505,0.14653465346534653,0.0,0.3485148514851485
111,0.5865384615384616,0.0,0.09615384615384616,0.3173076923076923
112,0.29850746268656714,0.23880597014925373,0.0,0.4626865671641791
113,0.0,0.3005143277002204,0.5686994856722998,0.1307861866274798
114,0.40404040404040403,0.0,0.3939393939393939,0.20202020202020202
115,0.0,0.21428571428571427,0.5089285714285714,0.2767857142857143
116,0.4925373134328358,0.13432835820895522,0.0,0.373134328358209
117,0.6050420168067226,0.11764705882352941,0.0,0.2773109243697479
118,0.0749063670411985,0.0,0.09737827715355805,0.8277153558052435
119,0.35323383084577115,0.0,0.3880597014925373,0.25870646766169153
120,0.5064935064935064,0.0,0.19480519480519481,0.2987012987012987
121,0.3106796116504854,0.0,0.5631067961165048,0.1262135922330097
122,0.31386861313868614,0.43795620437956206,0.24817518248175183,0.0
123,0.61,0.14,0.0,0.25
124,0.5632183908045977,0.29310344827586204,0.0,0.14367816091954022
125,0.0,0.284789644012945,0.4546925566343042,0.2605177993527508
126,0.50625,0.0,0.45625,0.0375
127,0.0,0.05925925925925926,0.8,0.14074074074074075
128,0.0,0.17205998421468036,0.771112865035517,0.056827150749802685
129,0.3798219584569733,0.5459940652818991,0.0,0.07418397626112759
130,0.5508474576271186,0.2457627118644068,0.0,0.2033898305084746
131,0.4988601823708207,0.371580547112462,0.0,0.1295592705167173
132,0.09767441860465116,0.0,0.046511627906976744,0.8558139534883721
133,0.008460236886632826,0.9560067681895094,0.03553299492385787,0.0
134,0.15365239294710328,0.36272040302267,0.4836272040302267,0.0
135,0.10707803992740472,0.8620689655172413,0.0,0.030852994555353903
136,0.0,0.33695652173913043,0.42391304347826086,0.2391304347826087
137,0.8979907264296755,0.05255023183925812,0.0,0.04945904173106646
138,0.0967741935483871,0.43548387096774194,0.46774193548387094,0.0
139,0.5707656612529002,0.12064965197215777,0.0,0.308584686774942
140,0.01818181818181818,0.5038961038961038,0.0,0.4779220779220779
141,0.0,0.4767353165522502,0.37604881769641496,0.14721586575133486
142,0.12195121951219512,0.17073170731707318,0.7073170731707317,0.0
143,0.6209912536443148,0.13411078717201166,0.0,0.24489795918367346
144,0.23529411764705882,0.08823529411764706,0.0,0.6764705882352942
145,0.09230769230769231,0.7615384615384615,0.0,0.14615384615384616
146,0.0,0.2588888888888889,0.5783333333333334,0.16277777777777777
147,0.31160896130346233,0.40529531568228105,0.2830957230142566,0.0
148,0.3402777777777778,0.21064814814814814,0.0,0.44907407407407407
149,0.17611336032388664,0.5870445344129555,0.0,0.23684210526315788
150,0.0,0.37055837563451777,0.5211505922165821,0.10829103214890017
151,0.2348993288590604,0.22595078299776286,0.5391498881431768,0.0
152,0.37652439024390244,0.0,0.35365853658536583,0.2698170731707317
153,0.0,0.38173142467620996,0.5964553510565781,0.021813224267211998
154,0.0,0.3070539419087137,0.603042876901798,0.08990318118948824
155,0.3685152057245081,0.0,0.1252236135957066,0.5062611806797853
156,0.0,0.6321009918845807,0.26149684400360684,0.10640216411181244
157,0.1567291311754685,0.0,0.293015332197615,0.5502555366269165
158,0.2718676122931442,0.0,0.408983451536643,0.3191489361702128
159,0.0,0.26699507389162563,0.5374384236453202,0.19556650246305418
160,0.0,0.24356144223693893,0.445916114790287,0.3105224429727741
161,0.37115141290594683,0.0,0.3690425980598903,0.2598059890341628
162,0.0,0.3321123321123321,0.3553113553113553,0.3125763125763126
163,0.3478747203579418,0.0,0.4809843400447427,0.17114093959731544
164,0.1407035175879397,0.4334170854271357,0.4258793969849246,0.0
165,0.43315508021390375,0.22727272727272727,0.0,0.339572192513369
166,0.41882673942701226,0.4229195088676671,0.0,0.1582537517053206
167,0.5587863463969659,0.324905183312263,0.0,0.11630847029077118
168,0.0,0.276332899869961,0.6605981794538361,0.06306892067620286
169,0.0,0.28071979434447303,0.47146529562982004,0.24781491002570694
170,0.16279069767441862,0.0,0.5267441860465116,0.31046511627906975
171,0.23234200743494424,0.0,0.39312267657992567,0.3745353159851301
172,0.44964028776978415,0.0,0.2589928057553957,0.29136690647482016
173,0.0,0.4765906362545018,0.32653061224489793,0.19687875150060025
174,0.0,0.10892857142857143,0.6285714285714286,0.2625
175,0.19827586206896552,0.0,0.3448275862068966,0.45689655172413796
176,0.5658881508463681,0.3201199914291836,0.0,0.11399185772444825
177,0.2043956043956044,0.4593406593406593,0.3362637362637363,0.0
178,0.0,0.2916666666666667,0.13068181818181818,0.5776515151515151
179,0.11312217194570136,0.47737556561085975,0.4095022624434389,0.0
180,0.39690721649484534,0.12371134020618557,0.0,0.4793814432989691
181,0.20285087719298245,0.0,0.39035087719298245,0.4067982456140351
182,0.425,0.0,0.325,0.25
183,0.5346534653465347,0.0,0.39603960396039606,0.06930693069306931
184,0.0,0.5480984340044742,0.4153616703952274,0.036539895600298286
185,0.5183752417794971,0.2901353965183752,0.0,0.19148936170212766
186,0.5413533834586466,0.14536340852130325,0.0,0.3132832080200501
187,0.5544837441943551,0.4265809217577706,0.0,0.01893533404787424
188,0.21603563474387527,0.0,0.29175946547884185,0.4922048997772829
189,0.07661290322580645,0.6626344086021505,0.260752688172043,0.0
190,0.08115183246073299,0.4790575916230366,0.4397905759162304,0.0
191,0.3390191897654584,0.0,0.17484008528784648,0.4861407249466951
192,0.0,0.15564853556485356,0.6334728033472803,0.2108786610878661
193,0.248107653490328,0.0,0.5836837678721615,0.16820857863751051
194,0.0,0.3195718654434251,0.44648318042813456,0.23394495412844038
195,0.3670886075949367,0.3333333333333333,0.0,0.29957805907172996
196,0.3675889328063241,0.20948616600790515,0.0,0.42292490118577075
197,0.0,0.20815450643776823,0.6630901287553648,0.12875536480686695
198,0.6747967479674797,0.0,0.21138211382113822,0.11382113821138211
199,0.6666666666666666,0.08955223880597014,0.0,0.24378109452736318
200,0.39626168224299063,0.47423230974632846,0.0,0.1295060080106809
201,0.29347826086956524,0.3532608695652174,0.3532608695652174,0.0
202,0.2716049382716049,0.3230452674897119,0.4053497942386831,0.0
203,0.11732851985559567,0.7003610108303249,0.18231046931407943,0.0
204,0.4378698224852071,0.2455621301775148,0.0,0.3165680473372781
205,0.18527315914489312,0.5866983372921615,0.22802850356294538,0.0
206,0.14859437751004015,0.0,0.4578313253012048,0.39357429718875503
207,0.213986013986014,0.46573426573426574,0.3202797202797203,0.0
208,0.20634920634920634,0.12169312169312169,0.671957671957672,0.0
209,0.09541984732824428,0.0,0.2652671755725191,0.6393129770992366
210,0.3670886075949367,0.09177215189873418,0.5411392405063291,0.0
211,0.44565217391304346,0.0,0.08695652173913043,0.4673913043478261
212,0.1746192893401015,0.0,0.43248730964467,0.3928934010152284
213,0.12171222279525529,0.3630737493553378,0.515214027849407,0.0
214,0.08490566037735849,0.6084905660377359,0.30660377358490565,0.0
215,0.38571428571428573,0.5064935064935064,0.0,0.10779220779220779
216,0.6292134831460674,0.09737827715355805,0.0,0.27340823970037453
217,0.0,0.48704663212435234,0.39378238341968913,0.11917098445595854
218,0.4076923076923077,0.0,0.18461538461538463,0.4076923076923077
219,0.0,0.23471400394477318,0.519723865877712,0.2455621301775148
220,0.252400548696845,0.0,0.47599451303155005,0.2716049382716049
221,0.25443262411347517,0.0,0.4166666666666667,0.32890070921985815
222,0.28484848484848485,0.10606060606060606,0.6090909090909091,0.0
223,0.3778801843317972,0.0,0.11981566820276497,0.5023041474654378
224,0.19152276295133439,0.42857142857142855,0.37990580847723704,0.0
225,0.3584474885844749,0.45662100456621,0.0,0.18493150684931506
226,0.19414316702819956,0.5802603036876356,0.22559652928416485,0.0
227,0.37894736842105264,0.0,0.3649122807017544,0.256140350877193
228,0.0,0.26949152542372884,0.5966101694915255,0.13389830508474576
229,0.5875993640699523,0.38982511923688395,0.0,0.022575516693163752
230,0.13490792634107285,0.0,0.1921537229783827,0.6729383506805444
231,0.0,0.11078717201166181,0.6501457725947521,0.239067055393586
232,0.6078431372549019,0.0,0.39215686274509803,0.0
233,0.5845070422535211,0.1784037558685446,0.0,0.23708920187793428
234,0.7444996451383961,0.0113555713271824,0.0,0.24414478353442157
235,0.24664879356568364,0.0,0.13672922252010725,0.6166219839142091
236,0.0,0.2684869169510808,0.3902161547212742,0.3412969283276451
237,0.13333333333333333,0.6166666666666667,0.25,0.0
238,0.0,0.12937347436940602,0.03986981285598047,0.8307567127746135
239,0.05128205128205128,0.6853146853146853,0.2634032634032634,0.0
240,0.13270142180094788,0.0,0.0938388625592417,0.7734597156398104
241,0.1092436974789916,0.11764705882352941,0.773109243697479,0.0
242,0.5958244111349036,0.22002141327623126,0.0,0.1841541755888651
243,0.056,0.0,0.8486666666666667,0.09533333333333334
244,0.0,0.08502024291497975,0.41700404858299595,0.4979757085020243
245,0.3617021276595745,0.48533640023001723,0.0,0.15296147211040828
246,0.0,0.20107238605898123,0.710455764075067,0.08847184986595175
247,0.14444444444444443,0.05,0.8055555555555556,0.0
248,0.3700361010830325,0.0,0.10649819494584838,0.5234657039711191
249,0.0,0.3907766990291262,0.5242718446601942,0.08495145631067962
250,0.6304347826086957,0.31333333333333335,0.0,0.05623188405797101
251,0.08537782139352307,0.0,0.0775269872423945,0.8370951913640824
252,0.0,0.07289719626168224,0.8485981308411215,0.07850467289719626
253,0.8272506082725061,0.1380778588807786,0.0,0.03467153284671533
254,0.17792642140468226,0.0,0.08093645484949832,0.7411371237458194
255,0.11466666666666667,0.0,0.18133333333333335,0.704
256,0.1111111111111111,0.2986111111111111,0.5902777777777778,0.0
257,0.0,0.29600264288074,0.5906838453914767,0.11331351172778328
258,0.0,0.41703296703296705,0.5362637362637362,0.046703296703296704
259,0.0,0.21653543307086615,0.6267716535433071,0.15669291338582678
260,0.5921450151057401,0.3081570996978852,0.0,0.09969788519637462
261,0.4322302158273381,0.39223021582733814,0.0,0.17553956834532375
262,0.1962025316455696,0.0,0.19831223628691982,0.6054852320675106
263,0.47269890795631825,0.36037441497659906,0.1669266770670827,0.0
264,0.46825396825396826,0.21428571428571427,0.0,0.31746031746031744
265,0.0,0.6651376146788991,0.3012232415902141,0.03363914373088685
266,0.4737622294693152,0.4494515268307145,0.0,0.07678624369997035
267,0.43859649122807015,0.14035087719298245,0.0,0.42105263157894735
268,0.0,0.3076923076923077,0.4423076923076923,0.25
269,0.14328358208955225,0.0,0.011940298507462687,0.844776119402985
270,0.0,0.045871559633027525,0.2782874617737003,0.6758409785932722
271,0.08049113233287858,0.0,0.800818553888131,0.11869031377899045
272,0.28900523560209423,0.4041884816753927,0.3068062827225131,0.0
273,0.40384615384615385,0.15384615384615385,0.0,0.4423076923076923
274,0.06230529595015576,0.0,0.8940809968847352,0.04361370716510903
275,0.38860103626943004,0.0,0.11917098445595854,0.49222797927461137
276,0.7283217936036928,0.1625453346521596,0.0,0.10913287174414771
277,0.18004866180048662,0.5985401459854015,0.22141119221411193,0.0
278,0.353518574448807,0.3714889761401389,0.0,0.27499244941105405
279,0.09859154929577464,0.18309859154929578,0.7183098591549296,0.0
280,0.0,0.047619047619047616,0.09523809523809523,0.8571428571428571
281,0.008662175168431183,0.9230028873917228,0.068334937439846,0.0
282,0.07291666666666667,0.2708333333333333,0.65625,0.0
283,0.0,0.014003819223424571,0.026098026734563972,0.9598981540420115
284,0.015419760137064534,0.0,0.015419760137064534,0.9691604797258709
285,0.1288135593220339,0.1423728813559322,0.7288135593220338,0.0
286,0.3247422680412371,0.13917525773195877,0.0,0.5360824742268041
287,0.0015479876160990713,0.541795665634675,0.456656346749226,0.0
288,0.6396396396396397,0.03153153153153153,0.0,0.32882882882882886
289,0.15878787878787878,0.0,0.1478787878787879,0.6933333333333334
290,0.33182844243792325,0.4153498871331828,0.0,0.2528216704288939
291,0.0,0.7253521126760564,0.27323943661971833,0.0014084507042253522
292,0.37549407114624506,0.4683794466403162,0.0,0.15612648221343872
293,0.0,0.1589041095890411,0.6904109589041096,0.1506849315068493
294,0.435,0.21,0.0,0.355
295,0.0,0.0975609756097561,0.6536585365853659,0.24878048780487805
296,0.38961038961038963,0.36796536796536794,0.24242424242424243,0.0
297,0.04504504504504504,0.0,0.25225225225225223,0.7027027027027027
298,0.36923076923076925,0.5,0.13076923076923078,0.0
299,0.14583333333333334,0.0,0.1875,0.6666666666666666
300,0.0,0.9285714285714286,0.07142857142857142,0.0
301,0.2,0.0,0.5,0.3
302,1.0,0.0,0.0,0.0
303,0.0,0.0,0.29411764705882354,0.7058823529411765
304,0.0,0.6666666666666666,0.16666666666666666,0.16666666666666666
305,0.0,0.0,0.0,1.0
306,0.0,0.0,0.0,1.0
307,,,,
308,0.0,1.0,0.0,0.0
309,0.0,0.0,0.0,1.0
310,,,,
311,,,,
312,,,,
313,,,,
314,,,,
315,,,,
