,A,C,G,T
0,,,,
1,,,,
2,0.7463617463617463,0.19750519750519752,0.0,0.056133056133056136
3,0.6770833333333334,0.06770833333333333,0.0,0.2552083333333333
4,0.521505376344086,0.3763440860215054,0.10215053763440861,0.0
5,0.5892857142857143,0.27976190476190477,0.0,0.13095238095238096
6,0.33125,0.0,0.49375,0.175
7,0.0,0.09826589595375723,0.6127167630057804,0.28901734104046245
8,0.7182377049180327,0.20799180327868852,0.0,0.07377049180327869
9,0.04563894523326572,0.0,0.17038539553752535,0.783975659229209
10,0.3684210526315789,0.2631578947368421,0.3684210526315789,0.0
11,0.3861671469740634,0.4495677233429395,0.0,0.1642651296829971
12,0.03096330275229358,0.10894495412844037,0.0,0.8600917431192661
13,0.2767857142857143,0.6875,0.03571428571428571,0.0
14,0.5966386554621849,0.12605042016806722,0.0,0.2773109243697479
15,0.04081632653061224,0.7448979591836735,0.0,0.21428571428571427
16,0.0,0.5263157894736842,0.2631578947368421,0.21052631578947367
17,0.8175895765472313,0.10749185667752444,0.0,0.0749185667752443
18,0.15873015873015872,0.14285714285714285,0.6984126984126984,0.0
19,0.3684210526315789,0.0,0.10526315789473684,0.5263157894736842
20,0.047787610619469026,0.6690265486725664,0.2831858407079646,0.0
21,0.18181818181818182,0.18181818181818182,0.0,0.6363636363636364
22,0.06451612903225806,0.22580645161290322,0.0,0.7096774193548387
23,0.5503875968992248,0.14728682170542637,0.0,0.3023255813953488
24,0.46153846153846156,0.09615384615384616,0.0,0.4423076923076923
25,0.2777777777777778,0.1111111111111111,0.0,0.6111111111111112
26,0.0,0.5514018691588785,0.3691588785046729,0.0794392523364486
27,0.5266666666666666,0.32666666666666666,0.0,0.14666666666666667
28,0.56875,0.321875,0.0,0.109375
29,0.30177514792899407,0.0,0.35502958579881655,0.3431952662721893
30,0.022602739726027398,0.8828767123287671,0.09452054794520548,0.0
31,0.035398230088495575,0.5929203539823009,0.37168141592920356,0.0
32,0.7876447876447876,0.14864864864864866,0.0,0.0637065637065637
33,0.583756345177665,0.26903553299492383,0.0,0.14720812182741116
34,0.2564935064935065,0.6915584415584416,0.05194805194805195,0.0
35,0.0,0.6507266760431317,0.1518987341772152,0.19737458977965308
36,0.0,0.965782122905028,0.030726256983240222,0.0034916201117318434
37,0.0,0.3532608695652174,0.5434782608695652,0.10326086956521739
38,0.65625,0.225,0.0,0.11875
39,0.5108695652173914,0.0,0.08695652173913043,0.40217391304347827
40,0.10144927536231885,0.0,0.34782608695652173,0.5507246376811594
41,0.0189873417721519,0.029272151898734177,0.9517405063291139,0.0
42,0.2222222222222222,0.25925925925925924,0.0,0.5185185185185185
43,0.3611111111111111,0.1388888888888889,0.0,0.5
44,0.49074074074074076,0.44753086419753085,0.0,0.06172839506172839
45,0.8238341968911918,0.10880829015544041,0.0,0.06735751295336788
46,0.6016260162601627,0.2926829268292683,0.0,0.10569105691056911
47,0.693069306930693,0.15841584158415842,0.0,0.1485148514851485
48,0.2857142857142857,0.32142857142857145,0.39285714285714285,0.0
49,0.4482758620689655,0.0,0.3448275862068966,0.20689655172413793
50,0.11196911196911197,0.0,0.5135135135135135,0.3745173745173745
51,0.13333333333333333,0.0,0.17037037037037037,0.6962962962962963
52,0.14545454545454545,0.09090909090909091,0.7636363636363637,0.0
53,0.55,0.2653846153846154,0.0,0.18461538461538463
54,0.0,0.7339449541284404,0.1926605504587156,0.07339449541284404
55,0.3128491620111732,0.5642458100558659,0.0,0.12290502793296089
56,0.0,0.5639097744360902,0.24812030075187969,0.18796992481203006
57,0.21428571428571427,0.0,0.6857142857142857,0.1
58,0.07142857142857142,0.5178571428571429,0.4107142857142857,0.0
59,0.08695652173913043,0.0,0.7701863354037267,0.14285714285714285
60,0.5046296296296297,0.2638888888888889,0.23148148148148148,0.0
61,0.4,0.0,0.225,0.375
62,0.29533678756476683,0.0,0.15025906735751296,0.5544041450777202
63,0.037037037037037035,0.14814814814814814,0.8148148148148148,0.0
64,0.0,0.42857142857142855,0.0,0.5714285714285714
65,0.00966183574879227,0.8502415458937198,0.14009661835748793,0.0
66,0.723404255319149,0.07446808510638298,0.0,0.20212765957446807
67,0.21317365269461078,0.0,0.10059880239520957,0.6862275449101797
68,0.0,0.2261904761904762,0.5922619047619048,0.18154761904761904
69,0.8832684824902723,0.03501945525291829,0.0,0.08171206225680934
70,0.046218487394957986,0.0,0.2605042016806723,0.6932773109243697
71,0.088,0.0,0.54,0.372
72,0.38125,0.28125,0.3375,0.0
73,0.43333333333333335,0.0,0.18333333333333332,0.38333333333333336
74,0.09090909090909091,0.6320346320346321,0.27705627705627706,0.0
75,0.5357142857142857,0.17857142857142858,0.0,0.2857142857142857
76,0.5227272727272727,0.2727272727272727,0.0,0.20454545454545456
77,0.0,0.5120481927710844,0.2740963855421687,0.21385542168674698
78,0.3862815884476534,0.4584837545126354,0.1552346570397112,0.0
79,0.10810810810810811,0.7297297297297297,0.16216216216216217,0.0
80,0.17674418604651163,0.0,0.17674418604651163,0.6465116279069767
81,0.0,0.5446735395189003,0.3247422680412371,0.13058419243986255
82,0.19955898566703417,0.0,0.40683572216097025,0.3936052921719956
83,0.21166892808683854,0.0,0.2862957937584803,0.5020352781546812
84,0.10351201478743069,0.6820702402957486,0.2144177449168207,0.0
85,0.0,0.38271604938271603,0.6172839506172839,0.0
86,0.050695012264922325,0.0,0.09811937857726902,0.8511856091578087
87,0.0,0.25982905982905985,0.5572649572649573,0.1829059829059829
88,0.6074332171893148,0.32636469221835074,0.0,0.06620209059233449
89,0.2107750472589792,0.6833648393194707,0.10586011342155009,0.0
90,0.7440978077571669,0.14165261382799327,0.0,0.11424957841483979
91,0.0,0.4097406034939121,0.4907358390682901,0.09952355743779778
92,0.10728910728910729,0.0,0.2710892710892711,0.6216216216216216
93,0.14754098360655737,0.5667447306791569,0.2857142857142857,0.0
94,0.0,0.13670886075949368,0.11772151898734177,0.7455696202531645
95,0.12612612612612611,0.0,0.033386327503974564,0.8404875463698993
96,0.22008172796263864,0.10566258026853473,0.6742556917688266,0.0
97,0.0,0.47591921284308647,0.44743656136716725,0.07664422578974625
98,0.16718266253869968,0.0,0.5056759545923633,0.32714138286893707
99,0.0,0.35731414868105515,0.2589928057553957,0.38369304556354916
100,0.06818181818181818,0.20454545454545456,0.7272727272727273,0.0
101,0.38482384823848237,0.3224932249322493,0.0,0.2926829268292683
102,0.0,0.6506777893639207,0.27632950990615224,0.072992700729927
103,0.0,0.4238856181665265,0.5096719932716569,0.06644238856181665
104,0.03592814371257485,0.0,0.13023952095808383,0.8338323353293413
105,0.10526315789473684,0.10526315789473684,0.7894736842105263,0.0
106,0.041666666666666664,0.6875,0.0,0.2708333333333333
107,0.075,0.775,0.0,0.15
108,0.6437125748502994,0.11676646706586827,0.0,0.23952095808383234
109,0.07865168539325842,0.8089887640449438,0.11235955056179775,0.0
110,0.1956521739130435,0.0,0.1956521739130435,0.6086956521739131
111,0.2564102564102564,0.0,0.6538461538461539,0.08974358974358974
112,0.18181818181818182,0.48484848484848486,0.0,0.3333333333333333
113,0.09066666666666667,0.0,0.4186666666666667,0.49066666666666664
114,0.4117647058823529,0.0,0.07058823529411765,0.5176470588235295
115,0.0,0.22093023255813954,0.3488372093023256,0.43023255813953487
116,0.8966131907308378,0.09269162210338681,0.0,0.0106951871657754
117,0.5376344086021505,0.2064516129032258,0.0,0.25591397849462366
118,0.03426791277258567,0.0,0.23052959501557632,0.735202492211838
119,0.175,0.55,0.275,0.0
120,0.2,0.0,0.5,0.3
121,0.8706896551724138,0.0,0.07758620689655173,0.05172413793103448
122,0.0,0.1425287356321839,0.7885057471264367,0.06896551724137931
123,0.43478260869565216,0.13043478260869565,0.0,0.43478260869565216
124,0.3888888888888889,0.3055555555555556,0.0,0.3055555555555556
125,0.7034482758620689,0.1896551724137931,0.0,0.10689655172413794
126,0.0,0.41148325358851673,0.569377990430622,0.019138755980861243
127,0.0,0.2894736842105263,0.6411483253588517,0.06937799043062201
128,0.2974683544303797,0.24050632911392406,0.0,0.4620253164556962
129,0.4411764705882353,0.08823529411764706,0.0,0.47058823529411764
130,0.20909090909090908,0.44545454545454544,0.0,0.34545454545454546
131,0.4077791718946048,0.3613550815558344,0.0,0.23086574654956085
132,0.1684981684981685,0.0,0.4358974358974359,0.3956043956043956
133,0.1064516129032258,0.4967741935483871,0.3967741935483871,0.0
134,0.42391304347826086,0.266304347826087,0.0,0.30978260869565216
135,0.15121951219512195,0.6878048780487804,0.0,0.16097560975609757
136,0.0,0.06571936056838366,0.3872113676731794,0.5470692717584369
137,0.7297297297297297,0.08845208845208845,0.0,0.18181818181818182
138,0.05625,0.0875,0.85625,0.0
139,0.12834224598930483,0.33689839572192515,0.0,0.5347593582887701
140,0.08968609865470852,0.2825112107623318,0.0,0.6278026905829597
141,0.5689001264222503,0.37168141592920356,0.0,0.05941845764854614
142,0.24691358024691357,0.32098765432098764,0.43209876543209874,0.0
143,0.056617126680820945,0.0,0.14225053078556263,0.8011323425336164
144,0.0925,0.04375,0.86375,0.0
145,0.27319587628865977,0.0,0.4742268041237113,0.25257731958762886
146,0.0,0.4168975069252078,0.3864265927977839,0.19667590027700832
147,0.2976629766297663,0.34932349323493234,0.35301353013530135,0.0
148,0.5350877192982456,0.0,0.3078947368421053,0.1570175438596491
149,0.16367980884109917,0.0,0.1087216248506571,0.7275985663082437
150,0.0,0.24768518518518517,0.4212962962962963,0.33101851851851855
151,0.21739130434782608,0.22608695652173913,0.5565217391304348,0.0
152,0.2345537757437071,0.4931350114416476,0.2723112128146453,0.0
153,0.0,0.14857142857142858,0.6948571428571428,0.15657142857142858
154,0.3837920489296636,0.5527522935779816,0.0,0.06345565749235474
155,0.3062645011600928,0.45359628770301624,0.24013921113689096,0.0
156,0.0,0.218707015130674,0.624484181568088,0.15680880330123798
157,0.33565891472868215,0.47054263565891474,0.0,0.1937984496124031
158,0.3264129181084198,0.2618223760092272,0.4117647058823529,0.0
159,0.0,0.17287066246056781,0.7312302839116719,0.09589905362776026
160,0.4947111472742067,0.3791700569568755,0.0,0.12611879576891782
161,0.4196642685851319,0.29856115107913667,0.28177458033573144,0.0
162,0.0,0.051331719128329296,0.8479418886198548,0.10072639225181598
163,0.5061224489795918,0.2979591836734694,0.0,0.19591836734693877
164,0.31335952848722987,0.3163064833005894,0.3703339882121807,0.0
165,0.0,0.15,0.4357843137254902,0.41421568627450983
166,0.6064981949458483,0.0,0.1740874448455676,0.21941436020858404
167,0.1493993993993994,0.0,0.34384384384384387,0.5067567567567568
168,0.0,0.17569786535303777,0.6945812807881774,0.1297208538587849
169,0.1305443548387097,0.7782258064516129,0.09122983870967742,0.0
170,0.0,0.37028824833702884,0.442350332594235,0.18736141906873613
171,0.24608150470219436,0.28056426332288403,0.47335423197492166,0.0
172,0.0,0.2518676627534685,0.2934898612593383,0.45464247598719315
173,0.13238289205702647,0.0,0.3004073319755601,0.5672097759674134
174,0.24896265560165975,0.36929460580912865,0.3817427385892116,0.0
175,0.0,0.37168141592920356,0.23893805309734514,0.3893805309734513
176,0.022157996146435453,0.0,0.02697495183044316,0.9508670520231214
177,0.38461538461538464,0.2191142191142191,0.0,0.3962703962703963
178,0.06085526315789474,0.0,0.4144736842105263,0.524671052631579
179,0.0,0.1572139303482587,0.745273631840796,0.09751243781094528
180,0.6038961038961039,0.2987012987012987,0.0,0.09740259740259741
181,0.0,0.49829351535836175,0.4334470989761092,0.06825938566552901
182,0.16129032258064516,0.0,0.4731182795698925,0.3655913978494624
183,0.17587939698492464,0.2613065326633166,0.5628140703517588,0.0
184,0.3923076923076923,0.0,0.08461538461538462,0.5230769230769231
185,0.44439692044482465,0.5218135158254918,0.03378956372968349,0.0
186,0.40728476821192056,0.423841059602649,0.0,0.16887417218543047
187,0.08108108108108109,0.36486486486486486,0.5540540540540541,0.0
188,0.2931726907630522,0.357429718875502,0.0,0.3493975903614458
189,0.0,0.4139941690962099,0.4839650145772595,0.10204081632653061
190,0.0,0.05710814094775213,0.850546780072904,0.09234507897934387
191,0.559322033898305,0.1440677966101695,0.0,0.2966101694915254
192,0.26582278481012656,0.16455696202531644,0.0,0.569620253164557
193,0.6476190476190476,0.13333333333333333,0.0,0.21904761904761905
194,0.18181818181818182,0.0,0.21818181818181817,0.6
195,0.8870967741935484,0.0,0.08870967741935484,0.024193548387096774
196,0.21428571428571427,0.25,0.0,0.5357142857142857
197,0.0,0.25,0.7059386973180076,0.044061302681992334
198,0.1323529411764706,0.27205882352941174,0.5955882352941176,0.0
199,0.25675675675675674,0.3918918918918919,0.35135135135135137,0.0
200,0.2764227642276423,0.0,0.13821138211382114,0.5853658536585366
201,0.0,0.11688311688311688,0.38311688311688313,0.5
202,0.09230769230769231,0.0,0.24358974358974358,0.6641025641025641
203,0.3076923076923077,0.0,0.33653846153846156,0.3557692307692308
204,0.0,0.09555189456342669,0.8830313014827018,0.0214168039538715
205,0.0962962962962963,0.5925925925925926,0.3111111111111111,0.0
206,0.20224719101123595,0.0,0.1797752808988764,0.6179775280898876
207,0.3153153153153153,0.11711711711711711,0.5675675675675675,0.0
208,0.23157894736842105,0.0,0.18947368421052632,0.5789473684210527
209,0.49019607843137253,0.0,0.1830065359477124,0.32679738562091504
210,0.0,0.5555555555555556,0.42424242424242425,0.020202020202020204
211,0.5111111111111111,0.24444444444444444,0.0,0.24444444444444444
212,0.0,0.25,0.7203389830508474,0.029661016949152543
213,0.43243243243243246,0.10810810810810811,0.0,0.4594594594594595
214,0.0,0.46153846153846156,0.3076923076923077,0.23076923076923078
215,0.22695035460992907,0.0,0.3262411347517731,0.44680851063829785
216,0.0,0.1639871382636656,0.7234726688102894,0.11254019292604502
217,0.0,0.34890965732087226,0.46105919003115264,0.19003115264797507
218,0.054466230936819175,0.0,0.037037037037037035,0.9084967320261438
219,0.17708333333333334,0.04261363636363636,0.0,0.7803030303030303
220,0.22894736842105262,0.0,0.48947368421052634,0.28157894736842104
221,0.4461538461538462,0.0,0.22564102564102564,0.3282051282051282
222,0.0,0.37755102040816324,0.6096938775510204,0.012755102040816327
223,0.0,0.07116788321167883,0.8302919708029197,0.09854014598540146
224,0.5425,0.3225,0.0,0.135
225,0.0,0.07033639143730887,0.8960244648318043,0.03363914373088685
226,0.0,0.22966507177033493,0.6794258373205742,0.09090909090909091
227,0.10655737704918032,0.0,0.26366120218579236,0.6297814207650273
228,0.9138198757763976,0.006211180124223602,0.07996894409937888,0.0
229,0.1476510067114094,0.0,0.09731543624161074,0.7550335570469798
230,0.0,0.326417704011065,0.5587828492392808,0.11479944674965421
231,0.08178137651821862,0.0,0.6291497975708502,0.2890688259109312
232,0.11538461538461539,0.3269230769230769,0.5576923076923077,0.0
233,0.35419440745672437,0.40878828229027964,0.0,0.237017310252996
234,0.06382978723404255,0.6418439716312057,0.29432624113475175,0.0
235,0.0,0.19121140142517815,0.043942992874109264,0.7648456057007126
236,0.05102040816326531,0.7397959183673469,0.20918367346938777,0.0
237,0.07537688442211055,0.0,0.06030150753768844,0.864321608040201
238,0.17857142857142858,0.10714285714285714,0.7142857142857143,0.0
239,0.45076586433260396,0.25601750547045954,0.0,0.29321663019693656
240,0.13377926421404682,0.0,0.8127090301003345,0.05351170568561873
241,0.0,0.06666666666666667,0.3333333333333333,0.6
242,0.0,0.23308270676691728,0.7105263157894737,0.05639097744360902
243,0.0,0.40878378378378377,0.20945945945945946,0.38175675675675674
244,0.11764705882352941,0.23529411764705882,0.6470588235294118,0.0
245,0.25,0.38333333333333336,0.0,0.36666666666666664
246,0.0,0.12136752136752137,0.7333333333333333,0.1452991452991453
247,0.0,0.25806451612903225,0.6566820276497696,0.08525345622119816
248,0.1409921671018277,0.0,0.09660574412532637,0.762402088772846
249,0.0,0.21754385964912282,0.6982456140350877,0.08421052631578947
250,0.7922705314009661,0.1570048309178744,0.0,0.050724637681159424
251,0.1076555023923445,0.0,0.03110047846889952,0.861244019138756
252,0.1103448275862069,0.0,0.4413793103448276,0.4482758620689655
253,0.05,0.1,0.85,0.0
254,0.18888888888888888,0.4666666666666667,0.0,0.34444444444444444
255,0.0,0.5059760956175299,0.4701195219123506,0.02390438247011952
256,0.32644628099173556,0.5950413223140496,0.0,0.07851239669421488
257,0.0,0.32575757575757575,0.5075757575757576,0.16666666666666666
258,0.4418604651162791,0.4883720930232558,0.0,0.06976744186046512
259,0.4079283887468031,0.0,0.08887468030690537,0.5031969309462916
260,0.07077625570776255,0.0,0.15753424657534246,0.771689497716895
261,0.25,0.15,0.0,0.6
262,0.0,0.4966887417218543,0.4503311258278146,0.052980132450331126
263,0.4291891891891892,0.5372972972972972,0.0,0.03351351351351351
264,0.2777777777777778,0.1111111111111111,0.0,0.6111111111111112
265,0.0,0.125,0.5,0.375
266,0.15671641791044777,0.0,0.05970149253731343,0.7835820895522388
267,0.0,0.02197802197802198,0.4065934065934066,0.5714285714285714
268,0.36538461538461536,0.0,0.09615384615384616,0.5384615384615384
269,0.27225130890052357,0.643979057591623,0.0,0.08376963350785341
270,0.17647058823529413,0.23529411764705882,0.0,0.5882352941176471
271,0.03669724770642202,0.0,0.926605504587156,0.03669724770642202
272,0.016594516594516596,0.9473304473304474,0.03607503607503607,0.0
273,0.473109243697479,0.28403361344537814,0.0,0.24285714285714285
274,0.11057692307692307,0.5576923076923077,0.3317307692307692,0.0
275,0.5119423163587201,0.4880576836412799,0.0,0.0
276,0.09090909090909091,0.5,0.4090909090909091,0.0
277,0.0,0.13043478260869565,0.021739130434782608,0.8478260869565217
278,0.0,0.9652173913043478,0.034782608695652174,0.0
279,0.0,0.8604651162790697,0.13953488372093023,0.0
280,0.0,0.06307977736549165,0.05009276437847866,0.8868274582560297
281,0.01422475106685633,0.0,0.02702702702702703,0.9587482219061166
282,0.16666666666666666,0.125,0.7083333333333334,0.0
283,0.39622641509433965,0.11320754716981132,0.0,0.49056603773584906
284,0.0,0.7615894039735099,0.23841059602649006,0.0
285,0.8671586715867159,0.014760147601476014,0.0,0.11808118081180811
286,0.04790419161676647,0.0,0.18562874251497005,0.7664670658682635
287,0.7334630350194552,0.14396887159533073,0.0,0.122568093385214
288,0.0,0.5317919075144508,0.4624277456647399,0.005780346820809248
289,0.8745583038869258,0.09540636042402827,0.0,0.030035335689045935
290,0.0,0.17721518987341772,0.7468354430379747,0.0759493670886076
291,0.3448275862068966,0.2413793103448276,0.0,0.41379310344827586
292,0.0,0.22784810126582278,0.5822784810126582,0.189873417721519
293,0.13333333333333333,0.8333333333333334,0.03333333333333333,0.0
294,0.031914893617021274,0.0,0.8085106382978723,0.1595744680851064
295,0.18867924528301888,0.39622641509433965,0.41509433962264153,0.0
296,0.0,0.0,0.5384615384615384,0.46153846153846156
297,0.16666666666666666,0.5,0.3333333333333333,0.0
298,0.3333333333333333,0.0,0.5,0.16666666666666666
299,0.0,1.0,0.0,0.0
300,0.2222222222222222,0.0,0.6666666666666666,0.1111111111111111
301,0.0,0.8,0.0,0.2
302,,,,
303,,,,
304,,,,
305,,,,
306,,,,
307,,,,
308,,,,
309,,,,
310,,,,
311,,,,
312,,,,
