,A,C,G,T
0,,,,
1,,,,
2,,,,
3,,,,
4,,,,
5,,,,
6,,,,
7,0.0,0.5,0.5,0.0
8,1.0,0.0,0.0,0.0
9,0.0,0.0,0.0,1.0
10,,,,
11,,,,
12,0.0,0.0,0.0,1.0
13,,,,
14,,,,
15,,,,
16,,,,
17,,,,
18,0.0,0.0,1.0,0.0
19,,,,
20,0.0,0.0,1.0,0.0
21,,,,
22,,,,
23,,,,
24,,,,
25,,,,
26,,,,
27,,,,
28,0.0,0.5,0.0,0.5
29,,,,
30,0.0,0.3333333333333333,0.6666666666666666,0.0
31,,,,
32,1.0,0.0,0.0,0.0
33,,,,
34,,,,
35,0.0,0.6,0.4,0.0
36,1.0,0.0,0.0,0.0
37,,,,
38,,,,
39,,,,
40,,,,
41,0.0,0.125,0.875,0.0
42,,,,
43,,,,
44,1.0,0.0,0.0,0.0
45,,,,
46,1.0,0.0,0.0,0.0
47,,,,
48,,,,
49,,,,
50,,,,
51,1.0,0.0,0.0,0.0
52,,,,
53,,,,
54,,,,
55,,,,
56,0.0,1.0,0.0,0.0
57,,,,
58,0.0,0.5,0.5,0.0
59,0.0,1.0,0.0,0.0
60,1.0,0.0,0.0,0.0
61,,,,
62,0.0,0.0,0.2,0.8
63,,,,
64,,,,
65,0.0,1.0,0.0,0.0
66,0.09090909090909091,0.0,0.8181818181818182,0.09090909090909091
67,0.0,0.0,0.0,1.0
68,0.0,0.5,0.0,0.5
69,1.0,0.0,0.0,0.0
70,0.0,0.7272727272727273,0.18181818181818182,0.09090909090909091
71,,,,
72,,,,
73,0.6666666666666666,0.0,0.0,0.3333333333333333
74,0.3333333333333333,0.3333333333333333,0.3333333333333333,0.0
75,,,,
76,0.0,0.0,0.0,1.0
77,0.0,0.0,0.0,1.0
78,,,,
79,0.0,0.0,1.0,0.0
80,0.0,0.0,0.0,1.0
81,0.0,0.6666666666666666,0.0,0.3333333333333333
82,0.0,0.0,0.375,0.625
83,0.0,0.0,0.6,0.4
84,0.0,1.0,0.0,0.0
85,,,,
86,0.0,0.0,0.3333333333333333,0.6666666666666666
87,0.0,0.0,1.0,0.0
88,0.0,1.0,0.0,0.0
89,0.0,1.0,0.0,0.0
90,0.0,0.0,0.875,0.125
91,0.0,0.25,0.75,0.0
92,0.2,0.0,0.0,0.8
93,0.1,0.0,0.0,0.9
94,0.0,0.0,0.14285714285714285,0.8571428571428571
95,0.14285714285714285,0.0,0.0,0.8571428571428571
96,0.4,0.0,0.6,0.0
97,0.0,0.2,0.8,0.0
98,0.0,0.0,0.6666666666666666,0.3333333333333333
99,0.0,0.0,0.6666666666666666,0.3333333333333333
100,,,,
101,0.3333333333333333,0.6666666666666666,0.0,0.0
102,0.0,1.0,0.0,0.0
103,0.8888888888888888,0.0,0.0,0.1111111111111111
104,,,,
105,,,,
106,,,,
107,,,,
108,,,,
109,,,,
110,,,,
111,,,,
112,,,,
113,,,,
114,,,,
115,,,,
116,,,,
117,,,,
118,,,,
119,0.0,0.5,0.5,0.0
120,0.0,0.0,1.0,0.0
121,,,,
122,0.0,0.0,1.0,0.0
123,,,,
124,,,,
125,1.0,0.0,0.0,0.0
126,0.0,1.0,0.0,0.0
127,0.0,0.0,1.0,0.0
128,,,,
129,0.0,0.0,0.0,1.0
130,,,,
131,0.0,0.1,0.9,0.0
132,,,,
133,0.0,1.0,0.0,0.0
134,1.0,0.0,0.0,0.0
135,0.0,1.0,0.0,0.0
136,0.0,1.0,0.0,0.0
137,,,,
138,0.0,0.0,1.0,0.0
139,,,,
140,,,,
141,0.0,0.0,1.0,0.0
142,,,,
143,0.0,0.6666666666666666,0.3333333333333333,0.0
144,0.0,0.3333333333333333,0.6666666666666666,0.0
145,1.0,0.0,0.0,0.0
146,,,,
147,0.5,0.0,0.5,0.0
148,0.0,0.25,0.5,0.25
149,0.0,0.0,0.0,1.0
150,,,,
151,0.0,1.0,0.0,0.0
152,0.0,0.6666666666666666,0.3333333333333333,0.0
153,0.0,0.3333333333333333,0.6666666666666666,0.0
154,0.42857142857142855,0.2857142857142857,0.0,0.2857142857142857
155,0.6666666666666666,0.3333333333333333,0.0,0.0
156,1.0,0.0,0.0,0.0
157,0.6666666666666666,0.3333333333333333,0.0,0.0
158,0.0,1.0,0.0,0.0
159,0.8333333333333334,0.16666666666666666,0.0,0.0
160,0.0,0.3333333333333333,0.6666666666666666,0.0
161,0.2,0.8,0.0,0.0
162,0.0,0.3333333333333333,0.6666666666666666,0.0
163,0.14285714285714285,0.2857142857142857,0.0,0.5714285714285714
164,1.0,0.0,0.0,0.0
165,0.5,0.0,0.0,0.5
166,0.875,0.125,0.0,0.0
167,1.0,0.0,0.0,0.0
168,0.6,0.2,0.2,0.0
169,0.0,0.5,0.0,0.5
170,0.3333333333333333,0.0,0.6666666666666666,0.0
171,0.0,0.0,1.0,0.0
172,0.1,0.0,0.1,0.8
173,,,,
174,0.0,0.09090909090909091,0.45454545454545453,0.45454545454545453
175,,,,
176,0.14285714285714285,0.0,0.0,0.8571428571428571
177,,,,
178,,,,
179,0.0,0.0,0.0,1.0
180,0.3333333333333333,0.0,0.0,0.6666666666666666
181,0.0,0.0,0.5,0.5
182,0.0,0.3333333333333333,0.6666666666666666,0.0
183,,,,
184,,,,
185,0.5,0.0,0.5,0.0
186,,,,
187,0.0,0.0,0.0,1.0
188,0.0,1.0,0.0,0.0
189,,,,
190,,,,
191,,,,
192,0.0,1.0,0.0,0.0
193,0.0,0.0,1.0,0.0
194,,,,
195,,,,
196,,,,
197,,,,
198,,,,
199,,,,
200,,,,
201,,,,
202,,,,
203,0.0,0.0,0.0,1.0
204,,,,
205,0.0,0.0,1.0,0.0
206,,,,
207,0.0,0.0,1.0,0.0
208,,,,
209,,,,
210,,,,
211,,,,
212,,,,
213,0.0,1.0,0.0,0.0
214,1.0,0.0,0.0,0.0
215,1.0,0.0,0.0,0.0
216,,,,
217,,,,
218,,,,
219,0.0,0.0,1.0,0.0
220,,,,
221,0.0,0.0,0.0,1.0
222,0.0,0.0,0.0,1.0
223,0.0,0.0,0.4,0.6
224,,,,
225,0.0,1.0,0.0,0.0
226,0.0,0.0,0.0,1.0
227,0.16666666666666666,0.0,0.8333333333333334,0.0
228,,,,
229,0.0,0.0,1.0,0.0
230,0.25,0.0,0.0,0.75
231,0.0,0.0,1.0,0.0
232,,,,
233,0.0,0.0,0.3333333333333333,0.6666666666666666
234,0.0,0.0,1.0,0.0
235,0.0,0.0,0.0,1.0
236,0.3333333333333333,0.0,0.0,0.6666666666666666
237,0.0,1.0,0.0,0.0
238,,,,
239,0.0,0.0,1.0,0.0
240,0.0,0.0,1.0,0.0
241,,,,
242,0.0,1.0,0.0,0.0
243,,,,
244,,,,
245,0.0,0.0,1.0,0.0
246,,,,
247,,,,
248,,,,
249,0.0,0.0,0.0,1.0
250,,,,
251,,,,
252,,,,
253,,,,
254,,,,
255,0.0,1.0,0.0,0.0
256,,,,
257,,,,
258,,,,
259,1.0,0.0,0.0,0.0
260,,,,
261,,,,
262,0.5,0.0,0.0,0.5
263,0.0,1.0,0.0,0.0
264,,,,
265,,,,
266,0.0,1.0,0.0,0.0
267,,,,
268,,,,
269,,,,
270,,,,
271,,,,
272,,,,
273,,,,
274,,,,
275,0.0,1.0,0.0,0.0
276,0.5,0.5,0.0,0.0
277,,,,
278,0.375,0.375,0.0,0.25
279,,,,
280,,,,
281,,,,
282,,,,
283,0.0,0.0,0.0,1.0
284,0.0,0.0,0.0,1.0
285,,,,
286,,,,
287,,,,
288,,,,
289,0.0,1.0,0.0,0.0
290,,,,
291,,,,
292,,,,
293,,,,
294,,,,
295,,,,
296,,,,
297,,,,
298,,,,
299,,,,
300,,,,
301,,,,
302,,,,
303,,,,
304,,,,
305,,,,
306,,,,
307,,,,
308,,,,
309,,,,
310,,,,
311,,,,
312,,,,
313,,,,
314,,,,
315,,,,
