,A,C,G,T
0,,,,
1,,,,
2,,,,
3,0.5675675675675675,0.22972972972972974,0.0,0.20270270270270271
4,,,,
5,1.0,0.0,0.0,0.0
6,1.0,0.0,0.0,0.0
7,0.0,1.0,0.0,0.0
8,1.0,0.0,0.0,0.0
9,0.6097560975609756,0.0,0.0,0.3902439024390244
10,,,,
11,1.0,0.0,0.0,0.0
12,0.0,0.0,1.0,0.0
13,0.0,0.0,0.75,0.25
14,0.9574468085106383,0.0425531914893617,0.0,0.0
15,0.029411764705882353,0.9705882352941176,0.0,0.0
16,,,,
17,0.5,0.5,0.0,0.0
18,0.0,0.0,1.0,0.0
19,0.0,0.0,1.0,0.0
20,0.0,1.0,0.0,0.0
21,1.0,0.0,0.0,0.0
22,,,,
23,,,,
24,0.0,0.0,0.8888888888888888,0.1111111111111111
25,1.0,0.0,0.0,0.0
26,0.0,0.75,0.25,0.0
27,0.0,1.0,0.0,0.0
28,0.0,1.0,0.0,0.0
29,0.0,0.5,0.5,0.0
30,0.25,0.0,0.5,0.25
31,0.75,0.125,0.125,0.0
32,,,,
33,0.0,0.25,0.0,0.75
34,0.0,0.0,1.0,0.0
35,,,,
36,0.0,0.8571428571428571,0.0,0.14285714285714285
37,0.0,0.2,0.8,0.0
38,0.0,0.5,0.0,0.5
39,0.0,0.0,1.0,0.0
40,,,,
41,0.0625,0.9375,0.0,0.0
42,0.0,1.0,0.0,0.0
43,0.0,0.0,0.0,1.0
44,0.6666666666666666,0.3333333333333333,0.0,0.0
45,0.0,0.0,0.0,1.0
46,0.0,0.047619047619047616,0.8571428571428571,0.09523809523809523
47,0.6666666666666666,0.3333333333333333,0.0,0.0
48,0.0,0.0,0.12,0.88
49,0.0,0.0,1.0,0.0
50,0.0,0.0,0.0,1.0
51,,,,
52,0.0,1.0,0.0,0.0
53,1.0,0.0,0.0,0.0
54,0.0,0.0,1.0,0.0
55,0.0,0.0,0.0,1.0
56,0.3333333333333333,0.0,0.6666666666666666,0.0
57,0.0,0.0,1.0,0.0
58,0.0,1.0,0.0,0.0
59,0.14285714285714285,0.0,0.0,0.8571428571428571
60,0.0,0.5,0.0,0.5
61,0.05319148936170213,0.8617021276595744,0.0851063829787234,0.0
62,0.42857142857142855,0.0,0.0,0.5714285714285714
63,0.0,1.0,0.0,0.0
64,0.0,1.0,0.0,0.0
65,0.0,0.0,0.0,1.0
66,0.7777777777777778,0.0,0.0,0.2222222222222222
67,0.0,0.0,0.8125,0.1875
68,0.30434782608695654,0.6086956521739131,0.08695652173913043,0.0
69,1.0,0.0,0.0,0.0
70,0.0,1.0,0.0,0.0
71,0.0,0.0,0.875,0.125
72,0.0,1.0,0.0,0.0
73,1.0,0.0,0.0,0.0
74,0.0,1.0,0.0,0.0
75,1.0,0.0,0.0,0.0
76,0.6666666666666666,0.16666666666666666,0.0,0.16666666666666666
77,1.0,0.0,0.0,0.0
78,0.0,0.3333333333333333,0.0,0.6666666666666666
79,0.0,0.25,0.3125,0.4375
80,0.0,0.0,0.9615384615384616,0.038461538461538464
81,0.3333333333333333,0.3333333333333333,0.3333333333333333,0.0
82,0.6666666666666666,0.0,0.0,0.3333333333333333
83,0.07142857142857142,0.0,0.14285714285714285,0.7857142857142857
84,0.0,0.21875,0.75,0.03125
85,0.0,0.6,0.4,0.0
86,0.012658227848101266,0.0,0.8987341772151899,0.08860759493670886
87,0.0,0.6666666666666666,0.3333333333333333,0.0
88,0.25,0.6666666666666666,0.0,0.08333333333333333
89,0.1875,0.0,0.03125,0.78125
90,0.0,0.027777777777777776,0.7777777777777778,0.19444444444444445
91,0.6,0.4,0.0,0.0
92,0.38461538461538464,0.6153846153846154,0.0,0.0
93,0.25,0.5555555555555556,0.0,0.19444444444444445
94,0.4745762711864407,0.4745762711864407,0.0,0.05084745762711865
95,0.36,0.64,0.0,0.0
96,0.0,0.10588235294117647,0.4235294117647059,0.47058823529411764
97,0.0,0.16666666666666666,0.0,0.8333333333333334
98,0.0,0.0,0.07142857142857142,0.9285714285714286
99,0.0,1.0,0.0,0.0
100,0.07894736842105263,0.07894736842105263,0.0,0.8421052631578947
101,0.0,0.8461538461538461,0.0,0.15384615384615385
102,0.14285714285714285,0.14285714285714285,0.7142857142857143,0.0
103,0.8571428571428571,0.14285714285714285,0.0,0.0
104,0.0,0.2,0.7692307692307693,0.03076923076923077
105,0.0,0.5454545454545454,0.45454545454545453,0.0
106,0.07692307692307693,0.09615384615384616,0.8269230769230769,0.0
107,0.2,0.0,0.3,0.5
108,0.0,0.0,1.0,0.0
109,0.14285714285714285,0.8571428571428571,0.0,0.0
110,0.0,0.8571428571428571,0.0,0.14285714285714285
111,0.8666666666666667,0.06666666666666667,0.0,0.06666666666666667
112,0.0,1.0,0.0,0.0
113,0.0,0.0,1.0,0.0
114,0.8571428571428571,0.0,0.0,0.14285714285714285
115,0.6666666666666666,0.0,0.0,0.3333333333333333
116,0.16666666666666666,0.0,0.3333333333333333,0.5
117,,,,
118,0.0,0.0,0.6666666666666666,0.3333333333333333
119,0.0,1.0,0.0,0.0
120,0.03896103896103896,0.0,0.14285714285714285,0.8181818181818182
121,0.5,0.0,0.0,0.5
122,0.0,0.0,0.125,0.875
123,0.0,0.0,0.0,1.0
124,,,,
125,0.0,0.4,0.6,0.0
126,0.0,1.0,0.0,0.0
127,0.9545454545454546,0.022727272727272728,0.0,0.022727272727272728
128,0.3076923076923077,0.07692307692307693,0.0,0.6153846153846154
129,0.0,0.5,0.0,0.5
130,0.0,0.07142857142857142,0.9285714285714286,0.0
131,1.0,0.0,0.0,0.0
132,,,,
133,1.0,0.0,0.0,0.0
134,0.75,0.25,0.0,0.0
135,1.0,0.0,0.0,0.0
136,0.5,0.0,0.5,0.0
137,1.0,0.0,0.0,0.0
138,0.0,1.0,0.0,0.0
139,0.0,0.0,1.0,0.0
140,0.9047619047619048,0.047619047619047616,0.0,0.047619047619047616
141,,,,
142,1.0,0.0,0.0,0.0
143,0.6666666666666666,0.0,0.0,0.3333333333333333
144,0.0,1.0,0.0,0.0
145,0.0,0.0,1.0,0.0
146,0.95,0.05,0.0,0.0
147,,,,
148,,,,
149,0.6470588235294118,0.35294117647058826,0.0,0.0
150,0.039473684210526314,0.868421052631579,0.0,0.09210526315789473
151,0.0,0.6363636363636364,0.18181818181818182,0.18181818181818182
152,0.0,0.28,0.36,0.36
153,0.0,0.0,0.9629629629629629,0.037037037037037035
154,0.0,0.0,1.0,0.0
155,0.0,0.0,0.0,1.0
156,0.375,0.0,0.08333333333333333,0.5416666666666666
157,0.0,0.1111111111111111,0.6666666666666666,0.2222222222222222
158,0.0,0.16666666666666666,0.8333333333333334,0.0
159,0.10810810810810811,0.0,0.8108108108108109,0.08108108108108109
160,0.0,0.0,0.9859154929577465,0.014084507042253521
161,0.3333333333333333,0.3333333333333333,0.3333333333333333,0.0
162,0.0,0.3076923076923077,0.6923076923076923,0.0
163,0.3333333333333333,0.6666666666666666,0.0,0.0
164,0.2222222222222222,0.1111111111111111,0.6666666666666666,0.0
165,0.0,1.0,0.0,0.0
166,0.0,1.0,0.0,0.0
167,0.6875,0.0625,0.0,0.25
168,0.0,0.4,0.6,0.0
169,0.13793103448275862,0.6206896551724138,0.0,0.2413793103448276
170,0.7435897435897436,0.0,0.20512820512820512,0.05128205128205128
171,0.0,0.0,0.8571428571428571,0.14285714285714285
172,0.2,0.0,0.2,0.6
173,0.4411764705882353,0.0,0.5,0.058823529411764705
174,0.547945205479452,0.4383561643835616,0.0136986301369863,0.0
175,0.0,0.5,0.5,0.0
176,0.125,0.0,0.125,0.75
177,0.0,0.0,1.0,0.0
178,0.0,1.0,0.0,0.0
179,0.0,0.0,0.0,1.0
180,0.0,0.0,1.0,0.0
181,0.0,0.3333333333333333,0.6666666666666666,0.0
182,0.0,0.0,0.10810810810810811,0.8918918918918919
183,0.0,0.0,0.8571428571428571,0.14285714285714285
184,0.0,0.0,0.14285714285714285,0.8571428571428571
185,0.07692307692307693,0.8461538461538461,0.0,0.07692307692307693
186,0.1,0.1,0.8,0.0
187,,,,
188,0.0625,0.0,0.3125,0.625
189,0.0,0.0,0.024390243902439025,0.975609756097561
190,0.0,0.0,1.0,0.0
191,0.3333333333333333,0.0,0.3333333333333333,0.3333333333333333
192,0.0,0.014492753623188406,0.9855072463768116,0.0
193,0.0,0.8181818181818182,0.15151515151515152,0.030303030303030304
194,,,,
195,0.0,0.3333333333333333,0.6666666666666666,0.0
196,0.5,0.5,0.0,0.0
197,0.0,0.7333333333333333,0.26666666666666666,0.0
198,,,,
199,0.0,0.0,0.0,1.0
200,0.0,0.7777777777777778,0.2222222222222222,0.0
201,0.0,0.0125,0.9875,0.0
202,0.0,1.0,0.0,0.0
203,0.7,0.0,0.3,0.0
204,0.0,0.0,0.0,1.0
205,0.0,0.0,0.9473684210526315,0.05263157894736842
206,0.2,0.0,0.0,0.8
207,0.0,0.2641509433962264,0.5660377358490566,0.16981132075471697
208,0.0,0.0,1.0,0.0
209,0.06521739130434782,0.1956521739130435,0.0,0.7391304347826086
210,,,,
211,,,,
212,,,,
213,0.6538461538461539,0.3269230769230769,0.0,0.019230769230769232
214,0.625,0.375,0.0,0.0
215,0.0,0.023809523809523808,0.7857142857142857,0.19047619047619047
216,,,,
217,0.0,0.0,1.0,0.0
218,,,,
219,0.0,0.96875,0.03125,0.0
220,0.0,0.0,1.0,0.0
221,0.6666666666666666,0.0,0.0,0.3333333333333333
222,0.5,0.0,0.5,0.0
223,0.3333333333333333,0.0,0.0,0.6666666666666666
224,0.0,0.0,0.2777777777777778,0.7222222222222222
225,0.0,0.875,0.125,0.0
226,0.0,0.125,0.875,0.0
227,0.0,0.7962962962962963,0.0,0.2037037037037037
228,0.0,0.25,0.75,0.0
229,0.0,0.0,0.8888888888888888,0.1111111111111111
230,0.0,0.0,0.4186046511627907,0.5813953488372093
231,0.625,0.0,0.0,0.375
232,0.0,0.42857142857142855,0.07142857142857142,0.5
233,0.6071428571428571,0.14285714285714285,0.0,0.25
234,0.15384615384615385,0.5384615384615384,0.3076923076923077,0.0
235,0.0,0.0,1.0,0.0
236,0.06666666666666667,0.0,0.0,0.9333333333333333
237,0.0,0.0,1.0,0.0
238,0.0,0.898989898989899,0.010101010101010102,0.09090909090909091
239,0.0,0.0,0.0,1.0
240,0.0,0.0,0.09090909090909091,0.9090909090909091
241,0.0,0.0,1.0,0.0
242,1.0,0.0,0.0,0.0
243,0.0,0.5714285714285714,0.42857142857142855,0.0
244,0.0,0.21428571428571427,0.7619047619047619,0.023809523809523808
245,0.6666666666666666,0.3333333333333333,0.0,0.0
246,0.4027777777777778,0.0,0.2916666666666667,0.3055555555555556
247,,,,
248,0.2,0.2,0.0,0.6
249,0.0,0.11764705882352941,0.058823529411764705,0.8235294117647058
250,0.12087912087912088,0.8791208791208791,0.0,0.0
251,0.02857142857142857,0.0,0.07142857142857142,0.9
252,,,,
253,1.0,0.0,0.0,0.0
254,0.0,1.0,0.0,0.0
255,0.625,0.275,0.0,0.1
256,0.0,1.0,0.0,0.0
257,0.0,1.0,0.0,0.0
258,0.0,1.0,0.0,0.0
259,0.0,0.0,0.0,1.0
260,0.0,0.0,0.0,1.0
261,1.0,0.0,0.0,0.0
262,,,,
263,0.0,0.0,1.0,0.0
264,,,,
265,,,,
266,0.5,0.25,0.0,0.25
267,,,,
268,,,,
269,1.0,0.0,0.0,0.0
270,0.0,0.0,0.1111111111111111,0.8888888888888888
271,,,,
272,0.0,1.0,0.0,0.0
273,0.0,0.0,0.0,1.0
274,0.0,0.0,1.0,0.0
275,0.1,0.0,0.2,0.7
276,0.6071428571428571,0.35714285714285715,0.0,0.03571428571428571
277,0.0,0.0,1.0,0.0
278,0.5921052631578947,0.13157894736842105,0.0,0.27631578947368424
279,,,,
280,0.0,0.0,0.0,1.0
281,0.0,1.0,0.0,0.0
282,,,,
283,0.0,0.058823529411764705,0.17647058823529413,0.7647058823529411
284,0.0,0.0,0.0,1.0
285,0.0,0.0,1.0,0.0
286,0.0,0.5,0.0,0.5
287,,,,
288,0.0,0.0,0.0,1.0
289,0.0,0.0,0.0,1.0
290,0.0,0.0,0.0,1.0
291,0.0,0.0,1.0,0.0
292,0.0,0.0,0.0,1.0
293,,,,
294,0.0,0.6,0.4,0.0
295,0.0,0.0,0.0,1.0
296,,,,
297,,,,
298,,,,
299,,,,
300,,,,
301,,,,
302,,,,
303,,,,
304,,,,
305,,,,
306,,,,
307,,,,
308,,,,
309,,,,
310,,,,
311,,,,
312,,,,
313,,,,
314,,,,
315,,,,
