,A,C,G,T
0,,,,
1,,,,
2,,,,
3,,,,
4,,,,
5,,,,
6,,,,
7,,,,
8,,,,
9,,,,
10,,,,
11,,,,
12,,,,
13,,,,
14,,,,
15,,,,
16,,,,
17,,,,
18,,,,
19,,,,
20,,,,
21,,,,
22,,,,
23,,,,
24,,,,
25,,,,
26,,,,
27,1.0,0.0,0.0,0.0
28,1.0,0.0,0.0,0.0
29,,,,
30,,,,
31,,,,
32,,,,
33,,,,
34,,,,
35,,,,
36,,,,
37,,,,
38,,,,
39,,,,
40,,,,
41,,,,
42,,,,
43,,,,
44,,,,
45,,,,
46,,,,
47,0.0,0.0,1.0,0.0
48,,,,
49,,,,
50,0.0,1.0,0.0,0.0
51,,,,
52,,,,
53,,,,
54,,,,
55,1.0,0.0,0.0,0.0
56,,,,
57,,,,
58,,,,
59,,,,
60,,,,
61,,,,
62,0.0,1.0,0.0,0.0
63,,,,
64,,,,
65,,,,
66,,,,
67,,,,
68,,,,
69,,,,
70,0.0,0.0,1.0,0.0
71,0.0,0.0,0.0,1.0
72,,,,
73,,,,
74,,,,
75,,,,
76,,,,
77,0.0,0.0,1.0,0.0
78,,,,
79,,,,
80,,,,
81,,,,
82,,,,
83,,,,
84,,,,
85,,,,
86,,,,
87,,,,
88,0.0,1.0,0.0,0.0
89,,,,
90,,,,
91,,,,
92,,,,
93,,,,
94,0.0,0.0,0.0,1.0
95,,,,
96,,,,
97,0.0,0.0,0.0,1.0
98,,,,
99,,,,
100,,,,
101,1.0,0.0,0.0,0.0
102,0.0,1.0,0.0,0.0
103,1.0,0.0,0.0,0.0
104,,,,
105,,,,
106,,,,
107,,,,
108,,,,
109,,,,
110,,,,
111,,,,
112,,,,
113,,,,
114,,,,
115,,,,
116,,,,
117,,,,
118,,,,
119,,,,
120,0.0,0.0,1.0,0.0
121,0.0,1.0,0.0,0.0
122,0.0,1.0,0.0,0.0
123,,,,
124,,,,
125,,,,
126,,,,
127,,,,
128,,,,
129,,,,
130,,,,
131,,,,
132,,,,
133,,,,
134,0.0,0.0,1.0,0.0
135,,,,
136,,,,
137,1.0,0.0,0.0,0.0
138,,,,
139,0.0,0.0,1.0,0.0
140,,,,
141,0.0,1.0,0.0,0.0
142,,,,
143,0.0,0.0,0.0,1.0
144,,,,
145,,,,
146,0.0,1.0,0.0,0.0
147,0.0,1.0,0.0,0.0
148,1.0,0.0,0.0,0.0
149,0.0,1.0,0.0,0.0
150,,,,
151,,,,
152,0.0,0.0,0.0,1.0
153,,,,
154,,,,
155,,,,
156,0.0,0.0,1.0,0.0
157,0.0,0.0,1.0,0.0
158,,,,
159,,,,
160,0.0,0.0,1.0,0.0
161,,,,
162,1.0,0.0,0.0,0.0
163,1.0,0.0,0.0,0.0
164,,,,
165,0.0,1.0,0.0,0.0
166,0.0,0.0,0.0,1.0
167,0.0,0.0,0.0,1.0
168,,,,
169,1.0,0.0,0.0,0.0
170,,,,
171,,,,
172,,,,
173,,,,
174,0.0,0.0,1.0,0.0
175,,,,
176,,,,
177,,,,
178,,,,
179,,,,
180,,,,
181,0.0,1.0,0.0,0.0
182,,,,
183,,,,
184,,,,
185,,,,
186,1.0,0.0,0.0,0.0
187,0.0,0.0,1.0,0.0
188,,,,
189,,,,
190,,,,
191,,,,
192,,,,
193,,,,
194,0.0,0.0,1.0,0.0
195,,,,
196,,,,
197,,,,
198,,,,
199,0.0,0.0,0.0,1.0
200,0.0,0.0,1.0,0.0
201,,,,
202,,,,
203,,,,
204,,,,
205,,,,
206,0.0,0.0,1.0,0.0
207,0.0,0.0,0.0,1.0
208,,,,
209,0.0,1.0,0.0,0.0
210,,,,
211,0.0,0.0,1.0,0.0
212,,,,
213,,,,
214,,,,
215,,,,
216,,,,
217,,,,
218,0.0,1.0,0.0,0.0
219,,,,
220,,,,
221,,,,
222,,,,
223,,,,
224,0.0,0.0,0.0,1.0
225,,,,
226,,,,
227,,,,
228,,,,
229,,,,
230,,,,
231,0.0,0.0,1.0,0.0
232,,,,
233,,,,
234,,,,
235,,,,
236,,,,
237,,,,
238,,,,
239,,,,
240,0.0,0.0,1.0,0.0
241,0.0,1.0,0.0,0.0
242,,,,
243,,,,
244,,,,
245,,,,
246,0.0,0.0,0.0,1.0
247,,,,
248,,,,
249,,,,
250,,,,
251,,,,
252,,,,
253,,,,
254,,,,
255,,,,
256,1.0,0.0,0.0,0.0
257,,,,
258,,,,
259,0.0,0.0,1.0,0.0
260,,,,
261,,,,
262,,,,
263,,,,
264,0.0,0.0,1.0,0.0
265,,,,
266,,,,
267,,,,
268,,,,
269,,,,
270,,,,
271,0.0,0.0,1.0,0.0
272,,,,
273,,,,
274,,,,
275,,,,
276,1.0,0.0,0.0,0.0
277,0.0,1.0,0.0,0.0
278,,,,
279,,,,
280,,,,
281,,,,
282,,,,
283,,,,
284,,,,
285,,,,
286,,,,
287,,,,
288,,,,
289,,,,
290,,,,
291,,,,
292,,,,
293,,,,
294,,,,
295,,,,
296,,,,
297,,,,
298,,,,
299,,,,
300,,,,
301,,,,
302,,,,
303,,,,
304,,,,
305,,,,
306,,,,
307,,,,
308,,,,
309,,,,
310,,,,
311,,,,
312,,,,
313,,,,
314,,,,
315,,,,
316,,,,
317,,,,
318,,,,
319,,,,
