,A,C,G,T
0,,,,
1,,,,
2,1.0,0.0,0.0,0.0
3,0.0,1.0,0.0,0.0
4,0.0,1.0,0.0,0.0
5,0.8,0.0,0.0,0.2
6,,,,
7,,,,
8,1.0,0.0,0.0,0.0
9,0.0,0.0,0.0,1.0
10,,,,
11,0.0,0.07142857142857142,0.7857142857142857,0.14285714285714285
12,1.0,0.0,0.0,0.0
13,,,,
14,1.0,0.0,0.0,0.0
15,0.0,1.0,0.0,0.0
16,,,,
17,,,,
18,,,,
19,0.0,0.0,1.0,0.0
20,1.0,0.0,0.0,0.0
21,,,,
22,,,,
23,,,,
24,0.0,0.0,1.0,0.0
25,,,,
26,0.0,0.0,1.0,0.0
27,1.0,0.0,0.0,0.0
28,0.0,1.0,0.0,0.0
29,0.0,0.4444444444444444,0.5555555555555556,0.0
30,0.0,0.0,1.0,0.0
31,,,,
32,0.0,1.0,0.0,0.0
33,0.0,0.3333333333333333,0.0,0.6666666666666666
34,,,,
35,1.0,0.0,0.0,0.0
36,,,,
37,0.0,0.0,0.6666666666666666,0.3333333333333333
38,0.0,0.0,0.0,1.0
39,0.0,0.0,0.6666666666666666,0.3333333333333333
40,,,,
41,0.0,1.0,0.0,0.0
42,0.0,0.2,0.8,0.0
43,,,,
44,0.0,1.0,0.0,0.0
45,,,,
46,0.0,1.0,0.0,0.0
47,0.18181818181818182,0.0,0.7727272727272727,0.045454545454545456
48,,,,
49,,,,
50,,,,
51,,,,
52,,,,
53,,,,
54,1.0,0.0,0.0,0.0
55,,,,
56,,,,
57,0.0,0.0,1.0,0.0
58,,,,
59,,,,
60,0.0,1.0,0.0,0.0
61,0.0,0.0,0.0,1.0
62,0.0,0.0,0.6666666666666666,0.3333333333333333
63,,,,
64,,,,
65,0.0,0.0,0.0,1.0
66,1.0,0.0,0.0,0.0
67,0.6,0.0,0.0,0.4
68,0.0,1.0,0.0,0.0
69,,,,
70,0.0,0.0,1.0,0.0
71,0.0,0.0,1.0,0.0
72,0.0,1.0,0.0,0.0
73,1.0,0.0,0.0,0.0
74,0.0,0.3333333333333333,0.6666666666666666,0.0
75,,,,
76,,,,
77,0.0,0.14285714285714285,0.8571428571428571,0.0
78,0.0,0.21428571428571427,0.7857142857142857,0.0
79,0.0,0.6111111111111112,0.3333333333333333,0.05555555555555555
80,0.0,0.0,0.14285714285714285,0.8571428571428571
81,0.2222222222222222,0.7777777777777778,0.0,0.0
82,,,,
83,0.0,0.0,0.0,1.0
84,0.0,0.0,0.3333333333333333,0.6666666666666666
85,0.0,0.0,1.0,0.0
86,0.0,0.0,0.6,0.4
87,0.0,0.5,0.5,0.0
88,0.5714285714285714,0.42857142857142855,0.0,0.0
89,0.0,0.0,0.06666666666666667,0.9333333333333333
90,0.0,0.0,1.0,0.0
91,0.25,0.75,0.0,0.0
92,0.0,1.0,0.0,0.0
93,0.0,0.14285714285714285,0.5,0.35714285714285715
94,0.25,0.7,0.0,0.05
95,0.0,1.0,0.0,0.0
96,0.0,0.058823529411764705,0.0,0.9411764705882353
97,0.0,0.2727272727272727,0.36363636363636365,0.36363636363636365
98,0.09090909090909091,0.0,0.0,0.9090909090909091
99,,,,
100,0.5,0.0,0.0,0.5
101,0.0,0.5,0.0,0.5
102,0.3333333333333333,0.5555555555555556,0.1111111111111111,0.0
103,0.0,0.7142857142857143,0.0,0.2857142857142857
104,0.0,0.0,0.0,1.0
105,1.0,0.0,0.0,0.0
106,0.16666666666666666,0.6666666666666666,0.0,0.16666666666666666
107,0.47058823529411764,0.0,0.0,0.5294117647058824
108,,,,
109,0.0,1.0,0.0,0.0
110,0.0,1.0,0.0,0.0
111,0.0,0.6666666666666666,0.3333333333333333,0.0
112,0.0,0.375,0.625,0.0
113,0.0,0.0,0.0,1.0
114,1.0,0.0,0.0,0.0
115,0.8333333333333334,0.16666666666666666,0.0,0.0
116,0.14285714285714285,0.14285714285714285,0.0,0.7142857142857143
117,,,,
118,0.0,1.0,0.0,0.0
119,0.0,1.0,0.0,0.0
120,0.3333333333333333,0.0,0.1111111111111111,0.5555555555555556
121,0.0,0.0,0.4,0.6
122,0.0,0.0,0.5,0.5
123,0.0,0.0,0.5,0.5
124,0.75,0.0,0.25,0.0
125,0.0,0.8333333333333334,0.16666666666666666,0.0
126,,,,
127,1.0,0.0,0.0,0.0
128,1.0,0.0,0.0,0.0
129,0.0,0.8333333333333334,0.16666666666666666,0.0
130,0.0,0.5,0.375,0.125
131,0.0,0.0,0.0,1.0
132,,,,
133,,,,
134,0.0,1.0,0.0,0.0
135,0.0,0.0,1.0,0.0
136,,,,
137,,,,
138,,,,
139,,,,
140,0.5,0.0,0.0,0.5
141,,,,
142,0.6666666666666666,0.0,0.0,0.3333333333333333
143,0.0,0.0,0.0,1.0
144,,,,
145,,,,
146,0.3333333333333333,0.6666666666666666,0.0,0.0
147,1.0,0.0,0.0,0.0
148,0.0,0.0,0.0,1.0
149,0.8,0.06666666666666667,0.0,0.13333333333333333
150,0.6923076923076923,0.0,0.3076923076923077,0.0
151,0.0,0.8571428571428571,0.14285714285714285,0.0
152,0.21052631578947367,0.0,0.0,0.7894736842105263
153,0.0,0.36363636363636365,0.6363636363636364,0.0
154,,,,
155,0.4,0.0,0.4,0.2
156,0.5,0.3333333333333333,0.16666666666666666,0.0
157,0.0,0.3333333333333333,0.5833333333333334,0.08333333333333333
158,0.375,0.0,0.625,0.0
159,0.0,0.4,0.6,0.0
160,0.0,0.5,0.5,0.0
161,0.29411764705882354,0.6470588235294118,0.058823529411764705,0.0
162,0.0,0.0,1.0,0.0
163,0.0,1.0,0.0,0.0
164,0.125,0.125,0.75,0.0
165,0.5,0.0,0.0,0.5
166,0.0,0.0,0.0,1.0
167,0.5714285714285714,0.0,0.0,0.42857142857142855
168,0.0,0.8333333333333334,0.16666666666666666,0.0
169,0.3,0.6,0.0,0.1
170,0.0,0.0,0.0,1.0
171,0.0,0.0,0.6,0.4
172,0.5,0.0,0.5,0.0
173,0.5,0.0,0.0,0.5
174,0.0,0.5714285714285714,0.14285714285714285,0.2857142857142857
175,0.0,0.0,1.0,0.0
176,0.0,0.0,0.5833333333333334,0.4166666666666667
177,0.0,0.0,1.0,0.0
178,0.0,1.0,0.0,0.0
179,0.2,0.0,0.2,0.6
180,0.0,0.75,0.25,0.0
181,0.0,0.42857142857142855,0.14285714285714285,0.42857142857142855
182,0.06666666666666667,0.0,0.4666666666666667,0.4666666666666667
183,0.0,0.0,0.2,0.8
184,0.0,0.0,0.0,1.0
185,0.16666666666666666,0.75,0.0,0.08333333333333333
186,1.0,0.0,0.0,0.0
187,,,,
188,,,,
189,1.0,0.0,0.0,0.0
190,,,,
191,0.0,0.0,0.3333333333333333,0.6666666666666666
192,0.0,0.0,1.0,0.0
193,0.0,0.0,0.7142857142857143,0.2857142857142857
194,0.0,1.0,0.0,0.0
195,0.0,0.25,0.75,0.0
196,1.0,0.0,0.0,0.0
197,0.0,1.0,0.0,0.0
198,,,,
199,,,,
200,0.0,0.0,0.0,1.0
201,0.4166666666666667,0.5833333333333334,0.0,0.0
202,0.0,1.0,0.0,0.0
203,0.5714285714285714,0.0,0.0,0.42857142857142855
204,0.0,0.0,1.0,0.0
205,0.75,0.0,0.0,0.25
206,,,,
207,0.0,0.36363636363636365,0.09090909090909091,0.5454545454545454
208,,,,
209,0.0,0.0,0.0,1.0
210,,,,
211,,,,
212,0.0,1.0,0.0,0.0
213,0.6666666666666666,0.16666666666666666,0.0,0.16666666666666666
214,0.6666666666666666,0.2222222222222222,0.1111111111111111,0.0
215,0.0,0.0,1.0,0.0
216,,,,
217,,,,
218,,,,
219,0.0,0.5,0.0,0.5
220,0.25,0.0,0.0,0.75
221,0.125,0.625,0.0,0.25
222,0.0,0.0,1.0,0.0
223,0.5,0.0,0.0,0.5
224,0.625,0.0,0.0,0.375
225,,,,
226,0.0,1.0,0.0,0.0
227,1.0,0.0,0.0,0.0
228,,,,
229,0.0,0.0,1.0,0.0
230,0.23076923076923078,0.0,0.0,0.7692307692307693
231,,,,
232,,,,
233,0.3333333333333333,0.4444444444444444,0.0,0.2222222222222222
234,0.0,0.8888888888888888,0.1111111111111111,0.0
235,,,,
236,0.0,0.0,0.0,1.0
237,,,,
238,0.75,0.0,0.0,0.25
239,,,,
240,,,,
241,,,,
242,0.0,0.3333333333333333,0.0,0.6666666666666666
243,0.0,0.0,1.0,0.0
244,0.0,0.16666666666666666,0.8333333333333334,0.0
245,0.4166666666666667,0.25,0.0,0.3333333333333333
246,0.25,0.0,0.16666666666666666,0.5833333333333334
247,,,,
248,,,,
249,0.0,0.16666666666666666,0.8333333333333334,0.0
250,0.29411764705882354,0.6470588235294118,0.0,0.058823529411764705
251,0.125,0.0,0.75,0.125
252,0.0,0.0,1.0,0.0
253,,,,
254,0.0,1.0,0.0,0.0
255,0.3333333333333333,0.3333333333333333,0.0,0.3333333333333333
256,,,,
257,0.0,1.0,0.0,0.0
258,,,,
259,,,,
260,,,,
261,,,,
262,,,,
263,0.0,0.0,0.0,1.0
264,0.058823529411764705,0.0,0.9411764705882353,0.0
265,0.09523809523809523,0.9047619047619048,0.0,0.0
266,0.5,0.5,0.0,0.0
267,,,,
268,,,,
269,,,,
270,0.0,0.0,0.6666666666666666,0.3333333333333333
271,,,,
272,0.0,1.0,0.0,0.0
273,,,,
274,1.0,0.0,0.0,0.0
275,0.0,0.0,0.3333333333333333,0.6666666666666666
276,1.0,0.0,0.0,0.0
277,0.0,1.0,0.0,0.0
278,0.38095238095238093,0.38095238095238093,0.0,0.23809523809523808
279,,,,
280,,,,
281,0.0,1.0,0.0,0.0
282,,,,
283,0.0,0.0,0.0,1.0
284,0.0,0.0,0.0,1.0
285,,,,
286,,,,
287,,,,
288,,,,
289,0.0,0.0,0.3333333333333333,0.6666666666666666
290,,,,
291,0.0,0.6666666666666666,0.3333333333333333,0.0
292,1.0,0.0,0.0,0.0
293,,,,
294,0.0,0.5,0.5,0.0
295,,,,
296,,,,
297,,,,
298,,,,
299,,,,
300,,,,
301,,,,
302,,,,
303,,,,
304,,,,
305,,,,
306,,,,
307,,,,
308,,,,
309,,,,
310,,,,
311,,,,
312,,,,
313,,,,
314,,,,
315,,,,
