,A,C,G,T
0,,,,
1,,,,
2,0.0,0.0,0.0,1.0
3,1.0,0.0,0.0,0.0
4,,,,
5,,,,
6,,,,
7,,,,
8,0.8333333333333334,0.0,0.0,0.16666666666666666
9,0.5,0.0,0.0,0.5
10,,,,
11,,,,
12,,,,
13,,,,
14,,,,
15,,,,
16,,,,
17,,,,
18,,,,
19,,,,
20,0.0,0.3333333333333333,0.6666666666666666,0.0
21,,,,
22,0.0,0.0,0.9230769230769231,0.07692307692307693
23,0.0,1.0,0.0,0.0
24,,,,
25,,,,
26,0.0,0.5,0.5,0.0
27,1.0,0.0,0.0,0.0
28,0.75,0.25,0.0,0.0
29,,,,
30,,,,
31,,,,
32,0.0,1.0,0.0,0.0
33,,,,
34,0.6666666666666666,0.0,0.0,0.3333333333333333
35,,,,
36,0.0,0.5,0.16666666666666666,0.3333333333333333
37,0.6,0.0,0.4,0.0
38,,,,
39,0.0,1.0,0.0,0.0
40,0.5,0.0,0.0,0.5
41,0.0,0.0,1.0,0.0
42,0.0,0.0,1.0,0.0
43,,,,
44,,,,
45,,,,
46,,,,
47,,,,
48,0.0,0.0,1.0,0.0
49,,,,
50,,,,
51,,,,
52,,,,
53,0.4,0.0,0.6,0.0
54,,,,
55,0.0,1.0,0.0,0.0
56,,,,
57,,,,
58,1.0,0.0,0.0,0.0
59,0.0,0.0,1.0,0.0
60,0.0,1.0,0.0,0.0
61,,,,
62,0.0,0.0,0.0,1.0
63,,,,
64,,,,
65,,,,
66,1.0,0.0,0.0,0.0
67,0.5,0.0,0.0,0.5
68,0.0,0.25,0.25,0.5
69,,,,
70,0.0,0.0,0.2857142857142857,0.7142857142857143
71,0.0,0.0,0.42857142857142855,0.5714285714285714
72,1.0,0.0,0.0,0.0
73,,,,
74,0.5,0.16666666666666666,0.3333333333333333,0.0
75,,,,
76,,,,
77,0.0,0.0,0.3333333333333333,0.6666666666666666
78,0.0,1.0,0.0,0.0
79,1.0,0.0,0.0,0.0
80,0.5,0.0,0.0,0.5
81,0.0,0.0,0.6666666666666666,0.3333333333333333
82,0.6666666666666666,0.0,0.3333333333333333,0.0
83,0.5,0.0,0.5,0.0
84,0.75,0.25,0.0,0.0
85,0.0,0.0,0.0,1.0
86,,,,
87,0.0,0.75,0.0,0.25
88,0.3333333333333333,0.16666666666666666,0.0,0.5
89,0.0,0.5,0.5,0.0
90,0.0,0.5555555555555556,0.2222222222222222,0.2222222222222222
91,0.0,0.2,0.0,0.8
92,0.0,0.0,0.0,1.0
93,1.0,0.0,0.0,0.0
94,0.7142857142857143,0.0,0.0,0.2857142857142857
95,1.0,0.0,0.0,0.0
96,,,,
97,1.0,0.0,0.0,0.0
98,0.0,1.0,0.0,0.0
99,0.0,1.0,0.0,0.0
100,,,,
101,1.0,0.0,0.0,0.0
102,,,,
103,0.625,0.375,0.0,0.0
104,0.0,0.0,0.0,1.0
105,,,,
106,,,,
107,,,,
108,,,,
109,,,,
110,,,,
111,,,,
112,,,,
113,0.0,0.0,0.0,1.0
114,,,,
115,0.0,0.0,0.0,1.0
116,,,,
117,0.3333333333333333,0.6666666666666666,0.0,0.0
118,,,,
119,0.2,0.2,0.6,0.0
120,,,,
121,1.0,0.0,0.0,0.0
122,0.0,0.6666666666666666,0.0,0.3333333333333333
123,,,,
124,,,,
125,1.0,0.0,0.0,0.0
126,,,,
127,,,,
128,,,,
129,,,,
130,,,,
131,1.0,0.0,0.0,0.0
132,,,,
133,0.0,0.0,1.0,0.0
134,0.0,0.0,0.0,1.0
135,0.0,1.0,0.0,0.0
136,,,,
137,1.0,0.0,0.0,0.0
138,,,,
139,,,,
140,,,,
141,0.6,0.4,0.0,0.0
142,,,,
143,,,,
144,,,,
145,,,,
146,0.25,0.0,0.25,0.5
147,0.0,1.0,0.0,0.0
148,0.5,0.0,0.0,0.5
149,0.5,0.5,0.0,0.0
150,0.0,0.6666666666666666,0.3333333333333333,0.0
151,0.0,0.0,1.0,0.0
152,,,,
153,0.0,0.0,0.0,1.0
154,0.0,0.6,0.2,0.2
155,0.0,0.0,0.6666666666666666,0.3333333333333333
156,0.0,1.0,0.0,0.0
157,0.0,1.0,0.0,0.0
158,0.0,0.0,0.5,0.5
159,0.0,0.0,1.0,0.0
160,0.0,0.0,0.5,0.5
161,0.0,0.25,0.625,0.125
162,0.42857142857142855,0.14285714285714285,0.0,0.42857142857142855
163,0.0,0.0,0.5,0.5
164,,,,
165,0.0,0.23076923076923078,0.6923076923076923,0.07692307692307693
166,,,,
167,0.16666666666666666,0.3333333333333333,0.5,0.0
168,0.75,0.25,0.0,0.0
169,0.4,0.6,0.0,0.0
170,0.0,1.0,0.0,0.0
171,0.0,0.0,0.0,1.0
172,0.75,0.25,0.0,0.0
173,0.25,0.0,0.0,0.75
174,0.0,0.0,1.0,0.0
175,0.0,0.0,0.0,1.0
176,0.0,1.0,0.0,0.0
177,0.0,0.0,1.0,0.0
178,1.0,0.0,0.0,0.0
179,0.0,0.0,1.0,0.0
180,0.0,1.0,0.0,0.0
181,0.0,1.0,0.0,0.0
182,0.75,0.0,0.25,0.0
183,,,,
184,0.0,1.0,0.0,0.0
185,0.0,0.0,0.0,1.0
186,,,,
187,1.0,0.0,0.0,0.0
188,0.0,1.0,0.0,0.0
189,,,,
190,0.0,0.0,0.0,1.0
191,0.0,0.0,1.0,0.0
192,0.0,0.0,0.0,1.0
193,,,,
194,0.0,1.0,0.0,0.0
195,1.0,0.0,0.0,0.0
196,,,,
197,0.5,0.5,0.0,0.0
198,0.0,1.0,0.0,0.0
199,0.0,0.0,1.0,0.0
200,0.0,0.0,1.0,0.0
201,,,,
202,0.6666666666666666,0.3333333333333333,0.0,0.0
203,0.6666666666666666,0.0,0.3333333333333333,0.0
204,,,,
205,,,,
206,0.0,0.0,1.0,0.0
207,,,,
208,,,,
209,,,,
210,0.0,0.0,0.0,1.0
211,0.0,0.0,0.0,1.0
212,,,,
213,,,,
214,,,,
215,0.16666666666666666,0.0,0.16666666666666666,0.6666666666666666
216,,,,
217,0.0,0.0,0.0,1.0
218,0.0,0.2,0.6,0.2
219,,,,
220,,,,
221,0.0,0.0,1.0,0.0
222,,,,
223,,,,
224,,,,
225,,,,
226,,,,
227,0.0,1.0,0.0,0.0
228,,,,
229,,,,
230,0.0,1.0,0.0,0.0
231,0.0,0.0,1.0,0.0
232,0.0,0.0,1.0,0.0
233,0.0,0.0,1.0,0.0
234,0.0,0.5,0.5,0.0
235,0.0,1.0,0.0,0.0
236,0.5,0.0,0.0,0.5
237,0.0,0.0,0.0,1.0
238,0.0,0.0,0.0,1.0
239,0.8,0.2,0.0,0.0
240,0.0,0.0,1.0,0.0
241,,,,
242,0.25,0.375,0.0,0.375
243,,,,
244,0.0,0.5,0.0,0.5
245,0.0,0.5,0.5,0.0
246,,,,
247,,,,
248,0.0,1.0,0.0,0.0
249,0.0,0.0,1.0,0.0
250,,,,
251,0.0,0.75,0.25,0.0
252,0.0,1.0,0.0,0.0
253,,,,
254,,,,
255,,,,
256,0.9230769230769231,0.0,0.07692307692307693,0.0
257,0.0,0.0,0.0,1.0
258,0.0,0.0,1.0,0.0
259,0.8,0.2,0.0,0.0
260,0.3333333333333333,0.0,0.0,0.6666666666666666
261,,,,
262,,,,
263,,,,
264,,,,
265,0.0,0.0,1.0,0.0
266,,,,
267,0.0,0.5,0.5,0.0
268,0.0,0.0,0.0,1.0
269,0.0,0.0,0.0,1.0
270,,,,
271,,,,
272,1.0,0.0,0.0,0.0
273,,,,
274,0.0,0.0,0.0,1.0
275,,,,
276,,,,
277,,,,
278,1.0,0.0,0.0,0.0
279,,,,
280,0.0,0.0,1.0,0.0
281,,,,
282,0.5,0.0,0.0,0.5
283,,,,
284,0.18181818181818182,0.2727272727272727,0.0,0.5454545454545454
285,,,,
286,0.0,0.0,0.0,1.0
287,0.0,1.0,0.0,0.0
288,,,,
289,0.0,0.0,0.0,1.0
290,0.0,0.0,0.0,1.0
291,,,,
292,,,,
293,0.0,1.0,0.0,0.0
294,0.0,0.0,1.0,0.0
295,,,,
296,,,,
297,0.0,0.0,0.6666666666666666,0.3333333333333333
298,1.0,0.0,0.0,0.0
299,,,,
300,,,,
301,,,,
302,1.0,0.0,0.0,0.0
303,,,,
304,1.0,0.0,0.0,0.0
305,,,,
306,,,,
307,,,,
308,,,,
309,,,,
310,,,,
311,,,,
312,,,,
313,,,,
314,,,,
315,,,,
316,,,,
317,,,,
318,,,,
319,,,,
320,,,,
321,,,,
