,A,C,G,T
0,,,,
1,,,,
2,,,,
3,,,,
4,1.0,0.0,0.0,0.0
5,,,,
6,,,,
7,,,,
8,1.0,0.0,0.0,0.0
9,,,,
10,,,,
11,,,,
12,,,,
13,,,,
14,,,,
15,,,,
16,,,,
17,,,,
18,,,,
19,,,,
20,0.0,1.0,0.0,0.0
21,,,,
22,,,,
23,,,,
24,,,,
25,,,,
26,,,,
27,,,,
28,,,,
29,,,,
30,,,,
31,,,,
32,,,,
33,,,,
34,,,,
35,0.0,0.0,0.0,1.0
36,,,,
37,,,,
38,,,,
39,1.0,0.0,0.0,0.0
40,,,,
41,,,,
42,,,,
43,,,,
44,0.0,0.0,1.0,0.0
45,0.0,0.0,0.0,1.0
46,,,,
47,,,,
48,,,,
49,,,,
50,1.0,0.0,0.0,0.0
51,,,,
52,,,,
53,,,,
54,,,,
55,,,,
56,0.0,0.0,1.0,0.0
57,,,,
58,,,,
59,,,,
60,,,,
61,1.0,0.0,0.0,0.0
62,,,,
63,,,,
64,,,,
65,,,,
66,,,,
67,0.0,0.0,0.0,1.0
68,0.0,0.0,1.0,0.0
69,,,,
70,,,,
71,,,,
72,0.0,1.0,0.0,0.0
73,1.0,0.0,0.0,0.0
74,,,,
75,,,,
76,0.0,1.0,0.0,0.0
77,,,,
78,,,,
79,,,,
80,,,,
81,0.0,1.0,0.0,0.0
82,0.0,0.0,1.0,0.0
83,,,,
84,,,,
85,,,,
86,,,,
87,,,,
88,,,,
89,0.0,1.0,0.0,0.0
90,,,,
91,0.3333333333333333,0.0,0.0,0.6666666666666666
92,,,,
93,,,,
94,0.0,0.0,0.0,1.0
95,,,,
96,,,,
97,0.0,1.0,0.0,0.0
98,1.0,0.0,0.0,0.0
99,,,,
100,,,,
101,,,,
102,,,,
103,,,,
104,0.0,0.0,0.0,1.0
105,,,,
106,,,,
107,,,,
108,,,,
109,,,,
110,,,,
111,,,,
112,,,,
113,,,,
114,,,,
115,,,,
116,,,,
117,0.0,0.0,1.0,0.0
118,0.0,0.0,0.0,1.0
119,,,,
120,,,,
121,1.0,0.0,0.0,0.0
122,,,,
123,,,,
124,,,,
125,,,,
126,,,,
127,,,,
128,,,,
129,,,,
130,,,,
131,1.0,0.0,0.0,0.0
132,,,,
133,,,,
134,,,,
135,0.0,0.0,0.0,1.0
136,1.0,0.0,0.0,0.0
137,1.0,0.0,0.0,0.0
138,,,,
139,,,,
140,0.0,0.0,1.0,0.0
141,,,,
142,,,,
143,,,,
144,,,,
145,,,,
146,0.0,0.0,1.0,0.0
147,,,,
148,,,,
149,0.0,0.0,1.0,0.0
150,,,,
151,,,,
152,0.0,1.0,0.0,0.0
153,0.0,0.0,1.0,0.0
154,0.0,0.3333333333333333,0.6666666666666666,0.0
155,,,,
156,0.0,0.6666666666666666,0.3333333333333333,0.0
157,0.3333333333333333,0.0,0.0,0.6666666666666666
158,,,,
159,,,,
160,,,,
161,,,,
162,,,,
163,1.0,0.0,0.0,0.0
164,1.0,0.0,0.0,0.0
165,,,,
166,,,,
167,0.0,0.0,1.0,0.0
168,0.0,0.0,1.0,0.0
169,1.0,0.0,0.0,0.0
170,,,,
171,,,,
172,1.0,0.0,0.0,0.0
173,,,,
174,0.0,0.0,0.0,1.0
175,0.6666666666666666,0.0,0.0,0.3333333333333333
176,0.0,0.0,1.0,0.0
177,,,,
178,0.0,1.0,0.0,0.0
179,,,,
180,,,,
181,,,,
182,0.0,0.0,1.0,0.0
183,,,,
184,,,,
185,,,,
186,,,,
187,0.0,0.0,0.0,1.0
188,,,,
189,0.0,0.0,1.0,0.0
190,,,,
191,,,,
192,,,,
193,,,,
194,,,,
195,,,,
196,,,,
197,,,,
198,,,,
199,0.0,0.0,1.0,0.0
200,,,,
201,,,,
202,,,,
203,,,,
204,0.0,0.0,1.0,0.0
205,,,,
206,,,,
207,0.0,0.0,1.0,0.0
208,,,,
209,,,,
210,,,,
211,,,,
212,,,,
213,,,,
214,,,,
215,,,,
216,,,,
217,,,,
218,,,,
219,0.0,0.0,0.0,1.0
220,,,,
221,0.0,1.0,0.0,0.0
222,0.0,0.0,0.0,1.0
223,,,,
224,0.0,1.0,0.0,0.0
225,0.0,1.0,0.0,0.0
226,,,,
227,,,,
228,,,,
229,,,,
230,,,,
231,,,,
232,,,,
233,1.0,0.0,0.0,0.0
234,,,,
235,,,,
236,,,,
237,,,,
238,,,,
239,,,,
240,0.0,0.0,0.0,1.0
241,,,,
242,1.0,0.0,0.0,0.0
243,,,,
244,,,,
245,,,,
246,,,,
247,,,,
248,,,,
249,,,,
250,,,,
251,0.0,0.0,0.0,1.0
252,,,,
253,1.0,0.0,0.0,0.0
254,,,,
255,,,,
256,,,,
257,0.0,0.0,0.0,1.0
258,0.0,0.0,1.0,0.0
259,,,,
260,,,,
261,,,,
262,0.0,0.0,0.0,1.0
263,0.0,1.0,0.0,0.0
264,,,,
265,,,,
266,1.0,0.0,0.0,0.0
267,,,,
268,,,,
269,,,,
270,,,,
271,0.0,1.0,0.0,0.0
272,,,,
273,,,,
274,,,,
275,,,,
276,0.6666666666666666,0.0,0.0,0.3333333333333333
277,,,,
278,1.0,0.0,0.0,0.0
279,,,,
280,,,,
281,,,,
282,,,,
283,,,,
284,,,,
285,,,,
286,,,,
287,,,,
288,0.0,0.0,1.0,0.0
289,,,,
290,1.0,0.0,0.0,0.0
291,,,,
292,,,,
293,,,,
294,,,,
295,,,,
296,,,,
297,,,,
298,,,,
299,,,,
300,,,,
301,,,,
302,,,,
303,,,,
304,,,,
305,,,,
306,,,,
307,,,,
308,,,,
309,,,,
310,,,,
311,,,,
312,,,,
313,,,,
