,A,C,G,T
0,,,,
1,,,,
2,1.0,0.0,0.0,0.0
3,0.25,0.375,0.0,0.375
4,,,,
5,1.0,0.0,0.0,0.0
6,,,,
7,0.0,0.0,1.0,0.0
8,1.0,0.0,0.0,0.0
9,0.0,0.0,0.0,1.0
10,,,,
11,0.8333333333333334,0.0,0.0,0.16666666666666666
12,,,,
13,0.0,0.0,1.0,0.0
14,0.92,0.08,0.0,0.0
15,0.0,1.0,0.0,0.0
16,,,,
17,0.0,0.0,0.0,1.0
18,,,,
19,0.0,0.0,1.0,0.0
20,0.0,1.0,0.0,0.0
21,0.0,0.0,0.0,1.0
22,,,,
23,0.0,0.0,1.0,0.0
24,0.0,0.0,1.0,0.0
25,,,,
26,0.0,0.5,0.0,0.5
27,1.0,0.0,0.0,0.0
28,,,,
29,0.0,0.0,1.0,0.0
30,0.0,0.0,0.75,0.25
31,,,,
32,0.0,1.0,0.0,0.0
33,0.5,0.25,0.0,0.25
34,0.0,0.5,0.5,0.0
35,0.6666666666666666,0.0,0.0,0.3333333333333333
36,,,,
37,0.0,0.0,1.0,0.0
38,0.5,0.5,0.0,0.0
39,0.3333333333333333,0.0,0.3333333333333333,0.3333333333333333
40,,,,
41,0.25,0.75,0.0,0.0
42,0.0,1.0,0.0,0.0
43,0.0,0.0,0.0,1.0
44,1.0,0.0,0.0,0.0
45,,,,
46,0.0,0.0,1.0,0.0
47,0.0,1.0,0.0,0.0
48,0.0,0.0,0.3333333333333333,0.6666666666666666
49,,,,
50,1.0,0.0,0.0,0.0
51,,,,
52,,,,
53,,,,
54,,,,
55,,,,
56,0.0,0.0,0.0,1.0
57,,,,
58,,,,
59,0.0,0.0,1.0,0.0
60,0.0,0.25,0.0,0.75
61,0.0,0.0,0.5,0.5
62,0.3333333333333333,0.0,0.3333333333333333,0.3333333333333333
63,,,,
64,,,,
65,0.0,0.0,0.0,1.0
66,0.8695652173913043,0.0,0.0,0.13043478260869565
67,0.0,0.7419354838709677,0.25806451612903225,0.0
68,0.0,1.0,0.0,0.0
69,,,,
70,0.0,0.0,1.0,0.0
71,0.0,0.0,1.0,0.0
72,0.6666666666666666,0.3333333333333333,0.0,0.0
73,0.5,0.0,0.0,0.5
74,0.3333333333333333,0.6666666666666666,0.0,0.0
75,0.5,0.0,0.0,0.5
76,0.5,0.25,0.0,0.25
77,0.75,0.0,0.25,0.0
78,1.0,0.0,0.0,0.0
79,0.8571428571428571,0.08571428571428572,0.0,0.05714285714285714
80,0.125,0.0,0.375,0.5
81,1.0,0.0,0.0,0.0
82,0.0,0.0,0.3333333333333333,0.6666666666666666
83,0.08333333333333333,0.0,0.25,0.6666666666666666
84,0.0,0.16666666666666666,0.7777777777777778,0.05555555555555555
85,0.0,1.0,0.0,0.0
86,0.06666666666666667,0.0,0.13333333333333333,0.8
87,0.0,0.16666666666666666,0.1111111111111111,0.7222222222222222
88,0.2,0.1,0.0,0.7
89,0.08333333333333333,0.0,0.3333333333333333,0.5833333333333334
90,0.0,0.0,1.0,0.0
91,0.9318181818181818,0.06818181818181818,0.0,0.0
92,0.25,0.5,0.25,0.0
93,0.0,0.8085106382978723,0.14893617021276595,0.0425531914893617
94,0.21428571428571427,0.6904761904761905,0.0,0.09523809523809523
95,0.0,0.6666666666666666,0.3333333333333333,0.0
96,0.0,0.0,0.16666666666666666,0.8333333333333334
97,0.0,0.3076923076923077,0.0,0.6923076923076923
98,0.0,0.0,0.0,1.0
99,0.0,1.0,0.0,0.0
100,0.6,0.1,0.0,0.3
101,0.0,0.9166666666666666,0.0,0.08333333333333333
102,1.0,0.0,0.0,0.0
103,,,,
104,0.0,0.9285714285714286,0.0,0.07142857142857142
105,0.0,0.6666666666666666,0.2857142857142857,0.047619047619047616
106,0.53125,0.4375,0.0,0.03125
107,0.6190476190476191,0.0,0.0,0.38095238095238093
108,,,,
109,,,,
110,,,,
111,0.8571428571428571,0.0,0.0,0.14285714285714285
112,0.0,1.0,0.0,0.0
113,0.0,0.0,0.0,1.0
114,0.5,0.0,0.5,0.0
115,1.0,0.0,0.0,0.0
116,0.2,0.0,0.6,0.2
117,1.0,0.0,0.0,0.0
118,0.0,0.0,1.0,0.0
119,0.5,0.0,0.0,0.5
120,0.05555555555555555,0.0,0.2777777777777778,0.6666666666666666
121,0.0,0.0,0.5,0.5
122,0.0,0.0,0.0,1.0
123,0.5,0.0,0.0,0.5
124,1.0,0.0,0.0,0.0
125,0.0,0.5,0.3333333333333333,0.16666666666666666
126,0.3333333333333333,0.6666666666666666,0.0,0.0
127,,,,
128,0.5714285714285714,0.2857142857142857,0.0,0.14285714285714285
129,,,,
130,0.0,0.25,0.75,0.0
131,1.0,0.0,0.0,0.0
132,0.0,1.0,0.0,0.0
133,0.07142857142857142,0.9285714285714286,0.0,0.0
134,0.48148148148148145,0.48148148148148145,0.0,0.037037037037037035
135,0.4,0.0,0.2,0.4
136,,,,
137,1.0,0.0,0.0,0.0
138,0.5,0.5,0.0,0.0
139,0.0,1.0,0.0,0.0
140,0.6,0.2,0.0,0.2
141,,,,
142,,,,
143,0.0,1.0,0.0,0.0
144,0.0,0.3,0.65,0.05
145,,,,
146,0.5,0.5,0.0,0.0
147,0.0,0.0,0.0,1.0
148,0.5,0.5,0.0,0.0
149,0.631578947368421,0.21052631578947367,0.0,0.15789473684210525
150,0.3888888888888889,0.2222222222222222,0.0,0.3888888888888889
151,0.0,0.0,0.0,1.0
152,0.0,0.2,0.15,0.65
153,0.0,0.037037037037037035,0.8518518518518519,0.1111111111111111
154,0.0,0.5,0.5,0.0
155,1.0,0.0,0.0,0.0
156,0.0,0.42857142857142855,0.5714285714285714,0.0
157,0.0,0.7419354838709677,0.22580645161290322,0.03225806451612903
158,0.0,1.0,0.0,0.0
159,0.057692307692307696,0.0,0.8846153846153846,0.057692307692307696
160,0.0,0.6190476190476191,0.2857142857142857,0.09523809523809523
161,0.21739130434782608,0.7391304347826086,0.043478260869565216,0.0
162,0.0,0.0,1.0,0.0
163,0.7727272727272727,0.22727272727272727,0.0,0.0
164,0.5,0.3333333333333333,0.16666666666666666,0.0
165,0.25,0.75,0.0,0.0
166,0.0,0.6666666666666666,0.0,0.3333333333333333
167,0.2,0.1,0.0,0.7
168,0.0,0.13043478260869565,0.8695652173913043,0.0
169,0.125,0.20833333333333334,0.0,0.6666666666666666
170,0.4444444444444444,0.0,0.1111111111111111,0.4444444444444444
171,0.9375,0.0,0.0625,0.0
172,0.0,0.0,0.5,0.5
173,0.2,0.0,0.0,0.8
174,0.0,0.4444444444444444,0.1111111111111111,0.4444444444444444
175,0.0,0.8,0.2,0.0
176,0.0,0.0,0.5714285714285714,0.42857142857142855
177,0.3333333333333333,0.3333333333333333,0.3333333333333333,0.0
178,0.0,0.75,0.0,0.25
179,0.16666666666666666,0.0,0.16666666666666666,0.6666666666666666
180,0.0,0.7142857142857143,0.0,0.2857142857142857
181,0.0,0.038461538461538464,0.8461538461538461,0.11538461538461539
182,0.043478260869565216,0.0,0.08695652173913043,0.8695652173913043
183,0.0,0.0,0.5,0.5
184,1.0,0.0,0.0,0.0
185,0.0,0.0,1.0,0.0
186,0.0,1.0,0.0,0.0
187,0.5,0.0,0.5,0.0
188,0.0,0.0,1.0,0.0
189,0.0,0.0,0.0,1.0
190,0.0,0.0,1.0,0.0
191,0.0,0.0,0.875,0.125
192,0.0,0.14285714285714285,0.7142857142857143,0.14285714285714285
193,0.0,0.4,0.5,0.1
194,1.0,0.0,0.0,0.0
195,0.0,0.16666666666666666,0.8333333333333334,0.0
196,0.9333333333333333,0.06666666666666667,0.0,0.0
197,0.5,0.0,0.5,0.0
198,0.0,0.0,1.0,0.0
199,1.0,0.0,0.0,0.0
200,0.0,0.0,1.0,0.0
201,0.4,0.6,0.0,0.0
202,0.0,0.0,1.0,0.0
203,0.0,0.0,1.0,0.0
204,0.0,0.0,0.75,0.25
205,0.0,0.0,0.6666666666666666,0.3333333333333333
206,0.2,0.0,0.2,0.6
207,0.0,0.07407407407407407,0.037037037037037035,0.8888888888888888
208,0.0,1.0,0.0,0.0
209,0.0,0.18181818181818182,0.06060606060606061,0.7575757575757576
210,0.0,1.0,0.0,0.0
211,0.0,0.0,0.0,1.0
212,0.0,0.8064516129032258,0.12903225806451613,0.06451612903225806
213,0.38235294117647056,0.5294117647058824,0.0,0.08823529411764706
214,0.6666666666666666,0.08333333333333333,0.25,0.0
215,0.0,0.0,0.9090909090909091,0.09090909090909091
216,,,,
217,0.0,0.5,0.0,0.5
218,,,,
219,0.0,1.0,0.0,0.0
220,0.0,0.88,0.12,0.0
221,0.3333333333333333,0.6666666666666666,0.0,0.0
222,0.0,0.0,1.0,0.0
223,0.0,0.0,0.0,1.0
224,0.0,0.0,1.0,0.0
225,0.0,1.0,0.0,0.0
226,0.0,0.0,0.75,0.25
227,0.037037037037037035,0.9629629629629629,0.0,0.0
228,0.0,0.5,0.5,0.0
229,0.0,0.8888888888888888,0.1111111111111111,0.0
230,0.1,0.0,0.5,0.4
231,0.0,0.0,0.5,0.5
232,0.0,0.0,1.0,0.0
233,0.90625,0.09375,0.0,0.0
234,0.16666666666666666,0.3333333333333333,0.5,0.0
235,0.0,0.0,1.0,0.0
236,0.2,0.0,0.4,0.4
237,,,,
238,0.7368421052631579,0.0,0.0,0.2631578947368421
239,0.038461538461538464,0.0,0.8846153846153846,0.07692307692307693
240,0.0,0.0,0.0,1.0
241,,,,
242,0.0,1.0,0.0,0.0
243,0.0,0.6,0.4,0.0
244,0.0,0.14,0.84,0.02
245,0.15,0.825,0.0,0.025
246,0.0,0.0,0.5,0.5
247,,,,
248,0.25,0.75,0.0,0.0
249,0.0,0.2857142857142857,0.42857142857142855,0.2857142857142857
250,0.10909090909090909,0.8909090909090909,0.0,0.0
251,0.75,0.0,0.0625,0.1875
252,0.0,0.0,1.0,0.0
253,0.0,0.0,0.0,1.0
254,0.3333333333333333,0.6666666666666666,0.0,0.0
255,0.3333333333333333,0.6666666666666666,0.0,0.0
256,0.0,1.0,0.0,0.0
257,0.0,0.0,0.0,1.0
258,0.0,0.5,0.5,0.0
259,,,,
260,0.06666666666666667,0.0,0.0,0.9333333333333333
261,,,,
262,0.0,0.0,0.0,1.0
263,0.0,0.0,0.4,0.6
264,0.3333333333333333,0.6666666666666666,0.0,0.0
265,0.0,0.0,0.0,1.0
266,0.75,0.0,0.0,0.25
267,,,,
268,0.0,0.0,1.0,0.0
269,0.0,0.0,0.0,1.0
270,0.0,0.0,0.8235294117647058,0.17647058823529413
271,0.0,0.0,0.0,1.0
272,0.0,1.0,0.0,0.0
273,,,,
274,,,,
275,0.0,0.0,0.0,1.0
276,0.6666666666666666,0.2222222222222222,0.0,0.1111111111111111
277,0.0,1.0,0.0,0.0
278,0.2413793103448276,0.3103448275862069,0.0,0.4482758620689655
279,,,,
280,,,,
281,0.0,1.0,0.0,0.0
282,,,,
283,0.0,0.0,0.0,1.0
284,0.0,0.0,0.0,1.0
285,,,,
286,,,,
287,0.0,0.0,1.0,0.0
288,1.0,0.0,0.0,0.0
289,0.0,0.0,0.2,0.8
290,0.6666666666666666,0.0,0.0,0.3333333333333333
291,0.0,1.0,0.0,0.0
292,1.0,0.0,0.0,0.0
293,,,,
294,0.0,1.0,0.0,0.0
295,0.0,0.0,1.0,0.0
296,,,,
297,,,,
298,,,,
299,,,,
300,0.0,1.0,0.0,0.0
301,,,,
302,,,,
303,0.0,0.0,1.0,0.0
304,,,,
305,,,,
306,,,,
307,,,,
308,,,,
309,,,,
310,,,,
311,,,,
312,,,,
313,,,,
314,,,,
315,,,,
