,A,C,G,T
0,,,,
1,,,,
2,,,,
3,,,,
4,,,,
5,,,,
6,0.0,0.0,0.0,1.0
7,,,,
8,,,,
9,0.0,0.0,1.0,0.0
10,,,,
11,,,,
12,0.0,0.0,1.0,0.0
13,0.0,0.0,1.0,0.0
14,0.0,0.0,0.0,1.0
15,0.0,0.9523809523809523,0.0,0.047619047619047616
16,,,,
17,,,,
18,,,,
19,,,,
20,0.0,1.0,0.0,0.0
21,0.0,0.0,0.0,1.0
22,,,,
23,0.0,1.0,0.0,0.0
24,,,,
25,,,,
26,0.0,1.0,0.0,0.0
27,0.0,0.0,0.0,1.0
28,,,,
29,1.0,0.0,0.0,0.0
30,0.0,0.0,0.8571428571428571,0.14285714285714285
31,,,,
32,1.0,0.0,0.0,0.0
33,,,,
34,,,,
35,1.0,0.0,0.0,0.0
36,,,,
37,0.0,1.0,0.0,0.0
38,0.0,0.0,1.0,0.0
39,0.0,0.0,0.0,1.0
40,,,,
41,0.0,0.0,1.0,0.0
42,0.0,0.5,0.5,0.0
43,1.0,0.0,0.0,0.0
44,0.0,0.0,1.0,0.0
45,0.0,1.0,0.0,0.0
46,,,,
47,1.0,0.0,0.0,0.0
48,0.0,0.0,0.0,1.0
49,,,,
50,,,,
51,,,,
52,,,,
53,,,,
54,0.0,1.0,0.0,0.0
55,,,,
56,0.9583333333333334,0.0,0.0,0.041666666666666664
57,,,,
58,,,,
59,1.0,0.0,0.0,0.0
60,,,,
61,,,,
62,,,,
63,,,,
64,,,,
65,0.0,0.0,0.0,1.0
66,0.0,0.0,0.06666666666666667,0.9333333333333333
67,0.4,0.0,0.0,0.6
68,0.0,0.0,0.5,0.5
69,,,,
70,,,,
71,,,,
72,,,,
73,,,,
74,0.0,1.0,0.0,0.0
75,,,,
76,,,,
77,0.9736842105263158,0.02631578947368421,0.0,0.0
78,0.0,1.0,0.0,0.0
79,,,,
80,0.0,0.0,1.0,0.0
81,0.0,1.0,0.0,0.0
82,0.0,0.0,1.0,0.0
83,0.0,0.0,1.0,0.0
84,0.13333333333333333,0.0,0.6666666666666666,0.2
85,,,,
86,0.25,0.0,0.25,0.5
87,0.0,0.5,0.5,0.0
88,0.058823529411764705,0.8823529411764706,0.0,0.058823529411764705
89,0.6666666666666666,0.0,0.0,0.3333333333333333
90,0.0,0.0,0.14285714285714285,0.8571428571428571
91,0.0,0.3333333333333333,0.6666666666666666,0.0
92,0.0,0.75,0.25,0.0
93,0.3829787234042553,0.48936170212765956,0.0,0.1276595744680851
94,0.07407407407407407,0.0,0.48148148148148145,0.4444444444444444
95,0.0,0.3333333333333333,0.6666666666666666,0.0
96,0.0,0.0,1.0,0.0
97,0.6666666666666666,0.3333333333333333,0.0,0.0
98,0.0,0.5,0.5,0.0
99,0.0,0.11764705882352941,0.7647058823529411,0.11764705882352941
100,,,,
101,0.0,0.0,0.0,1.0
102,,,,
103,0.0,0.9230769230769231,0.0,0.07692307692307693
104,0.0,1.0,0.0,0.0
105,,,,
106,,,,
107,0.0,0.8333333333333334,0.0,0.16666666666666666
108,0.0,0.0,1.0,0.0
109,0.0,0.9583333333333334,0.0,0.041666666666666664
110,0.0,0.0,0.0,1.0
111,,,,
112,0.0,1.0,0.0,0.0
113,,,,
114,0.0,0.0,1.0,0.0
115,,,,
116,0.0,0.0,0.0,1.0
117,,,,
118,,,,
119,,,,
120,,,,
121,0.0,1.0,0.0,0.0
122,,,,
123,0.0,0.0,0.0,1.0
124,1.0,0.0,0.0,0.0
125,0.0,0.0,0.0,1.0
126,,,,
127,1.0,0.0,0.0,0.0
128,0.0,1.0,0.0,0.0
129,,,,
130,0.5,0.5,0.0,0.0
131,0.6666666666666666,0.3333333333333333,0.0,0.0
132,,,,
133,,,,
134,,,,
135,0.0,0.5,0.0,0.5
136,,,,
137,,,,
138,,,,
139,0.0,1.0,0.0,0.0
140,1.0,0.0,0.0,0.0
141,0.0,1.0,0.0,0.0
142,,,,
143,1.0,0.0,0.0,0.0
144,0.0,0.0,1.0,0.0
145,0.0,0.0,0.0,1.0
146,,,,
147,1.0,0.0,0.0,0.0
148,,,,
149,0.0,0.0,1.0,0.0
150,,,,
151,,,,
152,0.0,0.0,1.0,0.0
153,0.0,0.0,0.9523809523809523,0.047619047619047616
154,0.0,1.0,0.0,0.0
155,,,,
156,0.0,0.8571428571428571,0.14285714285714285,0.0
157,,,,
158,0.0,1.0,0.0,0.0
159,1.0,0.0,0.0,0.0
160,,,,
161,0.0,0.0,1.0,0.0
162,0.0,0.0,1.0,0.0
163,0.0,0.0,1.0,0.0
164,,,,
165,0.0,0.0,1.0,0.0
166,0.0,0.0,1.0,0.0
167,0.0,0.13043478260869565,0.8695652173913043,0.0
168,,,,
169,0.0,0.0,1.0,0.0
170,,,,
171,0.5,0.5,0.0,0.0
172,,,,
173,0.0,0.0,1.0,0.0
174,,,,
175,0.0,0.3333333333333333,0.6666666666666666,0.0
176,0.0,0.0,0.9629629629629629,0.037037037037037035
177,,,,
178,0.8333333333333334,0.0,0.0,0.16666666666666666
179,0.0,0.0,0.0,1.0
180,,,,
181,0.0,0.0,0.0,1.0
182,0.0,0.0,0.5,0.5
183,0.0,1.0,0.0,0.0
184,0.6666666666666666,0.3333333333333333,0.0,0.0
185,0.8,0.0,0.04,0.16
186,0.0,0.041666666666666664,0.08333333333333333,0.875
187,0.0,0.0,0.0,1.0
188,0.0,0.6774193548387096,0.0,0.3225806451612903
189,0.0,0.0,1.0,0.0
190,,,,
191,0.0,0.0,1.0,0.0
192,1.0,0.0,0.0,0.0
193,0.0,0.0,1.0,0.0
194,,,,
195,0.0,0.8,0.0,0.2
196,0.0,0.03125,0.96875,0.0
197,0.0,0.08333333333333333,0.0,0.9166666666666666
198,0.0,0.06451612903225806,0.8709677419354839,0.06451612903225806
199,0.5333333333333333,0.4,0.0,0.06666666666666667
200,0.0,0.0,0.0,1.0
201,0.0,1.0,0.0,0.0
202,1.0,0.0,0.0,0.0
203,1.0,0.0,0.0,0.0
204,0.6666666666666666,0.0,0.3333333333333333,0.0
205,,,,
206,,,,
207,0.0,0.0,0.5,0.5
208,1.0,0.0,0.0,0.0
209,0.0,0.0,0.0,1.0
210,0.0,0.0,1.0,0.0
211,0.0,0.0,1.0,0.0
212,,,,
213,0.3333333333333333,0.0,0.6666666666666666,0.0
214,0.0,0.0,0.0,1.0
215,0.0,0.0,0.0,1.0
216,0.0,0.0,0.0,1.0
217,0.0,0.09090909090909091,0.9090909090909091,0.0
218,,,,
219,,,,
220,0.0,1.0,0.0,0.0
221,0.0,0.0,0.0,1.0
222,0.0,0.0,0.047619047619047616,0.9523809523809523
223,0.4,0.0,0.4,0.2
224,0.0,0.0,0.75,0.25
225,0.0,0.3333333333333333,0.6666666666666666,0.0
226,1.0,0.0,0.0,0.0
227,0.5,0.0,0.5,0.0
228,0.0,0.8333333333333334,0.16666666666666666,0.0
229,0.0,0.0,1.0,0.0
230,0.0,0.047619047619047616,0.9523809523809523,0.0
231,,,,
232,1.0,0.0,0.0,0.0
233,0.0,0.0,0.18181818181818182,0.8181818181818182
234,0.0,0.0,1.0,0.0
235,0.0,0.0,0.0,1.0
236,0.0,1.0,0.0,0.0
237,0.5,0.0,0.0,0.5
238,0.0,1.0,0.0,0.0
239,0.0,0.047619047619047616,0.0,0.9523809523809523
240,1.0,0.0,0.0,0.0
241,,,,
242,,,,
243,,,,
244,,,,
245,0.15789473684210525,0.02631578947368421,0.8157894736842105,0.0
246,0.0,0.0,1.0,0.0
247,0.06666666666666667,0.0,0.13333333333333333,0.8
248,0.07142857142857142,0.0,0.7857142857142857,0.14285714285714285
249,0.0,0.2,0.13333333333333333,0.6666666666666666
250,1.0,0.0,0.0,0.0
251,,,,
252,0.0,0.3333333333333333,0.6666666666666666,0.0
253,0.045454545454545456,0.0,0.9545454545454546,0.0
254,0.9545454545454546,0.0,0.0,0.045454545454545456
255,0.0,0.0,1.0,0.0
256,0.0,0.75,0.25,0.0
257,0.08333333333333333,0.0,0.9166666666666666,0.0
258,0.0,0.0,0.8333333333333334,0.16666666666666666
259,,,,
260,,,,
261,0.0,0.0,0.0,1.0
262,0.0,0.0,0.0,1.0
263,0.0,0.0,0.0,1.0
264,,,,
265,,,,
266,0.09090909090909091,0.9090909090909091,0.0,0.0
267,0.2,0.6666666666666666,0.0,0.13333333333333333
268,0.22448979591836735,0.5306122448979592,0.24489795918367346,0.0
269,0.5,0.0,0.0,0.5
270,,,,
271,,,,
272,,,,
273,0.0,0.0,0.0,1.0
274,,,,
275,0.0,0.7777777777777778,0.2222222222222222,0.0
276,,,,
277,0.0,0.0,1.0,0.0
278,,,,
279,,,,
280,0.0,0.0,0.0,1.0
281,0.0,0.0,0.43902439024390244,0.5609756097560976
282,,,,
283,,,,
284,0.0,1.0,0.0,0.0
285,0.3333333333333333,0.0,0.6666666666666666,0.0
286,0.0,0.14285714285714285,0.0,0.8571428571428571
287,0.0,0.0,0.0,1.0
288,0.0,0.0,1.0,0.0
289,1.0,0.0,0.0,0.0
290,0.0,0.4,0.6,0.0
291,1.0,0.0,0.0,0.0
292,0.5,0.0,0.0,0.5
293,0.0,0.0,0.0,1.0
294,0.0,0.0,0.0,1.0
295,,,,
296,1.0,0.0,0.0,0.0
297,,,,
298,0.0,1.0,0.0,0.0
299,0.0,1.0,0.0,0.0
300,,,,
301,,,,
302,,,,
303,,,,
304,,,,
305,,,,
306,,,,
307,,,,
308,,,,
309,,,,
310,,,,
311,,,,
312,,,,
313,,,,
314,,,,
315,,,,
316,,,,
317,,,,
318,,,,
319,,,,
320,,,,
