,A,C,G,T
0,,,,
1,,,,
2,,,,
3,,,,
4,,,,
5,0.0,0.0,0.0,1.0
6,,,,
7,,,,
8,,,,
9,0.0,0.0,1.0,0.0
10,,,,
11,,,,
12,,,,
13,,,,
14,,,,
15,,,,
16,,,,
17,,,,
18,,,,
19,,,,
20,,,,
21,,,,
22,,,,
23,,,,
24,0.0,1.0,0.0,0.0
25,,,,
26,,,,
27,,,,
28,,,,
29,,,,
30,1.0,0.0,0.0,0.0
31,,,,
32,,,,
33,,,,
34,,,,
35,,,,
36,,,,
37,0.0,0.0,1.0,0.0
38,,,,
39,0.0,0.0,1.0,0.0
40,,,,
41,,,,
42,0.0,0.0,1.0,0.0
43,,,,
44,0.0,0.0,1.0,0.0
45,,,,
46,,,,
47,,,,
48,,,,
49,,,,
50,,,,
51,,,,
52,,,,
53,,,,
54,,,,
55,,,,
56,,,,
57,0.0,1.0,0.0,0.0
58,,,,
59,,,,
60,,,,
61,,,,
62,,,,
63,,,,
64,,,,
65,,,,
66,0.0,1.0,0.0,0.0
67,,,,
68,,,,
69,,,,
70,,,,
71,,,,
72,0.0,0.0,1.0,0.0
73,1.0,0.0,0.0,0.0
74,0.0,1.0,0.0,0.0
75,1.0,0.0,0.0,0.0
76,,,,
77,,,,
78,0.0,0.0,1.0,0.0
79,0.0,0.0,0.0,1.0
80,,,,
81,,,,
82,0.0,0.0,0.5,0.5
83,0.5,0.0,0.0,0.5
84,0.0,0.0,1.0,0.0
85,0.0,1.0,0.0,0.0
86,,,,
87,0.0,0.5,0.0,0.5
88,,,,
89,,,,
90,,,,
91,0.0,0.5,0.0,0.5
92,1.0,0.0,0.0,0.0
93,,,,
94,0.0,0.0,1.0,0.0
95,0.0,0.0,1.0,0.0
96,,,,
97,0.0,0.0,1.0,0.0
98,0.0,0.0,1.0,0.0
99,0.0,0.0,0.0,1.0
100,0.0,0.0,1.0,0.0
101,0.0,0.0,0.0,1.0
102,,,,
103,,,,
104,0.0,0.0,0.0,1.0
105,,,,
106,,,,
107,,,,
108,,,,
109,,,,
110,,,,
111,0.0,1.0,0.0,0.0
112,,,,
113,0.0,1.0,0.0,0.0
114,,,,
115,,,,
116,,,,
117,,,,
118,,,,
119,,,,
120,,,,
121,,,,
122,,,,
123,,,,
124,0.0,0.0,1.0,0.0
125,0.0,0.0,1.0,0.0
126,,,,
127,,,,
128,0.0,1.0,0.0,0.0
129,0.0,1.0,0.0,0.0
130,1.0,0.0,0.0,0.0
131,,,,
132,0.0,0.0,0.0,1.0
133,,,,
134,,,,
135,,,,
136,,,,
137,1.0,0.0,0.0,0.0
138,,,,
139,,,,
140,,,,
141,0.0,1.0,0.0,0.0
142,,,,
143,1.0,0.0,0.0,0.0
144,,,,
145,,,,
146,0.0,1.0,0.0,0.0
147,,,,
148,,,,
149,,,,
150,,,,
151,,,,
152,,,,
153,0.0,0.0,1.0,0.0
154,0.0,0.0,1.0,0.0
155,,,,
156,0.0,0.0,0.0,1.0
157,,,,
158,0.0,0.0,1.0,0.0
159,0.5,0.5,0.0,0.0
160,0.0,0.0,0.0,1.0
161,0.0,0.0,1.0,0.0
162,0.0,0.0,0.0,1.0
163,,,,
164,,,,
165,,,,
166,1.0,0.0,0.0,0.0
167,0.0,0.0,1.0,0.0
168,,,,
169,,,,
170,0.0,0.0,1.0,0.0
171,0.0,0.0,1.0,0.0
172,,,,
173,,,,
174,,,,
175,,,,
176,0.5,0.0,0.0,0.5
177,1.0,0.0,0.0,0.0
178,0.0,0.5,0.0,0.5
179,0.0,0.0,0.0,1.0
180,0.0,0.0,1.0,0.0
181,,,,
182,,,,
183,,,,
184,,,,
185,,,,
186,,,,
187,0.0,0.0,1.0,0.0
188,1.0,0.0,0.0,0.0
189,0.0,0.0,0.5,0.5
190,,,,
191,,,,
192,,,,
193,,,,
194,0.0,1.0,0.0,0.0
195,,,,
196,,,,
197,,,,
198,,,,
199,,,,
200,,,,
201,1.0,0.0,0.0,0.0
202,,,,
203,,,,
204,,,,
205,,,,
206,0.0,0.0,0.0,1.0
207,0.0,0.5,0.0,0.5
208,,,,
209,,,,
210,,,,
211,,,,
212,,,,
213,,,,
214,0.0,1.0,0.0,0.0
215,,,,
216,,,,
217,,,,
218,,,,
219,,,,
220,,,,
221,,,,
222,,,,
223,,,,
224,,,,
225,,,,
226,0.0,0.0,1.0,0.0
227,,,,
228,,,,
229,0.0,1.0,0.0,0.0
230,0.0,0.0,1.0,0.0
231,0.0,0.0,0.0,1.0
232,,,,
233,,,,
234,,,,
235,,,,
236,,,,
237,,,,
238,,,,
239,,,,
240,,,,
241,,,,
242,,,,
243,,,,
244,,,,
245,,,,
246,0.0,0.0,0.0,1.0
247,,,,
248,,,,
249,,,,
250,,,,
251,0.0,0.0,1.0,0.0
252,,,,
253,,,,
254,0.0,1.0,0.0,0.0
255,,,,
256,,,,
257,,,,
258,,,,
259,0.0,1.0,0.0,0.0
260,0.0,0.0,1.0,0.0
261,,,,
262,,,,
263,0.0,1.0,0.0,0.0
264,,,,
265,,,,
266,,,,
267,,,,
268,,,,
269,,,,
270,,,,
271,0.0,1.0,0.0,0.0
272,,,,
273,,,,
274,,,,
275,,,,
276,,,,
277,,,,
278,0.5,0.5,0.0,0.0
279,,,,
280,,,,
281,,,,
282,,,,
283,0.0,0.0,0.0,1.0
284,,,,
285,,,,
286,,,,
287,,,,
288,,,,
289,,,,
290,,,,
291,,,,
292,,,,
293,,,,
294,,,,
295,,,,
296,,,,
297,,,,
298,,,,
299,,,,
300,,,,
301,,,,
302,,,,
303,,,,
304,,,,
305,,,,
306,,,,
307,,,,
308,,,,
309,,,,
310,,,,
311,,,,
312,,,,
313,,,,
314,,,,
315,,,,
