,A,C,G,T
0,,,,
1,,,,
2,0.5,0.0,0.0,0.5
3,0.75,0.25,0.0,0.0
4,0.1724137931034483,0.27586206896551724,0.5517241379310345,0.0
5,0.5294117647058824,0.17647058823529413,0.0,0.29411764705882354
6,0.3333333333333333,0.0,0.6666666666666666,0.0
7,0.0,0.045454545454545456,0.8636363636363636,0.09090909090909091
8,0.6578947368421053,0.25,0.0,0.09210526315789473
9,0.2,0.0,0.25,0.55
10,0.5,0.0,0.5,0.0
11,0.35714285714285715,0.2857142857142857,0.0,0.35714285714285715
12,0.125,0.375,0.0,0.5
13,0.4,0.6,0.0,0.0
14,0.8571428571428571,0.0,0.0,0.14285714285714285
15,0.0,1.0,0.0,0.0
16,0.0,0.8333333333333334,0.0,0.16666666666666666
17,1.0,0.0,0.0,0.0
18,0.5,0.0,0.5,0.0
19,0.0,0.0,0.0,1.0
20,0.05263157894736842,0.2631578947368421,0.6842105263157895,0.0
21,0.3333333333333333,0.6666666666666666,0.0,0.0
22,0.0,1.0,0.0,0.0
23,1.0,0.0,0.0,0.0
24,0.0,0.0,0.0,1.0
25,0.0,0.0,0.0,1.0
26,0.0,0.625,0.125,0.25
27,0.2,0.6,0.0,0.2
28,0.42857142857142855,0.42857142857142855,0.0,0.14285714285714285
29,0.75,0.0,0.25,0.0
30,0.6666666666666666,0.3333333333333333,0.0,0.0
31,0.0,0.6666666666666666,0.3333333333333333,0.0
32,0.5714285714285714,0.14285714285714285,0.0,0.2857142857142857
33,0.0,0.0,0.0,1.0
34,0.0,1.0,0.0,0.0
35,0.0,0.0,0.3333333333333333,0.6666666666666666
36,0.2,0.0,0.6,0.2
37,0.0,0.6,0.3,0.1
38,,,,
39,0.6,0.0,0.0,0.4
40,,,,
41,0.2,0.4,0.4,0.0
42,,,,
43,0.9166666666666666,0.0,0.0,0.08333333333333333
44,0.07142857142857142,0.9285714285714286,0.0,0.0
45,0.0,0.043478260869565216,0.9130434782608695,0.043478260869565216
46,0.5384615384615384,0.4230769230769231,0.0,0.038461538461538464
47,0.0,0.6666666666666666,0.0,0.3333333333333333
48,0.0,0.5,0.5,0.0
49,0.5,0.0,0.5,0.0
50,0.4,0.0,0.0,0.6
51,0.8333333333333334,0.0,0.0,0.16666666666666666
52,0.3333333333333333,0.0,0.6666666666666666,0.0
53,0.5833333333333334,0.3333333333333333,0.0,0.08333333333333333
54,0.0,0.8,0.2,0.0
55,0.0,0.9259259259259259,0.0,0.07407407407407407
56,0.0,0.5384615384615384,0.3076923076923077,0.15384615384615385
57,0.5,0.0,0.5,0.0
58,0.0,0.25,0.75,0.0
59,0.14285714285714285,0.0,0.7142857142857143,0.14285714285714285
60,0.4,0.4,0.2,0.0
61,1.0,0.0,0.0,0.0
62,0.2222222222222222,0.0,0.3333333333333333,0.4444444444444444
63,0.0,0.3333333333333333,0.6666666666666666,0.0
64,0.0,0.6666666666666666,0.0,0.3333333333333333
65,0.0,1.0,0.0,0.0
66,0.5625,0.0625,0.0,0.375
67,0.5294117647058824,0.0,0.0,0.47058823529411764
68,0.0,0.12,0.28,0.6
69,0.75,0.25,0.0,0.0
70,0.0,0.0,0.17142857142857143,0.8285714285714286
71,0.5,0.0,0.25,0.25
72,0.25,0.5,0.25,0.0
73,0.0,0.0,0.0,1.0
74,0.45454545454545453,0.18181818181818182,0.36363636363636365,0.0
75,0.6666666666666666,0.0,0.0,0.3333333333333333
76,0.7,0.2,0.0,0.1
77,0.0,0.30303030303030304,0.45454545454545453,0.24242424242424243
78,0.9444444444444444,0.0,0.05555555555555555,0.0
79,0.3333333333333333,0.3333333333333333,0.3333333333333333,0.0
80,0.17647058823529413,0.0,0.0,0.8235294117647058
81,0.0,0.5172413793103449,0.3793103448275862,0.10344827586206896
82,0.10416666666666667,0.0,0.5833333333333334,0.3125
83,0.3333333333333333,0.0,0.13333333333333333,0.5333333333333333
84,0.0,0.39285714285714285,0.6071428571428571,0.0
85,0.0,0.0,1.0,0.0
86,0.0625,0.0,0.125,0.8125
87,0.0,0.3181818181818182,0.5454545454545454,0.13636363636363635
88,0.625,0.225,0.0,0.15
89,0.16071428571428573,0.5892857142857143,0.25,0.0
90,0.0,0.20512820512820512,0.5897435897435898,0.20512820512820512
91,0.43478260869565216,0.5217391304347826,0.0,0.043478260869565216
92,0.1388888888888889,0.0,0.0,0.8611111111111112
93,0.15789473684210525,0.8421052631578947,0.0,0.0
94,0.0,0.14285714285714285,0.047619047619047616,0.8095238095238095
95,0.0,0.8333333333333334,0.16666666666666666,0.0
96,0.23255813953488372,0.3023255813953488,0.0,0.46511627906976744
97,0.45652173913043476,0.0,0.30434782608695654,0.2391304347826087
98,0.3541666666666667,0.6041666666666666,0.041666666666666664,0.0
99,0.0,0.3448275862068966,0.1724137931034483,0.4827586206896552
100,0.3333333333333333,0.3333333333333333,0.3333333333333333,0.0
101,0.42424242424242425,0.36363636363636365,0.0,0.21212121212121213
102,0.3333333333333333,0.0,0.26666666666666666,0.4
103,0.0,0.5555555555555556,0.2222222222222222,0.2222222222222222
104,0.15384615384615385,0.0,0.15384615384615385,0.6923076923076923
105,0.0,0.25,0.75,0.0
106,0.0,0.0,0.0,1.0
107,0.0,1.0,0.0,0.0
108,0.2222222222222222,0.2222222222222222,0.0,0.5555555555555556
109,0.0,0.3333333333333333,0.6666666666666666,0.0
110,0.0,0.0,0.14285714285714285,0.8571428571428571
111,0.3333333333333333,0.0,0.3333333333333333,0.3333333333333333
112,0.0,0.5,0.0,0.5
113,0.2,0.0,0.2,0.6
114,0.4,0.0,0.4,0.2
115,0.0,0.16666666666666666,0.6666666666666666,0.16666666666666666
116,0.25,0.75,0.0,0.0
117,0.7222222222222222,0.0,0.0,0.2777777777777778
118,0.0,0.0,0.3,0.7
119,0.14285714285714285,0.42857142857142855,0.42857142857142855,0.0
120,0.0,0.0,0.5,0.5
121,0.3333333333333333,0.0,0.0,0.6666666666666666
122,,,,
123,1.0,0.0,0.0,0.0
124,0.4,0.4,0.0,0.2
125,0.8,0.0,0.2,0.0
126,0.0,0.3684210526315789,0.631578947368421,0.0
127,0.0,0.23809523809523808,0.6666666666666666,0.09523809523809523
128,0.6666666666666666,0.0,0.0,0.3333333333333333
129,0.0,0.25,0.0,0.75
130,0.2,0.4,0.0,0.4
131,0.7741935483870968,0.14516129032258066,0.0,0.08064516129032258
132,0.0,0.0,0.2,0.8
133,0.2222222222222222,0.2222222222222222,0.5555555555555556,0.0
134,0.0,0.1509433962264151,0.09433962264150944,0.7547169811320755
135,0.2777777777777778,0.6666666666666666,0.0,0.05555555555555555
136,0.0,0.23076923076923078,0.46153846153846156,0.3076923076923077
137,0.7741935483870968,0.06451612903225806,0.0,0.16129032258064516
138,0.0,0.0,1.0,0.0
139,0.5,0.0,0.0,0.5
140,0.5714285714285714,0.0,0.0,0.42857142857142855
141,0.09090909090909091,0.5909090909090909,0.0,0.3181818181818182
142,0.16666666666666666,0.0,0.8333333333333334,0.0
143,0.2727272727272727,0.0,0.0,0.7272727272727273
144,0.48,0.0,0.0,0.52
145,0.3333333333333333,0.0,0.5,0.16666666666666666
146,0.0,0.3,0.2,0.5
147,0.20512820512820512,0.5128205128205128,0.0,0.28205128205128205
148,0.16666666666666666,0.5555555555555556,0.2777777777777778,0.0
149,0.1111111111111111,0.6481481481481481,0.24074074074074073,0.0
150,0.0,0.3125,0.5625,0.125
151,0.26666666666666666,0.3333333333333333,0.4,0.0
152,0.0,0.4430379746835443,0.13924050632911392,0.4177215189873418
153,0.4444444444444444,0.0,0.5555555555555556,0.0
154,0.3333333333333333,0.0,0.6666666666666666,0.0
155,0.0,0.1935483870967742,0.3870967741935484,0.41935483870967744
156,0.2653061224489796,0.3673469387755102,0.3673469387755102,0.0
157,0.0,0.25,0.05,0.7
158,0.3333333333333333,0.13333333333333333,0.5333333333333333,0.0
159,0.35714285714285715,0.2857142857142857,0.0,0.35714285714285715
160,0.0,0.3333333333333333,0.6666666666666666,0.0
161,0.08333333333333333,0.7083333333333334,0.20833333333333334,0.0
162,0.0,0.16666666666666666,0.0,0.8333333333333334
163,0.29411764705882354,0.6470588235294118,0.0,0.058823529411764705
164,0.0,0.8518518518518519,0.14814814814814814,0.0
165,0.0,0.45161290322580644,0.3548387096774194,0.1935483870967742
166,0.4117647058823529,0.4,0.0,0.18823529411764706
167,0.3488372093023256,0.5116279069767442,0.13953488372093023,0.0
168,0.0,0.25396825396825395,0.6190476190476191,0.12698412698412698
169,0.0,0.3333333333333333,0.47619047619047616,0.19047619047619047
170,0.21875,0.53125,0.25,0.0
171,0.0,0.5,0.47368421052631576,0.02631578947368421
172,0.0,0.14893617021276595,0.1276595744680851,0.723404255319149
173,0.0,0.24,0.56,0.2
174,0.42857142857142855,0.2857142857142857,0.2857142857142857,0.0
175,0.0,0.20588235294117646,0.3235294117647059,0.47058823529411764
176,0.275,0.0,0.15,0.575
177,0.3,0.5,0.2,0.0
178,0.0,0.16666666666666666,0.16666666666666666,0.6666666666666666
179,0.0,0.0,0.125,0.875
180,0.16666666666666666,0.5,0.0,0.3333333333333333
181,0.16,0.0,0.56,0.28
182,0.0,0.13793103448275862,0.5862068965517241,0.27586206896551724
183,0.75,0.25,0.0,0.0
184,0.0,0.4,0.3,0.3
185,0.25,0.0,0.5,0.25
186,0.36363636363636365,0.45454545454545453,0.18181818181818182,0.0
187,0.0,0.0,0.0,1.0
188,0.4117647058823529,0.0,0.17647058823529413,0.4117647058823529
189,0.2,0.6,0.0,0.2
190,0.2,0.0,0.8,0.0
191,0.14285714285714285,0.8571428571428571,0.0,0.0
192,0.0,0.7058823529411765,0.23529411764705882,0.058823529411764705
193,0.0,0.22857142857142856,0.7428571428571429,0.02857142857142857
194,0.0,0.0,0.0,1.0
195,0.3333333333333333,0.3333333333333333,0.0,0.3333333333333333
196,0.3333333333333333,0.3333333333333333,0.0,0.3333333333333333
197,1.0,0.0,0.0,0.0
198,1.0,0.0,0.0,0.0
199,0.8,0.0,0.0,0.2
200,0.0,0.5384615384615384,0.34615384615384615,0.11538461538461539
201,0.1111111111111111,0.4444444444444444,0.4444444444444444,0.0
202,0.0,1.0,0.0,0.0
203,0.0,0.0,0.3333333333333333,0.6666666666666666
204,0.0,0.25,0.25,0.5
205,0.0,0.0,0.7647058823529411,0.23529411764705882
206,0.8,0.0,0.0,0.2
207,0.0,0.038461538461538464,0.9230769230769231,0.038461538461538464
208,0.0,0.3333333333333333,0.6666666666666666,0.0
209,0.2,0.0,0.0,0.8
210,0.8947368421052632,0.0,0.10526315789473684,0.0
211,0.0,0.0,0.0,1.0
212,0.6,0.0,0.0,0.4
213,0.0,1.0,0.0,0.0
214,0.5,0.0,0.0,0.5
215,0.0,0.0,0.8,0.2
216,0.42857142857142855,0.42857142857142855,0.0,0.14285714285714285
217,0.0,0.75,0.25,0.0
218,1.0,0.0,0.0,0.0
219,0.0,0.0,0.8333333333333334,0.16666666666666666
220,0.0,0.25,0.625,0.125
221,0.0,0.7619047619047619,0.23809523809523808,0.0
222,0.125,0.3125,0.5625,0.0
223,0.25,0.0,0.25,0.5
224,0.1111111111111111,0.0,0.6666666666666666,0.2222222222222222
225,0.0,0.42857142857142855,0.5,0.07142857142857142
226,0.0,0.06896551724137931,0.7586206896551724,0.1724137931034483
227,0.55,0.2,0.0,0.25
228,0.0,0.10526315789473684,0.8421052631578947,0.05263157894736842
229,0.0,0.17142857142857143,0.8285714285714286,0.0
230,0.16,0.0,0.24,0.6
231,0.0,0.0,0.5,0.5
232,0.2857142857142857,0.0,0.14285714285714285,0.5714285714285714
233,0.3888888888888889,0.3888888888888889,0.0,0.2222222222222222
234,0.09433962264150944,0.0,0.4716981132075472,0.4339622641509434
235,1.0,0.0,0.0,0.0
236,0.36363636363636365,0.3939393939393939,0.0,0.24242424242424243
237,0.10526315789473684,0.7368421052631579,0.15789473684210525,0.0
238,0.0,0.3125,0.0625,0.625
239,0.16666666666666666,0.5,0.3333333333333333,0.0
240,0.0,0.0,0.15384615384615385,0.8461538461538461
241,0.0,0.25,0.75,0.0
242,0.35714285714285715,0.5,0.0,0.14285714285714285
243,0.07692307692307693,0.0,0.9230769230769231,0.0
244,0.0,0.0,0.6,0.4
245,0.0,0.16666666666666666,0.8333333333333334,0.0
246,0.0,0.47058823529411764,0.17647058823529413,0.35294117647058826
247,,,,
248,0.25,0.375,0.0,0.375
249,0.0,0.11764705882352941,0.8823529411764706,0.0
250,0.0,1.0,0.0,0.0
251,0.125,0.0,0.0625,0.8125
252,0.0,0.14814814814814814,0.8518518518518519,0.0
253,0.5833333333333334,0.3333333333333333,0.0,0.08333333333333333
254,0.32,0.0,0.08,0.6
255,0.0,0.0,0.0,1.0
256,0.0,0.25,0.75,0.0
257,0.25,0.625,0.0,0.125
258,0.0,0.3333333333333333,0.5,0.16666666666666666
259,0.06060606060606061,0.8484848484848485,0.0,0.09090909090909091
260,0.0,0.0,0.6875,0.3125
261,0.23469387755102042,0.7448979591836735,0.0,0.02040816326530612
262,0.30612244897959184,0.0,0.24489795918367346,0.4489795918367347
263,0.2,0.6,0.2,0.0
264,0.6666666666666666,0.3333333333333333,0.0,0.0
265,0.0,0.3333333333333333,0.5555555555555556,0.1111111111111111
266,0.4807692307692308,0.46153846153846156,0.0,0.057692307692307696
267,0.75,0.0,0.0,0.25
268,,,,
269,0.6666666666666666,0.0,0.0,0.3333333333333333
270,0.0,0.0,0.3333333333333333,0.6666666666666666
271,0.5,0.0,0.16666666666666666,0.3333333333333333
272,0.25,0.0,0.0,0.75
273,0.2,0.0,0.0,0.8
274,0.14285714285714285,0.0,0.5714285714285714,0.2857142857142857
275,0.5454545454545454,0.36363636363636365,0.09090909090909091,0.0
276,0.7692307692307693,0.2,0.0,0.03076923076923077
277,0.0,0.8181818181818182,0.18181818181818182,0.0
278,0.3333333333333333,0.27927927927927926,0.0,0.38738738738738737
279,0.0,0.0,1.0,0.0
280,0.0,0.0,0.0,1.0
281,0.05,0.9,0.05,0.0
282,0.0,0.4,0.6,0.0
283,0.0,0.5238095238095238,0.0,0.47619047619047616
284,0.0,0.0,0.0,1.0
285,0.0,0.0,1.0,0.0
286,,,,
287,0.0,0.8333333333333334,0.16666666666666666,0.0
288,0.7692307692307693,0.0,0.0,0.23076923076923078
289,0.0,0.0,0.043478260869565216,0.9565217391304348
290,0.0,1.0,0.0,0.0
291,0.0,0.75,0.25,0.0
292,0.6923076923076923,0.23076923076923078,0.0,0.07692307692307693
293,0.0,0.3333333333333333,0.3333333333333333,0.3333333333333333
294,1.0,0.0,0.0,0.0
295,0.0,0.5,0.5,0.0
296,0.0,1.0,0.0,0.0
297,0.6666666666666666,0.0,0.0,0.3333333333333333
298,1.0,0.0,0.0,0.0
299,1.0,0.0,0.0,0.0
300,,,,
301,1.0,0.0,0.0,0.0
302,,,,
303,0.0,0.0,0.0,1.0
304,,,,
305,,,,
306,0.0,0.0,1.0,0.0
307,,,,
308,,,,
309,,,,
310,0.0,0.0,0.0,1.0
311,,,,
312,,,,
313,,,,
314,,,,
315,,,,
