,A,C,G,T
0,,,,
1,,,,
2,0.6647398843930635,0.2658959537572254,0.0,0.06936416184971098
3,0.6041666666666666,0.2916666666666667,0.0,0.10416666666666667
4,0.602510460251046,0.28661087866108786,0.1108786610878661,0.0
5,0.6210762331838565,0.12780269058295965,0.0,0.25112107623318386
6,0.3055555555555556,0.0,0.5555555555555556,0.1388888888888889
7,0.0,0.0855457227138643,0.45427728613569324,0.46017699115044247
8,0.7185368877867327,0.2306261624302542,0.0,0.05083694978301302
9,0.14375655823714587,0.0,0.04512067156348373,0.8111227701993704
10,0.13333333333333333,0.4,0.4666666666666667,0.0
11,0.45588235294117646,0.21323529411764705,0.0,0.33088235294117646
12,0.3413654618473896,0.4939759036144578,0.0,0.1646586345381526
13,0.7236842105263158,0.26644736842105265,0.009868421052631578,0.0
14,0.7006960556844548,0.14153132250580047,0.0,0.15777262180974477
15,0.18604651162790697,0.0,0.11627906976744186,0.6976744186046512
16,0.0,0.5555555555555556,0.16666666666666666,0.2777777777777778
17,0.9157509157509157,0.0347985347985348,0.0,0.04945054945054945
18,0.46,0.35333333333333333,0.18666666666666668,0.0
19,0.4482758620689655,0.0,0.13793103448275862,0.41379310344827586
20,0.29449838187702265,0.4045307443365696,0.30097087378640774,0.0
21,0.26666666666666666,0.11666666666666667,0.0,0.6166666666666667
22,0.4520547945205479,0.18493150684931506,0.0,0.363013698630137
23,0.46564885496183206,0.19083969465648856,0.0,0.3435114503816794
24,0.4563894523326572,0.4158215010141988,0.0,0.12778904665314403
25,0.33783783783783783,0.0,0.33783783783783783,0.32432432432432434
26,0.3235294117647059,0.38823529411764707,0.28823529411764703,0.0
27,0.11538461538461539,0.3076923076923077,0.0,0.5769230769230769
28,0.0,0.7012987012987013,0.14285714285714285,0.15584415584415584
29,0.725925925925926,0.21777777777777776,0.0,0.056296296296296296
30,0.33617021276595743,0.3191489361702128,0.0,0.3446808510638298
31,0.07482993197278912,0.5850340136054422,0.3401360544217687,0.0
32,0.44554455445544555,0.13861386138613863,0.0,0.4158415841584158
33,0.0,0.5445026178010471,0.34554973821989526,0.1099476439790576
34,0.0,0.08633776091081594,0.8652751423149905,0.04838709677419355
35,0.5409836065573771,0.11475409836065574,0.0,0.3442622950819672
36,0.0,0.2790014684287812,0.6901615271659325,0.030837004405286344
37,0.0,0.16010854816824965,0.723202170963365,0.11668928086838534
38,0.324,0.348,0.0,0.328
39,0.2826086956521739,0.0,0.16304347826086957,0.5543478260869565
40,0.453125,0.0,0.265625,0.28125
41,0.1792452830188679,0.4849056603773585,0.33584905660377357,0.0
42,0.1044776119402985,0.12686567164179105,0.0,0.7686567164179104
43,0.10569105691056911,0.0975609756097561,0.0,0.7967479674796748
44,0.2601626016260163,0.21138211382113822,0.0,0.5284552845528455
45,0.5949367088607594,0.06962025316455696,0.0,0.33544303797468356
46,0.3559322033898305,0.0,0.519774011299435,0.12429378531073447
47,0.31313131313131315,0.0,0.3939393939393939,0.29292929292929293
48,0.14492753623188406,0.3188405797101449,0.5362318840579711,0.0
49,0.5319148936170213,0.0,0.1702127659574468,0.2978723404255319
50,0.0,0.34017595307917886,0.3812316715542522,0.2785923753665689
51,0.16233766233766234,0.6558441558441559,0.0,0.18181818181818182
52,0.12307692307692308,0.4461538461538462,0.4307692307692308,0.0
53,0.5303030303030303,0.13131313131313133,0.0,0.3383838383838384
54,0.0,0.5144230769230769,0.3701923076923077,0.11538461538461539
55,0.0,0.25953627524308154,0.6335078534031413,0.10695587135377711
56,0.8157389635316699,0.0671785028790787,0.0,0.11708253358925144
57,0.45864661654135336,0.42105263157894735,0.0,0.12030075187969924
58,0.07894736842105263,0.4473684210526316,0.47368421052631576,0.0
59,0.2222222222222222,0.0,0.25925925925925924,0.5185185185185185
60,0.05325443786982249,0.3668639053254438,0.5798816568047337,0.0
61,0.47058823529411764,0.0,0.08823529411764706,0.4411764705882353
62,0.2361111111111111,0.0,0.1527777777777778,0.6111111111111112
63,0.2682926829268293,0.21951219512195122,0.5121951219512195,0.0
64,0.2765957446808511,0.19148936170212766,0.0,0.5319148936170213
65,0.03676470588235294,0.0,0.007352941176470588,0.9558823529411765
66,0.0,0.5085865257595773,0.45970937912813736,0.031704095112285335
67,0.0,0.3542116630669546,0.5961123110151187,0.04967602591792657
68,0.3645833333333333,0.21875,0.0,0.4166666666666667
69,0.8368200836820083,0.04351464435146443,0.0,0.1196652719665272
70,0.16019417475728157,0.0,0.32524271844660196,0.5145631067961165
71,0.03914327917282127,0.8641063515509602,0.0967503692762186,0.0
72,0.19487179487179487,0.4,0.40512820512820513,0.0
73,0.49214659685863876,0.0,0.04712041884816754,0.4607329842931937
74,0.1366742596810934,0.6788154897494305,0.1845102505694761,0.0
75,0.4065040650406504,0.34146341463414637,0.0,0.25203252032520324
76,0.678030303030303,0.1856060606060606,0.0,0.13636363636363635
77,0.0,0.36556603773584906,0.4363207547169811,0.19811320754716982
78,0.2911392405063291,0.3139240506329114,0.3949367088607595,0.0
79,0.0,0.26878612716763006,0.11560693641618497,0.615606936416185
80,0.07439824945295405,0.0,0.087527352297593,0.838074398249453
81,0.0,0.27519818799546997,0.39071347678369195,0.33408833522083803
82,0.20551378446115287,0.0,0.43546365914786966,0.35902255639097747
83,0.21067961165048543,0.0,0.2504854368932039,0.5388349514563107
84,0.125,0.7720588235294118,0.10294117647058823,0.0
85,0.28125,0.5,0.21875,0.0
86,0.15598885793871867,0.0,0.10027855153203342,0.7437325905292479
87,0.0,0.31361607142857145,0.515625,0.17075892857142858
88,0.15569105691056911,0.0,0.5097560975609756,0.33455284552845527
89,0.30355220667384286,0.0,0.1668460710441335,0.5296017222820237
90,0.0,0.18438914027149322,0.7194570135746606,0.09615384615384616
91,0.6442740015868818,0.32822004760645335,0.0,0.027505950806664903
92,0.7427293064876958,0.0,0.25727069351230425,0.0
93,0.21841332027424093,0.6209598432908913,0.16062683643486778,0.0
94,0.0,0.24537409493161705,0.06275140788415125,0.6918744971842317
95,0.024,0.874,0.102,0.0
96,0.4618937644341801,0.39260969976905313,0.0,0.14549653579676675
97,0.0,0.4719626168224299,0.3411214953271028,0.18691588785046728
98,0.2090245520902455,0.6662242866622429,0.12475116124751161,0.0
99,0.0,0.2978723404255319,0.5297872340425532,0.1723404255319149
100,0.2692307692307692,0.3333333333333333,0.3974358974358974,0.0
101,0.3001215066828676,0.0,0.20534629404617255,0.4945321992709599
102,0.0,0.6883720930232559,0.17209302325581396,0.13953488372093023
103,0.0,0.3328998699609883,0.27308192457737324,0.3940182054616385
104,0.027755102040816326,0.0,0.030204081632653063,0.9420408163265306
105,0.11538461538461539,0.3076923076923077,0.5769230769230769,0.0
106,0.3225806451612903,0.1935483870967742,0.0,0.4838709677419355
107,0.2698412698412698,0.15873015873015872,0.0,0.5714285714285714
108,0.31521739130434784,0.37771739130434784,0.0,0.3070652173913043
109,0.1746031746031746,0.30158730158730157,0.5238095238095238,0.0
110,0.36538461538461536,0.2532051282051282,0.0,0.3814102564102564
111,0.7279411764705882,0.0,0.11029411764705882,0.16176470588235295
112,0.16666666666666666,0.2777777777777778,0.0,0.5555555555555556
113,0.0,0.3317445185891325,0.555767397521449,0.1124880838894185
114,0.4642857142857143,0.0,0.26785714285714285,0.26785714285714285
115,0.0,0.10211267605633803,0.4295774647887324,0.46830985915492956
116,0.38028169014084506,0.2535211267605634,0.0,0.36619718309859156
117,0.7014925373134329,0.06716417910447761,0.0,0.23134328358208955
118,0.06232294617563739,0.0,0.3597733711048159,0.5779036827195467
119,0.45454545454545453,0.0,0.23232323232323232,0.31313131313131315
120,0.0,0.625073056691993,0.24605493863237873,0.1288720046756283
121,0.15,0.0,0.78125,0.06875
122,0.14224137931034483,0.5775862068965517,0.2801724137931034,0.0
123,0.5333333333333333,0.06666666666666667,0.0,0.4
124,0.2,0.32,0.0,0.48
125,0.0,0.2851985559566787,0.5830324909747292,0.13176895306859207
126,0.35526315789473684,0.0,0.5394736842105263,0.10526315789473684
127,0.0,0.09387755102040816,0.6204081632653061,0.2857142857142857
128,0.0,0.14959723820483314,0.7733026467203682,0.07710011507479862
129,0.44061302681992337,0.49808429118773945,0.0,0.06130268199233716
130,0.30434782608695654,0.3188405797101449,0.0,0.37681159420289856
131,0.44862518089725034,0.3465991316931983,0.0,0.20477568740955138
132,0.4612903225806452,0.0,0.08064516129032258,0.45806451612903226
133,0.0060901339829476245,0.953714981729598,0.040194884287454324,0.0
134,0.16129032258064516,0.2032258064516129,0.635483870967742,0.0
135,0.03164556962025317,0.8987341772151899,0.0,0.06962025316455696
136,0.0,0.2987012987012987,0.4935064935064935,0.2077922077922078
137,0.8666666666666667,0.06222222222222222,0.0,0.07111111111111111
138,0.09210526315789473,0.17105263157894737,0.7368421052631579,0.0
139,0.549618320610687,0.10687022900763359,0.0,0.3435114503816794
140,0.0967741935483871,0.7258064516129032,0.0,0.1774193548387097
141,0.0,0.3147773279352227,0.5384615384615384,0.14676113360323886
142,0.1038961038961039,0.1038961038961039,0.7922077922077922,0.0
143,0.5285171102661597,0.07984790874524715,0.0,0.3916349809885932
144,0.30612244897959184,0.1836734693877551,0.0,0.5102040816326531
145,0.1476923076923077,0.7476923076923077,0.0,0.10461538461538461
146,0.0,0.31389776357827476,0.5439297124600639,0.14217252396166133
147,0.3795620437956204,0.30170316301703165,0.31873479318734793,0.0
148,0.44,0.24571428571428572,0.0,0.3142857142857143
149,0.22981366459627328,0.4937888198757764,0.0,0.27639751552795033
150,0.0,0.3252747252747253,0.5791208791208792,0.0956043956043956
151,0.19648093841642228,0.2991202346041056,0.5043988269794721,0.0
152,0.5141430948419301,0.19633943427620631,0.0,0.2895174708818636
153,0.0,0.23893805309734514,0.727433628318584,0.033628318584070796
154,0.0,0.2922201138519924,0.6593927893738141,0.04838709677419355
155,0.17399438727782976,0.0,0.09073900841908325,0.735266604303087
156,0.2917341977309562,0.0,0.473257698541329,0.23500810372771475
157,0.3155893536121673,0.0,0.3650190114068441,0.3193916349809886
158,0.2770432692307692,0.34435096153846156,0.3786057692307692,0.0
159,0.0,0.21996060407091267,0.6152330925804333,0.16480630334865398
160,0.0,0.26497695852534564,0.5591397849462365,0.17588325652841783
161,0.1955788684900712,0.0,0.33570625702510304,0.4687148744848258
162,0.0,0.18306636155606407,0.6407322654462243,0.17620137299771166
163,0.44126659856996936,0.48978549540347294,0.0,0.06894790602655772
164,0.15609264853977844,0.5206445115810675,0.32326283987915405,0.0
165,0.4577777777777778,0.34,0.0,0.20222222222222222
166,0.5229166666666667,0.3572916666666667,0.0,0.11979166666666667
167,0.41336633663366334,0.2985148514851485,0.2881188118811881,0.0
168,0.0,0.24554455445544554,0.600990099009901,0.15346534653465346
169,0.0,0.4074074074074074,0.4117647058823529,0.18082788671023964
170,0.25927947598253276,0.0,0.2680131004366812,0.47270742358078605
171,0.0,0.07534807534807535,0.7010647010647011,0.22358722358722358
172,0.2047970479704797,0.0,0.4612546125461255,0.3339483394833948
173,0.0,0.4109396914446003,0.40252454417952316,0.18653576437587657
174,0.5,0.3034934497816594,0.0,0.1965065502183406
175,0.44353518821603927,0.36715766503000546,0.0,0.18930714675395527
176,0.35054347826086957,0.0,0.3342391304347826,0.31521739130434784
177,0.25963149078726966,0.40033500837520936,0.34003350083752093,0.0
178,0.0,0.31232876712328766,0.10273972602739725,0.584931506849315
179,0.10725075528700906,0.6404833836858006,0.25226586102719034,0.0
180,0.47858197932053176,0.22451994091580502,0.0,0.2968980797636632
181,0.4255050505050505,0.0,0.37752525252525254,0.19696969696969696
182,0.0,0.2551505546751189,0.4865293185419968,0.2583201267828843
183,0.32036613272311215,0.0,0.6338672768878718,0.04576659038901602
184,0.0,0.4708603145235893,0.42738205365402404,0.10175763182238667
185,0.5532359081419624,0.31941544885177453,0.0,0.12734864300626306
186,0.0,0.457089552238806,0.5111940298507462,0.03171641791044776
187,0.0,0.15789473684210525,0.7871853546910755,0.05491990846681922
188,0.5344910757356488,0.36324167872648333,0.0,0.10226724553786783
189,0.1152542372881356,0.3728813559322034,0.511864406779661,0.0
190,0.15725806451612903,0.10080645161290322,0.7419354838709677,0.0
191,0.08308004052684904,0.0,0.17831813576494426,0.7386018237082067
192,0.5784114052953157,0.0,0.384928716904277,0.03665987780040733
193,0.0,0.03930817610062893,0.800314465408805,0.16037735849056603
194,0.5614525139664804,0.26536312849162014,0.0,0.17318435754189945
195,0.3333333333333333,0.1836734693877551,0.0,0.48299319727891155
196,0.8825363825363826,0.07692307692307693,0.0,0.04054054054054054
197,0.2684563758389262,0.0,0.348993288590604,0.3825503355704698
198,0.0,0.7010309278350515,0.23195876288659795,0.06701030927835051
199,0.44360902255639095,0.2781954887218045,0.0,0.2781954887218045
200,0.0,0.08,0.8925,0.0275
201,0.3443287037037037,0.6099537037037037,0.0,0.045717592592592594
202,0.14563106796116504,0.22330097087378642,0.6310679611650486,0.0
203,0.42105263157894735,0.0,0.19195046439628483,0.38699690402476783
204,0.0,0.04466019417475728,0.25145631067961166,0.7038834951456311
205,0.12513144058885384,0.0,0.28391167192429023,0.5909568874868559
206,0.24648985959438377,0.0,0.27769110764430577,0.47581903276131043
207,0.0,0.3947001394700139,0.2301255230125523,0.37517433751743373
208,0.1440677966101695,0.1864406779661017,0.6694915254237288,0.0
209,0.22105263157894736,0.16,0.0,0.6189473684210526
210,0.0,0.10699588477366255,0.49794238683127573,0.3950617283950617
211,0.2518796992481203,0.0,0.6729323308270677,0.07518796992481203
212,0.2248995983935743,0.0,0.23493975903614459,0.5401606425702812
213,0.0,0.2433920704845815,0.4008810572687225,0.355726872246696
214,0.1592760180995475,0.5936651583710407,0.0,0.24705882352941178
215,0.27768456375838924,0.34815436241610737,0.0,0.37416107382550334
216,0.0,0.02849002849002849,0.9627255460588794,0.008784425451092117
217,0.0,0.2978723404255319,0.5297872340425532,0.1723404255319149
218,0.18834080717488788,0.0,0.13004484304932734,0.6816143497757847
219,0.0,0.2606837606837607,0.4686609686609687,0.2706552706552707
220,0.3465346534653465,0.0,0.16336633663366337,0.4900990099009901
221,0.1776765375854214,0.0,0.3204252088078967,0.5018982536066818
222,0.20809248554913296,0.12716763005780346,0.6647398843930635,0.0
223,0.4473684210526316,0.0,0.24342105263157895,0.3092105263157895
224,0.2598752598752599,0.0,0.17463617463617465,0.5654885654885655
225,0.0,0.2914923291492329,0.5481171548117155,0.1603905160390516
226,0.12207644038790645,0.7558471192241871,0.12207644038790645,0.0
227,0.0,0.24,0.5118181818181818,0.24818181818181817
228,0.0,0.16770833333333332,0.7572916666666667,0.075
229,0.5457650273224044,0.44193989071038253,0.0,0.012295081967213115
230,0.10985144644253322,0.0,0.13956215793588742,0.7505863956215794
231,0.0,0.18686868686868688,0.6060606060606061,0.20707070707070707
232,0.17674418604651163,0.0,0.08372093023255814,0.7395348837209302
233,0.0,0.18046511627906978,0.4874418604651163,0.33209302325581397
234,0.3474576271186441,0.05084745762711865,0.0,0.6016949152542372
235,0.07953063885267275,0.0,0.08213820078226858,0.8383311603650587
236,0.13901345291479822,0.0,0.4170403587443946,0.4439461883408072
237,0.06896551724137931,0.4827586206896552,0.4482758620689655,0.0
238,0.0,0.10119047619047619,0.05357142857142857,0.8452380952380952
239,0.07446808510638298,0.0,0.02955082742316785,0.8959810874704491
240,0.0,0.3711882229232387,0.058885383806519455,0.5699263932702419
241,0.10752688172043011,0.16129032258064516,0.7311827956989247,0.0
242,0.38961038961038963,0.05194805194805195,0.0,0.5584415584415584
243,0.23333333333333334,0.5095238095238095,0.0,0.2571428571428571
244,0.0,0.19523809523809524,0.6571428571428571,0.14761904761904762
245,0.8023598820058997,0.16740412979351033,0.0,0.03023598820058997
246,0.09308113489298159,0.0,0.19810851169736188,0.7088103534096566
247,0.09782608695652174,0.14130434782608695,0.7608695652173914,0.0
248,0.30666666666666664,0.5555555555555556,0.0,0.13777777777777778
249,0.0,0.4945205479452055,0.32465753424657534,0.18082191780821918
250,0.35341830822711473,0.5666280417149478,0.0,0.07995365005793743
251,0.17450579413769599,0.0,0.23721881390593047,0.5882753919563736
252,0.0,0.060057887120115776,0.8885672937771346,0.05137481910274964
253,0.760053619302949,0.1581769436997319,0.0,0.08176943699731903
254,0.10841983852364476,0.0,0.18108419838523646,0.7104959630911188
255,0.21022727272727273,0.0,0.19318181818181818,0.5965909090909091
256,0.17475728155339806,0.1650485436893204,0.6601941747572816,0.0
257,0.3522727272727273,0.523989898989899,0.0,0.12373737373737374
258,0.0,0.3687315634218289,0.5870206489675516,0.04424778761061947
259,0.18684915203808392,0.7801249628086879,0.0,0.033025885153228206
260,0.0,0.32793522267206476,0.42105263157894735,0.25101214574898784
261,0.15353805073431243,0.5861148197596796,0.260347129506008,0.0
262,0.27837837837837837,0.0,0.08513513513513514,0.6364864864864865
263,0.18456375838926176,0.4597315436241611,0.35570469798657717,0.0
264,0.5666666666666667,0.17777777777777778,0.0,0.25555555555555554
265,0.0,0.5454545454545454,0.36363636363636365,0.09090909090909091
266,0.35177539223782,0.5942747041012937,0.0,0.05394990366088632
267,0.4090909090909091,0.13636363636363635,0.0,0.45454545454545453
268,0.0,0.5666666666666667,0.26666666666666666,0.16666666666666666
269,0.34177215189873417,0.0,0.10548523206751055,0.5527426160337553
270,0.0,0.08620689655172414,0.27298850574712646,0.6408045977011494
271,0.42201834862385323,0.0,0.30275229357798167,0.27522935779816515
272,0.36419753086419754,0.19135802469135801,0.0,0.4444444444444444
273,0.4318181818181818,0.045454545454545456,0.0,0.5227272727272727
274,0.10507246376811594,0.0,0.8297101449275363,0.06521739130434782
275,0.38345864661654133,0.0,0.19548872180451127,0.42105263157894735
276,0.7933333333333333,0.13066666666666665,0.0,0.076
277,0.15767634854771784,0.5975103734439834,0.24481327800829875,0.0
278,0.3284108441701565,0.3980603923297333,0.0,0.2735287635001102
279,0.06153846153846154,0.12307692307692308,0.8153846153846154,0.0
280,0.0,0.04081632653061224,0.14285714285714285,0.8163265306122449
281,0.009523809523809525,0.8650793650793651,0.1253968253968254,0.0
282,0.09333333333333334,0.12,0.7866666666666666,0.0
283,0.0,0.008896797153024912,0.019572953736654804,0.9715302491103203
284,0.007238307349665924,0.0,0.013919821826280624,0.9788418708240535
285,0.08955223880597014,0.14925373134328357,0.7611940298507462,0.0
286,0.3548387096774194,0.18548387096774194,0.0,0.4596774193548387
287,0.004750593824228029,0.46080760095011875,0.5344418052256532,0.0
288,0.7724867724867724,0.037037037037037035,0.0,0.19047619047619047
289,0.11348464619492657,0.0,0.09078771695594126,0.7957276368491322
290,0.34864864864864864,0.41081081081081083,0.0,0.24054054054054055
291,0.0,0.6919014084507042,0.30809859154929575,0.0
292,0.4879032258064516,0.28225806451612906,0.0,0.22983870967741934
293,0.0,0.15064102564102563,0.7243589743589743,0.125
294,0.6269430051813472,0.19689119170984457,0.0,0.17616580310880828
295,0.205607476635514,0.45482866043613707,0.0,0.3395638629283489
296,0.5242718446601942,0.0,0.07281553398058252,0.4029126213592233
297,0.19672131147540983,0.0,0.5081967213114754,0.29508196721311475
298,0.3111111111111111,0.37777777777777777,0.3111111111111111,0.0
299,0.16129032258064516,0.0,0.5161290322580645,0.3225806451612903
300,0.5454545454545454,0.15151515151515152,0.30303030303030304,0.0
301,0.0,0.0,0.8181818181818182,0.18181818181818182
302,0.2,0.8,0.0,0.0
303,0.3181818181818182,0.0,0.3181818181818182,0.36363636363636365
304,0.0,0.5714285714285714,0.0,0.42857142857142855
305,0.3333333333333333,0.0,0.3333333333333333,0.3333333333333333
306,0.0,0.3333333333333333,0.6666666666666666,0.0
307,1.0,0.0,0.0,0.0
308,0.0,0.0,1.0,0.0
309,0.0,1.0,0.0,0.0
310,,,,
311,,,,
312,,,,
313,,,,
314,,,,
315,,,,
