,A,C,G,T
0,,,,
1,,,,
2,0.0,1.0,0.0,0.0
3,,,,
4,,,,
5,,,,
6,,,,
7,,,,
8,0.0,1.0,0.0,0.0
9,,,,
10,,,,
11,,,,
12,0.0,0.0,1.0,0.0
13,1.0,0.0,0.0,0.0
14,0.0,0.0,0.0,1.0
15,,,,
16,,,,
17,,,,
18,,,,
19,0.0,0.0,0.0,1.0
20,,,,
21,,,,
22,0.0,0.0,1.0,0.0
23,,,,
24,,,,
25,0.0,0.0,1.0,0.0
26,0.0,0.0,1.0,0.0
27,,,,
28,,,,
29,0.5,0.5,0.0,0.0
30,0.0,1.0,0.0,0.0
31,,,,
32,,,,
33,,,,
34,,,,
35,0.0,0.0,1.0,0.0
36,,,,
37,1.0,0.0,0.0,0.0
38,0.0,0.0,1.0,0.0
39,,,,
40,,,,
41,,,,
42,,,,
43,,,,
44,,,,
45,,,,
46,0.0,1.0,0.0,0.0
47,0.0,0.0,0.0,1.0
48,,,,
49,,,,
50,,,,
51,,,,
52,,,,
53,0.5,0.5,0.0,0.0
54,,,,
55,0.7142857142857143,0.2857142857142857,0.0,0.0
56,,,,
57,,,,
58,,,,
59,,,,
60,0.0,0.0,1.0,0.0
61,0.0,0.0,0.0,1.0
62,,,,
63,,,,
64,,,,
65,,,,
66,0.0,1.0,0.0,0.0
67,0.0,1.0,0.0,0.0
68,,,,
69,0.0,0.0,1.0,0.0
70,0.0,0.0,1.0,0.0
71,,,,
72,,,,
73,,,,
74,,,,
75,,,,
76,,,,
77,,,,
78,,,,
79,,,,
80,,,,
81,,,,
82,0.0,0.0,0.0,1.0
83,0.0,0.0,0.0,1.0
84,,,,
85,,,,
86,,,,
87,0.0,1.0,0.0,0.0
88,,,,
89,,,,
90,0.0,0.0,0.5,0.5
91,0.0,1.0,0.0,0.0
92,,,,
93,,,,
94,0.0,0.5,0.0,0.5
95,0.0,0.0,0.0,1.0
96,,,,
97,,,,
98,,,,
99,0.0,0.0,1.0,0.0
100,,,,
101,,,,
102,0.0,0.0,1.0,0.0
103,0.0,0.0,1.0,0.0
104,,,,
105,,,,
106,,,,
107,,,,
108,,,,
109,,,,
110,,,,
111,,,,
112,,,,
113,,,,
114,,,,
115,,,,
116,,,,
117,0.0,0.0,1.0,0.0
118,,,,
119,,,,
120,,,,
121,,,,
122,,,,
123,,,,
124,,,,
125,,,,
126,,,,
127,0.0,0.0,1.0,0.0
128,,,,
129,,,,
130,0.0,0.0,1.0,0.0
131,0.0,0.6666666666666666,0.0,0.3333333333333333
132,1.0,0.0,0.0,0.0
133,,,,
134,1.0,0.0,0.0,0.0
135,,,,
136,,,,
137,,,,
138,,,,
139,,,,
140,,,,
141,0.0,1.0,0.0,0.0
142,,,,
143,,,,
144,,,,
145,,,,
146,1.0,0.0,0.0,0.0
147,,,,
148,0.0,0.8,0.0,0.2
149,0.0,0.0,0.5,0.5
150,0.0,0.0,0.0,1.0
151,,,,
152,1.0,0.0,0.0,0.0
153,0.0,0.0,1.0,0.0
154,0.0,1.0,0.0,0.0
155,,,,
156,,,,
157,1.0,0.0,0.0,0.0
158,0.0,1.0,0.0,0.0
159,,,,
160,0.0,0.0,0.0,1.0
161,0.0,0.0,0.0,1.0
162,0.0,0.0,1.0,0.0
163,0.0,0.0,1.0,0.0
164,,,,
165,,,,
166,1.0,0.0,0.0,0.0
167,,,,
168,0.0,0.0,0.0,1.0
169,0.0,1.0,0.0,0.0
170,0.0,0.0,1.0,0.0
171,,,,
172,,,,
173,0.5,0.0,0.0,0.5
174,,,,
175,1.0,0.0,0.0,0.0
176,0.0,0.5,0.5,0.0
177,0.0,1.0,0.0,0.0
178,,,,
179,0.0,0.0,0.0,1.0
180,,,,
181,1.0,0.0,0.0,0.0
182,,,,
183,,,,
184,,,,
185,0.0,0.3333333333333333,0.6666666666666666,0.0
186,,,,
187,,,,
188,,,,
189,,,,
190,,,,
191,0.0,0.0,0.0,1.0
192,0.0,0.0,1.0,0.0
193,,,,
194,0.0,1.0,0.0,0.0
195,,,,
196,,,,
197,,,,
198,,,,
199,,,,
200,0.0,0.0,1.0,0.0
201,,,,
202,,,,
203,,,,
204,0.0,0.5,0.0,0.5
205,,,,
206,,,,
207,,,,
208,,,,
209,0.0,0.0,1.0,0.0
210,,,,
211,,,,
212,0.0,1.0,0.0,0.0
213,,,,
214,0.0,0.0,1.0,0.0
215,0.0,0.0,0.0,1.0
216,0.0,1.0,0.0,0.0
217,,,,
218,,,,
219,0.0,0.0,1.0,0.0
220,0.3333333333333333,0.3333333333333333,0.0,0.3333333333333333
221,0.0,0.0,0.5,0.5
222,0.0,0.0,1.0,0.0
223,,,,
224,,,,
225,0.0,1.0,0.0,0.0
226,0.0,0.3333333333333333,0.0,0.6666666666666666
227,,,,
228,0.0,0.0,1.0,0.0
229,0.5,0.0,0.0,0.5
230,1.0,0.0,0.0,0.0
231,,,,
232,1.0,0.0,0.0,0.0
233,0.0,0.0,0.0,1.0
234,1.0,0.0,0.0,0.0
235,1.0,0.0,0.0,0.0
236,,,,
237,,,,
238,,,,
239,,,,
240,,,,
241,,,,
242,0.6666666666666666,0.16666666666666666,0.0,0.16666666666666666
243,,,,
244,,,,
245,0.0,1.0,0.0,0.0
246,1.0,0.0,0.0,0.0
247,,,,
248,0.0,0.0,0.0,1.0
249,,,,
250,0.0,1.0,0.0,0.0
251,,,,
252,0.0,0.0,1.0,0.0
253,,,,
254,,,,
255,1.0,0.0,0.0,0.0
256,,,,
257,,,,
258,0.0,0.0,1.0,0.0
259,0.0,1.0,0.0,0.0
260,,,,
261,,,,
262,,,,
263,,,,
264,,,,
265,,,,
266,,,,
267,,,,
268,,,,
269,,,,
270,1.0,0.0,0.0,0.0
271,,,,
272,,,,
273,,,,
274,0.0,0.0,1.0,0.0
275,1.0,0.0,0.0,0.0
276,0.0,0.0,1.0,0.0
277,0.0,1.0,0.0,0.0
278,0.8333333333333334,0.16666666666666666,0.0,0.0
279,,,,
280,,,,
281,0.0,1.0,0.0,0.0
282,,,,
283,,,,
284,0.0,1.0,0.0,0.0
285,0.0,0.0,1.0,0.0
286,,,,
287,0.0,1.0,0.0,0.0
288,,,,
289,0.0,1.0,0.0,0.0
290,,,,
291,,,,
292,,,,
293,,,,
294,,,,
295,,,,
296,,,,
297,,,,
298,,,,
299,,,,
300,,,,
301,,,,
302,,,,
303,,,,
304,,,,
305,,,,
306,,,,
307,,,,
308,,,,
309,,,,
310,,,,
311,,,,
312,,,,
313,,,,
