,A,C,G,T
0,,,,
1,,,,
2,0.8333333333333334,0.16666666666666666,0.0,0.0
3,0.75,0.25,0.0,0.0
4,0.35714285714285715,0.42857142857142855,0.21428571428571427,0.0
5,0.16981132075471697,0.0,0.0,0.8301886792452831
6,0.2,0.0,0.4,0.4
7,0.0,0.07692307692307693,0.7692307692307693,0.15384615384615385
8,0.7083333333333334,0.2708333333333333,0.0,0.020833333333333332
9,0.08333333333333333,0.0,0.027777777777777776,0.8888888888888888
10,0.0,0.5,0.5,0.0
11,0.6666666666666666,0.3333333333333333,0.0,0.0
12,0.10714285714285714,0.08928571428571429,0.0,0.8035714285714286
13,1.0,0.0,0.0,0.0
14,0.6153846153846154,0.0,0.0,0.38461538461538464
15,0.25,0.0,0.25,0.5
16,0.0,0.0,0.0,1.0
17,0.8,0.0,0.0,0.2
18,0.020833333333333332,0.9583333333333334,0.020833333333333332,0.0
19,0.0,0.0,1.0,0.0
20,0.0,0.75,0.25,0.0
21,0.5,0.0,0.0,0.5
22,0.5,0.25,0.0,0.25
23,0.3333333333333333,0.0,0.0,0.6666666666666666
24,0.45454545454545453,0.36363636363636365,0.0,0.18181818181818182
25,0.16666666666666666,0.0,0.6666666666666666,0.16666666666666666
26,0.0,0.16666666666666666,0.8333333333333334,0.0
27,,,,
28,0.0,0.7142857142857143,0.14285714285714285,0.14285714285714285
29,0.5757575757575758,0.36363636363636365,0.0,0.06060606060606061
30,0.48148148148148145,0.2222222222222222,0.0,0.2962962962962963
31,0.0,0.6666666666666666,0.3333333333333333,0.0
32,0.5,0.375,0.0,0.125
33,0.0,0.6923076923076923,0.3076923076923077,0.0
34,0.0,0.13793103448275862,0.8275862068965517,0.034482758620689655
35,0.4444444444444444,0.3333333333333333,0.0,0.2222222222222222
36,0.0,0.5833333333333334,0.3333333333333333,0.08333333333333333
37,0.0,0.13043478260869565,0.7391304347826086,0.13043478260869565
38,0.4166666666666667,0.5,0.0,0.08333333333333333
39,0.4,0.0,0.6,0.0
40,0.2,0.0,0.4,0.4
41,0.25,0.625,0.125,0.0
42,0.3333333333333333,0.0,0.0,0.6666666666666666
43,0.0,1.0,0.0,0.0
44,0.3333333333333333,0.0,0.0,0.6666666666666666
45,0.04081632653061224,0.0,0.0,0.9591836734693877
46,0.5,0.0,0.5,0.0
47,0.2,0.0,0.2,0.6
48,0.375,0.125,0.5,0.0
49,1.0,0.0,0.0,0.0
50,0.0,0.3076923076923077,0.5384615384615384,0.15384615384615385
51,0.5,0.4375,0.0,0.0625
52,0.2,0.8,0.0,0.0
53,0.5,0.0,0.0,0.5
54,0.0,0.25,0.5,0.25
55,0.0,0.3076923076923077,0.5128205128205128,0.1794871794871795
56,0.8823529411764706,0.0,0.0,0.11764705882352941
57,0.46153846153846156,0.46153846153846156,0.0,0.07692307692307693
58,0.0,0.0,1.0,0.0
59,0.2727272727272727,0.0,0.36363636363636365,0.36363636363636365
60,0.2857142857142857,0.5714285714285714,0.14285714285714285,0.0
61,0.0,0.0,0.0,1.0
62,0.1111111111111111,0.0,0.0,0.8888888888888888
63,,,,
64,1.0,0.0,0.0,0.0
65,0.0,0.0,0.03571428571428571,0.9642857142857143
66,0.0,0.8412698412698413,0.15873015873015872,0.0
67,0.0,0.25,0.75,0.0
68,,,,
69,0.8095238095238095,0.09523809523809523,0.0,0.09523809523809523
70,0.0,0.0,0.5,0.5
71,0.16,0.8,0.04,0.0
72,0.2,0.4,0.4,0.0
73,0.125,0.0,0.125,0.75
74,0.034482758620689655,0.9137931034482759,0.05172413793103448,0.0
75,0.9111111111111111,0.022222222222222223,0.0,0.06666666666666667
76,0.7272727272727273,0.18181818181818182,0.0,0.09090909090909091
77,0.0,0.4,0.5,0.1
78,0.21428571428571427,0.14285714285714285,0.6428571428571429,0.0
79,0.0,0.2777777777777778,0.16666666666666666,0.5555555555555556
80,0.0,0.0,0.15384615384615385,0.8461538461538461
81,0.0,0.2857142857142857,0.2857142857142857,0.42857142857142855
82,0.2777777777777778,0.0,0.3888888888888889,0.3333333333333333
83,0.32142857142857145,0.0,0.21428571428571427,0.4642857142857143
84,0.0,1.0,0.0,0.0
85,0.0,0.25,0.75,0.0
86,0.2857142857142857,0.0,0.2857142857142857,0.42857142857142855
87,0.0,0.5,0.5,0.0
88,0.1746031746031746,0.0,0.4126984126984127,0.4126984126984127
89,0.13333333333333333,0.0,0.2,0.6666666666666666
90,0.8448275862068966,0.08620689655172414,0.0,0.06896551724137931
91,0.7803030303030303,0.18181818181818182,0.0,0.03787878787878788
92,0.8490566037735849,0.0,0.03773584905660377,0.11320754716981132
93,0.3157894736842105,0.47368421052631576,0.21052631578947367,0.0
94,0.0,0.41379310344827586,0.10344827586206896,0.4827586206896552
95,0.12903225806451613,0.0,0.03225806451612903,0.8387096774193549
96,0.16,0.72,0.12,0.0
97,0.0,0.10144927536231885,0.014492753623188406,0.8840579710144928
98,0.0,0.7692307692307693,0.23076923076923078,0.0
99,0.0,0.30612244897959184,0.1836734693877551,0.5102040816326531
100,0.023809523809523808,0.9523809523809523,0.023809523809523808,0.0
101,0.7350993377483444,0.1390728476821192,0.0,0.12582781456953643
102,0.08333333333333333,0.0,0.16666666666666666,0.75
103,0.0,0.5,0.16666666666666666,0.3333333333333333
104,0.04838709677419355,0.0,0.7096774193548387,0.24193548387096775
105,0.0,0.3333333333333333,0.6666666666666666,0.0
106,0.0,0.0,0.0,1.0
107,0.625,0.125,0.0,0.25
108,0.4583333333333333,0.4166666666666667,0.0,0.125
109,0.0,0.5,0.5,0.0
110,0.7222222222222222,0.16666666666666666,0.0,0.1111111111111111
111,0.5,0.0,0.5,0.0
112,1.0,0.0,0.0,0.0
113,0.0,0.2962962962962963,0.6666666666666666,0.037037037037037035
114,0.4,0.0,0.6,0.0
115,0.0,0.125,0.25,0.625
116,0.3333333333333333,0.3333333333333333,0.0,0.3333333333333333
117,0.3333333333333333,0.2222222222222222,0.0,0.4444444444444444
118,0.0196078431372549,0.0,0.8431372549019608,0.13725490196078433
119,0.6666666666666666,0.0,0.0,0.3333333333333333
120,,,,
121,,,,
122,0.2857142857142857,0.5,0.21428571428571427,0.0
123,1.0,0.0,0.0,0.0
124,0.6666666666666666,0.3333333333333333,0.0,0.0
125,0.0,0.4,0.5,0.1
126,0.5,0.0,0.5,0.0
127,0.0,0.07692307692307693,0.7692307692307693,0.15384615384615385
128,0.0,0.2857142857142857,0.6071428571428571,0.10714285714285714
129,0.0,1.0,0.0,0.0
130,0.25,0.5,0.0,0.25
131,0.5365853658536586,0.2926829268292683,0.0,0.17073170731707318
132,0.0,0.0,0.0,1.0
133,0.6346153846153846,0.19230769230769232,0.17307692307692307,0.0
134,0.38461538461538464,0.3076923076923077,0.3076923076923077,0.0
135,0.14285714285714285,0.8571428571428571,0.0,0.0
136,0.0,0.3333333333333333,0.6666666666666666,0.0
137,0.6363636363636364,0.18181818181818182,0.0,0.18181818181818182
138,0.14285714285714285,0.2857142857142857,0.5714285714285714,0.0
139,0.0,0.0,0.0,1.0
140,0.5,0.0,0.0,0.5
141,0.0,0.18309859154929578,0.2112676056338028,0.6056338028169014
142,0.0,0.1,0.9,0.0
143,0.18181818181818182,0.2727272727272727,0.0,0.5454545454545454
144,0.125,0.25,0.0,0.625
145,0.08333333333333333,0.5833333333333334,0.0,0.3333333333333333
146,0.0,0.3958333333333333,0.375,0.22916666666666666
147,0.1111111111111111,0.0,0.10457516339869281,0.7843137254901961
148,0.7666666666666667,0.03333333333333333,0.0,0.2
149,0.10526315789473684,0.7894736842105263,0.0,0.10526315789473684
150,0.0,0.30434782608695654,0.43478260869565216,0.2608695652173913
151,0.13333333333333333,0.26666666666666666,0.6,0.0
152,0.5384615384615384,0.0,0.3076923076923077,0.15384615384615385
153,0.0,0.16,0.76,0.08
154,0.0,0.22727272727272727,0.45454545454545453,0.3181818181818182
155,0.18518518518518517,0.0,0.1111111111111111,0.7037037037037037
156,0.2857142857142857,0.0,0.42857142857142855,0.2857142857142857
157,0.08333333333333333,0.0,0.5833333333333334,0.3333333333333333
158,0.28125,0.40625,0.3125,0.0
159,0.0,0.2602739726027397,0.1643835616438356,0.5753424657534246
160,0.0,0.2222222222222222,0.48148148148148145,0.2962962962962963
161,0.3188405797101449,0.0,0.3333333333333333,0.34782608695652173
162,0.0,0.29411764705882354,0.47058823529411764,0.23529411764705882
163,0.7052631578947368,0.2631578947368421,0.0,0.031578947368421054
164,0.25,0.40625,0.34375,0.0
165,0.2857142857142857,0.2857142857142857,0.0,0.42857142857142855
166,0.9122807017543859,0.017543859649122806,0.0,0.07017543859649122
167,0.2926829268292683,0.3902439024390244,0.3170731707317073,0.0
168,0.8,0.1,0.0,0.1
169,0.7461538461538462,0.16153846153846155,0.0,0.09230769230769231
170,0.6363636363636364,0.0,0.22727272727272727,0.13636363636363635
171,0.0,0.10714285714285714,0.6785714285714286,0.21428571428571427
172,0.4117647058823529,0.0,0.23529411764705882,0.35294117647058826
173,0.0,0.5555555555555556,0.2222222222222222,0.2222222222222222
174,0.0,0.6794871794871795,0.2692307692307692,0.05128205128205128
175,0.0,0.375,0.40625,0.21875
176,0.2647058823529412,0.0,0.38235294117647056,0.35294117647058826
177,0.22727272727272727,0.2727272727272727,0.5,0.0
178,0.0,0.36363636363636365,0.15151515151515152,0.48484848484848486
179,0.014925373134328358,0.8507462686567164,0.13432835820895522,0.0
180,0.3333333333333333,0.19047619047619047,0.0,0.47619047619047616
181,0.35,0.0,0.3,0.35
182,0.0,0.2608695652173913,0.43478260869565216,0.30434782608695654
183,0.2222222222222222,0.0,0.6111111111111112,0.16666666666666666
184,0.0,0.5454545454545454,0.4090909090909091,0.045454545454545456
185,0.2222222222222222,0.5555555555555556,0.0,0.2222222222222222
186,0.0,0.47368421052631576,0.3157894736842105,0.21052631578947367
187,0.0,0.2857142857142857,0.6285714285714286,0.08571428571428572
188,0.5106382978723404,0.3404255319148936,0.0,0.14893617021276595
189,0.1111111111111111,0.5,0.3888888888888889,0.0
190,0.23529411764705882,0.29411764705882354,0.47058823529411764,0.0
191,0.031746031746031744,0.8571428571428571,0.1111111111111111,0.0
192,0.3076923076923077,0.0,0.46153846153846156,0.23076923076923078
193,0.0,0.05084745762711865,0.9152542372881356,0.03389830508474576
194,0.4,0.5,0.0,0.1
195,0.125,0.375,0.0,0.5
196,0.7857142857142857,0.21428571428571427,0.0,0.0
197,0.2727272727272727,0.0,0.45454545454545453,0.2727272727272727
198,0.0,0.5714285714285714,0.42857142857142855,0.0
199,0.6666666666666666,0.0,0.0,0.3333333333333333
200,0.8857142857142857,0.04285714285714286,0.0,0.07142857142857142
201,0.45454545454545453,0.45454545454545453,0.0,0.09090909090909091
202,0.09090909090909091,0.0,0.9090909090909091,0.0
203,0.44,0.0,0.36,0.2
204,0.0,0.07142857142857142,0.42857142857142855,0.5
205,0.09090909090909091,0.0,0.2727272727272727,0.6363636363636364
206,0.1,0.0,0.4,0.5
207,0.0,0.41025641025641024,0.23076923076923078,0.358974358974359
208,0.01639344262295082,0.04918032786885246,0.0,0.9344262295081968
209,0.2222222222222222,0.1746031746031746,0.6031746031746031,0.0
210,0.0,0.25,0.4166666666666667,0.3333333333333333
211,0.5,0.0,0.0,0.5
212,0.6666666666666666,0.0,0.2222222222222222,0.1111111111111111
213,0.0,0.43478260869565216,0.43478260869565216,0.13043478260869565
214,0.08333333333333333,0.625,0.0,0.2916666666666667
215,0.2028985507246377,0.057971014492753624,0.0,0.7391304347826086
216,0.5,0.2,0.0,0.3
217,0.0,0.2,0.7,0.1
218,0.6,0.0,0.4,0.0
219,0.0,0.3333333333333333,0.38095238095238093,0.2857142857142857
220,0.07407407407407407,0.0,0.8703703703703703,0.05555555555555555
221,0.35714285714285715,0.2857142857142857,0.0,0.35714285714285715
222,0.2222222222222222,0.1111111111111111,0.6666666666666666,0.0
223,0.5,0.0,0.25,0.25
224,0.3157894736842105,0.0,0.15789473684210525,0.5263157894736842
225,0.0,0.08333333333333333,0.8833333333333333,0.03333333333333333
226,0.08571428571428572,0.6,0.3142857142857143,0.0
227,0.09859154929577464,0.0,0.7887323943661971,0.11267605633802817
228,0.0,0.06666666666666667,0.8666666666666667,0.06666666666666667
229,0.49333333333333335,0.49333333333333335,0.0,0.013333333333333334
230,0.275,0.0,0.225,0.5
231,0.0,0.0,0.25,0.75
232,0.4,0.0,0.0,0.6
233,0.0,0.2413793103448276,0.4482758620689655,0.3103448275862069
234,0.6470588235294118,0.0,0.0,0.35294117647058826
235,0.04918032786885246,0.0,0.14754098360655737,0.8032786885245902
236,0.22727272727272727,0.0,0.4090909090909091,0.36363636363636365
237,0.05555555555555555,0.7222222222222222,0.2222222222222222,0.0
238,0.0,0.26666666666666666,0.06666666666666667,0.6666666666666666
239,0.030303030303030304,0.0,0.09090909090909091,0.8787878787878788
240,0.0,0.37037037037037035,0.14814814814814814,0.48148148148148145
241,0.25,0.25,0.5,0.0
242,0.4,0.4,0.0,0.2
243,0.23076923076923078,0.5384615384615384,0.0,0.23076923076923078
244,0.0,0.5,0.4,0.1
245,0.6888888888888889,0.24444444444444444,0.0,0.06666666666666667
246,0.1568627450980392,0.0,0.23529411764705882,0.6078431372549019
247,0.0,0.16666666666666666,0.8333333333333334,0.0
248,0.16666666666666666,0.5555555555555556,0.0,0.2777777777777778
249,0.0,0.4666666666666667,0.4666666666666667,0.06666666666666667
250,0.44642857142857145,0.44642857142857145,0.0,0.10714285714285714
251,0.1590909090909091,0.0,0.2727272727272727,0.5681818181818182
252,0.0,0.1276595744680851,0.5957446808510638,0.2765957446808511
253,0.6666666666666666,0.13333333333333333,0.0,0.2
254,0.234375,0.5859375,0.0,0.1796875
255,0.16666666666666666,0.0,0.25,0.5833333333333334
256,0.0,0.8,0.2,0.0
257,0.34210526315789475,0.4473684210526316,0.0,0.21052631578947367
258,0.0,0.6666666666666666,0.2777777777777778,0.05555555555555555
259,0.2,0.7555555555555555,0.0,0.044444444444444446
260,0.0,0.2727272727272727,0.5909090909090909,0.13636363636363635
261,0.125,0.6875,0.1875,0.0
262,0.14285714285714285,0.0,0.09523809523809523,0.7619047619047619
263,0.28,0.32,0.4,0.0
264,0.42857142857142855,0.14285714285714285,0.0,0.42857142857142855
265,0.0,0.5,0.3333333333333333,0.16666666666666666
266,0.9019607843137255,0.0,0.0784313725490196,0.0196078431372549
267,,,,
268,0.0,0.5,0.5,0.0
269,0.2222222222222222,0.0,0.1111111111111111,0.6666666666666666
270,0.0,0.25,0.4166666666666667,0.3333333333333333
271,0.0,0.0,0.023255813953488372,0.9767441860465116
272,0.6,0.0,0.0,0.4
273,0.6666666666666666,0.0,0.0,0.3333333333333333
274,0.0364963503649635,0.8102189781021898,0.15328467153284672,0.0
275,0.5,0.0,0.16666666666666666,0.3333333333333333
276,0.631578947368421,0.2631578947368421,0.0,0.10526315789473684
277,0.0,0.6666666666666666,0.3333333333333333,0.0
278,0.226890756302521,0.44537815126050423,0.0,0.3277310924369748
279,0.16666666666666666,0.0,0.8333333333333334,0.0
280,0.0,0.0,0.3333333333333333,0.6666666666666666
281,0.0,0.9333333333333333,0.06666666666666667,0.0
282,0.0,0.75,0.25,0.0
283,0.0,0.5882352941176471,0.0,0.4117647058823529
284,0.0,0.0,0.0,1.0
285,1.0,0.0,0.0,0.0
286,0.0,0.3333333333333333,0.0,0.6666666666666666
287,0.0,0.45454545454545453,0.5454545454545454,0.0
288,0.7272727272727273,0.0,0.0,0.2727272727272727
289,0.0,0.0,0.0,1.0
290,0.125,0.625,0.0,0.25
291,0.0,1.0,0.0,0.0
292,0.6,0.3,0.0,0.1
293,0.0,0.1111111111111111,0.7777777777777778,0.1111111111111111
294,0.0,1.0,0.0,0.0
295,0.0,0.2,0.6,0.2
296,0.3333333333333333,0.5,0.16666666666666666,0.0
297,0.5,0.0,0.5,0.0
298,0.0,0.6666666666666666,0.3333333333333333,0.0
299,0.75,0.0,0.0,0.25
300,,,,
301,,,,
302,0.3333333333333333,0.0,0.0,0.6666666666666666
303,,,,
304,,,,
305,,,,
306,,,,
307,,,,
308,,,,
309,,,,
310,,,,
311,,,,
312,,,,
313,,,,
314,,,,
315,,,,
