,A,C,G,T
0,,,,
1,,,,
2,,,,
3,0.5,0.5,0.0,0.0
4,,,,
5,1.0,0.0,0.0,0.0
6,1.0,0.0,0.0,0.0
7,0.0,1.0,0.0,0.0
8,1.0,0.0,0.0,0.0
9,,,,
10,,,,
11,1.0,0.0,0.0,0.0
12,,,,
13,,,,
14,1.0,0.0,0.0,0.0
15,0.0,1.0,0.0,0.0
16,0.0,0.0,0.0,1.0
17,,,,
18,,,,
19,,,,
20,,,,
21,,,,
22,0.0,0.0,0.0,1.0
23,0.0,0.0,0.5,0.5
24,,,,
25,,,,
26,0.0,0.0,0.0,1.0
27,0.0,1.0,0.0,0.0
28,0.0,1.0,0.0,0.0
29,0.0,1.0,0.0,0.0
30,0.5,0.0,0.0,0.5
31,,,,
32,,,,
33,,,,
34,,,,
35,,,,
36,0.0,0.0,0.0,1.0
37,,,,
38,0.0,0.0,0.0,1.0
39,1.0,0.0,0.0,0.0
40,,,,
41,0.0,1.0,0.0,0.0
42,1.0,0.0,0.0,0.0
43,,,,
44,0.0,0.4,0.6,0.0
45,0.0,0.0,1.0,0.0
46,,,,
47,0.0,0.0,0.0,1.0
48,,,,
49,0.0,0.0,1.0,0.0
50,,,,
51,,,,
52,,,,
53,0.0,1.0,0.0,0.0
54,,,,
55,0.0,0.0,0.0,1.0
56,0.0,0.0,0.0,1.0
57,,,,
58,,,,
59,,,,
60,,,,
61,0.6666666666666666,0.0,0.3333333333333333,0.0
62,0.25,0.0,0.25,0.5
63,,,,
64,,,,
65,0.0,0.0,0.0,1.0
66,0.0,0.0,0.5,0.5
67,0.5,0.0,0.0,0.5
68,0.0,0.5,0.5,0.0
69,1.0,0.0,0.0,0.0
70,,,,
71,0.5,0.0,0.5,0.0
72,0.0,1.0,0.0,0.0
73,1.0,0.0,0.0,0.0
74,0.3333333333333333,0.6666666666666666,0.0,0.0
75,,,,
76,0.0,1.0,0.0,0.0
77,,,,
78,,,,
79,0.16666666666666666,0.5,0.0,0.3333333333333333
80,0.0,0.0,0.0,1.0
81,0.0,0.5,0.5,0.0
82,,,,
83,,,,
84,0.0,0.3333333333333333,0.6666666666666666,0.0
85,0.0,1.0,0.0,0.0
86,,,,
87,0.0,0.5,0.5,0.0
88,0.4,0.6,0.0,0.0
89,0.3333333333333333,0.0,0.16666666666666666,0.5
90,,,,
91,0.5,0.5,0.0,0.0
92,1.0,0.0,0.0,0.0
93,0.6666666666666666,0.2222222222222222,0.0,0.1111111111111111
94,0.6666666666666666,0.3333333333333333,0.0,0.0
95,0.0,0.0,1.0,0.0
96,0.5,0.25,0.0,0.25
97,0.6666666666666666,0.16666666666666666,0.0,0.16666666666666666
98,0.0,0.75,0.25,0.0
99,0.5,0.5,0.0,0.0
100,,,,
101,0.0,0.0,0.0,1.0
102,0.0,1.0,0.0,0.0
103,0.0,0.0,0.5,0.5
104,0.0,0.0,0.5,0.5
105,,,,
106,,,,
107,0.0,1.0,0.0,0.0
108,0.0,0.0,1.0,0.0
109,0.5714285714285714,0.2857142857142857,0.0,0.14285714285714285
110,0.0,0.0,0.0,1.0
111,,,,
112,,,,
113,,,,
114,0.0,0.0,1.0,0.0
115,,,,
116,,,,
117,,,,
118,1.0,0.0,0.0,0.0
119,0.0,0.0,0.5,0.5
120,,,,
121,,,,
122,0.3333333333333333,0.6666666666666666,0.0,0.0
123,0.3333333333333333,0.0,0.3333333333333333,0.3333333333333333
124,0.0,0.75,0.0,0.25
125,,,,
126,,,,
127,,,,
128,0.0,0.3333333333333333,0.3333333333333333,0.3333333333333333
129,,,,
130,1.0,0.0,0.0,0.0
131,1.0,0.0,0.0,0.0
132,0.0,1.0,0.0,0.0
133,0.0,0.0,1.0,0.0
134,,,,
135,,,,
136,0.0,1.0,0.0,0.0
137,0.25,0.0,0.5,0.25
138,,,,
139,,,,
140,1.0,0.0,0.0,0.0
141,,,,
142,,,,
143,1.0,0.0,0.0,0.0
144,,,,
145,1.0,0.0,0.0,0.0
146,0.0,0.0,0.0,1.0
147,0.0,1.0,0.0,0.0
148,,,,
149,0.0,1.0,0.0,0.0
150,0.0,0.0,0.0,1.0
151,0.0,1.0,0.0,0.0
152,0.8,0.0,0.0,0.2
153,0.5,0.0,0.5,0.0
154,0.0,0.0,0.3333333333333333,0.6666666666666666
155,0.0,0.0,0.2,0.8
156,0.0,0.3333333333333333,0.3333333333333333,0.3333333333333333
157,0.0,1.0,0.0,0.0
158,0.0,0.0,0.3333333333333333,0.6666666666666666
159,0.0,0.0,1.0,0.0
160,0.0,0.5,0.0,0.5
161,0.0,1.0,0.0,0.0
162,0.0,1.0,0.0,0.0
163,0.0,0.0,0.3333333333333333,0.6666666666666666
164,0.25,0.0,0.25,0.5
165,,,,
166,0.3333333333333333,0.6666666666666666,0.0,0.0
167,1.0,0.0,0.0,0.0
168,0.0,0.0,0.0,1.0
169,0.5,0.5,0.0,0.0
170,0.0,0.5,0.0,0.5
171,0.0,0.0,0.5,0.5
172,0.5,0.5,0.0,0.0
173,0.0,0.0,0.0,1.0
174,0.0,0.0,1.0,0.0
175,,,,
176,0.0,0.0,1.0,0.0
177,0.5,0.5,0.0,0.0
178,0.0,0.0,0.0,1.0
179,1.0,0.0,0.0,0.0
180,0.0,0.0,1.0,0.0
181,0.0,0.0,0.0,1.0
182,0.0,0.0,1.0,0.0
183,,,,
184,0.0,0.0,1.0,0.0
185,0.0,0.0,0.0,1.0
186,0.0,0.0,0.0,1.0
187,,,,
188,0.0,1.0,0.0,0.0
189,,,,
190,,,,
191,0.0,0.0,0.0,1.0
192,0.0,0.0,0.0,1.0
193,,,,
194,0.0,0.0,0.6666666666666666,0.3333333333333333
195,0.0,0.6666666666666666,0.3333333333333333,0.0
196,0.0,0.3333333333333333,0.6666666666666666,0.0
197,0.0,1.0,0.0,0.0
198,,,,
199,,,,
200,0.0,1.0,0.0,0.0
201,,,,
202,,,,
203,0.0,1.0,0.0,0.0
204,0.0,1.0,0.0,0.0
205,,,,
206,0.16666666666666666,0.8333333333333334,0.0,0.0
207,0.0,0.0,0.5,0.5
208,0.25,0.0,0.5,0.25
209,0.5,0.0,0.5,0.0
210,0.0,1.0,0.0,0.0
211,0.0,1.0,0.0,0.0
212,0.0,0.375,0.375,0.25
213,1.0,0.0,0.0,0.0
214,,,,
215,0.0,0.5,0.0,0.5
216,0.5,0.125,0.0,0.375
217,0.0,0.5,0.5,0.0
218,0.0,0.0,0.75,0.25
219,,,,
220,0.0,0.0,1.0,0.0
221,0.0,0.0,1.0,0.0
222,0.0,0.5,0.5,0.0
223,1.0,0.0,0.0,0.0
224,0.0,1.0,0.0,0.0
225,0.0,0.0,1.0,0.0
226,0.0,0.0,1.0,0.0
227,0.25,0.75,0.0,0.0
228,0.0,1.0,0.0,0.0
229,,,,
230,0.5,0.25,0.0,0.25
231,0.0,1.0,0.0,0.0
232,0.0,0.0,1.0,0.0
233,0.2,0.0,0.2,0.6
234,0.0,0.0,0.0,1.0
235,0.0,0.5,0.5,0.0
236,0.25,0.25,0.0,0.5
237,0.0,0.3333333333333333,0.6666666666666666,0.0
238,0.0,1.0,0.0,0.0
239,0.0,0.0,1.0,0.0
240,,,,
241,1.0,0.0,0.0,0.0
242,0.3333333333333333,0.0,0.3333333333333333,0.3333333333333333
243,0.0,0.0,0.0,1.0
244,,,,
245,0.0,1.0,0.0,0.0
246,0.0,0.5,0.5,0.0
247,0.0,0.16666666666666666,0.6666666666666666,0.16666666666666666
248,0.14285714285714285,0.5714285714285714,0.0,0.2857142857142857
249,0.0,0.0,0.0,1.0
250,1.0,0.0,0.0,0.0
251,0.4,0.6,0.0,0.0
252,0.0,0.0,0.25,0.75
253,0.375,0.5,0.0,0.125
254,0.25,0.0,0.25,0.5
255,0.0,0.0,1.0,0.0
256,0.0,0.0,0.75,0.25
257,0.6666666666666666,0.0,0.3333333333333333,0.0
258,0.5,0.5,0.0,0.0
259,,,,
260,,,,
261,,,,
262,,,,
263,0.25,0.0,0.25,0.5
264,,,,
265,,,,
266,0.0,0.5,0.0,0.5
267,0.0,1.0,0.0,0.0
268,,,,
269,0.0,0.0,1.0,0.0
270,0.9230769230769231,0.0,0.0,0.07692307692307693
271,,,,
272,,,,
273,,,,
274,,,,
275,0.0,0.0,0.0,1.0
276,0.5,0.5,0.0,0.0
277,,,,
278,0.0,0.875,0.0,0.125
279,,,,
280,,,,
281,,,,
282,,,,
283,0.0,0.0,0.0,1.0
284,0.0,0.0,0.0,1.0
285,,,,
286,,,,
287,0.0,1.0,0.0,0.0
288,1.0,0.0,0.0,0.0
289,,,,
290,,,,
291,0.0,0.0,1.0,0.0
292,,,,
293,,,,
294,,,,
295,,,,
296,,,,
297,,,,
298,,,,
299,,,,
300,,,,
301,,,,
302,,,,
303,,,,
304,,,,
305,,,,
306,,,,
307,,,,
308,,,,
309,,,,
310,,,,
