,A,C,G,T
0,,,,
1,,,,
2,0.7470238095238095,0.11607142857142858,0.0,0.13690476190476192
3,0.5511811023622047,0.2125984251968504,0.0,0.23622047244094488
4,0.38787023977433005,0.5091678420310296,0.10296191819464035,0.0
5,0.5159914712153518,0.22388059701492538,0.0,0.2601279317697228
6,0.5034246575342466,0.0,0.3116438356164384,0.18493150684931506
7,0.0,0.08843537414965986,0.5482993197278911,0.363265306122449
8,0.7043064596895343,0.24762143214822233,0.0,0.04807210816224337
9,0.07664344138139957,0.0,0.13299000302938505,0.7903665555892154
10,0.288135593220339,0.3389830508474576,0.3728813559322034,0.0
11,0.6285097192224622,0.1511879049676026,0.0,0.2203023758099352
12,0.4133738601823708,0.3566362715298885,0.0,0.22998986828774062
13,0.6248012718600954,0.32909379968203495,0.046104928457869634,0.0
14,0.6222222222222222,0.09797979797979799,0.0,0.2797979797979798
15,0.2127659574468085,0.0,0.3617021276595745,0.425531914893617
16,0.0,0.5154639175257731,0.14432989690721648,0.3402061855670103
17,0.8395669291338582,0.09645669291338582,0.0,0.0639763779527559
18,0.20238095238095238,0.3869047619047619,0.4107142857142857,0.0
19,0.36,0.0,0.14666666666666667,0.49333333333333335
20,0.24458204334365324,0.4674922600619195,0.28792569659442724,0.0
21,0.35714285714285715,0.1349206349206349,0.0,0.5079365079365079
22,0.4987405541561713,0.27455919395465994,0.0,0.22670025188916876
23,0.3949579831932773,0.24789915966386555,0.0,0.35714285714285715
24,0.47085201793721976,0.35874439461883406,0.0,0.17040358744394618
25,0.23728813559322035,0.0,0.4491525423728814,0.3135593220338983
26,0.3333333333333333,0.465564738292011,0.20110192837465565,0.0
27,0.10588235294117647,0.5764705882352941,0.0,0.3176470588235294
28,0.0,0.5393258426966292,0.18202247191011237,0.2786516853932584
29,0.738,0.19533333333333333,0.0,0.06666666666666667
30,0.4775330396475771,0.2933920704845815,0.0,0.2290748898678414
31,0.11609498680738786,0.44327176781002636,0.44063324538258575,0.0
32,0.3426724137931034,0.2025862068965517,0.0,0.4547413793103448
33,0.0,0.46251441753171857,0.5144175317185697,0.02306805074971165
34,0.0,0.13491635186184567,0.7468969239071775,0.1181867242309768
35,0.6016597510373444,0.0995850622406639,0.0,0.2987551867219917
36,0.0,0.372110365398956,0.6070096942580164,0.020879940343027592
37,0.0,0.20472895040369088,0.6730103806228374,0.12226066897347174
38,0.40215924426450744,0.36707152496626183,0.0,0.23076923076923078
39,0.24475524475524477,0.0,0.20279720279720279,0.5524475524475524
40,0.5647058823529412,0.0,0.12941176470588237,0.3058823529411765
41,0.2691751085383502,0.44138929088277856,0.2894356005788712,0.0
42,0.184,0.248,0.0,0.568
43,0.25,0.125,0.0,0.625
44,0.28846153846153844,0.12980769230769232,0.0,0.5817307692307693
45,0.5344352617079889,0.0881542699724518,0.0,0.3774104683195592
46,0.4585635359116022,0.0,0.281767955801105,0.2596685082872928
47,0.27607361963190186,0.0,0.3987730061349693,0.32515337423312884
48,0.24822695035460993,0.19858156028368795,0.5531914893617021,0.0
49,0.4050632911392405,0.0,0.24050632911392406,0.35443037974683544
50,0.0,0.29199372056514916,0.4301412872841444,0.2778649921507064
51,0.5254957507082153,0.3087818696883853,0.0,0.16572237960339944
52,0.06936416184971098,0.5780346820809249,0.35260115606936415,0.0
53,0.46362098138747887,0.233502538071066,0.0,0.30287648054145516
54,0.0,0.7160751565762005,0.20250521920668058,0.081419624217119
55,0.0,0.2803583278035833,0.6240875912408759,0.09555408095554081
56,0.760545905707196,0.14485111662531017,0.0,0.0946029776674938
57,0.5433837233381652,0.42513978049285567,0.0,0.03147649616897909
58,0.1534090909090909,0.5681818181818182,0.2784090909090909,0.0
59,0.07594167679222358,0.6543134872417983,0.26974483596597815,0.0
60,0.2997416020671835,0.25839793281653745,0.4418604651162791,0.0
61,0.2708333333333333,0.0,0.08333333333333333,0.6458333333333334
62,0.18321678321678322,0.0,0.27972027972027974,0.5370629370629371
63,0.22916666666666666,0.3541666666666667,0.4166666666666667,0.0
64,0.15625,0.171875,0.0,0.671875
65,0.02456499488229273,0.0,0.009211873080859774,0.9662231320368475
66,0.0,0.4621903520208605,0.4745762711864407,0.06323337679269883
67,0.0,0.33602150537634407,0.5274193548387097,0.13655913978494624
68,0.4935064935064935,0.24242424242424243,0.0,0.26406926406926406
69,0.7675409836065574,0.10819672131147541,0.0,0.12426229508196722
70,0.24324324324324326,0.0,0.2594594594594595,0.4972972972972973
71,0.0,0.24722098710538018,0.37750111160515787,0.375277901289462
72,0.2261904761904762,0.3476190476190476,0.4261904761904762,0.0
73,0.13183279742765272,0.0,0.0819935691318328,0.7861736334405145
74,0.24333719582850522,0.47508690614136734,0.28157589803012745,0.0
75,0.3004484304932735,0.36771300448430494,0.0,0.33183856502242154
76,0.4681818181818182,0.45606060606060606,0.0,0.07575757575757576
77,0.0,0.31687898089171973,0.5007961783439491,0.1823248407643312
78,0.3516791044776119,0.32369402985074625,0.3246268656716418,0.0
79,0.0,0.22807017543859648,0.08978328173374613,0.6821465428276574
80,0.05155642023346303,0.0,0.04085603112840467,0.9075875486381323
81,0.0,0.3617300131061599,0.3302752293577982,0.30799475753604194
82,0.14824380165289255,0.0,0.46952479338842973,0.3822314049586777
83,0.19672131147540983,0.0,0.22451888809693513,0.5787598004276551
84,0.1534603811434303,0.6629889669007021,0.18355065195586762,0.0
85,0.2066115702479339,0.6239669421487604,0.16942148760330578,0.0
86,0.171875,0.0,0.13920454545454544,0.6889204545454546
87,0.0,0.2687224669603524,0.5521292217327459,0.17914831130690162
88,0.0,0.0,0.598731165741475,0.401268834258525
89,0.15067567567567566,0.0,0.27702702702702703,0.5722972972972973
90,0.0,0.15971966064182958,0.6613795647362597,0.17890077462191073
91,0.6467679265277287,0.3144942894148122,0.0,0.03873778405745908
92,0.1721619365609349,0.0,0.17445742904841402,0.6533806343906511
93,0.28232189973614774,0.6098756125141349,0.1078024877497173,0.0
94,0.0,0.24461269656377402,0.08736167734420501,0.668025626092021
95,0.0735042735042735,0.0,0.06495726495726496,0.8615384615384616
96,0.1720484359233098,0.6806256306760847,0.14732593340060546,0.0
97,0.0,0.21236959761549926,0.1628166915052161,0.6248137108792846
98,0.050496688741721855,0.7653145695364238,0.18418874172185432,0.0
99,0.0,0.28949640287769784,0.3893525179856115,0.32115107913669066
100,0.15028901734104047,0.7456647398843931,0.10404624277456648,0.0
101,0.5774028751336581,0.24058453130569085,0.0,0.18201259356065105
102,0.4423076923076923,0.0,0.06174089068825911,0.4959514170040486
103,0.0,0.528,0.08266666666666667,0.3893333333333333
104,0.06765067650676507,0.0,0.2004920049200492,0.7318573185731857
105,0.09230769230769231,0.4307692307692308,0.47692307692307695,0.0
106,0.16964285714285715,0.25,0.0,0.5803571428571429
107,0.08125,0.48125,0.0,0.4375
108,0.3950413223140496,0.4214876033057851,0.0,0.1834710743801653
109,0.06818181818181818,0.5727272727272728,0.35909090909090907,0.0
110,0.4311490978157645,0.2754036087369421,0.0,0.2934472934472934
111,0.6753246753246753,0.0,0.07792207792207792,0.24675324675324675
112,0.352112676056338,0.23943661971830985,0.0,0.4084507042253521
113,0.0,0.37651395471300686,0.5423907319641916,0.08109531332280147
114,0.32558139534883723,0.0,0.5813953488372093,0.09302325581395349
115,0.0,0.13296903460837886,0.41712204007285975,0.44990892531876137
116,0.5340314136125655,0.2931937172774869,0.0,0.17277486910994763
117,0.5829596412556054,0.17937219730941703,0.0,0.23766816143497757
118,0.0985576923076923,0.0,0.2403846153846154,0.6610576923076923
119,0.30357142857142855,0.0,0.25,0.44642857142857145
120,0.5673076923076923,0.0,0.19230769230769232,0.2403846153846154
121,0.3979591836734694,0.0,0.4489795918367347,0.15306122448979592
122,0.2143727161997564,0.6175395858708892,0.16808769792935443,0.0
123,0.3684210526315789,0.3333333333333333,0.0,0.2982456140350877
124,0.5121951219512195,0.2601626016260163,0.0,0.22764227642276422
125,0.0,0.30870445344129555,0.5404858299595142,0.1508097165991903
126,0.2830188679245283,0.0,0.6873315363881402,0.029649595687331536
127,0.0,0.14898989898989898,0.5126262626262627,0.3383838383838384
128,0.0,0.18084564442180337,0.7743250127356087,0.044829342842587876
129,0.22962962962962963,0.6333333333333333,0.0,0.13703703703703704
130,0.2413793103448276,0.49137931034482757,0.0,0.2672413793103448
131,0.5027793218454697,0.37770983879933295,0.0,0.11951083935519734
132,0.1388888888888889,0.0,0.075,0.7861111111111111
133,0.015384615384615385,0.9467455621301775,0.0378698224852071,0.0
134,0.2554347826086957,0.30978260869565216,0.43478260869565216,0.0
135,0.04741980474198047,0.9330543933054394,0.0,0.019525801952580194
136,0.0,0.3480392156862745,0.3088235294117647,0.3431372549019608
137,0.6807851239669421,0.23760330578512398,0.0,0.08161157024793389
138,0.075,0.2125,0.7125,0.0
139,0.7368421052631579,0.06925207756232687,0.0,0.19390581717451524
140,0.043701799485861184,0.6889460154241646,0.0,0.26735218508997427
141,0.0,0.3128491620111732,0.569366852886406,0.11778398510242086
142,0.18439716312056736,0.14184397163120568,0.6737588652482269,0.0
143,0.43683083511777304,0.16916488222698073,0.0,0.39400428265524623
144,0.2824858757062147,0.10734463276836158,0.0,0.6101694915254238
145,0.08186528497409326,0.8238341968911918,0.0,0.09430051813471503
146,0.0,0.33911939034716343,0.5050804403048265,0.15580016934801016
147,0.0,0.22034622782645866,0.569566146612524,0.21008762556101732
148,0.23240434577231933,0.3127066603684459,0.45488899385923476,0.0
149,0.0,0.23791509037410677,0.569777217318201,0.19230769230769232
150,0.0,0.21544327931363202,0.572926596758818,0.21163012392755004
151,0.2005610098176718,0.24684431977559607,0.5525946704067322,0.0
152,0.20677233429394812,0.0,0.36239193083573484,0.430835734870317
153,0.0,0.22512680452594616,0.5567694108466641,0.21810378462738977
154,0.0,0.2315340909090909,0.5014204545454546,0.26704545454545453
155,0.15202333211811886,0.0,0.23660226029894277,0.6113744075829384
156,0.4346153846153846,0.0,0.2692307692307692,0.29615384615384616
157,0.1644398766700925,0.0,0.249743062692703,0.5858170606372045
158,0.1836309523809524,0.5369047619047619,0.2794642857142857,0.0
159,0.0,0.2846944603083952,0.6153626499143346,0.09994288977727013
160,0.5356893745640549,0.3331783306207859,0.0,0.13113229481515926
161,0.2584646329198793,0.434126718069058,0.3074086490110627,0.0
162,0.7424037812288994,0.15800135043889263,0.0,0.09959486833220797
163,0.6250972762645914,0.25836575875486384,0.0,0.11653696498054475
164,0.247583985273815,0.49516797054763,0.257248044178555,0.0
165,0.614702154626109,0.21673003802281368,0.0,0.16856780735107732
166,0.6430416068866571,0.25796269727403154,0.0,0.09899569583931134
167,0.3270325666135277,0.40583010703712136,0.26713732634935095,0.0
168,0.0,0.1484306887532694,0.6730601569311246,0.17850915431560593
169,0.3329770992366412,0.5152671755725191,0.0,0.15175572519083969
170,0.21006389776357828,0.0,0.2822151224707135,0.5077209797657082
171,0.0,0.29105839416058393,0.5378649635036497,0.17107664233576642
172,0.38037735849056603,0.0,0.3350943396226415,0.28452830188679246
173,0.0,0.2681369704004643,0.4207777132907719,0.3110853163087638
174,0.0,0.1984153185869924,0.5850115549686365,0.21657312644437107
175,0.364089521871821,0.4763987792472024,0.0,0.1595116988809766
176,0.1608910891089109,0.0,0.36633663366336633,0.47277227722772275
177,0.36376917457998537,0.352081811541271,0.2841490138787436,0.0
178,0.0,0.39169472502805835,0.11728395061728394,0.4910213243546577
179,0.057049180327868855,0.0,0.04524590163934426,0.8977049180327868
180,0.29919273461150353,0.3365287588294652,0.0,0.36427850655903127
181,0.5018115942028986,0.0,0.3596014492753623,0.13858695652173914
182,0.0,0.281127129750983,0.4397116644823067,0.27916120576671033
183,0.25096227867590454,0.0,0.7028483448806775,0.046189376443418015
184,0.0,0.5346801346801346,0.35622895622895623,0.10909090909090909
185,0.42074592074592077,0.34498834498834496,0.0,0.23426573426573427
186,0.0,0.4821002386634845,0.49482895783611774,0.023070803500397773
187,0.0,0.17777777777777778,0.7379310344827587,0.0842911877394636
188,0.49867162592986186,0.37194473963868224,0.0,0.1293836344314559
189,0.213406292749658,0.3091655266757866,0.4774281805745554,0.0
190,0.15345699831365936,0.10623946037099494,0.7403035413153457,0.0
191,0.10718113612004287,0.0,0.21936405859235442,0.6734548052876027
192,0.49679193400549954,0.0,0.42804766269477545,0.07516040329972502
193,0.0,0.05524518932340161,0.8181253879577902,0.1266294227188082
194,0.4244031830238727,0.3925729442970822,0.0,0.1830238726790451
195,0.43167701863354035,0.2546583850931677,0.0,0.3136645962732919
196,0.8390393459376597,0.11497189575881452,0.0,0.045988758303525806
197,0.20489690721649484,0.0,0.2860824742268041,0.509020618556701
198,0.0,0.7480916030534351,0.2099236641221374,0.04198473282442748
199,0.3783783783783784,0.34234234234234234,0.0,0.27927927927927926
200,0.0,0.15725806451612903,0.7836021505376344,0.05913978494623656
201,0.40827899064360645,0.5026935072299404,0.0,0.08902750212645308
202,0.10454545454545454,0.3931818181818182,0.5022727272727273,0.0
203,0.43411764705882355,0.0,0.26,0.3058823529411765
204,0.0,0.04014167650531287,0.37662337662337664,0.5832349468713105
205,0.22272727272727272,0.0,0.3098484848484849,0.4674242424242424
206,0.26123833757421544,0.0,0.31636980491942324,0.4223918575063613
207,0.0,0.25190839694656486,0.4394765539803708,0.30861504907306436
208,0.0776255707762557,0.3424657534246575,0.5799086757990868,0.0
209,0.3134920634920635,0.2698412698412698,0.0,0.4166666666666667
210,0.0,0.3060897435897436,0.4583333333333333,0.23557692307692307
211,0.3522727272727273,0.0,0.3731060606060606,0.2746212121212121
212,0.23556370302474794,0.0,0.25572868927589365,0.5087076076993584
213,0.0,0.26181818181818184,0.5042424242424243,0.23393939393939395
214,0.17711598746081506,0.6384535005224661,0.0,0.18443051201671892
215,0.34257120862201695,0.3551449833205029,0.0,0.3022838080574801
216,0.4703389830508475,0.2627118644067797,0.0,0.2669491525423729
217,0.0,0.3755656108597285,0.29411764705882354,0.33031674208144796
218,0.5098314606741573,0.0,0.19382022471910113,0.29634831460674155
219,0.0,0.1833508956796628,0.4815595363540569,0.3350895679662803
220,0.258266309204647,0.0,0.257372654155496,0.484361036639857
221,0.4824561403508772,0.33771929824561403,0.0,0.17982456140350878
222,0.14558472553699284,0.26968973747016706,0.5847255369928401,0.0
223,0.5152838427947598,0.0,0.1615720524017467,0.3231441048034934
224,0.33131313131313134,0.0,0.30707070707070705,0.3616161616161616
225,0.0,0.06182212581344902,0.6540130151843818,0.2841648590021692
226,0.33242506811989103,0.0,0.3405994550408719,0.32697547683923706
227,0.29411764705882354,0.49564270152505446,0.0,0.210239651416122
228,0.0,0.1619047619047619,0.7509157509157509,0.08717948717948718
229,0.5178701677607586,0.46632628251884267,0.0,0.015803549720398737
230,0.1658144631117604,0.0,0.24579985390796202,0.5883856829802776
231,0.0,0.050793650793650794,0.4777777777777778,0.4714285714285714
232,0.29571984435797666,0.0,0.16926070038910507,0.5350194552529183
233,0.0,0.18651211801896733,0.40516332982086406,0.4083245521601686
234,0.313893653516295,0.3676386506575186,0.0,0.3184676958261864
235,0.20634920634920634,0.6417233560090703,0.15192743764172337,0.0
236,0.0942380183091007,0.0,0.5016155088852988,0.40414647280560045
237,0.20079522862823063,0.5854870775347912,0.21371769383697814,0.0
238,0.0,0.3138010794140324,0.03238242097147263,0.653816499614495
239,0.04030091348737238,0.0,0.03277807630306287,0.9269210102095647
240,0.0,0.35649385355424906,0.10154997327632283,0.5419561731694281
241,0.10967741935483871,0.16774193548387098,0.7225806451612903,0.0
242,0.4942528735632184,0.19157088122605365,0.0,0.31417624521072796
243,0.2241183162684869,0.664391353811149,0.0,0.11149032992036405
244,0.0,0.3183453237410072,0.5053956834532374,0.17625899280575538
245,0.6587827183853674,0.2783033743298644,0.0,0.06291390728476821
246,0.146023198011599,0.0,0.17895608947804473,0.6750207125103562
247,0.11731843575418995,0.12849162011173185,0.7541899441340782,0.0
248,0.3673036093418259,0.37048832271762205,0.0,0.262208067940552
249,0.0,0.4769687964338782,0.4138187221396731,0.10921248142644874
250,0.4027219300958862,0.5140736158366842,0.0,0.08320445406742963
251,0.23232009925558314,0.0,0.2543424317617866,0.5133374689826302
252,0.0,0.07674418604651163,0.8854651162790698,0.0377906976744186
253,0.7020890099909174,0.24069028156221617,0.0,0.05722070844686648
254,0.1807465618860511,0.0,0.16994106090373282,0.6493123772102161
255,0.16363636363636364,0.0,0.21136363636363636,0.625
256,0.1223021582733813,0.34532374100719426,0.5323741007194245,0.0
257,0.356717405691595,0.5440105890138981,0.0,0.09927200529450694
258,0.0,0.4777777777777778,0.4740740740740741,0.04814814814814815
259,0.2159937279498236,0.7279498235985888,0.0,0.05605644845158761
260,0.0,0.2178477690288714,0.5059055118110236,0.276246719160105
261,0.1966804979253112,0.5551867219917013,0.24813278008298756,0.0
262,0.2785670166769611,0.0,0.0759728227300803,0.6454601605929586
263,0.24397590361445784,0.44377510040160645,0.31224899598393574,0.0
264,0.3493670886075949,0.5721518987341773,0.0,0.07848101265822785
265,0.0,0.4451939291736931,0.4266441821247892,0.1281618887015177
266,0.39162748369482786,0.5389048991354467,0.0,0.06946761716972547
267,0.27586206896551724,0.2413793103448276,0.0,0.4827586206896552
268,0.0,0.3181818181818182,0.5568181818181818,0.125
269,0.2520107238605898,0.0,0.07238605898123325,0.675603217158177
270,0.0,0.05807622504537205,0.38656987295825773,0.5553539019963702
271,0.28,0.0,0.3028571428571429,0.41714285714285715
272,0.44642857142857145,0.2392857142857143,0.0,0.3142857142857143
273,0.3592233009708738,0.07766990291262135,0.0,0.5631067961165048
274,0.2037735849056604,0.0,0.6792452830188679,0.1169811320754717
275,0.328125,0.0,0.20833333333333334,0.4635416666666667
276,0.7268216244450248,0.17471924784539045,0.0,0.09845912770958475
277,0.0997624703087886,0.7197149643705463,0.18052256532066507,0.0
278,0.3275553567434578,0.43905166629389397,0.0,0.23339297696264819
279,0.09917355371900827,0.1487603305785124,0.7520661157024794,0.0
280,0.0,0.02356020942408377,0.04712041884816754,0.9293193717277487
281,0.00743801652892562,0.9190082644628099,0.07355371900826446,0.0
282,0.0718232044198895,0.5248618784530387,0.40331491712707185,0.0
283,0.0,0.029498525073746312,0.028655710071639275,0.9418457648546145
284,0.009652509652509652,0.0,0.015765765765765764,0.9745817245817245
285,0.14953271028037382,0.11214953271028037,0.7383177570093458,0.0
286,0.25728155339805825,0.1796116504854369,0.0,0.5631067961165048
287,0.0,0.6084848484848485,0.39151515151515154,0.0
288,0.6417910447761194,0.025373134328358207,0.0,0.3328358208955224
289,0.10889570552147239,0.0,0.15030674846625766,0.74079754601227
290,0.44540727902946275,0.5545927209705372,0.0,0.0
291,0.0,0.6875543951261966,0.31157528285465624,0.0008703220191470844
292,0.4660347551342812,0.3665086887835703,0.0,0.1674565560821485
293,0.0,0.13368983957219252,0.7825311942959001,0.08377896613190731
294,0.37209302325581395,0.1569767441860465,0.0,0.47093023255813954
295,0.0,0.2939297124600639,0.5143769968051118,0.19169329073482427
296,0.382183908045977,0.35344827586206895,0.26436781609195403,0.0
297,0.31958762886597936,0.0,0.29896907216494845,0.38144329896907214
298,0.35185185185185186,0.3148148148148148,0.3333333333333333,0.0
299,0.26436781609195403,0.0,0.26436781609195403,0.47126436781609193
300,0.08333333333333333,0.4444444444444444,0.4722222222222222,0.0
301,0.7105263157894737,0.0,0.15789473684210525,0.13157894736842105
302,0.21739130434782608,0.4782608695652174,0.0,0.30434782608695654
303,0.5217391304347826,0.0,0.30434782608695654,0.17391304347826086
304,0.0,0.5,0.0,0.5
305,0.0,0.0,0.3076923076923077,0.6923076923076923
306,0.0,0.13333333333333333,0.7333333333333333,0.13333333333333333
307,0.0,0.0,0.0,1.0
308,,,,
309,,,,
310,0.0,0.0,0.0,1.0
311,,,,
312,,,,
313,,,,
314,,,,
315,,,,
