,A,C,G,T
0,,,,
1,,,,
2,,,,
3,,,,
4,,,,
5,,,,
6,,,,
7,,,,
8,,,,
9,,,,
10,,,,
11,,,,
12,0.0,0.0,1.0,0.0
13,0.0,0.0,1.0,0.0
14,,,,
15,,,,
16,0.0,1.0,0.0,0.0
17,,,,
18,,,,
19,,,,
20,,,,
21,,,,
22,,,,
23,,,,
24,,,,
25,,,,
26,,,,
27,,,,
28,1.0,0.0,0.0,0.0
29,0.0,0.0,0.0,1.0
30,0.0,0.0,1.0,0.0
31,1.0,0.0,0.0,0.0
32,0.0,0.0,0.0,1.0
33,1.0,0.0,0.0,0.0
34,,,,
35,,,,
36,,,,
37,0.0,0.0,1.0,0.0
38,,,,
39,,,,
40,0.0,0.0,1.0,0.0
41,,,,
42,,,,
43,,,,
44,,,,
45,0.0,0.0,1.0,0.0
46,,,,
47,,,,
48,,,,
49,,,,
50,1.0,0.0,0.0,0.0
51,,,,
52,,,,
53,,,,
54,0.0,1.0,0.0,0.0
55,,,,
56,0.0,0.5,0.5,0.0
57,,,,
58,,,,
59,,,,
60,,,,
61,,,,
62,,,,
63,,,,
64,,,,
65,,,,
66,0.0,0.0,1.0,0.0
67,1.0,0.0,0.0,0.0
68,,,,
69,0.0,0.2,0.8,0.0
70,0.0,0.0,1.0,0.0
71,,,,
72,,,,
73,,,,
74,,,,
75,,,,
76,,,,
77,1.0,0.0,0.0,0.0
78,1.0,0.0,0.0,0.0
79,,,,
80,0.0,0.0,0.0,1.0
81,0.0,1.0,0.0,0.0
82,,,,
83,0.0,0.4,0.4,0.2
84,0.0,0.0,0.0,1.0
85,,,,
86,0.0,0.0,0.0,1.0
87,0.0,0.5,0.5,0.0
88,0.75,0.25,0.0,0.0
89,0.0,0.0,1.0,0.0
90,0.0,0.0,0.5,0.5
91,0.2,0.0,0.6,0.2
92,0.0,1.0,0.0,0.0
93,0.0,0.3,0.7,0.0
94,0.5,0.25,0.0,0.25
95,,,,
96,1.0,0.0,0.0,0.0
97,0.5,0.5,0.0,0.0
98,0.0,0.5,0.5,0.0
99,0.0,0.0,1.0,0.0
100,,,,
101,,,,
102,0.6,0.2,0.2,0.0
103,0.1,0.7,0.0,0.2
104,,,,
105,0.0,1.0,0.0,0.0
106,,,,
107,1.0,0.0,0.0,0.0
108,0.0,0.0,1.0,0.0
109,0.3333333333333333,0.6666666666666666,0.0,0.0
110,,,,
111,,,,
112,,,,
113,,,,
114,0.0,0.0,0.5,0.5
115,,,,
116,,,,
117,,,,
118,,,,
119,,,,
120,,,,
121,,,,
122,,,,
123,0.0,0.0,1.0,0.0
124,,,,
125,,,,
126,,,,
127,,,,
128,0.0,0.0,0.0,1.0
129,,,,
130,,,,
131,1.0,0.0,0.0,0.0
132,,,,
133,,,,
134,,,,
135,,,,
136,,,,
137,,,,
138,,,,
139,,,,
140,0.0,0.0,0.0,1.0
141,,,,
142,,,,
143,,,,
144,,,,
145,,,,
146,,,,
147,,,,
148,,,,
149,0.0,0.75,0.25,0.0
150,,,,
151,0.0,0.0,1.0,0.0
152,,,,
153,,,,
154,1.0,0.0,0.0,0.0
155,0.0,0.0,1.0,0.0
156,,,,
157,,,,
158,,,,
159,,,,
160,0.0,0.0,1.0,0.0
161,0.3333333333333333,0.6666666666666666,0.0,0.0
162,0.0,0.0,1.0,0.0
163,0.0,0.0,0.0,1.0
164,,,,
165,1.0,0.0,0.0,0.0
166,0.0,0.25,0.0,0.75
167,0.0,0.0,1.0,0.0
168,,,,
169,0.0,0.0,1.0,0.0
170,0.0,0.6666666666666666,0.3333333333333333,0.0
171,0.0,0.0,0.0,1.0
172,,,,
173,0.0,1.0,0.0,0.0
174,0.0,1.0,0.0,0.0
175,,,,
176,0.0,0.0,1.0,0.0
177,,,,
178,1.0,0.0,0.0,0.0
179,0.0,0.0,0.25,0.75
180,,,,
181,,,,
182,0.0,0.0,0.0,1.0
183,0.0,0.0,1.0,0.0
184,0.3,0.2,0.0,0.5
185,0.0,0.0,0.0,1.0
186,0.0,0.16666666666666666,0.0,0.8333333333333334
187,,,,
188,0.0,0.0,0.5,0.5
189,0.0,0.0,1.0,0.0
190,,,,
191,,,,
192,,,,
193,,,,
194,,,,
195,0.0,1.0,0.0,0.0
196,0.0,0.0,1.0,0.0
197,0.0,1.0,0.0,0.0
198,,,,
199,,,,
200,0.0,0.0,0.0,1.0
201,,,,
202,1.0,0.0,0.0,0.0
203,1.0,0.0,0.0,0.0
204,0.0,0.0,0.0,1.0
205,,,,
206,,,,
207,0.0,0.0,1.0,0.0
208,0.0,0.0,0.0,1.0
209,,,,
210,,,,
211,,,,
212,1.0,0.0,0.0,0.0
213,0.0,0.0,1.0,0.0
214,,,,
215,,,,
216,,,,
217,0.0,0.0,1.0,0.0
218,,,,
219,,,,
220,,,,
221,1.0,0.0,0.0,0.0
222,0.0,0.0,0.0,1.0
223,,,,
224,0.0,0.0,1.0,0.0
225,0.0,0.0,1.0,0.0
226,1.0,0.0,0.0,0.0
227,,,,
228,0.0,0.0,1.0,0.0
229,,,,
230,0.0,0.0,1.0,0.0
231,0.0,0.0,1.0,0.0
232,0.0,0.0,1.0,0.0
233,0.0,0.0,0.0,1.0
234,,,,
235,,,,
236,,,,
237,,,,
238,0.0,1.0,0.0,0.0
239,0.0,0.0,0.0,1.0
240,0.8333333333333334,0.16666666666666666,0.0,0.0
241,,,,
242,0.0,0.0,0.0,1.0
243,0.0,0.0,0.0,1.0
244,,,,
245,0.5,0.0,0.5,0.0
246,,,,
247,0.25,0.0,0.75,0.0
248,0.0,0.0,1.0,0.0
249,0.0,0.0,1.0,0.0
250,,,,
251,0.0,1.0,0.0,0.0
252,,,,
253,0.0,0.0,1.0,0.0
254,,,,
255,0.0,0.0,1.0,0.0
256,,,,
257,0.0,0.0,0.0,1.0
258,0.0,0.0,0.0,1.0
259,1.0,0.0,0.0,0.0
260,,,,
261,,,,
262,0.0,1.0,0.0,0.0
263,,,,
264,,,,
265,,,,
266,0.0,1.0,0.0,0.0
267,1.0,0.0,0.0,0.0
268,0.8333333333333334,0.16666666666666666,0.0,0.0
269,0.45454545454545453,0.2727272727272727,0.0,0.2727272727272727
270,,,,
271,,,,
272,,,,
273,,,,
274,,,,
275,,,,
276,,,,
277,0.0,0.0,1.0,0.0
278,,,,
279,0.0,0.5,0.0,0.5
280,,,,
281,0.375,0.25,0.0,0.375
282,0.0,1.0,0.0,0.0
283,,,,
284,0.0,1.0,0.0,0.0
285,,,,
286,0.0,0.0,0.0,1.0
287,0.0,0.0,0.0,1.0
288,,,,
289,1.0,0.0,0.0,0.0
290,0.0,1.0,0.0,0.0
291,1.0,0.0,0.0,0.0
292,,,,
293,0.0,0.0,0.0,1.0
294,1.0,0.0,0.0,0.0
295,,,,
296,0.0,1.0,0.0,0.0
297,0.0,0.0,1.0,0.0
298,,,,
299,0.0,0.0,1.0,0.0
300,0.0,0.0,1.0,0.0
301,,,,
302,,,,
303,,,,
304,,,,
305,,,,
306,,,,
307,,,,
308,,,,
309,,,,
310,,,,
311,,,,
312,,,,
313,,,,
314,,,,
315,,,,
316,,,,
317,,,,
318,,,,
319,,,,
320,,,,
