,A,C,G,T
0,,,,
1,,,,
2,0.8,0.12903225806451613,0.0,0.07096774193548387
3,0.8647746243739566,0.09015025041736227,0.0,0.045075125208681135
4,0.15734720416124837,0.635890767230169,0.2067620286085826,0.0
5,0.082687338501292,0.26356589147286824,0.6537467700258398,0.0
6,0.2302158273381295,0.0,0.6187050359712231,0.1510791366906475
7,0.0,0.1,0.4851063829787234,0.4148936170212766
8,0.618591934381408,0.3058783321941217,0.0,0.07552973342447027
9,0.04478897502153316,0.0,0.12101636520241171,0.8341946597760551
10,0.05263157894736842,0.7368421052631579,0.21052631578947367,0.0
11,0.45161290322580644,0.3064516129032258,0.0,0.24193548387096775
12,0.4944237918215613,0.3587360594795539,0.0,0.14684014869888476
13,0.6939313984168866,0.2691292875989446,0.036939313984168866,0.0
14,0.47289719626168225,0.14205607476635515,0.0,0.3850467289719626
15,0.20512820512820512,0.0,0.1282051282051282,0.6666666666666666
16,0.0,0.5128205128205128,0.23076923076923078,0.2564102564102564
17,0.9454148471615721,0.024017467248908297,0.0,0.03056768558951965
18,0.09230769230769231,0.5076923076923077,0.4,0.0
19,0.40425531914893614,0.0,0.1702127659574468,0.425531914893617
20,0.3834355828220859,0.44171779141104295,0.17484662576687116,0.0
21,0.6081871345029239,0.14035087719298245,0.0,0.25146198830409355
22,0.4931129476584022,0.3608815426997245,0.0,0.14600550964187328
23,0.0,0.15661103979460847,0.7625160462130937,0.08087291399229782
24,0.275626423690205,0.6305239179954442,0.0,0.0938496583143508
25,0.16859403530127814,0.0,0.5909920876445527,0.2404138770541692
26,0.46766169154228854,0.27860696517412936,0.2537313432835821,0.0
27,0.2465753424657534,0.4657534246575342,0.0,0.2876712328767123
28,0.0,0.46987951807228917,0.14457831325301204,0.3855421686746988
29,0.8940269749518305,0.07514450867052024,0.0,0.030828516377649325
30,0.4980392156862745,0.24803921568627452,0.0,0.25392156862745097
31,0.07692307692307693,0.7527472527472527,0.17032967032967034,0.0
32,0.55078125,0.09765625,0.0,0.3515625
33,0.0,0.5921787709497207,0.30726256983240224,0.1005586592178771
34,0.0,0.15467625899280577,0.6990407673860911,0.14628297362110312
35,0.5728155339805825,0.1407766990291262,0.0,0.28640776699029125
36,0.0,0.3056,0.6496,0.0448
37,0.0,0.2909604519774011,0.6045197740112994,0.10451977401129943
38,0.456973293768546,0.37091988130563797,0.0,0.17210682492581603
39,0.5013404825737265,0.0,0.1742627345844504,0.32439678284182305
40,0.4,0.0,0.17272727272727273,0.42727272727272725
41,0.34476190476190477,0.43047619047619046,0.22476190476190477,0.0
42,0.14150943396226415,0.27358490566037735,0.0,0.5849056603773585
43,0.2733333333333333,0.2733333333333333,0.0,0.4533333333333333
44,0.5182481751824818,0.10218978102189781,0.0,0.3795620437956204
45,0.4098360655737705,0.060109289617486336,0.0,0.5300546448087432
46,0.7100591715976331,0.0,0.10059171597633136,0.1893491124260355
47,0.18095238095238095,0.0,0.2761904761904762,0.5428571428571428
48,0.04878048780487805,0.3333333333333333,0.6178861788617886,0.0
49,0.3870967741935484,0.0,0.12903225806451613,0.4838709677419355
50,0.0,0.4064516129032258,0.3935483870967742,0.2
51,0.506896551724138,0.3482758620689655,0.0,0.14482758620689656
52,0.11702127659574468,0.5531914893617021,0.32978723404255317,0.0
53,0.39067055393586003,0.13119533527696792,0.0,0.478134110787172
54,0.0,0.37610619469026546,0.48672566371681414,0.13716814159292035
55,0.0,0.3132102272727273,0.6363636363636364,0.05042613636363636
56,0.7168367346938775,0.16071428571428573,0.0,0.12244897959183673
57,0.5567190226876091,0.3298429319371728,0.0,0.11343804537521815
58,0.14473684210526316,0.5263157894736842,0.32894736842105265,0.0
59,0.1388101983002833,0.0,0.26628895184135976,0.5949008498583569
60,0.18454935622317598,0.3261802575107296,0.4892703862660944,0.0
61,0.2,0.0,0.2,0.6
62,0.26495726495726496,0.0,0.3475783475783476,0.38746438746438744
63,0.11363636363636363,0.45454545454545453,0.4318181818181818,0.0
64,0.1744186046511628,0.16279069767441862,0.0,0.6627906976744186
65,0.03278688524590164,0.0,0.00234192037470726,0.9648711943793911
66,0.0,0.46825396825396826,0.4396825396825397,0.09206349206349207
67,0.0,0.46863468634686345,0.4612546125461255,0.07011070110701106
68,0.6180555555555556,0.1111111111111111,0.0,0.2708333333333333
69,0.8663366336633663,0.05005500550055005,0.0,0.08360836083608361
70,0.12716763005780346,0.0,0.34104046242774566,0.5317919075144508
71,0.05707762557077625,0.8780821917808219,0.06484018264840183,0.0
72,0.2465753424657534,0.319634703196347,0.4337899543378995,0.0
73,0.12903225806451613,0.0,0.05069124423963134,0.8202764976958525
74,0.14073071718538566,0.7456021650879567,0.11366711772665765,0.0
75,0.75,0.12755102040816327,0.0,0.12244897959183673
76,0.7383419689119171,0.16321243523316062,0.0,0.09844559585492228
77,0.21287128712871287,0.6039603960396039,0.18316831683168316,0.0
78,0.3249211356466877,0.167192429022082,0.5078864353312302,0.0
79,0.0,0.2028985507246377,0.035196687370600416,0.7619047619047619
80,0.05392156862745098,0.0,0.021241830065359478,0.9248366013071896
81,0.0,0.307974335472044,0.3693858845096242,0.3226397800183318
82,0.184026348291478,0.0,0.438452037875669,0.37752161383285304
83,0.173557278208441,0.0,0.355297157622739,0.47114556416882
84,0.17002881844380405,0.6484149855907781,0.18155619596541786,0.0
85,0.522633744855967,0.35390946502057613,0.12345679012345678,0.0
86,0.07772435897435898,0.8701923076923077,0.052083333333333336,0.0
87,0.0,0.15856353591160222,0.39447513812154694,0.44696132596685084
88,0.2653934804082977,0.0,0.5090549884754693,0.22555153111623313
89,0.14739583333333334,0.0,0.2947916666666667,0.5578125
90,0.0,0.11713147410358565,0.7665338645418327,0.11633466135458168
91,0.5949483352468428,0.33340987370838115,0.0,0.07164179104477612
92,0.08218768679019725,0.0,0.08398087268380156,0.8338314405260012
93,0.3091743119266055,0.6229357798165137,0.06788990825688074,0.0
94,0.0,0.28377065111758987,0.04664723032069971,0.6695821185617103
95,,,,
96,0.38265895953757223,0.18728323699421964,0.0,0.4300578034682081
97,0.3401609363569861,0.5464520848573519,0.0,0.11338697878566203
98,0.33107049608355094,0.4010443864229765,0.2678851174934726,0.0
99,0.0,0.34312285854136076,0.30641213901125797,0.3504650024473813
100,0.3708609271523179,0.36423841059602646,0.26490066225165565,0.0
101,0.16829268292682928,0.0,0.25609756097560976,0.5756097560975609
102,0.0,0.08723747980613894,0.4184168012924071,0.49434571890145396
103,0.197347049269085,0.7027612344342177,0.0,0.09989171629669735
104,0.03943217665615142,0.0,0.0555993690851735,0.9049684542586751
105,0.1111111111111111,0.35185185185185186,0.5370370370370371,0.0
106,0.11666666666666667,0.16666666666666666,0.0,0.7166666666666667
107,0.07272727272727272,0.16363636363636364,0.0,0.7636363636363637
108,0.28976377952755905,0.5228346456692914,0.0,0.18740157480314962
109,0.006666666666666667,0.8666666666666667,0.12666666666666668,0.0
110,0.3378076062639821,0.23937360178970918,0.0,0.4228187919463087
111,0.753968253968254,0.0,0.12698412698412698,0.11904761904761904
112,0.225,0.325,0.0,0.45
113,0.0,0.28975265017667845,0.6413427561837456,0.06890459363957598
114,0.5606060606060606,0.0,0.2727272727272727,0.16666666666666666
115,0.0,0.2925764192139738,0.5152838427947598,0.19213973799126638
116,0.5151515151515151,0.06060606060606061,0.0,0.42424242424242425
117,0.4631578947368421,0.15789473684210525,0.0,0.37894736842105264
118,0.07917888563049853,0.0,0.08504398826979472,0.8357771260997068
119,0.3769230769230769,0.0,0.3076923076923077,0.3153846153846154
120,0.3333333333333333,0.0,0.4642857142857143,0.20238095238095238
121,0.2857142857142857,0.0,0.4126984126984127,0.30158730158730157
122,0.2710084033613445,0.5672268907563025,0.16176470588235295,0.0
123,0.35714285714285715,0.26785714285714285,0.0,0.375
124,0.28,0.44,0.0,0.28
125,0.0,0.31876138433515483,0.5245901639344263,0.15664845173041894
126,0.3611111111111111,0.0,0.623015873015873,0.015873015873015872
127,0.0,0.125,0.5514705882352942,0.3235294117647059
128,0.0,0.14424410540915394,0.7933425797503467,0.06241331484049931
129,0.44954128440366975,0.44954128440366975,0.0,0.10091743119266056
130,0.25,0.41911764705882354,0.0,0.33088235294117646
131,0.4588918677390527,0.41420911528150134,0.0,0.12689901697944594
132,0.06134969325153374,0.0,0.03680981595092025,0.901840490797546
133,0.0367965367965368,0.9004329004329005,0.06277056277056277,0.0
134,0.15369649805447472,0.3132295719844358,0.5330739299610895,0.0
135,0.08835341365461848,0.8313253012048193,0.0,0.08032128514056225
136,0.0,0.532608695652174,0.34782608695652173,0.11956521739130435
137,0.6334106728538283,0.32018561484918795,0.0,0.04640371229698376
138,0.14583333333333334,0.3333333333333333,0.5208333333333334,0.0
139,0.3776595744680851,0.031914893617021274,0.0,0.5904255319148937
140,0.22058823529411764,0.5441176470588235,0.0,0.23529411764705882
141,0.0,0.3065395095367847,0.6021798365122616,0.09128065395095368
142,0.11320754716981132,0.18867924528301888,0.6981132075471698,0.0
143,0.5483870967741935,0.21370967741935484,0.0,0.23790322580645162
144,0.17647058823529413,0.11764705882352941,0.0,0.7058823529411765
145,0.011834319526627219,0.9467455621301775,0.0,0.04142011834319527
146,0.0,0.28013876843018215,0.5823937554206418,0.13746747614917607
147,0.19927536231884058,0.3115942028985507,0.4891304347826087,0.0
148,0.3062200956937799,0.35406698564593303,0.0,0.3397129186602871
149,0.33992094861660077,0.4505928853754941,0.0,0.20948616600790515
150,0.0,0.10647482014388489,0.7323741007194244,0.16115107913669063
151,0.18416523235800344,0.3098106712564544,0.5060240963855421,0.0
152,0.4251824817518248,0.0,0.13138686131386862,0.44343065693430656
153,0.0,0.2,0.6507462686567164,0.14925373134328357
154,0.665893271461717,0.25444702242846096,0.0,0.07965970610982212
155,0.21408711770157554,0.0,0.10287303058387395,0.6830398517145505
156,0.46833534378769603,0.4707478890229192,0.0,0.0609167671893848
157,0.13625154130702835,0.0,0.6461159062885327,0.21763255240443896
158,0.27893422148209823,0.5437135720233139,0.17735220649458786,0.0
159,0.25040453074433655,0.5238673139158576,0.22572815533980584,0.0
160,0.0,0.4764344262295082,0.12192622950819672,0.4016393442622951
161,0.18396226415094338,0.0,0.16391509433962265,0.652122641509434
162,0.0,0.15418994413407822,0.7240223463687151,0.1217877094972067
163,0.0,0.3565387117761874,0.5823031880286272,0.06115810019518542
164,0.16182336182336182,0.6256410256410256,0.21253561253561254,0.0
165,0.5592885375494071,0.2924901185770751,0.0,0.1482213438735178
166,0.5705368289637952,0.2915106117353308,0.0,0.1379525593008739
167,0.36643124221022016,0.3182384711258828,0.31533028666389695,0.0
168,0.0,0.2603125,0.6253125,0.114375
169,0.0,0.24276169265033407,0.5478841870824054,0.20935412026726058
170,0.31295100645651347,0.0,0.3570072161033042,0.3300417774401823
171,0.0,0.1972187104930468,0.6738305941845765,0.12895069532237674
172,0.1871713985278654,0.0,0.49631966351209256,0.31650893796004204
173,0.0,0.3371212121212121,0.4494949494949495,0.21338383838383837
174,0.0,0.2980609418282548,0.5673130193905818,0.13462603878116344
175,0.0,0.2570212765957447,0.4246808510638298,0.31829787234042556
176,0.2583883751651255,0.0,0.39180977542932627,0.3498018494055482
177,0.26330532212885155,0.3431372549019608,0.39355742296918766,0.0
178,0.0,0.4137308039747064,0.06775067750677506,0.5185185185185185
179,0.08597883597883597,0.701058201058201,0.21296296296296297,0.0
180,0.32714138286893707,0.25593395252837975,0.0,0.4169246646026832
181,0.19483568075117372,0.0,0.3536776212832551,0.4514866979655712
182,0.0,0.31829896907216493,0.5115979381443299,0.17010309278350516
183,0.2564814814814815,0.0,0.6472222222222223,0.0962962962962963
184,0.0,0.3669724770642202,0.5586136595310908,0.0744138634046891
185,0.37174721189591076,0.42193308550185876,0.0,0.20631970260223048
186,0.0,0.43018867924528303,0.5377358490566038,0.03207547169811321
187,0.0,0.16460055096418733,0.7417355371900827,0.09366391184573003
188,0.4537261698440208,0.31299826689774696,0.0,0.23327556325823223
189,0.043322475570032576,0.0,0.13192182410423453,0.8247557003257329
190,0.2598684210526316,0.1513157894736842,0.5888157894736842,0.0
191,0.10132575757575757,0.0,0.19507575757575757,0.7035984848484849
192,0.4109090909090909,0.0,0.5072727272727273,0.08181818181818182
193,0.0,0.12717770034843207,0.6533101045296167,0.21951219512195122
194,0.48392857142857143,0.39285714285714285,0.0,0.12321428571428572
195,0.6183574879227053,0.1111111111111111,0.0,0.27053140096618356
196,0.9287733182589033,0.046353872244205764,0.0,0.0248728094968909
197,0.3504273504273504,0.0,0.28774928774928776,0.36182336182336183
198,0.0,0.7180851063829787,0.20212765957446807,0.0797872340425532
199,0.3125,0.32142857142857145,0.0,0.36607142857142855
200,0.0,0.10396039603960396,0.8836633663366337,0.012376237623762377
201,0.31619339984650807,0.5932463545663853,0.0,0.09056024558710668
202,0.17735849056603772,0.29056603773584905,0.5320754716981132,0.0
203,0.5105820105820106,0.0,0.17195767195767195,0.31746031746031744
204,0.0,0.10687022900763359,0.37786259541984735,0.5152671755725191
205,0.19350811485642946,0.0,0.31585518102372034,0.49063670411985016
206,0.2994350282485876,0.0,0.3295668549905838,0.3709981167608286
207,0.0,0.341029341029341,0.2453102453102453,0.4136604136604137
208,0.16783216783216784,0.1258741258741259,0.7062937062937062,0.0
209,0.275,0.34285714285714286,0.0,0.3821428571428571
210,0.0,0.14606741573033707,0.4794007490636704,0.37453183520599254
211,0.13857677902621723,0.0,0.7940074906367042,0.06741573033707865
212,0.22236842105263158,0.0,0.27631578947368424,0.5013157894736842
213,0.0,0.08496732026143791,0.8333333333333334,0.08169934640522876
214,0.13872832369942195,0.0,0.3228736581337737,0.5383980181668043
215,0.0,0.24074074074074073,0.5018518518518519,0.2574074074074074
216,0.5648148148148148,0.2638888888888889,0.0,0.1712962962962963
217,0.0,0.29577464788732394,0.3028169014084507,0.4014084507042254
218,0.1505281690140845,0.0,0.4339788732394366,0.4154929577464789
219,0.0,0.26785714285714285,0.4849624060150376,0.24718045112781956
220,0.3971462544589774,0.0,0.2901307966706302,0.31272294887039237
221,0.0,0.17196261682242991,0.4738317757009346,0.3542056074766355
222,0.11791383219954649,0.2471655328798186,0.6349206349206349,0.0
223,0.30708661417322836,0.0,0.2283464566929134,0.4645669291338583
224,0.2302439024390244,0.0,0.28780487804878047,0.4819512195121951
225,0.0,0.11500974658869395,0.6588693957115009,0.22612085769980506
226,0.2958579881656805,0.0,0.3520710059171598,0.3520710059171598
227,0.48502994011976047,0.3473053892215569,0.0,0.16766467065868262
228,0.0,0.11857018308631212,0.8265039232781168,0.05492589363557106
229,0.5817513778322106,0.40691977954684627,0.0,0.01132884262094305
230,0.19422249539028888,0.0,0.21020282728948986,0.5955746773202213
231,0.0,0.11818181818181818,0.45454545454545453,0.42727272727272725
232,0.18315018315018314,0.0,0.12087912087912088,0.6959706959706959
233,0.0,0.25,0.5148902821316614,0.23510971786833856
234,0.6330935251798561,0.03597122302158273,0.0,0.33093525179856115
235,0.026881720430107527,0.0,0.17809139784946237,0.7950268817204301
236,0.11549851924975321,0.0,0.6386969397828233,0.2458045409674235
237,0.20833333333333334,0.5611111111111111,0.23055555555555557,0.0
238,0.0,0.21530249110320285,0.033807829181494664,0.7508896797153025
239,0.04287045666356011,0.0,0.05498602050326188,0.902143522833178
240,0.0,0.36926605504587157,0.19877675840978593,0.4319571865443425
241,0.11764705882352941,0.17647058823529413,0.7058823529411765,0.0
242,0.2711864406779661,0.1864406779661017,0.0,0.5423728813559322
243,0.2694610778443114,0.5149700598802395,0.0,0.2155688622754491
244,0.0,0.4166666666666667,0.45614035087719296,0.12719298245614036
245,0.7968699054450603,0.1653081186827519,0.0,0.03782197587218781
246,0.10585858585858586,0.0,0.2606060606060606,0.6335353535353535
247,0.08620689655172414,0.12931034482758622,0.7844827586206896,0.0
248,0.6343873517786561,0.25296442687747034,0.0,0.11264822134387352
249,0.0,0.36662749706227965,0.4888366627497062,0.1445358401880141
250,0.326605504587156,0.5944954128440367,0.0,0.07889908256880734
251,0.4074074074074074,0.37037037037037035,0.0,0.2222222222222222
252,0.0,0.14957780458383596,0.8021712907117008,0.04825090470446321
253,0.7313997477931904,0.22194199243379573,0.0,0.04665825977301387
254,0.16216216216216217,0.0,0.17893755824790308,0.6589002795899348
255,0.27167630057803466,0.0,0.07514450867052024,0.653179190751445
256,0.168141592920354,0.19469026548672566,0.6371681415929203,0.0
257,0.2175,0.6916666666666667,0.0,0.09083333333333334
258,0.0,0.5313725490196078,0.43137254901960786,0.03725490196078431
259,0.21826560536237954,0.7398408043569333,0.0,0.04189359028068706
260,0.0,0.2840466926070039,0.4591439688715953,0.25680933852140075
261,0.1638888888888889,0.5791666666666667,0.2569444444444444,0.0
262,0.30029440628066734,0.0,0.038272816486751716,0.661432777232581
263,0.24410377358490565,0.5813679245283019,0.17452830188679244,0.0
264,0.6982758620689655,0.08620689655172414,0.0,0.21551724137931033
265,0.0,0.29571984435797666,0.6303501945525292,0.07392996108949416
266,0.3025210084033613,0.0,0.5084033613445378,0.18907563025210083
267,0.2222222222222222,0.13333333333333333,0.0,0.6444444444444445
268,0.0,0.5333333333333333,0.3466666666666667,0.12
269,0.27555555555555555,0.0,0.18222222222222223,0.5422222222222223
270,0.0,0.11945392491467577,0.36177474402730375,0.5187713310580204
271,0.31666666666666665,0.0,0.6833333333333333,0.0
272,0.4689655172413793,0.2620689655172414,0.0,0.2689655172413793
273,0.375,0.08928571428571429,0.0,0.5357142857142857
274,0.07717041800643087,0.0,0.8778135048231511,0.04501607717041801
275,0.3113207547169811,0.0,0.18867924528301888,0.5
276,0.806420699568759,0.1509343555342597,0.0,0.04264494489698131
277,0.11411411411411411,0.7207207207207207,0.16516516516516516,0.0
278,0.2893042575285566,0.44485981308411215,0.0,0.26583592938733125
279,0.11363636363636363,0.22727272727272727,0.6590909090909091,0.0
280,0.0,0.02185792349726776,0.03278688524590164,0.9453551912568307
281,0.004694835680751174,0.9389671361502347,0.056338028169014086,0.0
282,0.13114754098360656,0.2786885245901639,0.5901639344262295,0.0
283,0.0,0.014925373134328358,0.024520255863539446,0.9605543710021321
284,0.00880503144654088,0.0,0.006289308176100629,0.9849056603773585
285,0.11855670103092783,0.15463917525773196,0.7268041237113402,0.0
286,0.2773722627737226,0.12408759124087591,0.0,0.5985401459854015
287,0.0,0.6504672897196262,0.34953271028037386,0.0
288,0.6263440860215054,0.043010752688172046,0.0,0.33064516129032256
289,0.1211734693877551,0.0,0.09948979591836735,0.7793367346938775
290,0.3325242718446602,0.3883495145631068,0.0,0.279126213592233
291,0.0,0.7799352750809061,0.2168284789644013,0.003236245954692557
292,0.7675,0.1125,0.0,0.12
293,0.0,0.15950920245398773,0.7975460122699386,0.04294478527607362
294,0.28901734104046245,0.1676300578034682,0.0,0.5433526011560693
295,0.0,0.18435754189944134,0.37988826815642457,0.43575418994413406
296,0.2727272727272727,0.5113636363636364,0.2159090909090909,0.0
297,0.2925170068027211,0.0,0.48299319727891155,0.22448979591836735
298,0.4230769230769231,0.28205128205128205,0.2948717948717949,0.0
299,0.3,0.0,0.06666666666666667,0.6333333333333333
300,0.1111111111111111,0.0,0.8888888888888888,0.0
301,0.5294117647058824,0.0,0.4117647058823529,0.058823529411764705
302,0.8888888888888888,0.0,0.0,0.1111111111111111
303,0.0,0.0,0.0,1.0
304,0.0,0.25,0.0,0.75
305,0.0,0.0,0.0,1.0
306,0.0,0.5,0.5,0.0
307,0.0,0.0,0.0,1.0
308,,,,
309,0.0,0.0,1.0,0.0
310,,,,
311,,,,
312,,,,
313,,,,
314,,,,
315,,,,
