,A,C,G,T
0,,,,
1,,,,
2,0.8636363636363636,0.13636363636363635,0.0,0.0
3,0.7027027027027027,0.24324324324324326,0.0,0.05405405405405406
4,0.43209876543209874,0.48148148148148145,0.08641975308641975,0.0
5,0.6222222222222222,0.2,0.0,0.17777777777777778
6,0.17142857142857143,0.0,0.6,0.22857142857142856
7,0.0,0.09230769230769231,0.5384615384615384,0.36923076923076925
8,0.59375,0.284375,0.0,0.121875
9,0.03680981595092025,0.0,0.22699386503067484,0.7361963190184049
10,0.4,0.2,0.4,0.0
11,0.46511627906976744,0.13953488372093023,0.0,0.3953488372093023
12,0.3103448275862069,0.5172413793103449,0.0,0.1724137931034483
13,0.7586206896551724,0.2413793103448276,0.0,0.0
14,0.8,0.06666666666666667,0.0,0.13333333333333333
15,0.0,0.7419354838709677,0.0,0.25806451612903225
16,0.0,0.43478260869565216,0.34782608695652173,0.21739130434782608
17,0.7272727272727273,0.2077922077922078,0.0,0.06493506493506493
18,0.22727272727272727,0.13636363636363635,0.6363636363636364,0.0
19,0.5,0.0,0.25,0.25
20,0.03896103896103896,0.35064935064935066,0.6103896103896104,0.0
21,0.0,0.25,0.0,0.75
22,0.16666666666666666,0.16666666666666666,0.0,0.6666666666666666
23,0.6153846153846154,0.19230769230769232,0.0,0.19230769230769232
24,0.0,0.13333333333333333,0.0,0.8666666666666667
25,0.18181818181818182,0.18181818181818182,0.0,0.6363636363636364
26,0.0,0.47619047619047616,0.19047619047619047,0.3333333333333333
27,0.8285714285714286,0.08571428571428572,0.0,0.08571428571428572
28,0.5928571428571429,0.37142857142857144,0.0,0.03571428571428571
29,0.38095238095238093,0.0,0.3333333333333333,0.2857142857142857
30,0.03125,0.59375,0.375,0.0
31,0.23076923076923078,0.38461538461538464,0.38461538461538464,0.0
32,0.5142857142857142,0.3142857142857143,0.0,0.17142857142857143
33,0.4444444444444444,0.1111111111111111,0.0,0.4444444444444444
34,0.0,0.7857142857142857,0.21428571428571427,0.0
35,0.0,0.0,0.2,0.8
36,0.0,0.39622641509433965,0.5849056603773585,0.018867924528301886
37,0.0,0.22330097087378642,0.7378640776699029,0.038834951456310676
38,0.171875,0.703125,0.0,0.125
39,0.23076923076923078,0.0,0.3076923076923077,0.46153846153846156
40,0.25,0.0,0.25,0.5
41,0.09090909090909091,0.2727272727272727,0.6363636363636364,0.0
42,0.125,0.75,0.0,0.125
43,0.6,0.2,0.0,0.2
44,0.0,0.32857142857142857,0.5285714285714286,0.14285714285714285
45,0.75,0.125,0.0,0.125
46,0.9666666666666667,0.0,0.0,0.03333333333333333
47,0.42105263157894735,0.3157894736842105,0.0,0.2631578947368421
48,0.15384615384615385,0.5384615384615384,0.3076923076923077,0.0
49,0.7,0.0,0.1,0.2
50,0.22727272727272727,0.0,0.18181818181818182,0.5909090909090909
51,0.25,0.0,0.4375,0.3125
52,0.13333333333333333,0.4,0.4666666666666667,0.0
53,0.4722222222222222,0.4027777777777778,0.0,0.125
54,0.0,0.7142857142857143,0.22857142857142856,0.05714285714285714
55,0.34615384615384615,0.5384615384615384,0.0,0.11538461538461539
56,0.0,0.6875,0.25,0.0625
57,0.5652173913043478,0.0,0.391304347826087,0.043478260869565216
58,0.0,0.6923076923076923,0.3076923076923077,0.0
59,0.1388888888888889,0.0,0.3611111111111111,0.5
60,0.391304347826087,0.34782608695652173,0.2608695652173913,0.0
61,0.4166666666666667,0.0,0.3333333333333333,0.25
62,0.3584905660377358,0.0,0.1320754716981132,0.5094339622641509
63,0.0,0.23076923076923078,0.7692307692307693,0.0
64,0.0,0.0,0.0,1.0
65,0.019230769230769232,0.75,0.23076923076923078,0.0
66,0.6870229007633588,0.022900763358778626,0.0,0.2900763358778626
67,0.5291005291005291,0.0,0.06349206349206349,0.4074074074074074
68,0.0,0.27941176470588236,0.6176470588235294,0.10294117647058823
69,0.7631578947368421,0.15789473684210525,0.0,0.07894736842105263
70,0.022222222222222223,0.0,0.5666666666666667,0.4111111111111111
71,0.26865671641791045,0.0,0.34328358208955223,0.3880597014925373
72,0.25,0.4642857142857143,0.2857142857142857,0.0
73,0.5,0.0,0.08333333333333333,0.4166666666666667
74,0.32075471698113206,0.37735849056603776,0.3018867924528302,0.0
75,0.5454545454545454,0.38636363636363635,0.0,0.06818181818181818
76,0.6046511627906976,0.3023255813953488,0.0,0.09302325581395349
77,0.0,0.6216216216216216,0.3108108108108108,0.06756756756756757
78,0.13953488372093023,0.6046511627906976,0.2558139534883721,0.0
79,0.2972972972972973,0.40540540540540543,0.2972972972972973,0.0
80,0.02127659574468085,0.0,0.3191489361702128,0.6595744680851063
81,0.0,0.42857142857142855,0.44285714285714284,0.12857142857142856
82,0.2395543175487465,0.0,0.4011142061281337,0.3593314763231198
83,0.16990291262135923,0.0,0.3155339805825243,0.5145631067961165
84,0.047619047619047616,0.6666666666666666,0.2857142857142857,0.0
85,0.08695652173913043,0.6086956521739131,0.30434782608695654,0.0
86,0.13636363636363635,0.0,0.13636363636363635,0.7272727272727273
87,0.0,0.384,0.576,0.04
88,0.4672897196261682,0.3925233644859813,0.0,0.14018691588785046
89,0.39316239316239315,0.3162393162393162,0.2905982905982906,0.0
90,0.6666666666666666,0.1111111111111111,0.0,0.2222222222222222
91,0.0,0.6666666666666666,0.2692307692307692,0.0641025641025641
92,0.3333333333333333,0.0,0.21739130434782608,0.4492753623188406
93,0.1223021582733813,0.7338129496402878,0.14388489208633093,0.0
94,0.0,0.2786885245901639,0.02185792349726776,0.6994535519125683
95,0.07608695652173914,0.0,0.13043478260869565,0.7934782608695652
96,0.06097560975609756,0.6829268292682927,0.25609756097560976,0.0
97,0.0,0.45871559633027525,0.07339449541284404,0.46788990825688076
98,0.109375,0.0,0.1171875,0.7734375
99,0.0,0.5507246376811594,0.13043478260869565,0.3188405797101449
100,0.09090909090909091,0.36363636363636365,0.5454545454545454,0.0
101,0.3111111111111111,0.3111111111111111,0.0,0.37777777777777777
102,0.0,0.288135593220339,0.6271186440677966,0.0847457627118644
103,0.39307535641547864,0.560081466395112,0.0,0.04684317718940937
104,0.03591160220994475,0.0,0.08839779005524862,0.8756906077348067
105,0.25,0.125,0.625,0.0
106,0.1,0.1,0.0,0.8
107,0.0,0.16666666666666666,0.0,0.8333333333333334
108,0.0,0.1590909090909091,0.6409090909090909,0.2
109,0.06666666666666667,0.4,0.5333333333333333,0.0
110,0.25892857142857145,0.0,0.10714285714285714,0.6339285714285714
111,0.3333333333333333,0.0,0.2222222222222222,0.4444444444444444
112,0.6666666666666666,0.3333333333333333,0.0,0.0
113,0.21739130434782608,0.0,0.22826086956521738,0.5543478260869565
114,0.8333333333333334,0.0,0.08333333333333333,0.08333333333333333
115,0.0,0.20689655172413793,0.5517241379310345,0.2413793103448276
116,0.34375,0.53125,0.0,0.125
117,0.3917525773195876,0.32989690721649484,0.0,0.27835051546391754
118,0.1,0.0,0.43333333333333335,0.4666666666666667
119,0.12307692307692308,0.5846153846153846,0.2923076923076923,0.0
120,0.2,0.0,0.2,0.6
121,0.875,0.0,0.125,0.0
122,0.0,0.3373493975903614,0.5180722891566265,0.14457831325301204
123,0.15384615384615385,0.6153846153846154,0.0,0.23076923076923078
124,0.4,0.4666666666666667,0.0,0.13333333333333333
125,0.7261904761904762,0.21428571428571427,0.0,0.05952380952380952
126,0.0,0.2631578947368421,0.6842105263157895,0.05263157894736842
127,0.0,0.1111111111111111,0.691358024691358,0.19753086419753085
128,0.42857142857142855,0.07142857142857142,0.0,0.5
129,0.3170731707317073,0.34146341463414637,0.0,0.34146341463414637
130,0.08695652173913043,0.17391304347826086,0.0,0.7391304347826086
131,0.5887850467289719,0.2383177570093458,0.0,0.17289719626168223
132,0.1956521739130435,0.0,0.3695652173913043,0.43478260869565216
133,0.015625,0.640625,0.34375,0.0
134,0.3194444444444444,0.027777777777777776,0.0,0.6527777777777778
135,0.08333333333333333,0.4722222222222222,0.0,0.4444444444444444
136,0.0,0.1,0.8,0.1
137,0.8404255319148937,0.06382978723404255,0.0,0.09574468085106383
138,0.11428571428571428,0.0,0.8857142857142857,0.0
139,0.34210526315789475,0.10526315789473684,0.0,0.5526315789473685
140,0.04878048780487805,0.524390243902439,0.0,0.4268292682926829
141,0.6365313653136532,0.3376383763837638,0.0,0.025830258302583026
142,0.2413793103448276,0.13793103448275862,0.6206896551724138,0.0
143,0.06338028169014084,0.7183098591549296,0.21830985915492956,0.0
144,0.015544041450777202,0.0051813471502590676,0.9792746113989638,0.0
145,0.45454545454545453,0.0,0.3333333333333333,0.21212121212121213
146,0.0,0.3611111111111111,0.3611111111111111,0.2777777777777778
147,0.17204301075268819,0.5268817204301075,0.3010752688172043,0.0
148,0.0,0.281437125748503,0.1497005988023952,0.5688622754491018
149,0.06713780918727916,0.0,0.07773851590106007,0.8551236749116607
150,0.0,0.2777777777777778,0.6111111111111112,0.1111111111111111
151,0.23333333333333334,0.26666666666666666,0.5,0.0
152,0.2826086956521739,0.5521739130434783,0.16521739130434782,0.0
153,0.0,0.12149532710280374,0.719626168224299,0.1588785046728972
154,0.34972677595628415,0.5628415300546448,0.0,0.08743169398907104
155,0.09714285714285714,0.6971428571428572,0.2057142857142857,0.0
156,0.0,0.21662468513853905,0.6624685138539043,0.12090680100755667
157,0.4780600461893764,0.3995381062355658,0.0,0.12240184757505773
158,0.21993127147766323,0.5463917525773195,0.23367697594501718,0.0
159,0.0,0.3157894736842105,0.6194331983805668,0.06477732793522267
160,0.39932885906040266,0.4798657718120805,0.0,0.12080536912751678
161,0.3007518796992481,0.41353383458646614,0.2857142857142857,0.0
162,0.7806451612903226,0.07741935483870968,0.0,0.14193548387096774
163,0.3904109589041096,0.4726027397260274,0.0,0.136986301369863
164,0.2629757785467128,0.48788927335640137,0.2491349480968858,0.0
165,0.0,0.22493224932249323,0.5691056910569106,0.20596205962059622
166,0.5248868778280543,0.37858220211161386,0.0,0.09653092006033183
167,0.3574007220216607,0.4187725631768953,0.22382671480144403,0.0
168,0.0,0.23547400611620795,0.3944954128440367,0.37003058103975534
169,0.33618233618233617,0.0,0.21082621082621084,0.452991452991453
170,0.2331288343558282,0.0,0.24539877300613497,0.5214723926380368
171,0.0,0.14285714285714285,0.6726190476190477,0.18452380952380953
172,0.3333333333333333,0.5094339622641509,0.15723270440251572,0.0
173,0.0,0.3900709219858156,0.3723404255319149,0.2375886524822695
174,0.33447098976109213,0.3447098976109215,0.32081911262798635,0.0
175,0.0,0.30869565217391304,0.08695652173913043,0.6043478260869565
176,0.09195402298850575,0.0,0.22988505747126436,0.6781609195402298
177,0.2903225806451613,0.5376344086021505,0.17204301075268819,0.0
178,0.0,0.475,0.175,0.35
179,0.045662100456621,0.0,0.0136986301369863,0.9406392694063926
180,0.49586776859504134,0.049586776859504134,0.0,0.45454545454545453
181,0.17543859649122806,0.0,0.4824561403508772,0.34210526315789475
182,0.0,0.13043478260869565,0.5,0.3695652173913043
183,0.6578947368421053,0.10526315789473684,0.0,0.23684210526315788
184,0.0,0.2808988764044944,0.651685393258427,0.06741573033707865
185,0.10112359550561797,0.0,0.4943820224719101,0.4044943820224719
186,0.09523809523809523,0.21428571428571427,0.6904761904761905,0.0
187,0.4782608695652174,0.0,0.043478260869565216,0.4782608695652174
188,0.28846153846153844,0.28846153846153844,0.4230769230769231,0.0
189,0.27586206896551724,0.46551724137931033,0.0,0.25862068965517243
190,0.03571428571428571,0.17857142857142858,0.7857142857142857,0.0
191,0.20512820512820512,0.38461538461538464,0.0,0.41025641025641024
192,0.0,0.2621359223300971,0.7087378640776699,0.02912621359223301
193,0.0,0.10471204188481675,0.7853403141361257,0.1099476439790576
194,0.5106382978723404,0.2765957446808511,0.0,0.2127659574468085
195,0.25,0.25,0.0,0.5
196,0.44,0.12,0.0,0.44
197,0.24,0.0,0.44,0.32
198,0.6666666666666666,0.0,0.2222222222222222,0.1111111111111111
199,0.16666666666666666,0.3333333333333333,0.0,0.5
200,0.0,0.5350877192982456,0.41228070175438597,0.05263157894736842
201,0.06666666666666667,0.26666666666666666,0.6666666666666666,0.0
202,0.15789473684210525,0.21052631578947367,0.631578947368421,0.0
203,0.3076923076923077,0.0,0.038461538461538464,0.6538461538461539
204,0.0,0.08333333333333333,0.6805555555555556,0.2361111111111111
205,0.18181818181818182,0.0,0.14772727272727273,0.6704545454545454
206,0.42105263157894735,0.0,0.23684210526315788,0.34210526315789475
207,0.0,0.09090909090909091,0.8823529411764706,0.026737967914438502
208,0.11538461538461539,0.3269230769230769,0.5576923076923077,0.0
209,0.11267605633802817,0.0,0.39436619718309857,0.49295774647887325
210,0.16279069767441862,0.11627906976744186,0.7209302325581395,0.0
211,0.25,0.0,0.0625,0.6875
212,0.2,0.0,0.06666666666666667,0.7333333333333333
213,0.0,0.5263157894736842,0.3157894736842105,0.15789473684210525
214,0.35714285714285715,0.0,0.0,0.6428571428571429
215,0.9537037037037037,0.018518518518518517,0.0,0.027777777777777776
216,0.7142857142857143,0.0,0.0,0.2857142857142857
217,0.0,0.7142857142857143,0.2857142857142857,0.0
218,0.5454545454545454,0.0,0.09090909090909091,0.36363636363636365
219,0.0,0.15555555555555556,0.7555555555555555,0.08888888888888889
220,0.0,0.3125,0.6041666666666666,0.08333333333333333
221,0.1,0.0,0.07272727272727272,0.8272727272727273
222,0.5478260869565217,0.043478260869565216,0.0,0.40869565217391307
223,0.10294117647058823,0.0,0.47058823529411764,0.4264705882352941
224,0.21875,0.0,0.625,0.15625
225,0.0,0.3111111111111111,0.6592592592592592,0.02962962962962963
226,0.0,0.05504587155963303,0.8256880733944955,0.11926605504587157
227,0.3247863247863248,0.5128205128205128,0.0,0.1623931623931624
228,0.0,0.23404255319148937,0.6808510638297872,0.0851063829787234
229,0.0,0.15555555555555556,0.6444444444444445,0.2
230,0.09883720930232558,0.0,0.37209302325581395,0.5290697674418605
231,0.5842696629213483,0.056179775280898875,0.3595505617977528,0.0
232,0.14516129032258066,0.0,0.03225806451612903,0.8225806451612904
233,0.0,0.26436781609195403,0.3218390804597701,0.41379310344827586
234,0.24567474048442905,0.0,0.4913494809688581,0.2629757785467128
235,0.0,0.3,0.7,0.0
236,0.3902439024390244,0.36585365853658536,0.0,0.24390243902439024
237,0.058823529411764705,0.5630252100840336,0.37815126050420167,0.0
238,0.0,0.22945205479452055,0.0136986301369863,0.7568493150684932
239,0.037037037037037035,0.7222222222222222,0.24074074074074073,0.0
240,0.0,0.0,0.03896103896103896,0.961038961038961
241,0.14285714285714285,0.0,0.8571428571428571,0.0
242,0.5053763440860215,0.3817204301075269,0.0,0.11290322580645161
243,0.0891089108910891,0.0,0.8613861386138614,0.04950495049504951
244,0.0,0.14814814814814814,0.5185185185185185,0.3333333333333333
245,0.0,0.295,0.64,0.065
246,0.0,0.43902439024390244,0.08536585365853659,0.47560975609756095
247,0.125,0.125,0.75,0.0
248,0.15789473684210525,0.5789473684210527,0.0,0.2631578947368421
249,0.0,0.11764705882352941,0.8235294117647058,0.058823529411764705
250,0.0,0.3884297520661157,0.5619834710743802,0.049586776859504134
251,0.012903225806451613,0.0,0.22580645161290322,0.7612903225806451
252,0.0,0.10416666666666667,0.7708333333333334,0.125
253,0.6715328467153284,0.29927007299270075,0.0,0.029197080291970802
254,0.1650485436893204,0.0,0.08737864077669903,0.7475728155339806
255,0.05714285714285714,0.0,0.6857142857142857,0.2571428571428571
256,0.0,0.14285714285714285,0.8571428571428571,0.0
257,0.5178571428571429,0.375,0.0,0.10714285714285714
258,0.0,0.42857142857142855,0.5604395604395604,0.01098901098901099
259,0.2621359223300971,0.6990291262135923,0.0,0.038834951456310676
260,0.0,0.3333333333333333,0.4827586206896552,0.1839080459770115
261,0.38317757009345793,0.5233644859813084,0.0,0.09345794392523364
262,0.17679558011049723,0.0,0.11878453038674033,0.7044198895027625
263,0.25,0.0,0.25,0.5
264,0.8695652173913043,0.0,0.0,0.13043478260869565
265,0.0,0.35,0.6,0.05
266,0.39349112426035504,0.5266272189349113,0.0,0.07988165680473373
267,0.5,0.0,0.0,0.5
268,0.0,0.3333333333333333,0.6666666666666666,0.0
269,0.21212121212121213,0.0,0.0,0.7878787878787878
270,0.0,0.05555555555555555,0.3333333333333333,0.6111111111111112
271,0.0,0.0,0.25,0.75
272,0.2916666666666667,0.4166666666666667,0.0,0.2916666666666667
273,0.26666666666666666,0.06666666666666667,0.0,0.6666666666666666
274,0.018867924528301886,0.0,0.9245283018867925,0.05660377358490566
275,0.0,1.0,0.0,0.0
276,0.5720720720720721,0.36036036036036034,0.0,0.06756756756756757
277,0.030303030303030304,0.5454545454545454,0.42424242424242425,0.0
278,0.2855093256814921,0.4232424677187948,0.0,0.29124820659971307
279,0.0,0.25,0.75,0.0
280,0.0,0.0,0.0,1.0
281,0.041666666666666664,0.9375,0.020833333333333332,0.0
282,0.06666666666666667,0.6666666666666666,0.26666666666666666,0.0
283,0.0,0.06040268456375839,0.013422818791946308,0.9261744966442953
284,0.005,0.0,0.015,0.98
285,0.05263157894736842,0.3684210526315789,0.5789473684210527,0.0
286,0.25,0.25,0.0,0.5
287,0.0,0.8656716417910447,0.13432835820895522,0.0
288,0.8679245283018868,0.03773584905660377,0.0,0.09433962264150944
289,0.07079646017699115,0.0,0.13274336283185842,0.7964601769911505
290,0.4716981132075472,0.32075471698113206,0.0,0.20754716981132076
291,0.0,0.6101694915254238,0.3898305084745763,0.0
292,0.7966101694915254,0.1016949152542373,0.0,0.1016949152542373
293,0.0,0.2894736842105263,0.6052631578947368,0.10526315789473684
294,0.48484848484848486,0.3333333333333333,0.0,0.18181818181818182
295,0.0,0.22727272727272727,0.36363636363636365,0.4090909090909091
296,0.25,0.4166666666666667,0.3333333333333333,0.0
297,0.21052631578947367,0.0,0.47368421052631576,0.3157894736842105
298,0.375,0.5,0.125,0.0
299,0.2,0.0,0.3,0.5
300,,,,
301,0.0,0.0,1.0,0.0
302,0.0,1.0,0.0,0.0
303,0.0,0.0,0.3333333333333333,0.6666666666666666
304,0.0,0.0,1.0,0.0
305,,,,
306,,,,
307,,,,
308,,,,
309,,,,
310,0.0,0.0,0.0,1.0
311,,,,
312,,,,
313,,,,
314,,,,
315,,,,
