,A,C,G,T
0,,,,
1,,,,
2,0.5098039215686274,0.43137254901960786,0.0,0.058823529411764705
3,0.38095238095238093,0.38095238095238093,0.0,0.23809523809523808
4,0.6344086021505376,0.24731182795698925,0.11827956989247312,0.0
5,0.4444444444444444,0.2638888888888889,0.0,0.2916666666666667
6,0.6,0.0,0.28,0.12
7,0.0,0.037037037037037035,0.9074074074074074,0.05555555555555555
8,0.5433333333333333,0.29333333333333333,0.0,0.16333333333333333
9,0.05511811023622047,0.0,0.14960629921259844,0.7952755905511811
10,0.2,0.6,0.2,0.0
11,0.3333333333333333,0.26666666666666666,0.0,0.4
12,0.30434782608695654,0.391304347826087,0.0,0.30434782608695654
13,0.6486486486486487,0.24324324324324326,0.10810810810810811,0.0
14,0.13513513513513514,0.2972972972972973,0.0,0.5675675675675675
15,0.05714285714285714,0.7428571428571429,0.0,0.2
16,0.0,0.3684210526315789,0.3684210526315789,0.2631578947368421
17,0.525,0.35,0.0,0.125
18,0.375,0.25,0.375,0.0
19,0.3333333333333333,0.0,0.16666666666666666,0.5
20,0.08771929824561403,0.09649122807017543,0.8157894736842105,0.0
21,0.0,0.6666666666666666,0.0,0.3333333333333333
22,0.0,0.375,0.0,0.625
23,0.391304347826087,0.2608695652173913,0.0,0.34782608695652173
24,0.23076923076923078,0.15384615384615385,0.0,0.6153846153846154
25,0.0,0.3333333333333333,0.0,0.6666666666666666
26,0.0,0.3392857142857143,0.625,0.03571428571428571
27,0.5833333333333334,0.25,0.0,0.16666666666666666
28,0.6097560975609756,0.3089430894308943,0.0,0.08130081300813008
29,0.1951219512195122,0.0,0.4146341463414634,0.3902439024390244
30,0.022222222222222223,0.5888888888888889,0.3888888888888889,0.0
31,0.0,0.26666666666666666,0.7333333333333333,0.0
32,0.5151515151515151,0.36363636363636365,0.0,0.12121212121212122
33,0.3333333333333333,0.23809523809523808,0.0,0.42857142857142855
34,0.1,0.8,0.1,0.0
35,0.42857142857142855,0.0,0.2857142857142857,0.2857142857142857
36,0.0,0.5161290322580645,0.46774193548387094,0.016129032258064516
37,0.0,0.2909090909090909,0.7090909090909091,0.0
38,0.5428571428571428,0.3142857142857143,0.0,0.14285714285714285
39,0.2727272727272727,0.0,0.2727272727272727,0.45454545454545453
40,0.25,0.0,0.125,0.625
41,0.09375,0.53125,0.375,0.0
42,0.0,0.3333333333333333,0.0,0.6666666666666666
43,0.4,0.3333333333333333,0.0,0.26666666666666666
44,0.0,0.3076923076923077,0.5384615384615384,0.15384615384615385
45,0.25,0.4375,0.0,0.3125
46,0.2916666666666667,0.08333333333333333,0.0,0.625
47,0.6470588235294118,0.058823529411764705,0.0,0.29411764705882354
48,0.0,0.25,0.75,0.0
49,0.8333333333333334,0.0,0.0,0.16666666666666666
50,0.18181818181818182,0.0,0.0,0.8181818181818182
51,0.4375,0.0,0.0,0.5625
52,0.3076923076923077,0.3076923076923077,0.38461538461538464,0.0
53,0.6438356164383562,0.3013698630136986,0.0,0.0547945205479452
54,0.0,0.8620689655172413,0.06896551724137931,0.06896551724137931
55,0.16666666666666666,0.7916666666666666,0.0,0.041666666666666664
56,0.0,0.3673469387755102,0.5102040816326531,0.12244897959183673
57,0.6,0.0,0.28,0.12
58,0.0,0.6363636363636364,0.36363636363636365,0.0
59,0.13513513513513514,0.0,0.32432432432432434,0.5405405405405406
60,0.40540540540540543,0.2972972972972973,0.2972972972972973,0.0
61,0.8,0.0,0.06666666666666667,0.13333333333333333
62,0.2708333333333333,0.0,0.3541666666666667,0.375
63,0.4,0.4,0.2,0.0
64,0.0,0.0,0.0,1.0
65,0.0,0.84,0.16,0.0
66,0.4794520547945205,0.23972602739726026,0.0,0.2808219178082192
67,0.43010752688172044,0.0,0.10215053763440861,0.46774193548387094
68,0.0,0.4307692307692308,0.3076923076923077,0.26153846153846155
69,0.8846153846153846,0.038461538461538464,0.0,0.07692307692307693
70,0.02158273381294964,0.0,0.5251798561151079,0.45323741007194246
71,0.06451612903225806,0.0,0.5483870967741935,0.3870967741935484
72,0.25,0.45,0.3,0.0
73,0.8571428571428571,0.0,0.047619047619047616,0.09523809523809523
74,0.11764705882352941,0.7549019607843137,0.12745098039215685,0.0
75,0.7368421052631579,0.2631578947368421,0.0,0.0
76,0.7878787878787878,0.10606060606060606,0.0,0.10606060606060606
77,0.0,0.5211267605633803,0.323943661971831,0.15492957746478872
78,0.25,0.6388888888888888,0.1111111111111111,0.0
79,0.38461538461538464,0.46153846153846156,0.15384615384615385,0.0
80,0.3275862068965517,0.0,0.06896551724137931,0.603448275862069
81,0.0,0.35135135135135137,0.4594594594594595,0.1891891891891892
82,0.35782747603833864,0.0,0.3450479233226837,0.2971246006389776
83,0.2389937106918239,0.0,0.33962264150943394,0.42138364779874216
84,0.33980582524271846,0.5436893203883495,0.11650485436893204,0.0
85,0.0,0.6666666666666666,0.3333333333333333,0.0
86,0.38181818181818183,0.0,0.03636363636363636,0.5818181818181818
87,0.0,0.2835820895522388,0.6567164179104478,0.05970149253731343
88,0.5192307692307693,0.38461538461538464,0.0,0.09615384615384616
89,0.171875,0.359375,0.46875,0.0
90,0.5573770491803278,0.2459016393442623,0.0,0.19672131147540983
91,0.0,0.5443037974683544,0.4050632911392405,0.05063291139240506
92,0.45714285714285713,0.0,0.15714285714285714,0.38571428571428573
93,0.10256410256410256,0.7051282051282052,0.19230769230769232,0.0
94,0.0,0.54,0.04,0.42
95,0.047619047619047616,0.0,0.15873015873015872,0.7936507936507936
96,0.06451612903225806,0.8064516129032258,0.12903225806451613,0.0
97,0.0,0.22413793103448276,0.1896551724137931,0.5862068965517241
98,0.09523809523809523,0.0,0.031746031746031744,0.873015873015873
99,0.0,0.5,0.28846153846153844,0.21153846153846154
100,0.25,0.5,0.25,0.0
101,0.717948717948718,0.07692307692307693,0.0,0.20512820512820512
102,0.0,0.3627450980392157,0.4019607843137255,0.23529411764705882
103,0.3818615751789976,0.5202863961813843,0.0,0.09785202863961814
104,0.045774647887323945,0.0,0.15492957746478872,0.7992957746478874
105,0.0,0.5,0.5,0.0
106,0.0,0.3333333333333333,0.0,0.6666666666666666
107,0.0,0.5454545454545454,0.0,0.45454545454545453
108,0.0,0.13709677419354838,0.7580645161290323,0.10483870967741936
109,0.29411764705882354,0.5294117647058824,0.17647058823529413,0.0
110,0.06611570247933884,0.0,0.11570247933884298,0.8181818181818182
111,0.8461538461538461,0.0,0.0,0.15384615384615385
112,0.0,0.6666666666666666,0.0,0.3333333333333333
113,0.14018691588785046,0.0,0.32710280373831774,0.5327102803738317
114,0.75,0.0,0.125,0.125
115,0.0,0.2857142857142857,0.35714285714285715,0.35714285714285715
116,0.7692307692307693,0.07692307692307693,0.0,0.15384615384615385
117,0.6292134831460674,0.2247191011235955,0.0,0.14606741573033707
118,0.06896551724137931,0.0,0.5517241379310345,0.3793103448275862
119,0.12244897959183673,0.7959183673469388,0.08163265306122448,0.0
120,1.0,0.0,0.0,0.0
121,0.6666666666666666,0.0,0.1111111111111111,0.2222222222222222
122,0.0,0.0958904109589041,0.7397260273972602,0.1643835616438356
123,0.5,0.125,0.0,0.375
124,0.36,0.04,0.0,0.6
125,0.8648648648648649,0.04504504504504504,0.0,0.09009009009009009
126,0.0,0.48148148148148145,0.4444444444444444,0.07407407407407407
127,0.0,0.07692307692307693,0.8923076923076924,0.03076923076923077
128,0.4117647058823529,0.23529411764705882,0.0,0.35294117647058826
129,0.5,0.038461538461538464,0.0,0.46153846153846156
130,0.15,0.2,0.0,0.65
131,0.4880952380952381,0.26785714285714285,0.0,0.24404761904761904
132,0.2413793103448276,0.0,0.3103448275862069,0.4482758620689655
133,0.0379746835443038,0.7341772151898734,0.22784810126582278,0.0
134,0.6666666666666666,0.09876543209876543,0.0,0.2345679012345679
135,0.07142857142857142,0.7285714285714285,0.0,0.2
136,0.0,0.16363636363636364,0.7272727272727273,0.10909090909090909
137,0.8823529411764706,0.0196078431372549,0.0,0.09803921568627451
138,0.0,0.03571428571428571,0.9642857142857143,0.0
139,0.3055555555555556,0.16666666666666666,0.0,0.5277777777777778
140,0.05,0.5875,0.0,0.3625
141,0.6577669902912622,0.3058252427184466,0.0,0.03640776699029126
142,0.12121212121212122,0.18181818181818182,0.696969696969697,0.0
143,0.03496503496503497,0.6363636363636364,0.32867132867132864,0.0
144,0.012048192771084338,0.012048192771084338,0.9759036144578314,0.0
145,0.34375,0.0,0.5625,0.09375
146,0.0,0.2909090909090909,0.33636363636363636,0.37272727272727274
147,0.08391608391608392,0.3986013986013986,0.5174825174825175,0.0
148,0.0,0.30569948186528495,0.21761658031088082,0.47668393782383417
149,0.13089005235602094,0.0,0.07853403141361257,0.7905759162303665
150,0.0,0.47191011235955055,0.4044943820224719,0.12359550561797752
151,0.044444444444444446,0.5111111111111111,0.4444444444444444,0.0
152,0.19090909090909092,0.7272727272727273,0.08181818181818182,0.0
153,0.0,0.16901408450704225,0.7746478873239436,0.056338028169014086
154,0.42105263157894735,0.45864661654135336,0.0,0.12030075187969924
155,0.10101010101010101,0.6060606060606061,0.29292929292929293,0.0
156,0.0,0.14454976303317535,0.7488151658767772,0.1066350710900474
157,0.3701657458563536,0.5331491712707183,0.0,0.09668508287292818
158,0.2644230769230769,0.6298076923076923,0.10576923076923077,0.0
159,0.0,0.15048543689320387,0.8106796116504854,0.038834951456310676
160,0.20520231213872833,0.7283236994219653,0.0,0.06647398843930635
161,0.26666666666666666,0.2791666666666667,0.45416666666666666,0.0
162,0.0,0.05802047781569966,0.8907849829351536,0.051194539249146756
163,0.48130841121495327,0.397196261682243,0.0,0.12149532710280374
164,0.23711340206185566,0.6288659793814433,0.13402061855670103,0.0
165,0.0,0.23939393939393938,0.48484848484848486,0.27575757575757576
166,0.23333333333333334,0.625,0.0,0.14166666666666666
167,0.36496350364963503,0.41605839416058393,0.21897810218978103,0.0
168,0.24583333333333332,0.4041666666666667,0.35,0.0
169,0.0,0.2621951219512195,0.09146341463414634,0.6463414634146342
170,0.135678391959799,0.0,0.09547738693467336,0.7688442211055276
171,0.0,0.21052631578947367,0.6631578947368421,0.12631578947368421
172,0.3375,0.0,0.10833333333333334,0.5541666666666667
173,0.0,0.3894736842105263,0.43157894736842106,0.17894736842105263
174,0.0,0.3623853211009174,0.39908256880733944,0.23853211009174313
175,0.0,0.4016393442622951,0.38524590163934425,0.21311475409836064
176,0.20273972602739726,0.0,0.3041095890410959,0.4931506849315068
177,0.29411764705882354,0.3137254901960784,0.39215686274509803,0.0
178,0.0,0.5428571428571428,0.11428571428571428,0.34285714285714286
179,0.005263157894736842,0.0,0.05263157894736842,0.9421052631578948
180,0.3150684931506849,0.3561643835616438,0.0,0.3287671232876712
181,0.22666666666666666,0.0,0.4,0.37333333333333335
182,0.0,0.21875,0.4895833333333333,0.2916666666666667
183,0.3235294117647059,0.38235294117647056,0.0,0.29411764705882354
184,0.0,0.5974025974025974,0.38961038961038963,0.012987012987012988
185,0.5263157894736842,0.0,0.2236842105263158,0.25
186,0.0975609756097561,0.17073170731707318,0.7317073170731707,0.0
187,0.375,0.0,0.175,0.45
188,0.3770491803278688,0.29508196721311475,0.32786885245901637,0.0
189,0.24242424242424243,0.5151515151515151,0.0,0.24242424242424243
190,0.03571428571428571,0.39285714285714285,0.5714285714285714,0.0
191,0.35714285714285715,0.2857142857142857,0.0,0.35714285714285715
192,0.0,0.4444444444444444,0.47619047619047616,0.07936507936507936
193,0.0,0.0782122905027933,0.8603351955307262,0.061452513966480445
194,0.23529411764705882,0.4117647058823529,0.0,0.35294117647058826
195,0.23809523809523808,0.23809523809523808,0.0,0.5238095238095238
196,0.6363636363636364,0.0,0.0,0.36363636363636365
197,0.3888888888888889,0.0,0.05555555555555555,0.5555555555555556
198,0.6666666666666666,0.0,0.16666666666666666,0.16666666666666666
199,0.6666666666666666,0.0,0.0,0.3333333333333333
200,0.0,0.3630573248407643,0.43312101910828027,0.20382165605095542
201,0.045454545454545456,0.18181818181818182,0.7727272727272727,0.0
202,0.2,0.2,0.6,0.0
203,0.41379310344827586,0.0,0.13793103448275862,0.4482758620689655
204,0.0,0.19672131147540983,0.3770491803278688,0.4262295081967213
205,0.1875,0.0,0.1875,0.625
206,0.3181818181818182,0.0,0.13636363636363635,0.5454545454545454
207,0.0,0.10948905109489052,0.8686131386861314,0.021897810218978103
208,0.08196721311475409,0.7213114754098361,0.19672131147540983,0.0
209,0.13725490196078433,0.0,0.29411764705882354,0.5686274509803921
210,0.4090909090909091,0.13636363636363635,0.45454545454545453,0.0
211,0.26666666666666666,0.0,0.06666666666666667,0.6666666666666666
212,0.18181818181818182,0.0,0.045454545454545456,0.7727272727272727
213,0.0,0.3157894736842105,0.631578947368421,0.05263157894736842
214,0.25,0.375,0.0,0.375
215,0.0,0.056074766355140186,0.9252336448598131,0.018691588785046728
216,0.15384615384615385,0.46153846153846156,0.0,0.38461538461538464
217,0.0,0.25,0.0,0.75
218,0.42857142857142855,0.0,0.07142857142857142,0.5
219,0.0,0.11764705882352941,0.7647058823529411,0.11764705882352941
220,0.0,0.15151515151515152,0.5454545454545454,0.30303030303030304
221,0.125,0.0,0.041666666666666664,0.8333333333333334
222,0.475,0.016666666666666666,0.0,0.5083333333333333
223,0.08536585365853659,0.0,0.6707317073170732,0.24390243902439024
224,0.16666666666666666,0.0,0.75,0.08333333333333333
225,0.0,0.48623853211009177,0.4954128440366973,0.01834862385321101
226,0.0,0.08421052631578947,0.8631578947368421,0.05263157894736842
227,0.39215686274509803,0.5098039215686274,0.0,0.09803921568627451
228,0.0,0.09433962264150944,0.8490566037735849,0.05660377358490566
229,0.0,0.22666666666666666,0.72,0.05333333333333334
230,0.030821917808219176,0.0,0.4006849315068493,0.5684931506849316
231,0.6444444444444445,0.0,0.35555555555555557,0.0
232,0.09433962264150944,0.0,0.0,0.9056603773584906
233,0.0,0.4027777777777778,0.3263888888888889,0.2708333333333333
234,0.12037037037037036,0.0,0.5833333333333334,0.2962962962962963
235,0.0,0.5,0.5,0.0
236,0.45320197044334976,0.2660098522167488,0.0,0.28078817733990147
237,0.038461538461538464,0.6153846153846154,0.34615384615384615,0.0
238,0.0,0.30030959752321984,0.015479876160990712,0.6842105263157895
239,0.06060606060606061,0.6666666666666666,0.2727272727272727,0.0
240,0.15714285714285714,0.0,0.04285714285714286,0.8
241,0.45454545454545453,0.0,0.5454545454545454,0.0
242,0.5633802816901409,0.2605633802816901,0.0,0.176056338028169
243,0.06593406593406594,0.0,0.9010989010989011,0.03296703296703297
244,0.0,0.11764705882352941,0.6470588235294118,0.23529411764705882
245,0.0,0.26174496644295303,0.6241610738255033,0.11409395973154363
246,0.0,0.4626865671641791,0.1791044776119403,0.3582089552238806
247,0.0,0.3333333333333333,0.6666666666666666,0.0
248,0.38596491228070173,0.2982456140350877,0.0,0.3157894736842105
249,0.0,0.09482758620689655,0.8879310344827587,0.017241379310344827
250,0.0,0.33064516129032256,0.6532258064516129,0.016129032258064516
251,0.11827956989247312,0.0,0.13978494623655913,0.7419354838709677
252,0.0,0.2073170731707317,0.7804878048780488,0.012195121951219513
253,0.6454545454545455,0.2818181818181818,0.0,0.07272727272727272
254,0.3125,0.0,0.0625,0.625
255,0.21428571428571427,0.0,0.5714285714285714,0.21428571428571427
256,0.36363636363636365,0.45454545454545453,0.18181818181818182,0.0
257,0.1320754716981132,0.7924528301886793,0.0,0.07547169811320754
258,0.0,0.5918367346938775,0.3673469387755102,0.04081632653061224
259,0.14678899082568808,0.8532110091743119,0.0,0.0
260,0.0,0.6111111111111112,0.36666666666666664,0.022222222222222223
261,0.5753424657534246,0.410958904109589,0.0,0.0136986301369863
262,0.14366197183098592,0.0,0.1295774647887324,0.7267605633802817
263,0.15789473684210525,0.0,0.10526315789473684,0.7368421052631579
264,0.15384615384615385,0.38461538461538464,0.0,0.46153846153846156
265,0.0,0.23255813953488372,0.7674418604651163,0.0
266,0.38181818181818183,0.5636363636363636,0.0,0.05454545454545454
267,0.0,0.25,0.0,0.75
268,0.0,0.25,0.75,0.0
269,0.16666666666666666,0.0,0.0,0.8333333333333334
270,0.0,0.09523809523809523,0.23809523809523808,0.6666666666666666
271,0.0,0.0,0.5,0.5
272,0.3333333333333333,0.26666666666666666,0.0,0.4
273,0.6,0.2,0.0,0.2
274,0.034482758620689655,0.0,0.9655172413793104,0.0
275,0.0,1.0,0.0,0.0
276,0.7317073170731707,0.2146341463414634,0.0,0.05365853658536585
277,0.14285714285714285,0.7857142857142857,0.07142857142857142,0.0
278,0.24722662440570523,0.39619651347068147,0.0,0.35657686212361334
279,0.3333333333333333,0.3333333333333333,0.3333333333333333,0.0
280,0.0,0.11764705882352941,0.0,0.8823529411764706
281,0.018518518518518517,0.9074074074074074,0.07407407407407407,0.0
282,0.16666666666666666,0.5,0.3333333333333333,0.0
283,0.0,0.0,0.021052631578947368,0.9789473684210527
284,0.012195121951219513,0.0,0.006097560975609756,0.9817073170731707
285,0.13333333333333333,0.13333333333333333,0.7333333333333333,0.0
286,0.1111111111111111,0.1111111111111111,0.0,0.7777777777777778
287,0.0,0.6153846153846154,0.38461538461538464,0.0
288,0.8181818181818182,0.022727272727272728,0.0,0.1590909090909091
289,0.046511627906976744,0.0,0.19767441860465115,0.7558139534883721
290,0.42857142857142855,0.42857142857142855,0.0,0.14285714285714285
291,0.0,0.7849462365591398,0.21505376344086022,0.0
292,0.5357142857142857,0.25,0.0,0.21428571428571427
293,0.0,0.058823529411764705,0.8823529411764706,0.058823529411764705
294,0.4642857142857143,0.35714285714285715,0.0,0.17857142857142858
295,0.0,0.32,0.36,0.32
296,0.2222222222222222,0.7777777777777778,0.0,0.0
297,0.0,0.0,0.6428571428571429,0.35714285714285715
298,0.5,0.5,0.0,0.0
299,0.16666666666666666,0.0,0.5,0.3333333333333333
300,0.8333333333333334,0.0,0.16666666666666666,0.0
301,0.0,0.0,1.0,0.0
302,0.0,1.0,0.0,0.0
303,0.0,0.0,0.0,1.0
304,,,,
305,,,,
306,,,,
307,,,,
308,,,,
309,,,,
310,,,,
311,,,,
312,,,,
313,,,,
314,,,,
315,,,,
