,A,C,G,T
0,,,,
1,,,,
2,0.9444444444444444,0.0,0.0,0.05555555555555555
3,0.25,0.25,0.0,0.5
4,0.16216216216216217,0.8108108108108109,0.02702702702702703,0.0
5,0.5384615384615384,0.28205128205128205,0.0,0.1794871794871795
6,0.2857142857142857,0.0,0.2857142857142857,0.42857142857142855
7,0.0,0.13043478260869565,0.7391304347826086,0.13043478260869565
8,0.8994708994708994,0.05291005291005291,0.0,0.047619047619047616
9,0.045454545454545456,0.0,0.24545454545454545,0.7090909090909091
10,0.0,1.0,0.0,0.0
11,0.6875,0.125,0.0,0.1875
12,0.17142857142857143,0.7857142857142857,0.0,0.04285714285714286
13,0.38095238095238093,0.5714285714285714,0.047619047619047616,0.0
14,0.5909090909090909,0.19696969696969696,0.0,0.21212121212121213
15,0.5,0.0,0.0,0.5
16,0.0,0.5,0.5,0.0
17,0.0,0.03333333333333333,0.9666666666666667,0.0
18,0.0,0.5,0.5,0.0
19,0.5,0.0,0.0,0.5
20,0.12903225806451613,0.16129032258064516,0.7096774193548387,0.0
21,0.0,0.75,0.0,0.25
22,0.6,0.32857142857142857,0.0,0.07142857142857142
23,0.3888888888888889,0.1111111111111111,0.0,0.5
24,0.0,0.8636363636363636,0.13636363636363635,0.0
25,0.8709677419354839,0.0,0.03225806451612903,0.0967741935483871
26,0.0,0.25,0.75,0.0
27,0.3333333333333333,0.5,0.0,0.16666666666666666
28,0.0,0.6666666666666666,0.16666666666666666,0.16666666666666666
29,0.8214285714285714,0.13095238095238096,0.0,0.047619047619047616
30,0.13636363636363635,0.4090909090909091,0.45454545454545453,0.0
31,0.05263157894736842,0.2631578947368421,0.6842105263157895,0.0
32,0.2631578947368421,0.47368421052631576,0.0,0.2631578947368421
33,0.0,0.4230769230769231,0.5384615384615384,0.038461538461538464
34,0.0,0.4714285714285714,0.5142857142857142,0.014285714285714285
35,0.5,0.125,0.0,0.375
36,0.0,0.11267605633802817,0.8732394366197183,0.014084507042253521
37,0.0,0.23711340206185566,0.7010309278350515,0.061855670103092786
38,0.21875,0.78125,0.0,0.0
39,0.3333333333333333,0.0,0.4166666666666667,0.25
40,0.5,0.0,0.25,0.25
41,0.25,0.6346153846153846,0.11538461538461539,0.0
42,0.2,0.0,0.0,0.8
43,0.0,0.0,0.0,1.0
44,0.0,0.2857142857142857,0.0,0.7142857142857143
45,0.9032258064516129,0.03225806451612903,0.0,0.06451612903225806
46,1.0,0.0,0.0,0.0
47,0.38461538461538464,0.0,0.07692307692307693,0.5384615384615384
48,0.0,0.08,0.92,0.0
49,0.75,0.0,0.25,0.0
50,0.0,0.3469387755102041,0.5306122448979592,0.12244897959183673
51,0.8181818181818182,0.09090909090909091,0.0,0.09090909090909091
52,0.2857142857142857,0.5714285714285714,0.14285714285714285,0.0
53,0.4444444444444444,0.1111111111111111,0.0,0.4444444444444444
54,0.0,0.5714285714285714,0.35714285714285715,0.07142857142857142
55,0.0,0.5564516129032258,0.3387096774193548,0.10483870967741936
56,0.86,0.08,0.0,0.06
57,0.8828828828828829,0.1036036036036036,0.0,0.013513513513513514
58,0.0,0.6666666666666666,0.3333333333333333,0.0
59,0.4935064935064935,0.45454545454545453,0.05194805194805195,0.0
60,0.043478260869565216,0.043478260869565216,0.9130434782608695,0.0
61,1.0,0.0,0.0,0.0
62,0.07407407407407407,0.0,0.37037037037037035,0.5555555555555556
63,0.0,0.6666666666666666,0.3333333333333333,0.0
64,0.0,0.6,0.0,0.4
65,0.06060606060606061,0.0,0.0,0.9393939393939394
66,0.0,0.38095238095238093,0.5873015873015873,0.031746031746031744
67,0.0,0.38095238095238093,0.5873015873015873,0.031746031746031744
68,0.9,0.05,0.0,0.05
69,0.5670103092783505,0.061855670103092786,0.0,0.3711340206185567
70,0.6153846153846154,0.0,0.15384615384615385,0.23076923076923078
71,0.010582010582010581,0.8253968253968254,0.164021164021164,0.0
72,0.47368421052631576,0.3684210526315789,0.15789473684210525,0.0
73,0.3125,0.0,0.0625,0.625
74,0.1774193548387097,0.5806451612903226,0.24193548387096775,0.0
75,0.8846153846153846,0.038461538461538464,0.0,0.07692307692307693
76,0.92,0.0,0.0,0.08
77,0.0,0.1282051282051282,0.7692307692307693,0.10256410256410256
78,0.391304347826087,0.021739130434782608,0.5869565217391305,0.0
79,0.0,0.14545454545454545,0.03636363636363636,0.8181818181818182
80,0.016666666666666666,0.0,0.0,0.9833333333333333
81,0.0,0.5054945054945055,0.37362637362637363,0.12087912087912088
82,0.19471947194719472,0.0,0.25412541254125415,0.5511551155115512
83,0.3129251700680272,0.0,0.1836734693877551,0.5034013605442177
84,0.2222222222222222,0.7407407407407407,0.037037037037037035,0.0
85,0.0,0.8888888888888888,0.1111111111111111,0.0
86,0.3333333333333333,0.0,0.0,0.6666666666666666
87,0.0,0.15384615384615385,0.37362637362637363,0.4725274725274725
88,0.23563218390804597,0.0,0.5747126436781609,0.1896551724137931
89,0.1694915254237288,0.615819209039548,0.21468926553672316,0.0
90,0.0,0.1,0.6294117647058823,0.27058823529411763
91,0.6004366812227074,0.28602620087336245,0.0,0.11353711790393013
92,0.18661971830985916,0.0,0.05985915492957746,0.7535211267605634
93,0.5340909090909091,0.38636363636363635,0.07954545454545454,0.0
94,0.0,0.42424242424242425,0.04040404040404041,0.5353535353535354
95,0.3283582089552239,0.6716417910447762,0.0,0.0
96,0.3551912568306011,0.4918032786885246,0.0,0.15300546448087432
97,0.12269938650306748,0.0,0.8650306748466258,0.012269938650306749
98,0.19827586206896552,0.6982758620689655,0.10344827586206896,0.0
99,0.0,0.5022222222222222,0.20444444444444446,0.29333333333333333
100,0.5,0.25,0.25,0.0
101,0.5471698113207547,0.32452830188679244,0.0,0.12830188679245283
102,0.0,0.47692307692307695,0.49230769230769234,0.03076923076923077
103,0.0,0.49107142857142855,0.48214285714285715,0.026785714285714284
104,0.0,0.9714285714285714,0.02857142857142857,0.0
105,0.0,0.6666666666666666,0.3333333333333333,0.0
106,0.0,0.0,0.0,1.0
107,0.14285714285714285,0.0,0.0,0.8571428571428571
108,0.4878048780487805,0.12195121951219512,0.0,0.3902439024390244
109,0.2,0.4,0.4,0.0
110,0.7714285714285715,0.05714285714285714,0.0,0.17142857142857143
111,0.9090909090909091,0.0,0.09090909090909091,0.0
112,0.3333333333333333,0.0,0.0,0.6666666666666666
113,0.0,0.22727272727272727,0.7090909090909091,0.06363636363636363
114,0.8181818181818182,0.0,0.09090909090909091,0.09090909090909091
115,0.0,0.02857142857142857,0.35714285714285715,0.6142857142857143
116,0.75,0.125,0.0,0.125
117,0.5,0.5,0.0,0.0
118,0.0,0.0,0.25,0.75
119,0.26666666666666666,0.0,0.2,0.5333333333333333
120,0.25,0.0,0.75,0.0
121,0.125,0.0,0.8125,0.0625
122,0.07407407407407407,0.5925925925925926,0.3333333333333333,0.0
123,0.0,0.0,0.0,1.0
124,0.25,0.5,0.0,0.25
125,0.0,0.56,0.4,0.04
126,0.8095238095238095,0.0,0.09523809523809523,0.09523809523809523
127,0.0,0.14285714285714285,0.7142857142857143,0.14285714285714285
128,0.0,0.22162162162162163,0.7675675675675676,0.010810810810810811
129,0.3076923076923077,0.38461538461538464,0.0,0.3076923076923077
130,0.3333333333333333,0.0,0.0,0.6666666666666666
131,0.4198473282442748,0.4580152671755725,0.0,0.12213740458015267
132,0.4,0.0,0.0,0.6
133,0.0,0.9661016949152542,0.03389830508474576,0.0
134,0.17857142857142858,0.5357142857142857,0.2857142857142857,0.0
135,0.025,0.925,0.0,0.05
136,0.0,0.6666666666666666,0.3333333333333333,0.0
137,0.9130434782608695,0.08695652173913043,0.0,0.0
138,0.0,0.6666666666666666,0.3333333333333333,0.0
139,0.46153846153846156,0.0,0.0,0.5384615384615384
140,0.125,0.4375,0.0,0.4375
141,0.0,0.5208333333333334,0.375,0.10416666666666667
142,0.0,0.0,1.0,0.0
143,0.3058823529411765,0.3058823529411765,0.0,0.38823529411764707
144,0.5,0.0,0.0,0.5
145,0.027777777777777776,0.9166666666666666,0.0,0.05555555555555555
146,0.0,0.30837004405286345,0.5418502202643172,0.14977973568281938
147,0.45054945054945056,0.4175824175824176,0.13186813186813187,0.0
148,0.46153846153846156,0.038461538461538464,0.0,0.5
149,0.017857142857142856,0.26785714285714285,0.0,0.7142857142857143
150,0.0,0.62,0.3,0.08
151,0.3333333333333333,0.1111111111111111,0.5555555555555556,0.0
152,0.4838709677419355,0.0,0.3225806451612903,0.1935483870967742
153,0.0,0.3246753246753247,0.6493506493506493,0.025974025974025976
154,0.0,0.5540540540540541,0.2972972972972973,0.14864864864864866
155,0.18292682926829268,0.0,0.04878048780487805,0.7682926829268293
156,0.0,0.8558558558558559,0.0990990990990991,0.04504504504504504
157,0.13333333333333333,0.0,0.6222222222222222,0.24444444444444444
158,0.0847457627118644,0.0,0.3559322033898305,0.559322033898305
159,0.0,0.31756756756756754,0.6418918918918919,0.04054054054054054
160,0.0,0.4017857142857143,0.45535714285714285,0.14285714285714285
161,0.2616822429906542,0.0,0.4719626168224299,0.26635514018691586
162,0.0,0.19718309859154928,0.23943661971830985,0.5633802816901409
163,0.49056603773584906,0.0,0.3522012578616352,0.15723270440251572
164,0.28125,0.453125,0.265625,0.0
165,0.2777777777777778,0.2777777777777778,0.0,0.4444444444444444
166,0.3333333333333333,0.3939393939393939,0.0,0.2727272727272727
167,0.6684491978609626,0.13368983957219252,0.0,0.19786096256684493
168,0.0,0.25274725274725274,0.5824175824175825,0.16483516483516483
169,0.0,0.25,0.5769230769230769,0.17307692307692307
170,0.17857142857142858,0.0,0.35714285714285715,0.4642857142857143
171,0.47191011235955055,0.0,0.25842696629213485,0.2696629213483146
172,0.7428571428571429,0.0,0.08571428571428572,0.17142857142857143
173,0.0,0.5357142857142857,0.4523809523809524,0.011904761904761904
174,0.0,0.224,0.48,0.296
175,0.21379310344827587,0.0,0.18620689655172415,0.6
176,0.48717948717948717,0.4391025641025641,0.0,0.07371794871794872
177,0.30434782608695654,0.21739130434782608,0.4782608695652174,0.0
178,0.0,0.34615384615384615,0.15384615384615385,0.5
179,0.023809523809523808,0.6428571428571429,0.3333333333333333,0.0
180,0.5,0.0,0.0,0.5
181,0.10714285714285714,0.0,0.17857142857142858,0.7142857142857143
182,0.16,0.0,0.84,0.0
183,0.30434782608695654,0.0,0.6521739130434783,0.043478260869565216
184,0.0,0.7936507936507936,0.1746031746031746,0.031746031746031744
185,0.47619047619047616,0.42857142857142855,0.0,0.09523809523809523
186,0.23809523809523808,0.6666666666666666,0.0,0.09523809523809523
187,0.5970149253731343,0.39800995024875624,0.0,0.004975124378109453
188,0.07692307692307693,0.0,0.8153846153846154,0.1076923076923077
189,0.08695652173913043,0.6086956521739131,0.30434782608695654,0.0
190,0.1111111111111111,0.3333333333333333,0.5555555555555556,0.0
191,0.4,0.0,0.06666666666666667,0.5333333333333333
192,0.0,0.09278350515463918,0.8350515463917526,0.07216494845360824
193,0.25274725274725274,0.0,0.6813186813186813,0.06593406593406594
194,0.0,0.06060606060606061,0.5757575757575758,0.36363636363636365
195,0.6451612903225806,0.0967741935483871,0.0,0.25806451612903225
196,0.5714285714285714,0.07142857142857142,0.0,0.35714285714285715
197,0.0,0.31683168316831684,0.5445544554455446,0.13861386138613863
198,0.5,0.0,0.25,0.25
199,0.7307692307692307,0.038461538461538464,0.0,0.23076923076923078
200,0.25524475524475526,0.4965034965034965,0.0,0.24825174825174826
201,0.48148148148148145,0.24074074074074073,0.2777777777777778,0.0
202,0.07692307692307693,0.3076923076923077,0.6153846153846154,0.0
203,0.18518518518518517,0.6296296296296297,0.18518518518518517,0.0
204,0.5681818181818182,0.25,0.0,0.18181818181818182
205,0.07317073170731707,0.8292682926829268,0.0975609756097561,0.0
206,0.08163265306122448,0.0,0.40816326530612246,0.5102040816326531
207,0.12,0.5733333333333334,0.30666666666666664,0.0
208,0.2,0.0,0.8,0.0
209,0.012987012987012988,0.0,0.5454545454545454,0.44155844155844154
210,0.25,0.1,0.65,0.0
211,0.5714285714285714,0.0,0.14285714285714285,0.2857142857142857
212,0.1724137931034483,0.0,0.3448275862068966,0.4827586206896552
213,0.08849557522123894,0.3185840707964602,0.5929203539823009,0.0
214,0.07692307692307693,0.2692307692307692,0.6538461538461539,0.0
215,0.4583333333333333,0.4583333333333333,0.0,0.08333333333333333
216,0.7142857142857143,0.0,0.0,0.2857142857142857
217,0.0,0.3333333333333333,0.3333333333333333,0.3333333333333333
218,0.3,0.0,0.5,0.2
219,0.0,0.09523809523809523,0.38095238095238093,0.5238095238095238
220,0.1282051282051282,0.0,0.6794871794871795,0.19230769230769232
221,0.2608695652173913,0.0,0.4782608695652174,0.2608695652173913
222,0.12121212121212122,0.030303030303030304,0.8484848484848485,0.0
223,1.0,0.0,0.0,0.0
224,0.1590909090909091,0.6590909090909091,0.18181818181818182,0.0
225,0.6333333333333333,0.31666666666666665,0.0,0.05
226,0.2,0.5692307692307692,0.23076923076923078,0.0
227,0.2916666666666667,0.0,0.5416666666666666,0.16666666666666666
228,0.0,0.15789473684210525,0.7719298245614035,0.07017543859649122
229,0.6494464944649446,0.33948339483394835,0.0,0.01107011070110701
230,0.14130434782608695,0.0,0.10869565217391304,0.75
231,0.0,0.4,0.6,0.0
232,0.6363636363636364,0.0,0.36363636363636365,0.0
233,0.68,0.14,0.0,0.18
234,0.8076923076923077,0.0,0.0,0.19230769230769232
235,0.16666666666666666,0.0,0.047619047619047616,0.7857142857142857
236,0.0,0.3125,0.43125,0.25625
237,0.07142857142857142,0.8571428571428571,0.07142857142857142,0.0
238,0.0,0.1588235294117647,0.03529411764705882,0.8058823529411765
239,0.0,0.921875,0.078125,0.0
240,0.44594594594594594,0.0,0.04054054054054054,0.5135135135135135
241,0.2857142857142857,0.14285714285714285,0.5714285714285714,0.0
242,0.32608695652173914,0.3333333333333333,0.0,0.34057971014492755
243,0.02654867256637168,0.0,0.8849557522123894,0.08849557522123894
244,0.0,0.01694915254237288,0.7966101694915254,0.1864406779661017
245,0.6274509803921569,0.29411764705882354,0.0,0.0784313725490196
246,0.0,0.6923076923076923,0.23076923076923078,0.07692307692307693
247,0.2,0.2,0.6,0.0
248,0.08333333333333333,0.0,0.5,0.4166666666666667
249,0.22291021671826625,0.29721362229102166,0.47987616099071206,0.0
250,0.45813953488372094,0.41627906976744183,0.0,0.12558139534883722
251,0.14285714285714285,0.0,0.09523809523809523,0.7619047619047619
252,0.0,0.12195121951219512,0.8373983739837398,0.04065040650406504
253,0.8016528925619835,0.1322314049586777,0.0,0.06611570247933884
254,0.13333333333333333,0.0,0.025,0.8416666666666667
255,0.0,0.0,0.07142857142857142,0.9285714285714286
256,0.0,0.0,1.0,0.0
257,0.0,0.1829652996845426,0.7192429022082019,0.09779179810725552
258,0.0,0.4044943820224719,0.5842696629213483,0.011235955056179775
259,0.0,0.09482758620689655,0.7931034482758621,0.11206896551724138
260,0.6461538461538462,0.3076923076923077,0.0,0.046153846153846156
261,0.4064327485380117,0.5146198830409356,0.0,0.07894736842105263
262,0.034482758620689655,0.0,0.47126436781609193,0.4942528735632184
263,0.21739130434782608,0.6521739130434783,0.13043478260869565,0.0
264,0.6,0.13333333333333333,0.0,0.26666666666666666
265,0.0,0.5,0.47619047619047616,0.023809523809523808
266,0.4534412955465587,0.4979757085020243,0.0,0.048582995951417005
267,0.5,0.0,0.0,0.5
268,0.0,0.5,0.5,0.0
269,0.11764705882352941,0.0,0.058823529411764705,0.8235294117647058
270,0.0,0.04,0.12,0.84
271,0.1111111111111111,0.0,0.5555555555555556,0.3333333333333333
272,0.3176470588235294,0.5647058823529412,0.11764705882352941,0.0
273,0.0,0.0,0.0,1.0
274,0.06818181818181818,0.0,0.8181818181818182,0.11363636363636363
275,0.75,0.0,0.0,0.25
276,0.6592920353982301,0.29646017699115046,0.0,0.04424778761061947
277,0.01639344262295082,0.9344262295081968,0.04918032786885246,0.0
278,0.29227557411273486,0.42171189979123175,0.0,0.2860125260960334
279,0.0,0.16666666666666666,0.8333333333333334,0.0
280,0.0,0.0,0.08333333333333333,0.9166666666666666
281,0.0,0.9090909090909091,0.09090909090909091,0.0
282,0.0,0.0,1.0,0.0
283,0.0,0.015384615384615385,0.046153846153846156,0.9384615384615385
284,0.03296703296703297,0.0,0.0,0.967032967032967
285,0.058823529411764705,0.17647058823529413,0.7647058823529411,0.0
286,0.1,0.2,0.0,0.7
287,0.0,0.7916666666666666,0.20833333333333334,0.0
288,0.3076923076923077,0.0,0.0,0.6923076923076923
289,0.25,0.0,0.25,0.5
290,0.15384615384615385,0.7307692307692307,0.0,0.11538461538461539
291,0.0,0.9117647058823529,0.08823529411764706,0.0
292,0.0,1.0,0.0,0.0
293,0.0,0.0,1.0,0.0
294,0.0,0.25,0.75,0.0
295,0.3333333333333333,0.0,0.0,0.6666666666666666
296,0.0,0.5,0.5,0.0
297,0.0,0.0,1.0,0.0
298,0.0,1.0,0.0,0.0
299,0.0,0.0,0.75,0.25
300,,,,
301,,,,
302,,,,
303,,,,
304,0.0,0.5,0.5,0.0
305,,,,
306,,,,
307,,,,
308,,,,
309,,,,
310,,,,
311,,,,
312,,,,
313,,,,
