,A,C,G,T
0,,,,
1,,,,
2,0.625,0.25,0.0,0.125
3,0.7843137254901961,0.13725490196078433,0.0,0.0784313725490196
4,0.5285714285714286,0.30714285714285716,0.16428571428571428,0.0
5,0.45977011494252873,0.1839080459770115,0.0,0.3563218390804598
6,0.48,0.0,0.36,0.16
7,0.0,0.09859154929577464,0.5633802816901409,0.3380281690140845
8,0.751207729468599,0.20048309178743962,0.0,0.04830917874396135
9,0.05759162303664921,0.0,0.08376963350785341,0.8586387434554974
10,0.125,0.375,0.5,0.0
11,0.375,0.1875,0.0,0.4375
12,0.38202247191011235,0.3595505617977528,0.0,0.25842696629213485
13,0.54,0.36,0.1,0.0
14,0.5681818181818182,0.25,0.0,0.18181818181818182
15,0.2222222222222222,0.0,0.3333333333333333,0.4444444444444444
16,0.0,0.7,0.1,0.2
17,0.6106870229007634,0.3549618320610687,0.0,0.03435114503816794
18,0.2916666666666667,0.6666666666666666,0.041666666666666664,0.0
19,0.6,0.0,0.3,0.1
20,0.4246575342465753,0.4246575342465753,0.1506849315068493,0.0
21,0.3448275862068966,0.2413793103448276,0.0,0.41379310344827586
22,0.27450980392156865,0.3333333333333333,0.0,0.39215686274509803
23,0.6153846153846154,0.06153846153846154,0.0,0.3230769230769231
24,0.47928994082840237,0.2781065088757396,0.0,0.24260355029585798
25,0.56,0.0,0.12,0.32
26,0.2361111111111111,0.5138888888888888,0.25,0.0
27,0.20833333333333334,0.4583333333333333,0.0,0.3333333333333333
28,0.0,0.6666666666666666,0.0784313725490196,0.2549019607843137
29,0.56,0.37142857142857144,0.0,0.06857142857142857
30,0.1937984496124031,0.32558139534883723,0.0,0.4806201550387597
31,0.045454545454545456,0.6363636363636364,0.3181818181818182,0.0
32,0.31666666666666665,0.25,0.0,0.43333333333333335
33,0.0,0.6326530612244898,0.1836734693877551,0.1836734693877551
34,0.0,0.09302325581395349,0.7953488372093023,0.11162790697674418
35,0.3333333333333333,0.15151515151515152,0.0,0.5151515151515151
36,0.0,0.22404371584699453,0.7595628415300546,0.01639344262295082
37,0.0,0.1919191919191919,0.7525252525252525,0.05555555555555555
38,0.46774193548387094,0.3387096774193548,0.0,0.1935483870967742
39,0.3783783783783784,0.0,0.05405405405405406,0.5675675675675675
40,0.4444444444444444,0.0,0.2222222222222222,0.3333333333333333
41,0.14666666666666667,0.25333333333333335,0.6,0.0
42,0.1111111111111111,0.18518518518518517,0.0,0.7037037037037037
43,0.0,0.32142857142857145,0.0,0.6785714285714286
44,0.20689655172413793,0.20689655172413793,0.0,0.5862068965517241
45,0.24242424242424243,0.015151515151515152,0.0,0.7424242424242424
46,0.3157894736842105,0.0,0.10526315789473684,0.5789473684210527
47,0.4230769230769231,0.0,0.15384615384615385,0.4230769230769231
48,0.0967741935483871,0.1935483870967742,0.7096774193548387,0.0
49,0.5714285714285714,0.0,0.21428571428571427,0.21428571428571427
50,0.0,0.25,0.609375,0.140625
51,0.2542372881355932,0.576271186440678,0.0,0.1694915254237288
52,0.0625,0.625,0.3125,0.0
53,0.5,0.2777777777777778,0.0,0.2222222222222222
54,0.0,0.6222222222222222,0.2222222222222222,0.15555555555555556
55,0.0,0.19230769230769232,0.6952662721893491,0.11242603550295859
56,0.7761194029850746,0.06716417910447761,0.0,0.15671641791044777
57,0.5454545454545454,0.1590909090909091,0.0,0.29545454545454547
58,0.1875,0.5,0.3125,0.0
59,0.11702127659574468,0.0,0.1702127659574468,0.7127659574468085
60,0.1875,0.34375,0.46875,0.0
61,0.2727272727272727,0.0,0.22727272727272727,0.5
62,0.2692307692307692,0.0,0.07692307692307693,0.6538461538461539
63,0.0,0.5,0.5,0.0
64,0.23076923076923078,0.07692307692307693,0.0,0.6923076923076923
65,0.05405405405405406,0.0,0.005405405405405406,0.9405405405405406
66,0.0,0.5683060109289617,0.34972677595628415,0.08196721311475409
67,0.0,0.25120772946859904,0.6956521739130435,0.05314009661835749
68,0.43478260869565216,0.08695652173913043,0.0,0.4782608695652174
69,0.7951388888888888,0.125,0.0,0.0798611111111111
70,0.14814814814814814,0.0,0.4074074074074074,0.4444444444444444
71,0.08216432865731463,0.8657314629258517,0.052104208416833664,0.0
72,0.043795620437956206,0.15328467153284672,0.8029197080291971,0.0
73,0.16216216216216217,0.0,0.08108108108108109,0.7567567567567568
74,0.2601626016260163,0.5691056910569106,0.17073170731707318,0.0
75,0.8666666666666667,0.044444444444444446,0.0,0.08888888888888889
76,0.6835443037974683,0.1518987341772152,0.0,0.16455696202531644
77,0.0,0.28402366863905326,0.39644970414201186,0.31952662721893493
78,0.1588785046728972,0.19626168224299065,0.6448598130841121,0.0
79,0.0,0.4444444444444444,0.25925925925925924,0.2962962962962963
80,0.07339449541284404,0.0,0.08256880733944955,0.8440366972477065
81,0.0,0.34951456310679613,0.39805825242718446,0.2524271844660194
82,0.14092140921409213,0.0,0.3875338753387534,0.4715447154471545
83,0.2222222222222222,0.0,0.3103448275862069,0.4674329501915709
84,0.1076923076923077,0.676923076923077,0.2153846153846154,0.0
85,0.24242424242424243,0.5151515151515151,0.24242424242424243,0.0
86,0.1891891891891892,0.0,0.013513513513513514,0.7972972972972973
87,0.0,0.39351851851851855,0.4398148148148148,0.16666666666666666
88,0.17177914110429449,0.0,0.50920245398773,0.31901840490797545
89,0.14622641509433962,0.0,0.2830188679245283,0.5707547169811321
90,0.0,0.15527950310559005,0.6770186335403726,0.16770186335403728
91,0.6616071428571428,0.3107142857142857,0.0,0.027678571428571427
92,,,,
93,0.44061302681992337,0.45977011494252873,0.09961685823754789,0.0
94,0.0,0.21052631578947367,0.07479224376731301,0.7146814404432132
95,0.08796296296296297,0.8148148148148148,0.09722222222222222,0.0
96,0.24705882352941178,0.21176470588235294,0.0,0.5411764705882353
97,0.0,0.4888888888888889,0.4,0.1111111111111111
98,0.27320954907161804,0.5251989389920424,0.20159151193633953,0.0
99,0.0,0.384297520661157,0.49173553719008267,0.12396694214876033
100,0.14285714285714285,0.5,0.35714285714285715,0.0
101,0.22797927461139897,0.0,0.27461139896373055,0.49740932642487046
102,0.0,0.6116504854368932,0.2297734627831715,0.15857605177993528
103,0.0,0.4099099099099099,0.3738738738738739,0.21621621621621623
104,0.10289389067524116,0.0,0.022508038585209004,0.8745980707395499
105,0.0,0.5882352941176471,0.4117647058823529,0.0
106,0.23076923076923078,0.38461538461538464,0.0,0.38461538461538464
107,0.22727272727272727,0.2727272727272727,0.0,0.5
108,0.3157894736842105,0.3684210526315789,0.0,0.3157894736842105
109,0.044444444444444446,0.35555555555555557,0.6,0.0
110,0.4017094017094017,0.3247863247863248,0.0,0.27350427350427353
111,0.7777777777777778,0.0,0.07407407407407407,0.14814814814814814
112,0.18181818181818182,0.09090909090909091,0.0,0.7272727272727273
113,0.0,0.24786324786324787,0.6025641025641025,0.14957264957264957
114,0.46153846153846156,0.0,0.15384615384615385,0.38461538461538464
115,0.0,0.30303030303030304,0.3939393939393939,0.30303030303030304
116,0.2631578947368421,0.2631578947368421,0.0,0.47368421052631576
117,0.7571428571428571,0.07142857142857142,0.0,0.17142857142857143
118,0.08433734939759036,0.0,0.10843373493975904,0.8072289156626506
119,0.4772727272727273,0.0,0.1590909090909091,0.36363636363636365
120,0.0,0.644,0.218,0.138
121,0.4523809523809524,0.0,0.40476190476190477,0.14285714285714285
122,0.19047619047619047,0.44761904761904764,0.3619047619047619,0.0
123,0.2,0.1,0.0,0.7
124,0.21739130434782608,0.6086956521739131,0.0,0.17391304347826086
125,0.0,0.3803680981595092,0.5276073619631901,0.09202453987730061
126,0.72,0.0,0.2,0.08
127,0.0,0.175,0.5125,0.3125
128,0.0,0.08461538461538462,0.8923076923076924,0.023076923076923078
129,0.6470588235294118,0.2549019607843137,0.0,0.09803921568627451
130,0.05,0.5,0.0,0.45
131,0.48677248677248675,0.4312169312169312,0.0,0.082010582010582
132,0.1702127659574468,0.0,0.1276595744680851,0.7021276595744681
133,0.0,0.9323308270676691,0.06766917293233082,0.0
134,0.16346153846153846,0.46153846153846156,0.375,0.0
135,0.07142857142857142,0.7142857142857143,0.0,0.21428571428571427
136,0.0,0.25,0.6666666666666666,0.08333333333333333
137,0.8448275862068966,0.10344827586206896,0.0,0.05172413793103448
138,0.1111111111111111,0.07407407407407407,0.8148148148148148,0.0
139,0.6097560975609756,0.07317073170731707,0.0,0.3170731707317073
140,0.08888888888888889,0.6222222222222222,0.0,0.28888888888888886
141,0.0,0.4577259475218659,0.42565597667638483,0.11661807580174927
142,0.3,0.06,0.64,0.0
143,0.48333333333333334,0.13333333333333333,0.0,0.38333333333333336
144,0.28,0.08,0.0,0.64
145,0.22641509433962265,0.6792452830188679,0.0,0.09433962264150944
146,0.0,0.23224043715846995,0.6147540983606558,0.15300546448087432
147,0.3140495867768595,0.33884297520661155,0.34710743801652894,0.0
148,0.38613861386138615,0.2871287128712871,0.0,0.32673267326732675
149,0.30357142857142855,0.4732142857142857,0.0,0.22321428571428573
150,0.0,0.19658119658119658,0.6951566951566952,0.10826210826210826
151,0.18095238095238095,0.3142857142857143,0.5047619047619047,0.0
152,0.5555555555555556,0.19753086419753085,0.0,0.24691358024691357
153,0.0,0.21794871794871795,0.75,0.03205128205128205
154,0.0,0.3176895306859206,0.6101083032490975,0.07220216606498195
155,0.15925925925925927,0.0,0.1259259259259259,0.7148148148148148
156,0.29577464788732394,0.0,0.3380281690140845,0.36619718309859156
157,0.2903225806451613,0.0,0.22580645161290322,0.4838709677419355
158,0.28738317757009346,0.3691588785046729,0.34345794392523366,0.0
159,0.0,0.21265822784810126,0.6506329113924051,0.13670886075949368
160,0.0,0.19434628975265017,0.607773851590106,0.1978798586572438
161,0.15755627009646303,0.0,0.3022508038585209,0.5401929260450161
162,0.0,0.17482517482517482,0.6083916083916084,0.21678321678321677
163,0.48201438848920863,0.39928057553956836,0.0,0.11870503597122302
164,0.25,0.5033783783783784,0.24662162162162163,0.0
165,0.20270270270270271,0.6756756756756757,0.0,0.12162162162162163
166,0.41798941798941797,0.5132275132275133,0.0,0.06878306878306878
167,0.388412017167382,0.296137339055794,0.315450643776824,0.0
168,0.0,0.1857379767827529,0.6683250414593698,0.14593698175787728
169,0.0,0.4782608695652174,0.3864734299516908,0.13526570048309178
170,0.30662983425414364,0.0,0.2569060773480663,0.43646408839779005
171,0.0,0.13861386138613863,0.45544554455445546,0.40594059405940597
172,0.26785714285714285,0.0,0.5267857142857143,0.20535714285714285
173,0.0,0.45692883895131087,0.27340823970037453,0.2696629213483146
174,0.5853658536585366,0.21951219512195122,0.0,0.1951219512195122
175,0.5333333333333333,0.3238095238095238,0.0,0.14285714285714285
176,0.3068181818181818,0.0,0.42045454545454547,0.2727272727272727
177,0.18787878787878787,0.5757575757575758,0.23636363636363636,0.0
178,0.0,0.43119266055045874,0.07951070336391437,0.4892966360856269
179,0.10869565217391304,0.7336956521739131,0.15760869565217392,0.0
180,0.294478527607362,0.3006134969325153,0.0,0.4049079754601227
181,0.335,0.0,0.365,0.3
182,0.0,0.4342105263157895,0.4276315789473684,0.13815789473684212
183,0.3717277486910995,0.0,0.5968586387434555,0.031413612565445025
184,0.0,0.6239782016348774,0.2561307901907357,0.11989100817438691
185,0.55,0.35,0.0,0.1
186,0.0,0.3793103448275862,0.5948275862068966,0.02586206896551724
187,0.0,0.21846153846153846,0.683076923076923,0.09846153846153846
188,0.5228070175438596,0.33157894736842103,0.0,0.1456140350877193
189,0.06976744186046512,0.4883720930232558,0.4418604651162791,0.0
190,0.3333333333333333,0.08,0.5866666666666667,0.0
191,0.15966386554621848,0.0,0.18067226890756302,0.6596638655462185
192,0.5652173913043478,0.0,0.40869565217391307,0.02608695652173913
193,0.0,0.050761421319796954,0.7817258883248731,0.16751269035532995
194,0.6,0.28,0.0,0.12
195,0.2222222222222222,0.3333333333333333,0.0,0.4444444444444444
196,0.8125,0.11875,0.0,0.06875
197,0.6,0.0,0.21818181818181817,0.18181818181818182
198,0.0,0.8023255813953488,0.1744186046511628,0.023255813953488372
199,0.3103448275862069,0.3793103448275862,0.0,0.3103448275862069
200,0.0,0.08653846153846154,0.8461538461538461,0.0673076923076923
201,0.4239401496259352,0.4389027431421446,0.0,0.1371571072319202
202,0.19047619047619047,0.11904761904761904,0.6904761904761905,0.0
203,0.36363636363636365,0.0,0.3181818181818182,0.3181818181818182
204,0.0,0.047619047619047616,0.44761904761904764,0.5047619047619047
205,0.14857142857142858,0.0,0.3657142857142857,0.4857142857142857
206,0.2119205298013245,0.0,0.3509933774834437,0.4370860927152318
207,0.0,0.33633633633633636,0.18618618618618618,0.4774774774774775
208,0.05263157894736842,0.3684210526315789,0.5789473684210527,0.0
209,0.4690265486725664,0.5132743362831859,0.0,0.017699115044247787
210,0.0,0.125,0.3541666666666667,0.5208333333333334
211,0.3488372093023256,0.0,0.5581395348837209,0.09302325581395349
212,0.28488372093023256,0.0,0.2441860465116279,0.47093023255813954
213,0.0,0.19369369369369369,0.38738738738738737,0.4189189189189189
214,0.12886597938144329,0.7319587628865979,0.0,0.13917525773195877
215,0.26222222222222225,0.3088888888888889,0.0,0.4288888888888889
216,0.0,0.02142857142857143,0.9705357142857143,0.008035714285714285
217,0.0,0.2727272727272727,0.6198347107438017,0.10743801652892562
218,0.18333333333333332,0.0,0.2777777777777778,0.5388888888888889
219,0.0,0.3057324840764331,0.45222929936305734,0.24203821656050956
220,0.28402366863905326,0.0,0.2455621301775148,0.47041420118343197
221,0.2057877813504823,0.0,0.3054662379421222,0.4887459807073955
222,0.23943661971830985,0.15492957746478872,0.6056338028169014,0.0
223,0.39215686274509803,0.0,0.13725490196078433,0.47058823529411764
224,0.3584905660377358,0.0,0.09433962264150944,0.5471698113207547
225,0.0,0.09398496240601503,0.7706766917293233,0.13533834586466165
226,0.11416490486257928,0.7674418604651163,0.11839323467230443,0.0
227,0.0,0.22866894197952217,0.621160409556314,0.15017064846416384
228,0.0,0.03608247422680412,0.9097938144329897,0.05412371134020619
229,0.6603535353535354,0.33080808080808083,0.0,0.008838383838383838
230,0.10538116591928251,0.0,0.19730941704035873,0.6973094170403588
231,0.0,0.2777777777777778,0.5,0.2222222222222222
232,0.2549019607843137,0.0,0.17647058823529413,0.5686274509803921
233,0.0,0.2190082644628099,0.4669421487603306,0.3140495867768595
234,0.1724137931034483,0.13793103448275862,0.0,0.6896551724137931
235,0.06748466257668712,0.0,0.09202453987730061,0.8404907975460123
236,0.18421052631578946,0.0,0.47368421052631576,0.34210526315789475
237,0.06779661016949153,0.559322033898305,0.3728813559322034,0.0
238,0.0,0.11594202898550725,0.13043478260869565,0.7536231884057971
239,0.08547008547008547,0.0,0.02564102564102564,0.8888888888888888
240,0.0,0.3476190476190476,0.06190476190476191,0.5904761904761905
241,0.23076923076923078,0.23076923076923078,0.5384615384615384,0.0
242,0.5483870967741935,0.0967741935483871,0.0,0.3548387096774194
243,0.1509433962264151,0.6981132075471698,0.0,0.1509433962264151
244,0.0,0.2542372881355932,0.6440677966101694,0.1016949152542373
245,0.8406593406593407,0.12087912087912088,0.0,0.038461538461538464
246,0.09137931034482759,0.0,0.2413793103448276,0.6672413793103448
247,0.02702702702702703,0.08108108108108109,0.8918918918918919,0.0
248,0.3118279569892473,0.45161290322580644,0.0,0.23655913978494625
249,0.0,0.4782608695652174,0.3641304347826087,0.15760869565217392
250,0.4558011049723757,0.494475138121547,0.0,0.049723756906077346
251,0.12266666666666666,0.0,0.216,0.6613333333333333
252,0.0,0.05917159763313609,0.8994082840236687,0.04142011834319527
253,0.7958115183246073,0.16230366492146597,0.0,0.041884816753926704
254,0.13596491228070176,0.0,0.14912280701754385,0.7149122807017544
255,0.16,0.0,0.10666666666666667,0.7333333333333333
256,0.10526315789473684,0.10526315789473684,0.7894736842105263,0.0
257,0.6195652173913043,0.3423913043478261,0.0,0.03804347826086957
258,0.0,0.5308219178082192,0.3904109589041096,0.07876712328767123
259,0.1743119266055046,0.7935779816513762,0.0,0.03211009174311927
260,0.0,0.30666666666666664,0.47333333333333333,0.22
261,0.11979166666666667,0.65625,0.22395833333333334,0.0
262,0.4132231404958678,0.0,0.049586776859504134,0.5371900826446281
263,0.288135593220339,0.4322033898305085,0.2796610169491525,0.0
264,0.6,0.2,0.0,0.2
265,0.0,0.4603174603174603,0.5079365079365079,0.031746031746031744
266,0.3346938775510204,0.5551020408163265,0.0,0.11020408163265306
267,0.25,0.16666666666666666,0.0,0.5833333333333334
268,0.0,0.7272727272727273,0.09090909090909091,0.18181818181818182
269,0.28888888888888886,0.0,0.06666666666666667,0.6444444444444445
270,0.0,0.0958904109589041,0.273972602739726,0.6301369863013698
271,0.2916666666666667,0.0,0.25,0.4583333333333333
272,0.6829268292682927,0.07317073170731707,0.0,0.24390243902439024
273,0.05,0.45,0.0,0.5
274,0.1,0.0,0.775,0.125
275,0.375,0.0,0.09375,0.53125
276,0.7777777777777778,0.13695090439276486,0.0,0.08527131782945736
277,0.10144927536231885,0.782608695652174,0.11594202898550725,0.0
278,0.2632450331125828,0.4420529801324503,0.0,0.2947019867549669
279,0.1,0.35,0.55,0.0
280,0.0,0.09523809523809523,0.09523809523809523,0.8095238095238095
281,0.022727272727272728,0.8484848484848485,0.12878787878787878,0.0
282,0.25,0.25,0.5,0.0
283,0.0,0.015873015873015872,0.027777777777777776,0.9563492063492064
284,0.007228915662650603,0.0,0.004819277108433735,0.9879518072289156
285,0.045454545454545456,0.09090909090909091,0.8636363636363636,0.0
286,0.4,0.2,0.0,0.4
287,0.0,0.5619047619047619,0.4380952380952381,0.0
288,0.8191489361702128,0.010638297872340425,0.0,0.1702127659574468
289,0.13095238095238096,0.0,0.07738095238095238,0.7916666666666666
290,0.5362318840579711,0.2753623188405797,0.0,0.18840579710144928
291,0.0,0.8181818181818182,0.17575757575757575,0.006060606060606061
292,0.5824175824175825,0.1978021978021978,0.0,0.21978021978021978
293,0.0,0.12380952380952381,0.8,0.0761904761904762
294,0.5813953488372093,0.27906976744186046,0.0,0.13953488372093023
295,0.15294117647058825,0.5176470588235295,0.0,0.32941176470588235
296,0.1951219512195122,0.0,0.12195121951219512,0.6829268292682927
297,0.5,0.0,0.3,0.2
298,0.07865168539325842,0.39325842696629215,0.5280898876404494,0.0
299,0.0,0.0,0.0,1.0
300,0.5,0.0,0.5,0.0
301,0.0,0.0,0.0,1.0
302,0.0,0.0,0.0,1.0
303,0.6,0.0,0.0,0.4
304,0.0,0.0,1.0,0.0
305,,,,
306,0.0,0.0,0.8888888888888888,0.1111111111111111
307,,,,
308,,,,
309,0.0,1.0,0.0,0.0
310,,,,
311,,,,
312,,,,
313,,,,
314,,,,
315,,,,
