,A,C,G,T
0,,,,
1,,,,
2,1.0,0.0,0.0,0.0
3,,,,
4,,,,
5,,,,
6,,,,
7,,,,
8,1.0,0.0,0.0,0.0
9,,,,
10,,,,
11,1.0,0.0,0.0,0.0
12,,,,
13,0.0,1.0,0.0,0.0
14,,,,
15,,,,
16,,,,
17,,,,
18,,,,
19,,,,
20,,,,
21,,,,
22,,,,
23,,,,
24,,,,
25,,,,
26,,,,
27,,,,
28,,,,
29,0.0,0.0,0.0,1.0
30,0.0,1.0,0.0,0.0
31,0.0,1.0,0.0,0.0
32,1.0,0.0,0.0,0.0
33,,,,
34,,,,
35,0.5,0.0,0.0,0.5
36,0.5,0.0,0.5,0.0
37,,,,
38,1.0,0.0,0.0,0.0
39,,,,
40,,,,
41,,,,
42,,,,
43,,,,
44,,,,
45,,,,
46,1.0,0.0,0.0,0.0
47,0.0,0.0,1.0,0.0
48,1.0,0.0,0.0,0.0
49,,,,
50,0.5,0.5,0.0,0.0
51,,,,
52,,,,
53,0.0,1.0,0.0,0.0
54,,,,
55,,,,
56,,,,
57,,,,
58,,,,
59,,,,
60,,,,
61,,,,
62,,,,
63,,,,
64,,,,
65,,,,
66,,,,
67,1.0,0.0,0.0,0.0
68,1.0,0.0,0.0,0.0
69,,,,
70,,,,
71,,,,
72,,,,
73,,,,
74,0.0,0.5,0.5,0.0
75,1.0,0.0,0.0,0.0
76,1.0,0.0,0.0,0.0
77,0.0,0.0,0.0,1.0
78,,,,
79,,,,
80,,,,
81,0.0,0.0,1.0,0.0
82,1.0,0.0,0.0,0.0
83,0.0,0.0,0.0,1.0
84,,,,
85,,,,
86,0.0,0.0,0.0,1.0
87,,,,
88,1.0,0.0,0.0,0.0
89,0.0,1.0,0.0,0.0
90,1.0,0.0,0.0,0.0
91,,,,
92,0.0,0.0,0.0,1.0
93,0.0,0.0,0.5,0.5
94,0.0,1.0,0.0,0.0
95,0.0,0.0,0.0,1.0
96,0.0,0.0,1.0,0.0
97,0.0,0.5,0.5,0.0
98,0.0,0.0,1.0,0.0
99,,,,
100,,,,
101,,,,
102,,,,
103,0.0,1.0,0.0,0.0
104,0.0,0.0,0.0,1.0
105,,,,
106,,,,
107,,,,
108,,,,
109,,,,
110,0.0,0.0,1.0,0.0
111,,,,
112,,,,
113,,,,
114,,,,
115,,,,
116,,,,
117,0.0,0.0,0.0,1.0
118,0.0,0.0,0.0,1.0
119,,,,
120,,,,
121,0.0,1.0,0.0,0.0
122,,,,
123,,,,
124,,,,
125,,,,
126,,,,
127,0.0,0.0,1.0,0.0
128,0.0,0.0,1.0,0.0
129,,,,
130,,,,
131,1.0,0.0,0.0,0.0
132,,,,
133,,,,
134,0.0,0.0,1.0,0.0
135,,,,
136,,,,
137,1.0,0.0,0.0,0.0
138,,,,
139,0.0,0.0,1.0,0.0
140,,,,
141,0.5,0.5,0.0,0.0
142,,,,
143,0.0,1.0,0.0,0.0
144,1.0,0.0,0.0,0.0
145,,,,
146,1.0,0.0,0.0,0.0
147,0.0,1.0,0.0,0.0
148,0.5,0.0,0.5,0.0
149,0.0,0.0,0.5,0.5
150,0.0,1.0,0.0,0.0
151,,,,
152,0.0,0.0,0.0,1.0
153,,,,
154,,,,
155,,,,
156,0.0,0.0,1.0,0.0
157,0.0,0.0,0.0,1.0
158,,,,
159,,,,
160,0.0,0.0,1.0,0.0
161,0.0,0.0,0.0,1.0
162,,,,
163,0.0,0.0,1.0,0.0
164,,,,
165,0.0,0.0,1.0,0.0
166,0.0,0.0,1.0,0.0
167,,,,
168,0.0,0.0,1.0,0.0
169,1.0,0.0,0.0,0.0
170,1.0,0.0,0.0,0.0
171,0.5,0.0,0.5,0.0
172,0.0,0.0,1.0,0.0
173,0.0,0.0,1.0,0.0
174,0.0,0.0,1.0,0.0
175,0.0,0.0,0.0,1.0
176,1.0,0.0,0.0,0.0
177,,,,
178,,,,
179,,,,
180,0.0,0.0,0.0,1.0
181,,,,
182,0.0,1.0,0.0,0.0
183,,,,
184,,,,
185,0.0,1.0,0.0,0.0
186,,,,
187,0.0,0.0,0.0,1.0
188,0.5,0.5,0.0,0.0
189,,,,
190,1.0,0.0,0.0,0.0
191,0.5,0.5,0.0,0.0
192,,,,
193,,,,
194,0.0,1.0,0.0,0.0
195,,,,
196,,,,
197,,,,
198,,,,
199,0.0,0.0,1.0,0.0
200,0.0,0.0,1.0,0.0
201,,,,
202,,,,
203,,,,
204,0.0,1.0,0.0,0.0
205,,,,
206,0.0,0.0,1.0,0.0
207,0.0,0.0,0.0,1.0
208,,,,
209,0.0,1.0,0.0,0.0
210,,,,
211,0.0,0.0,0.0,1.0
212,,,,
213,,,,
214,,,,
215,,,,
216,,,,
217,,,,
218,0.0,0.5,0.0,0.5
219,,,,
220,,,,
221,,,,
222,,,,
223,,,,
224,0.0,0.5,0.0,0.5
225,,,,
226,,,,
227,,,,
228,,,,
229,,,,
230,0.0,1.0,0.0,0.0
231,0.0,1.0,0.0,0.0
232,0.0,0.0,1.0,0.0
233,0.0,0.0,0.0,1.0
234,0.0,0.0,1.0,0.0
235,,,,
236,,,,
237,,,,
238,,,,
239,0.0,1.0,0.0,0.0
240,0.0,0.0,0.0,1.0
241,,,,
242,1.0,0.0,0.0,0.0
243,,,,
244,,,,
245,,,,
246,0.0,0.0,0.0,1.0
247,,,,
248,0.0,1.0,0.0,0.0
249,,,,
250,,,,
251,,,,
252,,,,
253,,,,
254,,,,
255,,,,
256,1.0,0.0,0.0,0.0
257,1.0,0.0,0.0,0.0
258,,,,
259,1.0,0.0,0.0,0.0
260,0.0,0.0,0.0,1.0
261,0.0,0.0,0.0,1.0
262,,,,
263,,,,
264,,,,
265,0.0,0.0,1.0,0.0
266,0.0,0.0,1.0,0.0
267,0.0,0.0,1.0,0.0
268,0.0,0.0,0.0,1.0
269,0.0,0.0,0.0,1.0
270,,,,
271,,,,
272,1.0,0.0,0.0,0.0
273,,,,
274,,,,
275,,,,
276,1.0,0.0,0.0,0.0
277,0.0,1.0,0.0,0.0
278,,,,
279,,,,
280,,,,
281,,,,
282,,,,
283,,,,
284,0.0,0.5,0.0,0.5
285,,,,
286,,,,
287,0.0,1.0,0.0,0.0
288,,,,
289,0.0,0.0,0.0,1.0
290,0.0,0.0,0.0,1.0
291,,,,
292,,,,
293,,,,
294,,,,
295,,,,
296,,,,
297,,,,
298,,,,
299,,,,
300,,,,
301,,,,
302,,,,
303,,,,
304,,,,
305,,,,
306,,,,
307,,,,
308,,,,
309,,,,
310,,,,
311,,,,
312,,,,
313,,,,
314,,,,
315,,,,
316,,,,
317,,,,
318,,,,
319,,,,
