,A,C,G,T
0,,,,
1,,,,
2,0.0,0.0875,0.86875,0.04375
3,0.8295454545454546,0.11363636363636363,0.0,0.056818181818181816
4,0.6721311475409836,0.29508196721311475,0.03278688524590164,0.0
5,0.6987951807228916,0.024096385542168676,0.0,0.27710843373493976
6,0.5217391304347826,0.0,0.34782608695652173,0.13043478260869565
7,0.0,0.1509433962264151,0.5471698113207547,0.3018867924528302
8,0.8060344827586207,0.15517241379310345,0.0,0.03879310344827586
9,0.1206896551724138,0.0,0.1724137931034483,0.7068965517241379
10,0.0,0.7777777777777778,0.2222222222222222,0.0
11,0.5822784810126582,0.08860759493670886,0.0,0.3291139240506329
12,0.1791044776119403,0.5970149253731343,0.0,0.22388059701492538
13,0.7127659574468085,0.23404255319148937,0.05319148936170213,0.0
14,0.5955056179775281,0.0898876404494382,0.0,0.3146067415730337
15,0.23529411764705882,0.0,0.11764705882352941,0.6470588235294118
16,0.0,0.45454545454545453,0.045454545454545456,0.5
17,0.5087719298245614,0.10526315789473684,0.0,0.38596491228070173
18,0.1388888888888889,0.3888888888888889,0.4722222222222222,0.0
19,0.5172413793103449,0.0,0.20689655172413793,0.27586206896551724
20,0.5714285714285714,0.0,0.42857142857142855,0.0
21,0.20689655172413793,0.3793103448275862,0.0,0.41379310344827586
22,0.4823529411764706,0.3058823529411765,0.0,0.21176470588235294
23,0.0,0.4482758620689655,0.4482758620689655,0.10344827586206896
24,0.2611111111111111,0.5166666666666667,0.0,0.2222222222222222
25,0.0967741935483871,0.0,0.6666666666666666,0.23655913978494625
26,0.0,0.24761904761904763,0.08571428571428572,0.6666666666666666
27,0.034482758620689655,0.4827586206896552,0.0,0.4827586206896552
28,0.0,0.5660377358490566,0.16981132075471697,0.2641509433962264
29,0.9057591623036649,0.02617801047120419,0.0,0.06806282722513089
30,0.5,0.20689655172413793,0.0,0.29310344827586204
31,0.022222222222222223,0.7555555555555555,0.2222222222222222,0.0
32,0.2,0.3333333333333333,0.0,0.4666666666666667
33,0.0,0.425531914893617,0.3404255319148936,0.23404255319148937
34,0.0,0.15254237288135594,0.7231638418079096,0.12429378531073447
35,0.0,0.08169014084507042,0.9042253521126761,0.014084507042253521
36,0.0,0.6987951807228916,0.26506024096385544,0.03614457831325301
37,0.0,0.3302752293577982,0.5596330275229358,0.11009174311926606
38,0.4583333333333333,0.3125,0.0,0.22916666666666666
39,0.4397905759162304,0.0,0.16753926701570682,0.39267015706806285
40,0.46511627906976744,0.0,0.06976744186046512,0.46511627906976744
41,0.3157894736842105,0.0,0.47368421052631576,0.21052631578947367
42,0.15384615384615385,0.19230769230769232,0.0,0.6538461538461539
43,0.23076923076923078,0.19230769230769232,0.0,0.5769230769230769
44,0.815028901734104,0.10404624277456648,0.0,0.08092485549132948
45,0.08450704225352113,0.6197183098591549,0.0,0.29577464788732394
46,0.0,0.5576923076923077,0.40384615384615385,0.038461538461538464
47,0.5189873417721519,0.35443037974683544,0.0,0.12658227848101267
48,0.07407407407407407,0.42592592592592593,0.5,0.0
49,0.3684210526315789,0.0,0.15789473684210525,0.47368421052631576
50,0.11363636363636363,0.6136363636363636,0.2727272727272727,0.0
51,0.2826086956521739,0.0,0.30434782608695654,0.41304347826086957
52,0.13793103448275862,0.4482758620689655,0.41379310344827586,0.0
53,0.6416666666666667,0.21666666666666667,0.0,0.14166666666666666
54,0.0,0.7974683544303798,0.0379746835443038,0.16455696202531644
55,0.478134110787172,0.46938775510204084,0.0,0.052478134110787174
56,0.7790055248618785,0.03867403314917127,0.0,0.18232044198895028
57,0.0,0.7088607594936709,0.22784810126582278,0.06329113924050633
58,0.38461538461538464,0.2692307692307692,0.34615384615384615,0.0
59,0.1450381679389313,0.0,0.0,0.8549618320610687
60,0.1527777777777778,0.2638888888888889,0.5833333333333334,0.0
61,0.5555555555555556,0.0,0.2222222222222222,0.2222222222222222
62,0.13725490196078433,0.0,0.06862745098039216,0.7941176470588235
63,0.09523809523809523,0.38095238095238093,0.5238095238095238,0.0
64,0.14285714285714285,0.21428571428571427,0.0,0.6428571428571429
65,0.041237113402061855,0.9381443298969072,0.020618556701030927,0.0
66,0.0,0.612859097127223,0.3447332421340629,0.04240766073871409
67,0.0,0.4711111111111111,0.3466666666666667,0.18222222222222223
68,0.8539325842696629,0.10674157303370786,0.0,0.03932584269662921
69,0.6571428571428571,0.23265306122448978,0.0,0.11020408163265306
70,0.0737134909596662,0.8497913769123783,0.0,0.07649513212795549
71,0.1358695652173913,0.6711956521739131,0.19293478260869565,0.0
72,0.1271186440677966,0.3135593220338983,0.559322033898305,0.0
73,0.20238095238095238,0.0,0.13095238095238096,0.6666666666666666
74,0.0967741935483871,0.8172043010752689,0.08602150537634409,0.0
75,0.4523809523809524,0.14285714285714285,0.0,0.40476190476190477
76,0.5588235294117647,0.3235294117647059,0.0,0.11764705882352941
77,0.0,0.6484375,0.2734375,0.078125
78,0.32167832167832167,0.2867132867132867,0.3916083916083916,0.0
79,0.0,0.18888888888888888,0.08888888888888889,0.7222222222222222
80,0.10185185185185185,0.0,0.05555555555555555,0.8425925925925926
81,0.0,0.20600858369098712,0.24892703862660945,0.5450643776824035
82,0.3670886075949367,0.4860759493670886,0.0,0.1468354430379747
83,0.118508655126498,0.0,0.2609853528628495,0.6205059920106525
84,0.2535211267605634,0.5211267605633803,0.22535211267605634,0.0
85,0.09090909090909091,0.5,0.4090909090909091,0.0
86,0.06372549019607843,0.8259803921568627,0.11029411764705882,0.0
87,0.0,0.2898550724637681,0.321256038647343,0.3888888888888889
88,0.2511520737327189,0.0,0.5668202764976958,0.18202764976958524
89,0.24630541871921183,0.0,0.29064039408866993,0.4630541871921182
90,0.0,0.15853658536585366,0.7439024390243902,0.0975609756097561
91,0.6123636363636363,0.35054545454545455,0.0,0.03709090909090909
92,0.09531772575250837,0.0,0.07357859531772576,0.8311036789297659
93,0.35365853658536583,0.5804878048780487,0.06585365853658537,0.0
94,0.0,0.4006849315068493,0.14383561643835616,0.4554794520547945
95,0.015957446808510637,0.0,0.07712765957446809,0.9069148936170213
96,0.22,0.5,0.28,0.0
97,0.4032258064516129,0.26344086021505375,0.0,0.3333333333333333
98,0.1386861313868613,0.5474452554744526,0.0,0.31386861313868614
99,0.0,0.3142857142857143,0.5333333333333333,0.1523809523809524
100,0.2894736842105263,0.34210526315789475,0.3684210526315789,0.0
101,0.2013888888888889,0.0,0.05555555555555555,0.7430555555555556
102,0.0,0.0954356846473029,0.43983402489626555,0.46473029045643155
103,0.30884557721139433,0.5659670164917541,0.0,0.12518740629685157
104,0.015625,0.0,0.03298611111111111,0.9513888888888888
105,0.11764705882352941,0.47058823529411764,0.4117647058823529,0.0
106,0.23529411764705882,0.17647058823529413,0.0,0.5882352941176471
107,0.15384615384615385,0.5384615384615384,0.0,0.3076923076923077
108,0.288135593220339,0.23728813559322035,0.0,0.4745762711864407
109,0.03571428571428571,0.7142857142857143,0.25,0.0
110,0.07142857142857142,0.2714285714285714,0.0,0.6571428571428571
111,0.16666666666666666,0.0,0.25,0.5833333333333334
112,0.5,0.3333333333333333,0.0,0.16666666666666666
113,0.40350877192982454,0.0,0.15789473684210525,0.43859649122807015
114,0.7142857142857143,0.0,0.14285714285714285,0.14285714285714285
115,0.0,0.32432432432432434,0.40540540540540543,0.2702702702702703
116,0.45112781954887216,0.5112781954887218,0.0,0.03759398496240601
117,0.0,0.2789317507418398,0.6350148367952523,0.08605341246290801
118,0.3295880149812734,0.4419475655430712,0.22846441947565543,0.0
119,0.4838709677419355,0.0967741935483871,0.0,0.41935483870967744
120,0.029850746268656716,0.0,0.14925373134328357,0.8208955223880597
121,0.6666666666666666,0.0,0.1111111111111111,0.2222222222222222
122,0.5,0.0,0.2857142857142857,0.21428571428571427
123,0.3,0.0,0.0,0.7
124,0.7837837837837838,0.08108108108108109,0.0,0.13513513513513514
125,0.610738255033557,0.24496644295302014,0.0,0.14429530201342283
126,0.0,0.5436893203883495,0.4563106796116505,0.0
127,0.0,0.03827751196172249,0.9569377990430622,0.004784688995215311
128,0.0,0.07766990291262135,0.7475728155339806,0.17475728155339806
129,0.06451612903225806,0.8709677419354839,0.0,0.06451612903225806
130,0.8,0.13333333333333333,0.0,0.06666666666666667
131,0.3076923076923077,0.0,0.07692307692307693,0.6153846153846154
132,0.5384615384615384,0.0,0.15384615384615385,0.3076923076923077
133,0.041666666666666664,0.7708333333333334,0.1875,0.0
134,0.7054263565891473,0.21705426356589147,0.0,0.07751937984496124
135,0.16666666666666666,0.7222222222222222,0.0,0.1111111111111111
136,0.0,0.4166666666666667,0.5555555555555556,0.027777777777777776
137,0.8765432098765432,0.09259259259259259,0.0,0.030864197530864196
138,0.5,0.027777777777777776,0.4722222222222222,0.0
139,0.24489795918367346,0.04081632653061224,0.0,0.7142857142857143
140,0.0425531914893617,0.851063829787234,0.0,0.10638297872340426
141,0.0,0.32272727272727275,0.5181818181818182,0.1590909090909091
142,0.0,0.21428571428571427,0.7857142857142857,0.0
143,0.3,0.43846153846153846,0.0,0.26153846153846155
144,0.19047619047619047,0.047619047619047616,0.0,0.7619047619047619
145,0.10191082802547771,0.7515923566878981,0.0,0.1464968152866242
146,0.48333333333333334,0.19333333333333333,0.0,0.3233333333333333
147,0.0,0.5539568345323741,0.2589928057553957,0.18705035971223022
148,0.6584440227703985,0.2409867172675522,0.0,0.10056925996204934
149,0.6192384769539078,0.14228456913827656,0.0,0.23847695390781562
150,0.0,0.21935483870967742,0.5806451612903226,0.2
151,0.1588785046728972,0.514018691588785,0.32710280373831774,0.0
152,0.19642857142857142,0.5654761904761905,0.23809523809523808,0.0
153,0.5548780487804879,0.21341463414634146,0.0,0.23170731707317074
154,0.0,0.3624161073825503,0.31543624161073824,0.3221476510067114
155,0.07272727272727272,0.7242424242424242,0.20303030303030303,0.0
156,0.46511627906976744,0.0,0.4108527131782946,0.12403100775193798
157,0.2833333333333333,0.0,0.15,0.5666666666666667
158,0.17689530685920576,0.6534296028880866,0.16967509025270758,0.0
159,0.0,0.2718808193668529,0.4767225325884544,0.25139664804469275
160,0.22920203735144312,0.6146010186757216,0.0,0.15619694397283532
161,0.2037914691943128,0.4312796208530806,0.36492890995260663,0.0
162,0.7802690582959642,0.08968609865470852,0.0,0.13004484304932734
163,0.0,0.42016806722689076,0.48739495798319327,0.09243697478991597
164,0.3577981651376147,0.0,0.26605504587155965,0.3761467889908257
165,0.1893939393939394,0.2196969696969697,0.5909090909090909,0.0
166,0.42105263157894735,0.0,0.24561403508771928,0.3333333333333333
167,0.107981220657277,0.7394366197183099,0.15258215962441316,0.0
168,0.1992619926199262,0.3966789667896679,0.4040590405904059,0.0
169,0.0,0.28150134048257375,0.10455764075067024,0.613941018766756
170,0.15970149253731344,0.6492537313432836,0.191044776119403,0.0
171,0.0,0.18867924528301888,0.7169811320754716,0.09433962264150944
172,0.13793103448275862,0.0,0.20474137931034483,0.6573275862068966
173,0.3106508875739645,0.0,0.3994082840236686,0.28994082840236685
174,0.0,0.2687651331719128,0.648910411622276,0.08232445520581114
175,0.0,0.5495689655172413,0.35129310344827586,0.09913793103448276
176,0.2152777777777778,0.0,0.35555555555555557,0.42916666666666664
177,0.37272727272727274,0.19090909090909092,0.43636363636363634,0.0
178,0.0,0.35789473684210527,0.14736842105263157,0.49473684210526314
179,0.0668693009118541,0.0,0.03343465045592705,0.8996960486322189
180,0.0,0.2,0.7358490566037735,0.06415094339622641
181,0.9152542372881356,0.05296610169491525,0.0,0.03177966101694915
182,0.028350515463917526,0.0,0.03865979381443299,0.9329896907216495
183,0.29411764705882354,0.0,0.3137254901960784,0.39215686274509803
184,0.5833333333333334,0.0,0.1111111111111111,0.3055555555555556
185,0.4444444444444444,0.30864197530864196,0.0,0.24691358024691357
186,0.38967136150234744,0.25821596244131456,0.352112676056338,0.0
187,0.358974358974359,0.0,0.1794871794871795,0.46153846153846156
188,0.14285714285714285,0.0,0.5439560439560439,0.3131868131868132
189,0.2,0.37777777777777777,0.4222222222222222,0.0
190,0.10989010989010989,0.46153846153846156,0.42857142857142855,0.0
191,0.125,0.0,0.21153846153846154,0.6634615384615384
192,0.11226611226611227,0.0,0.8648648648648649,0.02286902286902287
193,0.0,0.14375,0.825,0.03125
194,0.0,0.18775510204081633,0.7346938775510204,0.07755102040816327
195,0.2692307692307692,0.3269230769230769,0.0,0.40384615384615385
196,0.5230769230769231,0.1076923076923077,0.0,0.36923076923076925
197,0.21875,0.0,0.5833333333333334,0.19791666666666666
198,0.6883116883116883,0.0,0.23376623376623376,0.07792207792207792
199,0.0,0.03723404255319149,0.5425531914893617,0.42021276595744683
200,0.3684210526315789,0.0,0.008771929824561403,0.6228070175438597
201,0.7686567164179104,0.06716417910447761,0.0,0.16417910447761194
202,0.13953488372093023,0.3488372093023256,0.5116279069767442,0.0
203,0.5909090909090909,0.0,0.2727272727272727,0.13636363636363635
204,0.0,0.1073170731707317,0.3902439024390244,0.5024390243902439
205,0.14224137931034483,0.0,0.4956896551724138,0.3620689655172414
206,0.27835051546391754,0.0,0.14432989690721648,0.5773195876288659
207,0.0,0.27702702702702703,0.24324324324324326,0.4797297297297297
208,0.12121212121212122,0.15151515151515152,0.7272727272727273,0.0
209,0.10224438902743142,0.0,0.5860349127182045,0.3117206982543641
210,0.2087912087912088,0.2087912087912088,0.5824175824175825,0.0
211,0.18867924528301888,0.0,0.1320754716981132,0.6792452830188679
212,0.0,0.40175953079178883,0.36363636363636365,0.23460410557184752
213,0.7192575406032483,0.08120649651972157,0.0,0.19953596287703015
214,0.06531332744924978,0.0,0.16063548102383055,0.7740511915269197
215,0.33519553072625696,0.27932960893854747,0.3854748603351955,0.0
216,0.5,0.10344827586206896,0.0,0.39655172413793105
217,0.0,0.5294117647058824,0.3137254901960784,0.1568627450980392
218,0.3380281690140845,0.0,0.29577464788732394,0.36619718309859156
219,0.0,0.6020942408376964,0.38219895287958117,0.015706806282722512
220,0.0,0.2911111111111111,0.5977777777777777,0.1111111111111111
221,0.16,0.7781818181818182,0.0,0.06181818181818182
222,0.11180124223602485,0.055900621118012424,0.8322981366459627,0.0
223,0.8415841584158416,0.0,0.0297029702970297,0.12871287128712872
224,0.35185185185185186,0.0,0.09259259259259259,0.5555555555555556
225,0.0,0.47619047619047616,0.4533333333333333,0.07047619047619047
226,0.11168831168831168,0.6753246753246753,0.21298701298701297,0.0
227,0.32978723404255317,0.0,0.22340425531914893,0.44680851063829785
228,0.0,0.05439330543933055,0.8242677824267782,0.12133891213389121
229,0.6059443911792906,0.38734419942473636,0.0,0.006711409395973154
230,0.14624505928853754,0.0,0.09486166007905138,0.758893280632411
231,0.0,0.2692307692307692,0.34615384615384615,0.38461538461538464
232,0.23255813953488372,0.0,0.2558139534883721,0.5116279069767442
233,0.18143459915611815,0.3924050632911392,0.42616033755274263,0.0
234,0.2976190476190476,0.047619047619047616,0.0,0.6547619047619048
235,0.05327868852459016,0.0,0.03278688524590164,0.9139344262295082
236,0.10084033613445378,0.0,0.453781512605042,0.44537815126050423
237,0.1643835616438356,0.547945205479452,0.2876712328767123,0.0
238,0.0,0.21978021978021978,0.029304029304029304,0.7509157509157509
239,0.0392156862745098,0.0,0.04411764705882353,0.9166666666666666
240,0.1973392461197339,0.0,0.10643015521064302,0.6962305986696231
241,0.20588235294117646,0.08823529411764706,0.7058823529411765,0.0
242,0.65,0.2222222222222222,0.0,0.12777777777777777
243,0.12777777777777777,0.0,0.6944444444444444,0.17777777777777778
244,0.0,0.27692307692307694,0.6615384615384615,0.06153846153846154
245,0.25205479452054796,0.5808219178082191,0.0,0.16712328767123288
246,0.10638297872340426,0.19148936170212766,0.7021276595744681,0.0
247,0.07317073170731707,0.036585365853658534,0.0,0.8902439024390244
248,0.16129032258064516,0.5483870967741935,0.0,0.2903225806451613
249,0.0,0.42805755395683454,0.5143884892086331,0.05755395683453238
250,0.5909090909090909,0.3695652173913043,0.0,0.039525691699604744
251,0.13688212927756654,0.0,0.10646387832699619,0.7566539923954373
252,0.0,0.07960199004975124,0.6965174129353234,0.22388059701492538
253,0.3987341772151899,0.5379746835443038,0.0,0.06329113924050633
254,0.032663316582914576,0.0,0.11809045226130653,0.8492462311557789
255,0.1323529411764706,0.0,0.25,0.6176470588235294
256,0.1320754716981132,0.39622641509433965,0.4716981132075472,0.0
257,0.30985915492957744,0.2676056338028169,0.0,0.4225352112676056
258,0.0,0.4355300859598854,0.5415472779369628,0.022922636103151862
259,0.0,0.24,0.7,0.06
260,0.28125,0.28125,0.0,0.4375
261,0.4732824427480916,0.19083969465648856,0.0,0.33587786259541985
262,0.25,0.0,0.07352941176470588,0.6764705882352942
263,0.40476190476190477,0.0,0.2857142857142857,0.30952380952380953
264,0.296875,0.109375,0.59375,0.0
265,0.5882352941176471,0.0,0.11764705882352941,0.29411764705882354
266,0.45454545454545453,0.42424242424242425,0.0,0.12121212121212122
267,0.625,0.1875,0.0,0.1875
268,0.0,0.0,0.7692307692307693,0.23076923076923078
269,0.1875,0.0,0.14583333333333334,0.6666666666666666
270,0.0,0.022222222222222223,0.5777777777777777,0.4
271,0.10104529616724739,0.0,0.7491289198606271,0.14982578397212543
272,0.13114754098360656,0.0,0.09836065573770492,0.7704918032786885
273,0.5,0.05,0.0,0.45
274,0.06306306306306306,0.0,0.9279279279279279,0.009009009009009009
275,0.5405405405405406,0.0,0.02702702702702703,0.43243243243243246
276,0.0,0.38095238095238093,0.42857142857142855,0.19047619047619047
277,0.047619047619047616,0.8707482993197279,0.08163265306122448,0.0
278,0.4359363153904473,0.2562547384382108,0.0,0.3078089461713419
279,0.3548387096774194,0.0967741935483871,0.5483870967741935,0.0
280,0.0,0.0,0.09090909090909091,0.9090909090909091
281,0.026200873362445413,0.9213973799126638,0.05240174672489083,0.0
282,0.041666666666666664,0.4583333333333333,0.5,0.0
283,0.0,0.010101010101010102,0.020202020202020204,0.9696969696969697
284,0.013452914798206279,0.0,0.013452914798206279,0.9730941704035875
285,0.08928571428571429,0.10714285714285714,0.8035714285714286,0.0
286,0.2571428571428571,0.17142857142857143,0.0,0.5714285714285714
287,0.0,0.5454545454545454,0.45454545454545453,0.0
288,0.5084745762711864,0.05084745762711865,0.0,0.4406779661016949
289,0.13095238095238096,0.0,0.17261904761904762,0.6964285714285714
290,0.19753086419753085,0.4691358024691358,0.0,0.3333333333333333
291,0.0,0.6458333333333334,0.3541666666666667,0.0
292,0.3333333333333333,0.40476190476190477,0.0,0.2619047619047619
293,0.0,0.08,0.56,0.36
294,0.10638297872340426,0.6808510638297872,0.2127659574468085,0.0
295,0.4482758620689655,0.0,0.10344827586206896,0.4482758620689655
296,0.0,0.23529411764705882,0.7647058823529411,0.0
297,0.08695652173913043,0.0,0.8695652173913043,0.043478260869565216
298,0.2857142857142857,0.7142857142857143,0.0,0.0
299,0.0,0.0,1.0,0.0
300,0.0,0.0,1.0,0.0
301,0.0,0.0,0.5,0.5
302,0.0,0.0,1.0,0.0
303,,,,
304,,,,
305,0.0,0.0,0.0,1.0
306,,,,
307,,,,
308,,,,
309,,,,
310,,,,
311,,,,
312,,,,
313,,,,
