,A,C,G,T
0,,,,
1,,,,
2,0.8653846153846154,0.1346153846153846,0.0,0.0
3,0.75,0.0,0.0,0.25
4,0.75,0.0,0.25,0.0
5,0.23076923076923078,0.7692307692307693,0.0,0.0
6,0.6363636363636364,0.0,0.3181818181818182,0.045454545454545456
7,0.0,0.5,0.5,0.0
8,0.71875,0.125,0.0,0.15625
9,0.03389830508474576,0.0,0.01694915254237288,0.9491525423728814
10,,,,
11,0.5454545454545454,0.3181818181818182,0.0,0.13636363636363635
12,0.011494252873563218,0.011494252873563218,0.0,0.9770114942528736
13,0.08333333333333333,0.8333333333333334,0.08333333333333333,0.0
14,0.14285714285714285,0.0,0.0,0.8571428571428571
15,0.0,0.5,0.0,0.5
16,0.0,0.7,0.2,0.1
17,0.8846153846153846,0.038461538461538464,0.0,0.07692307692307693
18,0.0,1.0,0.0,0.0
19,1.0,0.0,0.0,0.0
20,0.0,0.68,0.32,0.0
21,,,,
22,0.0,0.6666666666666666,0.0,0.3333333333333333
23,0.5,0.5,0.0,0.0
24,1.0,0.0,0.0,0.0
25,,,,
26,0.0,0.5,0.375,0.125
27,0.5,0.5,0.0,0.0
28,0.6666666666666666,0.10256410256410256,0.0,0.23076923076923078
29,0.0,0.0,0.8333333333333334,0.16666666666666666
30,0.1702127659574468,0.1702127659574468,0.6595744680851063,0.0
31,0.0,0.6666666666666666,0.3333333333333333,0.0
32,0.8,0.14,0.0,0.06
33,0.8846153846153846,0.11538461538461539,0.0,0.0
34,0.11764705882352941,0.5882352941176471,0.29411764705882354,0.0
35,0.0,0.3064516129032258,0.12903225806451613,0.5645161290322581
36,0.75,0.0,0.25,0.0
37,0.0,0.3333333333333333,0.6666666666666666,0.0
38,0.8571428571428571,0.14285714285714285,0.0,0.0
39,1.0,0.0,0.0,0.0
40,0.0,0.0,1.0,0.0
41,0.0,0.024390243902439025,0.975609756097561,0.0
42,0.0,0.0,0.0,1.0
43,0.0,0.0,0.0,1.0
44,0.15384615384615385,0.8461538461538461,0.0,0.0
45,1.0,0.0,0.0,0.0
46,0.7058823529411765,0.29411764705882354,0.0,0.0
47,1.0,0.0,0.0,0.0
48,0.6666666666666666,0.3333333333333333,0.0,0.0
49,,,,
50,0.8,0.0,0.06666666666666667,0.13333333333333333
51,1.0,0.0,0.0,0.0
52,0.0,0.25,0.75,0.0
53,0.5555555555555556,0.3333333333333333,0.0,0.1111111111111111
54,0.0,1.0,0.0,0.0
55,0.4,0.3,0.0,0.3
56,0.0,0.25,0.5,0.25
57,0.5,0.0,0.5,0.0
58,0.0,0.0,1.0,0.0
59,0.13333333333333333,0.0,0.6,0.26666666666666666
60,0.0,1.0,0.0,0.0
61,0.25,0.0,0.0,0.75
62,0.2857142857142857,0.0,0.5,0.21428571428571427
63,,,,
64,1.0,0.0,0.0,0.0
65,0.0,1.0,0.0,0.0
66,0.5263157894736842,0.0,0.0,0.47368421052631576
67,0.25396825396825395,0.0,0.031746031746031744,0.7142857142857143
68,0.0,0.2,0.5666666666666667,0.23333333333333334
69,0.8888888888888888,0.1111111111111111,0.0,0.0
70,0.027777777777777776,0.8680555555555556,0.0,0.10416666666666667
71,0.0,0.0,0.6,0.4
72,0.5625,0.1875,0.25,0.0
73,0.6666666666666666,0.0,0.0,0.3333333333333333
74,0.1111111111111111,0.5925925925925926,0.2962962962962963,0.0
75,0.6,0.2,0.0,0.2
76,0.42857142857142855,0.5714285714285714,0.0,0.0
77,0.0,0.5882352941176471,0.17647058823529413,0.23529411764705882
78,0.3076923076923077,0.6153846153846154,0.07692307692307693,0.0
79,0.16666666666666666,0.8333333333333334,0.0,0.0
80,0.25,0.0,0.08333333333333333,0.6666666666666666
81,0.0,0.3333333333333333,0.375,0.2916666666666667
82,0.36507936507936506,0.0,0.3333333333333333,0.30158730158730157
83,0.046511627906976744,0.0,0.5116279069767442,0.4418604651162791
84,0.14285714285714285,0.5714285714285714,0.2857142857142857,0.0
85,0.0,0.3333333333333333,0.6666666666666666,0.0
86,0.05357142857142857,0.0,0.125,0.8214285714285714
87,0.0,0.14545454545454545,0.6181818181818182,0.23636363636363636
88,0.6805555555555556,0.2638888888888889,0.0,0.05555555555555555
89,0.08333333333333333,0.8571428571428571,0.05952380952380952,0.0
90,0.0,0.12962962962962962,0.7037037037037037,0.16666666666666666
91,0.625,0.21153846153846154,0.0,0.16346153846153846
92,0.24705882352941178,0.0,0.11764705882352941,0.6352941176470588
93,0.2,0.725,0.075,0.0
94,0.0,0.06,0.5,0.44
95,0.2727272727272727,0.6363636363636364,0.09090909090909091,0.0
96,0.2,0.11428571428571428,0.0,0.6857142857142857
97,0.08695652173913043,0.0,0.30434782608695654,0.6086956521739131
98,0.051470588235294115,0.8382352941176471,0.11029411764705882,0.0
99,0.0,0.5652173913043478,0.21739130434782608,0.21739130434782608
100,0.0,0.75,0.25,0.0
101,0.45,0.1,0.0,0.45
102,0.6428571428571429,0.0,0.24285714285714285,0.11428571428571428
103,0.0,0.38095238095238093,0.5873015873015873,0.031746031746031744
104,0.03225806451612903,0.0,0.1935483870967742,0.7741935483870968
105,0.0,0.5,0.5,0.0
106,0.5,0.3333333333333333,0.0,0.16666666666666666
107,0.0,0.6666666666666666,0.0,0.3333333333333333
108,0.6,0.13333333333333333,0.0,0.26666666666666666
109,0.0,0.6666666666666666,0.3333333333333333,0.0
110,0.006211180124223602,0.9254658385093167,0.06832298136645963,0.0
111,0.0,0.0,1.0,0.0
112,0.0,0.0,0.0,1.0
113,0.16981132075471697,0.0,0.2830188679245283,0.5471698113207547
114,0.8,0.0,0.2,0.0
115,0.0,0.0,0.75,0.25
116,1.0,0.0,0.0,0.0
117,0.3541666666666667,0.4791666666666667,0.0,0.16666666666666666
118,0.06666666666666667,0.0,0.13333333333333333,0.8
119,0.11764705882352941,0.7647058823529411,0.11764705882352941,0.0
120,0.0,0.0,0.5,0.5
121,0.7333333333333333,0.0,0.13333333333333333,0.13333333333333333
122,0.0,0.029411764705882353,0.8529411764705882,0.11764705882352941
123,0.0,1.0,0.0,0.0
124,0.8181818181818182,0.0,0.0,0.18181818181818182
125,0.0,0.022388059701492536,0.9701492537313433,0.007462686567164179
126,0.0,0.07692307692307693,0.9230769230769231,0.0
127,0.0,0.25925925925925924,0.6296296296296297,0.1111111111111111
128,0.0,0.030120481927710843,0.9337349397590361,0.03614457831325301
129,1.0,0.0,0.0,0.0
130,0.4,0.4,0.0,0.2
131,0.4140625,0.140625,0.4453125,0.0
132,0.15789473684210525,0.0,0.5263157894736842,0.3157894736842105
133,0.1,0.2,0.7,0.0
134,0.5,0.18181818181818182,0.0,0.3181818181818182
135,0.06666666666666667,0.8666666666666667,0.0,0.06666666666666667
136,0.0,0.07142857142857142,0.2619047619047619,0.6666666666666666
137,0.9230769230769231,0.038461538461538464,0.0,0.038461538461538464
138,0.0,0.07692307692307693,0.9230769230769231,0.0
139,0.65,0.1,0.0,0.25
140,0.03333333333333333,0.26666666666666666,0.0,0.7
141,0.5161290322580645,0.3548387096774194,0.0,0.12903225806451613
142,0.6666666666666666,0.16666666666666666,0.16666666666666666,0.0
143,0.0,0.7621951219512195,0.054878048780487805,0.18292682926829268
144,0.1,0.06666666666666667,0.8333333333333334,0.0
145,0.5833333333333334,0.0,0.25,0.16666666666666666
146,0.0,0.20833333333333334,0.16666666666666666,0.625
147,0.5581395348837209,0.22093023255813954,0.0,0.22093023255813954
148,0.12121212121212122,0.0,0.36363636363636365,0.5151515151515151
149,0.11320754716981132,0.3584905660377358,0.5283018867924528,0.0
150,0.0,0.10638297872340426,0.3404255319148936,0.5531914893617021
151,0.35714285714285715,0.42857142857142855,0.21428571428571427,0.0
152,0.2,0.6857142857142857,0.11428571428571428,0.0
153,0.7207207207207207,0.0990990990990991,0.0,0.18018018018018017
154,0.4594594594594595,0.5135135135135135,0.0,0.02702702702702703
155,0.2647058823529412,0.3235294117647059,0.4117647058823529,0.0
156,0.0,0.16304347826086957,0.7065217391304348,0.13043478260869565
157,0.23387096774193547,0.0,0.49193548387096775,0.27419354838709675
158,0.15789473684210525,0.45614035087719296,0.38596491228070173,0.0
159,0.717391304347826,0.1956521739130435,0.0,0.08695652173913043
160,0.8055555555555556,0.1527777777777778,0.0,0.041666666666666664
161,0.3055555555555556,0.3888888888888889,0.3055555555555556,0.0
162,0.6451612903225806,0.22580645161290322,0.0,0.12903225806451613
163,0.4594594594594595,0.4864864864864865,0.0,0.05405405405405406
164,0.1686746987951807,0.37349397590361444,0.4578313253012048,0.0
165,0.44594594594594594,0.24324324324324326,0.0,0.3108108108108108
166,0.6293103448275862,0.2413793103448276,0.0,0.12931034482758622
167,0.20987654320987653,0.0,0.20987654320987653,0.5802469135802469
168,0.0,0.10869565217391304,0.8043478260869565,0.08695652173913043
169,0.2127659574468085,0.0,0.5531914893617021,0.23404255319148937
170,0.0,0.25,0.2857142857142857,0.4642857142857143
171,0.12903225806451613,0.45161290322580644,0.41935483870967744,0.0
172,0.0,0.21951219512195122,0.24390243902439024,0.5365853658536586
173,0.1111111111111111,0.0,0.06666666666666667,0.8222222222222222
174,0.0,1.0,0.0,0.0
175,0.0,0.6,0.0,0.4
176,0.0,0.8857142857142857,0.11428571428571428,0.0
177,0.34782608695652173,0.043478260869565216,0.0,0.6086956521739131
178,0.25,0.0,0.5,0.25
179,0.0,0.2222222222222222,0.6666666666666666,0.1111111111111111
180,0.8125,0.125,0.0,0.0625
181,0.0,0.5333333333333333,0.4,0.06666666666666667
182,0.1724137931034483,0.0,0.4827586206896552,0.3448275862068966
183,0.6538461538461539,0.038461538461538464,0.3076923076923077,0.0
184,0.0,0.0,0.0,1.0
185,0.21951219512195122,0.0,0.012195121951219513,0.7682926829268293
186,0.045454545454545456,0.9090909090909091,0.0,0.045454545454545456
187,0.0,0.6,0.4,0.0
188,0.3,0.3,0.0,0.4
189,0.0,0.6153846153846154,0.38461538461538464,0.0
190,0.0,0.024390243902439025,0.975609756097561,0.0
191,0.047619047619047616,0.047619047619047616,0.0,0.9047619047619048
192,0.3333333333333333,0.0,0.0,0.6666666666666666
193,0.6666666666666666,0.0,0.0,0.3333333333333333
194,0.0,0.0,0.0,1.0
195,1.0,0.0,0.0,0.0
196,0.0,0.0,0.0,1.0
197,0.0,0.23595505617977527,0.7303370786516854,0.033707865168539325
198,0.1,0.0,0.9,0.0
199,0.5,0.5,0.0,0.0
200,0.0,0.0,0.3333333333333333,0.6666666666666666
201,0.0,0.07142857142857142,0.2857142857142857,0.6428571428571429
202,0.07407407407407407,0.0,0.4074074074074074,0.5185185185185185
203,0.0,0.0,0.0,1.0
204,0.0,0.034482758620689655,0.9655172413793104,0.0
205,0.0,0.5,0.5,0.0
206,0.5,0.0,0.125,0.375
207,0.625,0.125,0.25,0.0
208,0.7142857142857143,0.0,0.0,0.2857142857142857
209,0.6,0.0,0.3,0.1
210,0.0,0.5,0.5,0.0
211,0.5,0.0,0.0,0.5
212,0.0,0.0625,0.875,0.0625
213,0.5,0.0,0.0,0.5
214,0.0,0.5,0.5,0.0
215,0.0,0.0,0.0,1.0
216,0.0,0.02127659574468085,0.9361702127659575,0.0425531914893617
217,0.0,0.36363636363636365,0.5,0.13636363636363635
218,0.011111111111111112,0.9333333333333333,0.05555555555555555,0.0
219,0.32608695652173914,0.007246376811594203,0.0,0.6666666666666666
220,0.37142857142857144,0.0,0.45714285714285713,0.17142857142857143
221,0.4166666666666667,0.0,0.3333333333333333,0.25
222,0.0,0.16666666666666666,0.8333333333333334,0.0
223,0.0,0.08108108108108109,0.8108108108108109,0.10810810810810811
224,0.8857142857142857,0.11428571428571428,0.0,0.0
225,0.0,0.14285714285714285,0.8571428571428571,0.0
226,0.0,0.058823529411764705,0.8235294117647058,0.11764705882352941
227,0.1,0.0,0.2,0.7
228,0.9508196721311475,0.0,0.04918032786885246,0.0
229,0.02631578947368421,0.0,0.13157894736842105,0.8421052631578947
230,0.18947368421052632,0.0,0.5684210526315789,0.24210526315789474
231,0.023622047244094488,0.6062992125984252,0.3700787401574803,0.0
232,0.16666666666666666,0.5,0.3333333333333333,0.0
233,0.7096774193548387,0.25806451612903225,0.0,0.03225806451612903
234,0.041666666666666664,0.3333333333333333,0.625,0.0
235,0.0,0.06976744186046512,0.046511627906976744,0.8837209302325582
236,0.0,0.5,0.5,0.0
237,0.0,0.0,0.0,1.0
238,,,,
239,0.087248322147651,0.10738255033557047,0.8053691275167785,0.0
240,0.1,0.0,0.85,0.05
241,0.0,0.0,0.0,1.0
242,0.0,0.25,0.75,0.0
243,0.0,0.4444444444444444,0.3888888888888889,0.16666666666666666
244,0.6666666666666666,0.0,0.3333333333333333,0.0
245,0.0,1.0,0.0,0.0
246,0.0,0.0196078431372549,0.8235294117647058,0.1568627450980392
247,0.0,0.24390243902439024,0.7560975609756098,0.0
248,0.1111111111111111,0.0,0.2222222222222222,0.6666666666666666
249,0.0,0.0,0.8571428571428571,0.14285714285714285
250,0.7647058823529411,0.23529411764705882,0.0,0.0
251,0.0,0.0,0.02702702702702703,0.972972972972973
252,0.0,0.0,0.2857142857142857,0.7142857142857143
253,0.0,0.0,1.0,0.0
254,0.625,0.375,0.0,0.0
255,0.0,0.391304347826087,0.5652173913043478,0.043478260869565216
256,0.3333333333333333,0.6666666666666666,0.0,0.0
257,0.0,0.3684210526315789,0.2631578947368421,0.3684210526315789
258,0.4489795918367347,0.4897959183673469,0.0,0.061224489795918366
259,0.03333333333333333,0.0,0.06666666666666667,0.9
260,0.018518518518518517,0.0,0.018518518518518517,0.9629629629629629
261,0.5,0.0,0.0,0.5
262,0.0,0.0,1.0,0.0
263,0.3804347826086957,0.6086956521739131,0.0,0.010869565217391304
264,,,,
265,,,,
266,0.0,0.0,0.0,1.0
267,0.0,0.0,0.2222222222222222,0.7777777777777778
268,0.006289308176100629,0.9182389937106918,0.07547169811320754,0.0
269,0.03333333333333333,0.9666666666666667,0.0,0.0
270,0.0,0.5,0.0,0.5
271,0.0,0.0,1.0,0.0
272,0.0,0.9921259842519685,0.007874015748031496,0.0
273,0.45263157894736844,0.14736842105263157,0.0,0.4
274,1.0,0.0,0.0,0.0
275,0.4264705882352941,0.36764705882352944,0.0,0.20588235294117646
276,0.0,0.0,1.0,0.0
277,,,,
278,0.0,0.9090909090909091,0.09090909090909091,0.0
279,0.0,0.875,0.125,0.0
280,0.0,0.11627906976744186,0.023255813953488372,0.8604651162790697
281,0.03571428571428571,0.0,0.0,0.9642857142857143
282,0.5,0.0,0.5,0.0
283,0.0,0.0,0.0,1.0
284,0.0,0.8823529411764706,0.11764705882352941,0.0
285,0.7692307692307693,0.0,0.0,0.23076923076923078
286,0.0,0.0,0.18518518518518517,0.8148148148148148
287,0.0,0.05555555555555555,0.9444444444444444,0.0
288,0.0,1.0,0.0,0.0
289,0.972972972972973,0.02702702702702703,0.0,0.0
290,0.0,0.0,1.0,0.0
291,0.0,0.6666666666666666,0.0,0.3333333333333333
292,,,,
293,0.0,1.0,0.0,0.0
294,0.0,0.0,0.9166666666666666,0.08333333333333333
295,0.5,0.0,0.5,0.0
296,,,,
297,0.0,1.0,0.0,0.0
298,,,,
299,,,,
300,,,,
301,,,,
302,0.0,0.0,0.0,1.0
303,,,,
304,,,,
305,,,,
306,,,,
307,,,,
308,,,,
309,,,,
310,,,,
311,,,,
312,,,,
