,A,C,G,T
0,,,,
1,,,,
2,0.0,1.0,0.0,0.0
3,0.22727272727272727,0.09090909090909091,0.0,0.6818181818181818
4,,,,
5,0.0,0.75,0.0,0.25
6,,,,
7,,,,
8,0.7619047619047619,0.23809523809523808,0.0,0.0
9,0.05,0.0,0.0,0.95
10,,,,
11,0.9444444444444444,0.0,0.0,0.05555555555555555
12,0.5,0.0,0.0,0.5
13,0.0,1.0,0.0,0.0
14,0.8947368421052632,0.10526315789473684,0.0,0.0
15,0.0,1.0,0.0,0.0
16,,,,
17,,,,
18,,,,
19,0.0,0.0,1.0,0.0
20,0.0,1.0,0.0,0.0
21,,,,
22,,,,
23,0.0,0.0,1.0,0.0
24,0.0,0.0,0.5,0.5
25,,,,
26,0.0,1.0,0.0,0.0
27,0.0,1.0,0.0,0.0
28,,,,
29,0.0,0.0,0.0,1.0
30,,,,
31,,,,
32,,,,
33,,,,
34,,,,
35,0.5,0.0,0.0,0.5
36,,,,
37,0.0,0.0,1.0,0.0
38,,,,
39,0.25,0.0,0.5,0.25
40,,,,
41,0.25,0.75,0.0,0.0
42,0.0,0.0,1.0,0.0
43,0.0,0.0,0.0,1.0
44,0.6,0.2,0.0,0.2
45,0.0,1.0,0.0,0.0
46,0.0,0.0,1.0,0.0
47,0.9333333333333333,0.06666666666666667,0.0,0.0
48,0.0,0.0,0.0,1.0
49,,,,
50,0.0,0.0,0.0,1.0
51,,,,
52,,,,
53,1.0,0.0,0.0,0.0
54,0.5,0.0,0.5,0.0
55,0.5,0.0,0.0,0.5
56,0.0,0.0,0.0,1.0
57,0.0,0.0,1.0,0.0
58,0.0,0.0,1.0,0.0
59,,,,
60,0.0,0.5,0.0,0.5
61,0.058823529411764705,0.8823529411764706,0.058823529411764705,0.0
62,0.0,0.0,0.0,1.0
63,,,,
64,,,,
65,,,,
66,0.8888888888888888,0.0,0.0,0.1111111111111111
67,0.5,0.0,0.5,0.0
68,0.75,0.25,0.0,0.0
69,0.0,1.0,0.0,0.0
70,,,,
71,0.0,0.0,1.0,0.0
72,0.0,1.0,0.0,0.0
73,,,,
74,0.0,1.0,0.0,0.0
75,1.0,0.0,0.0,0.0
76,1.0,0.0,0.0,0.0
77,0.6,0.4,0.0,0.0
78,0.5,0.0,0.0,0.5
79,0.0,0.6666666666666666,0.3333333333333333,0.0
80,0.6666666666666666,0.0,0.3333333333333333,0.0
81,0.0,0.0,1.0,0.0
82,0.0,0.0,0.0,1.0
83,1.0,0.0,0.0,0.0
84,0.0,0.3333333333333333,0.6666666666666666,0.0
85,0.0,0.0,1.0,0.0
86,0.041666666666666664,0.0,0.7916666666666666,0.16666666666666666
87,0.0,0.0,0.6666666666666666,0.3333333333333333
88,0.11764705882352941,0.8823529411764706,0.0,0.0
89,0.15384615384615385,0.0,0.038461538461538464,0.8076923076923077
90,0.0,0.0,0.6,0.4
91,0.0,1.0,0.0,0.0
92,0.0,0.9333333333333333,0.06666666666666667,0.0
93,0.18181818181818182,0.6363636363636364,0.0,0.18181818181818182
94,0.38461538461538464,0.38461538461538464,0.0,0.23076923076923078
95,0.5714285714285714,0.2857142857142857,0.14285714285714285,0.0
96,0.0,0.0,0.4,0.6
97,0.0,0.25,0.25,0.5
98,0.0,0.0,0.375,0.625
99,,,,
100,0.19047619047619047,0.047619047619047616,0.0,0.7619047619047619
101,0.1111111111111111,0.5555555555555556,0.0,0.3333333333333333
102,,,,
103,0.0,1.0,0.0,0.0
104,0.0,0.058823529411764705,0.9411764705882353,0.0
105,0.0,0.5,0.5,0.0
106,0.07142857142857142,0.5,0.42857142857142855,0.0
107,0.08333333333333333,0.0,0.16666666666666666,0.75
108,0.0,0.0,1.0,0.0
109,0.5,0.5,0.0,0.0
110,,,,
111,0.8333333333333334,0.16666666666666666,0.0,0.0
112,1.0,0.0,0.0,0.0
113,0.0,0.0,0.3333333333333333,0.6666666666666666
114,1.0,0.0,0.0,0.0
115,0.0,0.5,0.0,0.5
116,0.0,0.0,0.6666666666666666,0.3333333333333333
117,0.0,0.0,1.0,0.0
118,0.0,0.0,0.5,0.5
119,1.0,0.0,0.0,0.0
120,0.0,0.0,0.1724137931034483,0.8275862068965517
121,0.25,0.0,0.0,0.75
122,0.4,0.0,0.2,0.4
123,0.0,0.0,1.0,0.0
124,,,,
125,0.0,0.8181818181818182,0.09090909090909091,0.09090909090909091
126,1.0,0.0,0.0,0.0
127,0.5714285714285714,0.42857142857142855,0.0,0.0
128,1.0,0.0,0.0,0.0
129,0.0,0.25,0.75,0.0
130,0.0,0.8823529411764706,0.11764705882352941,0.0
131,1.0,0.0,0.0,0.0
132,1.0,0.0,0.0,0.0
133,0.0,1.0,0.0,0.0
134,0.4,0.5,0.0,0.1
135,1.0,0.0,0.0,0.0
136,0.0,0.3333333333333333,0.6666666666666666,0.0
137,0.8571428571428571,0.0,0.0,0.14285714285714285
138,0.2,0.8,0.0,0.0
139,0.0,0.0,0.0,1.0
140,0.8571428571428571,0.14285714285714285,0.0,0.0
141,,,,
142,1.0,0.0,0.0,0.0
143,0.0,1.0,0.0,0.0
144,0.0,0.5,0.5,0.0
145,0.0,0.5,0.5,0.0
146,0.8888888888888888,0.1111111111111111,0.0,0.0
147,,,,
148,0.0,0.6666666666666666,0.0,0.3333333333333333
149,0.7,0.2,0.0,0.1
150,0.03571428571428571,0.75,0.0,0.21428571428571427
151,0.0,0.25,0.25,0.5
152,0.0,0.42857142857142855,0.2857142857142857,0.2857142857142857
153,0.0,0.07407407407407407,0.8518518518518519,0.07407407407407407
154,0.0,0.0,1.0,0.0
155,0.0,0.0,0.0,1.0
156,0.14285714285714285,0.0,0.2857142857142857,0.5714285714285714
157,0.0,0.16666666666666666,0.6666666666666666,0.16666666666666666
158,0.2,0.4,0.4,0.0
159,0.0,0.0,0.7727272727272727,0.22727272727272727
160,0.0,0.0,0.6,0.4
161,0.047619047619047616,0.9523809523809523,0.0,0.0
162,0.0,0.0,1.0,0.0
163,0.6470588235294118,0.35294117647058826,0.0,0.0
164,0.0,0.6666666666666666,0.3333333333333333,0.0
165,,,,
166,0.0,0.0,0.0,1.0
167,0.8888888888888888,0.05555555555555555,0.0,0.05555555555555555
168,0.0,0.5,0.5,0.0
169,0.7037037037037037,0.2962962962962963,0.0,0.0
170,0.9,0.0,0.05,0.05
171,0.0,0.8,0.0,0.2
172,0.0,0.0,1.0,0.0
173,0.25,0.0,0.5,0.25
174,0.84,0.12,0.04,0.0
175,0.0,0.4,0.4,0.2
176,0.0,0.0,0.5,0.5
177,0.3333333333333333,0.6666666666666666,0.0,0.0
178,0.0,0.3333333333333333,0.0,0.6666666666666666
179,0.0,0.0,0.0,1.0
180,0.0,0.25,0.25,0.5
181,0.0,0.6666666666666666,0.3333333333333333,0.0
182,0.0,0.0,0.047619047619047616,0.9523809523809523
183,1.0,0.0,0.0,0.0
184,,,,
185,0.0,0.8333333333333334,0.0,0.16666666666666666
186,1.0,0.0,0.0,0.0
187,,,,
188,0.0,0.0,0.0,1.0
189,0.0,0.0,0.0,1.0
190,0.0,1.0,0.0,0.0
191,0.0,0.0,0.5,0.5
192,0.0,0.05263157894736842,0.9473684210526315,0.0
193,0.0,0.8,0.2,0.0
194,,,,
195,0.0,0.07692307692307693,0.9230769230769231,0.0
196,1.0,0.0,0.0,0.0
197,0.0,0.6666666666666666,0.3333333333333333,0.0
198,,,,
199,,,,
200,0.0,0.8333333333333334,0.16666666666666666,0.0
201,0.0,0.12121212121212122,0.8484848484848485,0.030303030303030304
202,0.0,0.6666666666666666,0.3333333333333333,0.0
203,0.0,0.0,0.0,1.0
204,0.0,0.3333333333333333,0.0,0.6666666666666666
205,0.0,0.0,0.5,0.5
206,0.6666666666666666,0.0,0.3333333333333333,0.0
207,0.0,0.6,0.2,0.2
208,0.0,1.0,0.0,0.0
209,0.15384615384615385,0.6923076923076923,0.0,0.15384615384615385
210,0.0,0.0,1.0,0.0
211,0.0,0.0,0.0,1.0
212,0.16666666666666666,0.0,0.8333333333333334,0.0
213,0.5,0.4,0.0,0.1
214,0.4,0.0,0.6,0.0
215,0.0,0.14285714285714285,0.7142857142857143,0.14285714285714285
216,0.0,0.0,0.0,1.0
217,0.0,0.0,0.0,1.0
218,,,,
219,0.0,0.6666666666666666,0.3333333333333333,0.0
220,0.2857142857142857,0.0,0.5714285714285714,0.14285714285714285
221,0.0,1.0,0.0,0.0
222,0.0,1.0,0.0,0.0
223,,,,
224,0.14285714285714285,0.0,0.42857142857142855,0.42857142857142855
225,0.0,1.0,0.0,0.0
226,0.0,0.8333333333333334,0.16666666666666666,0.0
227,0.05,0.15,0.0,0.8
228,0.0,0.06666666666666667,0.0,0.9333333333333333
229,0.0,0.0,1.0,0.0
230,0.0,0.0,0.08333333333333333,0.9166666666666666
231,,,,
232,0.0,0.5,0.5,0.0
233,0.045454545454545456,0.8636363636363636,0.0,0.09090909090909091
234,0.058823529411764705,0.058823529411764705,0.8823529411764706,0.0
235,,,,
236,0.0,0.0,0.5,0.5
237,0.0,0.0,1.0,0.0
238,0.0,0.9354838709677419,0.0,0.06451612903225806
239,0.0,0.0,0.0,1.0
240,0.0,0.0,0.0,1.0
241,,,,
242,0.0,1.0,0.0,0.0
243,0.0,0.5,0.5,0.0
244,0.0,0.19230769230769232,0.7692307692307693,0.038461538461538464
245,0.7916666666666666,0.20833333333333334,0.0,0.0
246,0.7916666666666666,0.0,0.041666666666666664,0.16666666666666666
247,,,,
248,0.3333333333333333,0.3333333333333333,0.0,0.3333333333333333
249,0.0,0.0,0.0,1.0
250,0.0625,0.90625,0.0,0.03125
251,0.0,0.0,0.14285714285714285,0.8571428571428571
252,0.5,0.5,0.0,0.0
253,0.0,0.0,1.0,0.0
254,0.5,0.5,0.0,0.0
255,0.6666666666666666,0.3333333333333333,0.0,0.0
256,0.0,1.0,0.0,0.0
257,0.0,0.0,0.0,1.0
258,0.0,0.5,0.0,0.5
259,0.0,0.0,0.0,1.0
260,0.16666666666666666,0.0,0.16666666666666666,0.6666666666666666
261,,,,
262,0.6666666666666666,0.0,0.3333333333333333,0.0
263,0.5,0.0,0.5,0.0
264,0.6666666666666666,0.3333333333333333,0.0,0.0
265,,,,
266,0.8333333333333334,0.0,0.0,0.16666666666666666
267,1.0,0.0,0.0,0.0
268,0.0,0.0,0.0,1.0
269,0.0,0.0,0.0,1.0
270,0.0,0.0,0.0,1.0
271,,,,
272,0.0,0.0,0.0,1.0
273,,,,
274,0.0,0.0,1.0,0.0
275,0.0,0.0,0.0,1.0
276,0.09523809523809523,0.9047619047619048,0.0,0.0
277,,,,
278,0.6666666666666666,0.12121212121212122,0.0,0.21212121212121213
279,,,,
280,,,,
281,0.0,1.0,0.0,0.0
282,,,,
283,0.0,0.0,0.0,1.0
284,0.0,0.0,0.0,1.0
285,,,,
286,0.0,0.0,0.0,1.0
287,,,,
288,0.0,0.0,0.0,1.0
289,0.0,0.0,0.0,1.0
290,1.0,0.0,0.0,0.0
291,0.0,1.0,0.0,0.0
292,0.0,0.0,0.0,1.0
293,,,,
294,0.0,0.0,1.0,0.0
295,0.0,0.0,0.0,1.0
296,,,,
297,,,,
298,,,,
299,,,,
300,,,,
301,,,,
302,,,,
303,,,,
304,,,,
305,,,,
306,,,,
307,,,,
308,,,,
309,,,,
310,,,,
311,,,,
312,,,,
313,,,,
314,,,,
315,,,,
