,A,C,G,T
0,,,,
1,,,,
2,0.75,0.25,0.0,0.0
3,0.75,0.125,0.0,0.125
4,1.0,0.0,0.0,0.0
5,0.8333333333333334,0.0,0.0,0.16666666666666666
6,0.08333333333333333,0.0,0.6666666666666666,0.25
7,0.0,0.0,1.0,0.0
8,0.8571428571428571,0.12244897959183673,0.0,0.02040816326530612
9,0.0,0.0,0.10526315789473684,0.8947368421052632
10,,,,
11,0.9473684210526315,0.0,0.0,0.05263157894736842
12,0.6538461538461539,0.038461538461538464,0.0,0.3076923076923077
13,0.0,1.0,0.0,0.0
14,0.8181818181818182,0.09090909090909091,0.0,0.09090909090909091
15,0.0,1.0,0.0,0.0
16,0.0,0.75,0.0,0.25
17,1.0,0.0,0.0,0.0
18,,,,
19,,,,
20,0.0,1.0,0.0,0.0
21,0.0,0.0,0.0,1.0
22,0.0,0.0,0.0,1.0
23,0.25,0.0,0.0,0.75
24,1.0,0.0,0.0,0.0
25,,,,
26,0.0,0.6666666666666666,0.3333333333333333,0.0
27,0.4166666666666667,0.5833333333333334,0.0,0.0
28,0.43333333333333335,0.5666666666666667,0.0,0.0
29,0.0,0.0,0.35714285714285715,0.6428571428571429
30,0.0,1.0,0.0,0.0
31,0.0,0.5,0.5,0.0
32,0.6666666666666666,0.3333333333333333,0.0,0.0
33,1.0,0.0,0.0,0.0
34,,,,
35,0.6,0.0,0.1,0.3
36,0.6666666666666666,0.0,0.1111111111111111,0.2222222222222222
37,0.0,1.0,0.0,0.0
38,0.4,0.4,0.0,0.2
39,0.0,0.0,0.0,1.0
40,1.0,0.0,0.0,0.0
41,0.0,0.0392156862745098,0.9607843137254902,0.0
42,0.0,0.0,0.0,1.0
43,0.0,0.0,0.0,1.0
44,1.0,0.0,0.0,0.0
45,0.0,0.5,0.0,0.5
46,0.5,0.0,0.0,0.5
47,0.0,0.0,0.0,1.0
48,1.0,0.0,0.0,0.0
49,0.0,0.0,1.0,0.0
50,0.2,0.0,0.4,0.4
51,0.0,0.0,0.0,1.0
52,0.0,0.0,1.0,0.0
53,0.8333333333333334,0.16666666666666666,0.0,0.0
54,0.0,0.5,0.5,0.0
55,0.5,0.5,0.0,0.0
56,0.0,0.3333333333333333,0.5,0.16666666666666666
57,0.0,0.0,1.0,0.0
58,0.0,0.6666666666666666,0.3333333333333333,0.0
59,0.1,0.0,0.9,0.0
60,0.25,0.0,0.75,0.0
61,0.0,0.0,0.0,1.0
62,0.0,0.0,0.2,0.8
63,0.0,1.0,0.0,0.0
64,0.0,0.0,0.0,1.0
65,0.0,0.875,0.125,0.0
66,0.3,0.0,0.7,0.0
67,0.25,0.0,0.0,0.75
68,0.0,0.25,0.75,0.0
69,0.4,0.2,0.0,0.4
70,0.0,0.0,0.3888888888888889,0.6111111111111112
71,0.5,0.0,0.0,0.5
72,0.0,0.0,1.0,0.0
73,1.0,0.0,0.0,0.0
74,0.25,0.5,0.25,0.0
75,0.0,1.0,0.0,0.0
76,0.0,0.0,0.0,1.0
77,0.0,0.75,0.125,0.125
78,0.7142857142857143,0.14285714285714285,0.14285714285714285,0.0
79,0.0,0.75,0.25,0.0
80,0.16666666666666666,0.0,0.6666666666666666,0.16666666666666666
81,0.0,0.23529411764705882,0.35294117647058826,0.4117647058823529
82,0.1111111111111111,0.0,0.37037037037037035,0.5185185185185185
83,0.7659574468085106,0.0,0.06382978723404255,0.1702127659574468
84,0.13333333333333333,0.8666666666666667,0.0,0.0
85,0.0,0.75,0.25,0.0
86,0.5454545454545454,0.0,0.030303030303030304,0.42424242424242425
87,0.0,0.15384615384615385,0.8461538461538461,0.0
88,0.6666666666666666,0.15384615384615385,0.0,0.1794871794871795
89,0.045454545454545456,0.5,0.45454545454545453,0.0
90,0.0,0.27450980392156865,0.6862745098039216,0.0392156862745098
91,0.8315789473684211,0.14736842105263157,0.0,0.021052631578947368
92,0.3148148148148148,0.0,0.018518518518518517,0.6666666666666666
93,0.0,0.22727272727272727,0.7727272727272727,0.0
94,0.0,0.10714285714285714,0.03571428571428571,0.8571428571428571
95,0.0,1.0,0.0,0.0
96,0.6388888888888888,0.25,0.0,0.1111111111111111
97,0.20833333333333334,0.0,0.25,0.5416666666666666
98,0.2727272727272727,0.6666666666666666,0.06060606060606061,0.0
99,0.0,0.5,0.25,0.25
100,0.0,1.0,0.0,0.0
101,0.23076923076923078,0.3076923076923077,0.0,0.46153846153846156
102,0.19444444444444445,0.0,0.16666666666666666,0.6388888888888888
103,0.0,0.45454545454545453,0.09090909090909091,0.45454545454545453
104,0.0,0.0,0.3,0.7
105,0.0,1.0,0.0,0.0
106,,,,
107,,,,
108,0.8,0.0,0.0,0.2
109,0.0,0.5,0.5,0.0
110,,,,
111,,,,
112,,,,
113,0.0,0.0,0.3333333333333333,0.6666666666666666
114,,,,
115,0.0,0.0,1.0,0.0
116,0.5,0.5,0.0,0.0
117,0.5714285714285714,0.0,0.0,0.42857142857142855
118,0.3333333333333333,0.0,0.0,0.6666666666666666
119,0.0,1.0,0.0,0.0
120,0.0,0.0,0.3333333333333333,0.6666666666666666
121,1.0,0.0,0.0,0.0
122,0.0,0.0,0.5714285714285714,0.42857142857142855
123,,,,
124,0.6666666666666666,0.0,0.0,0.3333333333333333
125,0.7916666666666666,0.0,0.0,0.20833333333333334
126,0.0,0.0,0.5,0.5
127,0.0,0.0,0.7368421052631579,0.2631578947368421
128,1.0,0.0,0.0,0.0
129,0.3333333333333333,0.3333333333333333,0.0,0.3333333333333333
130,0.5,0.0,0.0,0.5
131,0.0,0.2222222222222222,0.7777777777777778,0.0
132,0.3333333333333333,0.0,0.6666666666666666,0.0
133,0.045454545454545456,0.8181818181818182,0.13636363636363635,0.0
134,0.9,0.0,0.0,0.1
135,0.08333333333333333,0.6666666666666666,0.0,0.25
136,0.0,0.0,0.5,0.5
137,0.0,0.09523809523809523,0.6666666666666666,0.23809523809523808
138,0.045454545454545456,0.8181818181818182,0.13636363636363635,0.0
139,0.0,0.06896551724137931,0.7931034482758621,0.13793103448275862
140,0.045454545454545456,0.09090909090909091,0.8636363636363636,0.0
141,0.7333333333333333,0.13333333333333333,0.0,0.13333333333333333
142,0.0,0.4,0.6,0.0
143,0.10344827586206896,0.8275862068965517,0.06896551724137931,0.0
144,0.0,0.0,1.0,0.0
145,0.4,0.0,0.4,0.2
146,0.0,0.375,0.625,0.0
147,0.3,0.12,0.0,0.58
148,0.0875,0.0,0.8,0.1125
149,0.1388888888888889,0.4444444444444444,0.4166666666666667,0.0
150,0.0,0.045454545454545456,0.09090909090909091,0.8636363636363636
151,0.1111111111111111,0.1111111111111111,0.7777777777777778,0.0
152,0.07692307692307693,0.8461538461538461,0.07692307692307693,0.0
153,0.0,0.06666666666666667,0.9,0.03333333333333333
154,0.6046511627906976,0.3953488372093023,0.0,0.0
155,0.075,0.725,0.2,0.0
156,0.0,0.05,0.85,0.1
157,0.15584415584415584,0.7792207792207793,0.0,0.06493506493506493
158,0.0,0.35714285714285715,0.6428571428571429,0.0
159,0.0,0.22916666666666666,0.7291666666666666,0.041666666666666664
160,0.0,0.14285714285714285,0.7857142857142857,0.07142857142857142
161,0.2,0.3,0.5,0.0
162,0.875,0.125,0.0,0.0
163,0.4,0.3,0.0,0.3
164,0.3142857142857143,0.45714285714285713,0.0,0.22857142857142856
165,0.4339622641509434,0.41509433962264153,0.0,0.1509433962264151
166,0.825,0.1375,0.0,0.0375
167,0.23809523809523808,0.6190476190476191,0.14285714285714285,0.0
168,0.0,0.12121212121212122,0.6666666666666666,0.21212121212121213
169,0.6,0.15714285714285714,0.0,0.24285714285714285
170,0.15384615384615385,0.0,0.23076923076923078,0.6153846153846154
171,0.0,0.125,0.875,0.0
172,0.2857142857142857,0.0,0.07142857142857142,0.6428571428571429
173,0.0,0.0,0.9090909090909091,0.09090909090909091
174,0.09090909090909091,0.7272727272727273,0.18181818181818182,0.0
175,0.0,0.11764705882352941,0.29411764705882354,0.5882352941176471
176,0.14285714285714285,0.0,0.2,0.6571428571428571
177,0.47058823529411764,0.35294117647058826,0.17647058823529413,0.0
178,0.0,1.0,0.0,0.0
179,0.047619047619047616,0.0,0.015873015873015872,0.9365079365079365
180,0.8888888888888888,0.05555555555555555,0.0,0.05555555555555555
181,0.07142857142857142,0.0,0.75,0.17857142857142858
182,0.0,0.3076923076923077,0.38461538461538464,0.3076923076923077
183,1.0,0.0,0.0,0.0
184,0.0,0.5,0.5,0.0
185,0.3333333333333333,0.0,0.16666666666666666,0.5
186,0.0,0.4444444444444444,0.5555555555555556,0.0
187,0.6,0.0,0.2,0.2
188,0.0,0.7142857142857143,0.14285714285714285,0.14285714285714285
189,0.8095238095238095,0.09523809523809523,0.0,0.09523809523809523
190,0.0,0.2857142857142857,0.7142857142857143,0.0
191,0.25,0.25,0.0,0.5
192,0.0,0.7272727272727273,0.2727272727272727,0.0
193,0.0,0.027777777777777776,0.9722222222222222,0.0
194,0.5,0.5,0.0,0.0
195,0.5,0.0,0.0,0.5
196,0.9090909090909091,0.0,0.0,0.09090909090909091
197,0.6666666666666666,0.0,0.3333333333333333,0.0
198,0.0,1.0,0.0,0.0
199,0.0,0.5,0.0,0.5
200,0.0,0.125,0.21875,0.65625
201,0.9,0.1,0.0,0.0
202,0.0,0.875,0.125,0.0
203,0.20833333333333334,0.0,0.0,0.7916666666666666
204,0.0,0.07692307692307693,0.7307692307692307,0.19230769230769232
205,0.07142857142857142,0.0,0.6428571428571429,0.2857142857142857
206,0.4,0.0,0.2,0.4
207,0.0,0.07692307692307693,0.9230769230769231,0.0
208,0.0,0.4,0.6,0.0
209,0.08333333333333333,0.0,0.16666666666666666,0.75
210,0.3333333333333333,0.3333333333333333,0.3333333333333333,0.0
211,0.75,0.0,0.125,0.125
212,0.5,0.0,0.5,0.0
213,0.0,0.6666666666666666,0.3333333333333333,0.0
214,0.0,0.0,0.0,1.0
215,0.0,0.0,0.8,0.2
216,1.0,0.0,0.0,0.0
217,0.0,0.0,1.0,0.0
218,0.6666666666666666,0.0,0.0,0.3333333333333333
219,0.0,0.0,1.0,0.0
220,0.0,0.0,0.6,0.4
221,0.03333333333333333,0.8666666666666667,0.1,0.0
222,0.045454545454545456,0.09090909090909091,0.8636363636363636,0.0
223,0.09090909090909091,0.0,0.0,0.9090909090909091
224,0.375,0.0,0.5,0.125
225,0.0,0.1111111111111111,0.2222222222222222,0.6666666666666666
226,0.0,0.10526315789473684,0.8947368421052632,0.0
227,0.7,0.3,0.0,0.0
228,0.0,0.0,1.0,0.0
229,0.0,0.14285714285714285,0.8571428571428571,0.0
230,0.08333333333333333,0.0,0.0,0.9166666666666666
231,0.0,0.25,0.125,0.625
232,0.0,0.0,0.29411764705882354,0.7058823529411765
233,0.75,0.1875,0.0,0.0625
234,0.10526315789473684,0.0,0.6052631578947368,0.2894736842105263
235,,,,
236,0.5945945945945946,0.10810810810810811,0.0,0.2972972972972973
237,0.11764705882352941,0.5882352941176471,0.29411764705882354,0.0
238,0.0,0.2857142857142857,0.0,0.7142857142857143
239,0.0,0.8888888888888888,0.1111111111111111,0.0
240,0.007142857142857143,0.7928571428571428,0.0,0.2
241,0.0,0.0,1.0,0.0
242,0.0707070707070707,0.0,0.9191919191919192,0.010101010101010102
243,0.0,0.0,1.0,0.0
244,0.0,0.0,1.0,0.0
245,0.0,0.5416666666666666,0.4583333333333333,0.0
246,0.0,0.08,0.68,0.24
247,0.0,0.7894736842105263,0.21052631578947367,0.0
248,0.0,0.0,0.0,1.0
249,0.0,0.0,1.0,0.0
250,0.4489795918367347,0.46938775510204084,0.0,0.08163265306122448
251,0.19230769230769232,0.0,0.1346153846153846,0.6730769230769231
252,0.0,0.7142857142857143,0.2857142857142857,0.0
253,0.2,0.8,0.0,0.0
254,0.2222222222222222,0.6111111111111112,0.16666666666666666,0.0
255,0.0,0.0,0.9666666666666667,0.03333333333333333
256,0.0,0.0,1.0,0.0
257,0.5,0.5,0.0,0.0
258,0.0,0.5,0.5,0.0
259,0.45454545454545453,0.5454545454545454,0.0,0.0
260,,,,
261,0.3176470588235294,0.6705882352941176,0.0,0.011764705882352941
262,0.023255813953488372,0.0,0.09302325581395349,0.8837209302325582
263,0.0625,0.875,0.0625,0.0
264,0.5,0.0,0.0,0.5
265,0.0,1.0,0.0,0.0
266,0.631578947368421,0.3508771929824561,0.0,0.017543859649122806
267,,,,
268,,,,
269,1.0,0.0,0.0,0.0
270,0.0,0.0,0.7,0.3
271,,,,
272,1.0,0.0,0.0,0.0
273,0.0,0.0,0.0,1.0
274,0.0,0.0,1.0,0.0
275,0.1,0.9,0.0,0.0
276,0.5384615384615384,0.46153846153846156,0.0,0.0
277,,,,
278,0.6129032258064516,0.1935483870967742,0.0,0.1935483870967742
279,0.0,0.0,1.0,0.0
280,0.0,0.0,1.0,0.0
281,0.0,0.0,1.0,0.0
282,0.0,1.0,0.0,0.0
283,0.0,0.0,0.045454545454545456,0.9545454545454546
284,0.02040816326530612,0.0,0.14285714285714285,0.8367346938775511
285,0.25,0.25,0.5,0.0
286,,,,
287,0.0,0.6,0.4,0.0
288,0.0,0.6666666666666666,0.0,0.3333333333333333
289,0.0,1.0,0.0,0.0
290,0.034482758620689655,0.896551724137931,0.0,0.06896551724137931
291,,,,
292,0.0,0.0,1.0,0.0
293,0.0,0.0,1.0,0.0
294,0.5,0.5,0.0,0.0
295,0.0,0.0,0.0,1.0
296,0.5,0.5,0.0,0.0
297,1.0,0.0,0.0,0.0
298,,,,
299,,,,
300,,,,
301,,,,
302,,,,
303,,,,
304,,,,
305,,,,
306,,,,
307,,,,
308,,,,
309,,,,
310,,,,
311,,,,
312,,,,
313,,,,
314,,,,
315,,,,
