,A,C,G,T
0,,,,
1,,,,
2,0.8888888888888888,0.0,0.0,0.1111111111111111
3,0.10588235294117647,0.38823529411764707,0.0,0.5058823529411764
4,0.25,0.5,0.25,0.0
5,0.8,0.06666666666666667,0.0,0.13333333333333333
6,0.3333333333333333,0.0,0.3333333333333333,0.3333333333333333
7,0.0,0.10526315789473684,0.3157894736842105,0.5789473684210527
8,0.5657894736842105,0.3026315789473684,0.0,0.13157894736842105
9,0.08196721311475409,0.0,0.01639344262295082,0.9016393442622951
10,0.0,1.0,0.0,0.0
11,0.6792452830188679,0.11320754716981132,0.0,0.20754716981132076
12,0.2916666666666667,0.0,0.5833333333333334,0.125
13,0.0,0.13793103448275862,0.6896551724137931,0.1724137931034483
14,0.8583333333333333,0.058333333333333334,0.0,0.08333333333333333
15,0.047619047619047616,0.9285714285714286,0.0,0.023809523809523808
16,0.0,0.7142857142857143,0.047619047619047616,0.23809523809523808
17,0.5555555555555556,0.1111111111111111,0.0,0.3333333333333333
18,0.2,0.2,0.6,0.0
19,0.16666666666666666,0.0,0.8333333333333334,0.0
20,0.5,0.0,0.0,0.5
21,0.0,0.0,0.0,1.0
22,0.0,1.0,0.0,0.0
23,0.29411764705882354,0.0,0.35294117647058826,0.35294117647058826
24,0.08333333333333333,0.0,0.75,0.16666666666666666
25,0.8333333333333334,0.0,0.16666666666666666,0.0
26,0.0,0.3181818181818182,0.36363636363636365,0.3181818181818182
27,0.6666666666666666,0.26666666666666666,0.0,0.06666666666666667
28,0.0,1.0,0.0,0.0
29,0.0,0.3333333333333333,0.5333333333333333,0.13333333333333333
30,0.07692307692307693,0.0,0.19230769230769232,0.7307692307692307
31,0.5555555555555556,0.3333333333333333,0.1111111111111111,0.0
32,0.22727272727272727,0.5909090909090909,0.0,0.18181818181818182
33,0.21052631578947367,0.2631578947368421,0.0,0.5263157894736842
34,0.25,0.75,0.0,0.0
35,0.23529411764705882,0.35294117647058826,0.0,0.4117647058823529
36,0.0,0.5263157894736842,0.4473684210526316,0.02631578947368421
37,0.0,0.2641509433962264,0.6792452830188679,0.05660377358490566
38,0.3448275862068966,0.20689655172413793,0.0,0.4482758620689655
39,0.2222222222222222,0.0,0.2222222222222222,0.5555555555555556
40,0.4,0.0,0.2,0.4
41,0.0273972602739726,0.6986301369863014,0.273972602739726,0.0
42,0.06787330316742081,0.0,0.167420814479638,0.7647058823529411
43,0.3157894736842105,0.0,0.3157894736842105,0.3684210526315789
44,0.8333333333333334,0.16666666666666666,0.0,0.0
45,0.4,0.4,0.0,0.2
46,0.9166666666666666,0.03125,0.0,0.052083333333333336
47,0.6428571428571429,0.07142857142857142,0.0,0.2857142857142857
48,0.0,0.225,0.125,0.65
49,0.42857142857142855,0.0,0.2857142857142857,0.2857142857142857
50,0.3076923076923077,0.0,0.34615384615384615,0.34615384615384615
51,0.3333333333333333,0.0,0.16666666666666666,0.5
52,0.0,0.6666666666666666,0.3333333333333333,0.0
53,0.375,0.25,0.0,0.375
54,0.64,0.2,0.16,0.0
55,0.4583333333333333,0.0,0.3333333333333333,0.20833333333333334
56,0.16666666666666666,0.0,0.1111111111111111,0.7222222222222222
57,0.16,0.0,0.76,0.08
58,0.15384615384615385,0.7692307692307693,0.07692307692307693,0.0
59,0.45454545454545453,0.0,0.36363636363636365,0.18181818181818182
60,0.0,0.40625,0.3125,0.28125
61,0.30434782608695654,0.0,0.391304347826087,0.30434782608695654
62,0.15873015873015872,0.0,0.47619047619047616,0.36507936507936506
63,0.0,0.2,0.8,0.0
64,0.25,0.5,0.0,0.25
65,0.09090909090909091,0.0,0.18181818181818182,0.7272727272727273
66,0.8482142857142857,0.044642857142857144,0.0,0.10714285714285714
67,0.3173076923076923,0.0,0.34615384615384615,0.33653846153846156
68,0.06521739130434782,0.7391304347826086,0.1956521739130435,0.0
69,0.5555555555555556,0.2222222222222222,0.0,0.2222222222222222
70,0.0,0.8333333333333334,0.16666666666666666,0.0
71,0.04285714285714286,0.0,0.5428571428571428,0.4142857142857143
72,0.13333333333333333,0.7333333333333333,0.13333333333333333,0.0
73,0.5714285714285714,0.0,0.07142857142857142,0.35714285714285715
74,0.14285714285714285,0.6,0.2571428571428571,0.0
75,0.5652173913043478,0.17391304347826086,0.0,0.2608695652173913
76,0.4722222222222222,0.25,0.0,0.2777777777777778
77,0.4375,0.1875,0.375,0.0
78,0.5,0.1875,0.0,0.3125
79,0.676923076923077,0.2423076923076923,0.0,0.08076923076923077
80,0.14285714285714285,0.0,0.23809523809523808,0.6190476190476191
81,0.09259259259259259,0.6481481481481481,0.25925925925925924,0.0
82,0.42857142857142855,0.0,0.0,0.5714285714285714
83,0.21212121212121213,0.0,0.24242424242424243,0.5454545454545454
84,0.0,0.23008849557522124,0.39823008849557523,0.37168141592920356
85,0.07142857142857142,0.7857142857142857,0.14285714285714285,0.0
86,0.07352941176470588,0.0,0.6764705882352942,0.25
87,0.0,0.1568627450980392,0.7647058823529411,0.0784313725490196
88,0.3865546218487395,0.5294117647058824,0.0,0.08403361344537816
89,0.13793103448275862,0.0,0.12931034482758622,0.7327586206896551
90,0.0,0.19230769230769232,0.6666666666666666,0.14102564102564102
91,0.5116279069767442,0.3953488372093023,0.0,0.09302325581395349
92,0.18,0.75,0.07,0.0
93,0.0,0.2949640287769784,0.5467625899280576,0.15827338129496402
94,0.5060240963855421,0.43373493975903615,0.0,0.060240963855421686
95,0.14,0.58,0.28,0.0
96,0.0,0.2600896860986547,0.30493273542600896,0.4349775784753363
97,0.0,0.44155844155844154,0.23376623376623376,0.3246753246753247
98,0.08633093525179857,0.0,0.20863309352517986,0.7050359712230215
99,0.0,0.6666666666666666,0.3333333333333333,0.0
100,0.2608695652173913,0.021739130434782608,0.0,0.717391304347826
101,0.0,0.8297872340425532,0.0,0.1702127659574468
102,0.6666666666666666,0.3333333333333333,0.0,0.0
103,0.09523809523809523,0.09523809523809523,0.0,0.8095238095238095
104,0.0,0.6666666666666666,0.0,0.3333333333333333
105,0.0,0.5,0.4,0.1
106,0.2713178294573643,0.6821705426356589,0.0,0.046511627906976744
107,0.024390243902439025,0.926829268292683,0.04878048780487805,0.0
108,0.0,1.0,0.0,0.0
109,0.0,0.3333333333333333,0.0,0.6666666666666666
110,0.0,0.3333333333333333,0.0,0.6666666666666666
111,0.6428571428571429,0.17857142857142858,0.0,0.17857142857142858
112,0.0,1.0,0.0,0.0
113,0.14285714285714285,0.0,0.0,0.8571428571428571
114,0.5,0.0,0.0,0.5
115,0.0,0.0,0.0,1.0
116,0.07894736842105263,0.0,0.2894736842105263,0.631578947368421
117,0.5,0.0,0.0,0.5
118,0.0,0.3333333333333333,0.16666666666666666,0.5
119,0.2857142857142857,0.2857142857142857,0.0,0.42857142857142855
120,0.14027149321266968,0.0,0.12217194570135746,0.7375565610859729
121,0.09090909090909091,0.0,0.18181818181818182,0.7272727272727273
122,0.16666666666666666,0.0,0.2916666666666667,0.5416666666666666
123,0.25,0.0,0.25,0.5
124,0.3333333333333333,0.0,0.5,0.16666666666666666
125,0.0,0.7547169811320755,0.18867924528301888,0.05660377358490566
126,0.35,0.6,0.0,0.05
127,0.8214285714285714,0.03571428571428571,0.0,0.14285714285714285
128,0.5862068965517241,0.2413793103448276,0.0,0.1724137931034483
129,0.0,0.35714285714285715,0.6428571428571429,0.0
130,0.0,0.30434782608695654,0.6956521739130435,0.0
131,0.5833333333333334,0.16666666666666666,0.0,0.25
132,0.3,0.5,0.0,0.2
133,0.0,1.0,0.0,0.0
134,0.6258992805755396,0.31654676258992803,0.0,0.05755395683453238
135,0.4166666666666667,0.0,0.08333333333333333,0.5
136,0.0,0.8571428571428571,0.14285714285714285,0.0
137,0.5675675675675675,0.32432432432432434,0.0,0.10810810810810811
138,0.0,1.0,0.0,0.0
139,0.0,0.5,0.25,0.25
140,0.9069767441860465,0.023255813953488372,0.0,0.06976744186046512
141,0.0,0.0,1.0,0.0
142,1.0,0.0,0.0,0.0
143,0.0,1.0,0.0,0.0
144,0.0,0.5428571428571428,0.45714285714285713,0.0
145,0.25,0.5,0.25,0.0
146,0.7446808510638298,0.2127659574468085,0.0425531914893617,0.0
147,1.0,0.0,0.0,0.0
148,0.037037037037037035,0.7777777777777778,0.0,0.18518518518518517
149,0.7361963190184049,0.1901840490797546,0.0,0.0736196319018405
150,0.056,0.848,0.0,0.096
151,0.0,0.5454545454545454,0.36363636363636365,0.09090909090909091
152,0.0,0.2716049382716049,0.5802469135802469,0.14814814814814814
153,0.0,0.013888888888888888,0.9444444444444444,0.041666666666666664
154,0.07692307692307693,0.7692307692307693,0.15384615384615385,0.0
155,0.0847457627118644,0.0,0.5254237288135594,0.3898305084745763
156,0.13368983957219252,0.7165775401069518,0.1497326203208556,0.0
157,0.0,0.3076923076923077,0.17094017094017094,0.5213675213675214
158,0.10256410256410256,0.6410256410256411,0.2564102564102564,0.0
159,0.23809523809523808,0.0,0.5904761904761905,0.17142857142857143
160,0.0,0.15671641791044777,0.7164179104477612,0.12686567164179105
161,0.24731182795698925,0.4838709677419355,0.26881720430107525,0.0
162,0.0,0.1724137931034483,0.7011494252873564,0.12643678160919541
163,0.3591549295774648,0.5352112676056338,0.0,0.1056338028169014
164,0.25862068965517243,0.5689655172413793,0.1724137931034483,0.0
165,0.0,0.3333333333333333,0.0,0.6666666666666666
166,0.5652173913043478,0.2608695652173913,0.0,0.17391304347826086
167,0.5816326530612245,0.3163265306122449,0.0,0.10204081632653061
168,0.0,0.25609756097560976,0.6829268292682927,0.06097560975609756
169,0.5280373831775701,0.3598130841121495,0.0,0.11214953271028037
170,0.518918918918919,0.0,0.22702702702702704,0.25405405405405407
171,0.0,0.3023255813953488,0.5581395348837209,0.13953488372093023
172,0.20754716981132076,0.0,0.3018867924528302,0.49056603773584906
173,0.21621621621621623,0.0,0.3783783783783784,0.40540540540540543
174,0.0,0.5121951219512195,0.2073170731707317,0.2804878048780488
175,0.0,0.3404255319148936,0.3829787234042553,0.2765957446808511
176,0.15492957746478872,0.0,0.2535211267605634,0.5915492957746479
177,0.1111111111111111,0.4074074074074074,0.48148148148148145,0.0
178,0.0,0.44,0.12,0.44
179,0.12121212121212122,0.0,0.09090909090909091,0.7878787878787878
180,0.0,0.6944444444444444,0.25,0.05555555555555555
181,0.0,0.19047619047619047,0.6825396825396826,0.12698412698412698
182,0.033707865168539325,0.0,0.12359550561797752,0.8426966292134831
183,0.14814814814814814,0.0,0.14814814814814814,0.7037037037037037
184,0.2857142857142857,0.0,0.2857142857142857,0.42857142857142855
185,0.2916666666666667,0.625,0.0,0.08333333333333333
186,0.041666666666666664,0.4583333333333333,0.5,0.0
187,0.6666666666666666,0.0,0.0,0.3333333333333333
188,0.10344827586206896,0.0,0.13793103448275862,0.7586206896551724
189,0.06557377049180328,0.0,0.06557377049180328,0.8688524590163934
190,0.0,0.0,1.0,0.0
191,0.2631578947368421,0.0,0.42105263157894735,0.3157894736842105
192,0.0,0.16312056737588654,0.8226950354609929,0.014184397163120567
193,0.0,0.5,0.46226415094339623,0.03773584905660377
194,0.28,0.44,0.0,0.28
195,0.0,0.16666666666666666,0.7857142857142857,0.047619047619047616
196,0.4,0.4666666666666667,0.0,0.13333333333333333
197,0.0,0.5,0.5,0.0
198,0.8571428571428571,0.0,0.14285714285714285,0.0
199,0.25,0.5,0.0,0.25
200,0.0,0.26785714285714285,0.5892857142857143,0.14285714285714285
201,0.40476190476190477,0.5714285714285714,0.0,0.023809523809523808
202,0.03225806451612903,0.7096774193548387,0.25806451612903225,0.0
203,0.17142857142857143,0.0,0.5714285714285714,0.2571428571428571
204,0.0,0.014705882352941176,0.36764705882352944,0.6176470588235294
205,0.015151515151515152,0.0,0.696969696969697,0.2878787878787879
206,0.05405405405405406,0.0,0.08108108108108109,0.8648648648648649
207,0.0,0.26506024096385544,0.6506024096385542,0.08433734939759036
208,0.125,0.25,0.625,0.0
209,0.0,0.21235521235521235,0.555984555984556,0.23166023166023167
210,0.16,0.16,0.68,0.0
211,0.20833333333333334,0.0,0.08333333333333333,0.7083333333333334
212,0.0,0.3125,0.34375,0.34375
213,0.5248868778280543,0.3438914027149321,0.0,0.13122171945701358
214,0.5476190476190477,0.2857142857142857,0.16666666666666666,0.0
215,0.0,0.1407035175879397,0.7185929648241206,0.1407035175879397
216,0.5,0.14285714285714285,0.0,0.35714285714285715
217,0.0,0.0,0.4,0.6
218,0.07142857142857142,0.0,0.14285714285714285,0.7857142857142857
219,0.0,0.2903225806451613,0.5483870967741935,0.16129032258064516
220,0.0,0.7741935483870968,0.15053763440860216,0.07526881720430108
221,0.2826086956521739,0.30434782608695654,0.0,0.41304347826086957
222,0.13793103448275862,0.3448275862068966,0.5172413793103449,0.0
223,0.2222222222222222,0.0,0.2222222222222222,0.5555555555555556
224,0.047619047619047616,0.0,0.5555555555555556,0.3968253968253968
225,0.0,0.2727272727272727,0.6060606060606061,0.12121212121212122
226,0.0,0.38666666666666666,0.5333333333333333,0.08
227,0.10625,0.6375,0.0,0.25625
228,0.0,0.18181818181818182,0.5757575757575758,0.24242424242424243
229,0.0,0.2894736842105263,0.6578947368421053,0.05263157894736842
230,0.03731343283582089,0.0,0.2537313432835821,0.7089552238805971
231,0.29545454545454547,0.0,0.4772727272727273,0.22727272727272727
232,0.0,0.05128205128205128,0.38461538461538464,0.5641025641025641
233,0.5673758865248227,0.3475177304964539,0.0,0.0851063829787234
234,0.35714285714285715,0.30952380952380953,0.3333333333333333,0.0
235,0.5,0.1,0.4,0.0
236,0.05,0.0,0.25,0.7
237,0.34782608695652173,0.08695652173913043,0.5652173913043478,0.0
238,0.5172413793103449,0.0,0.0,0.4827586206896552
239,0.47368421052631576,0.0,0.13157894736842105,0.39473684210526316
240,0.11538461538461539,0.0,0.07692307692307693,0.8076923076923077
241,0.0,0.125,0.875,0.0
242,0.4444444444444444,0.4166666666666667,0.0,0.1388888888888889
243,0.0,0.25,0.71875,0.03125
244,0.0,0.34615384615384615,0.5576923076923077,0.09615384615384616
245,0.42696629213483145,0.4157303370786517,0.0,0.15730337078651685
246,0.1839080459770115,0.0,0.40804597701149425,0.40804597701149425
247,0.5,0.0,0.5,0.0
248,0.5652173913043478,0.21739130434782608,0.0,0.21739130434782608
249,0.0,0.5,0.23333333333333334,0.26666666666666666
250,0.2523364485981308,0.6884735202492211,0.0,0.059190031152647975
251,0.09268292682926829,0.0,0.22439024390243903,0.6829268292682927
252,0.26666666666666666,0.13333333333333333,0.6,0.0
253,0.16666666666666666,0.0,0.08333333333333333,0.75
254,0.39473684210526316,0.34210526315789475,0.2631578947368421,0.0
255,0.36666666666666664,0.5,0.0,0.13333333333333333
256,0.010752688172043012,0.956989247311828,0.03225806451612903,0.0
257,0.23529411764705882,0.23529411764705882,0.0,0.5294117647058824
258,0.0,0.2,0.3,0.5
259,0.07692307692307693,0.0,0.46153846153846156,0.46153846153846156
260,0.0,0.0,0.56,0.44
261,0.8333333333333334,0.0,0.0,0.16666666666666666
262,0.05555555555555555,0.0,0.16666666666666666,0.7777777777777778
263,0.05263157894736842,0.0,0.9473684210526315,0.0
264,0.5714285714285714,0.14285714285714285,0.0,0.2857142857142857
265,0.25,0.0,0.5,0.25
266,0.40540540540540543,0.13513513513513514,0.0,0.4594594594594595
267,0.4,0.2,0.0,0.4
268,0.0,0.5,0.5,0.0
269,0.45454545454545453,0.0,0.18181818181818182,0.36363636363636365
270,0.0,0.05263157894736842,0.47368421052631576,0.47368421052631576
271,0.25,0.0,0.0,0.75
272,0.4,0.6,0.0,0.0
273,0.42857142857142855,0.14285714285714285,0.0,0.42857142857142855
274,0.058823529411764705,0.0,0.8823529411764706,0.058823529411764705
275,0.0,0.0,0.058823529411764705,0.9411764705882353
276,0.6462585034013606,0.2585034013605442,0.0,0.09523809523809523
277,0.26666666666666666,0.5333333333333333,0.2,0.0
278,0.37943262411347517,0.35106382978723405,0.0,0.2695035460992908
279,0.0,0.25,0.75,0.0
280,0.0,0.0,0.0,1.0
281,0.0,0.7586206896551724,0.2413793103448276,0.0
282,0.375,0.375,0.25,0.0
283,0.6872964169381107,0.016286644951140065,0.0,0.2964169381107492
284,0.010101010101010102,0.0,0.16161616161616163,0.8282828282828283
285,0.25,0.0,0.75,0.0
286,0.0,0.5,0.0,0.5
287,0.0,0.7391304347826086,0.2608695652173913,0.0
288,0.3333333333333333,0.05555555555555555,0.0,0.6111111111111112
289,0.04,0.0,0.36,0.6
290,0.7272727272727273,0.2727272727272727,0.0,0.0
291,0.0,0.7692307692307693,0.23076923076923078,0.0
292,0.2727272727272727,0.7272727272727273,0.0,0.0
293,0.0,0.375,0.5,0.125
294,0.23076923076923078,0.46153846153846156,0.0,0.3076923076923077
295,0.0,0.5,0.25,0.25
296,1.0,0.0,0.0,0.0
297,0.5,0.0,0.5,0.0
298,0.75,0.0,0.25,0.0
299,,,,
300,,,,
301,1.0,0.0,0.0,0.0
302,,,,
303,,,,
304,,,,
305,,,,
306,,,,
307,,,,
308,,,,
309,,,,
310,,,,
311,,,,
312,,,,
313,,,,
314,,,,
315,,,,
