,A,C,G,T
0,,,,
1,,,,
2,,,,
3,,,,
4,,,,
5,,,,
6,,,,
7,,,,
8,,,,
9,,,,
10,,,,
11,,,,
12,,,,
13,,,,
14,,,,
15,,,,
16,,,,
17,,,,
18,,,,
19,,,,
20,,,,
21,,,,
22,,,,
23,,,,
24,,,,
25,,,,
26,,,,
27,,,,
28,,,,
29,,,,
30,,,,
31,,,,
32,,,,
33,,,,
34,,,,
35,,,,
36,,,,
37,,,,
38,,,,
39,,,,
40,,,,
41,,,,
42,,,,
43,,,,
44,,,,
45,,,,
46,,,,
47,,,,
48,,,,
49,,,,
50,,,,
51,,,,
52,,,,
53,,,,
54,,,,
55,,,,
56,,,,
57,,,,
58,,,,
59,,,,
60,,,,
61,,,,
62,,,,
63,,,,
64,,,,
65,,,,
66,,,,
67,,,,
68,,,,
69,,,,
70,,,,
71,,,,
72,,,,
73,,,,
74,,,,
75,,,,
76,,,,
77,,,,
78,,,,
79,0.0,0.0,0.0,1.0
80,,,,
81,,,,
82,,,,
83,,,,
84,,,,
85,,,,
86,,,,
87,,,,
88,,,,
89,,,,
90,,,,
91,0.0,1.0,0.0,0.0
92,,,,
93,,,,
94,,,,
95,0.0,1.0,0.0,0.0
96,,,,
97,0.0,0.0,0.0,1.0
98,0.0,1.0,0.0,0.0
99,,,,
100,,,,
101,0.0,0.0,0.0,1.0
102,,,,
103,,,,
104,,,,
105,,,,
106,,,,
107,,,,
108,,,,
109,,,,
110,,,,
111,,,,
112,,,,
113,,,,
114,,,,
115,0.0,0.0,0.0,1.0
116,,,,
117,,,,
118,,,,
119,,,,
120,,,,
121,,,,
122,,,,
123,,,,
124,,,,
125,,,,
126,,,,
127,,,,
128,0.0,0.0,1.0,0.0
129,,,,
130,,,,
131,,,,
132,,,,
133,,,,
134,,,,
135,,,,
136,0.0,1.0,0.0,0.0
137,,,,
138,,,,
139,,,,
140,,,,
141,,,,
142,,,,
143,,,,
144,,,,
145,,,,
146,,,,
147,,,,
148,0.0,0.0,0.0,1.0
149,,,,
150,0.0,0.0,1.0,0.0
151,,,,
152,,,,
153,0.0,0.0,1.0,0.0
154,0.0,0.0,1.0,0.0
155,0.0,0.0,1.0,0.0
156,0.0,0.0,1.0,0.0
157,0.0,0.0,1.0,0.0
158,0.0,0.0,0.0,1.0
159,,,,
160,,,,
161,1.0,0.0,0.0,0.0
162,,,,
163,,,,
164,,,,
165,,,,
166,0.0,1.0,0.0,0.0
167,1.0,0.0,0.0,0.0
168,,,,
169,,,,
170,,,,
171,,,,
172,,,,
173,,,,
174,,,,
175,1.0,0.0,0.0,0.0
176,0.0,0.0,0.0,1.0
177,,,,
178,,,,
179,,,,
180,,,,
181,,,,
182,,,,
183,,,,
184,,,,
185,,,,
186,,,,
187,1.0,0.0,0.0,0.0
188,0.0,0.0,1.0,0.0
189,,,,
190,,,,
191,,,,
192,,,,
193,,,,
194,,,,
195,,,,
196,,,,
197,,,,
198,,,,
199,,,,
200,0.0,1.0,0.0,0.0
201,0.0,1.0,0.0,0.0
202,,,,
203,,,,
204,,,,
205,0.0,0.0,1.0,0.0
206,,,,
207,,,,
208,,,,
209,,,,
210,,,,
211,,,,
212,,,,
213,,,,
214,,,,
215,,,,
216,,,,
217,,,,
218,,,,
219,,,,
220,,,,
221,,,,
222,,,,
223,,,,
224,,,,
225,,,,
226,,,,
227,,,,
228,,,,
229,1.0,0.0,0.0,0.0
230,,,,
231,,,,
232,0.0,1.0,0.0,0.0
233,,,,
234,,,,
235,,,,
236,,,,
237,,,,
238,,,,
239,,,,
240,,,,
241,,,,
242,,,,
243,,,,
244,,,,
245,,,,
246,,,,
247,,,,
248,,,,
249,,,,
250,1.0,0.0,0.0,0.0
251,,,,
252,,,,
253,1.0,0.0,0.0,0.0
254,,,,
255,0.0,0.0,1.0,0.0
256,,,,
257,0.0,0.0,1.0,0.0
258,,,,
259,0.0,1.0,0.0,0.0
260,,,,
261,0.0,0.0,0.0,1.0
262,,,,
263,,,,
264,,,,
265,,,,
266,,,,
267,,,,
268,,,,
269,,,,
270,,,,
271,,,,
272,,,,
273,,,,
274,1.0,0.0,0.0,0.0
275,,,,
276,0.0,1.0,0.0,0.0
277,,,,
278,1.0,0.0,0.0,0.0
279,,,,
280,1.0,0.0,0.0,0.0
281,,,,
282,,,,
283,,,,
284,,,,
285,,,,
286,,,,
287,,,,
288,,,,
289,,,,
290,,,,
291,,,,
292,,,,
293,,,,
294,,,,
295,,,,
296,,,,
297,,,,
298,,,,
299,,,,
300,,,,
301,,,,
302,,,,
303,,,,
304,,,,
305,,,,
306,,,,
307,,,,
308,,,,
309,,,,
310,,,,
311,,,,
312,,,,
313,,,,
314,,,,
315,,,,
