,A,C,G,T
0,,,,
1,,,,
2,1.0,0.0,0.0,0.0
3,0.13333333333333333,0.5333333333333333,0.0,0.3333333333333333
4,,,,
5,0.3333333333333333,0.3333333333333333,0.0,0.3333333333333333
6,0.7142857142857143,0.0,0.2857142857142857,0.0
7,0.0,0.0,0.5,0.5
8,0.45,0.35,0.0,0.2
9,0.1,0.0,0.0,0.9
10,,,,
11,0.7058823529411765,0.23529411764705882,0.0,0.058823529411764705
12,1.0,0.0,0.0,0.0
13,0.0,0.0,0.5714285714285714,0.42857142857142855
14,1.0,0.0,0.0,0.0
15,0.0,1.0,0.0,0.0
16,0.0,1.0,0.0,0.0
17,,,,
18,,,,
19,0.125,0.0,0.875,0.0
20,0.5,0.5,0.0,0.0
21,1.0,0.0,0.0,0.0
22,1.0,0.0,0.0,0.0
23,,,,
24,0.0,0.0,1.0,0.0
25,0.875,0.0,0.125,0.0
26,0.0,0.8333333333333334,0.16666666666666666,0.0
27,,,,
28,0.0,1.0,0.0,0.0
29,0.0,0.1875,0.8125,0.0
30,0.0,0.0,0.7777777777777778,0.2222222222222222
31,0.25,0.0,0.75,0.0
32,0.625,0.375,0.0,0.0
33,0.5,0.25,0.0,0.25
34,0.0,1.0,0.0,0.0
35,0.0,0.75,0.0,0.25
36,0.0,1.0,0.0,0.0
37,0.0,0.1111111111111111,0.8888888888888888,0.0
38,0.6666666666666666,0.3333333333333333,0.0,0.0
39,0.0,0.0,0.5,0.5
40,0.0,0.0,1.0,0.0
41,0.2222222222222222,0.5555555555555556,0.2222222222222222,0.0
42,0.0,0.0,1.0,0.0
43,,,,
44,0.9565217391304348,0.043478260869565216,0.0,0.0
45,,,,
46,,,,
47,0.0,0.0,1.0,0.0
48,0.0,0.0,0.3333333333333333,0.6666666666666666
49,0.0,0.0,1.0,0.0
50,1.0,0.0,0.0,0.0
51,,,,
52,,,,
53,0.25,0.25,0.0,0.5
54,,,,
55,0.7272727272727273,0.0,0.09090909090909091,0.18181818181818182
56,0.2222222222222222,0.0,0.1111111111111111,0.6666666666666666
57,0.0,0.0,0.0,1.0
58,,,,
59,,,,
60,0.0,0.0,0.4,0.6
61,0.0,0.0,0.0,1.0
62,0.7368421052631579,0.0,0.05263157894736842,0.21052631578947367
63,,,,
64,0.0,0.5,0.0,0.5
65,0.0,0.0,0.0,1.0
66,0.7619047619047619,0.023809523809523808,0.0,0.21428571428571427
67,0.21739130434782608,0.0,0.6086956521739131,0.17391304347826086
68,0.42857142857142855,0.42857142857142855,0.14285714285714285,0.0
69,0.4,0.2,0.0,0.4
70,0.0,1.0,0.0,0.0
71,0.0,0.0,0.6,0.4
72,0.2,0.8,0.0,0.0
73,0.3333333333333333,0.0,0.4444444444444444,0.2222222222222222
74,0.0,0.8333333333333334,0.16666666666666666,0.0
75,0.3076923076923077,0.0,0.0,0.6923076923076923
76,0.2857142857142857,0.0,0.0,0.7142857142857143
77,0.0,0.8,0.2,0.0
78,0.03225806451612903,0.021505376344086023,0.946236559139785,0.0
79,0.0,0.20833333333333334,0.75,0.041666666666666664
80,0.0,0.0,0.7058823529411765,0.29411764705882354
81,0.0,0.6666666666666666,0.3333333333333333,0.0
82,0.18181818181818182,0.0,0.8181818181818182,0.0
83,0.06060606060606061,0.0,0.24242424242424243,0.696969696969697
84,0.0,0.4827586206896552,0.2413793103448276,0.27586206896551724
85,0.25,0.75,0.0,0.0
86,0.16666666666666666,0.0,0.6666666666666666,0.16666666666666666
87,0.0,0.6923076923076923,0.23076923076923078,0.07692307692307693
88,0.28125,0.5625,0.0,0.15625
89,0.09375,0.0,0.1875,0.71875
90,0.0,0.21621621621621623,0.7837837837837838,0.0
91,0.5675675675675675,0.2702702702702703,0.0,0.16216216216216217
92,0.23076923076923078,0.6153846153846154,0.15384615384615385,0.0
93,0.0,0.22727272727272727,0.5454545454545454,0.22727272727272727
94,0.4927536231884058,0.4492753623188406,0.0,0.057971014492753624
95,0.2222222222222222,0.6666666666666666,0.1111111111111111,0.0
96,0.0,0.08641975308641975,0.13580246913580246,0.7777777777777778
97,0.0,0.16666666666666666,0.36666666666666664,0.4666666666666667
98,0.06896551724137931,0.0,0.1724137931034483,0.7586206896551724
99,0.0,0.16666666666666666,0.8333333333333334,0.0
100,0.7954545454545454,0.09090909090909091,0.0,0.11363636363636363
101,0.022222222222222223,0.7555555555555555,0.0,0.2222222222222222
102,0.47619047619047616,0.38095238095238093,0.14285714285714285,0.0
103,0.11764705882352941,0.6470588235294118,0.0,0.23529411764705882
104,0.0,0.047619047619047616,0.0,0.9523809523809523
105,0.9722222222222222,0.0,0.0,0.027777777777777776
106,0.5405405405405406,0.43243243243243246,0.0,0.02702702702702703
107,0.5151515151515151,0.0,0.09090909090909091,0.3939393939393939
108,0.0,0.5,0.5,0.0
109,0.0,0.7777777777777778,0.0,0.2222222222222222
110,0.0,0.9,0.0,0.1
111,0.0,0.5365853658536586,0.4634146341463415,0.0
112,0.09090909090909091,0.2727272727272727,0.6363636363636364,0.0
113,0.0,0.0,0.3333333333333333,0.6666666666666666
114,0.75,0.0,0.125,0.125
115,0.8571428571428571,0.14285714285714285,0.0,0.0
116,0.04054054054054054,0.8243243243243243,0.0,0.13513513513513514
117,0.5,0.0,0.0,0.5
118,0.0,0.631578947368421,0.10526315789473684,0.2631578947368421
119,0.3333333333333333,0.6666666666666666,0.0,0.0
120,0.1875,0.0,0.34375,0.46875
121,0.0,0.0,0.8,0.2
122,0.26666666666666666,0.0,0.7333333333333333,0.0
123,0.0625,0.0,0.875,0.0625
124,0.9411764705882353,0.0,0.058823529411764705,0.0
125,0.0,0.4782608695652174,0.391304347826087,0.13043478260869565
126,0.6666666666666666,0.3333333333333333,0.0,0.0
127,0.3333333333333333,0.6666666666666666,0.0,0.0
128,0.6666666666666666,0.13333333333333333,0.0,0.2
129,0.0,0.05,0.95,0.0
130,0.0,0.42424242424242425,0.48484848484848486,0.09090909090909091
131,0.6097560975609756,0.0,0.0,0.3902439024390244
132,0.5454545454545454,0.36363636363636365,0.0,0.09090909090909091
133,0.25,0.75,0.0,0.0
134,0.0,0.4827586206896552,0.4827586206896552,0.034482758620689655
135,0.18181818181818182,0.0,0.6363636363636364,0.18181818181818182
136,0.0,0.5714285714285714,0.42857142857142855,0.0
137,0.75,0.0,0.0,0.25
138,0.0,1.0,0.0,0.0
139,0.0,0.5714285714285714,0.14285714285714285,0.2857142857142857
140,0.47368421052631576,0.13157894736842105,0.0,0.39473684210526316
141,0.0,0.5,0.5,0.0
142,0.7,0.2,0.0,0.1
143,0.1111111111111111,0.0,0.0,0.8888888888888888
144,0.0,0.625,0.2916666666666667,0.08333333333333333
145,0.0,0.0,1.0,0.0
146,0.2,0.55,0.25,0.0
147,1.0,0.0,0.0,0.0
148,0.13333333333333333,0.26666666666666666,0.0,0.6
149,0.581081081081081,0.32432432432432434,0.0,0.0945945945945946
150,0.48717948717948717,0.5128205128205128,0.0,0.0
151,0.0,0.3157894736842105,0.3157894736842105,0.3684210526315789
152,0.057971014492753624,0.0,0.18840579710144928,0.7536231884057971
153,0.0,0.2727272727272727,0.45454545454545453,0.2727272727272727
154,0.6666666666666666,0.1111111111111111,0.2222222222222222,0.0
155,0.3448275862068966,0.0,0.3448275862068966,0.3103448275862069
156,0.13636363636363635,0.5,0.36363636363636365,0.0
157,0.0,0.10869565217391304,0.8478260869565217,0.043478260869565216
158,0.05263157894736842,0.10526315789473684,0.8421052631578947,0.0
159,0.2682926829268293,0.4634146341463415,0.2682926829268293,0.0
160,0.0,0.25806451612903225,0.6451612903225806,0.0967741935483871
161,0.24489795918367346,0.6326530612244898,0.12244897959183673,0.0
162,0.0,0.09523809523809523,0.8571428571428571,0.047619047619047616
163,0.2,0.68,0.0,0.12
164,0.25,0.625,0.125,0.0
165,1.0,0.0,0.0,0.0
166,0.48484848484848486,0.42424242424242425,0.0,0.09090909090909091
167,0.1,0.1,0.0,0.8
168,0.0,0.2,0.7,0.1
169,0.32432432432432434,0.5675675675675675,0.0,0.10810810810810811
170,0.4074074074074074,0.0,0.14814814814814814,0.4444444444444444
171,0.0,0.46153846153846156,0.38461538461538464,0.15384615384615385
172,0.9,0.0,0.0,0.1
173,0.05555555555555555,0.0,0.2222222222222222,0.7222222222222222
174,0.48333333333333334,0.18333333333333332,0.3333333333333333,0.0
175,0.0,0.42857142857142855,0.23809523809523808,0.3333333333333333
176,0.06896551724137931,0.0,0.5172413793103449,0.41379310344827586
177,0.2,0.5,0.3,0.0
178,0.0,0.08333333333333333,0.25,0.6666666666666666
179,0.0,0.0,0.1,0.9
180,0.0,0.45454545454545453,0.36363636363636365,0.18181818181818182
181,0.0,0.4444444444444444,0.5555555555555556,0.0
182,0.04,0.0,0.12,0.84
183,0.0,0.0,0.7142857142857143,0.2857142857142857
184,0.0,0.0,0.0,1.0
185,0.0,0.9896907216494846,0.0,0.010309278350515464
186,0.07692307692307693,0.0,0.9230769230769231,0.0
187,0.0,0.0,0.0,1.0
188,0.14285714285714285,0.0,0.0,0.8571428571428571
189,0.3333333333333333,0.0,0.6666666666666666,0.0
190,0.0,0.2,0.8,0.0
191,0.07692307692307693,0.0,0.7692307692307693,0.15384615384615385
192,0.0,0.18181818181818182,0.8181818181818182,0.0
193,0.0,0.13043478260869565,0.8260869565217391,0.043478260869565216
194,0.4,0.4,0.0,0.2
195,0.0,0.5,0.375,0.125
196,0.75,0.125,0.0,0.125
197,0.0,0.3333333333333333,0.6666666666666666,0.0
198,1.0,0.0,0.0,0.0
199,0.4,0.4,0.0,0.2
200,0.0,0.38461538461538464,0.6153846153846154,0.0
201,0.0,1.0,0.0,0.0
202,0.0,0.875,0.125,0.0
203,0.25,0.0,0.0,0.75
204,0.0,0.08333333333333333,0.0,0.9166666666666666
205,0.0,0.0,0.5,0.5
206,0.6,0.0,0.2,0.2
207,0.0,0.17391304347826086,0.6521739130434783,0.17391304347826086
208,0.0,0.3333333333333333,0.6666666666666666,0.0
209,0.11764705882352941,0.09803921568627451,0.0,0.7843137254901961
210,0.3333333333333333,0.0,0.6666666666666666,0.0
211,,,,
212,0.0,0.5,0.375,0.125
213,0.8144329896907216,0.13402061855670103,0.0,0.05154639175257732
214,0.6593406593406593,0.27472527472527475,0.06593406593406594,0.0
215,0.0,0.2571428571428571,0.42857142857142855,0.3142857142857143
216,,,,
217,0.0,1.0,0.0,0.0
218,0.2,0.0,0.2,0.6
219,0.0,0.0,0.8571428571428571,0.14285714285714285
220,0.6,0.0,0.4,0.0
221,0.14285714285714285,0.7142857142857143,0.0,0.14285714285714285
222,0.0,0.0,1.0,0.0
223,1.0,0.0,0.0,0.0
224,0.1,0.0,0.3,0.6
225,0.0,0.0,1.0,0.0
226,0.0,0.4,0.6,0.0
227,0.47368421052631576,0.5263157894736842,0.0,0.0
228,0.0,0.2,0.8,0.0
229,0.0,0.16666666666666666,0.6666666666666666,0.16666666666666666
230,0.07692307692307693,0.0,0.07692307692307693,0.8461538461538461
231,0.21428571428571427,0.0,0.14285714285714285,0.6428571428571429
232,0.0,0.0,0.2,0.8
233,0.4642857142857143,0.4642857142857143,0.0,0.07142857142857142
234,0.5454545454545454,0.2727272727272727,0.18181818181818182,0.0
235,0.0,0.0,1.0,0.0
236,0.3333333333333333,0.0,0.2222222222222222,0.4444444444444444
237,0.25,0.25,0.5,0.0
238,0.0,0.0,0.14285714285714285,0.8571428571428571
239,0.07692307692307693,0.0,0.0,0.9230769230769231
240,0.1111111111111111,0.0,0.0,0.8888888888888888
241,,,,
242,0.1111111111111111,0.5555555555555556,0.0,0.3333333333333333
243,0.0,0.8125,0.1875,0.0
244,0.0,0.20512820512820512,0.6923076923076923,0.10256410256410256
245,0.5,0.4166666666666667,0.0,0.08333333333333333
246,0.21212121212121213,0.0,0.24242424242424243,0.5454545454545454
247,0.0,0.75,0.25,0.0
248,0.2222222222222222,0.3333333333333333,0.0,0.4444444444444444
249,0.0,0.3333333333333333,0.4444444444444444,0.2222222222222222
250,0.30666666666666664,0.5866666666666667,0.0,0.10666666666666667
251,0.022222222222222223,0.0,0.37777777777777777,0.6
252,0.0,0.0,1.0,0.0
253,1.0,0.0,0.0,0.0
254,0.0,0.2,0.8,0.0
255,0.5,0.5,0.0,0.0
256,0.0,1.0,0.0,0.0
257,0.25,0.625,0.0,0.125
258,0.0,0.25,0.0,0.75
259,0.2,0.0,0.6,0.2
260,0.0,0.0,0.1111111111111111,0.8888888888888888
261,0.0,0.0,0.0,1.0
262,0.0,0.0,0.0,1.0
263,0.0,0.0,0.5454545454545454,0.45454545454545453
264,0.9166666666666666,0.0,0.0,0.08333333333333333
265,0.00819672131147541,0.9918032786885246,0.0,0.0
266,0.8888888888888888,0.0,0.0,0.1111111111111111
267,,,,
268,,,,
269,0.0,0.0,1.0,0.0
270,0.0,0.0,0.25,0.75
271,,,,
272,0.16666666666666666,0.5,0.0,0.3333333333333333
273,,,,
274,,,,
275,0.0,0.0,0.46153846153846156,0.5384615384615384
276,0.8260869565217391,0.13043478260869565,0.0,0.043478260869565216
277,0.0,1.0,0.0,0.0
278,0.375,0.3875,0.0,0.2375
279,,,,
280,,,,
281,0.0,1.0,0.0,0.0
282,1.0,0.0,0.0,0.0
283,0.0,0.038461538461538464,0.0,0.9615384615384616
284,0.0,0.0,0.0,1.0
285,,,,
286,,,,
287,0.0,0.6,0.4,0.0
288,0.8571428571428571,0.0,0.0,0.14285714285714285
289,0.0,0.0,0.125,0.875
290,0.25,0.5,0.0,0.25
291,0.0,0.7777777777777778,0.2222222222222222,0.0
292,0.6666666666666666,0.3333333333333333,0.0,0.0
293,0.0,0.3333333333333333,0.3333333333333333,0.3333333333333333
294,0.0,1.0,0.0,0.0
295,0.0,0.0,1.0,0.0
296,,,,
297,,,,
298,0.0,1.0,0.0,0.0
299,,,,
300,0.0,1.0,0.0,0.0
301,,,,
302,,,,
303,,,,
304,,,,
305,,,,
306,,,,
307,,,,
308,,,,
309,,,,
310,,,,
311,,,,
312,,,,
313,,,,
314,,,,
315,,,,
