,A,C,G,T
0,,,,
1,,,,
2,0.8863636363636364,0.045454545454545456,0.0,0.06818181818181818
3,0.75,0.25,0.0,0.0
4,0.25,0.0,0.75,0.0
5,0.375,0.25,0.0,0.375
6,0.8571428571428571,0.0,0.0,0.14285714285714285
7,0.0,0.0,1.0,0.0
8,0.7692307692307693,0.20512820512820512,0.0,0.02564102564102564
9,0.0,0.0,0.15151515151515152,0.8484848484848485
10,,,,
11,0.0,0.75,0.0,0.25
12,0.35294117647058826,0.17647058823529413,0.0,0.47058823529411764
13,0.2857142857142857,0.7142857142857143,0.0,0.0
14,0.25,0.75,0.0,0.0
15,0.2,0.8,0.0,0.0
16,0.0,1.0,0.0,0.0
17,0.5,0.5,0.0,0.0
18,0.0,0.5,0.5,0.0
19,,,,
20,0.0,0.7,0.3,0.0
21,,,,
22,,,,
23,0.0,0.17391304347826086,0.8260869565217391,0.0
24,0.0,0.5,0.0,0.5
25,0.0,0.0,0.0,1.0
26,0.0,0.0,0.75,0.25
27,0.14285714285714285,0.7142857142857143,0.0,0.14285714285714285
28,0.8648648648648649,0.10810810810810811,0.0,0.02702702702702703
29,0.125,0.0,0.625,0.25
30,0.10526315789473684,0.6842105263157895,0.21052631578947367,0.0
31,1.0,0.0,0.0,0.0
32,0.3157894736842105,0.631578947368421,0.0,0.05263157894736842
33,0.0,0.07407407407407407,0.8518518518518519,0.07407407407407407
34,0.0,0.8333333333333334,0.16666666666666666,0.0
35,0.5909090909090909,0.0,0.09090909090909091,0.3181818181818182
36,0.5,0.0,0.0,0.5
37,0.0,0.0,1.0,0.0
38,0.23076923076923078,0.6923076923076923,0.0,0.07692307692307693
39,0.0,0.0,0.0,1.0
40,0.0,0.0,1.0,0.0
41,0.025,0.025,0.95,0.0
42,,,,
43,0.0,0.0,0.0,1.0
44,1.0,0.0,0.0,0.0
45,0.5,0.5,0.0,0.0
46,0.75,0.0,0.0,0.25
47,0.6,0.2,0.0,0.2
48,1.0,0.0,0.0,0.0
49,,,,
50,0.8,0.0,0.0,0.2
51,0.16666666666666666,0.0,0.5,0.3333333333333333
52,0.0,0.0,1.0,0.0
53,0.5714285714285714,0.23809523809523808,0.0,0.19047619047619047
54,0.0,0.3333333333333333,0.3333333333333333,0.3333333333333333
55,0.3333333333333333,0.3333333333333333,0.0,0.3333333333333333
56,0.0,0.5555555555555556,0.3333333333333333,0.1111111111111111
57,0.5,0.0,0.0,0.5
58,0.0,0.5,0.5,0.0
59,0.1111111111111111,0.0,0.5555555555555556,0.3333333333333333
60,0.16666666666666666,0.5,0.3333333333333333,0.0
61,1.0,0.0,0.0,0.0
62,0.14285714285714285,0.0,0.0,0.8571428571428571
63,,,,
64,0.0,0.5,0.0,0.5
65,0.0,0.75,0.25,0.0
66,0.4444444444444444,0.0,0.0,0.5555555555555556
67,0.11538461538461539,0.0,0.0,0.8846153846153846
68,0.0,0.1,0.85,0.05
69,0.2,0.6,0.0,0.2
70,0.0,0.0,0.09090909090909091,0.9090909090909091
71,0.3076923076923077,0.0,0.23076923076923078,0.46153846153846156
72,0.16666666666666666,0.3333333333333333,0.5,0.0
73,0.0,0.0,0.3333333333333333,0.6666666666666666
74,0.2,0.2,0.6,0.0
75,0.0,1.0,0.0,0.0
76,0.6428571428571429,0.07142857142857142,0.0,0.2857142857142857
77,0.6222222222222222,0.24444444444444444,0.0,0.13333333333333333
78,0.2777777777777778,0.4444444444444444,0.2777777777777778,0.0
79,0.0,0.8,0.2,0.0
80,0.25,0.0,0.125,0.625
81,0.0,0.5217391304347826,0.34782608695652173,0.13043478260869565
82,0.10638297872340426,0.0,0.7021276595744681,0.19148936170212766
83,0.15,0.0,0.0,0.85
84,0.35135135135135137,0.05405405405405406,0.0,0.5945945945945946
85,0.0,0.6,0.4,0.0
86,0.06666666666666667,0.0,0.2,0.7333333333333333
87,0.0,0.2916666666666667,0.375,0.3333333333333333
88,0.29545454545454547,0.6136363636363636,0.0,0.09090909090909091
89,0.3055555555555556,0.4722222222222222,0.2222222222222222,0.0
90,0.0,0.08823529411764706,0.8676470588235294,0.04411764705882353
91,0.5522388059701493,0.34328358208955223,0.0,0.1044776119402985
92,0.13333333333333333,0.0,0.06666666666666667,0.8
93,0.0,0.13513513513513514,0.2972972972972973,0.5675675675675675
94,0.0,0.37209302325581395,0.4186046511627907,0.20930232558139536
95,0.06896551724137931,0.0,0.2413793103448276,0.6896551724137931
96,0.0,0.23529411764705882,0.7647058823529411,0.0
97,0.0,0.3870967741935484,0.25806451612903225,0.3548387096774194
98,0.07692307692307693,0.0,0.23076923076923078,0.6923076923076923
99,0.0,0.08695652173913043,0.2608695652173913,0.6521739130434783
100,0.0,0.5,0.5,0.0
101,0.5,0.5,0.0,0.0
102,0.0,0.3333333333333333,0.5833333333333334,0.08333333333333333
103,0.2909090909090909,0.6909090909090909,0.0,0.01818181818181818
104,0.0,0.0,0.1951219512195122,0.8048780487804879
105,,,,
106,0.0,1.0,0.0,0.0
107,0.0,0.5,0.0,0.5
108,0.3333333333333333,0.5555555555555556,0.0,0.1111111111111111
109,0.0,1.0,0.0,0.0
110,0.2,0.0,0.1,0.7
111,1.0,0.0,0.0,0.0
112,0.0,0.0,0.0,1.0
113,0.25,0.0,0.5,0.25
114,,,,
115,0.0,0.0,0.0,1.0
116,0.7142857142857143,0.2857142857142857,0.0,0.0
117,0.125,0.0,0.5454545454545454,0.32954545454545453
118,0.058823529411764705,0.0,0.6470588235294118,0.29411764705882354
119,0.0,0.2857142857142857,0.7142857142857143,0.0
120,0.0,0.0,0.7142857142857143,0.2857142857142857
121,1.0,0.0,0.0,0.0
122,0.0,0.23809523809523808,0.2857142857142857,0.47619047619047616
123,0.5,0.0,0.0,0.5
124,0.75,0.25,0.0,0.0
125,0.85,0.15,0.0,0.0
126,0.0,0.6666666666666666,0.25,0.08333333333333333
127,0.0,0.29411764705882354,0.7058823529411765,0.0
128,0.09090909090909091,0.8181818181818182,0.0,0.09090909090909091
129,0.4,0.0,0.0,0.6
130,0.0,0.0,0.0,1.0
131,0.4583333333333333,0.3333333333333333,0.0,0.20833333333333334
132,0.0,0.0,0.14285714285714285,0.8571428571428571
133,0.0,0.6428571428571429,0.35714285714285715,0.0
134,0.625,0.25,0.0,0.125
135,0.4,0.2,0.0,0.4
136,0.0,0.1,0.8,0.1
137,0.6666666666666666,0.3333333333333333,0.0,0.0
138,0.25,0.0,0.75,0.0
139,0.5833333333333334,0.16666666666666666,0.0,0.25
140,0.13333333333333333,0.2,0.0,0.6666666666666666
141,0.2,0.7,0.0,0.1
142,1.0,0.0,0.0,0.0
143,0.16666666666666666,0.0,0.5833333333333334,0.25
144,0.2222222222222222,0.05555555555555555,0.7222222222222222,0.0
145,0.6666666666666666,0.0,0.1111111111111111,0.2222222222222222
146,0.0,0.11538461538461539,0.15384615384615385,0.7307692307692307
147,0.5632183908045977,0.2413793103448276,0.0,0.19540229885057472
148,0.0967741935483871,0.43548387096774194,0.46774193548387094,0.0
149,0.07692307692307693,0.6538461538461539,0.2692307692307692,0.0
150,0.0,0.5714285714285714,0.2857142857142857,0.14285714285714285
151,0.07692307692307693,0.38461538461538464,0.5384615384615384,0.0
152,0.25925925925925924,0.5185185185185185,0.2222222222222222,0.0
153,0.6176470588235294,0.058823529411764705,0.3235294117647059,0.0
154,0.0,0.2608695652173913,0.43478260869565216,0.30434782608695654
155,0.125,0.6875,0.1875,0.0
156,0.0,0.08955223880597014,0.8059701492537313,0.1044776119402985
157,0.2727272727272727,0.45454545454545453,0.0,0.2727272727272727
158,0.20754716981132076,0.0,0.16981132075471697,0.6226415094339622
159,0.6,0.05,0.0,0.35
160,0.7195121951219512,0.25609756097560976,0.0,0.024390243902439025
161,0.5161290322580645,0.1935483870967742,0.2903225806451613,0.0
162,0.5,0.07142857142857142,0.0,0.42857142857142855
163,0.7777777777777778,0.1111111111111111,0.0,0.1111111111111111
164,0.3142857142857143,0.42857142857142855,0.2571428571428571,0.0
165,0.0,0.23076923076923078,0.6153846153846154,0.15384615384615385
166,0.5652173913043478,0.34782608695652173,0.0,0.08695652173913043
167,0.14814814814814814,0.0,0.2222222222222222,0.6296296296296297
168,0.0,0.08333333333333333,0.25,0.6666666666666666
169,0.25,0.0,0.20833333333333334,0.5416666666666666
170,0.0,0.2727272727272727,0.2727272727272727,0.45454545454545453
171,0.3333333333333333,0.3333333333333333,0.3333333333333333,0.0
172,0.0,0.2857142857142857,0.02857142857142857,0.6857142857142857
173,0.17857142857142858,0.0,0.10714285714285714,0.7142857142857143
174,0.4,0.4,0.2,0.0
175,0.0,0.0,0.0,1.0
176,0.038461538461538464,0.0,0.038461538461538464,0.9230769230769231
177,0.5384615384615384,0.15384615384615385,0.0,0.3076923076923077
178,0.23076923076923078,0.0,0.46153846153846156,0.3076923076923077
179,0.0,0.047619047619047616,0.8571428571428571,0.09523809523809523
180,0.625,0.125,0.0,0.25
181,0.0,0.7142857142857143,0.14285714285714285,0.14285714285714285
182,0.07142857142857142,0.0,0.5714285714285714,0.35714285714285715
183,0.16666666666666666,0.16666666666666666,0.6666666666666666,0.0
184,0.06666666666666667,0.0,0.0,0.9333333333333333
185,0.22033898305084745,0.7457627118644068,0.03389830508474576,0.0
186,0.0,1.0,0.0,0.0
187,0.0,0.4444444444444444,0.5555555555555556,0.0
188,0.625,0.25,0.0,0.125
189,0.0,0.25,0.75,0.0
190,0.0,0.03225806451612903,0.967741935483871,0.0
191,0.5,0.0,0.0,0.5
192,0.0,0.0,0.0,1.0
193,0.75,0.0,0.0,0.25
194,0.0,0.0,1.0,0.0
195,0.75,0.0,0.25,0.0
196,0.0,0.5,0.0,0.5
197,0.0,0.4230769230769231,0.5769230769230769,0.0
198,0.0,0.0,1.0,0.0
199,0.0,0.0,1.0,0.0
200,0.07142857142857142,0.0,0.0,0.9285714285714286
201,0.0,0.08333333333333333,0.4166666666666667,0.5
202,0.041666666666666664,0.0,0.4583333333333333,0.5
203,0.25,0.0,0.625,0.125
204,0.0,0.0,0.7916666666666666,0.20833333333333334
205,0.0,0.6666666666666666,0.3333333333333333,0.0
206,0.0,0.0,1.0,0.0
207,0.0,0.0,1.0,0.0
208,0.0,0.0,0.6666666666666666,0.3333333333333333
209,0.2857142857142857,0.0,0.07142857142857142,0.6428571428571429
210,0.0,0.18181818181818182,0.5454545454545454,0.2727272727272727
211,0.0,0.5,0.0,0.5
212,0.0,0.25,0.5,0.25
213,0.5,0.5,0.0,0.0
214,0.0,0.0,0.0,1.0
215,0.0,0.0,0.0,1.0
216,0.0,0.7,0.275,0.025
217,0.0,0.30864197530864196,0.25925925925925924,0.43209876543209874
218,0.09803921568627451,0.9019607843137255,0.0,0.0
219,0.16666666666666666,0.0,0.8333333333333334,0.0
220,0.2222222222222222,0.0,0.3333333333333333,0.4444444444444444
221,0.15,0.0,0.7,0.15
222,0.0,0.3333333333333333,0.6666666666666666,0.0
223,0.0,0.23529411764705882,0.7647058823529411,0.0
224,0.5,0.5,0.0,0.0
225,0.0,0.0,1.0,0.0
226,0.0,0.42857142857142855,0.5714285714285714,0.0
227,0.044444444444444446,0.0,0.022222222222222223,0.9333333333333333
228,0.0,0.0,0.4,0.6
229,0.09090909090909091,0.0,0.36363636363636365,0.5454545454545454
230,0.3979591836734694,0.4387755102040816,0.0,0.16326530612244897
231,0.15873015873015872,0.0,0.5555555555555556,0.2857142857142857
232,0.0,0.0,1.0,0.0
233,0.3333333333333333,0.15151515151515152,0.0,0.5151515151515151
234,0.058823529411764705,0.14705882352941177,0.7941176470588235,0.0
235,0.0,0.14285714285714285,0.14285714285714285,0.7142857142857143
236,0.0,0.125,0.875,0.0
237,0.8387096774193549,0.0,0.0967741935483871,0.06451612903225806
238,0.0,0.0,1.0,0.0
239,0.1,0.06666666666666667,0.8333333333333334,0.0
240,0.16666666666666666,0.0,0.6666666666666666,0.16666666666666666
241,0.0,0.0,1.0,0.0
242,0.0,0.05,0.95,0.0
243,0.0,0.0,0.5,0.5
244,0.0,0.0,1.0,0.0
245,0.25,0.5,0.0,0.25
246,0.0,0.3181818181818182,0.6363636363636364,0.045454545454545456
247,0.0,0.09803921568627451,0.8431372549019608,0.058823529411764705
248,0.0,0.0,0.25,0.75
249,0.0,0.3333333333333333,0.5555555555555556,0.1111111111111111
250,0.6666666666666666,0.13333333333333333,0.0,0.2
251,0.16666666666666666,0.0,0.047619047619047616,0.7857142857142857
252,0.1111111111111111,0.0,0.3333333333333333,0.5555555555555556
253,0.0,0.0,1.0,0.0
254,0.2857142857142857,0.5714285714285714,0.0,0.14285714285714285
255,0.0,0.5714285714285714,0.42857142857142855,0.0
256,0.17391304347826086,0.7391304347826086,0.0,0.08695652173913043
257,0.0,0.5454545454545454,0.36363636363636365,0.09090909090909091
258,0.15384615384615385,0.1282051282051282,0.0,0.717948717948718
259,0.14285714285714285,0.0,0.04081632653061224,0.8163265306122449
260,0.0,0.0,0.2,0.8
261,1.0,0.0,0.0,0.0
262,0.0,0.42857142857142855,0.5714285714285714,0.0
263,0.423728813559322,0.559322033898305,0.0,0.01694915254237288
264,,,,
265,,,,
266,0.0,0.0,0.0,1.0
267,0.0,0.0,0.125,0.875
268,0.0,0.0,1.0,0.0
269,0.42857142857142855,0.2857142857142857,0.0,0.2857142857142857
270,0.5,0.0,0.0,0.5
271,0.0,0.0,1.0,0.0
272,0.0,0.0,0.2857142857142857,0.7142857142857143
273,0.8088235294117647,0.10294117647058823,0.0,0.08823529411764706
274,0.3333333333333333,0.5833333333333334,0.08333333333333333,0.0
275,0.47126436781609193,0.3793103448275862,0.0,0.14942528735632185
276,,,,
277,,,,
278,0.0,1.0,0.0,0.0
279,,,,
280,0.0,0.0,0.0,1.0
281,0.0,0.0,0.0,1.0
282,0.0,0.0,1.0,0.0
283,,,,
284,0.0,0.8,0.2,0.0
285,0.7692307692307693,0.0,0.0,0.23076923076923078
286,0.0,0.0,0.1,0.9
287,0.3333333333333333,0.10416666666666667,0.5625,0.0
288,0.0,0.3333333333333333,0.0,0.6666666666666666
289,1.0,0.0,0.0,0.0
290,0.9166666666666666,0.08333333333333333,0.0,0.0
291,0.5,0.5,0.0,0.0
292,0.0,0.0,1.0,0.0
293,,,,
294,0.0,0.0,0.5,0.5
295,1.0,0.0,0.0,0.0
296,,,,
297,,,,
298,,,,
299,0.0,1.0,0.0,0.0
300,,,,
301,,,,
302,,,,
303,,,,
304,,,,
305,,,,
306,,,,
307,,,,
308,,,,
309,,,,
310,,,,
311,,,,
312,,,,
