,A,C,G,T
0,,,,
1,,,,
2,0.8333333333333334,0.0,0.0,0.16666666666666666
3,0.1111111111111111,0.7777777777777778,0.0,0.1111111111111111
4,0.7021276595744681,0.1702127659574468,0.1276595744680851,0.0
5,0.7037037037037037,0.07407407407407407,0.0,0.2222222222222222
6,0.4375,0.0,0.4375,0.125
7,0.0,0.2,0.65,0.15
8,0.7008547008547008,0.27350427350427353,0.0,0.02564102564102564
9,0.04411764705882353,0.0,0.23529411764705882,0.7205882352941176
10,0.0,0.0,1.0,0.0
11,0.24,0.28,0.0,0.48
12,0.3333333333333333,0.6,0.0,0.06666666666666667
13,0.6666666666666666,0.2222222222222222,0.1111111111111111,0.0
14,0.2727272727272727,0.36363636363636365,0.0,0.36363636363636365
15,0.0,0.8571428571428571,0.0,0.14285714285714285
16,0.0,0.6923076923076923,0.15384615384615385,0.15384615384615385
17,0.5909090909090909,0.36363636363636365,0.0,0.045454545454545456
18,0.0,0.0,1.0,0.0
19,0.6666666666666666,0.0,0.0,0.3333333333333333
20,0.08571428571428572,0.17142857142857143,0.7428571428571429,0.0
21,0.0,1.0,0.0,0.0
22,0.0,0.0,0.0,1.0
23,0.14285714285714285,0.14285714285714285,0.0,0.7142857142857143
24,1.0,0.0,0.0,0.0
25,0.0,0.5,0.0,0.5
26,0.0,0.5,0.45,0.05
27,0.38461538461538464,0.46153846153846156,0.0,0.15384615384615385
28,0.5833333333333334,0.4166666666666667,0.0,0.0
29,0.4166666666666667,0.0,0.08333333333333333,0.5
30,0.08333333333333333,0.08333333333333333,0.0,0.8333333333333334
31,0.0,0.5714285714285714,0.42857142857142855,0.0
32,0.6363636363636364,0.13636363636363635,0.0,0.22727272727272727
33,0.25,0.25,0.0,0.5
34,0.2,0.4,0.4,0.0
35,0.5,0.0,0.25,0.25
36,0.7142857142857143,0.0,0.2857142857142857,0.0
37,0.0,0.5510204081632653,0.3673469387755102,0.08163265306122448
38,0.058823529411764705,0.23529411764705882,0.0,0.7058823529411765
39,0.0,0.0,0.375,0.625
40,0.25,0.0,0.0,0.75
41,0.13636363636363635,0.5,0.36363636363636365,0.0
42,1.0,0.0,0.0,0.0
43,0.6,0.4,0.0,0.0
44,0.4166666666666667,0.25,0.0,0.3333333333333333
45,0.0,0.43661971830985913,0.5211267605633803,0.04225352112676056
46,0.6764705882352942,0.3137254901960784,0.0,0.00980392156862745
47,0.0,1.0,0.0,0.0
48,0.25,0.25,0.5,0.0
49,0.8,0.0,0.0,0.2
50,0.35,0.0,0.15,0.5
51,0.375,0.0,0.0,0.625
52,0.2222222222222222,0.2222222222222222,0.5555555555555556,0.0
53,0.4666666666666667,0.3333333333333333,0.0,0.2
54,0.0,0.6470588235294118,0.35294117647058826,0.0
55,0.11475409836065574,0.8852459016393442,0.0,0.0
56,0.0,0.6666666666666666,0.2222222222222222,0.1111111111111111
57,0.5238095238095238,0.0,0.42857142857142855,0.047619047619047616
58,0.0,0.6666666666666666,0.3333333333333333,0.0
59,0.13333333333333333,0.0,0.5333333333333333,0.3333333333333333
60,0.11538461538461539,0.46153846153846156,0.4230769230769231,0.0
61,1.0,0.0,0.0,0.0
62,0.25,0.0,0.20833333333333334,0.5416666666666666
63,0.3333333333333333,0.3333333333333333,0.3333333333333333,0.0
64,0.0,0.0,0.0,1.0
65,0.05555555555555555,0.6666666666666666,0.2777777777777778,0.0
66,0.5405405405405406,0.10810810810810811,0.0,0.35135135135135137
67,0.208955223880597,0.0,0.22388059701492538,0.5671641791044776
68,0.0,0.46875,0.34375,0.1875
69,0.6666666666666666,0.2,0.0,0.13333333333333333
70,0.02127659574468085,0.0,0.3191489361702128,0.6595744680851063
71,0.46153846153846156,0.0,0.15384615384615385,0.38461538461538464
72,0.05,0.6,0.35,0.0
73,0.2222222222222222,0.0,0.1111111111111111,0.6666666666666666
74,0.2,0.36666666666666664,0.43333333333333335,0.0
75,0.8181818181818182,0.18181818181818182,0.0,0.0
76,0.34782608695652173,0.391304347826087,0.0,0.2608695652173913
77,0.0,0.5128205128205128,0.1794871794871795,0.3076923076923077
78,0.1935483870967742,0.5806451612903226,0.22580645161290322,0.0
79,0.13333333333333333,0.3333333333333333,0.5333333333333333,0.0
80,0.25,0.0,0.1,0.65
81,0.0,0.6274509803921569,0.21568627450980393,0.1568627450980392
82,0.27848101265822783,0.0,0.4177215189873418,0.3037974683544304
83,0.2413793103448276,0.0,0.27586206896551724,0.4827586206896552
84,0.15625,0.6875,0.15625,0.0
85,0.0,0.625,0.375,0.0
86,0.08333333333333333,0.0,0.16666666666666666,0.75
87,0.0,0.4262295081967213,0.45901639344262296,0.11475409836065574
88,0.7634408602150538,0.1935483870967742,0.0,0.043010752688172046
89,0.21951219512195122,0.3902439024390244,0.3902439024390244,0.0
90,0.0,0.34615384615384615,0.4326923076923077,0.22115384615384615
91,0.5,0.42857142857142855,0.0,0.07142857142857142
92,0.20689655172413793,0.0,0.08620689655172414,0.7068965517241379
93,0.075,0.85,0.075,0.0
94,0.0,0.45714285714285713,0.05714285714285714,0.4857142857142857
95,0.05405405405405406,0.8108108108108109,0.13513513513513514,0.0
96,0.24242424242424243,0.20202020202020202,0.0,0.5555555555555556
97,0.5396825396825397,0.0,0.23809523809523808,0.2222222222222222
98,0.4044943820224719,0.449438202247191,0.14606741573033707,0.0
99,0.0,0.5353535353535354,0.08080808080808081,0.3838383838383838
100,0.0,0.5714285714285714,0.42857142857142855,0.0
101,0.3333333333333333,0.2894736842105263,0.0,0.37719298245614036
102,0.4090909090909091,0.0,0.18181818181818182,0.4090909090909091
103,0.0,0.5517241379310345,0.13793103448275862,0.3103448275862069
104,0.1935483870967742,0.0,0.1935483870967742,0.6129032258064516
105,0.1,0.3,0.6,0.0
106,0.0,0.0,0.0,1.0
107,0.2857142857142857,0.42857142857142855,0.0,0.2857142857142857
108,0.09090909090909091,0.6363636363636364,0.0,0.2727272727272727
109,0.0,0.8,0.2,0.0
110,0.3076923076923077,0.0,0.0,0.6923076923076923
111,0.2,0.0,0.5,0.3
112,0.18181818181818182,0.6363636363636364,0.0,0.18181818181818182
113,0.20833333333333334,0.0,0.4583333333333333,0.3333333333333333
114,0.5,0.0,0.0,0.5
115,0.0,0.5,0.4166666666666667,0.08333333333333333
116,0.3,0.6,0.0,0.1
117,0.4411764705882353,0.20588235294117646,0.0,0.35294117647058826
118,0.21739130434782608,0.0,0.21739130434782608,0.5652173913043478
119,0.0,0.0,1.0,0.0
120,0.2,0.0,0.06666666666666667,0.7333333333333333
121,0.5,0.0,0.0,0.5
122,0.0,0.3695652173913043,0.45652173913043476,0.17391304347826086
123,0.3333333333333333,0.3333333333333333,0.0,0.3333333333333333
124,0.4444444444444444,0.1111111111111111,0.0,0.4444444444444444
125,0.42857142857142855,0.0,0.5714285714285714,0.0
126,0.0,0.47619047619047616,0.5238095238095238,0.0
127,0.0,0.06382978723404255,0.851063829787234,0.0851063829787234
128,0.375,0.25,0.0,0.375
129,0.0,0.2,0.0,0.8
130,0.0,0.0,0.0,1.0
131,0.7083333333333334,0.21875,0.0,0.07291666666666667
132,0.09090909090909091,0.0,0.18181818181818182,0.7272727272727273
133,0.0,0.4,0.6,0.0
134,0.0,0.175,0.15833333333333333,0.6666666666666666
135,0.08,0.92,0.0,0.0
136,0.0,0.14285714285714285,0.6785714285714286,0.17857142857142858
137,0.525,0.175,0.0,0.3
138,0.16666666666666666,0.0,0.8333333333333334,0.0
139,0.07692307692307693,0.15384615384615385,0.0,0.7692307692307693
140,0.23076923076923078,0.3076923076923077,0.0,0.46153846153846156
141,0.21621621621621623,0.4864864864864865,0.0,0.2972972972972973
142,0.0,0.15789473684210525,0.8421052631578947,0.0
143,0.3076923076923077,0.19230769230769232,0.0,0.5
144,0.4117647058823529,0.058823529411764705,0.0,0.5294117647058824
145,0.2857142857142857,0.0,0.4642857142857143,0.25
146,0.0,0.41,0.25,0.34
147,0.32456140350877194,0.38596491228070173,0.0,0.2894736842105263
148,0.25862068965517243,0.5172413793103449,0.22413793103448276,0.0
149,0.0707070707070707,0.35353535353535354,0.5757575757575758,0.0
150,0.0,0.13953488372093023,0.5813953488372093,0.27906976744186046
151,0.17647058823529413,0.5,0.3235294117647059,0.0
152,0.0,0.31788079470198677,0.2251655629139073,0.45695364238410596
153,0.47058823529411764,0.058823529411764705,0.47058823529411764,0.0
154,0.2631578947368421,0.0,0.42105263157894735,0.3157894736842105
155,0.0,0.24705882352941178,0.5882352941176471,0.16470588235294117
156,0.28205128205128205,0.42735042735042733,0.2905982905982906,0.0
157,0.0,0.45,0.08,0.47
158,0.20454545454545456,0.4772727272727273,0.3181818181818182,0.0
159,0.7916666666666666,0.14583333333333334,0.0,0.0625
160,0.0,0.38461538461538464,0.38461538461538464,0.23076923076923078
161,0.1774193548387097,0.7096774193548387,0.11290322580645161,0.0
162,0.2857142857142857,0.07142857142857142,0.0,0.6428571428571429
163,0.3870967741935484,0.4838709677419355,0.0,0.12903225806451613
164,0.0,0.2361111111111111,0.6527777777777778,0.1111111111111111
165,0.0,0.125,0.625,0.25
166,0.569060773480663,0.3370165745856354,0.0,0.09392265193370165
167,0.33035714285714285,0.36607142857142855,0.30357142857142855,0.0
168,0.0,0.3023255813953488,0.5465116279069767,0.1511627906976744
169,0.0,0.46153846153846156,0.3162393162393162,0.2222222222222222
170,0.27884615384615385,0.3557692307692308,0.36538461538461536,0.0
171,0.0,0.4367816091954023,0.5402298850574713,0.022988505747126436
172,0.0,0.36363636363636365,0.32727272727272727,0.3090909090909091
173,0.0,0.1780821917808219,0.6438356164383562,0.1780821917808219
174,0.40540540540540543,0.36486486486486486,0.22972972972972974,0.0
175,0.0,0.2318840579710145,0.11594202898550725,0.6521739130434783
176,0.10784313725490197,0.0,0.16666666666666666,0.7254901960784313
177,0.28,0.6,0.12,0.0
178,0.0,0.46153846153846156,0.10256410256410256,0.4358974358974359
179,0.05128205128205128,0.0,0.0641025641025641,0.8846153846153846
180,0.09090909090909091,0.36363636363636365,0.0,0.5454545454545454
181,0.125,0.0,0.45,0.425
182,0.0,0.3170731707317073,0.4146341463414634,0.2682926829268293
183,0.7,0.1,0.0,0.2
184,0.0,0.45454545454545453,0.5,0.045454545454545456
185,0.125,0.0,0.375,0.5
186,0.07317073170731707,0.07317073170731707,0.8536585365853658,0.0
187,0.2777777777777778,0.0,0.05555555555555555,0.6666666666666666
188,0.2,0.0,0.1,0.7
189,0.4,0.26666666666666666,0.0,0.3333333333333333
190,0.16666666666666666,0.2222222222222222,0.6111111111111112,0.0
191,0.25,0.375,0.0,0.375
192,0.0,0.5384615384615384,0.4230769230769231,0.038461538461538464
193,0.0,0.16279069767441862,0.8372093023255814,0.0
194,0.5714285714285714,0.2857142857142857,0.0,0.14285714285714285
195,0.3,0.3,0.0,0.4
196,0.8888888888888888,0.0,0.0,0.1111111111111111
197,0.2222222222222222,0.0,0.6666666666666666,0.1111111111111111
198,0.3333333333333333,0.0,0.3333333333333333,0.3333333333333333
199,0.16666666666666666,0.16666666666666666,0.0,0.6666666666666666
200,0.0,0.3620689655172414,0.6206896551724138,0.017241379310344827
201,0.0,0.5454545454545454,0.45454545454545453,0.0
202,0.0,0.0,1.0,0.0
203,0.3,0.0,0.1,0.6
204,0.0,0.2222222222222222,0.4444444444444444,0.3333333333333333
205,0.1,0.0,0.25,0.65
206,0.21428571428571427,0.0,0.21428571428571427,0.5714285714285714
207,0.0,0.21212121212121213,0.7272727272727273,0.06060606060606061
208,0.18181818181818182,0.36363636363636365,0.45454545454545453,0.0
209,0.19230769230769232,0.0,0.38461538461538464,0.4230769230769231
210,0.5,0.0625,0.4375,0.0
211,0.3333333333333333,0.0,0.0,0.6666666666666666
212,0.1875,0.0,0.0625,0.75
213,0.0,0.6666666666666666,0.25,0.08333333333333333
214,0.4,0.0,0.0,0.6
215,0.0,0.05555555555555555,0.8888888888888888,0.05555555555555555
216,0.0,0.5,0.0,0.5
217,0.0,0.4,0.2,0.4
218,0.6363636363636364,0.0,0.09090909090909091,0.2727272727272727
219,0.0,0.09523809523809523,0.8571428571428571,0.047619047619047616
220,0.0,0.42857142857142855,0.2857142857142857,0.2857142857142857
221,0.08333333333333333,0.8055555555555556,0.1111111111111111,0.0
222,0.25,0.2857142857142857,0.4642857142857143,0.0
223,0.1875,0.0,0.125,0.6875
224,0.6341463414634146,0.0,0.2682926829268293,0.0975609756097561
225,0.0,0.2962962962962963,0.6666666666666666,0.037037037037037035
226,0.0,0.0967741935483871,0.8548387096774194,0.04838709677419355
227,0.07692307692307693,0.8269230769230769,0.0,0.09615384615384616
228,0.0,0.10256410256410256,0.7692307692307693,0.1282051282051282
229,0.0,0.2727272727272727,0.6818181818181818,0.045454545454545456
230,0.21212121212121213,0.0,0.19696969696969696,0.5909090909090909
231,0.0,0.0,0.7333333333333333,0.26666666666666666
232,0.19696969696969696,0.0,0.045454545454545456,0.7575757575757576
233,0.4236111111111111,0.3888888888888889,0.0,0.1875
234,0.11764705882352941,0.0,0.5367647058823529,0.34558823529411764
235,0.2222222222222222,0.6666666666666666,0.1111111111111111,0.0
236,0.2857142857142857,0.2571428571428571,0.0,0.45714285714285713
237,0.13333333333333333,0.7666666666666667,0.1,0.0
238,0.0,0.2777777777777778,0.06666666666666667,0.6555555555555556
239,0.15789473684210525,0.631578947368421,0.21052631578947367,0.0
240,0.023255813953488372,0.0,0.16279069767441862,0.813953488372093
241,1.0,0.0,0.0,0.0
242,0.32,0.64,0.0,0.04
243,0.07317073170731707,0.0,0.8780487804878049,0.04878048780487805
244,0.0,0.0,0.3,0.7
245,0.0,0.24324324324324326,0.7162162162162162,0.04054054054054054
246,0.0,0.6071428571428571,0.10714285714285714,0.2857142857142857
247,0.16666666666666666,0.6666666666666666,0.16666666666666666,0.0
248,0.35714285714285715,0.5,0.0,0.14285714285714285
249,0.0,0.1276595744680851,0.8297872340425532,0.0425531914893617
250,0.0,0.7391304347826086,0.08695652173913043,0.17391304347826086
251,0.06,0.0,0.2,0.74
252,0.0,0.3181818181818182,0.5909090909090909,0.09090909090909091
253,0.7027027027027027,0.24324324324324326,0.0,0.05405405405405406
254,0.11428571428571428,0.0,0.12857142857142856,0.7571428571428571
255,0.08333333333333333,0.0,0.5833333333333334,0.3333333333333333
256,0.2,0.4,0.4,0.0
257,0.16666666666666666,0.5,0.0,0.3333333333333333
258,0.0,0.6086956521739131,0.391304347826087,0.0
259,0.23404255319148937,0.6808510638297872,0.0,0.0851063829787234
260,0.0,0.5,0.3,0.2
261,0.3112244897959184,0.6581632653061225,0.0,0.030612244897959183
262,0.17204301075268819,0.0,0.22580645161290322,0.6021505376344086
263,0.125,0.1875,0.6875,0.0
264,0.16666666666666666,0.6666666666666666,0.0,0.16666666666666666
265,0.0,0.375,0.375,0.25
266,0.5476190476190477,0.38095238095238093,0.0,0.07142857142857142
267,0.0,0.0,0.0,1.0
268,,,,
269,0.1111111111111111,0.0,0.1111111111111111,0.7777777777777778
270,0.0,0.05555555555555555,0.2777777777777778,0.6666666666666666
271,0.09090909090909091,0.0,0.2727272727272727,0.6363636363636364
272,0.5555555555555556,0.2222222222222222,0.0,0.2222222222222222
273,0.125,0.0,0.0,0.875
274,0.037037037037037035,0.0,0.9629629629629629,0.0
275,0.4166666666666667,0.5,0.08333333333333333,0.0
276,0.5638297872340425,0.30851063829787234,0.0,0.1276595744680851
277,0.2222222222222222,0.5555555555555556,0.2222222222222222,0.0
278,0.26288659793814434,0.4381443298969072,0.0,0.29896907216494845
279,0.5,0.0,0.5,0.0
280,0.0,0.0,0.0,1.0
281,0.0,0.9743589743589743,0.02564102564102564,0.0
282,0.0,0.7142857142857143,0.2857142857142857,0.0
283,0.0,0.05952380952380952,0.03571428571428571,0.9047619047619048
284,0.0,0.0,0.044444444444444446,0.9555555555555556
285,0.6666666666666666,0.0,0.3333333333333333,0.0
286,0.5,0.0,0.0,0.5
287,0.0,0.875,0.125,0.0
288,0.8823529411764706,0.058823529411764705,0.0,0.058823529411764705
289,0.0,0.0,0.0625,0.9375
290,0.4375,0.4375,0.0,0.125
291,0.0,0.9473684210526315,0.05263157894736842,0.0
292,0.95,0.05,0.0,0.0
293,0.0,0.35714285714285715,0.5714285714285714,0.07142857142857142
294,0.0,0.5,0.0,0.5
295,0.0,0.0,0.8571428571428571,0.14285714285714285
296,0.3333333333333333,0.6666666666666666,0.0,0.0
297,1.0,0.0,0.0,0.0
298,0.0,1.0,0.0,0.0
299,0.0,0.0,0.0,1.0
300,0.0,0.0,1.0,0.0
301,,,,
302,,,,
303,,,,
304,0.0,1.0,0.0,0.0
305,,,,
306,0.0,1.0,0.0,0.0
307,,,,
308,,,,
309,,,,
310,,,,
311,,,,
312,,,,
313,,,,
314,,,,
315,,,,
