,A,C,G,T
0,,,,
1,,,,
2,1.0,0.0,0.0,0.0
3,0.0,0.0,0.0,1.0
4,0.0,1.0,0.0,0.0
5,,,,
6,1.0,0.0,0.0,0.0
7,0.0,0.0,1.0,0.0
8,0.0,1.0,0.0,0.0
9,0.0,0.0,0.0,1.0
10,,,,
11,,,,
12,1.0,0.0,0.0,0.0
13,,,,
14,,,,
15,0.0,1.0,0.0,0.0
16,,,,
17,,,,
18,,,,
19,0.0,0.0,1.0,0.0
20,0.0,1.0,0.0,0.0
21,,,,
22,,,,
23,,,,
24,0.0,0.0,1.0,0.0
25,1.0,0.0,0.0,0.0
26,0.0,1.0,0.0,0.0
27,,,,
28,0.0,1.0,0.0,0.0
29,0.0,0.0,1.0,0.0
30,0.0,0.0,1.0,0.0
31,1.0,0.0,0.0,0.0
32,,,,
33,,,,
34,,,,
35,,,,
36,,,,
37,,,,
38,,,,
39,,,,
40,,,,
41,0.3333333333333333,0.3333333333333333,0.3333333333333333,0.0
42,1.0,0.0,0.0,0.0
43,,,,
44,0.25,0.5,0.0,0.25
45,,,,
46,,,,
47,0.06666666666666667,0.0,0.9333333333333333,0.0
48,0.0,0.0,0.0,1.0
49,,,,
50,,,,
51,,,,
52,,,,
53,,,,
54,,,,
55,,,,
56,0.0,0.0,0.0,1.0
57,,,,
58,,,,
59,,,,
60,0.0,0.3333333333333333,0.0,0.6666666666666666
61,0.5,0.0,0.5,0.0
62,0.0,0.0,0.8,0.2
63,,,,
64,,,,
65,,,,
66,0.42857142857142855,0.0,0.0,0.5714285714285714
67,0.0,0.0,1.0,0.0
68,,,,
69,,,,
70,,,,
71,0.0,0.0,1.0,0.0
72,,,,
73,1.0,0.0,0.0,0.0
74,0.5,0.0,0.5,0.0
75,0.5,0.5,0.0,0.0
76,1.0,0.0,0.0,0.0
77,1.0,0.0,0.0,0.0
78,0.08333333333333333,0.0,0.9166666666666666,0.0
79,0.0,0.0,0.875,0.125
80,,,,
81,,,,
82,,,,
83,0.0,0.0,0.0,1.0
84,0.0,0.6,0.2,0.2
85,0.0,0.0,1.0,0.0
86,0.3333333333333333,0.0,0.3333333333333333,0.3333333333333333
87,,,,
88,0.6666666666666666,0.3333333333333333,0.0,0.0
89,0.0,0.0,0.75,0.25
90,0.0,0.0,1.0,0.0
91,0.6,0.2,0.0,0.2
92,0.3333333333333333,0.6666666666666666,0.0,0.0
93,0.0,0.0,1.0,0.0
94,0.46153846153846156,0.5384615384615384,0.0,0.0
95,0.0,1.0,0.0,0.0
96,0.0,0.16666666666666666,0.0,0.8333333333333334
97,0.0,1.0,0.0,0.0
98,0.0,0.0,1.0,0.0
99,0.0,0.0,1.0,0.0
100,0.9,0.0,0.0,0.1
101,0.09090909090909091,0.9090909090909091,0.0,0.0
102,,,,
103,,,,
104,,,,
105,1.0,0.0,0.0,0.0
106,0.2,0.8,0.0,0.0
107,0.0,0.0,0.0,1.0
108,,,,
109,,,,
110,,,,
111,0.0,0.0,1.0,0.0
112,,,,
113,0.5,0.0,0.0,0.5
114,,,,
115,,,,
116,0.09090909090909091,0.9090909090909091,0.0,0.0
117,,,,
118,,,,
119,1.0,0.0,0.0,0.0
120,0.0,0.0,0.5,0.5
121,,,,
122,,,,
123,,,,
124,,,,
125,0.0,0.5,0.25,0.25
126,,,,
127,,,,
128,1.0,0.0,0.0,0.0
129,,,,
130,0.0,0.0,1.0,0.0
131,,,,
132,,,,
133,0.0,1.0,0.0,0.0
134,0.0,0.6,0.4,0.0
135,,,,
136,,,,
137,,,,
138,,,,
139,,,,
140,0.8571428571428571,0.0,0.0,0.14285714285714285
141,,,,
142,,,,
143,0.0,1.0,0.0,0.0
144,,,,
145,,,,
146,0.0,1.0,0.0,0.0
147,,,,
148,0.0,1.0,0.0,0.0
149,0.75,0.25,0.0,0.0
150,0.5555555555555556,0.3333333333333333,0.1111111111111111,0.0
151,0.0,0.0,0.75,0.25
152,0.07692307692307693,0.0,0.07692307692307693,0.8461538461538461
153,0.0,0.0,0.5,0.5
154,,,,
155,0.75,0.0,0.0,0.25
156,0.0,0.5,0.5,0.0
157,0.0,0.0,1.0,0.0
158,0.0,0.0,1.0,0.0
159,0.0,1.0,0.0,0.0
160,0.0,0.5,0.5,0.0
161,0.4,0.6,0.0,0.0
162,0.0,0.0,1.0,0.0
163,0.0,0.8571428571428571,0.0,0.14285714285714285
164,1.0,0.0,0.0,0.0
165,,,,
166,0.2,0.6,0.0,0.2
167,0.2857142857142857,0.14285714285714285,0.0,0.5714285714285714
168,0.0,1.0,0.0,0.0
169,0.5,0.5,0.0,0.0
170,0.0,0.0,0.0,1.0
171,0.0,0.3333333333333333,0.0,0.6666666666666666
172,,,,
173,0.0,0.0,0.0,1.0
174,0.625,0.25,0.125,0.0
175,0.0,0.0,0.0,1.0
176,0.5,0.0,0.0,0.5
177,,,,
178,,,,
179,0.0,0.0,0.0,1.0
180,0.0,0.5,0.0,0.5
181,0.0,0.25,0.75,0.0
182,0.0,0.0,0.0,1.0
183,,,,
184,,,,
185,0.0,1.0,0.0,0.0
186,0.0,0.0,1.0,0.0
187,,,,
188,,,,
189,,,,
190,,,,
191,0.0,0.0,0.0,1.0
192,0.0,0.0,1.0,0.0
193,0.0,0.0,1.0,0.0
194,0.0,0.0,0.0,1.0
195,0.0,0.5,0.5,0.0
196,0.8,0.2,0.0,0.0
197,,,,
198,,,,
199,,,,
200,,,,
201,0.0,1.0,0.0,0.0
202,,,,
203,,,,
204,,,,
205,0.0,0.0,1.0,0.0
206,1.0,0.0,0.0,0.0
207,0.0,0.5,0.5,0.0
208,0.0,1.0,0.0,0.0
209,0.0,0.23529411764705882,0.0,0.7647058823529411
210,,,,
211,,,,
212,,,,
213,0.75,0.08333333333333333,0.0,0.16666666666666666
214,0.75,0.16666666666666666,0.08333333333333333,0.0
215,0.0,0.0,1.0,0.0
216,,,,
217,0.0,0.0,0.0,1.0
218,1.0,0.0,0.0,0.0
219,0.0,0.0,0.0,1.0
220,,,,
221,0.0,0.0,0.0,1.0
222,0.0,0.0,1.0,0.0
223,,,,
224,0.0,0.0,1.0,0.0
225,0.0,0.0,0.3333333333333333,0.6666666666666666
226,0.0,0.0,0.75,0.25
227,0.0,1.0,0.0,0.0
228,,,,
229,,,,
230,0.0,0.0,0.3333333333333333,0.6666666666666666
231,,,,
232,0.0,0.0,0.5,0.5
233,0.0,1.0,0.0,0.0
234,0.6666666666666666,0.3333333333333333,0.0,0.0
235,,,,
236,0.0,0.0,0.0,1.0
237,,,,
238,0.0,0.0,0.0,1.0
239,0.0,0.0,0.0,1.0
240,0.0,0.0,0.0,1.0
241,,,,
242,0.3333333333333333,0.0,0.0,0.6666666666666666
243,0.0,0.8,0.2,0.0
244,0.0,0.3333333333333333,0.5,0.16666666666666666
245,0.25,0.5,0.0,0.25
246,0.0,0.0,1.0,0.0
247,,,,
248,1.0,0.0,0.0,0.0
249,,,,
250,0.3333333333333333,0.5555555555555556,0.0,0.1111111111111111
251,0.0,0.0,0.5,0.5
252,,,,
253,,,,
254,,,,
255,0.0,1.0,0.0,0.0
256,,,,
257,0.5,0.0,0.0,0.5
258,,,,
259,,,,
260,,,,
261,,,,
262,0.0,0.0,0.0,1.0
263,,,,
264,0.6,0.4,0.0,0.0
265,0.0,1.0,0.0,0.0
266,0.8333333333333334,0.16666666666666666,0.0,0.0
267,,,,
268,,,,
269,,,,
270,0.0,0.0,0.0,1.0
271,0.0,0.0,0.0,1.0
272,0.0,0.0,0.9333333333333333,0.06666666666666667
273,,,,
274,0.0,1.0,0.0,0.0
275,,,,
276,0.0,0.0,0.0,1.0
277,,,,
278,0.2727272727272727,0.36363636363636365,0.0,0.36363636363636365
279,,,,
280,,,,
281,,,,
282,,,,
283,0.0,0.0,0.0,1.0
284,0.0,0.0,0.0,1.0
285,,,,
286,,,,
287,,,,
288,,,,
289,0.0,0.0,0.0,1.0
290,,,,
291,0.0,0.0,1.0,0.0
292,,,,
293,,,,
294,,,,
295,,,,
296,,,,
297,,,,
298,,,,
299,,,,
300,,,,
301,,,,
302,,,,
303,,,,
304,,,,
305,,,,
306,,,,
307,,,,
308,,,,
309,,,,
310,,,,
311,,,,
312,,,,
313,,,,
