,A,C,G,T
0,,,,
1,,,,
2,,,,
3,,,,
4,0.6666666666666666,0.0,0.3333333333333333,0.0
5,,,,
6,,,,
7,0.0,0.0,0.0,1.0
8,1.0,0.0,0.0,0.0
9,,,,
10,,,,
11,,,,
12,,,,
13,,,,
14,,,,
15,,,,
16,0.0,1.0,0.0,0.0
17,,,,
18,,,,
19,0.5,0.0,0.0,0.5
20,0.0,1.0,0.0,0.0
21,,,,
22,0.0,0.0,0.0,1.0
23,0.0,1.0,0.0,0.0
24,,,,
25,,,,
26,0.0,0.0,0.0,1.0
27,1.0,0.0,0.0,0.0
28,0.0,0.6666666666666666,0.0,0.3333333333333333
29,0.3333333333333333,0.3333333333333333,0.3333333333333333,0.0
30,0.5,0.0,0.0,0.5
31,,,,
32,0.0,1.0,0.0,0.0
33,0.0,1.0,0.0,0.0
34,,,,
35,0.0,0.0,1.0,0.0
36,0.5,0.0,0.5,0.0
37,,,,
38,,,,
39,,,,
40,1.0,0.0,0.0,0.0
41,0.0,0.0,1.0,0.0
42,,,,
43,,,,
44,1.0,0.0,0.0,0.0
45,,,,
46,,,,
47,,,,
48,0.0,0.0,1.0,0.0
49,,,,
50,0.0,0.0,1.0,0.0
51,,,,
52,,,,
53,,,,
54,0.0,1.0,0.0,0.0
55,,,,
56,0.0,0.25,0.75,0.0
57,,,,
58,0.0,0.0,1.0,0.0
59,0.0,0.0,1.0,0.0
60,0.0,1.0,0.0,0.0
61,0.0,0.0,0.0,1.0
62,0.0,0.0,0.5,0.5
63,0.0,0.0,1.0,0.0
64,,,,
65,0.0,0.0,1.0,0.0
66,,,,
67,0.75,0.0,0.0,0.25
68,0.0,1.0,0.0,0.0
69,0.0,1.0,0.0,0.0
70,0.0,0.0,0.5,0.5
71,0.0,0.0,1.0,0.0
72,,,,
73,0.0,0.0,0.0,1.0
74,,,,
75,,,,
76,0.0,0.0,0.0,1.0
77,0.0,0.3333333333333333,0.0,0.6666666666666666
78,0.0,0.0,1.0,0.0
79,0.0,0.5,0.5,0.0
80,0.0,0.0,0.0,1.0
81,0.0,0.75,0.0,0.25
82,0.3333333333333333,0.0,0.6666666666666666,0.0
83,0.3333333333333333,0.0,0.3333333333333333,0.3333333333333333
84,0.25,0.0,0.75,0.0
85,,,,
86,0.0,0.6666666666666666,0.3333333333333333,0.0
87,0.5,0.0,0.0,0.5
88,0.0,0.5,0.3333333333333333,0.16666666666666666
89,0.0,1.0,0.0,0.0
90,0.5,0.0,0.0,0.5
91,0.0,0.0,0.0,1.0
92,,,,
93,,,,
94,0.0,0.3333333333333333,0.3333333333333333,0.3333333333333333
95,0.0,1.0,0.0,0.0
96,0.0,1.0,0.0,0.0
97,0.0,0.75,0.0,0.25
98,0.3333333333333333,0.0,0.3333333333333333,0.3333333333333333
99,0.0,0.0,0.0,1.0
100,,,,
101,0.0,0.5,0.0,0.5
102,0.0,0.0,1.0,0.0
103,0.0,0.6666666666666666,0.0,0.3333333333333333
104,0.0,0.0,0.3333333333333333,0.6666666666666666
105,0.0,0.0,1.0,0.0
106,,,,
107,0.0,0.0,0.0,1.0
108,,,,
109,,,,
110,,,,
111,,,,
112,,,,
113,0.0,0.0,0.0,1.0
114,,,,
115,,,,
116,,,,
117,,,,
118,0.0,0.0,0.0,1.0
119,0.0,0.5,0.5,0.0
120,,,,
121,,,,
122,0.0,0.5,0.5,0.0
123,,,,
124,,,,
125,,,,
126,,,,
127,,,,
128,,,,
129,,,,
130,,,,
131,0.5,0.0,0.0,0.5
132,0.0,0.0,0.0,1.0
133,0.0,1.0,0.0,0.0
134,,,,
135,,,,
136,,,,
137,1.0,0.0,0.0,0.0
138,,,,
139,,,,
140,,,,
141,1.0,0.0,0.0,0.0
142,,,,
143,0.0,0.0,0.5,0.5
144,0.0,0.0,1.0,0.0
145,,,,
146,0.0,1.0,0.0,0.0
147,0.5,0.5,0.0,0.0
148,1.0,0.0,0.0,0.0
149,0.0,0.0,1.0,0.0
150,0.0,1.0,0.0,0.0
151,1.0,0.0,0.0,0.0
152,0.0,1.0,0.0,0.0
153,0.0,0.0,1.0,0.0
154,0.0,0.0,1.0,0.0
155,0.0,0.6666666666666666,0.3333333333333333,0.0
156,0.0,1.0,0.0,0.0
157,1.0,0.0,0.0,0.0
158,0.0,1.0,0.0,0.0
159,,,,
160,0.0,0.0,1.0,0.0
161,0.0,1.0,0.0,0.0
162,1.0,0.0,0.0,0.0
163,0.0,1.0,0.0,0.0
164,0.3333333333333333,0.6666666666666666,0.0,0.0
165,,,,
166,0.6666666666666666,0.2222222222222222,0.0,0.1111111111111111
167,0.5,0.0,0.5,0.0
168,0.0,0.0,0.5,0.5
169,0.6666666666666666,0.0,0.0,0.3333333333333333
170,0.0,0.0,0.25,0.75
171,0.0,1.0,0.0,0.0
172,0.3333333333333333,0.0,0.3333333333333333,0.3333333333333333
173,0.0,0.0,1.0,0.0
174,0.3333333333333333,0.6666666666666666,0.0,0.0
175,0.6666666666666666,0.3333333333333333,0.0,0.0
176,1.0,0.0,0.0,0.0
177,,,,
178,,,,
179,,,,
180,1.0,0.0,0.0,0.0
181,0.0,0.0,1.0,0.0
182,0.0,1.0,0.0,0.0
183,,,,
184,0.0,0.0,0.0,1.0
185,0.0,0.0,0.3333333333333333,0.6666666666666666
186,,,,
187,,,,
188,,,,
189,,,,
190,,,,
191,,,,
192,,,,
193,0.0,0.0,1.0,0.0
194,,,,
195,,,,
196,,,,
197,0.0,0.0,1.0,0.0
198,,,,
199,,,,
200,0.0,0.0,1.0,0.0
201,0.0,0.0,1.0,0.0
202,0.0,1.0,0.0,0.0
203,,,,
204,,,,
205,,,,
206,0.0,0.0,0.0,1.0
207,,,,
208,,,,
209,1.0,0.0,0.0,0.0
210,,,,
211,0.0,0.0,0.0,1.0
212,,,,
213,,,,
214,,,,
215,,,,
216,,,,
217,,,,
218,,,,
219,,,,
220,,,,
221,0.3333333333333333,0.0,0.3333333333333333,0.3333333333333333
222,,,,
223,,,,
224,,,,
225,,,,
226,,,,
227,0.3333333333333333,0.3333333333333333,0.0,0.3333333333333333
228,,,,
229,,,,
230,0.0,0.0,0.0,1.0
231,1.0,0.0,0.0,0.0
232,,,,
233,,,,
234,0.0,0.0,1.0,0.0
235,,,,
236,1.0,0.0,0.0,0.0
237,,,,
238,0.0,0.3333333333333333,0.0,0.6666666666666666
239,,,,
240,0.0,0.0,0.0,1.0
241,,,,
242,0.6666666666666666,0.3333333333333333,0.0,0.0
243,,,,
244,,,,
245,0.0,0.0,1.0,0.0
246,0.0,0.0,1.0,0.0
247,0.0,1.0,0.0,0.0
248,,,,
249,0.0,0.0,1.0,0.0
250,,,,
251,,,,
252,,,,
253,,,,
254,,,,
255,,,,
256,,,,
257,,,,
258,,,,
259,0.0,0.6666666666666666,0.0,0.3333333333333333
260,,,,
261,1.0,0.0,0.0,0.0
262,0.0,0.0,0.3333333333333333,0.6666666666666666
263,,,,
264,,,,
265,,,,
266,1.0,0.0,0.0,0.0
267,,,,
268,,,,
269,0.0,0.0,0.0,1.0
270,,,,
271,0.0,0.0,0.0,1.0
272,,,,
273,,,,
274,0.0,0.0,1.0,0.0
275,,,,
276,0.0,1.0,0.0,0.0
277,0.0,1.0,0.0,0.0
278,0.4,0.6,0.0,0.0
279,,,,
280,,,,
281,,,,
282,,,,
283,,,,
284,0.0,0.0,0.0,1.0
285,,,,
286,,,,
287,,,,
288,1.0,0.0,0.0,0.0
289,,,,
290,,,,
291,,,,
292,,,,
293,,,,
294,1.0,0.0,0.0,0.0
295,0.0,0.0,0.0,1.0
296,,,,
297,,,,
298,,,,
299,,,,
300,,,,
301,,,,
302,,,,
303,,,,
304,,,,
305,,,,
306,,,,
307,,,,
308,,,,
309,,,,
310,,,,
311,,,,
312,,,,
313,,,,
314,,,,
315,,,,
