,A,C,G,T
0,,,,
1,,,,
2,0.8333333333333334,0.16666666666666666,0.0,0.0
3,0.6,0.0,0.0,0.4
4,0.42857142857142855,0.5714285714285714,0.0,0.0
5,0.38461538461538464,0.0,0.0,0.6153846153846154
6,0.0,0.0,1.0,0.0
7,0.0,0.09090909090909091,0.2727272727272727,0.6363636363636364
8,0.75,0.17857142857142858,0.0,0.07142857142857142
9,0.20689655172413793,0.0,0.13793103448275862,0.6551724137931034
10,,,,
11,0.8,0.2,0.0,0.0
12,1.0,0.0,0.0,0.0
13,0.3333333333333333,0.6666666666666666,0.0,0.0
14,0.0,0.2857142857142857,0.0,0.7142857142857143
15,,,,
16,0.0,0.3333333333333333,0.0,0.6666666666666666
17,0.3333333333333333,0.3333333333333333,0.0,0.3333333333333333
18,0.5,0.5,0.0,0.0
19,1.0,0.0,0.0,0.0
20,0.0,0.45454545454545453,0.5454545454545454,0.0
21,,,,
22,0.0,0.0,0.0,1.0
23,0.0,0.6666666666666666,0.0,0.3333333333333333
24,1.0,0.0,0.0,0.0
25,0.0,0.0,0.0,1.0
26,0.0,0.7142857142857143,0.14285714285714285,0.14285714285714285
27,0.5,0.5,0.0,0.0
28,0.5,0.375,0.0,0.125
29,0.4,0.4,0.2,0.0
30,0.0,0.4166666666666667,0.0,0.5833333333333334
31,0.3,0.5,0.2,0.0
32,0.5,0.1875,0.0,0.3125
33,0.6666666666666666,0.26666666666666666,0.0,0.06666666666666667
34,0.0625,0.875,0.0625,0.0
35,0.0,0.38461538461538464,0.3076923076923077,0.3076923076923077
36,0.7692307692307693,0.0,0.07692307692307693,0.15384615384615385
37,0.3333333333333333,0.0,0.0,0.6666666666666666
38,0.0,1.0,0.0,0.0
39,0.5,0.0,0.0,0.5
40,0.3333333333333333,0.0,0.3333333333333333,0.3333333333333333
41,0.0,0.045454545454545456,0.9545454545454546,0.0
42,0.0,0.0,0.0,1.0
43,0.0,0.0,0.0,1.0
44,0.4,0.4,0.0,0.2
45,0.5,0.0,0.0,0.5
46,0.8571428571428571,0.14285714285714285,0.0,0.0
47,0.6666666666666666,0.0,0.0,0.3333333333333333
48,0.0,0.5,0.5,0.0
49,0.0,0.0,0.3333333333333333,0.6666666666666666
50,0.3333333333333333,0.0,0.5555555555555556,0.1111111111111111
51,0.5,0.0,0.4,0.1
52,0.0,0.5,0.5,0.0
53,0.3333333333333333,0.3333333333333333,0.0,0.3333333333333333
54,0.0,0.6363636363636364,0.09090909090909091,0.2727272727272727
55,0.6428571428571429,0.14285714285714285,0.0,0.21428571428571427
56,0.0,0.7777777777777778,0.2222222222222222,0.0
57,0.2,0.0,0.4,0.4
58,0.0,0.6666666666666666,0.3333333333333333,0.0
59,0.0,0.0,0.6,0.4
60,0.1111111111111111,0.3333333333333333,0.5555555555555556,0.0
61,0.0,0.0,0.0,1.0
62,0.7142857142857143,0.0,0.0,0.2857142857142857
63,0.0,0.09090909090909091,0.9090909090909091,0.0
64,0.23809523809523808,0.47619047619047616,0.2857142857142857,0.0
65,0.07692307692307693,0.15384615384615385,0.7692307692307693,0.0
66,0.375,0.0,0.0,0.625
67,0.44,0.0,0.12,0.44
68,0.0,0.23529411764705882,0.35294117647058826,0.4117647058823529
69,0.42857142857142855,0.14285714285714285,0.0,0.42857142857142855
70,0.14285714285714285,0.0,0.5,0.35714285714285715
71,0.15384615384615385,0.0,0.5384615384615384,0.3076923076923077
72,0.0,0.4,0.6,0.0
73,0.2,0.0,0.2,0.6
74,0.15,0.5,0.35,0.0
75,0.0,0.0,0.0,1.0
76,0.5,0.0,0.0,0.5
77,0.0,0.36363636363636365,0.45454545454545453,0.18181818181818182
78,0.6666666666666666,0.3333333333333333,0.0,0.0
79,0.1,0.2,0.7,0.0
80,0.0,0.0,0.2222222222222222,0.7777777777777778
81,0.0,0.5238095238095238,0.38095238095238093,0.09523809523809523
82,0.5357142857142857,0.0,0.2857142857142857,0.17857142857142858
83,0.25,0.0,0.4722222222222222,0.2777777777777778
84,0.0,0.7272727272727273,0.2727272727272727,0.0
85,0.0,0.2,0.8,0.0
86,0.0,0.7,0.3,0.0
87,0.5,0.4166666666666667,0.0,0.08333333333333333
88,0.0,0.1794871794871795,0.7692307692307693,0.05128205128205128
89,0.48148148148148145,0.4074074074074074,0.1111111111111111,0.0
90,0.5454545454545454,0.18181818181818182,0.0,0.2727272727272727
91,0.0,0.25,0.3333333333333333,0.4166666666666667
92,0.25925925925925924,0.5555555555555556,0.18518518518518517,0.0
93,0.09090909090909091,0.7272727272727273,0.18181818181818182,0.0
94,0.0,0.375,0.1875,0.4375
95,0.0,0.875,0.125,0.0
96,0.5,0.5,0.0,0.0
97,0.3,0.65,0.0,0.05
98,0.5,0.0,0.08333333333333333,0.4166666666666667
99,0.0,0.47058823529411764,0.11764705882352941,0.4117647058823529
100,0.0,0.75,0.25,0.0
101,0.3333333333333333,0.3333333333333333,0.0,0.3333333333333333
102,0.0,0.21052631578947367,0.7368421052631579,0.05263157894736842
103,0.3333333333333333,0.5833333333333334,0.0,0.08333333333333333
104,0.02564102564102564,0.0,0.02564102564102564,0.9487179487179487
105,0.0,0.5,0.5,0.0
106,0.0,0.0,0.0,1.0
107,0.0,0.0,0.0,1.0
108,0.3333333333333333,0.16666666666666666,0.0,0.5
109,0.0,0.0,1.0,0.0
110,0.0,0.0,0.3333333333333333,0.6666666666666666
111,0.0,0.0,0.5,0.5
112,,,,
113,0.2857142857142857,0.0,0.14285714285714285,0.5714285714285714
114,0.75,0.0,0.25,0.0
115,0.0,0.0,0.3333333333333333,0.6666666666666666
116,0.0,0.18181818181818182,0.7272727272727273,0.09090909090909091
117,0.25,0.5625,0.0,0.1875
118,0.0,0.0,0.3333333333333333,0.6666666666666666
119,0.0,0.6,0.4,0.0
120,0.25,0.0,0.5,0.25
121,,,,
122,0.0,0.3076923076923077,0.5384615384615384,0.15384615384615385
123,,,,
124,0.5,0.0,0.0,0.5
125,0.7142857142857143,0.2857142857142857,0.0,0.0
126,0.0,0.5,0.5,0.0
127,0.0,0.0,1.0,0.0
128,,,,
129,1.0,0.0,0.0,0.0
130,0.0,0.0,0.0,1.0
131,0.42105263157894735,0.3684210526315789,0.0,0.21052631578947367
132,0.3333333333333333,0.0,0.3333333333333333,0.3333333333333333
133,0.0,0.2857142857142857,0.7142857142857143,0.0
134,0.14285714285714285,0.14285714285714285,0.0,0.7142857142857143
135,0.0,1.0,0.0,0.0
136,0.0,0.0,1.0,0.0
137,1.0,0.0,0.0,0.0
138,0.0,0.0,1.0,0.0
139,0.0,0.0,0.0,1.0
140,0.0,0.0,0.0,1.0
141,0.6,0.3,0.0,0.1
142,0.0,0.0,1.0,0.0
143,0.4,0.0,0.6,0.0
144,0.0,0.0,1.0,0.0
145,0.0,0.0,1.0,0.0
146,0.06666666666666667,0.5333333333333333,0.4,0.0
147,0.6842105263157895,0.21052631578947367,0.0,0.10526315789473684
148,0.5833333333333334,0.3333333333333333,0.0,0.08333333333333333
149,0.22727272727272727,0.5454545454545454,0.22727272727272727,0.0
150,0.0,0.15384615384615385,0.6923076923076923,0.15384615384615385
151,0.0,0.5,0.5,0.0
152,0.10526315789473684,0.5789473684210527,0.3157894736842105,0.0
153,0.0,0.0,0.8,0.2
154,0.0,0.45454545454545453,0.5454545454545454,0.0
155,0.0,0.9333333333333333,0.06666666666666667,0.0
156,0.25,0.3333333333333333,0.4166666666666667,0.0
157,0.6666666666666666,0.26666666666666666,0.0,0.06666666666666667
158,0.18181818181818182,0.7272727272727273,0.0,0.09090909090909091
159,0.0,0.6153846153846154,0.38461538461538464,0.0
160,0.0,0.14814814814814814,0.7037037037037037,0.14814814814814814
161,0.125,0.5625,0.3125,0.0
162,0.6666666666666666,0.0,0.0,0.3333333333333333
163,0.14285714285714285,0.7142857142857143,0.0,0.14285714285714285
164,0.23529411764705882,0.7352941176470589,0.029411764705882353,0.0
165,0.7692307692307693,0.15384615384615385,0.0,0.07692307692307693
166,0.6410256410256411,0.23076923076923078,0.0,0.1282051282051282
167,0.38461538461538464,0.5384615384615384,0.07692307692307693,0.0
168,0.0,0.18181818181818182,0.5454545454545454,0.2727272727272727
169,0.42857142857142855,0.30952380952380953,0.0,0.2619047619047619
170,0.21052631578947367,0.0,0.13157894736842105,0.6578947368421053
171,0.0,0.1111111111111111,0.5555555555555556,0.3333333333333333
172,0.08695652173913043,0.0,0.2608695652173913,0.6521739130434783
173,0.0,0.6,0.0,0.4
174,0.47619047619047616,0.2857142857142857,0.0,0.23809523809523808
175,0.5333333333333333,0.2222222222222222,0.0,0.24444444444444444
176,0.391304347826087,0.34782608695652173,0.2608695652173913,0.0
177,0.0,0.7777777777777778,0.2222222222222222,0.0
178,0.0,0.6666666666666666,0.3333333333333333,0.0
179,0.25,0.5,0.25,0.0
180,0.42857142857142855,0.0,0.0,0.5714285714285714
181,0.05263157894736842,0.0,0.5789473684210527,0.3684210526315789
182,0.0,0.08333333333333333,0.16666666666666666,0.75
183,0.5,0.0,0.0,0.5
184,0.0,0.625,0.375,0.0
185,0.18181818181818182,0.0,0.7272727272727273,0.09090909090909091
186,0.0,0.0,1.0,0.0
187,0.0,0.0,0.5,0.5
188,0.4,0.4,0.2,0.0
189,0.18181818181818182,0.5454545454545454,0.0,0.2727272727272727
190,0.0,0.6666666666666666,0.3333333333333333,0.0
191,1.0,0.0,0.0,0.0
192,0.0,0.09090909090909091,0.9090909090909091,0.0
193,0.0,0.05555555555555555,0.9444444444444444,0.0
194,0.8,0.0,0.0,0.2
195,,,,
196,0.9,0.0,0.0,0.1
197,0.2857142857142857,0.0,0.0,0.7142857142857143
198,0.3333333333333333,0.0,0.3333333333333333,0.3333333333333333
199,1.0,0.0,0.0,0.0
200,0.0,0.9,0.1,0.0
201,0.25,0.5,0.25,0.0
202,0.0,0.0,1.0,0.0
203,0.125,0.0,0.125,0.75
204,0.0,0.0,0.4,0.6
205,0.07142857142857142,0.0,0.2857142857142857,0.6428571428571429
206,1.0,0.0,0.0,0.0
207,0.0,0.0,1.0,0.0
208,0.0,0.5,0.5,0.0
209,0.0,0.0,0.0,1.0
210,0.3333333333333333,0.0,0.6666666666666666,0.0
211,1.0,0.0,0.0,0.0
212,0.75,0.0,0.0,0.25
213,,,,
214,0.0,0.0,0.0,1.0
215,0.0,0.0,1.0,0.0
216,1.0,0.0,0.0,0.0
217,0.0,0.0,1.0,0.0
218,0.0,0.0,0.0,1.0
219,0.0,0.0,1.0,0.0
220,0.0,0.5,0.5,0.0
221,0.09090909090909091,0.0,0.45454545454545453,0.45454545454545453
222,0.75,0.125,0.0,0.125
223,0.35714285714285715,0.0,0.14285714285714285,0.5
224,0.16666666666666666,0.0,0.3333333333333333,0.5
225,0.0,0.25,0.625,0.125
226,0.0,0.058823529411764705,0.8235294117647058,0.11764705882352941
227,0.36363636363636365,0.5454545454545454,0.0,0.09090909090909091
228,0.0,0.6666666666666666,0.3333333333333333,0.0
229,0.0,0.0,1.0,0.0
230,0.10526315789473684,0.0,0.42105263157894735,0.47368421052631576
231,0.6666666666666666,0.0,0.3333333333333333,0.0
232,0.42857142857142855,0.0,0.0,0.5714285714285714
233,0.5,0.0,0.08333333333333333,0.4166666666666667
234,0.25,0.0,0.625,0.125
235,,,,
236,0.4,0.52,0.0,0.08
237,0.0,0.9,0.1,0.0
238,0.0,0.23076923076923078,0.07692307692307693,0.6923076923076923
239,0.0,0.8,0.2,0.0
240,0.05263157894736842,0.0,0.0,0.9473684210526315
241,,,,
242,0.6428571428571429,0.2857142857142857,0.0,0.07142857142857142
243,0.1,0.0,0.9,0.0
244,0.0,0.0,1.0,0.0
245,0.0,0.2,0.7,0.1
246,0.0,0.6,0.2,0.2
247,0.0,0.0,1.0,0.0
248,,,,
249,0.0,0.17647058823529413,0.8235294117647058,0.0
250,0.0,0.2727272727272727,0.5454545454545454,0.18181818181818182
251,0.38461538461538464,0.0,0.07692307692307693,0.5384615384615384
252,0.0,0.3333333333333333,0.6666666666666666,0.0
253,0.8888888888888888,0.1111111111111111,0.0,0.0
254,0.0,0.6,0.4,0.0
255,0.2,0.0,0.4,0.4
256,,,,
257,0.375,0.625,0.0,0.0
258,0.0,0.625,0.375,0.0
259,0.1111111111111111,0.8888888888888888,0.0,0.0
260,0.0,0.3333333333333333,0.6666666666666666,0.0
261,0.4,0.6,0.0,0.0
262,0.2972972972972973,0.0,0.08108108108108109,0.6216216216216216
263,0.0,0.0,0.42857142857142855,0.5714285714285714
264,,,,
265,,,,
266,0.2727272727272727,0.7272727272727273,0.0,0.0
267,,,,
268,,,,
269,1.0,0.0,0.0,0.0
270,0.0,0.0,0.0,1.0
271,0.0,0.0,0.0,1.0
272,1.0,0.0,0.0,0.0
273,,,,
274,0.0,0.0,1.0,0.0
275,1.0,0.0,0.0,0.0
276,0.1,0.3,0.6,0.0
277,0.0,0.8333333333333334,0.16666666666666666,0.0
278,0.5925925925925926,0.3148148148148148,0.0,0.09259259259259259
279,0.0,0.0,1.0,0.0
280,,,,
281,0.0,1.0,0.0,0.0
282,1.0,0.0,0.0,0.0
283,0.0,0.0,0.2222222222222222,0.7777777777777778
284,0.03571428571428571,0.0,0.21428571428571427,0.75
285,,,,
286,,,,
287,0.0,1.0,0.0,0.0
288,0.8,0.2,0.0,0.0
289,0.0,0.0,0.09090909090909091,0.9090909090909091
290,0.3333333333333333,0.3333333333333333,0.0,0.3333333333333333
291,0.0,1.0,0.0,0.0
292,1.0,0.0,0.0,0.0
293,0.0,0.0,1.0,0.0
294,0.0,1.0,0.0,0.0
295,0.0,0.0,1.0,0.0
296,0.6666666666666666,0.3333333333333333,0.0,0.0
297,0.0,0.0,1.0,0.0
298,,,,
299,,,,
300,,,,
301,,,,
302,,,,
303,0.0,0.0,1.0,0.0
304,,,,
305,0.0,0.0,0.0,1.0
306,,,,
307,,,,
308,,,,
309,,,,
310,,,,
311,,,,
312,,,,
313,,,,
314,,,,
315,,,,
