,A,C,G,T
0,,,,
1,,,,
2,0.46511627906976744,0.4883720930232558,0.0,0.046511627906976744
3,0.0,0.029411764705882353,0.9705882352941176,0.0
4,0.1111111111111111,0.3333333333333333,0.5555555555555556,0.0
5,0.375,0.0,0.5,0.125
6,0.0,0.022727272727272728,0.75,0.22727272727272727
7,0.3333333333333333,0.0,0.2222222222222222,0.4444444444444444
8,0.0,0.0,0.8367346938775511,0.16326530612244897
9,0.020833333333333332,0.8020833333333334,0.17708333333333334,0.0
10,,,,
11,0.6666666666666666,0.0,0.0,0.3333333333333333
12,0.0,0.35185185185185186,0.6481481481481481,0.0
13,0.0,0.2558139534883721,0.6046511627906976,0.13953488372093023
14,0.4745762711864407,0.4745762711864407,0.0,0.05084745762711865
15,0.25,0.75,0.0,0.0
16,0.0,0.75,0.25,0.0
17,0.96875,0.0,0.0,0.03125
18,0.8260869565217391,0.08695652173913043,0.08695652173913043,0.0
19,0.0,0.0,0.0,1.0
20,0.06896551724137931,0.034482758620689655,0.896551724137931,0.0
21,0.75,0.0,0.0,0.25
22,0.5714285714285714,0.32142857142857145,0.0,0.10714285714285714
23,0.4930555555555556,0.3055555555555556,0.2013888888888889,0.0
24,0.5,0.0,0.0,0.5
25,0.14285714285714285,0.0,0.7142857142857143,0.14285714285714285
26,0.3893805309734513,0.336283185840708,0.2743362831858407,0.0
27,0.0,0.09163346613545817,0.848605577689243,0.05976095617529881
28,0.05263157894736842,0.0,0.10526315789473684,0.8421052631578947
29,0.6312056737588653,0.3120567375886525,0.0,0.05673758865248227
30,0.0196078431372549,0.0,0.6274509803921569,0.35294117647058826
31,0.42857142857142855,0.07142857142857142,0.5,0.0
32,0.8205128205128205,0.10256410256410256,0.0,0.07692307692307693
33,0.3625,0.375,0.0,0.2625
34,0.0,0.6666666666666666,0.3333333333333333,0.0
35,0.3064516129032258,0.45161290322580644,0.0,0.24193548387096775
36,0.0,0.23076923076923078,0.7692307692307693,0.0
37,0.0,0.4117647058823529,0.5686274509803921,0.0196078431372549
38,0.0,0.24242424242424243,0.6666666666666666,0.09090909090909091
39,0.2,0.0,0.8,0.0
40,0.23529411764705882,0.0,0.6470588235294118,0.11764705882352941
41,0.3333333333333333,0.0,0.0,0.6666666666666666
42,0.0,0.4,0.2,0.4
43,0.08695652173913043,0.0,0.8260869565217391,0.08695652173913043
44,0.0,0.04878048780487805,0.5487804878048781,0.4024390243902439
45,0.00909090909090909,0.0,0.990909090909091,0.0
46,0.0,0.8666666666666667,0.06666666666666667,0.06666666666666667
47,0.5,0.25,0.0,0.25
48,0.0,0.5,0.3333333333333333,0.16666666666666666
49,0.6666666666666666,0.0,0.3333333333333333,0.0
50,0.16666666666666666,0.0,0.0,0.8333333333333334
51,0.05,0.0,0.85,0.1
52,0.0,0.75,0.25,0.0
53,0.28,0.0,0.48,0.24
54,0.0,0.6875,0.0625,0.25
55,0.30434782608695654,0.0,0.043478260869565216,0.6521739130434783
56,0.7241379310344828,0.1781609195402299,0.0,0.09770114942528736
57,0.039473684210526314,0.0,0.3684210526315789,0.5921052631578947
58,0.125,0.375,0.5,0.0
59,0.5,0.0,0.0,0.5
60,0.0,0.09090909090909091,0.5454545454545454,0.36363636363636365
61,0.375,0.0,0.1875,0.4375
62,0.42857142857142855,0.0,0.2727272727272727,0.2987012987012987
63,0.2,0.2,0.6,0.0
64,0.4444444444444444,0.2222222222222222,0.0,0.3333333333333333
65,0.020833333333333332,0.0,0.020833333333333332,0.9583333333333334
66,0.0,0.028409090909090908,0.35795454545454547,0.6136363636363636
67,0.11428571428571428,0.0,0.8571428571428571,0.02857142857142857
68,0.22772277227722773,0.0,0.37623762376237624,0.39603960396039606
69,0.061224489795918366,0.5051020408163265,0.4336734693877551,0.0
70,0.3333333333333333,0.3333333333333333,0.3333333333333333,0.0
71,0.08771929824561403,0.0,0.47368421052631576,0.43859649122807015
72,0.10344827586206896,0.4482758620689655,0.4482758620689655,0.0
73,0.3333333333333333,0.0,0.3333333333333333,0.3333333333333333
74,0.12195121951219512,0.17073170731707318,0.7073170731707317,0.0
75,0.6,0.0,0.0,0.4
76,0.5714285714285714,0.14285714285714285,0.0,0.2857142857142857
77,0.6057906458797327,0.2650334075723831,0.0,0.1291759465478842
78,0.10416666666666667,0.4895833333333333,0.40625,0.0
79,0.2597402597402597,0.6493506493506493,0.09090909090909091,0.0
80,0.025380710659898477,0.0,0.4517766497461929,0.5228426395939086
81,0.11904761904761904,0.7380952380952381,0.14285714285714285,0.0
82,0.2222222222222222,0.0,0.2222222222222222,0.5555555555555556
83,0.0,0.302158273381295,0.5467625899280576,0.1510791366906475
84,0.07909604519774012,0.0,0.2768361581920904,0.6440677966101694
85,0.05555555555555555,0.8888888888888888,0.05555555555555555,0.0
86,0.04,0.0,0.48,0.48
87,0.0,0.2571428571428571,0.68,0.06285714285714286
88,0.298828125,0.658203125,0.0,0.04296875
89,0.09375,0.0,0.35625,0.55
90,0.0,0.050980392156862744,0.4627450980392157,0.48627450980392156
91,0.37857142857142856,0.0,0.49642857142857144,0.125
92,0.2012987012987013,0.5584415584415584,0.24025974025974026,0.0
93,0.0,0.4194528875379939,0.44984802431610943,0.13069908814589665
94,0.5407554671968191,0.3121272365805169,0.0,0.147117296222664
95,0.2857142857142857,0.3619047619047619,0.3523809523809524,0.0
96,0.41044776119402987,0.291044776119403,0.0,0.29850746268656714
97,0.5620437956204379,0.3613138686131387,0.0,0.07664233576642336
98,0.0,0.40714285714285714,0.2857142857142857,0.30714285714285716
99,0.37748344370860926,0.45695364238410596,0.0,0.16556291390728478
100,0.7700534759358288,0.1925133689839572,0.0374331550802139,0.0
101,0.4,0.0,0.0,0.6
102,0.631578947368421,0.19298245614035087,0.0,0.17543859649122806
103,0.04285714285714286,0.9428571428571428,0.0,0.014285714285714285
104,0.4,0.42,0.18,0.0
105,0.10126582278481013,0.45569620253164556,0.0,0.4430379746835443
106,0.0,0.8,0.2,0.0
107,0.2857142857142857,0.2857142857142857,0.0,0.42857142857142855
108,0.18867924528301888,0.4716981132075472,0.0,0.33962264150943394
109,0.136986301369863,0.7625570776255708,0.0,0.1004566210045662
110,0.16,0.0,0.30666666666666664,0.5333333333333333
111,0.0,0.0,1.0,0.0
112,0.0,0.5,0.0,0.5
113,0.0,0.6666666666666666,0.0,0.3333333333333333
114,0.0,0.178743961352657,0.6135265700483091,0.20772946859903382
115,0.0,0.2857142857142857,0.7142857142857143,0.0
116,0.047619047619047616,0.0,0.38095238095238093,0.5714285714285714
117,1.0,0.0,0.0,0.0
118,,,,
119,0.01818181818181818,0.8545454545454545,0.12727272727272726,0.0
120,1.0,0.0,0.0,0.0
121,0.0,0.4,0.2,0.4
122,0.5625,0.0125,0.0,0.425
123,0.26732673267326734,0.0,0.15841584158415842,0.5742574257425742
124,0.3333333333333333,0.0,0.13333333333333333,0.5333333333333333
125,0.64,0.0,0.16,0.2
126,0.35714285714285715,0.0,0.4642857142857143,0.17857142857142858
127,0.6666666666666666,0.0,0.0,0.3333333333333333
128,0.0,0.7394957983193278,0.23529411764705882,0.025210084033613446
129,0.4473684210526316,0.47368421052631576,0.0,0.07894736842105263
130,1.0,0.0,0.0,0.0
131,0.0,0.3644859813084112,0.5794392523364486,0.056074766355140186
132,0.0,0.5223880597014925,0.47761194029850745,0.0
133,0.0,0.17777777777777778,0.7555555555555555,0.06666666666666667
134,1.0,0.0,0.0,0.0
135,0.42592592592592593,0.3148148148148148,0.0,0.25925925925925924
136,0.08108108108108109,0.0,0.8648648648648649,0.05405405405405406
137,0.5,0.0,0.25,0.25
138,0.875,0.0,0.0,0.125
139,0.0,0.9823008849557522,0.017699115044247787,0.0
140,0.7926829268292683,0.13414634146341464,0.0,0.07317073170731707
141,0.0,0.9444444444444444,0.0,0.05555555555555555
142,0.0,0.6666666666666666,0.16666666666666666,0.16666666666666666
143,0.890625,0.1015625,0.0,0.0078125
144,0.6666666666666666,0.0,0.3333333333333333,0.0
145,0.17647058823529413,0.0,0.0,0.8235294117647058
146,0.045454545454545456,0.9545454545454546,0.0,0.0
147,0.02631578947368421,0.0,0.5526315789473685,0.42105263157894735
148,0.0,0.3333333333333333,0.6666666666666666,0.0
149,0.23,0.47,0.3,0.0
150,0.7631578947368421,0.0,0.0,0.23684210526315788
151,0.0,0.0,0.8074074074074075,0.1925925925925926
152,0.0,0.32620320855614976,0.18181818181818182,0.4919786096256685
153,0.315,0.0,0.505,0.18
154,0.7777777777777778,0.1111111111111111,0.1111111111111111,0.0
155,0.2231404958677686,0.0,0.5867768595041323,0.19008264462809918
156,0.0,0.0947867298578199,0.43601895734597157,0.46919431279620855
157,0.25,0.6805555555555556,0.06944444444444445,0.0
158,0.03278688524590164,0.6721311475409836,0.29508196721311475,0.0
159,0.3793103448275862,0.3448275862068966,0.27586206896551724,0.0
160,0.0,0.14492753623188406,0.08695652173913043,0.7681159420289855
161,0.051470588235294115,0.9044117647058824,0.04411764705882353,0.0
162,0.1623931623931624,0.1794871794871795,0.6581196581196581,0.0
163,0.3974358974358974,0.5384615384615384,0.0,0.0641025641025641
164,0.6818181818181818,0.3181818181818182,0.0,0.0
165,0.0,0.02982107355864811,0.9165009940357853,0.0536779324055666
166,0.0,0.3125,0.4375,0.25
167,0.25925925925925924,0.7222222222222222,0.018518518518518517,0.0
168,0.5070422535211268,0.4507042253521127,0.0,0.04225352112676056
169,0.0,0.3412698412698413,0.6507936507936508,0.007936507936507936
170,0.25210084033613445,0.6302521008403361,0.11764705882352941,0.0
171,0.6575342465753424,0.2602739726027397,0.0,0.0821917808219178
172,0.0,0.53125,0.3125,0.15625
173,0.21138211382113822,0.46747967479674796,0.32113821138211385,0.0
174,0.0,0.3959731543624161,0.5771812080536913,0.026845637583892617
175,0.0,0.3790322580645161,0.4959677419354839,0.125
176,0.5443786982248521,0.3431952662721893,0.0,0.11242603550295859
177,0.375,0.0,0.10294117647058823,0.5220588235294118
178,0.757201646090535,0.1111111111111111,0.0,0.13168724279835392
179,0.4201388888888889,0.0,0.23958333333333334,0.3402777777777778
180,0.16666666666666666,0.5,0.3333333333333333,0.0
181,0.0,0.05952380952380952,0.023809523809523808,0.9166666666666666
182,0.006944444444444444,0.0,0.0763888888888889,0.9166666666666666
183,0.0,0.3333333333333333,0.1111111111111111,0.5555555555555556
184,0.7695473251028807,0.13991769547325103,0.0,0.09053497942386832
185,0.06412825651302605,0.0,0.2625250501002004,0.6733466933867736
186,0.21052631578947367,0.0,0.21052631578947367,0.5789473684210527
187,0.8888888888888888,0.0,0.05555555555555555,0.05555555555555555
188,0.0,0.25098039215686274,0.34509803921568627,0.403921568627451
189,0.35555555555555557,0.2777777777777778,0.36666666666666664,0.0
190,0.06666666666666667,0.0,0.10666666666666667,0.8266666666666667
191,0.38235294117647056,0.19117647058823528,0.4264705882352941,0.0
192,0.3103448275862069,0.0,0.1896551724137931,0.5
193,0.5576923076923077,0.11538461538461539,0.3269230769230769,0.0
194,0.2692307692307692,0.5192307692307693,0.0,0.21153846153846154
195,0.0,0.39473684210526316,0.5052631578947369,0.1
196,0.0,0.07616707616707617,0.9090909090909091,0.014742014742014743
197,0.3620689655172414,0.5229885057471264,0.0,0.11494252873563218
198,0.0,0.23529411764705882,0.6470588235294118,0.11764705882352941
199,0.6037383177570094,0.3925233644859813,0.0,0.003738317757009346
200,0.1949685534591195,0.0,0.0880503144654088,0.7169811320754716
201,0.0,0.8870967741935484,0.0967741935483871,0.016129032258064516
202,0.9,0.03333333333333333,0.0,0.06666666666666667
203,0.9732360097323601,0.019464720194647202,0.0,0.0072992700729927005
204,0.3314285714285714,0.0,0.5714285714285714,0.09714285714285714
205,0.0,0.75,0.25,0.0
206,0.15384615384615385,0.0,0.358974358974359,0.48717948717948717
207,0.0,0.050359712230215826,0.381294964028777,0.5683453237410072
208,0.3707865168539326,0.0,0.3258426966292135,0.30337078651685395
209,0.2857142857142857,0.0,0.2222222222222222,0.49206349206349204
210,0.0,0.13245033112582782,0.8675496688741722,0.0
211,0.3,0.0,0.7,0.0
212,0.6635514018691588,0.0,0.04672897196261682,0.2897196261682243
213,0.0,0.030303030303030304,0.5378787878787878,0.4318181818181818
214,0.17901234567901234,0.0,0.16666666666666666,0.654320987654321
215,0.19907407407407407,0.0,0.5324074074074074,0.26851851851851855
216,0.0,0.5783132530120482,0.42168674698795183,0.0
217,0.0,0.1518987341772152,0.8059071729957806,0.04219409282700422
218,0.4230769230769231,0.34615384615384615,0.0,0.23076923076923078
219,0.12903225806451613,0.3548387096774194,0.0,0.5161290322580645
220,0.0,0.48514851485148514,0.45544554455445546,0.0594059405940594
221,0.76,0.0,0.0,0.24
222,0.0,0.22794117647058823,0.49264705882352944,0.27941176470588236
223,0.22556390977443608,0.0,0.45112781954887216,0.3233082706766917
224,0.06217616580310881,0.0,0.41450777202072536,0.5233160621761658
225,0.27058823529411763,0.3764705882352941,0.35294117647058826,0.0
226,0.525,0.0,0.2,0.275
227,0.06666666666666667,0.0,0.4,0.5333333333333333
228,0.0,0.06,0.8533333333333334,0.08666666666666667
229,0.0,0.15853658536585366,0.8170731707317073,0.024390243902439025
230,0.0,0.21794871794871795,0.6153846153846154,0.16666666666666666
231,0.0,0.1111111111111111,0.8222222222222222,0.06666666666666667
232,0.0,0.4117647058823529,0.5392156862745098,0.049019607843137254
233,0.026845637583892617,0.0,0.09395973154362416,0.8791946308724832
234,0.06837606837606838,0.0,0.9145299145299145,0.017094017094017096
235,0.0,0.05,0.725,0.225
236,0.7313432835820896,0.1865671641791045,0.0,0.08208955223880597
237,0.875,0.125,0.0,0.0
238,0.012048192771084338,0.7349397590361446,0.25301204819277107,0.0
239,0.5534591194968553,0.1509433962264151,0.0,0.29559748427672955
240,0.20491803278688525,0.23770491803278687,0.0,0.5573770491803278
241,0.05,0.85,0.1,0.0
242,0.18181818181818182,0.0,0.06060606060606061,0.7575757575757576
243,0.06451612903225806,0.0,0.016129032258064516,0.9193548387096774
244,0.2,0.1,0.7,0.0
245,0.32216494845360827,0.3582474226804124,0.31958762886597936,0.0
246,0.0,0.13829787234042554,0.5,0.3617021276595745
247,0.2631578947368421,0.0,0.2982456140350877,0.43859649122807015
248,0.0,0.5670995670995671,0.3116883116883117,0.12121212121212122
249,0.0,0.5188679245283019,0.3050314465408805,0.1761006289308176
250,0.2727272727272727,0.09090909090909091,0.6363636363636364,0.0
251,0.17647058823529413,0.5,0.0,0.3235294117647059
252,0.0,0.10948905109489052,0.8029197080291971,0.08759124087591241
253,0.6,0.0,0.21904761904761905,0.18095238095238095
254,0.4027777777777778,0.0,0.20833333333333334,0.3888888888888889
255,0.0,0.12121212121212122,0.6666666666666666,0.21212121212121213
256,0.0,0.5925925925925926,0.4074074074074074,0.0
257,0.18487394957983194,0.0,0.21008403361344538,0.6050420168067226
258,0.0,0.08759124087591241,0.781021897810219,0.13138686131386862
259,0.1875,0.5625,0.25,0.0
260,0.5,0.0,0.0,0.5
261,0.3275862068965517,0.5517241379310345,0.0,0.1206896551724138
262,0.0,0.19318181818181818,0.7386363636363636,0.06818181818181818
263,0.041666666666666664,0.0,0.8083333333333333,0.15
264,0.3787878787878788,0.0,0.3939393939393939,0.22727272727272727
265,0.7083333333333334,0.0,0.08333333333333333,0.20833333333333334
266,0.6016260162601627,0.2926829268292683,0.10569105691056911,0.0
267,0.23595505617977527,0.449438202247191,0.0,0.3146067415730337
268,0.08496732026143791,0.8235294117647058,0.0915032679738562,0.0
269,0.5469613259668509,0.35911602209944754,0.0,0.09392265193370165
270,0.6,0.0,0.0,0.4
271,0.0,0.5,0.25,0.25
272,0.631578947368421,0.0,0.10526315789473684,0.2631578947368421
273,0.0,0.03225806451612903,0.41935483870967744,0.5483870967741935
274,0.15789473684210525,0.0,0.3157894736842105,0.5263157894736842
275,0.0,0.21568627450980393,0.5882352941176471,0.19607843137254902
276,0.0,0.0,0.0,1.0
277,0.09090909090909091,0.8409090909090909,0.0,0.06818181818181818
278,0.711864406779661,0.0,0.13559322033898305,0.15254237288135594
279,0.0,0.13333333333333333,0.06666666666666667,0.8
280,0.47058823529411764,0.0,0.058823529411764705,0.47058823529411764
281,0.0,0.18032786885245902,0.0546448087431694,0.7650273224043715
282,0.25,0.0,0.75,0.0
283,0.0,0.0625,0.0625,0.875
284,0.0,0.8833333333333333,0.11666666666666667,0.0
285,0.1111111111111111,0.6666666666666666,0.2222222222222222,0.0
286,0.0,0.011857707509881422,0.015810276679841896,0.9723320158102767
287,0.006493506493506494,0.0,0.006493506493506494,0.987012987012987
288,0.10714285714285714,0.25,0.6428571428571429,0.0
289,0.3076923076923077,0.0,0.0,0.6923076923076923
290,0.0,0.847457627118644,0.15254237288135594,0.0
291,0.5294117647058824,0.17647058823529413,0.0,0.29411764705882354
292,0.08904109589041095,0.8493150684931506,0.06164383561643835,0.0
293,0.0,0.22641509433962265,0.6981132075471698,0.07547169811320754
294,,,,
295,0.9285714285714286,0.07142857142857142,0.0,0.0
296,0.3877551020408163,0.5306122448979592,0.08163265306122448,0.0
297,0.0,0.3333333333333333,0.0,0.6666666666666666
298,0.0,0.0,1.0,0.0
299,0.0,0.0,0.25,0.75
300,0.0,0.0,0.6666666666666666,0.3333333333333333
301,0.0,0.0,0.5,0.5
302,0.0,0.0,0.0,1.0
303,,,,
304,,,,
305,0.0,0.8,0.0,0.2
306,,,,
307,,,,
308,,,,
309,,,,
310,,,,
311,,,,
312,,,,
313,,,,
314,,,,
