,A,C,G,T
0,,,,
1,,,,
2,,,,
3,,,,
4,,,,
5,,,,
6,,,,
7,,,,
8,,,,
9,0.0,0.0,0.0,1.0
10,,,,
11,1.0,0.0,0.0,0.0
12,,,,
13,,,,
14,1.0,0.0,0.0,0.0
15,,,,
16,,,,
17,,,,
18,,,,
19,,,,
20,,,,
21,,,,
22,,,,
23,,,,
24,,,,
25,,,,
26,,,,
27,,,,
28,,,,
29,,,,
30,,,,
31,,,,
32,,,,
33,,,,
34,,,,
35,,,,
36,,,,
37,0.0,1.0,0.0,0.0
38,,,,
39,,,,
40,,,,
41,0.0,0.0,1.0,0.0
42,0.0,0.0,0.0,1.0
43,,,,
44,,,,
45,,,,
46,1.0,0.0,0.0,0.0
47,,,,
48,,,,
49,,,,
50,,,,
51,,,,
52,,,,
53,,,,
54,,,,
55,,,,
56,,,,
57,,,,
58,,,,
59,,,,
60,,,,
61,,,,
62,0.0,0.0,1.0,0.0
63,,,,
64,,,,
65,,,,
66,1.0,0.0,0.0,0.0
67,,,,
68,0.0,1.0,0.0,0.0
69,,,,
70,,,,
71,,,,
72,,,,
73,,,,
74,,,,
75,,,,
76,,,,
77,,,,
78,,,,
79,1.0,0.0,0.0,0.0
80,0.5,0.0,0.0,0.5
81,0.5,0.5,0.0,0.0
82,0.0,0.0,0.0,1.0
83,0.0,0.0,1.0,0.0
84,0.0,0.0,0.5,0.5
85,0.0,1.0,0.0,0.0
86,0.0,0.0,1.0,0.0
87,,,,
88,1.0,0.0,0.0,0.0
89,,,,
90,0.0,0.0,1.0,0.0
91,0.0,1.0,0.0,0.0
92,,,,
93,0.0,0.0,1.0,0.0
94,,,,
95,0.0,0.0,1.0,0.0
96,0.0,0.5,0.0,0.5
97,0.0,0.0,0.5,0.5
98,,,,
99,,,,
100,,,,
101,,,,
102,1.0,0.0,0.0,0.0
103,0.0,0.0,0.0,1.0
104,,,,
105,,,,
106,0.0,1.0,0.0,0.0
107,,,,
108,,,,
109,,,,
110,,,,
111,,,,
112,,,,
113,,,,
114,,,,
115,,,,
116,0.0,0.0,0.0,1.0
117,,,,
118,,,,
119,,,,
120,0.0,0.0,0.0,1.0
121,,,,
122,,,,
123,,,,
124,,,,
125,0.0,1.0,0.0,0.0
126,,,,
127,,,,
128,,,,
129,,,,
130,,,,
131,,,,
132,,,,
133,,,,
134,,,,
135,1.0,0.0,0.0,0.0
136,,,,
137,1.0,0.0,0.0,0.0
138,,,,
139,,,,
140,,,,
141,,,,
142,,,,
143,,,,
144,,,,
145,,,,
146,,,,
147,,,,
148,,,,
149,1.0,0.0,0.0,0.0
150,0.0,1.0,0.0,0.0
151,,,,
152,0.0,0.0,1.0,0.0
153,0.0,0.0,0.5,0.5
154,0.0,1.0,0.0,0.0
155,,,,
156,0.0,0.5,0.5,0.0
157,0.0,1.0,0.0,0.0
158,0.0,1.0,0.0,0.0
159,0.0,0.0,1.0,0.0
160,0.0,0.0,1.0,0.0
161,,,,
162,,,,
163,,,,
164,0.0,1.0,0.0,0.0
165,,,,
166,,,,
167,,,,
168,0.0,0.0,1.0,0.0
169,0.3333333333333333,0.6666666666666666,0.0,0.0
170,0.0,0.0,1.0,0.0
171,,,,
172,,,,
173,,,,
174,0.0,0.5,0.0,0.5
175,,,,
176,,,,
177,,,,
178,0.0,1.0,0.0,0.0
179,,,,
180,,,,
181,,,,
182,,,,
183,,,,
184,,,,
185,,,,
186,,,,
187,,,,
188,,,,
189,,,,
190,,,,
191,,,,
192,0.0,0.0,1.0,0.0
193,,,,
194,,,,
195,0.0,0.0,1.0,0.0
196,,,,
197,,,,
198,,,,
199,,,,
200,,,,
201,,,,
202,,,,
203,,,,
204,0.0,0.0,0.0,1.0
205,,,,
206,0.0,0.0,0.0,1.0
207,,,,
208,0.0,0.0,1.0,0.0
209,0.0,0.5,0.5,0.0
210,,,,
211,,,,
212,,,,
213,1.0,0.0,0.0,0.0
214,1.0,0.0,0.0,0.0
215,0.0,0.0,1.0,0.0
216,,,,
217,,,,
218,,,,
219,,,,
220,0.0,0.5,0.5,0.0
221,0.0,0.0,0.0,1.0
222,,,,
223,,,,
224,0.0,0.0,0.0,1.0
225,,,,
226,,,,
227,0.0,1.0,0.0,0.0
228,,,,
229,,,,
230,0.0,0.0,1.0,0.0
231,0.0,0.0,1.0,0.0
232,,,,
233,1.0,0.0,0.0,0.0
234,,,,
235,,,,
236,,,,
237,0.0,0.0,1.0,0.0
238,,,,
239,0.0,0.0,0.0,1.0
240,,,,
241,,,,
242,,,,
243,,,,
244,0.0,0.0,1.0,0.0
245,0.5,0.5,0.0,0.0
246,,,,
247,,,,
248,,,,
249,0.0,0.0,1.0,0.0
250,0.3333333333333333,0.6666666666666666,0.0,0.0
251,0.0,0.0,0.0,1.0
252,,,,
253,0.0,0.0,0.0,1.0
254,,,,
255,,,,
256,0.0,0.5,0.5,0.0
257,,,,
258,,,,
259,,,,
260,,,,
261,,,,
262,,,,
263,,,,
264,,,,
265,,,,
266,0.0,0.0,0.0,1.0
267,,,,
268,,,,
269,,,,
270,,,,
271,,,,
272,,,,
273,,,,
274,,,,
275,,,,
276,0.0,1.0,0.0,0.0
277,,,,
278,0.5,0.5,0.0,0.0
279,,,,
280,,,,
281,,,,
282,,,,
283,,,,
284,0.0,0.0,0.0,1.0
285,,,,
286,,,,
287,,,,
288,,,,
289,,,,
290,,,,
291,,,,
292,,,,
293,,,,
294,,,,
295,,,,
296,,,,
297,,,,
298,,,,
299,,,,
300,,,,
301,,,,
302,,,,
303,,,,
304,,,,
305,,,,
306,,,,
