,A,C,G,T
0,,,,
1,,,,
2,,,,
3,0.9285714285714286,0.0,0.0,0.07142857142857142
4,,,,
5,0.0,0.0,0.8,0.2
6,0.0,0.0,0.0,1.0
7,,,,
8,,,,
9,0.0,1.0,0.0,0.0
10,,,,
11,0.0,1.0,0.0,0.0
12,,,,
13,0.0,0.05,0.95,0.0
14,,,,
15,,,,
16,,,,
17,,,,
18,1.0,0.0,0.0,0.0
19,,,,
20,0.0,1.0,0.0,0.0
21,,,,
22,,,,
23,0.0,1.0,0.0,0.0
24,,,,
25,,,,
26,0.6666666666666666,0.3333333333333333,0.0,0.0
27,0.6,0.0,0.0,0.4
28,0.0,0.0,0.0,1.0
29,0.8,0.2,0.0,0.0
30,0.0,0.0,0.3333333333333333,0.6666666666666666
31,,,,
32,1.0,0.0,0.0,0.0
33,,,,
34,,,,
35,1.0,0.0,0.0,0.0
36,,,,
37,0.0,0.25,0.75,0.0
38,,,,
39,0.0,0.0,1.0,0.0
40,,,,
41,,,,
42,0.0,0.0,1.0,0.0
43,,,,
44,0.0,1.0,0.0,0.0
45,0.4,0.0,0.6,0.0
46,,,,
47,1.0,0.0,0.0,0.0
48,,,,
49,,,,
50,,,,
51,,,,
52,,,,
53,,,,
54,0.0,1.0,0.0,0.0
55,,,,
56,0.0,0.06666666666666667,0.7333333333333333,0.2
57,,,,
58,1.0,0.0,0.0,0.0
59,0.0,0.0,0.0,1.0
60,0.0,0.0,1.0,0.0
61,,,,
62,0.5,0.0,0.5,0.0
63,,,,
64,,,,
65,0.0,0.0,0.0,1.0
66,0.0,0.0,0.0,1.0
67,0.25,0.0,0.25,0.5
68,,,,
69,0.0,0.0,1.0,0.0
70,,,,
71,0.0,0.0,1.0,0.0
72,0.0,1.0,0.0,0.0
73,,,,
74,0.0,0.0,1.0,0.0
75,,,,
76,0.5,0.0,0.0,0.5
77,0.15789473684210525,0.15789473684210525,0.0,0.6842105263157895
78,1.0,0.0,0.0,0.0
79,,,,
80,0.3333333333333333,0.0,0.3333333333333333,0.3333333333333333
81,0.0,0.0,1.0,0.0
82,,,,
83,0.0,0.1111111111111111,0.7777777777777778,0.1111111111111111
84,0.8,0.0,0.0,0.2
85,0.0,1.0,0.0,0.0
86,0.0,0.0,0.25,0.75
87,0.0,0.0,1.0,0.0
88,0.17391304347826086,0.6956521739130435,0.0,0.13043478260869565
89,0.3333333333333333,0.0,0.0,0.6666666666666666
90,0.0,0.0,0.6666666666666666,0.3333333333333333
91,0.4,0.0,0.6,0.0
92,0.36363636363636365,0.2727272727272727,0.36363636363636365,0.0
93,0.0,0.6071428571428571,0.35714285714285715,0.03571428571428571
94,0.2,0.7333333333333333,0.0,0.06666666666666667
95,0.25,0.75,0.0,0.0
96,0.6666666666666666,0.3333333333333333,0.0,0.0
97,0.5714285714285714,0.2857142857142857,0.0,0.14285714285714285
98,0.0,0.25,0.75,0.0
99,0.0,0.16666666666666666,0.5,0.3333333333333333
100,0.0,0.8333333333333334,0.16666666666666666,0.0
101,0.5,0.0,0.0,0.5
102,0.09090909090909091,0.0,0.21818181818181817,0.6909090909090909
103,0.25,0.5,0.0,0.25
104,1.0,0.0,0.0,0.0
105,,,,
106,,,,
107,,,,
108,0.0,0.0,1.0,0.0
109,0.18181818181818182,0.7272727272727273,0.0,0.09090909090909091
110,0.0,0.0,0.0,1.0
111,,,,
112,0.0,0.0,0.0,1.0
113,0.0,1.0,0.0,0.0
114,0.0,0.0,0.5,0.5
115,0.0,1.0,0.0,0.0
116,0.0,0.0,0.0,1.0
117,,,,
118,,,,
119,0.5,0.5,0.0,0.0
120,,,,
121,,,,
122,1.0,0.0,0.0,0.0
123,0.6666666666666666,0.0,0.0,0.3333333333333333
124,0.0,0.0,0.0,1.0
125,0.0,0.0,0.0,1.0
126,,,,
127,,,,
128,0.0,0.0,1.0,0.0
129,,,,
130,1.0,0.0,0.0,0.0
131,0.0,0.02702702702702703,0.972972972972973,0.0
132,0.0,0.5,0.5,0.0
133,0.0,0.0,1.0,0.0
134,,,,
135,0.0,0.5,0.0,0.5
136,0.0,0.0,0.6666666666666666,0.3333333333333333
137,,,,
138,,,,
139,0.0,1.0,0.0,0.0
140,1.0,0.0,0.0,0.0
141,,,,
142,0.0,1.0,0.0,0.0
143,1.0,0.0,0.0,0.0
144,0.0,1.0,0.0,0.0
145,,,,
146,0.0,0.75,0.0,0.25
147,0.6666666666666666,0.0,0.3333333333333333,0.0
148,,,,
149,1.0,0.0,0.0,0.0
150,0.0,0.0,0.0,1.0
151,0.0,0.0,1.0,0.0
152,0.0,0.125,0.25,0.625
153,0.6,0.0,0.3,0.1
154,0.36363636363636365,0.0,0.6363636363636364,0.0
155,0.0,0.0,1.0,0.0
156,0.0,0.08333333333333333,0.4166666666666667,0.5
157,0.0,1.0,0.0,0.0
158,1.0,0.0,0.0,0.0
159,0.1875,0.0,0.8125,0.0
160,0.0,0.2,0.2,0.6
161,0.0,1.0,0.0,0.0
162,0.8571428571428571,0.14285714285714285,0.0,0.0
163,1.0,0.0,0.0,0.0
164,,,,
165,0.8666666666666667,0.06666666666666667,0.0,0.06666666666666667
166,0.0,0.0,1.0,0.0
167,0.6666666666666666,0.3333333333333333,0.0,0.0
168,1.0,0.0,0.0,0.0
169,0.0,0.5,0.5,0.0
170,0.0,1.0,0.0,0.0
171,0.3333333333333333,0.0,0.0,0.6666666666666666
172,0.0,0.75,0.0,0.25
173,0.6153846153846154,0.07692307692307693,0.3076923076923077,0.0
174,0.0,0.0,0.5,0.5
175,0.0,0.7,0.0,0.3
176,0.42857142857142855,0.42857142857142855,0.0,0.14285714285714285
177,0.6,0.0,0.0,0.4
178,0.6111111111111112,0.3888888888888889,0.0,0.0
179,0.0,0.0,0.2727272727272727,0.7272727272727273
180,0.5,0.5,0.0,0.0
181,0.0,0.0,0.0,1.0
182,0.0,0.0,0.0,1.0
183,0.0,0.0,1.0,0.0
184,0.3333333333333333,0.26666666666666666,0.0,0.4
185,0.1875,0.0,0.3125,0.5
186,0.3333333333333333,0.0,0.3333333333333333,0.3333333333333333
187,0.0,0.0,1.0,0.0
188,0.0,0.25,0.75,0.0
189,1.0,0.0,0.0,0.0
190,1.0,0.0,0.0,0.0
191,0.0,0.3333333333333333,0.6666666666666666,0.0
192,,,,
193,1.0,0.0,0.0,0.0
194,0.5,0.0,0.0,0.5
195,0.0,0.6363636363636364,0.36363636363636365,0.0
196,0.0,0.3,0.4,0.3
197,1.0,0.0,0.0,0.0
198,0.0,0.3333333333333333,0.6666666666666666,0.0
199,0.6190476190476191,0.38095238095238093,0.0,0.0
200,0.3333333333333333,0.0,0.0,0.6666666666666666
201,,,,
202,,,,
203,1.0,0.0,0.0,0.0
204,0.5,0.0,0.5,0.0
205,,,,
206,0.0,0.0,1.0,0.0
207,0.0,0.3333333333333333,0.6666666666666666,0.0
208,0.25,0.0,0.75,0.0
209,,,,
210,0.0,0.6666666666666666,0.0,0.3333333333333333
211,0.0,0.0,1.0,0.0
212,0.25,0.0,0.0,0.75
213,0.0,0.0,0.2857142857142857,0.7142857142857143
214,0.5,0.0,0.25,0.25
215,0.0,0.0,0.25,0.75
216,0.0,0.125,0.875,0.0
217,0.0,0.25,0.75,0.0
218,0.5,0.5,0.0,0.0
219,1.0,0.0,0.0,0.0
220,0.0,0.5,0.5,0.0
221,,,,
222,0.0,0.3333333333333333,0.3333333333333333,0.3333333333333333
223,0.0,0.0,0.0,1.0
224,0.0,0.0,0.14285714285714285,0.8571428571428571
225,0.3333333333333333,0.3333333333333333,0.3333333333333333,0.0
226,,,,
227,0.0,0.0,1.0,0.0
228,0.0,0.3333333333333333,0.6666666666666666,0.0
229,0.0,0.1,0.9,0.0
230,0.0,0.1,0.7,0.2
231,0.0,0.0,0.75,0.25
232,0.0,0.0,1.0,0.0
233,0.3333333333333333,0.0,0.16666666666666666,0.5
234,,,,
235,0.0,0.0,0.6666666666666666,0.3333333333333333
236,0.3333333333333333,0.6666666666666666,0.0,0.0
237,,,,
238,0.0,0.0,1.0,0.0
239,0.0,1.0,0.0,0.0
240,0.0,0.0,0.0,1.0
241,,,,
242,0.0,0.0,0.0,1.0
243,0.25,0.0,0.25,0.5
244,,,,
245,0.26666666666666666,0.2,0.5333333333333333,0.0
246,0.0,0.4,0.2,0.4
247,0.42857142857142855,0.0,0.5714285714285714,0.0
248,0.0,0.0,0.6666666666666666,0.3333333333333333
249,0.0,0.23076923076923078,0.38461538461538464,0.38461538461538464
250,0.0,1.0,0.0,0.0
251,,,,
252,0.0,0.0,1.0,0.0
253,0.0,0.0,0.0,1.0
254,0.0,0.0,0.75,0.25
255,0.0,0.16666666666666666,0.6666666666666666,0.16666666666666666
256,0.0,1.0,0.0,0.0
257,0.0,0.0,0.25,0.75
258,0.0,0.0,0.7,0.3
259,0.0,0.0,1.0,0.0
260,1.0,0.0,0.0,0.0
261,0.0,0.0,0.0,1.0
262,0.0,0.25,0.75,0.0
263,0.3333333333333333,0.0,0.3333333333333333,0.3333333333333333
264,,,,
265,,,,
266,0.6,0.0,0.4,0.0
267,0.5,0.5,0.0,0.0
268,0.35714285714285715,0.14285714285714285,0.5,0.0
269,0.6363636363636364,0.18181818181818182,0.0,0.18181818181818182
270,,,,
271,,,,
272,,,,
273,0.0,0.0,0.0,1.0
274,1.0,0.0,0.0,0.0
275,0.0,0.0,0.8571428571428571,0.14285714285714285
276,0.0,0.0,0.0,1.0
277,0.0,0.0,1.0,0.0
278,0.6666666666666666,0.0,0.0,0.3333333333333333
279,,,,
280,0.0,0.0,1.0,0.0
281,0.0,0.5833333333333334,0.25,0.16666666666666666
282,0.0,0.0,1.0,0.0
283,0.0,0.0,0.0,1.0
284,0.0,1.0,0.0,0.0
285,0.0,1.0,0.0,0.0
286,0.0,0.0,0.0,1.0
287,0.4,0.0,0.0,0.6
288,,,,
289,,,,
290,0.0,0.3333333333333333,0.6666666666666666,0.0
291,,,,
292,0.0,0.0,0.0,1.0
293,0.0,0.8,0.0,0.2
294,0.0,0.0,0.0,1.0
295,0.0,0.0,1.0,0.0
296,0.5,0.0,0.5,0.0
297,0.0,0.5,0.5,0.0
298,,,,
299,,,,
300,,,,
301,,,,
302,,,,
303,,,,
304,,,,
305,,,,
306,,,,
307,,,,
308,,,,
309,,,,
310,,,,
311,,,,
312,,,,
313,,,,
314,,,,
315,,,,
316,,,,
317,,,,
318,,,,
319,,,,
320,,,,
