,A,C,G,T
0,,,,
1,,,,
2,0.0,0.17647058823529413,0.5686274509803921,0.2549019607843137
3,0.6521739130434783,0.32608695652173914,0.0,0.021739130434782608
4,0.55,0.35,0.1,0.0
5,0.5,0.3125,0.0,0.1875
6,0.11392405063291139,0.0,0.8481012658227848,0.0379746835443038
7,0.0,0.02564102564102564,0.8461538461538461,0.1282051282051282
8,0.7051671732522796,0.2613981762917933,0.0,0.03343465045592705
9,0.010638297872340425,0.0,0.06382978723404255,0.925531914893617
10,0.5,0.25,0.25,0.0
11,0.28,0.24,0.0,0.48
12,0.21052631578947367,0.2631578947368421,0.0,0.5263157894736842
13,0.02127659574468085,0.2978723404255319,0.6808510638297872,0.0
14,0.1875,0.3125,0.0,0.5
15,0.0,0.8928571428571429,0.0,0.10714285714285714
16,0.0,0.75,0.0,0.25
17,0.9090909090909091,0.056818181818181816,0.0,0.03409090909090909
18,0.75,0.125,0.125,0.0
19,0.25,0.0,0.25,0.5
20,0.038461538461538464,0.09615384615384616,0.8653846153846154,0.0
21,0.3,0.4,0.0,0.3
22,0.15384615384615385,0.3076923076923077,0.0,0.5384615384615384
23,0.3,0.2,0.0,0.5
24,0.09090909090909091,0.36363636363636365,0.0,0.5454545454545454
25,0.07142857142857142,0.2857142857142857,0.0,0.6428571428571429
26,0.0,0.2608695652173913,0.6086956521739131,0.13043478260869565
27,0.26119402985074625,0.7089552238805971,0.0,0.029850746268656716
28,0.0611353711790393,0.3537117903930131,0.5851528384279476,0.0
29,0.7142857142857143,0.0,0.21428571428571427,0.07142857142857142
30,0.6176470588235294,0.29411764705882354,0.0,0.08823529411764706
31,0.027777777777777776,0.8611111111111112,0.1111111111111111,0.0
32,0.12931034482758622,0.034482758620689655,0.0,0.8362068965517241
33,0.9642857142857143,0.0,0.0,0.03571428571428571
34,0.0,0.6818181818181818,0.3181818181818182,0.0
35,0.0,0.3114754098360656,0.5136612021857924,0.17486338797814208
36,0.6842105263157895,0.0,0.3157894736842105,0.0
37,0.0,0.16666666666666666,0.75,0.08333333333333333
38,0.32558139534883723,0.5348837209302325,0.0,0.13953488372093023
39,0.3,0.0,0.4,0.3
40,0.25,0.0,0.4375,0.3125
41,0.016666666666666666,0.008333333333333333,0.975,0.0
42,0.16666666666666666,0.3333333333333333,0.0,0.5
43,0.16666666666666666,0.16666666666666666,0.0,0.6666666666666666
44,0.5555555555555556,0.1111111111111111,0.0,0.3333333333333333
45,0.4444444444444444,0.1111111111111111,0.0,0.4444444444444444
46,0.5833333333333334,0.0,0.0,0.4166666666666667
47,0.55,0.15,0.0,0.3
48,0.3333333333333333,0.3333333333333333,0.3333333333333333,0.0
49,0.0,0.0,0.2,0.8
50,0.5714285714285714,0.0,0.2857142857142857,0.14285714285714285
51,0.35294117647058826,0.0,0.17647058823529413,0.47058823529411764
52,0.5625,0.125,0.3125,0.0
53,0.6388888888888888,0.1388888888888889,0.0,0.2222222222222222
54,0.0,0.85,0.1,0.05
55,0.0,0.9090909090909091,0.0,0.09090909090909091
56,0.0,0.8571428571428571,0.07142857142857142,0.07142857142857142
57,0.7333333333333333,0.0,0.2,0.06666666666666667
58,0.05555555555555555,0.7777777777777778,0.16666666666666666,0.0
59,0.3157894736842105,0.0,0.2631578947368421,0.42105263157894735
60,0.1111111111111111,0.3888888888888889,0.5,0.0
61,0.14285714285714285,0.0,0.2857142857142857,0.5714285714285714
62,0.10606060606060606,0.0,0.07575757575757576,0.8181818181818182
63,0.0,0.0,1.0,0.0
64,0.0,0.0,0.0,1.0
65,0.0,0.9534883720930233,0.046511627906976744,0.0
66,0.5526315789473685,0.02631578947368421,0.0,0.42105263157894735
67,0.14012738853503184,0.0,0.1910828025477707,0.6687898089171974
68,0.0,0.112,0.832,0.056
69,0.6666666666666666,0.3238095238095238,0.0,0.009523809523809525
70,0.08333333333333333,0.0,0.5333333333333333,0.38333333333333336
71,0.13513513513513514,0.0,0.24324324324324326,0.6216216216216216
72,0.2,0.4,0.4,0.0
73,0.6666666666666666,0.0,0.16666666666666666,0.16666666666666666
74,0.06060606060606061,0.24242424242424243,0.696969696969697,0.0
75,0.875,0.125,0.0,0.0
76,0.375,0.4375,0.0,0.1875
77,0.0,0.2898550724637681,0.057971014492753624,0.6521739130434783
78,0.11764705882352941,0.7647058823529411,0.11764705882352941,0.0
79,0.0,0.5833333333333334,0.4166666666666667,0.0
80,0.18181818181818182,0.0,0.18181818181818182,0.6363636363636364
81,0.0,0.6585365853658537,0.1951219512195122,0.14634146341463414
82,0.299625468164794,0.0,0.550561797752809,0.149812734082397
83,0.20817843866171004,0.0,0.21933085501858737,0.5724907063197026
84,0.0,0.875,0.125,0.0
85,0.25,0.3333333333333333,0.4166666666666667,0.0
86,0.07142857142857142,0.5,0.42857142857142855,0.0
87,0.3142857142857143,0.22142857142857142,0.0,0.4642857142857143
88,0.0,0.5,0.359375,0.140625
89,0.36,0.4666666666666667,0.17333333333333334,0.0
90,0.8505747126436781,0.034482758620689655,0.0,0.11494252873563218
91,0.0,0.6666666666666666,0.08333333333333333,0.25
92,0.07079646017699115,0.8141592920353983,0.11504424778761062,0.0
93,0.05405405405405406,0.8108108108108109,0.13513513513513514,0.0
94,0.0,0.273972602739726,0.136986301369863,0.589041095890411
95,0.0273972602739726,0.7808219178082192,0.1917808219178082,0.0
96,0.5789473684210527,0.02631578947368421,0.0,0.39473684210526316
97,0.18888888888888888,0.0,0.3888888888888889,0.4222222222222222
98,0.0945945945945946,0.0,0.8378378378378378,0.06756756756756757
99,0.0,0.38095238095238093,0.07142857142857142,0.5476190476190477
100,0.3333333333333333,0.6666666666666666,0.0,0.0
101,0.2087912087912088,0.5934065934065934,0.0,0.1978021978021978
102,0.8490566037735849,0.0,0.05660377358490566,0.09433962264150944
103,0.0,0.4489795918367347,0.1836734693877551,0.3673469387755102
104,0.0392156862745098,0.0,0.17647058823529413,0.7843137254901961
105,0.0,0.2857142857142857,0.7142857142857143,0.0
106,0.0,0.2,0.0,0.8
107,0.0,0.0,0.0,1.0
108,0.25,0.0,0.0,0.75
109,0.0,1.0,0.0,0.0
110,0.3333333333333333,0.0,0.0,0.6666666666666666
111,0.25,0.0,0.25,0.5
112,0.4,0.2,0.0,0.4
113,0.2653061224489796,0.6530612244897959,0.08163265306122448,0.0
114,0.0,0.0,0.8333333333333334,0.16666666666666666
115,0.0,0.75,0.0,0.25
116,0.0,0.0967741935483871,0.8951612903225806,0.008064516129032258
117,0.3763440860215054,0.5698924731182796,0.0,0.053763440860215055
118,0.0,0.0,0.5282051282051282,0.4717948717948718
119,0.0,0.8651685393258427,0.1348314606741573,0.0
120,0.0,0.0,0.21428571428571427,0.7857142857142857
121,0.0,0.0,0.3333333333333333,0.6666666666666666
122,0.6,0.2,0.0,0.2
123,0.5,0.16666666666666666,0.0,0.3333333333333333
124,0.5454545454545454,0.0,0.0,0.45454545454545453
125,0.825,0.025,0.0,0.15
126,0.0,0.5757575757575758,0.3939393939393939,0.030303030303030304
127,0.0,0.0851063829787234,0.7446808510638298,0.1702127659574468
128,0.18181818181818182,0.36363636363636365,0.0,0.45454545454545453
129,0.45454545454545453,0.09090909090909091,0.0,0.45454545454545453
130,0.21428571428571427,0.14285714285714285,0.0,0.6428571428571429
131,0.2602739726027397,0.3150684931506849,0.4246575342465753,0.0
132,0.13043478260869565,0.0,0.43478260869565216,0.43478260869565216
133,0.045454545454545456,0.2727272727272727,0.6818181818181818,0.0
134,0.13114754098360656,0.7459016393442623,0.0,0.12295081967213115
135,0.15625,0.46875,0.0,0.375
136,0.0,0.1282051282051282,0.6666666666666666,0.20512820512820512
137,0.927536231884058,0.014492753623188406,0.0,0.057971014492753624
138,0.2222222222222222,0.0,0.7777777777777778,0.0
139,0.07692307692307693,0.05128205128205128,0.0,0.8717948717948718
140,0.34375,0.09375,0.0,0.5625
141,0.8209876543209876,0.10493827160493827,0.0,0.07407407407407407
142,0.14285714285714285,0.21428571428571427,0.6428571428571429,0.0
143,0.20588235294117646,0.0,0.4117647058823529,0.38235294117647056
144,0.019230769230769232,0.019230769230769232,0.9615384615384616,0.0
145,0.16071428571428573,0.0,0.6607142857142857,0.17857142857142858
146,0.03389830508474576,0.576271186440678,0.3898305084745763,0.0
147,0.12195121951219512,0.0,0.5365853658536586,0.34146341463414637
148,0.06976744186046512,0.27906976744186046,0.6511627906976745,0.0
149,0.475,0.33125,0.19375,0.0
150,0.0,0.3,0.6,0.1
151,0.11764705882352941,0.058823529411764705,0.8235294117647058,0.0
152,0.18032786885245902,0.5081967213114754,0.3114754098360656,0.0
153,0.0,0.1523809523809524,0.26666666666666666,0.580952380952381
154,0.4253731343283582,0.5485074626865671,0.0,0.026119402985074626
155,0.11475409836065574,0.639344262295082,0.2459016393442623,0.0
156,0.4883720930232558,0.20930232558139536,0.3023255813953488,0.0
157,0.2753623188405797,0.5217391304347826,0.0,0.2028985507246377
158,0.2222222222222222,0.2222222222222222,0.0,0.5555555555555556
159,0.7307692307692307,0.1282051282051282,0.0,0.14102564102564102
160,0.0,0.5,0.45454545454545453,0.045454545454545456
161,0.5129310344827587,0.4267241379310345,0.0603448275862069,0.0
162,0.7777777777777778,0.06666666666666667,0.0,0.15555555555555556
163,0.2564102564102564,0.6153846153846154,0.0,0.1282051282051282
164,0.4934210526315789,0.3618421052631579,0.14473684210526316,0.0
165,0.6031746031746031,0.27936507936507937,0.0,0.11746031746031746
166,0.4090909090909091,0.4837662337662338,0.0,0.10714285714285714
167,0.13245033112582782,0.7417218543046358,0.12582781456953643,0.0
168,0.0,0.14814814814814814,0.6172839506172839,0.2345679012345679
169,0.2973523421588595,0.4317718940936864,0.0,0.2708757637474542
170,0.09157509157509157,0.0,0.3882783882783883,0.5201465201465202
171,0.0,0.3103448275862069,0.5467980295566502,0.14285714285714285
172,0.30303030303030304,0.0,0.24242424242424243,0.45454545454545453
173,0.0,0.0,0.36538461538461536,0.6346153846153846
174,0.33840304182509506,0.23954372623574144,0.4220532319391635,0.0
175,0.0,0.5542857142857143,0.022857142857142857,0.4228571428571429
176,0.04827586206896552,0.0,0.06206896551724138,0.8896551724137931
177,0.043478260869565216,0.30434782608695654,0.6521739130434783,0.0
178,0.0,0.6818181818181818,0.13636363636363635,0.18181818181818182
179,0.00847457627118644,0.940677966101695,0.05084745762711865,0.0
180,0.543859649122807,0.07017543859649122,0.0,0.38596491228070173
181,0.08450704225352113,0.0,0.6619718309859155,0.2535211267605634
182,0.0,0.1506849315068493,0.6301369863013698,0.2191780821917808
183,0.23076923076923078,0.6153846153846154,0.0,0.15384615384615385
184,0.0,0.42105263157894735,0.34210526315789475,0.23684210526315788
185,0.15873015873015872,0.0,0.5873015873015873,0.25396825396825395
186,0.3103448275862069,0.0,0.6896551724137931,0.0
187,0.4444444444444444,0.0,0.2222222222222222,0.3333333333333333
188,0.1111111111111111,0.48148148148148145,0.4074074074074074,0.0
189,0.09375,0.1875,0.0,0.71875
190,0.06666666666666667,0.6,0.3333333333333333,0.0
191,0.10810810810810811,0.6216216216216216,0.0,0.2702702702702703
192,0.0,0.38596491228070173,0.5789473684210527,0.03508771929824561
193,0.0,0.027972027972027972,0.9370629370629371,0.03496503496503497
194,0.2916666666666667,0.3333333333333333,0.0,0.375
195,0.42857142857142855,0.17142857142857143,0.0,0.4
196,0.25,0.16666666666666666,0.0,0.5833333333333334
197,0.019417475728155338,0.9223300970873787,0.05825242718446602,0.0
198,0.5714285714285714,0.0,0.23809523809523808,0.19047619047619047
199,0.16666666666666666,0.0,0.0,0.8333333333333334
200,0.0,0.5882352941176471,0.22058823529411764,0.19117647058823528
201,0.25,0.05,0.7,0.0
202,0.0,0.375,0.625,0.0
203,0.4375,0.0,0.0625,0.5
204,0.0,0.08333333333333333,0.4444444444444444,0.4722222222222222
205,0.21794871794871795,0.0,0.23076923076923078,0.5512820512820513
206,0.45454545454545453,0.0,0.36363636363636365,0.18181818181818182
207,0.0,0.07142857142857142,0.9142857142857143,0.014285714285714285
208,0.2,0.3,0.5,0.0
209,0.25925925925925924,0.0,0.037037037037037035,0.7037037037037037
210,0.25,0.08333333333333333,0.6666666666666666,0.0
211,0.7333333333333333,0.0,0.13333333333333333,0.13333333333333333
212,0.4166666666666667,0.0,0.0,0.5833333333333334
213,0.0,0.5789473684210527,0.3684210526315789,0.05263157894736842
214,0.375,0.375,0.0,0.25
215,0.0,0.11904761904761904,0.8214285714285714,0.05952380952380952
216,0.2,0.1,0.0,0.7
217,0.0,0.3333333333333333,0.5555555555555556,0.1111111111111111
218,0.7222222222222222,0.0,0.05555555555555555,0.2222222222222222
219,0.0,0.05555555555555555,0.8888888888888888,0.05555555555555555
220,0.0,0.125,0.625,0.25
221,0.031578947368421054,0.0,0.042105263157894736,0.9263157894736842
222,0.0,0.1968503937007874,0.5984251968503937,0.2047244094488189
223,0.6416184971098265,0.3179190751445087,0.0,0.04046242774566474
224,0.06451612903225806,0.0,0.3548387096774194,0.5806451612903226
225,0.0,0.5,0.4846153846153846,0.015384615384615385
226,0.0,0.05263157894736842,0.9097744360902256,0.03759398496240601
227,0.0,0.2564102564102564,0.6538461538461539,0.08974358974358974
228,0.0,0.2702702702702703,0.5945945945945946,0.13513513513513514
229,0.0,0.16129032258064516,0.7580645161290323,0.08064516129032258
230,0.03225806451612903,0.0,0.3978494623655914,0.5698924731182796
231,0.2903225806451613,0.25806451612903225,0.45161290322580644,0.0
232,0.17857142857142858,0.0,0.10714285714285714,0.7142857142857143
233,0.39215686274509803,0.0,0.09803921568627451,0.5098039215686274
234,0.07692307692307693,0.0,0.6730769230769231,0.25
235,0.0,0.2222222222222222,0.7777777777777778,0.0
236,0.7786885245901639,0.18442622950819673,0.0,0.036885245901639344
237,0.0,0.42857142857142855,0.5714285714285714,0.0
238,0.0,0.36363636363636365,0.017045454545454544,0.6193181818181818
239,0.06666666666666667,0.5666666666666667,0.36666666666666664,0.0
240,0.06,0.0,0.06,0.88
241,0.2,0.2,0.6,0.0
242,0.2777777777777778,0.5925925925925926,0.0,0.12962962962962962
243,0.2222222222222222,0.0,0.6666666666666666,0.1111111111111111
244,0.0,0.23076923076923078,0.15384615384615385,0.6153846153846154
245,0.0,0.2222222222222222,0.6944444444444444,0.08333333333333333
246,0.0,0.5454545454545454,0.13636363636363635,0.3181818181818182
247,0.26666666666666666,0.06666666666666667,0.6666666666666666,0.0
248,0.07142857142857142,0.2857142857142857,0.0,0.6428571428571429
249,0.0,0.055865921787709494,0.9329608938547486,0.0111731843575419
250,0.0,0.5,0.47115384615384615,0.028846153846153848
251,0.02702702702702703,0.0,0.2702702702702703,0.7027027027027027
252,0.0,0.18181818181818182,0.8181818181818182,0.0
253,0.64,0.16,0.0,0.2
254,0.05,0.7,0.25,0.0
255,0.42857142857142855,0.0,0.0,0.5714285714285714
256,0.0,0.16666666666666666,0.8333333333333334,0.0
257,0.24074074074074073,0.6851851851851852,0.0,0.07407407407407407
258,0.0,0.4,0.58,0.02
259,0.6271186440677966,0.3220338983050847,0.0,0.05084745762711865
260,0.0,0.4423076923076923,0.46153846153846156,0.09615384615384616
261,0.2571428571428571,0.7114285714285714,0.0,0.03142857142857143
262,0.2835249042145594,0.0,0.09195402298850575,0.6245210727969349
263,0.047619047619047616,0.49206349206349204,0.4603174603174603,0.0
264,0.0,0.375,0.0,0.625
265,0.0,0.19444444444444445,0.75,0.05555555555555555
266,0.30916030534351147,0.4198473282442748,0.0,0.27099236641221375
267,0.125,0.25,0.0,0.625
268,0.0,0.3333333333333333,0.5,0.16666666666666666
269,0.3076923076923077,0.0,0.07692307692307693,0.6153846153846154
270,0.0,0.010638297872340425,0.0851063829787234,0.9042553191489362
271,0.638095238095238,0.0,0.3619047619047619,0.0
272,0.0784313725490196,0.0,0.3137254901960784,0.6078431372549019
273,0.6666666666666666,0.3333333333333333,0.0,0.0
274,0.0547945205479452,0.0,0.9452054794520548,0.0
275,0.3125,0.0,0.0,0.6875
276,0.043689320388349516,0.4320388349514563,0.5242718446601942,0.0
277,0.16666666666666666,0.25,0.5833333333333334,0.0
278,0.35177865612648224,0.4901185770750988,0.0,0.15810276679841898
279,0.0,0.0,1.0,0.0
280,0.0,0.2222222222222222,0.2222222222222222,0.5555555555555556
281,0.008771929824561403,0.9736842105263158,0.017543859649122806,0.0
282,0.07142857142857142,0.5,0.42857142857142855,0.0
283,0.0,0.0,0.025,0.975
284,0.012658227848101266,0.0,0.0189873417721519,0.9683544303797469
285,0.2,0.4666666666666667,0.3333333333333333,0.0
286,0.38461538461538464,0.0,0.0,0.6153846153846154
287,0.0,0.7906976744186046,0.20930232558139536,0.0
288,0.6382978723404256,0.02127659574468085,0.0,0.3404255319148936
289,0.028037383177570093,0.0,0.21495327102803738,0.7570093457943925
290,0.0,0.0375,0.8125,0.15
291,0.0,0.5714285714285714,0.42857142857142855,0.0
292,0.0,0.041666666666666664,0.9083333333333333,0.05
293,0.0,0.0,1.0,0.0
294,0.7037037037037037,0.18518518518518517,0.0,0.1111111111111111
295,0.0,0.2,0.6,0.2
296,0.15384615384615385,0.6153846153846154,0.23076923076923078,0.0
297,0.0,0.25,0.25,0.5
298,0.8666666666666667,0.0,0.13333333333333333,0.0
299,0.0,0.5,0.5,0.0
300,,,,
301,,,,
302,,,,
303,,,,
304,,,,
305,,,,
306,,,,
307,,,,
308,,,,
309,,,,
310,,,,
311,,,,
312,,,,
313,,,,
314,,,,
315,,,,
316,,,,
317,,,,
