,A,C,G,T
0,,,,
1,,,,
2,,,,
3,1.0,0.0,0.0,0.0
4,,,,
5,1.0,0.0,0.0,0.0
6,,,,
7,0.0,0.0,1.0,0.0
8,0.3333333333333333,0.6666666666666666,0.0,0.0
9,0.0,0.0,0.0,1.0
10,,,,
11,,,,
12,0.0,0.0,0.0,1.0
13,,,,
14,,,,
15,0.0,1.0,0.0,0.0
16,,,,
17,1.0,0.0,0.0,0.0
18,,,,
19,,,,
20,,,,
21,,,,
22,0.0,0.0,0.0,1.0
23,,,,
24,,,,
25,,,,
26,,,,
27,0.0,0.0,0.0,1.0
28,,,,
29,,,,
30,0.0,1.0,0.0,0.0
31,,,,
32,,,,
33,,,,
34,,,,
35,0.0,0.5,0.5,0.0
36,1.0,0.0,0.0,0.0
37,,,,
38,,,,
39,,,,
40,,,,
41,0.0,0.0,1.0,0.0
42,,,,
43,0.0,0.0,0.0,1.0
44,0.0,1.0,0.0,0.0
45,,,,
46,,,,
47,,,,
48,,,,
49,,,,
50,1.0,0.0,0.0,0.0
51,,,,
52,,,,
53,0.0,0.0,0.0,1.0
54,0.0,1.0,0.0,0.0
55,,,,
56,,,,
57,0.0,0.0,1.0,0.0
58,,,,
59,,,,
60,0.0,1.0,0.0,0.0
61,,,,
62,,,,
63,,,,
64,,,,
65,,,,
66,,,,
67,1.0,0.0,0.0,0.0
68,0.0,0.0,1.0,0.0
69,,,,
70,0.0,0.0,0.0,1.0
71,,,,
72,0.0,1.0,0.0,0.0
73,,,,
74,0.0,1.0,0.0,0.0
75,,,,
76,,,,
77,0.0,1.0,0.0,0.0
78,,,,
79,,,,
80,,,,
81,0.0,1.0,0.0,0.0
82,0.0,0.0,0.0,1.0
83,0.0,0.0,0.3333333333333333,0.6666666666666666
84,0.0,1.0,0.0,0.0
85,,,,
86,0.0,0.0,0.0,1.0
87,0.0,0.5,0.0,0.5
88,1.0,0.0,0.0,0.0
89,0.0,1.0,0.0,0.0
90,0.7777777777777778,0.0,0.2222222222222222,0.0
91,0.0,0.5,0.5,0.0
92,,,,
93,0.0,1.0,0.0,0.0
94,0.0,1.0,0.0,0.0
95,0.0,0.0,0.0,1.0
96,0.0,0.5,0.5,0.0
97,0.0,0.2,0.0,0.8
98,1.0,0.0,0.0,0.0
99,,,,
100,,,,
101,0.25,0.75,0.0,0.0
102,0.0,0.5,0.5,0.0
103,0.6666666666666666,0.3333333333333333,0.0,0.0
104,,,,
105,0.0,0.0,0.0,1.0
106,,,,
107,,,,
108,1.0,0.0,0.0,0.0
109,0.0,1.0,0.0,0.0
110,0.0,0.0,1.0,0.0
111,1.0,0.0,0.0,0.0
112,,,,
113,,,,
114,,,,
115,0.0,0.0,0.0,1.0
116,,,,
117,0.0,1.0,0.0,0.0
118,0.0,0.0,1.0,0.0
119,0.0,1.0,0.0,0.0
120,,,,
121,,,,
122,1.0,0.0,0.0,0.0
123,,,,
124,0.0,1.0,0.0,0.0
125,0.5,0.5,0.0,0.0
126,0.0,0.0,1.0,0.0
127,0.0,0.0,1.0,0.0
128,,,,
129,0.0,1.0,0.0,0.0
130,0.0,0.0,0.0,1.0
131,0.0,1.0,0.0,0.0
132,,,,
133,0.0,0.5,0.5,0.0
134,0.0,0.0,0.0,1.0
135,,,,
136,,,,
137,0.0,0.0,1.0,0.0
138,0.0,0.0,1.0,0.0
139,,,,
140,0.0,0.0,0.0,1.0
141,,,,
142,0.0,1.0,0.0,0.0
143,0.0,0.25,0.25,0.5
144,0.3333333333333333,0.3333333333333333,0.0,0.3333333333333333
145,0.25,0.5,0.0,0.25
146,0.5,0.0,0.5,0.0
147,0.0,0.3333333333333333,0.6666666666666666,0.0
148,0.5,0.0,0.5,0.0
149,0.0,0.0,1.0,0.0
150,0.0,0.0,0.75,0.25
151,0.3333333333333333,0.3333333333333333,0.3333333333333333,0.0
152,1.0,0.0,0.0,0.0
153,0.0,0.0,0.0,1.0
154,0.0,1.0,0.0,0.0
155,0.0,0.0,0.0,1.0
156,0.0,0.0,0.0,1.0
157,0.0,0.0,0.6,0.4
158,0.2,0.0,0.2,0.6
159,0.0,0.6666666666666666,0.3333333333333333,0.0
160,0.0,0.0,0.8571428571428571,0.14285714285714285
161,0.0,0.0,0.0,1.0
162,0.16666666666666666,0.3333333333333333,0.0,0.5
163,0.0,0.0,1.0,0.0
164,0.0,0.0,1.0,0.0
165,0.0,0.5,0.0,0.5
166,0.0,0.0,1.0,0.0
167,1.0,0.0,0.0,0.0
168,1.0,0.0,0.0,0.0
169,0.0,1.0,0.0,0.0
170,1.0,0.0,0.0,0.0
171,,,,
172,0.0,0.0,0.0,1.0
173,0.0,0.0,0.0,1.0
174,,,,
175,0.3333333333333333,0.0,0.3333333333333333,0.3333333333333333
176,0.0,0.5,0.5,0.0
177,0.0,0.3333333333333333,0.6666666666666666,0.0
178,1.0,0.0,0.0,0.0
179,,,,
180,0.0,0.0,0.0,1.0
181,0.0,0.6666666666666666,0.0,0.3333333333333333
182,0.0,1.0,0.0,0.0
183,,,,
184,,,,
185,0.0,0.8571428571428571,0.0,0.14285714285714285
186,0.0,0.3333333333333333,0.6666666666666666,0.0
187,1.0,0.0,0.0,0.0
188,0.2,0.0,0.2,0.6
189,0.0,0.14285714285714285,0.8571428571428571,0.0
190,1.0,0.0,0.0,0.0
191,0.75,0.25,0.0,0.0
192,0.0,1.0,0.0,0.0
193,,,,
194,0.0,1.0,0.0,0.0
195,1.0,0.0,0.0,0.0
196,,,,
197,,,,
198,,,,
199,,,,
200,0.0,0.0,1.0,0.0
201,,,,
202,,,,
203,,,,
204,0.0,1.0,0.0,0.0
205,0.0,1.0,0.0,0.0
206,,,,
207,0.0,0.0,1.0,0.0
208,,,,
209,,,,
210,,,,
211,0.0,0.0,0.2,0.8
212,0.0,0.875,0.0,0.125
213,,,,
214,0.0,0.5,0.5,0.0
215,,,,
216,,,,
217,,,,
218,0.0,1.0,0.0,0.0
219,,,,
220,,,,
221,0.0,0.0,1.0,0.0
222,,,,
223,,,,
224,0.0,1.0,0.0,0.0
225,1.0,0.0,0.0,0.0
226,,,,
227,,,,
228,0.0,0.0,1.0,0.0
229,,,,
230,1.0,0.0,0.0,0.0
231,0.0,0.0,1.0,0.0
232,,,,
233,0.0,0.3333333333333333,0.6666666666666666,0.0
234,,,,
235,1.0,0.0,0.0,0.0
236,0.3333333333333333,0.0,0.6666666666666666,0.0
237,0.0,0.0,1.0,0.0
238,,,,
239,0.0,0.0,0.3333333333333333,0.6666666666666666
240,0.0,0.0,0.8333333333333334,0.16666666666666666
241,0.0,0.0,0.0,1.0
242,0.0,0.0,0.7142857142857143,0.2857142857142857
243,1.0,0.0,0.0,0.0
244,0.0,0.0,0.6666666666666666,0.3333333333333333
245,0.0,0.0,1.0,0.0
246,,,,
247,,,,
248,,,,
249,1.0,0.0,0.0,0.0
250,,,,
251,0.0,0.25,0.75,0.0
252,0.0,0.0,0.0,1.0
253,,,,
254,,,,
255,0.0,0.0,1.0,0.0
256,0.0,0.0,0.75,0.25
257,0.0,1.0,0.0,0.0
258,,,,
259,,,,
260,0.0,0.0,0.0,1.0
261,,,,
262,0.0,0.0,1.0,0.0
263,,,,
264,,,,
265,0.0,0.0,1.0,0.0
266,0.0,1.0,0.0,0.0
267,0.0,0.0,1.0,0.0
268,0.0,0.0,1.0,0.0
269,,,,
270,,,,
271,0.0,0.0,1.0,0.0
272,0.0,1.0,0.0,0.0
273,,,,
274,,,,
275,1.0,0.0,0.0,0.0
276,,,,
277,,,,
278,1.0,0.0,0.0,0.0
279,,,,
280,,,,
281,0.0,0.0,0.0,1.0
282,1.0,0.0,0.0,0.0
283,0.0,1.0,0.0,0.0
284,0.42857142857142855,0.0,0.0,0.5714285714285714
285,1.0,0.0,0.0,0.0
286,,,,
287,1.0,0.0,0.0,0.0
288,,,,
289,0.0,1.0,0.0,0.0
290,0.0,0.0,0.0,1.0
291,0.0,0.0,1.0,0.0
292,,,,
293,,,,
294,0.2857142857142857,0.14285714285714285,0.5714285714285714,0.0
295,,,,
296,,,,
297,,,,
298,,,,
299,0.0,0.0,1.0,0.0
300,,,,
301,,,,
302,0.0,1.0,0.0,0.0
303,,,,
304,,,,
305,,,,
306,,,,
307,,,,
308,,,,
309,,,,
310,,,,
311,,,,
312,,,,
313,,,,
314,,,,
315,,,,
316,,,,
317,,,,
318,,,,
319,,,,
320,,,,
321,,,,
