,A,C,G,T
0,,,,
1,,,,
2,0.625,0.125,0.0,0.25
3,0.7777777777777778,0.1111111111111111,0.0,0.1111111111111111
4,0.4444444444444444,0.5555555555555556,0.0,0.0
5,0.2,0.0,0.8,0.0
6,0.0,0.14285714285714285,0.6428571428571429,0.21428571428571427
7,0.0,0.0,0.9444444444444444,0.05555555555555555
8,0.0625,0.0,0.5,0.4375
9,0.0,0.8367346938775511,0.16326530612244897,0.0
10,1.0,0.0,0.0,0.0
11,0.3333333333333333,0.16666666666666666,0.0,0.5
12,0.0,0.24193548387096775,0.7580645161290323,0.0
13,0.12987012987012986,0.8441558441558441,0.0,0.025974025974025976
14,0.7692307692307693,0.038461538461538464,0.0,0.19230769230769232
15,0.0,0.5,0.0,0.5
16,0.0,1.0,0.0,0.0
17,0.9836065573770492,0.0,0.0,0.01639344262295082
18,0.8,0.2,0.0,0.0
19,0.0,0.0,1.0,0.0
20,0.0,1.0,0.0,0.0
21,0.5714285714285714,0.0,0.0,0.42857142857142855
22,0.0,0.0,0.0,1.0
23,0.1774193548387097,0.7258064516129032,0.0967741935483871,0.0
24,0.5,0.0,0.25,0.25
25,0.5,0.0,0.0,0.5
26,0.3125,0.4791666666666667,0.20833333333333334,0.0
27,0.0,0.0,0.0,1.0
28,0.14285714285714285,0.0,0.5714285714285714,0.2857142857142857
29,0.1875,0.375,0.0,0.4375
30,0.043478260869565216,0.0,0.9565217391304348,0.0
31,0.75,0.0,0.25,0.0
32,0.631578947368421,0.10526315789473684,0.0,0.2631578947368421
33,0.0,0.95,0.0,0.05
34,0.0,0.5,0.5,0.0
35,0.6693548387096774,0.056451612903225805,0.0,0.27419354838709675
36,0.0,0.47619047619047616,0.5238095238095238,0.0
37,0.0,0.05917159763313609,0.9349112426035503,0.005917159763313609
38,0.0,0.03816793893129771,0.9465648854961832,0.015267175572519083
39,0.38461538461538464,0.0,0.46153846153846156,0.15384615384615385
40,0.1,0.0,0.4,0.5
41,0.2,0.0,0.8,0.0
42,0.0,0.0,0.75,0.25
43,0.16417910447761194,0.0,0.8059701492537313,0.029850746268656716
44,0.0,0.25609756097560976,0.1951219512195122,0.5487804878048781
45,0.03571428571428571,0.0,0.9285714285714286,0.03571428571428571
46,0.0,0.38461538461538464,0.6153846153846154,0.0
47,0.4,0.4,0.0,0.2
48,0.0,0.3333333333333333,0.4666666666666667,0.2
49,0.3684210526315789,0.0,0.631578947368421,0.0
50,0.4418604651162791,0.0,0.13953488372093023,0.4186046511627907
51,0.0967741935483871,0.0,0.8064516129032258,0.0967741935483871
52,0.1,0.5,0.4,0.0
53,0.017543859649122806,0.0,0.9473684210526315,0.03508771929824561
54,0.0,0.5555555555555556,0.3333333333333333,0.1111111111111111
55,0.07142857142857142,0.0,0.7857142857142857,0.14285714285714285
56,0.0,0.12790697674418605,0.47674418604651164,0.3953488372093023
57,0.0,0.0,0.15151515151515152,0.8484848484848485
58,0.5,0.5,0.0,0.0
59,0.07692307692307693,0.46153846153846156,0.0,0.46153846153846156
60,0.0,0.36363636363636365,0.6363636363636364,0.0
61,0.16666666666666666,0.0,0.5,0.3333333333333333
62,0.26229508196721313,0.0,0.3442622950819672,0.39344262295081966
63,0.3333333333333333,0.6666666666666666,0.0,0.0
64,0.14285714285714285,0.14285714285714285,0.0,0.7142857142857143
65,0.02857142857142857,0.0,0.02857142857142857,0.9428571428571428
66,0.0,0.11320754716981132,0.10377358490566038,0.7830188679245284
67,0.5211267605633803,0.0,0.4084507042253521,0.07042253521126761
68,0.06896551724137931,0.0,0.7126436781609196,0.21839080459770116
69,0.08849557522123894,0.23008849557522124,0.6814159292035398,0.0
70,0.6363636363636364,0.18181818181818182,0.18181818181818182,0.0
71,0.0425531914893617,0.0,0.2553191489361702,0.7021276595744681
72,0.5128205128205128,0.28205128205128205,0.20512820512820512,0.0
73,0.0,0.0,0.0,1.0
74,0.0,0.9215686274509803,0.0784313725490196,0.0
75,0.6,0.2,0.0,0.2
76,0.3,0.1,0.0,0.6
77,0.2932692307692308,0.12740384615384615,0.0,0.5793269230769231
78,0.12,0.64,0.24,0.0
79,0.0,0.8461538461538461,0.15384615384615385,0.0
80,0.075,0.0,0.4,0.525
81,0.16666666666666666,0.3333333333333333,0.5,0.0
82,0.5,0.0,0.08333333333333333,0.4166666666666667
83,0.0,0.11560693641618497,0.8728323699421965,0.011560693641618497
84,0.4716981132075472,0.0,0.2641509433962264,0.2641509433962264
85,0.07692307692307693,0.6153846153846154,0.3076923076923077,0.0
86,0.0,0.0,0.3235294117647059,0.6764705882352942
87,0.0,0.14754098360655737,0.45901639344262296,0.39344262295081966
88,0.35443037974683544,0.6392405063291139,0.0,0.006329113924050633
89,0.06349206349206349,0.0,0.164021164021164,0.7724867724867724
90,0.0,0.10810810810810811,0.34459459459459457,0.5472972972972973
91,0.14285714285714285,0.0,0.8095238095238095,0.047619047619047616
92,0.47183098591549294,0.28169014084507044,0.24647887323943662,0.0
93,0.0,0.6361974405850092,0.31444241316270566,0.04936014625228519
94,0.4918918918918919,0.46216216216216216,0.0,0.04594594594594595
95,0.15079365079365079,0.6984126984126984,0.15079365079365079,0.0
96,0.3157894736842105,0.24561403508771928,0.0,0.43859649122807015
97,0.7202797202797203,0.25874125874125875,0.0,0.02097902097902098
98,0.0,0.15625,0.7395833333333334,0.10416666666666667
99,0.0,0.43558282208588955,0.5337423312883436,0.03067484662576687
100,0.7,0.3,0.0,0.0
101,0.25,0.5,0.0,0.25
102,0.16666666666666666,0.375,0.4583333333333333,0.0
103,0.0759493670886076,0.8987341772151899,0.0,0.02531645569620253
104,0.09090909090909091,0.6363636363636364,0.2727272727272727,0.0
105,0.71875,0.15625,0.0,0.125
106,0.0,0.75,0.25,0.0
107,0.20833333333333334,0.38095238095238093,0.0,0.4107142857142857
108,0.0,0.022364217252396165,0.9105431309904153,0.0670926517571885
109,0.25069637883008355,0.6016713091922006,0.0,0.14763231197771587
110,0.043478260869565216,0.0,0.018115942028985508,0.9384057971014492
111,,,,
112,0.0,1.0,0.0,0.0
113,0.0,1.0,0.0,0.0
114,0.0,0.26356589147286824,0.5193798449612403,0.21705426356589147
115,0.0,0.0,1.0,0.0
116,0.018867924528301886,0.0,0.3584905660377358,0.6226415094339622
117,0.5,0.0,0.0,0.5
118,0.25,0.25,0.0,0.5
119,0.0,0.8627450980392157,0.13725490196078433,0.0
120,0.6,0.0,0.0,0.4
121,0.0,0.23076923076923078,0.15384615384615385,0.6153846153846154
122,0.5,0.16666666666666666,0.0,0.3333333333333333
123,0.08536585365853659,0.0,0.17682926829268292,0.7378048780487805
124,0.0,0.0,0.0,1.0
125,0.0,0.0,0.0,1.0
126,0.0,0.0,0.14285714285714285,0.8571428571428571
127,0.75,0.0,0.0,0.25
128,0.0,0.8028169014084507,0.16901408450704225,0.028169014084507043
129,0.14285714285714285,0.7142857142857143,0.0,0.14285714285714285
130,0.0,0.0,0.0,1.0
131,0.5,0.0,0.0,0.5
132,0.0,0.2222222222222222,0.7777777777777778,0.0
133,0.0,0.15,0.85,0.0
134,0.5,0.0,0.0,0.5
135,0.42105263157894735,0.5263157894736842,0.0,0.05263157894736842
136,0.0,0.0,0.9285714285714286,0.07142857142857142
137,0.0,0.0,0.0,1.0
138,0.3333333333333333,0.0,0.16666666666666666,0.5
139,0.0,0.9857142857142858,0.014285714285714285,0.0
140,0.4642857142857143,0.20238095238095238,0.0,0.3333333333333333
141,0.125,0.8125,0.0,0.0625
142,0.0,0.8571428571428571,0.0,0.14285714285714285
143,0.9919354838709677,0.008064516129032258,0.0,0.0
144,0.5,0.0,0.5,0.0
145,0.75,0.0,0.0,0.25
146,0.11764705882352941,0.8823529411764706,0.0,0.0
147,0.0,0.0,0.6,0.4
148,0.0,1.0,0.0,0.0
149,0.0,0.5263157894736842,0.47368421052631576,0.0
150,0.6,0.0,0.0,0.4
151,0.02631578947368421,0.0,0.9736842105263158,0.0
152,0.0,0.23853211009174313,0.5045871559633027,0.25688073394495414
153,0.2727272727272727,0.0,0.4,0.32727272727272727
154,0.08333333333333333,0.03666666666666667,0.88,0.0
155,0.12903225806451613,0.0,0.7096774193548387,0.16129032258064516
156,0.0,0.48936170212765956,0.48936170212765956,0.02127659574468085
157,0.0,0.0,1.0,0.0
158,0.12631578947368421,0.8421052631578947,0.031578947368421054,0.0
159,0.7444444444444445,0.17777777777777778,0.0,0.07777777777777778
160,0.0,0.9836065573770492,0.01639344262295082,0.0
161,0.03076923076923077,0.7076923076923077,0.26153846153846155,0.0
162,0.0,0.1,0.9,0.0
163,0.034482758620689655,0.8275862068965517,0.0,0.13793103448275862
164,0.375,0.125,0.0,0.5
165,0.8314606741573034,0.14606741573033707,0.0,0.02247191011235955
166,0.0,0.3235294117647059,0.6470588235294118,0.029411764705882353
167,0.2585034013605442,0.16326530612244897,0.5782312925170068,0.0
168,0.7924528301886793,0.0,0.0,0.20754716981132076
169,0.0,0.011029411764705883,0.9889705882352942,0.0
170,0.3,0.6777777777777778,0.022222222222222223,0.0
171,0.6530612244897959,0.09183673469387756,0.0,0.25510204081632654
172,0.0,0.64,0.3,0.06
173,0.14960629921259844,0.562992125984252,0.2874015748031496,0.0
174,0.0,0.8471760797342193,0.14285714285714285,0.009966777408637873
175,0.0,0.8655913978494624,0.06451612903225806,0.06989247311827956
176,0.0,0.04132231404958678,0.9504132231404959,0.008264462809917356
177,0.16149068322981366,0.7577639751552795,0.08074534161490683,0.0
178,0.0,0.24431818181818182,0.07954545454545454,0.6761363636363636
179,0.0916030534351145,0.0,0.05725190839694656,0.851145038167939
180,0.09090909090909091,0.2727272727272727,0.6363636363636364,0.0
181,0.0,0.07142857142857142,0.03571428571428571,0.8928571428571429
182,0.015151515151515152,0.0,0.0,0.9848484848484849
183,0.0,0.48484848484848486,0.5151515151515151,0.0
184,0.7293868921775899,0.24735729386892177,0.0,0.023255813953488372
185,0.2361111111111111,0.0,0.36904761904761907,0.3948412698412698
186,0.0,0.4637096774193548,0.4798387096774194,0.056451612903225805
187,0.7831325301204819,0.0,0.1746987951807229,0.04216867469879518
188,0.0,0.25,0.5108695652173914,0.2391304347826087
189,0.3469387755102041,0.0,0.6530612244897959,0.0
190,0.09375,0.0,0.28125,0.625
191,0.07894736842105263,0.23684210526315788,0.6842105263157895,0.0
192,0.13333333333333333,0.0,0.4,0.4666666666666667
193,0.1875,0.125,0.6875,0.0
194,0.5666666666666667,0.15,0.0,0.2833333333333333
195,0.0,0.4406779661016949,0.423728813559322,0.13559322033898305
196,0.0,0.10227272727272728,0.7159090909090909,0.18181818181818182
197,0.5,0.4375,0.0,0.0625
198,0.0,0.22,0.64,0.14
199,0.6046511627906976,0.0,0.3953488372093023,0.0
200,0.04395604395604396,0.0,0.6923076923076923,0.26373626373626374
201,0.0,0.8666666666666667,0.1111111111111111,0.022222222222222223
202,0.18181818181818182,0.45454545454545453,0.0,0.36363636363636365
203,0.956989247311828,0.03225806451612903,0.0,0.010752688172043012
204,0.3055555555555556,0.0,0.625,0.06944444444444445
205,0.11764705882352941,0.47058823529411764,0.4117647058823529,0.0
206,0.3,0.0,0.26666666666666666,0.43333333333333335
207,0.0,0.006920415224913495,0.2629757785467128,0.7301038062283737
208,0.1527777777777778,0.0,0.7638888888888888,0.08333333333333333
209,0.08163265306122448,0.0,0.02040816326530612,0.8979591836734694
210,0.0,0.21153846153846154,0.7788461538461539,0.009615384615384616
211,0.05660377358490566,0.7169811320754716,0.22641509433962265,0.0
212,0.4444444444444444,0.0,0.16666666666666666,0.3888888888888889
213,0.3148148148148148,0.3148148148148148,0.37037037037037035,0.0
214,0.24719101123595505,0.0,0.033707865168539325,0.7191011235955056
215,0.22580645161290322,0.0,0.5806451612903226,0.1935483870967742
216,0.0,0.2222222222222222,0.5555555555555556,0.2222222222222222
217,0.0,0.012195121951219513,0.43597560975609756,0.551829268292683
218,0.7142857142857143,0.21428571428571427,0.0,0.07142857142857142
219,0.2222222222222222,0.3333333333333333,0.0,0.4444444444444444
220,0.0,0.07407407407407407,0.8518518518518519,0.07407407407407407
221,0.3448275862068966,0.0,0.6206896551724138,0.034482758620689655
222,0.0,0.21739130434782608,0.5507246376811594,0.2318840579710145
223,0.34782608695652173,0.0,0.34782608695652173,0.30434782608695654
224,0.045180722891566265,0.0,0.8373493975903614,0.11746987951807229
225,0.3,0.13333333333333333,0.5666666666666667,0.0
226,0.55,0.0,0.05,0.4
227,0.14285714285714285,0.0,0.673469387755102,0.1836734693877551
228,0.0,0.19090909090909092,0.8,0.00909090909090909
229,0.0,0.17757009345794392,0.794392523364486,0.028037383177570093
230,0.0,0.05474452554744526,0.9343065693430657,0.010948905109489052
231,0.0,0.055944055944055944,0.9300699300699301,0.013986013986013986
232,0.0,0.2465753424657534,0.7534246575342466,0.0
233,0.024844720496894408,0.0,0.049689440993788817,0.9254658385093167
234,0.5114503816793893,0.0,0.46564885496183206,0.022900763358778626
235,0.0,0.23529411764705882,0.47058823529411764,0.29411764705882354
236,0.4594594594594595,0.2972972972972973,0.0,0.24324324324324326
237,0.3076923076923077,0.15384615384615385,0.0,0.5384615384615384
238,0.0,0.0,1.0,0.0
239,0.31666666666666665,0.10833333333333334,0.0,0.575
240,0.1746031746031746,0.047619047619047616,0.0,0.7777777777777778
241,0.0,0.26666666666666666,0.7333333333333333,0.0
242,0.2,0.0,0.1,0.7
243,0.12121212121212122,0.0,0.06060606060606061,0.8181818181818182
244,0.2,0.1,0.7,0.0
245,0.24745762711864408,0.3423728813559322,0.4101694915254237,0.0
246,0.0,0.018518518518518517,0.06944444444444445,0.9120370370370371
247,0.3050847457627119,0.0,0.3389830508474576,0.3559322033898305
248,0.0,0.1,0.4714285714285714,0.42857142857142855
249,0.0,0.46236559139784944,0.3333333333333333,0.20430107526881722
250,0.18181818181818182,0.09090909090909091,0.7272727272727273,0.0
251,0.25,0.25,0.0,0.5
252,0.0,0.10126582278481013,0.8354430379746836,0.06329113924050633
253,0.18518518518518517,0.0,0.37037037037037035,0.4444444444444444
254,0.09090909090909091,0.0,0.8363636363636363,0.07272727272727272
255,0.0,0.03488372093023256,0.9418604651162791,0.023255813953488372
256,0.0,0.07692307692307693,0.7692307692307693,0.15384615384615385
257,0.13157894736842105,0.0,0.27631578947368424,0.5921052631578947
258,0.0,0.08450704225352113,0.8309859154929577,0.08450704225352113
259,0.10526315789473684,0.7368421052631579,0.15789473684210525,0.0
260,0.5925925925925926,0.1111111111111111,0.0,0.2962962962962963
261,0.2631578947368421,0.07017543859649122,0.0,0.6666666666666666
262,0.0,0.19444444444444445,0.7916666666666666,0.013888888888888888
263,0.1095890410958904,0.0,0.4520547945205479,0.4383561643835616
264,0.10714285714285714,0.0,0.25,0.6428571428571429
265,0.13793103448275862,0.0,0.0,0.8620689655172413
266,0.21103896103896103,0.7532467532467533,0.03571428571428571,0.0
267,0.3695652173913043,0.17391304347826086,0.0,0.45652173913043476
268,0.24113475177304963,0.6170212765957447,0.14184397163120568,0.0
269,0.1273209549071618,0.8275862068965517,0.0,0.04509283819628647
270,0.25,0.25,0.0,0.5
271,0.0,0.6,0.0,0.4
272,0.8,0.0,0.0,0.2
273,0.0,0.02127659574468085,0.7021276595744681,0.2765957446808511
274,0.5,0.0,0.0,0.5
275,0.0,0.46218487394957986,0.3445378151260504,0.19327731092436976
276,0.2,0.0,0.0,0.8
277,0.007792207792207792,0.0,0.9844155844155844,0.007792207792207792
278,0.7605633802816901,0.0,0.11267605633802817,0.1267605633802817
279,0.0,0.1875,0.6875,0.125
280,0.05714285714285714,0.0,0.34285714285714286,0.6
281,0.5714285714285714,0.33663366336633666,0.0,0.09193776520509193
282,0.14285714285714285,0.0,0.8571428571428571,0.0
283,0.0,0.2,0.4,0.4
284,0.043478260869565216,0.8695652173913043,0.08695652173913043,0.0
285,0.0,0.0,1.0,0.0
286,0.0,0.011299435028248588,0.011299435028248588,0.9774011299435028
287,,,,
288,0.25,0.3,0.45,0.0
289,0.25,0.16666666666666666,0.0,0.5833333333333334
290,0.0,0.8235294117647058,0.17647058823529413,0.0
291,0.4716981132075472,0.03773584905660377,0.0,0.49056603773584906
292,0.3055555555555556,0.0,0.08333333333333333,0.6111111111111112
293,0.0,0.14950166112956811,0.6710963455149501,0.17940199335548174
294,0.29411764705882354,0.0,0.17647058823529413,0.5294117647058824
295,0.47058823529411764,0.0,0.0,0.5294117647058824
296,0.32786885245901637,0.4262295081967213,0.0,0.2459016393442623
297,0.0,0.14285714285714285,0.42857142857142855,0.42857142857142855
298,0.0,0.41379310344827586,0.5862068965517241,0.0
299,0.0,0.0,1.0,0.0
300,0.8,0.0,0.06666666666666667,0.13333333333333333
301,,,,
302,,,,
303,,,,
304,1.0,0.0,0.0,0.0
305,,,,
306,,,,
307,,,,
308,,,,
309,,,,
310,,,,
311,,,,
312,,,,
313,,,,
314,,,,
315,,,,
316,,,,
317,,,,
318,,,,
319,,,,
320,,,,
