,A,C,G,T
0,,,,
1,,,,
2,0.3333333333333333,0.5333333333333333,0.0,0.13333333333333333
3,0.6857142857142857,0.2,0.0,0.11428571428571428
4,0.6666666666666666,0.3333333333333333,0.0,0.0
5,0.37037037037037035,0.18518518518518517,0.0,0.4444444444444444
6,0.2727272727272727,0.0,0.09090909090909091,0.6363636363636364
7,0.0,0.1724137931034483,0.6206896551724138,0.20689655172413793
8,0.8,0.1619047619047619,0.0,0.0380952380952381
9,0.017543859649122806,0.0,0.2631578947368421,0.7192982456140351
10,0.5,0.5,0.0,0.0
11,0.5454545454545454,0.18181818181818182,0.0,0.2727272727272727
12,0.2692307692307692,0.07692307692307693,0.0,0.6538461538461539
13,0.5405405405405406,0.43243243243243246,0.02702702702702703,0.0
14,0.3157894736842105,0.0,0.0,0.6842105263157895
15,0.0,0.8125,0.0,0.1875
16,0.0,0.4,0.26666666666666666,0.3333333333333333
17,0.8444444444444444,0.044444444444444446,0.0,0.1111111111111111
18,0.3333333333333333,0.3333333333333333,0.3333333333333333,0.0
19,0.0,0.0,0.0,1.0
20,0.020833333333333332,0.5208333333333334,0.4583333333333333,0.0
21,0.2,0.1,0.0,0.7
22,0.1,0.2,0.0,0.7
23,0.4117647058823529,0.23529411764705882,0.0,0.35294117647058826
24,0.0,0.0,0.0,1.0
25,0.0,0.3333333333333333,0.0,0.6666666666666666
26,0.0,0.20588235294117646,0.7058823529411765,0.08823529411764706
27,0.7368421052631579,0.15789473684210525,0.0,0.10526315789473684
28,0.5454545454545454,0.3939393939393939,0.0,0.06060606060606061
29,0.625,0.0,0.125,0.25
30,0.014925373134328358,0.8208955223880597,0.16417910447761194,0.0
31,0.5,0.3333333333333333,0.16666666666666666,0.0
32,0.4,0.3,0.0,0.3
33,0.4,0.36666666666666664,0.0,0.23333333333333334
34,0.34782608695652173,0.6521739130434783,0.0,0.0
35,0.0,0.2661290322580645,0.5,0.23387096774193547
36,0.75,0.0,0.16666666666666666,0.08333333333333333
37,0.0,0.3125,0.625,0.0625
38,0.42857142857142855,0.4523809523809524,0.0,0.11904761904761904
39,0.25,0.0,0.125,0.625
40,0.4166666666666667,0.0,0.4166666666666667,0.16666666666666666
41,0.07936507936507936,0.037037037037037035,0.8835978835978836,0.0
42,,,,
43,0.25,0.25,0.0,0.5
44,0.25,0.5,0.0,0.25
45,0.75,0.0,0.0,0.25
46,0.8888888888888888,0.0,0.0,0.1111111111111111
47,0.625,0.0,0.0,0.375
48,0.0,0.2222222222222222,0.7777777777777778,0.0
49,0.1111111111111111,0.0,0.3333333333333333,0.5555555555555556
50,0.1875,0.0,0.4375,0.375
51,0.09090909090909091,0.0,0.6363636363636364,0.2727272727272727
52,0.0,1.0,0.0,0.0
53,0.45454545454545453,0.4090909090909091,0.0,0.13636363636363635
54,0.0,0.7037037037037037,0.18518518518518517,0.1111111111111111
55,0.125,0.625,0.0,0.25
56,0.0,0.75,0.16666666666666666,0.08333333333333333
57,0.0,0.0,0.75,0.25
58,0.0,0.3333333333333333,0.6666666666666666,0.0
59,0.0,0.0,0.5,0.5
60,0.0,0.6666666666666666,0.3333333333333333,0.0
61,0.25,0.0,0.125,0.625
62,0.2826086956521739,0.0,0.2391304347826087,0.4782608695652174
63,0.0,0.2,0.8,0.0
64,0.0,0.0,0.0,1.0
65,0.0,0.7222222222222222,0.2777777777777778,0.0
66,0.42105263157894735,0.10526315789473684,0.0,0.47368421052631576
67,0.2815533980582524,0.0,0.04854368932038835,0.6699029126213593
68,0.0,0.30303030303030304,0.5454545454545454,0.15151515151515152
69,0.7647058823529411,0.058823529411764705,0.0,0.17647058823529413
70,0.03571428571428571,0.0,0.10714285714285714,0.8571428571428571
71,0.5454545454545454,0.0,0.09090909090909091,0.36363636363636365
72,0.2,0.3,0.5,0.0
73,0.5714285714285714,0.0,0.0,0.42857142857142855
74,0.047619047619047616,0.8095238095238095,0.14285714285714285,0.0
75,0.1,0.9,0.0,0.0
76,0.75,0.0,0.0,0.25
77,0.0,0.3584905660377358,0.37735849056603776,0.2641509433962264
78,0.06451612903225806,0.8709677419354839,0.06451612903225806,0.0
79,0.1,0.6,0.3,0.0
80,0.21428571428571427,0.0,0.07142857142857142,0.7142857142857143
81,0.0,0.625,0.18055555555555555,0.19444444444444445
82,0.0821917808219178,0.0,0.7534246575342466,0.1643835616438356
83,0.38028169014084506,0.0,0.09859154929577464,0.5211267605633803
84,0.03125,0.78125,0.1875,0.0
85,0.1111111111111111,0.6666666666666666,0.2222222222222222,0.0
86,0.288135593220339,0.0,0.03389830508474576,0.6779661016949152
87,0.0,0.3541666666666667,0.25,0.3958333333333333
88,0.5303030303030303,0.42424242424242425,0.0,0.045454545454545456
89,0.14754098360655737,0.5081967213114754,0.3442622950819672,0.0
90,0.0,0.16260162601626016,0.43902439024390244,0.3983739837398374
91,0.4743202416918429,0.42900302114803623,0.0,0.09667673716012085
92,0.18461538461538463,0.0,0.4,0.4153846153846154
93,0.07547169811320754,0.7547169811320755,0.16981132075471697,0.0
94,0.0,0.656,0.024,0.32
95,0.0625,0.0,0.09375,0.84375
96,0.7,0.0,0.0,0.3
97,0.0,0.5555555555555556,0.3611111111111111,0.08333333333333333
98,0.36585365853658536,0.0,0.4146341463414634,0.21951219512195122
99,0.0,0.2840909090909091,0.10227272727272728,0.6136363636363636
100,0.0,0.1111111111111111,0.8888888888888888,0.0
101,0.1839080459770115,0.40229885057471265,0.0,0.41379310344827586
102,0.46153846153846156,0.0,0.07692307692307693,0.46153846153846156
103,0.0,0.41304347826086957,0.08695652173913043,0.5
104,0.038461538461538464,0.0,0.2692307692307692,0.6923076923076923
105,0.3333333333333333,0.0,0.6666666666666666,0.0
106,0.125,0.125,0.0,0.75
107,0.0,0.0,0.0,1.0
108,0.6666666666666666,0.14285714285714285,0.0,0.19047619047619047
109,0.0,0.5,0.5,0.0
110,0.0,0.0,0.0,1.0
111,0.25,0.0,0.25,0.5
112,,,,
113,0.15,0.0,0.35,0.5
114,0.5,0.0,0.25,0.25
115,0.0,0.2222222222222222,0.4444444444444444,0.3333333333333333
116,0.0,0.01904761904761905,0.9619047619047619,0.01904761904761905
117,0.6422018348623854,0.3302752293577982,0.0,0.027522935779816515
118,0.03333333333333333,0.0,0.30952380952380953,0.6571428571428571
119,0.4067796610169492,0.4576271186440678,0.13559322033898305,0.0
120,0.0,0.4972067039106145,0.3854748603351955,0.11731843575418995
121,0.39655172413793105,0.0,0.29310344827586204,0.3103448275862069
122,0.0,0.11904761904761904,0.5952380952380952,0.2857142857142857
123,0.3157894736842105,0.6842105263157895,0.0,0.0
124,0.5454545454545454,0.36363636363636365,0.0,0.09090909090909091
125,0.0,0.1643835616438356,0.8082191780821918,0.0273972602739726
126,0.0,0.45614035087719296,0.5087719298245614,0.03508771929824561
127,0.0,0.04285714285714286,0.9428571428571428,0.014285714285714285
128,0.0,0.20754716981132076,0.7452830188679245,0.04716981132075472
129,0.4482758620689655,0.39655172413793105,0.0,0.15517241379310345
130,0.18181818181818182,0.22727272727272727,0.0,0.5909090909090909
131,0.061224489795918366,0.3673469387755102,0.5714285714285714,0.0
132,0.29411764705882354,0.0,0.08823529411764706,0.6176470588235294
133,0.15,0.2,0.65,0.0
134,0.45714285714285713,0.08571428571428572,0.0,0.45714285714285713
135,0.21428571428571427,0.5714285714285714,0.0,0.21428571428571427
136,0.0,0.034482758620689655,0.896551724137931,0.06896551724137931
137,,,,
138,0.16666666666666666,0.0,0.8333333333333334,0.0
139,0.3333333333333333,0.05555555555555555,0.0,0.6111111111111112
140,0.17647058823529413,0.29411764705882354,0.0,0.5294117647058824
141,0.48148148148148145,0.037037037037037035,0.0,0.48148148148148145
142,0.25,0.0,0.75,0.0
143,0.125,0.0,0.4375,0.4375
144,0.09375,0.0625,0.84375,0.0
145,0.2631578947368421,0.0,0.3684210526315789,0.3684210526315789
146,0.0,0.21686746987951808,0.40963855421686746,0.37349397590361444
147,0.7132867132867133,0.027972027972027972,0.0,0.25874125874125875
148,0.076,0.0,0.68,0.244
149,0.23893805309734514,0.6194690265486725,0.1415929203539823,0.0
150,0.0,0.20689655172413793,0.5344827586206896,0.25862068965517243
151,0.0,0.5909090909090909,0.4090909090909091,0.0
152,0.19230769230769232,0.5576923076923077,0.25,0.0
153,0.5204081632653061,0.29591836734693877,0.0,0.1836734693877551
154,0.5283018867924528,0.2578616352201258,0.0,0.2138364779874214
155,0.2288135593220339,0.576271186440678,0.19491525423728814,0.0
156,0.0,0.2328767123287671,0.4474885844748858,0.319634703196347
157,0.11842105263157894,0.0,0.3092105263157895,0.5723684210526315
158,0.34285714285714286,0.44285714285714284,0.21428571428571427,0.0
159,0.6626506024096386,0.10843373493975904,0.0,0.2289156626506024
160,0.16017316017316016,0.0,0.7532467532467533,0.08658008658008658
161,0.23076923076923078,0.5934065934065934,0.17582417582417584,0.0
162,0.3559322033898305,0.06779661016949153,0.0,0.576271186440678
163,0.5050505050505051,0.1717171717171717,0.0,0.32323232323232326
164,0.3584905660377358,0.33962264150943394,0.3018867924528302,0.0
165,0.6101694915254238,0.23728813559322035,0.0,0.15254237288135594
166,0.0,0.2972972972972973,0.5945945945945946,0.10810810810810811
167,0.4722222222222222,0.0,0.2638888888888889,0.2638888888888889
168,0.0,0.5,0.375,0.125
169,0.42424242424242425,0.0,0.2727272727272727,0.30303030303030304
170,0.0,0.18,0.52,0.3
171,0.2839506172839506,0.5802469135802469,0.13580246913580246,0.0
172,0.0,0.25925925925925924,0.06481481481481481,0.6759259259259259
173,0.04878048780487805,0.0,0.016260162601626018,0.9349593495934959
174,0.19047619047619047,0.2857142857142857,0.5238095238095238,0.0
175,0.0,0.5238095238095238,0.19047619047619047,0.2857142857142857
176,0.10606060606060606,0.696969696969697,0.19696969696969696,0.0
177,0.05263157894736842,0.0,0.49584487534626037,0.4515235457063712
178,0.29473684210526313,0.0,0.21052631578947367,0.49473684210526314
179,0.0,0.25,0.5625,0.1875
180,0.4666666666666667,0.3333333333333333,0.0,0.2
181,0.8253968253968254,0.08888888888888889,0.0,0.08571428571428572
182,0.28888888888888886,0.0,0.26666666666666666,0.4444444444444444
183,0.16666666666666666,0.1111111111111111,0.7222222222222222,0.0
184,0.125,0.0,0.25,0.625
185,0.47619047619047616,0.0,0.047619047619047616,0.47619047619047616
186,0.53125,0.25,0.0,0.21875
187,0.024390243902439025,0.5609756097560976,0.4146341463414634,0.0
188,0.6,0.28,0.0,0.12
189,0.0,0.42857142857142855,0.42857142857142855,0.14285714285714285
190,0.0,0.1,0.7142857142857143,0.18571428571428572
191,0.36363636363636365,0.2727272727272727,0.0,0.36363636363636365
192,0.38461538461538464,0.07692307692307693,0.0,0.5384615384615384
193,0.7,0.1,0.0,0.2
194,0.1111111111111111,0.0,0.25925925925925924,0.6296296296296297
195,1.0,0.0,0.0,0.0
196,0.2857142857142857,0.2857142857142857,0.0,0.42857142857142855
197,0.0,0.4057971014492754,0.5362318840579711,0.057971014492753624
198,0.15384615384615385,0.15384615384615385,0.6923076923076923,0.0
199,0.0,0.375,0.625,0.0
200,0.25,0.0,0.08333333333333333,0.6666666666666666
201,0.0,0.2222222222222222,0.4444444444444444,0.3333333333333333
202,0.14705882352941177,0.0,0.11764705882352941,0.7352941176470589
203,0.391304347826087,0.0,0.30434782608695654,0.30434782608695654
204,0.0,0.1509433962264151,0.8490566037735849,0.0
205,0.16666666666666666,0.2916666666666667,0.5416666666666666,0.0
206,0.08620689655172414,0.0,0.3620689655172414,0.5517241379310345
207,0.34782608695652173,0.13043478260869565,0.5217391304347826,0.0
208,0.8787878787878788,0.0,0.030303030303030304,0.09090909090909091
209,0.15789473684210525,0.0,0.3684210526315789,0.47368421052631576
210,0.0,0.375,0.625,0.0
211,0.7142857142857143,0.0,0.0,0.2857142857142857
212,0.0,0.10344827586206896,0.8620689655172413,0.034482758620689655
213,0.3333333333333333,0.3333333333333333,0.0,0.3333333333333333
214,0.0,0.46153846153846156,0.15384615384615385,0.38461538461538464
215,0.0,0.6273291925465838,0.21739130434782608,0.15527950310559005
216,0.0,0.06481481481481481,0.9074074074074074,0.027777777777777776
217,0.0,0.3684210526315789,0.39473684210526316,0.23684210526315788
218,0.225,0.625,0.15,0.0
219,0.4,0.06666666666666667,0.0,0.5333333333333333
220,0.27522935779816515,0.0,0.46788990825688076,0.25688073394495414
221,0.5333333333333333,0.0,0.4,0.06666666666666667
222,0.0,0.3148148148148148,0.6666666666666666,0.018518518518518517
223,0.0,0.12345679012345678,0.7654320987654321,0.1111111111111111
224,0.3076923076923077,0.23076923076923078,0.0,0.46153846153846156
225,0.0,0.05263157894736842,0.9210526315789473,0.02631578947368421
226,0.0,0.22950819672131148,0.7213114754098361,0.04918032786885246
227,0.10638297872340426,0.0,0.24468085106382978,0.648936170212766
228,0.5254237288135594,0.11864406779661017,0.3559322033898305,0.0
229,0.2608695652173913,0.0,0.08695652173913043,0.6521739130434783
230,0.27692307692307694,0.0,0.47692307692307695,0.24615384615384617
231,0.04666666666666667,0.6066666666666667,0.3466666666666667,0.0
232,0.07692307692307693,0.6153846153846154,0.3076923076923077,0.0
233,0.37272727272727274,0.5818181818181818,0.0,0.045454545454545456
234,0.13953488372093023,0.627906976744186,0.23255813953488372,0.0
235,0.0,0.11224489795918367,0.02040816326530612,0.8673469387755102
236,0.0,0.7714285714285715,0.22857142857142856,0.0
237,0.25,0.0,0.0,0.75
238,0.0,0.1111111111111111,0.8888888888888888,0.0
239,0.08860759493670886,0.189873417721519,0.7215189873417721,0.0
240,0.3684210526315789,0.0,0.5789473684210527,0.05263157894736842
241,0.0,0.16666666666666666,0.6666666666666666,0.16666666666666666
242,0.0,0.3888888888888889,0.5925925925925926,0.018518518518518517
243,0.0,0.5625,0.25,0.1875
244,0.0,0.0,1.0,0.0
245,0.5,0.375,0.0,0.125
246,0.0,0.04477611940298507,0.9402985074626866,0.014925373134328358
247,0.0,0.22988505747126436,0.7241379310344828,0.04597701149425287
248,0.12727272727272726,0.0,0.07272727272727272,0.8
249,0.0,0.24489795918367346,0.7346938775510204,0.02040816326530612
250,0.7349397590361446,0.20481927710843373,0.0,0.060240963855421686
251,0.09302325581395349,0.0,0.11627906976744186,0.7906976744186046
252,0.11627906976744186,0.0,0.2558139534883721,0.627906976744186
253,0.10526315789473684,0.05263157894736842,0.8421052631578947,0.0
254,0.45,0.3,0.0,0.25
255,0.0,0.22666666666666666,0.7066666666666667,0.06666666666666667
256,0.10227272727272728,0.8181818181818182,0.0,0.07954545454545454
257,0.0,0.323943661971831,0.6056338028169014,0.07042253521126761
258,0.16666666666666666,0.6333333333333333,0.0,0.2
259,0.0783132530120482,0.0,0.0783132530120482,0.8433734939759037
260,0.15,0.0,0.3,0.55
261,0.14285714285714285,0.14285714285714285,0.0,0.7142857142857143
262,0.9052631578947369,0.08421052631578947,0.0,0.010526315789473684
263,0.6545454545454545,0.2545454545454545,0.0,0.09090909090909091
264,1.0,0.0,0.0,0.0
265,0.0,0.0,0.5,0.5
266,0.5454545454545454,0.0,0.09090909090909091,0.36363636363636365
267,0.0,0.0,0.2222222222222222,0.7777777777777778
268,0.625,0.0,0.375,0.0
269,0.17391304347826086,0.782608695652174,0.0,0.043478260869565216
270,0.5714285714285714,0.0,0.0,0.42857142857142855
271,0.2857142857142857,0.0,0.7142857142857143,0.0
272,0.08,0.7,0.22,0.0
273,0.7672413793103449,0.15517241379310345,0.0,0.07758620689655173
274,0.0,0.8823529411764706,0.11764705882352941,0.0
275,0.39737991266375544,0.35807860262008734,0.0,0.2445414847161572
276,0.3333333333333333,0.0,0.6666666666666666,0.0
277,0.0,0.3333333333333333,0.3333333333333333,0.3333333333333333
278,0.0,0.9272727272727272,0.07272727272727272,0.0
279,0.0,0.4,0.6,0.0
280,0.0,0.03225806451612903,0.016129032258064516,0.9516129032258065
281,0.0,0.0,0.0,1.0
282,0.2,0.1,0.7,0.0
283,0.4,0.2,0.0,0.4
284,0.0,0.7,0.3,0.0
285,0.7916666666666666,0.0,0.0,0.20833333333333334
286,0.03389830508474576,0.0,0.0847457627118644,0.8813559322033898
287,0.0,0.25757575757575757,0.6212121212121212,0.12121212121212122
288,0.0,0.8571428571428571,0.14285714285714285,0.0
289,0.32142857142857145,0.5714285714285714,0.0,0.10714285714285714
290,0.0,0.09090909090909091,0.8181818181818182,0.09090909090909091
291,,,,
292,0.0,0.6666666666666666,0.16666666666666666,0.16666666666666666
293,0.6923076923076923,0.07692307692307693,0.23076923076923078,0.0
294,0.0,0.0,1.0,0.0
295,,,,
296,,,,
297,0.3333333333333333,0.0,0.6666666666666666,0.0
298,0.0,1.0,0.0,0.0
299,0.0,1.0,0.0,0.0
300,,,,
301,0.0,1.0,0.0,0.0
302,,,,
303,0.0,1.0,0.0,0.0
304,,,,
305,,,,
306,,,,
307,0.0,1.0,0.0,0.0
308,,,,
309,,,,
310,,,,
311,,,,
312,,,,
