,A,C,G,T
0,,,,
1,,,,
2,0.5476190476190477,0.047619047619047616,0.0,0.40476190476190477
3,0.22641509433962265,0.41509433962264153,0.0,0.3584905660377358
4,0.9117647058823529,0.058823529411764705,0.029411764705882353,0.0
5,0.5230769230769231,0.15384615384615385,0.0,0.3230769230769231
6,0.8421052631578947,0.0,0.05263157894736842,0.10526315789473684
7,0.0,0.12280701754385964,0.5964912280701754,0.2807017543859649
8,0.3888888888888889,0.42857142857142855,0.0,0.18253968253968253
9,0.0547945205479452,0.0,0.4246575342465753,0.5205479452054794
10,,,,
11,0.5036764705882353,0.0625,0.0,0.4338235294117647
12,0.125,0.0,0.75,0.125
13,0.0,0.10714285714285714,0.6071428571428571,0.2857142857142857
14,0.8680555555555556,0.04861111111111111,0.0,0.08333333333333333
15,0.0,0.9788732394366197,0.0,0.02112676056338028
16,0.0,0.09090909090909091,0.7272727272727273,0.18181818181818182
17,0.95,0.0,0.0,0.05
18,0.0,0.10526315789473684,0.8947368421052632,0.0
19,0.027522935779816515,0.0,0.9724770642201835,0.0
20,0.2727272727272727,0.2727272727272727,0.0,0.45454545454545453
21,0.25,0.25,0.0,0.5
22,0.2,0.2,0.0,0.6
23,0.125,0.0,0.125,0.75
24,0.15151515151515152,0.0,0.8333333333333334,0.015151515151515152
25,0.0,0.0,0.0,1.0
26,0.0,0.16091954022988506,0.5057471264367817,0.3333333333333333
27,0.5595238095238095,0.4166666666666667,0.0,0.023809523809523808
28,0.2608695652173913,0.5652173913043478,0.0,0.17391304347826086
29,0.0,0.21875,0.59375,0.1875
30,0.23809523809523808,0.0,0.5714285714285714,0.19047619047619047
31,0.0625,0.125,0.8125,0.0
32,0.14893617021276595,0.6170212765957447,0.0,0.23404255319148937
33,0.12440191387559808,0.3014354066985646,0.0,0.5741626794258373
34,0.1,0.7,0.2,0.0
35,0.6216216216216216,0.05405405405405406,0.0,0.32432432432432434
36,0.0,0.13580246913580246,0.8395061728395061,0.024691358024691357
37,0.0,0.0782608695652174,0.782608695652174,0.1391304347826087
38,0.45161290322580644,0.4838709677419355,0.0,0.06451612903225806
39,0.3888888888888889,0.0,0.2222222222222222,0.3888888888888889
40,0.3333333333333333,0.0,0.16666666666666666,0.5
41,0.20833333333333334,0.775,0.016666666666666666,0.0
42,0.025,0.25,0.725,0.0
43,0.15384615384615385,0.0,0.5384615384615384,0.3076923076923077
44,0.8833333333333333,0.11666666666666667,0.0,0.0
45,0.0,0.9148936170212766,0.0,0.0851063829787234
46,0.0,0.17857142857142858,0.8214285714285714,0.0
47,0.21052631578947367,0.2631578947368421,0.0,0.5263157894736842
48,0.0,0.25,0.125,0.625
49,0.1,0.0,0.8,0.1
50,0.08,0.0,0.28,0.64
51,0.25,0.0,0.5277777777777778,0.2222222222222222
52,0.5,0.5,0.0,0.0
53,0.24444444444444444,0.6666666666666666,0.0,0.08888888888888889
54,0.3870967741935484,0.06451612903225806,0.5483870967741935,0.0
55,0.5,0.0,0.0,0.5
56,0.1956521739130435,0.0,0.2826086956521739,0.5217391304347826
57,0.14285714285714285,0.0,0.7142857142857143,0.14285714285714285
58,0.0,0.75,0.25,0.0
59,0.09090909090909091,0.0,0.18181818181818182,0.7272727272727273
60,0.0,0.23333333333333334,0.45,0.31666666666666665
61,0.23076923076923078,0.0,0.27884615384615385,0.49038461538461536
62,0.3081081081081081,0.0,0.2648648648648649,0.42702702702702705
63,0.3333333333333333,0.6666666666666666,0.0,0.0
64,0.4444444444444444,0.2222222222222222,0.0,0.3333333333333333
65,0.057692307692307696,0.0,0.0,0.9423076923076923
66,0.0,0.09345794392523364,0.4454828660436137,0.46105919003115264
67,0.1991701244813278,0.0,0.6639004149377593,0.13692946058091288
68,0.46,0.34,0.2,0.0
69,0.4745762711864407,0.3559322033898305,0.0,0.1694915254237288
70,0.3076923076923077,0.6153846153846154,0.07692307692307693,0.0
71,0.05063291139240506,0.0,0.8354430379746836,0.11392405063291139
72,0.2465753424657534,0.2602739726027397,0.4931506849315068,0.0
73,0.9008264462809917,0.0,0.0743801652892562,0.024793388429752067
74,0.4609375,0.4140625,0.125,0.0
75,0.7840909090909091,0.13636363636363635,0.0,0.07954545454545454
76,0.48360655737704916,0.45081967213114754,0.0,0.06557377049180328
77,0.4444444444444444,0.28888888888888886,0.26666666666666666,0.0
78,0.18421052631578946,0.40789473684210525,0.0,0.40789473684210525
79,0.4119047619047619,0.4119047619047619,0.0,0.1761904761904762
80,0.12,0.0,0.7733333333333333,0.10666666666666667
81,0.05128205128205128,0.6153846153846154,0.3333333333333333,0.0
82,0.16363636363636364,0.0,0.5454545454545454,0.2909090909090909
83,0.14814814814814814,0.0,0.24691358024691357,0.6049382716049383
84,0.46825396825396826,0.15476190476190477,0.0,0.376984126984127
85,0.3090909090909091,0.4909090909090909,0.2,0.0
86,0.05,0.0,0.55,0.4
87,0.0,0.20930232558139536,0.4883720930232558,0.3023255813953488
88,0.475177304964539,0.3723404255319149,0.0,0.1524822695035461
89,0.2159090909090909,0.0,0.056818181818181816,0.7272727272727273
90,0.0,0.2764976958525346,0.3640552995391705,0.35944700460829493
91,0.28013029315960913,0.36156351791530944,0.0,0.3583061889250814
92,0.09917355371900827,0.756198347107438,0.1446280991735537,0.0
93,0.7763157894736842,0.17543859649122806,0.0,0.04824561403508772
94,0.5938775510204082,0.39183673469387753,0.0,0.014285714285714285
95,0.28776978417266186,0.5251798561151079,0.18705035971223022,0.0
96,,,,
97,0.5116618075801749,0.22157434402332363,0.0,0.26676384839650147
98,0.21717171717171718,0.7121212121212122,0.0707070707070707,0.0
99,0.3524229074889868,0.4669603524229075,0.18061674008810572,0.0
100,0.0,0.33783783783783783,0.10810810810810811,0.5540540540540541
101,0.01809954751131222,0.0,0.058823529411764705,0.9230769230769231
102,0.2578616352201258,0.4716981132075472,0.27044025157232704,0.0
103,0.0,0.19704433497536947,0.2955665024630542,0.5073891625615764
104,0.015706806282722512,0.0,0.24607329842931938,0.7382198952879581
105,0.0,0.5,0.5,0.0
106,0.3076923076923077,0.15384615384615385,0.0,0.5384615384615384
107,0.06666666666666667,0.5333333333333333,0.0,0.4
108,0.0,0.14516129032258066,0.8225806451612904,0.03225806451612903
109,0.32602739726027397,0.6027397260273972,0.0,0.07123287671232877
110,0.0661764705882353,0.0,0.04411764705882353,0.8897058823529411
111,0.18181818181818182,0.6363636363636364,0.18181818181818182,0.0
112,0.25,0.5,0.0,0.25
113,0.1111111111111111,0.3333333333333333,0.0,0.5555555555555556
114,0.0,0.4127906976744186,0.4883720930232558,0.09883720930232558
115,0.23076923076923078,0.38461538461538464,0.38461538461538464,0.0
116,0.08196721311475409,0.0,0.29508196721311475,0.6229508196721312
117,0.7272727272727273,0.0,0.18181818181818182,0.09090909090909091
118,0.4,0.5,0.0,0.1
119,0.20512820512820512,0.5018315018315018,0.0,0.29304029304029305
120,0.2857142857142857,0.0,0.21428571428571427,0.5
121,0.0,0.32432432432432434,0.40540540540540543,0.2702702702702703
122,0.1791044776119403,0.7761194029850746,0.0,0.04477611940298507
123,0.10434782608695652,0.0,0.13623188405797101,0.7594202898550725
124,0.4444444444444444,0.0,0.25925925925925924,0.2962962962962963
125,0.175,0.0,0.225,0.6
126,0.5,0.0,0.42857142857142855,0.07142857142857142
127,0.8461538461538461,0.0,0.0,0.15384615384615385
128,0.0,0.6358695652173914,0.33695652173913043,0.02717391304347826
129,0.38461538461538464,0.46153846153846156,0.0,0.15384615384615385
130,0.7169811320754716,0.05660377358490566,0.0,0.22641509433962265
131,0.8365384615384616,0.125,0.0,0.038461538461538464
132,0.0,0.4375,0.5625,0.0
133,0.0,0.24193548387096775,0.6451612903225806,0.11290322580645161
134,0.1,0.0,0.0,0.9
135,0.35714285714285715,0.5714285714285714,0.0,0.07142857142857142
136,0.2072072072072072,0.7117117117117117,0.0,0.08108108108108109
137,0.0,0.6540880503144654,0.20754716981132076,0.13836477987421383
138,0.10810810810810811,0.0,0.21621621621621623,0.6756756756756757
139,0.15,0.65,0.2,0.0
140,0.7258064516129032,0.04838709677419355,0.0,0.22580645161290322
141,0.0,0.9565217391304348,0.0,0.043478260869565216
142,0.0,0.6538461538461539,0.07692307692307693,0.2692307692307692
143,0.8546511627906976,0.06395348837209303,0.0,0.08139534883720931
144,0.0,0.0,1.0,0.0
145,0.1322314049586777,0.049586776859504134,0.0,0.8181818181818182
146,0.47692307692307695,0.3230769230769231,0.0,0.2
147,0.0,0.6083333333333333,0.35833333333333334,0.03333333333333333
148,0.0,0.1111111111111111,0.8888888888888888,0.0
149,0.2753623188405797,0.6521739130434783,0.07246376811594203,0.0
150,0.631578947368421,0.10526315789473684,0.0,0.2631578947368421
151,0.04424778761061947,0.911504424778761,0.0,0.04424778761061947
152,0.4472140762463343,0.30498533724340177,0.0,0.24780058651026393
153,0.2358490566037736,0.24213836477987422,0.5220125786163522,0.0
154,0.0,0.2801418439716312,0.21631205673758866,0.5035460992907801
155,0.4329501915708812,0.5325670498084292,0.034482758620689655,0.0
156,0.0,0.17391304347826086,0.6801242236024845,0.14596273291925466
157,0.25274725274725274,0.6373626373626373,0.10989010989010989,0.0
158,0.08771929824561403,0.0,0.3026315789473684,0.6096491228070176
159,0.302491103202847,0.5587188612099644,0.1387900355871886,0.0
160,0.0,0.5,0.17560975609756097,0.32439024390243903
161,0.016260162601626018,0.7967479674796748,0.18699186991869918,0.0
162,0.24170616113744076,0.5379146919431279,0.22037914691943128,0.0
163,0.0,0.6721311475409836,0.20218579234972678,0.12568306010928962
164,0.08169934640522876,0.0,0.0718954248366013,0.8464052287581699
165,0.0,0.16129032258064516,0.8010752688172043,0.03763440860215054
166,0.282312925170068,0.6836734693877551,0.0,0.034013605442176874
167,0.29936305732484075,0.40764331210191085,0.2929936305732484,0.0
168,0.5652173913043478,0.043478260869565216,0.0,0.391304347826087
169,0.4583333333333333,0.3888888888888889,0.0,0.1527777777777778
170,0.7659574468085106,0.20364741641337386,0.0,0.030395136778115502
171,0.0,0.22784810126582278,0.6012658227848101,0.17088607594936708
172,0.3942857142857143,0.4876190476190476,0.0,0.1180952380952381
173,0.21639344262295082,0.0,0.17704918032786884,0.6065573770491803
174,0.0,0.23857868020304568,0.30456852791878175,0.45685279187817257
175,0.36923076923076925,0.0,0.3076923076923077,0.3230769230769231
176,0.2483221476510067,0.0,0.3825503355704698,0.3691275167785235
177,0.0,0.10493827160493827,0.5864197530864198,0.30864197530864196
178,0.0,0.3712121212121212,0.3484848484848485,0.2803030303030303
179,0.13596491228070176,0.0,0.5307017543859649,0.3333333333333333
180,0.25287356321839083,0.367816091954023,0.3793103448275862,0.0
181,0.0,0.41875,0.2125,0.36875
182,0.030612244897959183,0.0,0.12244897959183673,0.8469387755102041
183,0.0,0.62,0.34,0.04
184,0.0,0.2318840579710145,0.6304347826086957,0.13768115942028986
185,0.024691358024691357,0.0,0.1111111111111111,0.8641975308641975
186,0.3763440860215054,0.0,0.26881720430107525,0.3548387096774194
187,0.30434782608695654,0.0,0.21739130434782608,0.4782608695652174
188,0.045627376425855515,0.0,0.6996197718631179,0.25475285171102663
189,0.3020833333333333,0.125,0.5729166666666666,0.0
190,0.3333333333333333,0.0,0.3333333333333333,0.3333333333333333
191,0.19696969696969696,0.0,0.3484848484848485,0.45454545454545453
192,0.034482758620689655,0.0,0.3448275862068966,0.6206896551724138
193,0.25,0.08333333333333333,0.6666666666666666,0.0
194,0.175,0.0,0.5,0.325
195,0.0,0.5658682634730539,0.38622754491017963,0.04790419161676647
196,0.0,0.12195121951219512,0.7560975609756098,0.12195121951219512
197,0.1951219512195122,0.7317073170731707,0.0,0.07317073170731707
198,0.0,0.1721311475409836,0.819672131147541,0.00819672131147541
199,0.6226415094339622,0.2641509433962264,0.0,0.11320754716981132
200,0.06315789473684211,0.6842105263157895,0.25263157894736843,0.0
201,0.5,0.0,0.25,0.25
202,0.29411764705882354,0.23529411764705882,0.0,0.47058823529411764
203,0.0,0.1834319526627219,0.7337278106508875,0.08284023668639054
204,0.14492753623188406,0.8188405797101449,0.0,0.036231884057971016
205,0.007194244604316547,0.8776978417266187,0.11510791366906475,0.0
206,0.5161290322580645,0.0,0.22580645161290322,0.25806451612903225
207,0.0,0.027149321266968326,0.6244343891402715,0.34841628959276016
208,0.16260162601626016,0.0,0.4878048780487805,0.34959349593495936
209,0.08888888888888889,0.0,0.43333333333333335,0.4777777777777778
210,0.0,0.3368421052631579,0.4,0.2631578947368421
211,0.027777777777777776,0.6111111111111112,0.3611111111111111,0.0
212,0.0,0.2911111111111111,0.3844444444444444,0.3244444444444444
213,0.34782608695652173,0.021739130434782608,0.6304347826086957,0.0
214,0.3392857142857143,0.0,0.017857142857142856,0.6428571428571429
215,0.0,0.308300395256917,0.49407114624505927,0.1976284584980237
216,0.5762081784386617,0.3215613382899628,0.0,0.10223048327137546
217,0.06,0.69,0.25,0.0
218,0.0,0.22938144329896906,0.5850515463917526,0.18556701030927836
219,0.125,0.625,0.0,0.25
220,0.0,0.125,0.4,0.475
221,0.36,0.0,0.52,0.12
222,0.0,0.22330097087378642,0.5922330097087378,0.18446601941747573
223,0.37267080745341613,0.0,0.32919254658385094,0.2981366459627329
224,0.3565217391304348,0.4434782608695652,0.0,0.2
225,0.05952380952380952,0.4523809523809524,0.4880952380952381,0.0
226,0.5454545454545454,0.0,0.09090909090909091,0.36363636363636365
227,0.027522935779816515,0.0,0.4954128440366973,0.47706422018348627
228,0.0,0.22448979591836735,0.7755102040816326,0.0
229,0.0,0.3015075376884422,0.6381909547738693,0.06030150753768844
230,0.4928571428571429,0.2785714285714286,0.0,0.22857142857142856
231,0.0,0.1388888888888889,0.8055555555555556,0.05555555555555555
232,0.0,0.05172413793103448,0.9310344827586207,0.017241379310344827
233,0.06628242074927954,0.0,0.13256484149855907,0.8011527377521613
234,0.3125,0.0,0.65625,0.03125
235,0.0,0.1111111111111111,0.6666666666666666,0.2222222222222222
236,0.9261083743842364,0.009852216748768473,0.0,0.06403940886699508
237,0.1875,0.1,0.7125,0.0
238,0.2,0.13333333333333333,0.6666666666666666,0.0
239,0.0,0.0,0.26519337016574585,0.7348066298342542
240,0.2777777777777778,0.1111111111111111,0.6111111111111112,0.0
241,0.14705882352941177,0.0,0.029411764705882353,0.8235294117647058
242,0.2830188679245283,0.0,0.11320754716981132,0.6037735849056604
243,0.18181818181818182,0.0,0.18181818181818182,0.6363636363636364
244,0.0,0.0,1.0,0.0
245,0.3880597014925373,0.11940298507462686,0.0,0.4925373134328358
246,0.0,0.2676056338028169,0.7112676056338029,0.02112676056338028
247,0.0,0.14219114219114218,0.8368298368298368,0.02097902097902098
248,0.565121412803532,0.32229580573951433,0.0,0.11258278145695365
249,0.09473684210526316,0.0,0.2596491228070175,0.6456140350877193
250,0.17647058823529413,0.0,0.8235294117647058,0.0
251,0.3230769230769231,0.35384615384615387,0.0,0.3230769230769231
252,0.0,0.45161290322580644,0.43548387096774194,0.11290322580645161
253,0.37947122861586313,0.5583203732503889,0.0,0.06220839813374806
254,0.14245014245014245,0.0,0.6011396011396012,0.2564102564102564
255,0.04,0.16,0.8,0.0
256,0.3055555555555556,0.0,0.05555555555555555,0.6388888888888888
257,0.2982456140350877,0.47368421052631576,0.22807017543859648,0.0
258,0.5488721804511278,0.3684210526315789,0.0,0.08270676691729323
259,0.0,0.5714285714285714,0.42857142857142855,0.0
260,0.3684210526315789,0.3333333333333333,0.0,0.2982456140350877
261,0.0,0.15,0.6,0.25
262,0.18404907975460122,0.0,0.1165644171779141,0.6993865030674846
263,0.11320754716981132,0.0,0.3018867924528302,0.5849056603773585
264,0.6140350877192983,0.19298245614035087,0.0,0.19298245614035087
265,0.052980132450331126,0.0,0.6225165562913907,0.32450331125827814
266,0.12944983818770225,0.7961165048543689,0.0744336569579288,0.0
267,0.6190476190476191,0.0,0.0,0.38095238095238093
268,0.6896551724137931,0.0,0.034482758620689655,0.27586206896551724
269,0.7264957264957265,0.15384615384615385,0.0,0.11965811965811966
270,0.0,0.0,0.0,1.0
271,0.0,0.0,0.4,0.6
272,0.023809523809523808,0.0,0.0,0.9761904761904762
273,0.0,0.015384615384615385,0.3230769230769231,0.6615384615384615
274,0.2857142857142857,0.0,0.42857142857142855,0.2857142857142857
275,0.7948717948717948,0.15384615384615385,0.0,0.05128205128205128
276,0.5,0.0,0.0,0.5
277,0.0,0.0,0.9487179487179487,0.05128205128205128
278,0.015873015873015872,0.0,0.0,0.9841269841269841
279,0.4081081081081081,0.372972972972973,0.0,0.21891891891891893
280,0.3972602739726027,0.547945205479452,0.0547945205479452,0.0
281,0.3406754772393539,0.4243759177679883,0.0,0.23494860499265785
282,0.0,0.5,0.5,0.0
283,0.0,0.0,0.5,0.5
284,0.0,0.9024390243902439,0.0975609756097561,0.0
285,0.09090909090909091,0.7272727272727273,0.18181818181818182,0.0
286,0.0,0.010101010101010102,0.015151515151515152,0.9747474747474747
287,0.005333333333333333,0.0,0.005333333333333333,0.9893333333333333
288,0.08695652173913043,0.0,0.9130434782608695,0.0
289,0.4666666666666667,0.2,0.0,0.3333333333333333
290,0.0,0.5849056603773585,0.41509433962264153,0.0
291,0.8723404255319149,0.0,0.0,0.1276595744680851
292,0.12941176470588237,0.0,0.08235294117647059,0.788235294117647
293,0.11627906976744186,0.6976744186046512,0.0,0.18604651162790697
294,0.0,0.7058823529411765,0.29411764705882354,0.0
295,0.4444444444444444,0.2962962962962963,0.0,0.25925925925925924
296,0.0,0.038461538461538464,0.8846153846153846,0.07692307692307693
297,0.4,0.6,0.0,0.0
298,0.0,0.23404255319148937,0.46808510638297873,0.2978723404255319
299,0.2,0.2,0.6,0.0
300,0.2,0.0,0.075,0.725
301,0.0,0.0,1.0,0.0
302,0.0,0.0,0.0,1.0
303,,,,
304,,,,
305,,,,
306,0.0,0.0,0.3333333333333333,0.6666666666666666
307,,,,
308,0.0,0.0,0.0,1.0
309,,,,
310,,,,
311,,,,
312,,,,
313,,,,
314,,,,
315,,,,
316,,,,
317,,,,
318,,,,
