,A,C,G,T
0,,,,
1,,,,
2,,,,
3,,,,
4,,,,
5,,,,
6,,,,
7,0.0,0.0,1.0,0.0
8,1.0,0.0,0.0,0.0
9,,,,
10,,,,
11,,,,
12,,,,
13,,,,
14,,,,
15,,,,
16,,,,
17,1.0,0.0,0.0,0.0
18,,,,
19,,,,
20,,,,
21,,,,
22,,,,
23,,,,
24,,,,
25,,,,
26,,,,
27,,,,
28,,,,
29,,,,
30,,,,
31,,,,
32,,,,
33,,,,
34,,,,
35,0.0,0.0,1.0,0.0
36,,,,
37,,,,
38,,,,
39,,,,
40,,,,
41,0.0,0.0,1.0,0.0
42,,,,
43,,,,
44,,,,
45,,,,
46,,,,
47,,,,
48,,,,
49,,,,
50,,,,
51,,,,
52,,,,
53,,,,
54,,,,
55,,,,
56,,,,
57,,,,
58,,,,
59,,,,
60,,,,
61,,,,
62,0.0,1.0,0.0,0.0
63,,,,
64,,,,
65,,,,
66,,,,
67,,,,
68,,,,
69,,,,
70,,,,
71,,,,
72,,,,
73,,,,
74,,,,
75,,,,
76,,,,
77,,,,
78,,,,
79,,,,
80,,,,
81,,,,
82,,,,
83,,,,
84,,,,
85,,,,
86,,,,
87,,,,
88,,,,
89,,,,
90,1.0,0.0,0.0,0.0
91,,,,
92,,,,
93,0.0,0.0,0.0,1.0
94,,,,
95,,,,
96,,,,
97,,,,
98,,,,
99,0.0,0.0,0.0,1.0
100,,,,
101,1.0,0.0,0.0,0.0
102,0.0,1.0,0.0,0.0
103,1.0,0.0,0.0,0.0
104,,,,
105,,,,
106,,,,
107,,,,
108,,,,
109,,,,
110,,,,
111,,,,
112,,,,
113,,,,
114,,,,
115,,,,
116,,,,
117,,,,
118,,,,
119,,,,
120,,,,
121,,,,
122,,,,
123,,,,
124,,,,
125,,,,
126,,,,
127,,,,
128,,,,
129,,,,
130,,,,
131,,,,
132,,,,
133,,,,
134,,,,
135,,,,
136,,,,
137,,,,
138,,,,
139,0.0,0.0,1.0,0.0
140,,,,
141,1.0,0.0,0.0,0.0
142,,,,
143,,,,
144,,,,
145,,,,
146,,,,
147,,,,
148,,,,
149,,,,
150,,,,
151,,,,
152,0.0,1.0,0.0,0.0
153,,,,
154,,,,
155,0.0,0.0,1.0,0.0
156,0.0,0.0,1.0,0.0
157,,,,
158,,,,
159,,,,
160,0.0,0.0,1.0,0.0
161,,,,
162,,,,
163,0.0,0.0,1.0,0.0
164,,,,
165,,,,
166,,,,
167,,,,
168,0.0,0.0,1.0,0.0
169,,,,
170,,,,
171,,,,
172,,,,
173,,,,
174,,,,
175,0.0,0.0,1.0,0.0
176,,,,
177,,,,
178,,,,
179,,,,
180,,,,
181,,,,
182,,,,
183,,,,
184,,,,
185,,,,
186,,,,
187,0.0,0.0,1.0,0.0
188,,,,
189,,,,
190,,,,
191,,,,
192,0.0,0.0,1.0,0.0
193,,,,
194,,,,
195,,,,
196,,,,
197,,,,
198,,,,
199,,,,
200,,,,
201,,,,
202,,,,
203,,,,
204,,,,
205,,,,
206,,,,
207,0.0,0.0,0.0,1.0
208,,,,
209,0.0,1.0,0.0,0.0
210,,,,
211,,,,
212,,,,
213,,,,
214,,,,
215,,,,
216,,,,
217,,,,
218,,,,
219,,,,
220,,,,
221,,,,
222,,,,
223,,,,
224,0.0,1.0,0.0,0.0
225,,,,
226,,,,
227,0.0,1.0,0.0,0.0
228,,,,
229,,,,
230,,,,
231,,,,
232,0.0,1.0,0.0,0.0
233,,,,
234,,,,
235,,,,
236,,,,
237,,,,
238,,,,
239,,,,
240,,,,
241,,,,
242,1.0,0.0,0.0,0.0
243,0.0,1.0,0.0,0.0
244,,,,
245,,,,
246,,,,
247,,,,
248,1.0,0.0,0.0,0.0
249,,,,
250,,,,
251,0.0,0.0,1.0,0.0
252,,,,
253,,,,
254,,,,
255,,,,
256,,,,
257,,,,
258,,,,
259,,,,
260,,,,
261,,,,
262,,,,
263,,,,
264,,,,
265,,,,
266,,,,
267,,,,
268,,,,
269,,,,
270,,,,
271,,,,
272,,,,
273,,,,
274,,,,
275,,,,
276,,,,
277,0.0,1.0,0.0,0.0
278,1.0,0.0,0.0,0.0
279,,,,
280,,,,
281,,,,
282,,,,
283,,,,
284,0.0,1.0,0.0,0.0
285,,,,
286,,,,
287,,,,
288,,,,
289,,,,
290,0.0,0.0,0.0,1.0
291,,,,
292,,,,
293,,,,
294,,,,
295,,,,
296,,,,
297,,,,
298,,,,
299,,,,
300,,,,
301,,,,
302,,,,
303,,,,
304,,,,
305,,,,
306,,,,
307,,,,
308,,,,
309,,,,
310,,,,
311,,,,
312,,,,
313,,,,
314,,,,
315,,,,
316,,,,
317,,,,
318,,,,
319,,,,
320,,,,
321,,,,
