,A,C,G,T
0,,,,
1,,,,
2,0.6666666666666666,0.16666666666666666,0.0,0.16666666666666666
3,0.625,0.375,0.0,0.0
4,,,,
5,0.5,0.25,0.0,0.25
6,0.0,0.0,1.0,0.0
7,0.0,0.0,0.0,1.0
8,0.7272727272727273,0.18181818181818182,0.0,0.09090909090909091
9,0.0,0.0,0.0,1.0
10,,,,
11,0.75,0.25,0.0,0.0
12,1.0,0.0,0.0,0.0
13,0.0,0.16666666666666666,0.3333333333333333,0.5
14,0.3333333333333333,0.4444444444444444,0.0,0.2222222222222222
15,0.0,1.0,0.0,0.0
16,0.0,0.3333333333333333,0.0,0.6666666666666666
17,0.75,0.25,0.0,0.0
18,0.0,0.0,1.0,0.0
19,0.0,0.0,1.0,0.0
20,0.0,0.25,0.0,0.75
21,,,,
22,0.25,0.25,0.0,0.5
23,0.0,0.0,0.0,1.0
24,0.0,0.0,1.0,0.0
25,,,,
26,0.0,0.2,0.6,0.2
27,0.9,0.1,0.0,0.0
28,0.9523809523809523,0.047619047619047616,0.0,0.0
29,0.0,0.3333333333333333,0.3333333333333333,0.3333333333333333
30,0.18181818181818182,0.0,0.09090909090909091,0.7272727272727273
31,0.25,0.0,0.75,0.0
32,0.2,0.8,0.0,0.0
33,0.09090909090909091,0.8636363636363636,0.0,0.045454545454545456
34,0.0,1.0,0.0,0.0
35,0.3333333333333333,0.0,0.0,0.6666666666666666
36,0.0,0.07692307692307693,0.9230769230769231,0.0
37,0.0,0.14285714285714285,0.8571428571428571,0.0
38,1.0,0.0,0.0,0.0
39,0.5,0.0,0.5,0.0
40,1.0,0.0,0.0,0.0
41,0.125,0.5,0.375,0.0
42,0.1,0.8,0.1,0.0
43,0.0,0.0,0.0,1.0
44,0.0,0.0,0.6363636363636364,0.36363636363636365
45,0.0,0.0,1.0,0.0
46,0.0,0.5,0.5,0.0
47,0.6666666666666666,0.3333333333333333,0.0,0.0
48,,,,
49,0.0,0.0,0.0,1.0
50,0.0,0.0,0.6666666666666666,0.3333333333333333
51,0.0,0.0,0.0,1.0
52,,,,
53,0.3333333333333333,0.0,0.0,0.6666666666666666
54,0.8,0.2,0.0,0.0
55,1.0,0.0,0.0,0.0
56,0.0,0.0,0.6666666666666666,0.3333333333333333
57,0.0,0.0,1.0,0.0
58,0.0,1.0,0.0,0.0
59,0.0,0.0,0.5,0.5
60,0.0,0.6666666666666666,0.3333333333333333,0.0
61,0.0,0.0,0.26666666666666666,0.7333333333333333
62,0.0,0.0,0.22727272727272727,0.7727272727272727
63,,,,
64,,,,
65,0.5,0.0,0.0,0.5
66,0.0,0.1,0.35,0.55
67,0.4,0.0,0.6,0.0
68,0.625,0.25,0.125,0.0
69,0.0,0.25,0.0,0.75
70,0.0,1.0,0.0,0.0
71,0.14285714285714285,0.0,0.7142857142857143,0.14285714285714285
72,0.25,0.0,0.75,0.0
73,0.3333333333333333,0.0,0.0,0.6666666666666666
74,0.0,0.7777777777777778,0.2222222222222222,0.0
75,0.6666666666666666,0.1111111111111111,0.0,0.2222222222222222
76,0.8571428571428571,0.0,0.0,0.14285714285714285
77,0.42857142857142855,0.42857142857142855,0.14285714285714285,0.0
78,0.0,0.0,0.0,1.0
79,0.3902439024390244,0.36585365853658536,0.0,0.24390243902439024
80,0.0,0.0,1.0,0.0
81,0.0,1.0,0.0,0.0
82,1.0,0.0,0.0,0.0
83,0.4444444444444444,0.0,0.0,0.5555555555555556
84,0.0,0.1509433962264151,0.6792452830188679,0.16981132075471697
85,,,,
86,0.09090909090909091,0.0,0.2727272727272727,0.6363636363636364
87,0.0,0.0,0.3,0.7
88,0.8,0.175,0.0,0.025
89,0.2,0.0,0.36,0.44
90,0.0,0.09090909090909091,0.6818181818181818,0.22727272727272727
91,0.3783783783783784,0.5135135135135135,0.0,0.10810810810810811
92,0.0625,0.875,0.0625,0.0
93,0.7857142857142857,0.11904761904761904,0.0,0.09523809523809523
94,0.7121212121212122,0.22727272727272727,0.0,0.06060606060606061
95,0.7254901960784313,0.21568627450980393,0.058823529411764705,0.0
96,0.0,0.4,0.3,0.3
97,0.5526315789473685,0.21052631578947367,0.0,0.23684210526315788
98,0.041666666666666664,0.9166666666666666,0.041666666666666664,0.0
99,0.2222222222222222,0.7777777777777778,0.0,0.0
100,0.0,0.5454545454545454,0.0,0.45454545454545453
101,0.1,0.0,0.0,0.9
102,0.0,1.0,0.0,0.0
103,0.0,0.5238095238095238,0.09523809523809523,0.38095238095238093
104,0.0,0.0,0.024390243902439025,0.975609756097561
105,0.0,1.0,0.0,0.0
106,0.7272727272727273,0.09090909090909091,0.0,0.18181818181818182
107,0.0,0.9166666666666666,0.0,0.08333333333333333
108,0.0,0.0,0.9375,0.0625
109,0.3484848484848485,0.6363636363636364,0.0,0.015151515151515152
110,0.0,0.0,0.0,1.0
111,,,,
112,,,,
113,0.5,0.0,0.0,0.5
114,0.0,0.05555555555555555,0.9444444444444444,0.0
115,0.0,1.0,0.0,0.0
116,0.09090909090909091,0.0,0.0,0.9090909090909091
117,1.0,0.0,0.0,0.0
118,0.5,0.0,0.0,0.5
119,0.0,0.0,0.06666666666666667,0.9333333333333333
120,0.5,0.0,0.0,0.5
121,0.0,0.0,0.0,1.0
122,0.4411764705882353,0.29411764705882354,0.0,0.2647058823529412
123,0.03571428571428571,0.0,0.8214285714285714,0.14285714285714285
124,0.0,0.19672131147540983,0.09836065573770492,0.7049180327868853
125,0.0,0.0,1.0,0.0
126,,,,
127,,,,
128,0.0,0.07692307692307693,0.9230769230769231,0.0
129,1.0,0.0,0.0,0.0
130,1.0,0.0,0.0,0.0
131,0.6,0.0,0.0,0.4
132,0.0,0.2857142857142857,0.7142857142857143,0.0
133,0.0,0.2,0.8,0.0
134,0.0,0.75,0.0,0.25
135,0.0,0.5,0.0,0.5
136,0.5,0.5,0.0,0.0
137,0.2857142857142857,0.0,0.5714285714285714,0.14285714285714285
138,,,,
139,0.0,0.0,1.0,0.0
140,0.9333333333333333,0.06666666666666667,0.0,0.0
141,,,,
142,0.0,0.3333333333333333,0.3333333333333333,0.3333333333333333
143,1.0,0.0,0.0,0.0
144,,,,
145,0.0,0.0,0.0,1.0
146,,,,
147,0.0,0.42857142857142855,0.5714285714285714,0.0
148,0.0,0.0,1.0,0.0
149,0.0,1.0,0.0,0.0
150,0.0,0.5,0.0,0.5
151,0.0,0.9285714285714286,0.0,0.07142857142857142
152,0.6101694915254238,0.3050847457627119,0.0,0.0847457627118644
153,0.3103448275862069,0.5517241379310345,0.13793103448275862,0.0
154,0.0,0.6176470588235294,0.3235294117647059,0.058823529411764705
155,0.14285714285714285,0.0,0.2857142857142857,0.5714285714285714
156,0.0,0.5,0.5,0.0
157,0.3333333333333333,0.6666666666666666,0.0,0.0
158,0.0,0.0,0.5,0.5
159,0.0,0.8409090909090909,0.1590909090909091,0.0
160,0.0,0.875,0.03125,0.09375
161,0.06451612903225806,0.7741935483870968,0.16129032258064516,0.0
162,0.23214285714285715,0.6428571428571429,0.125,0.0
163,0.0,0.65,0.0,0.35
164,0.18181818181818182,0.0,0.0,0.8181818181818182
165,0.0,0.5,0.5,0.0
166,0.18604651162790697,0.813953488372093,0.0,0.0
167,0.25,0.25,0.5,0.0
168,0.5,0.0,0.0,0.5
169,0.5,0.0,0.0,0.5
170,0.5277777777777778,0.4166666666666667,0.0,0.05555555555555555
171,0.0,0.1111111111111111,0.8518518518518519,0.037037037037037035
172,0.6065573770491803,0.29508196721311475,0.0,0.09836065573770492
173,0.7714285714285715,0.0,0.08571428571428572,0.14285714285714285
174,0.0,0.07407407407407407,0.6666666666666666,0.25925925925925924
175,0.5714285714285714,0.0,0.14285714285714285,0.2857142857142857
176,0.1875,0.0,0.5,0.3125
177,0.7435897435897436,0.10256410256410256,0.15384615384615385,0.0
178,0.0,0.21052631578947367,0.0,0.7894736842105263
179,0.04,0.0,0.84,0.12
180,0.08,0.16,0.76,0.0
181,0.0,0.6875,0.0,0.3125
182,0.0,0.0,0.0,1.0
183,0.0,0.3888888888888889,0.6111111111111112,0.0
184,0.0,0.34615384615384615,0.6538461538461539,0.0
185,0.05405405405405406,0.0,0.13513513513513514,0.8108108108108109
186,0.0,0.0,0.8181818181818182,0.18181818181818182
187,0.25,0.0,0.25,0.5
188,0.08695652173913043,0.13043478260869565,0.0,0.782608695652174
189,0.07142857142857142,0.42857142857142855,0.5,0.0
190,1.0,0.0,0.0,0.0
191,0.0,0.0,0.0,1.0
192,1.0,0.0,0.0,0.0
193,0.0,0.0,1.0,0.0
194,0.14285714285714285,0.0,0.5714285714285714,0.2857142857142857
195,0.0,0.6578947368421053,0.34210526315789475,0.0
196,0.0,0.3225806451612903,0.6129032258064516,0.06451612903225806
197,0.25,0.75,0.0,0.0
198,0.0,0.4,0.6,0.0
199,0.75,0.25,0.0,0.0
200,0.0,0.8421052631578947,0.15789473684210525,0.0
201,0.5,0.0,0.5,0.0
202,0.5,0.5,0.0,0.0
203,0.0,0.5833333333333334,0.3333333333333333,0.08333333333333333
204,0.29545454545454547,0.5681818181818182,0.0,0.13636363636363635
205,0.0,0.9333333333333333,0.06666666666666667,0.0
206,0.10416666666666667,0.6458333333333334,0.25,0.0
207,0.0,0.0,0.13636363636363635,0.8636363636363636
208,0.14814814814814814,0.0,0.5185185185185185,0.3333333333333333
209,0.1,0.0,0.6,0.3
210,0.0,0.14285714285714285,0.0,0.8571428571428571
211,0.0,0.25,0.75,0.0
212,0.0,0.17543859649122806,0.5263157894736842,0.2982456140350877
213,0.09090909090909091,0.0,0.9090909090909091,0.0
214,0.25,0.0,0.25,0.5
215,0.0,0.14285714285714285,0.07142857142857142,0.7857142857142857
216,0.46938775510204084,0.3877551020408163,0.0,0.14285714285714285
217,0.08333333333333333,0.4166666666666667,0.5,0.0
218,0.0,0.25,0.5192307692307693,0.23076923076923078
219,0.0,0.0,0.0,1.0
220,0.0,0.6666666666666666,0.3333333333333333,0.0
221,0.0,0.0,0.3333333333333333,0.6666666666666666
222,0.0,0.14285714285714285,0.14285714285714285,0.7142857142857143
223,0.15789473684210525,0.0,0.5789473684210527,0.2631578947368421
224,0.6470588235294118,0.29411764705882354,0.0,0.058823529411764705
225,0.125,0.375,0.5,0.0
226,0.05263157894736842,0.0,0.10526315789473684,0.8421052631578947
227,0.11764705882352941,0.47058823529411764,0.4117647058823529,0.0
228,0.0,0.2727272727272727,0.7272727272727273,0.0
229,0.0,0.21052631578947367,0.7894736842105263,0.0
230,0.25,0.3125,0.0,0.4375
231,0.0,0.0,1.0,0.0
232,0.0,0.0,1.0,0.0
233,0.034482758620689655,0.0,0.1724137931034483,0.7931034482758621
234,0.0,0.0,1.0,0.0
235,0.0,0.0,1.0,0.0
236,0.36,0.52,0.0,0.12
237,0.16666666666666666,0.0,0.8333333333333334,0.0
238,0.0,0.0,1.0,0.0
239,0.13333333333333333,0.0,0.06666666666666667,0.8
240,0.8333333333333334,0.0,0.16666666666666666,0.0
241,0.0,0.0,0.1111111111111111,0.8888888888888888
242,0.0,0.0,0.14285714285714285,0.8571428571428571
243,0.5,0.0,0.0,0.5
244,0.0,0.0,1.0,0.0
245,0.8,0.0,0.0,0.2
246,0.0,0.0,0.7272727272727273,0.2727272727272727
247,0.0,0.0784313725490196,0.7843137254901961,0.13725490196078433
248,0.5333333333333333,0.3466666666666667,0.0,0.12
249,0.24,0.0,0.22,0.54
250,0.0,0.0,1.0,0.0
251,0.3333333333333333,0.6666666666666666,0.0,0.0
252,0.0,0.3333333333333333,0.5333333333333333,0.13333333333333333
253,0.4574468085106383,0.5319148936170213,0.0,0.010638297872340425
254,0.03571428571428571,0.0,0.5,0.4642857142857143
255,0.16666666666666666,0.0,0.8333333333333334,0.0
256,1.0,0.0,0.0,0.0
257,0.0,0.25,0.75,0.0
258,0.08333333333333333,0.08333333333333333,0.0,0.8333333333333334
259,0.0,0.0,1.0,0.0
260,0.0,0.5,0.0,0.5
261,0.0,0.0,0.5,0.5
262,,,,
263,0.045454545454545456,0.45454545454545453,0.5,0.0
264,,,,
265,0.16666666666666666,0.0,0.0,0.8333333333333334
266,1.0,0.0,0.0,0.0
267,0.5,0.0,0.0,0.5
268,,,,
269,0.8,0.0,0.0,0.2
270,,,,
271,0.0,0.0,1.0,0.0
272,1.0,0.0,0.0,0.0
273,0.0,0.25,0.5,0.25
274,,,,
275,0.75,0.0,0.0,0.25
276,1.0,0.0,0.0,0.0
277,0.5,0.0,0.5,0.0
278,0.0,0.0,0.0,1.0
279,0.918918918918919,0.05405405405405406,0.0,0.02702702702702703
280,0.0,1.0,0.0,0.0
281,0.13043478260869565,0.43478260869565216,0.0,0.43478260869565216
282,0.0,0.0,1.0,0.0
283,0.0,0.0,0.0,1.0
284,0.0,1.0,0.0,0.0
285,0.0,0.9583333333333334,0.041666666666666664,0.0
286,0.0,0.0,0.125,0.875
287,0.0,0.0,0.0,1.0
288,0.0,0.0,1.0,0.0
289,,,,
290,,,,
291,,,,
292,0.0,1.0,0.0,0.0
293,0.0,1.0,0.0,0.0
294,,,,
295,,,,
296,,,,
297,,,,
298,,,,
299,,,,
300,,,,
301,,,,
302,,,,
303,,,,
304,,,,
305,,,,
306,,,,
307,,,,
308,,,,
309,,,,
