,A,C,G,T
0,,,,
1,,,,
2,0.5023255813953489,0.42790697674418604,0.0,0.06976744186046512
3,0.3,0.22,0.0,0.48
4,0.6578947368421053,0.14035087719298245,0.20175438596491227,0.0
5,0.6324786324786325,0.19658119658119658,0.0,0.17094017094017094
6,0.35714285714285715,0.0,0.23214285714285715,0.4107142857142857
7,0.0,0.125,0.5808823529411765,0.29411764705882354
8,0.75,0.18548387096774194,0.0,0.06451612903225806
9,0.03225806451612903,0.0,0.17511520737327188,0.7926267281105991
10,0.3333333333333333,0.5,0.16666666666666666,0.0
11,0.5517241379310345,0.05172413793103448,0.0,0.39655172413793105
12,0.14942528735632185,0.4367816091954023,0.0,0.41379310344827586
13,0.7070707070707071,0.2727272727272727,0.020202020202020204,0.0
14,0.5106382978723404,0.18085106382978725,0.0,0.30851063829787234
15,0.041666666666666664,0.6458333333333334,0.0,0.3125
16,0.0,0.8153846153846154,0.06153846153846154,0.12307692307692308
17,0.7969924812030075,0.11278195488721804,0.0,0.09022556390977443
18,0.16129032258064516,0.25806451612903225,0.5806451612903226,0.0
19,0.5833333333333334,0.0,0.0,0.4166666666666667
20,0.03017241379310345,0.20689655172413793,0.7629310344827587,0.0
21,0.15384615384615385,0.38461538461538464,0.0,0.46153846153846156
22,0.16,0.08,0.0,0.76
23,0.18181818181818182,0.4318181818181818,0.0,0.38636363636363635
24,0.19230769230769232,0.07692307692307693,0.0,0.7307692307692307
25,0.10526315789473684,0.05263157894736842,0.0,0.8421052631578947
26,0.0,0.46875,0.4375,0.09375
27,0.4852941176470588,0.36764705882352944,0.0,0.14705882352941177
28,0.5059880239520959,0.40718562874251496,0.0,0.08682634730538923
29,0.7014925373134329,0.0,0.1791044776119403,0.11940298507462686
30,0.035211267605633804,0.6690140845070423,0.29577464788732394,0.0
31,0.0,0.4166666666666667,0.5833333333333334,0.0
32,0.6724137931034483,0.19827586206896552,0.0,0.12931034482758622
33,0.8333333333333334,0.058333333333333334,0.0,0.10833333333333334
34,0.21649484536082475,0.6288659793814433,0.15463917525773196,0.0
35,0.0,0.27631578947368424,0.34649122807017546,0.37719298245614036
36,0.391304347826087,0.0,0.5217391304347826,0.08695652173913043
37,0.0,0.3492063492063492,0.4126984126984127,0.23809523809523808
38,0.6805555555555556,0.06944444444444445,0.0,0.25
39,0.22448979591836735,0.0,0.5306122448979592,0.24489795918367346
40,0.36585365853658536,0.0,0.4634146341463415,0.17073170731707318
41,0.011816838995568686,0.09748892171344166,0.8906942392909897,0.0
42,0.23529411764705882,0.11764705882352941,0.0,0.6470588235294118
43,0.6511627906976745,0.09302325581395349,0.0,0.2558139534883721
44,0.2631578947368421,0.43859649122807015,0.0,0.2982456140350877
45,0.8275862068965517,0.034482758620689655,0.0,0.13793103448275862
46,0.7402597402597403,0.18181818181818182,0.0,0.07792207792207792
47,0.5666666666666667,0.23333333333333334,0.0,0.2
48,0.3333333333333333,0.1111111111111111,0.5555555555555556,0.0
49,0.5,0.0,0.23076923076923078,0.2692307692307692
50,0.22727272727272727,0.0,0.12121212121212122,0.6515151515151515
51,0.3181818181818182,0.0,0.11363636363636363,0.5681818181818182
52,0.23076923076923078,0.10256410256410256,0.6666666666666666,0.0
53,0.7195121951219512,0.0975609756097561,0.0,0.18292682926829268
54,0.0,0.7045454545454546,0.26136363636363635,0.03409090909090909
55,0.10810810810810811,0.6756756756756757,0.0,0.21621621621621623
56,0.0,0.3372093023255814,0.5930232558139535,0.06976744186046512
57,0.7818181818181819,0.0,0.2,0.01818181818181818
58,0.025,0.475,0.5,0.0
59,0.2926829268292683,0.0,0.43902439024390244,0.2682926829268293
60,0.1566265060240964,0.5301204819277109,0.3132530120481928,0.0
61,0.3793103448275862,0.0,0.27586206896551724,0.3448275862068966
62,0.26548672566371684,0.0,0.11504424778761062,0.6194690265486725
63,0.1111111111111111,0.0,0.8888888888888888,0.0
64,0.0,0.23076923076923078,0.0,0.7692307692307693
65,0.01834862385321101,0.8256880733944955,0.1559633027522936,0.0
66,0.546583850931677,0.043478260869565216,0.0,0.40993788819875776
67,0.35646687697160884,0.0,0.08832807570977919,0.555205047318612
68,0.0,0.24675324675324675,0.5584415584415584,0.19480519480519481
69,0.7894736842105263,0.10526315789473684,0.0,0.10526315789473684
70,0.06944444444444445,0.0,0.3888888888888889,0.5416666666666666
71,0.1774193548387097,0.0,0.41935483870967744,0.4032258064516129
72,0.29591836734693877,0.29591836734693877,0.40816326530612246,0.0
73,0.12727272727272726,0.0,0.2909090909090909,0.5818181818181818
74,0.1,0.5277777777777778,0.37222222222222223,0.0
75,0.2916666666666667,0.375,0.0,0.3333333333333333
76,0.6575342465753424,0.136986301369863,0.0,0.2054794520547945
77,0.0,0.36607142857142855,0.48660714285714285,0.14732142857142858
78,0.24675324675324675,0.4935064935064935,0.2597402597402597,0.0
79,0.13333333333333333,0.6666666666666666,0.2,0.0
80,0.22077922077922077,0.0,0.19480519480519481,0.5844155844155844
81,0.0,0.44516129032258067,0.3258064516129032,0.22903225806451613
82,0.15126050420168066,0.0,0.46008403361344535,0.38865546218487396
83,0.22357723577235772,0.0,0.2886178861788618,0.4878048780487805
84,0.1484375,0.515625,0.3359375,0.0
85,0.16666666666666666,0.40476190476190477,0.42857142857142855,0.0
86,0.09743589743589744,0.0,0.19487179487179487,0.7076923076923077
87,0.0,0.3089887640449438,0.4606741573033708,0.2303370786516854
88,0.46446700507614214,0.4137055837563452,0.0,0.1218274111675127
89,0.2978723404255319,0.40638297872340423,0.2957446808510638,0.0
90,0.0,0.24558303886925795,0.5865724381625441,0.16784452296819788
91,0.5272108843537415,0.4238095238095238,0.0,0.04897959183673469
92,0.14470284237726097,0.0,0.2739018087855297,0.5813953488372093
93,0.2626865671641791,0.5582089552238806,0.1791044776119403,0.0
94,0.0,0.6206030150753769,0.05778894472361809,0.32160804020100503
95,0.06976744186046512,0.0,0.12403100775193798,0.8062015503875969
96,0.29310344827586204,0.29310344827586204,0.0,0.41379310344827586
97,0.0,0.6075949367088608,0.2974683544303797,0.0949367088607595
98,0.650887573964497,0.0,0.2781065088757396,0.07100591715976332
99,0.0,0.33157894736842103,0.11052631578947368,0.5578947368421052
100,0.041666666666666664,0.20833333333333334,0.75,0.0
101,0.37050359712230213,0.39928057553956836,0.0,0.2302158273381295
102,0.46923076923076923,0.0,0.13846153846153847,0.3923076923076923
103,0.0,0.6495726495726496,0.1111111111111111,0.23931623931623933
104,0.10843373493975904,0.0,0.1686746987951807,0.7228915662650602
105,0.043478260869565216,0.34782608695652173,0.6086956521739131,0.0
106,0.3,0.2,0.0,0.5
107,0.0625,0.3125,0.0,0.625
108,0.22988505747126436,0.4482758620689655,0.0,0.3218390804597701
109,0.06666666666666667,0.4,0.5333333333333333,0.0
110,0.10810810810810811,0.0,0.33783783783783783,0.5540540540540541
111,0.5454545454545454,0.0,0.22727272727272727,0.22727272727272727
112,0.5,0.1875,0.0,0.3125
113,0.09333333333333334,0.0,0.29333333333333333,0.6133333333333333
114,0.391304347826087,0.0,0.4782608695652174,0.13043478260869565
115,0.0,0.1956521739130435,0.34782608695652173,0.45652173913043476
116,0.0,0.09289617486338798,0.7650273224043715,0.14207650273224043
117,0.4602941176470588,0.4588235294117647,0.0,0.08088235294117647
118,0.04613841524573721,0.0,0.324974924774323,0.6288866599799399
119,0.43646408839779005,0.3812154696132597,0.18232044198895028,0.0
120,0.0,0.5844700944386149,0.2738719832109129,0.1416579223504722
121,0.4146341463414634,0.0,0.16585365853658537,0.4195121951219512
122,0.0,0.2543859649122807,0.34210526315789475,0.40350877192982454
123,0.4305555555555556,0.4583333333333333,0.0,0.1111111111111111
124,0.5192307692307693,0.15384615384615385,0.0,0.3269230769230769
125,0.0,0.12195121951219512,0.8414634146341463,0.036585365853658534
126,0.0,0.1277533039647577,0.8193832599118943,0.05286343612334802
127,0.0,0.07804878048780488,0.8536585365853658,0.06829268292682927
128,0.0,0.11604095563139932,0.764505119453925,0.11945392491467577
129,0.5611814345991561,0.35864978902953587,0.0,0.08016877637130802
130,0.20212765957446807,0.40425531914893614,0.0,0.39361702127659576
131,0.16574585635359115,0.3812154696132597,0.4530386740331492,0.0
132,0.19148936170212766,0.0,0.2695035460992908,0.5390070921985816
133,0.044642857142857144,0.4017857142857143,0.5535714285714286,0.0
134,0.416,0.184,0.0,0.4
135,0.14432989690721648,0.5360824742268041,0.0,0.31958762886597936
136,0.0,0.1024390243902439,0.7951219512195122,0.1024390243902439
137,0.0,0.30158730158730157,0.0,0.6984126984126984
138,0.06862745098039216,0.029411764705882353,0.9019607843137255,0.0
139,0.125,0.1527777777777778,0.0,0.7222222222222222
140,0.21311475409836064,0.14754098360655737,0.0,0.639344262295082
141,0.41379310344827586,0.25862068965517243,0.0,0.3275862068965517
142,0.15625,0.078125,0.765625,0.0
143,0.23809523809523808,0.0,0.2761904761904762,0.4857142857142857
144,0.03626943005181347,0.02072538860103627,0.9430051813471503,0.0
145,0.4805194805194805,0.0,0.35064935064935066,0.16883116883116883
146,0.0,0.17532467532467533,0.474025974025974,0.35064935064935066
147,0.6462035541195477,0.13247172859450726,0.0,0.22132471728594508
148,0.060950413223140494,0.0,0.7479338842975206,0.19111570247933884
149,0.37575757575757573,0.43232323232323233,0.1919191919191919,0.0
150,0.0,0.20973782771535582,0.5580524344569289,0.23220973782771537
151,0.07142857142857142,0.4,0.5285714285714286,0.0
152,0.14906832298136646,0.43478260869565216,0.4161490683229814,0.0
153,0.555858310626703,0.18528610354223432,0.0,0.25885558583106266
154,0.5678627145085804,0.36817472698907955,0.0,0.06396255850234009
155,0.3247706422018349,0.3798165137614679,0.29541284403669726,0.0
156,0.0,0.19572368421052633,0.4786184210526316,0.3256578947368421
157,0.1562913907284768,0.0,0.3205298013245033,0.5231788079470199
158,0.25617283950617287,0.4104938271604938,0.3333333333333333,0.0
159,0.6229205175600739,0.19963031423290203,0.0,0.17744916820702403
160,0.23040380047505937,0.0,0.49049881235154397,0.27909738717339666
161,0.2862903225806452,0.4798387096774194,0.23387096774193547,0.0
162,0.36633663366336633,0.24752475247524752,0.0,0.38613861386138615
163,0.38016528925619836,0.371900826446281,0.0,0.24793388429752067
164,0.22153846153846155,0.49538461538461537,0.28307692307692306,0.0
165,0.46774193548387094,0.21370967741935484,0.0,0.3185483870967742
166,0.0,0.22994652406417113,0.47593582887700536,0.29411764705882354
167,0.23008849557522124,0.0,0.30973451327433627,0.46017699115044247
168,0.0,0.0,0.5352112676056338,0.4647887323943662
169,0.3963963963963964,0.0,0.22072072072072071,0.38288288288288286
170,0.0,0.27941176470588236,0.5245098039215687,0.19607843137254902
171,0.19058823529411764,0.48470588235294115,0.3247058823529412,0.0
172,0.0,0.28,0.07047619047619047,0.6495238095238095
173,0.08629441624365482,0.0,0.1116751269035533,0.8020304568527918
174,0.10270270270270271,0.40540540540540543,0.4918918918918919,0.0
175,0.0,0.19117647058823528,0.08823529411764706,0.7205882352941176
176,0.04878048780487805,0.7317073170731707,0.21951219512195122,0.0
177,0.0757825370675453,0.0,0.5164744645799012,0.40774299835255357
178,0.23579545454545456,0.0,0.21306818181818182,0.5511363636363636
179,0.0,0.20353982300884957,0.584070796460177,0.21238938053097345
180,0.6388888888888888,0.18518518518518517,0.0,0.17592592592592593
181,0.7699680511182109,0.15495207667731628,0.0,0.07507987220447285
182,0.12340425531914893,0.0,0.4851063829787234,0.39148936170212767
183,0.13636363636363635,0.22727272727272727,0.6363636363636364,0.0
184,0.5294117647058824,0.0,0.11764705882352941,0.35294117647058826
185,0.38513513513513514,0.0,0.060810810810810814,0.5540540540540541
186,0.5772357723577236,0.2926829268292683,0.0,0.13008130081300814
187,0.18018018018018017,0.38738738738738737,0.43243243243243246,0.0
188,0.5102040816326531,0.17346938775510204,0.0,0.3163265306122449
189,0.0,0.30603448275862066,0.6551724137931034,0.03879310344827586
190,0.0,0.0547945205479452,0.910958904109589,0.03424657534246575
191,0.3584905660377358,0.2830188679245283,0.0,0.3584905660377358
192,0.31666666666666665,0.1,0.0,0.5833333333333334
193,0.6904761904761905,0.023809523809523808,0.0,0.2857142857142857
194,0.3230769230769231,0.0,0.4,0.27692307692307694
195,0.6129032258064516,0.0,0.22580645161290322,0.16129032258064516
196,0.28125,0.28125,0.0,0.4375
197,0.0,0.3721973094170404,0.5291479820627802,0.09865470852017937
198,0.20408163265306123,0.16326530612244897,0.6326530612244898,0.0
199,0.17391304347826086,0.08695652173913043,0.7391304347826086,0.0
200,0.25263157894736843,0.0,0.07368421052631578,0.6736842105263158
201,0.0,0.12162162162162163,0.6351351351351351,0.24324324324324326
202,0.10358565737051793,0.0,0.21912350597609562,0.6772908366533864
203,0.3384615384615385,0.0,0.26153846153846155,0.4
204,0.0,0.07037037037037037,0.9111111111111111,0.018518518518518517
205,0.1650485436893204,0.2815533980582524,0.5533980582524272,0.0
206,0.20300751879699247,0.0,0.3458646616541353,0.45112781954887216
207,0.27586206896551724,0.21839080459770116,0.5057471264367817,0.0
208,0.3875,0.0,0.075,0.5375
209,0.34210526315789475,0.0,0.14473684210526316,0.5131578947368421
210,0.0,0.40476190476190477,0.5476190476190477,0.047619047619047616
211,0.5714285714285714,0.10714285714285714,0.0,0.32142857142857145
212,0.0,0.09523809523809523,0.8476190476190476,0.05714285714285714
213,0.21212121212121213,0.48484848484848486,0.0,0.30303030303030304
214,0.0,0.22727272727272727,0.7045454545454546,0.06818181818181818
215,0.0,0.5137195121951219,0.23170731707317074,0.2545731707317073
216,0.0,0.026066350710900472,0.8909952606635071,0.08293838862559241
217,0.0,0.16167664670658682,0.5868263473053892,0.25149700598802394
218,0.10294117647058823,0.7852941176470588,0.11176470588235295,0.0
219,0.27419354838709675,0.056451612903225805,0.0,0.6693548387096774
220,0.46436781609195404,0.0,0.34942528735632183,0.18620689655172415
221,0.46153846153846156,0.0,0.4230769230769231,0.11538461538461539
222,0.0,0.2328767123287671,0.7054794520547946,0.06164383561643835
223,0.0,0.13584905660377358,0.7924528301886793,0.07169811320754717
224,0.5590062111801242,0.37888198757763975,0.0,0.062111801242236024
225,0.0,0.3508771929824561,0.631578947368421,0.017543859649122806
226,0.0,0.15833333333333333,0.8125,0.029166666666666667
227,0.0957683741648107,0.0,0.21158129175946547,0.6926503340757239
228,0.6545454545454545,0.048484848484848485,0.296969696969697,0.0
229,0.3644859813084112,0.0,0.18691588785046728,0.4485981308411215
230,0.32057416267942584,0.0,0.41626794258373206,0.2631578947368421
231,0.07312925170068027,0.4387755102040816,0.4880952380952381,0.0
232,0.12307692307692308,0.5538461538461539,0.3230769230769231,0.0
233,0.326,0.592,0.0,0.082
234,0.14705882352941177,0.5882352941176471,0.2647058823529412,0.0
235,0.0,0.2774566473988439,0.017341040462427744,0.7052023121387283
236,0.05504587155963303,0.7981651376146789,0.14678899082568808,0.0
237,0.5483870967741935,0.0,0.16129032258064516,0.2903225806451613
238,0.24242424242424243,0.18181818181818182,0.5757575757575758,0.0
239,0.21323529411764705,0.2769607843137255,0.5098039215686274,0.0
240,0.17424242424242425,0.0,0.803030303030303,0.022727272727272728
241,0.0,0.1951219512195122,0.4634146341463415,0.34146341463414637
242,0.0,0.26422764227642276,0.7154471544715447,0.02032520325203252
243,0.0,0.44692737430167595,0.18994413407821228,0.36312849162011174
244,0.1388888888888889,0.1388888888888889,0.7222222222222222,0.0
245,0.4716981132075472,0.11320754716981132,0.0,0.41509433962264153
246,0.0,0.13658536585365855,0.7707317073170732,0.09268292682926829
247,0.0,0.375,0.5458333333333333,0.07916666666666666
248,0.2247191011235955,0.0,0.15168539325842698,0.6235955056179775
249,0.0,0.06338028169014084,0.823943661971831,0.11267605633802817
250,0.7487179487179487,0.21794871794871795,0.0,0.03333333333333333
251,0.0625,0.0,0.0725,0.865
252,0.20930232558139536,0.0,0.47674418604651164,0.313953488372093
253,0.17647058823529413,0.029411764705882353,0.7941176470588235,0.0
254,0.2,0.5578947368421052,0.0,0.24210526315789474
255,0.0,0.40229885057471265,0.5862068965517241,0.011494252873563218
256,0.20134228187919462,0.7002237136465325,0.0,0.09843400447427293
257,0.0,0.543859649122807,0.31140350877192985,0.14473684210526316
258,0.3870967741935484,0.5741935483870968,0.0,0.03870967741935484
259,0.1903914590747331,0.0,0.051601423487544484,0.7580071174377224
260,0.225,0.0,0.075,0.7
261,0.2777777777777778,0.3333333333333333,0.0,0.3888888888888889
262,0.8850574712643678,0.10153256704980843,0.0,0.013409961685823755
263,0.6067415730337079,0.24157303370786518,0.0,0.15168539325842698
264,0.5555555555555556,0.2222222222222222,0.0,0.2222222222222222
265,0.0,0.2727272727272727,0.5454545454545454,0.18181818181818182
266,0.30434782608695654,0.0,0.08695652173913043,0.6086956521739131
267,0.0,0.04819277108433735,0.3373493975903614,0.6144578313253012
268,0.5,0.0,0.16666666666666666,0.3333333333333333
269,0.24561403508771928,0.5789473684210527,0.0,0.17543859649122806
270,0.1875,0.1875,0.0,0.625
271,0.07865168539325842,0.0,0.8764044943820225,0.0449438202247191
272,0.10344827586206896,0.8237547892720306,0.07279693486590039,0.0
273,0.5443645083932853,0.302158273381295,0.0,0.15347721822541965
274,0.1111111111111111,0.6111111111111112,0.2777777777777778,0.0
275,0.3710280373831776,0.38878504672897196,0.0,0.24018691588785046
276,0.037037037037037035,0.18518518518518517,0.7777777777777778,0.0
277,0.0,0.16666666666666666,0.16666666666666666,0.6666666666666666
278,0.005555555555555556,0.9222222222222223,0.07222222222222222,0.0
279,0.02857142857142857,0.5142857142857142,0.45714285714285713,0.0
280,0.0,0.045283018867924525,0.03773584905660377,0.9169811320754717
281,0.004640371229698376,0.0,0.016241299303944315,0.9791183294663574
282,0.2037037037037037,0.07407407407407407,0.7222222222222222,0.0
283,0.2903225806451613,0.12903225806451613,0.0,0.5806451612903226
284,0.0070921985815602835,0.7588652482269503,0.23404255319148937,0.0
285,0.8639705882352942,0.007352941176470588,0.0,0.12867647058823528
286,0.04488778054862843,0.0,0.08478802992518704,0.8703241895261845
287,0.0,0.1736842105263158,0.7157894736842105,0.11052631578947368
288,0.0,0.6704545454545454,0.32954545454545453,0.0
289,0.5377358490566038,0.36792452830188677,0.0,0.09433962264150944
290,0.0,0.09722222222222222,0.8472222222222222,0.05555555555555555
291,0.17857142857142858,0.25,0.0,0.5714285714285714
292,0.0,0.2909090909090909,0.6363636363636364,0.07272727272727272
293,0.14492753623188406,0.17391304347826086,0.6811594202898551,0.0
294,0.2777777777777778,0.0,0.2222222222222222,0.5
295,0.047619047619047616,0.23809523809523808,0.7142857142857143,0.0
296,1.0,0.0,0.0,0.0
297,0.375,0.3125,0.3125,0.0
298,0.5,0.0,0.5,0.0
299,,,,
300,,,,
301,,,,
302,,,,
303,,,,
304,0.0,1.0,0.0,0.0
305,0.0,0.0,1.0,0.0
306,,,,
307,0.0,0.25,0.75,0.0
308,,,,
309,,,,
310,,,,
311,,,,
312,,,,
