,A,C,G,T
0,,,,
1,,,,
2,0.24,0.6,0.0,0.16
3,0.9285714285714286,0.047619047619047616,0.0,0.023809523809523808
4,0.13333333333333333,0.8,0.06666666666666667,0.0
5,0.08,0.0,0.72,0.2
6,0.0,0.01639344262295082,0.13114754098360656,0.8524590163934426
7,0.0,0.0,0.3333333333333333,0.6666666666666666
8,0.36666666666666664,0.0,0.06666666666666667,0.5666666666666667
9,0.14583333333333334,0.8125,0.041666666666666664,0.0
10,0.0,0.5555555555555556,0.4444444444444444,0.0
11,0.0,0.7368421052631579,0.0,0.2631578947368421
12,0.0,0.8235294117647058,0.11764705882352941,0.058823529411764705
13,0.3235294117647059,0.5,0.0,0.17647058823529413
14,0.3548387096774194,0.03225806451612903,0.0,0.6129032258064516
15,0.0,0.7142857142857143,0.0,0.2857142857142857
16,0.0,0.782608695652174,0.0,0.21739130434782608
17,0.9431818181818182,0.011363636363636364,0.0,0.045454545454545456
18,0.7,0.2,0.1,0.0
19,0.2222222222222222,0.0,0.2222222222222222,0.5555555555555556
20,0.14814814814814814,0.42592592592592593,0.42592592592592593,0.0
21,0.4,0.2,0.0,0.4
22,0.11764705882352941,0.0,0.0,0.8823529411764706
23,0.015384615384615385,0.6153846153846154,0.36923076923076925,0.0
24,0.6,0.0,0.0,0.4
25,0.14285714285714285,0.0,0.2857142857142857,0.5714285714285714
26,0.08888888888888889,0.5777777777777777,0.3333333333333333,0.0
27,0.0,0.6,0.0,0.4
28,0.375,0.0,0.625,0.0
29,0.813953488372093,0.023255813953488372,0.0,0.16279069767441862
30,0.0,0.0,0.4666666666666667,0.5333333333333333
31,0.06666666666666667,0.2,0.7333333333333333,0.0
32,0.3382352941176471,0.058823529411764705,0.0,0.6029411764705882
33,0.44285714285714284,0.4142857142857143,0.0,0.14285714285714285
34,0.0625,0.75,0.1875,0.0
35,0.7204301075268817,0.16129032258064516,0.0,0.11827956989247312
36,0.0,0.5714285714285714,0.40476190476190477,0.023809523809523808
37,0.0,0.07746478873239436,0.9154929577464789,0.007042253521126761
38,0.0,0.03614457831325301,0.9036144578313253,0.060240963855421686
39,0.023255813953488372,0.0,0.20930232558139536,0.7674418604651163
40,0.45454545454545453,0.0,0.09090909090909091,0.45454545454545453
41,0.14285714285714285,0.0,0.0,0.8571428571428571
42,0.0,0.06818181818181818,0.5454545454545454,0.38636363636363635
43,0.5,0.0,0.3958333333333333,0.10416666666666667
44,0.0,0.06666666666666667,0.3466666666666667,0.5866666666666667
45,0.02631578947368421,0.0,0.9736842105263158,0.0
46,0.0,0.4166666666666667,0.5416666666666666,0.041666666666666664
47,0.0,0.375,0.0,0.625
48,0.0,0.23529411764705882,0.47058823529411764,0.29411764705882354
49,0.40540540540540543,0.0,0.5405405405405406,0.05405405405405406
50,0.19117647058823528,0.0,0.07352941176470588,0.7352941176470589
51,0.006802721088435374,0.0,0.9727891156462585,0.02040816326530612
52,0.0,0.5714285714285714,0.42857142857142855,0.0
53,0.4186046511627907,0.0,0.5813953488372093,0.0
54,0.0,0.23076923076923078,0.5192307692307693,0.25
55,0.30303030303030304,0.0,0.5757575757575758,0.12121212121212122
56,0.0,0.24050632911392406,0.24050632911392406,0.5189873417721519
57,0.027777777777777776,0.0,0.2222222222222222,0.75
58,0.0,0.3333333333333333,0.6666666666666666,0.0
59,0.06060606060606061,0.18181818181818182,0.0,0.7575757575757576
60,0.0,0.36666666666666664,0.4666666666666667,0.16666666666666666
61,0.1111111111111111,0.0,0.3888888888888889,0.5
62,0.02702702702702703,0.0,0.5675675675675675,0.40540540540540543
63,0.2222222222222222,0.5555555555555556,0.2222222222222222,0.0
64,0.1875,0.1875,0.0,0.625
65,0.038461538461538464,0.0,0.0,0.9615384615384616
66,0.0,0.1411042944785276,0.43558282208588955,0.4233128834355828
67,0.12698412698412698,0.0,0.7619047619047619,0.1111111111111111
68,0.5245901639344263,0.0,0.09836065573770492,0.3770491803278688
69,0.0390625,0.34375,0.6171875,0.0
70,0.5526315789473685,0.23684210526315788,0.21052631578947367,0.0
71,0.011834319526627219,0.0,0.7514792899408284,0.23668639053254437
72,0.08928571428571429,0.48214285714285715,0.42857142857142855,0.0
73,0.8387096774193549,0.0,0.16129032258064516,0.0
74,0.1527777777777778,0.6388888888888888,0.20833333333333334,0.0
75,0.17647058823529413,0.14705882352941177,0.0,0.6764705882352942
76,0.3888888888888889,0.16666666666666666,0.0,0.4444444444444444
77,0.4694589877835951,0.506108202443281,0.0,0.02443280977312391
78,0.38461538461538464,0.25,0.36538461538461536,0.0
79,0.11764705882352941,0.6470588235294118,0.23529411764705882,0.0
80,0.05357142857142857,0.0,0.16071428571428573,0.7857142857142857
81,0.0967741935483871,0.4838709677419355,0.41935483870967744,0.0
82,0.07142857142857142,0.0,0.5,0.42857142857142855
83,0.0,0.20270270270270271,0.6756756756756757,0.12162162162162163
84,0.078125,0.0,0.21875,0.703125
85,0.03333333333333333,0.8333333333333334,0.13333333333333333,0.0
86,0.15789473684210525,0.0,0.6052631578947368,0.23684210526315788
87,0.0,0.21468926553672316,0.6836158192090396,0.1016949152542373
88,0.3118279569892473,0.6412512218963832,0.0,0.0469208211143695
89,0.41329479768786126,0.0,0.049132947976878616,0.5375722543352601
90,0.0,0.2254335260115607,0.4797687861271676,0.2947976878612717
91,0.18932038834951456,0.0,0.6456310679611651,0.1650485436893204
92,0.15384615384615385,0.47863247863247865,0.36752136752136755,0.0
93,0.0,0.38209982788296043,0.5387263339070568,0.07917383820998279
94,0.46722454672245467,0.46582984658298465,0.0,0.06694560669456066
95,0.532520325203252,0.16260162601626016,0.3048780487804878,0.0
96,0.6549295774647887,0.20422535211267606,0.0,0.14084507042253522
97,0.42702702702702705,0.5405405405405406,0.0,0.032432432432432434
98,0.0,0.2661290322580645,0.6008064516129032,0.13306451612903225
99,0.0,0.08641975308641975,0.7037037037037037,0.20987654320987653
100,0.06,0.86,0.08,0.0
101,0.4098360655737705,0.3770491803278688,0.0,0.21311475409836064
102,0.5555555555555556,0.12962962962962962,0.3148148148148148,0.0
103,0.07977207977207977,0.8433048433048433,0.0,0.07692307692307693
104,0.25,0.65,0.1,0.0
105,0.5660377358490566,0.03773584905660377,0.0,0.39622641509433965
106,0.0,0.2857142857142857,0.7142857142857143,0.0
107,0.4461538461538462,0.2923076923076923,0.0,0.26153846153846155
108,0.0,0.04680851063829787,0.8297872340425532,0.12340425531914893
109,0.44077134986225897,0.5413223140495868,0.0,0.01790633608815427
110,0.0017513134851138354,0.0,0.010507880910683012,0.9877408056042032
111,0.0,0.5,0.5,0.0
112,0.18181818181818182,0.0,0.0,0.8181818181818182
113,0.3333333333333333,0.0,0.0,0.6666666666666666
114,0.0,0.49504950495049505,0.3564356435643564,0.1485148514851485
115,0.25,0.25,0.5,0.0
116,0.38596491228070173,0.0,0.15789473684210525,0.45614035087719296
117,0.16666666666666666,0.0,0.16666666666666666,0.6666666666666666
118,0.30434782608695654,0.391304347826087,0.0,0.30434782608695654
119,0.075,0.55,0.375,0.0
120,0.0,0.0,0.0,1.0
121,0.0,0.2,0.8,0.0
122,0.9019607843137255,0.0392156862745098,0.0,0.058823529411764705
123,0.2184873949579832,0.0,0.5,0.2815126050420168
124,0.22727272727272727,0.0,0.6363636363636364,0.13636363636363635
125,0.25,0.0,0.125,0.625
126,0.5555555555555556,0.0,0.1111111111111111,0.3333333333333333
127,1.0,0.0,0.0,0.0
128,0.0,0.7045454545454546,0.12121212121212122,0.17424242424242425
129,0.12,0.72,0.0,0.16
130,0.2,0.2,0.0,0.6
131,0.8074534161490683,0.13043478260869565,0.0,0.062111801242236024
132,0.0,0.2923076923076923,0.7076923076923077,0.0
133,0.0,0.03783783783783784,0.9621621621621622,0.0
134,0.6111111111111112,0.05555555555555555,0.0,0.3333333333333333
135,0.3902439024390244,0.5609756097560976,0.0,0.04878048780487805
136,0.13333333333333333,0.0,0.7333333333333333,0.13333333333333333
137,0.5,0.0,0.125,0.375
138,0.14285714285714285,0.0,0.14285714285714285,0.7142857142857143
139,0.005154639175257732,0.9845360824742269,0.010309278350515464,0.0
140,0.5420560747663551,0.21495327102803738,0.0,0.24299065420560748
141,0.18181818181818182,0.5454545454545454,0.0,0.2727272727272727
142,0.0,0.625,0.375,0.0
143,0.9154929577464789,0.07042253521126761,0.0,0.014084507042253521
144,0.7857142857142857,0.0,0.21428571428571427,0.0
145,0.1,0.0,0.0,0.9
146,0.0,0.5833333333333334,0.0,0.4166666666666667
147,0.4,0.0,0.1,0.5
148,0.2,0.4,0.4,0.0
149,0.2727272727272727,0.48863636363636365,0.23863636363636365,0.0
150,0.16666666666666666,0.0,0.0,0.8333333333333334
151,0.04411764705882353,0.0,0.6617647058823529,0.29411764705882354
152,0.0,0.16891891891891891,0.3581081081081081,0.47297297297297297
153,0.3181818181818182,0.0,0.45454545454545453,0.22727272727272727
154,,,,
155,0.06722689075630252,0.0,0.35294117647058826,0.5798319327731093
156,0.0,0.06930693069306931,0.8960396039603961,0.034653465346534656
157,0.25,0.375,0.375,0.0
158,0.391304347826087,0.391304347826087,0.21739130434782608,0.0
159,0.375,0.5178571428571429,0.0,0.10714285714285714
160,0.0,0.16666666666666666,0.8333333333333334,0.0
161,0.08461538461538462,0.7923076923076923,0.12307692307692308,0.0
162,0.0,0.03278688524590164,0.9672131147540983,0.0
163,0.3125,0.4375,0.0,0.25
164,0.44,0.48,0.0,0.08
165,0.9203539823008849,0.008849557522123894,0.0,0.07079646017699115
166,0.0,0.2542372881355932,0.2033898305084746,0.5423728813559322
167,0.37,0.32,0.31,0.0
168,0.5416666666666666,0.017857142857142856,0.0,0.44047619047619047
169,0.0,0.04419889502762431,0.9447513812154696,0.011049723756906077
170,0.2559241706161137,0.7345971563981043,0.009478672985781991,0.0
171,0.7833333333333333,0.1375,0.0,0.07916666666666666
172,0.0,0.3113207547169811,0.6792452830188679,0.009433962264150943
173,0.19658119658119658,0.4700854700854701,0.3333333333333333,0.0
174,0.0,0.15846994535519127,0.825136612021858,0.01639344262295082
175,0.0,0.6625,0.2625,0.075
176,0.0,0.2109375,0.76171875,0.02734375
177,0.3383084577114428,0.4427860696517413,0.21890547263681592,0.0
178,0.0,0.5612244897959183,0.4387755102040816,0.0
179,0.01532033426183844,0.0,0.06128133704735376,0.9233983286908078
180,0.5,0.3333333333333333,0.16666666666666666,0.0
181,0.0,0.024390243902439025,0.07317073170731707,0.9024390243902439
182,0.014669926650366748,0.0,0.012224938875305624,0.9731051344743277
183,0.0,0.3472222222222222,0.4027777777777778,0.25
184,0.6100478468899522,0.34210526315789475,0.0,0.04784688995215311
185,0.08411214953271028,0.0,0.14552736982643524,0.7703604806408545
186,0.0,0.3408624229979466,0.5564681724845996,0.1026694045174538
187,0.44881889763779526,0.0,0.3464566929133858,0.2047244094488189
188,0.0,0.34810126582278483,0.37341772151898733,0.27848101265822783
189,0.20535714285714285,0.4107142857142857,0.38392857142857145,0.0
190,0.3963963963963964,0.0,0.036036036036036036,0.5675675675675675
191,0.2923076923076923,0.18461538461538463,0.5230769230769231,0.0
192,0.23255813953488372,0.0,0.4418604651162791,0.32558139534883723
193,0.1724137931034483,0.20689655172413793,0.6206896551724138,0.0
194,0.39622641509433965,0.33962264150943394,0.0,0.2641509433962264
195,0.0,0.42134831460674155,0.5674157303370787,0.011235955056179775
196,0.0,0.09797297297297297,0.8040540540540541,0.09797297297297297
197,0.6086956521739131,0.2391304347826087,0.0,0.15217391304347827
198,0.0,0.35802469135802467,0.5925925925925926,0.04938271604938271
199,0.362962962962963,0.0,0.6074074074074074,0.02962962962962963
200,0.22777777777777777,0.0,0.17222222222222222,0.6
201,0.0,0.7708333333333334,0.16666666666666666,0.0625
202,0.4857142857142857,0.2,0.0,0.3142857142857143
203,0.9530516431924883,0.018779342723004695,0.0,0.028169014084507043
204,0.2222222222222222,0.0,0.36507936507936506,0.4126984126984127
205,0.15,0.225,0.625,0.0
206,0.45454545454545453,0.0,0.2222222222222222,0.32323232323232326
207,0.0,0.008298755186721992,0.4024896265560166,0.5892116182572614
208,0.11929824561403508,0.0,0.8385964912280702,0.042105263157894736
209,0.5454545454545454,0.0,0.2727272727272727,0.18181818181818182
210,0.0,0.1005586592178771,0.888268156424581,0.0111731843575419
211,0.15384615384615385,0.20512820512820512,0.6410256410256411,0.0
212,0.19672131147540983,0.0,0.13114754098360656,0.6721311475409836
213,0.4264705882352941,0.10294117647058823,0.47058823529411764,0.0
214,0.3333333333333333,0.0,0.0784313725490196,0.5882352941176471
215,0.1391304347826087,0.0,0.4608695652173913,0.4
216,0.0,0.5384615384615384,0.4,0.06153846153846154
217,0.0,0.03816793893129771,0.48854961832061067,0.4732824427480916
218,0.5098039215686274,0.3137254901960784,0.0,0.17647058823529413
219,0.45454545454545453,0.18181818181818182,0.0,0.36363636363636365
220,0.0,0.12,0.82,0.06
221,0.5609756097560976,0.0,0.36585365853658536,0.07317073170731707
222,0.0,0.2023121387283237,0.36416184971098264,0.43352601156069365
223,0.4895833333333333,0.0,0.052083333333333336,0.4583333333333333
224,0.11262798634812286,0.0,0.2150170648464164,0.6723549488054608
225,0.17894736842105263,0.12631578947368421,0.6947368421052632,0.0
226,0.45714285714285713,0.0,0.11428571428571428,0.42857142857142855
227,0.1702127659574468,0.0,0.574468085106383,0.2553191489361702
228,0.0,0.32857142857142857,0.6571428571428571,0.014285714285714285
229,0.0,0.06060606060606061,0.922077922077922,0.017316017316017316
230,0.0,0.16538461538461538,0.7846153846153846,0.05
231,0.0,0.17857142857142858,0.7142857142857143,0.10714285714285714
232,0.0,0.6699029126213593,0.3106796116504854,0.019417475728155338
233,0.06701030927835051,0.0,0.0979381443298969,0.8350515463917526
234,0.20833333333333334,0.0,0.7291666666666666,0.0625
235,0.0,0.11224489795918367,0.6020408163265306,0.2857142857142857
236,0.592,0.24,0.0,0.168
237,0.5,0.0625,0.0,0.4375
238,0.16666666666666666,0.3333333333333333,0.5,0.0
239,0.2716049382716049,0.2222222222222222,0.0,0.5061728395061729
240,0.6850828729281768,0.09392265193370165,0.0,0.22099447513812154
241,0.02631578947368421,0.8026315789473685,0.17105263157894737,0.0
242,0.4230769230769231,0.0,0.07692307692307693,0.5
243,0.2222222222222222,0.0,0.4166666666666667,0.3611111111111111
244,0.14705882352941177,0.14705882352941177,0.7058823529411765,0.0
245,0.28654970760233917,0.347953216374269,0.3654970760233918,0.0
246,0.0,0.005076142131979695,0.7055837563451777,0.2893401015228426
247,0.30798479087452474,0.0,0.34220532319391633,0.34980988593155893
248,0.0,0.37037037037037035,0.5092592592592593,0.12037037037037036
249,0.0,0.24932249322493225,0.2791327913279133,0.4715447154471545
250,0.05,0.15,0.8,0.0
251,0.59375,0.09375,0.0,0.3125
252,0.0,0.03398058252427184,0.5145631067961165,0.45145631067961167
253,0.2222222222222222,0.0,0.3492063492063492,0.42857142857142855
254,0.1388888888888889,0.0,0.19444444444444445,0.6666666666666666
255,0.0,0.02510460251046025,0.9037656903765691,0.07112970711297072
256,0.0,0.1,0.8,0.1
257,0.10071942446043165,0.0,0.14388489208633093,0.7553956834532374
258,0.0,0.10619469026548672,0.8030973451327433,0.09070796460176991
259,0.09523809523809523,0.7142857142857143,0.19047619047619047,0.0
260,0.6451612903225806,0.12903225806451613,0.0,0.22580645161290322
261,0.6904761904761905,0.023809523809523808,0.0,0.2857142857142857
262,0.0,0.6194690265486725,0.13274336283185842,0.24778761061946902
263,0.3125,0.0,0.421875,0.265625
264,0.2608695652173913,0.0,0.30434782608695654,0.43478260869565216
265,0.14285714285714285,0.0,0.6190476190476191,0.23809523809523808
266,0.2564102564102564,0.4512820512820513,0.2923076923076923,0.0
267,0.6275510204081632,0.2653061224489796,0.0,0.10714285714285714
268,0.21122112211221122,0.7227722772277227,0.066006600660066,0.0
269,0.3020833333333333,0.5277777777777778,0.0,0.1701388888888889
270,0.5454545454545454,0.09090909090909091,0.0,0.36363636363636365
271,0.0,1.0,0.0,0.0
272,0.6,0.0,0.23333333333333334,0.16666666666666666
273,0.0,0.0,0.4827586206896552,0.5172413793103449
274,0.38095238095238093,0.0,0.38095238095238093,0.23809523809523808
275,0.0,0.3076923076923077,0.36538461538461536,0.3269230769230769
276,0.5,0.125,0.0,0.375
277,0.026627218934911243,0.0,0.9585798816568047,0.014792899408284023
278,0.2641509433962264,0.0,0.5094339622641509,0.22641509433962265
279,0.0,0.14814814814814814,0.2222222222222222,0.6296296296296297
280,0.75,0.0,0.10416666666666667,0.14583333333333334
281,0.5150624540778839,0.3541513592946363,0.0,0.1307861866274798
282,0.16666666666666666,0.08333333333333333,0.75,0.0
283,0.0,0.02631578947368421,0.07894736842105263,0.8947368421052632
284,0.015789473684210527,0.9105263157894737,0.07368421052631578,0.0
285,0.06666666666666667,0.13333333333333333,0.8,0.0
286,0.0,0.042735042735042736,0.05555555555555555,0.9017094017094017
287,0.5555555555555556,0.0,0.4444444444444444,0.0
288,0.0821917808219178,0.2054794520547945,0.7123287671232876,0.0
289,0.2786885245901639,0.13114754098360656,0.0,0.5901639344262295
290,0.008928571428571428,0.7410714285714286,0.25,0.0
291,0.632,0.04,0.0,0.328
292,0.1625615763546798,0.0,0.18719211822660098,0.6502463054187192
293,0.0,0.17886178861788618,0.6097560975609756,0.21138211382113822
294,0.45614035087719296,0.0,0.15789473684210525,0.38596491228070173
295,0.5517241379310345,0.1724137931034483,0.0,0.27586206896551724
296,0.24489795918367346,0.42857142857142855,0.0,0.32653061224489793
297,0.0,0.15789473684210525,0.3684210526315789,0.47368421052631576
298,0.014925373134328358,0.8656716417910447,0.11940298507462686,0.0
299,0.0,0.40298507462686567,0.34328358208955223,0.2537313432835821
300,0.8571428571428571,0.0,0.14285714285714285,0.0
301,0.6666666666666666,0.3333333333333333,0.0,0.0
302,0.2,0.2,0.6,0.0
303,0.0,1.0,0.0,0.0
304,0.09090909090909091,0.9090909090909091,0.0,0.0
305,0.0,0.0,1.0,0.0
306,1.0,0.0,0.0,0.0
307,,,,
308,0.0,0.0,1.0,0.0
309,1.0,0.0,0.0,0.0
310,,,,
311,,,,
312,,,,
313,,,,
314,,,,
315,,,,
316,0.0,0.0,1.0,0.0
317,,,,
318,,,,
319,,,,
320,,,,
