,A,C,G,T
0,,,,
1,,,,
2,0.625,0.375,0.0,0.0
3,0.0,1.0,0.0,0.0
4,0.3333333333333333,0.5,0.16666666666666666,0.0
5,0.8571428571428571,0.0,0.0,0.14285714285714285
6,0.0,0.0,1.0,0.0
7,0.0,0.0,0.0,1.0
8,0.6666666666666666,0.2222222222222222,0.0,0.1111111111111111
9,0.0,0.0,0.14285714285714285,0.8571428571428571
10,,,,
11,1.0,0.0,0.0,0.0
12,0.3333333333333333,0.6666666666666666,0.0,0.0
13,0.6666666666666666,0.3333333333333333,0.0,0.0
14,0.6666666666666666,0.3333333333333333,0.0,0.0
15,0.0,0.0,0.0,1.0
16,,,,
17,,,,
18,,,,
19,,,,
20,0.0,1.0,0.0,0.0
21,1.0,0.0,0.0,0.0
22,0.5,0.5,0.0,0.0
23,0.0,0.0,1.0,0.0
24,0.16666666666666666,0.8333333333333334,0.0,0.0
25,0.5,0.0,0.0,0.5
26,0.0,0.4,0.6,0.0
27,0.0,1.0,0.0,0.0
28,0.0,0.0,0.0,1.0
29,0.5,0.25,0.0,0.25
30,0.3333333333333333,0.0,0.0,0.6666666666666666
31,,,,
32,0.3333333333333333,0.6666666666666666,0.0,0.0
33,0.0,1.0,0.0,0.0
34,0.0,0.1111111111111111,0.8888888888888888,0.0
35,0.0,0.0,1.0,0.0
36,0.0,0.0,1.0,0.0
37,0.0,0.6666666666666666,0.3333333333333333,0.0
38,0.0,1.0,0.0,0.0
39,0.0,0.0,0.5,0.5
40,,,,
41,0.14705882352941177,0.7941176470588235,0.0,0.058823529411764705
42,,,,
43,0.0,0.0,0.0,1.0
44,0.75,0.25,0.0,0.0
45,0.0,1.0,0.0,0.0
46,,,,
47,0.2,0.6,0.0,0.2
48,0.5,0.0,0.5,0.0
49,1.0,0.0,0.0,0.0
50,0.0,0.6666666666666666,0.3333333333333333,0.0
51,0.5,0.0,0.5,0.0
52,0.5,0.0,0.5,0.0
53,0.3333333333333333,0.16666666666666666,0.0,0.5
54,0.0,0.75,0.25,0.0
55,0.0,0.25,0.75,0.0
56,1.0,0.0,0.0,0.0
57,0.0,0.5,0.5,0.0
58,0.5,0.0,0.5,0.0
59,0.0,0.0,0.0,1.0
60,0.0,1.0,0.0,0.0
61,,,,
62,0.0,0.0,0.0,1.0
63,0.0,0.0,1.0,0.0
64,0.0,1.0,0.0,0.0
65,0.0,1.0,0.0,0.0
66,0.0,0.9444444444444444,0.05555555555555555,0.0
67,0.0,0.8,0.2,0.0
68,0.0,1.0,0.0,0.0
69,1.0,0.0,0.0,0.0
70,0.0,1.0,0.0,0.0
71,0.0,0.16666666666666666,0.8333333333333334,0.0
72,0.0,1.0,0.0,0.0
73,0.0,0.0,0.0,1.0
74,0.14285714285714285,0.14285714285714285,0.7142857142857143,0.0
75,0.5,0.5,0.0,0.0
76,0.6666666666666666,0.3333333333333333,0.0,0.0
77,0.0,0.8571428571428571,0.14285714285714285,0.0
78,0.0,0.0,1.0,0.0
79,0.0,0.3333333333333333,0.0,0.6666666666666666
80,0.0,0.0,0.0,1.0
81,0.0,0.375,0.5,0.125
82,0.24,0.6,0.0,0.16
83,0.3888888888888889,0.0,0.2222222222222222,0.3888888888888889
84,,,,
85,1.0,0.0,0.0,0.0
86,0.0,1.0,0.0,0.0
87,0.0,0.20833333333333334,0.6666666666666666,0.125
88,0.5714285714285714,0.0,0.2857142857142857,0.14285714285714285
89,0.42857142857142855,0.0,0.42857142857142855,0.14285714285714285
90,0.0,0.0,0.75,0.25
91,0.45714285714285713,0.4857142857142857,0.0,0.05714285714285714
92,0.19047619047619047,0.0,0.09523809523809523,0.7142857142857143
93,0.2,0.7333333333333333,0.06666666666666667,0.0
94,0.0,0.42857142857142855,0.14285714285714285,0.42857142857142855
95,0.0625,0.0,0.0625,0.875
96,1.0,0.0,0.0,0.0
97,0.5,0.0,0.0,0.5
98,0.0,1.0,0.0,0.0
99,0.0,0.6666666666666666,0.0,0.3333333333333333
100,0.0,1.0,0.0,0.0
101,0.0,0.0,0.25,0.75
102,,,,
103,0.14285714285714285,0.7142857142857143,0.0,0.14285714285714285
104,,,,
105,0.0,0.3333333333333333,0.6666666666666666,0.0
106,0.0,0.0,0.0,1.0
107,,,,
108,0.0,0.0,0.0,1.0
109,0.0,0.5,0.5,0.0
110,0.0,0.0,0.0,1.0
111,0.0,0.0,0.0,1.0
112,,,,
113,0.0,0.0,1.0,0.0
114,0.0,0.0,0.0,1.0
115,,,,
116,0.5,0.5,0.0,0.0
117,0.0,0.5,0.375,0.125
118,0.4,0.2,0.4,0.0
119,1.0,0.0,0.0,0.0
120,,,,
121,1.0,0.0,0.0,0.0
122,,,,
123,,,,
124,0.75,0.25,0.0,0.0
125,0.25,0.75,0.0,0.0
126,0.0,0.25,0.75,0.0
127,0.0,0.0,1.0,0.0
128,0.0,0.0,1.0,0.0
129,,,,
130,0.6666666666666666,0.0,0.0,0.3333333333333333
131,0.0,0.0,0.0,1.0
132,0.25,0.0,0.75,0.0
133,,,,
134,1.0,0.0,0.0,0.0
135,0.0,0.0,0.0,1.0
136,0.0,1.0,0.0,0.0
137,0.7142857142857143,0.2857142857142857,0.0,0.0
138,,,,
139,0.6666666666666666,0.0,0.0,0.3333333333333333
140,0.0,1.0,0.0,0.0
141,0.0,0.25,0.5,0.25
142,0.5,0.0,0.5,0.0
143,0.25,0.0,0.0,0.75
144,0.5,0.5,0.0,0.0
145,0.0,1.0,0.0,0.0
146,0.6,0.35,0.0,0.05
147,0.0,0.4166666666666667,0.5,0.08333333333333333
148,0.18181818181818182,0.5454545454545454,0.2727272727272727,0.0
149,0.42857142857142855,0.0,0.35714285714285715,0.21428571428571427
150,0.0,0.25,0.75,0.0
151,0.0,1.0,0.0,0.0
152,0.09090909090909091,0.0,0.45454545454545453,0.45454545454545453
153,0.3333333333333333,0.3333333333333333,0.3333333333333333,0.0
154,0.0,0.23076923076923078,0.15384615384615385,0.6153846153846154
155,0.3333333333333333,0.3333333333333333,0.3333333333333333,0.0
156,0.4,0.0,0.4,0.2
157,0.0,0.0,0.5,0.5
158,0.25,0.5,0.25,0.0
159,0.15,0.4,0.0,0.45
160,0.8095238095238095,0.047619047619047616,0.0,0.14285714285714285
161,0.35294117647058826,0.5294117647058824,0.11764705882352941,0.0
162,0.0,0.0,0.0,1.0
163,0.0,0.75,0.25,0.0
164,0.0,0.0,0.0,1.0
165,0.25,0.25,0.5,0.0
166,0.5,0.0,0.0,0.5
167,0.0,0.6666666666666666,0.3333333333333333,0.0
168,0.75,0.0,0.0,0.25
169,0.0,1.0,0.0,0.0
170,0.2,0.5333333333333333,0.26666666666666666,0.0
171,0.0,0.16666666666666666,0.6666666666666666,0.16666666666666666
172,0.0,0.0,0.2,0.8
173,0.25,0.0,0.25,0.5
174,0.0,0.375,0.625,0.0
175,0.631578947368421,0.2631578947368421,0.0,0.10526315789473684
176,0.0,0.2727272727272727,0.5454545454545454,0.18181818181818182
177,0.0,1.0,0.0,0.0
178,0.0,1.0,0.0,0.0
179,0.0,0.0,0.1,0.9
180,0.0,0.0,0.6,0.4
181,0.7,0.2,0.0,0.1
182,0.10526315789473684,0.0,0.15789473684210525,0.7368421052631579
183,1.0,0.0,0.0,0.0
184,0.5,0.0,0.0,0.5
185,0.0,0.0,0.0,1.0
186,0.4,0.0,0.6,0.0
187,1.0,0.0,0.0,0.0
188,0.2,0.0,0.4,0.4
189,0.25,0.5,0.25,0.0
190,0.16666666666666666,0.6666666666666666,0.16666666666666666,0.0
191,0.0,0.0,0.0,1.0
192,0.07692307692307693,0.0,0.9230769230769231,0.0
193,0.0,0.16666666666666666,0.3333333333333333,0.5
194,0.0,0.0,1.0,0.0
195,,,,
196,,,,
197,0.0,0.0,0.8181818181818182,0.18181818181818182
198,,,,
199,0.0,0.0,1.0,0.0
200,0.375,0.625,0.0,0.0
201,0.5,0.5,0.0,0.0
202,,,,
203,0.16666666666666666,0.0,0.8333333333333334,0.0
204,0.0,0.2,0.2,0.6
205,0.0,0.0,0.3333333333333333,0.6666666666666666
206,0.0,0.0,0.25,0.75
207,0.0,0.625,0.125,0.25
208,0.0,0.3333333333333333,0.6666666666666666,0.0
209,0.05555555555555555,0.0,0.3888888888888889,0.5555555555555556
210,1.0,0.0,0.0,0.0
211,,,,
212,0.0,0.2857142857142857,0.42857142857142855,0.2857142857142857
213,1.0,0.0,0.0,0.0
214,0.029411764705882353,0.0,0.11764705882352941,0.8529411764705882
215,,,,
216,0.0,1.0,0.0,0.0
217,0.0,1.0,0.0,0.0
218,0.5,0.0,0.5,0.0
219,0.0,0.6,0.4,0.0
220,0.0,0.5,0.5,0.0
221,0.0,0.0,0.0,1.0
222,0.0,0.0,0.0,1.0
223,0.0,0.0,0.0,1.0
224,0.0,0.0,0.0,1.0
225,0.0,0.06666666666666667,0.8666666666666667,0.06666666666666667
226,0.07692307692307693,0.5384615384615384,0.38461538461538464,0.0
227,0.0,0.0,1.0,0.0
228,0.0,0.75,0.25,0.0
229,0.7878787878787878,0.15151515151515152,0.0,0.06060606060606061
230,0.19230769230769232,0.0,0.0,0.8076923076923077
231,0.0,0.3333333333333333,0.3333333333333333,0.3333333333333333
232,0.25,0.0,0.5,0.25
233,0.0,0.0,0.8333333333333334,0.16666666666666666
234,1.0,0.0,0.0,0.0
235,0.125,0.0,0.0,0.875
236,,,,
237,,,,
238,0.0,0.07142857142857142,0.0,0.9285714285714286
239,0.0,0.0,0.0,1.0
240,0.0,0.0,0.15384615384615385,0.8461538461538461
241,0.25,0.5,0.25,0.0
242,0.5,0.16666666666666666,0.0,0.3333333333333333
243,0.0,0.0,1.0,0.0
244,0.0,0.0,0.6666666666666666,0.3333333333333333
245,0.5,0.3333333333333333,0.0,0.16666666666666666
246,0.0,0.0,1.0,0.0
247,0.0,0.0,0.0,1.0
248,0.0,0.0,0.0,1.0
249,0.0,0.1,0.9,0.0
250,0.6153846153846154,0.38461538461538464,0.0,0.0
251,0.3333333333333333,0.0,0.3333333333333333,0.3333333333333333
252,0.0,0.0,1.0,0.0
253,0.25,0.75,0.0,0.0
254,0.3,0.0,0.2,0.5
255,0.14285714285714285,0.0,0.42857142857142855,0.42857142857142855
256,0.0,0.0,1.0,0.0
257,0.0,0.3333333333333333,0.0,0.6666666666666666
258,0.0,0.3333333333333333,0.6666666666666666,0.0
259,0.0,0.1,0.9,0.0
260,0.0,1.0,0.0,0.0
261,0.4444444444444444,0.2222222222222222,0.0,0.3333333333333333
262,1.0,0.0,0.0,0.0
263,0.0,0.0,0.0,1.0
264,0.0,0.0,1.0,0.0
265,0.6666666666666666,0.0,0.3333333333333333,0.0
266,0.0,0.6666666666666666,0.0,0.3333333333333333
267,,,,
268,,,,
269,0.0,0.0,0.0,1.0
270,0.0,0.5,0.5,0.0
271,0.0,0.0,1.0,0.0
272,0.0,0.0,0.0,1.0
273,,,,
274,0.0,0.0,1.0,0.0
275,,,,
276,0.0,0.0,1.0,0.0
277,0.3333333333333333,0.6666666666666666,0.0,0.0
278,0.5217391304347826,0.30434782608695654,0.0,0.17391304347826086
279,0.0,0.0,1.0,0.0
280,0.0,0.0,0.0,1.0
281,0.0,1.0,0.0,0.0
282,0.0,0.0,1.0,0.0
283,0.0,0.0,0.0,1.0
284,0.0,0.0,0.0,1.0
285,,,,
286,,,,
287,0.0,0.6666666666666666,0.3333333333333333,0.0
288,0.0,0.0,0.0,1.0
289,0.0,0.0,0.07142857142857142,0.9285714285714286
290,0.5,0.5,0.0,0.0
291,0.0,0.7777777777777778,0.2222222222222222,0.0
292,1.0,0.0,0.0,0.0
293,0.0,0.0,1.0,0.0
294,0.4,0.6,0.0,0.0
295,,,,
296,,,,
297,0.0,0.0,1.0,0.0
298,,,,
299,0.0,0.0,0.8,0.2
300,,,,
301,,,,
302,,,,
303,,,,
304,,,,
305,,,,
306,,,,
307,,,,
308,,,,
309,,,,
310,,,,
311,,,,
312,,,,
313,,,,
