,A,C,G,T
0,,,,
1,,,,
2,1.0,0.0,0.0,0.0
3,0.2,0.0,0.6,0.2
4,,,,
5,0.0,1.0,0.0,0.0
6,1.0,0.0,0.0,0.0
7,0.0,0.0,1.0,0.0
8,0.8888888888888888,0.1111111111111111,0.0,0.0
9,0.0,0.0,0.0,1.0
10,,,,
11,1.0,0.0,0.0,0.0
12,,,,
13,0.0,0.0,1.0,0.0
14,,,,
15,,,,
16,0.0,1.0,0.0,0.0
17,,,,
18,,,,
19,,,,
20,0.0,0.0,1.0,0.0
21,,,,
22,,,,
23,0.0,0.0,1.0,0.0
24,0.0,1.0,0.0,0.0
25,0.0,0.0,0.0,1.0
26,0.0,1.0,0.0,0.0
27,0.0,1.0,0.0,0.0
28,,,,
29,,,,
30,0.0,0.0,1.0,0.0
31,1.0,0.0,0.0,0.0
32,,,,
33,,,,
34,,,,
35,,,,
36,,,,
37,0.0,0.125,0.875,0.0
38,,,,
39,0.0,0.0,0.0,1.0
40,,,,
41,0.0,1.0,0.0,0.0
42,0.0,1.0,0.0,0.0
43,,,,
44,0.0,0.2,0.8,0.0
45,0.0,0.0,1.0,0.0
46,0.0,0.3333333333333333,0.3333333333333333,0.3333333333333333
47,0.0,1.0,0.0,0.0
48,,,,
49,,,,
50,0.0,0.0,0.3333333333333333,0.6666666666666666
51,,,,
52,,,,
53,0.0,0.0,0.0,1.0
54,,,,
55,0.0,0.0,0.0,1.0
56,0.0,0.0,1.0,0.0
57,0.0,0.0,1.0,0.0
58,,,,
59,,,,
60,0.0,0.0,0.0,1.0
61,1.0,0.0,0.0,0.0
62,0.0,0.0,0.0,1.0
63,,,,
64,,,,
65,0.0,0.0,0.0,1.0
66,0.875,0.0,0.0,0.125
67,0.07142857142857142,0.0,0.2857142857142857,0.6428571428571429
68,0.0,0.0,1.0,0.0
69,,,,
70,0.0,1.0,0.0,0.0
71,0.0,0.0,1.0,0.0
72,0.0,1.0,0.0,0.0
73,,,,
74,1.0,0.0,0.0,0.0
75,0.3333333333333333,0.6666666666666666,0.0,0.0
76,,,,
77,0.0,0.25,0.75,0.0
78,0.0,0.0,0.0,1.0
79,0.3,0.1,0.0,0.6
80,0.3333333333333333,0.0,0.6666666666666666,0.0
81,0.0,1.0,0.0,0.0
82,1.0,0.0,0.0,0.0
83,,,,
84,0.0,0.3333333333333333,0.6666666666666666,0.0
85,,,,
86,0.0,0.0,0.5,0.5
87,0.0,0.875,0.125,0.0
88,0.4375,0.4375,0.0,0.125
89,0.14285714285714285,0.0,0.14285714285714285,0.7142857142857143
90,,,,
91,0.8181818181818182,0.09090909090909091,0.0,0.09090909090909091
92,0.0,1.0,0.0,0.0
93,0.8,0.2,0.0,0.0
94,0.5,0.5,0.0,0.0
95,0.0,1.0,0.0,0.0
96,0.625,0.0,0.0,0.375
97,0.2727272727272727,0.5454545454545454,0.0,0.18181818181818182
98,0.0,1.0,0.0,0.0
99,0.0,1.0,0.0,0.0
100,0.0,0.0,0.7272727272727273,0.2727272727272727
101,0.0,0.0,0.1111111111111111,0.8888888888888888
102,,,,
103,0.6666666666666666,0.0,0.3333333333333333,0.0
104,0.7,0.0,0.0,0.3
105,,,,
106,,,,
107,,,,
108,0.0,0.07142857142857142,0.8571428571428571,0.07142857142857142
109,0.2857142857142857,0.7142857142857143,0.0,0.0
110,0.0,0.0,0.0,1.0
111,,,,
112,,,,
113,,,,
114,0.0,0.09090909090909091,0.8181818181818182,0.09090909090909091
115,,,,
116,0.0,0.0,0.0,1.0
117,,,,
118,,,,
119,0.0,1.0,0.0,0.0
120,,,,
121,0.0,0.0,1.0,0.0
122,,,,
123,0.6666666666666666,0.0,0.3333333333333333,0.0
124,,,,
125,0.0,0.3333333333333333,0.5,0.16666666666666666
126,0.0,0.0,1.0,0.0
127,,,,
128,0.0,0.5,0.0,0.5
129,1.0,0.0,0.0,0.0
130,,,,
131,,,,
132,0.0,0.25,0.75,0.0
133,0.0,0.5,0.25,0.25
134,0.0,0.0,0.0,1.0
135,,,,
136,,,,
137,0.0,0.0,1.0,0.0
138,,,,
139,,,,
140,1.0,0.0,0.0,0.0
141,,,,
142,,,,
143,,,,
144,,,,
145,,,,
146,,,,
147,0.0,0.4,0.4,0.2
148,,,,
149,0.0,1.0,0.0,0.0
150,,,,
151,0.0,1.0,0.0,0.0
152,0.5,0.5,0.0,0.0
153,0.8333333333333334,0.16666666666666666,0.0,0.0
154,0.0,0.125,0.375,0.5
155,0.0,0.0,0.0,1.0
156,0.0,0.1,0.9,0.0
157,,,,
158,0.0,0.0,0.6,0.4
159,0.08333333333333333,0.16666666666666666,0.75,0.0
160,0.0,1.0,0.0,0.0
161,0.5,0.5,0.0,0.0
162,0.2222222222222222,0.0,0.2222222222222222,0.5555555555555556
163,0.0,0.0,1.0,0.0
164,0.0,0.45454545454545453,0.5454545454545454,0.0
165,0.0,0.3333333333333333,0.6666666666666666,0.0
166,0.6153846153846154,0.23076923076923078,0.0,0.15384615384615385
167,,,,
168,,,,
169,1.0,0.0,0.0,0.0
170,0.5,0.5,0.0,0.0
171,0.0,1.0,0.0,0.0
172,0.7,0.3,0.0,0.0
173,0.3076923076923077,0.0,0.15384615384615385,0.5384615384615384
174,0.0,0.6666666666666666,0.2222222222222222,0.1111111111111111
175,1.0,0.0,0.0,0.0
176,0.0,0.0,0.5,0.5
177,0.75,0.125,0.125,0.0
178,0.0,0.8888888888888888,0.0,0.1111111111111111
179,1.0,0.0,0.0,0.0
180,0.5,0.3333333333333333,0.16666666666666666,0.0
181,0.0,0.2,0.4,0.4
182,0.0,0.0,0.0,1.0
183,0.0,1.0,0.0,0.0
184,0.0,0.0,1.0,0.0
185,0.0,0.0,0.0,1.0
186,0.0,0.0,1.0,0.0
187,0.25,0.0,0.75,0.0
188,0.0,1.0,0.0,0.0
189,0.8571428571428571,0.0,0.14285714285714285,0.0
190,,,,
191,,,,
192,,,,
193,0.0,0.0,1.0,0.0
194,,,,
195,0.0,0.0,1.0,0.0
196,0.0,0.0,0.0,1.0
197,0.3333333333333333,0.3333333333333333,0.0,0.3333333333333333
198,0.0,0.0,0.8888888888888888,0.1111111111111111
199,1.0,0.0,0.0,0.0
200,0.0,1.0,0.0,0.0
201,,,,
202,,,,
203,0.0,0.5,0.25,0.25
204,0.8333333333333334,0.0,0.0,0.16666666666666666
205,0.0,0.75,0.25,0.0
206,0.3076923076923077,0.6923076923076923,0.0,0.0
207,0.0,0.0,1.0,0.0
208,0.0,0.0,1.0,0.0
209,0.4444444444444444,0.0,0.5555555555555556,0.0
210,0.0,0.0,0.6666666666666666,0.3333333333333333
211,0.0,0.0,1.0,0.0
212,0.0,0.3125,0.4375,0.25
213,,,,
214,,,,
215,0.0,0.23076923076923078,0.6923076923076923,0.07692307692307693
216,0.6666666666666666,0.2222222222222222,0.0,0.1111111111111111
217,0.5,0.0,0.5,0.0
218,0.0,0.45454545454545453,0.36363636363636365,0.18181818181818182
219,,,,
220,0.0,0.0,1.0,0.0
221,1.0,0.0,0.0,0.0
222,0.0,0.5,0.5,0.0
223,0.2,0.0,0.2,0.6
224,0.0,0.5,0.0,0.5
225,0.0,1.0,0.0,0.0
226,,,,
227,0.0,0.0,0.0,1.0
228,0.0,0.0,0.5,0.5
229,0.0,0.25,0.75,0.0
230,0.3333333333333333,0.0,0.0,0.6666666666666666
231,,,,
232,0.0,0.25,0.75,0.0
233,0.0,0.0,0.36363636363636365,0.6363636363636364
234,0.5,0.0,0.5,0.0
235,0.0,1.0,0.0,0.0
236,0.36363636363636365,0.6363636363636364,0.0,0.0
237,0.0,0.0,1.0,0.0
238,,,,
239,0.0,0.0,0.3333333333333333,0.6666666666666666
240,,,,
241,0.0,0.0,0.0,1.0
242,0.1,0.0,0.0,0.9
243,0.0,0.0,0.0,1.0
244,,,,
245,0.3333333333333333,0.6666666666666666,0.0,0.0
246,0.0,0.0,0.0,1.0
247,0.0,0.3333333333333333,0.6666666666666666,0.0
248,0.42857142857142855,0.42857142857142855,0.0,0.14285714285714285
249,0.0,0.0,0.0,1.0
250,,,,
251,0.0,1.0,0.0,0.0
252,,,,
253,0.09523809523809523,0.8571428571428571,0.0,0.047619047619047616
254,0.0,0.0,0.1111111111111111,0.8888888888888888
255,0.0,0.0,1.0,0.0
256,0.0,0.0,1.0,0.0
257,1.0,0.0,0.0,0.0
258,1.0,0.0,0.0,0.0
259,,,,
260,0.0,1.0,0.0,0.0
261,0.0,0.0,1.0,0.0
262,1.0,0.0,0.0,0.0
263,0.0,0.8,0.2,0.0
264,,,,
265,,,,
266,,,,
267,1.0,0.0,0.0,0.0
268,,,,
269,0.0,0.0,0.8181818181818182,0.18181818181818182
270,,,,
271,,,,
272,,,,
273,,,,
274,,,,
275,,,,
276,,,,
277,,,,
278,0.0,0.0,0.0,1.0
279,0.14285714285714285,0.8571428571428571,0.0,0.0
280,,,,
281,0.5882352941176471,0.29411764705882354,0.0,0.11764705882352941
282,,,,
283,,,,
284,0.0,1.0,0.0,0.0
285,,,,
286,0.0,0.0,0.125,0.875
287,0.0,0.0,0.0,1.0
288,,,,
289,,,,
290,0.0,0.0,1.0,0.0
291,,,,
292,0.0,0.0,0.0,1.0
293,0.0,0.0,0.5384615384615384,0.46153846153846156
294,0.0,0.0,1.0,0.0
295,,,,
296,,,,
297,,,,
298,,,,
299,,,,
300,,,,
301,,,,
302,,,,
303,,,,
304,,,,
305,,,,
306,,,,
307,,,,
308,,,,
309,,,,
310,,,,
311,,,,
312,,,,
313,,,,
314,,,,
315,,,,
316,,,,
317,,,,
318,,,,
