,A,C,G,T
0,,,,
1,,,,
2,0.7962798937112489,0.11071744906997343,0.0,0.09300265721877768
3,0.8275737940964722,0.10907127429805616,0.0,0.06335493160547156
4,0.07356564589933122,0.6596268919394579,0.2668074621612108,0.0
5,0.06394557823129252,0.41496598639455784,0.5210884353741496,0.0
6,0.32210109018830524,0.0,0.5431119920713577,0.13478691774033696
7,0.0,0.09494001043296818,0.5889410537297861,0.3161189358372457
8,0.5930043615838536,0.30608056101941333,0.0,0.10091507739673308
9,0.08205859476276899,0.0,0.08659579984443869,0.8313456053927923
10,0.12173913043478261,0.6782608695652174,0.2,0.0
11,0.5963391136801541,0.13102119460500963,0.0,0.2726396917148362
12,0.42811373648378054,0.4353223868642371,0.0,0.13656387665198239
13,0.7841726618705036,0.17625899280575538,0.039568345323741004,0.0
14,0.4921800191509735,0.28949888285987874,0.0,0.21832109798914778
15,0.3515151515151515,0.0,0.08484848484848485,0.5636363636363636
16,0.0,0.6113744075829384,0.17061611374407584,0.21800947867298578
17,0.9211592396385166,0.034590215020255534,0.0,0.0442505453412278
18,0.1553398058252427,0.540453074433657,0.3042071197411003,0.0
19,0.4878048780487805,0.0,0.2097560975609756,0.3024390243902439
20,0.23940677966101695,0.4717514124293785,0.2888418079096045,0.0
21,0.6589817483189241,0.14601344860710855,0.0,0.19500480307396734
22,0.3470031545741325,0.49263932702418506,0.0,0.16035751840168244
23,0.0,0.28256302521008403,0.5850840336134454,0.1323529411764706
24,0.3171307220386975,0.589900896649363,0.0,0.09296838131193959
25,0.16499582289055972,0.0,0.5938457254246728,0.24115845168476746
26,0.31186868686868685,0.4722222222222222,0.2159090909090909,0.0
27,0.07547169811320754,0.42641509433962266,0.0,0.4981132075471698
28,0.0,0.5227568270481144,0.22366710013003901,0.2535760728218466
29,0.8094769956744003,0.16142351553283524,0.0,0.02909948879276445
30,0.49017137096774194,0.2973790322580645,0.0,0.21244959677419356
31,0.2018970189701897,0.6002710027100271,0.1978319783197832,0.0
32,0.4186649384316267,0.11600777705767984,0.0,0.46532728451069344
33,0.0,0.5253104106972302,0.4192932187201528,0.055396370582617004
34,0.0,0.18803894297635604,0.7151599443671767,0.09680111265646732
35,0.5427841634738186,0.14303959131545338,0.0,0.31417624521072796
36,0.0,0.3866328257191201,0.5812182741116751,0.032148900169204735
37,0.0,0.17748264412918804,0.658617567159674,0.16389978871113794
38,0.4164576016056197,0.3923733065730055,0.0,0.19116909182137481
39,0.2851373182552504,0.0,0.28998384491114704,0.42487883683360256
40,0.518595041322314,0.0,0.14256198347107438,0.33884297520661155
41,0.19760479041916168,0.4703320631464344,0.33206314643440393,0.0
42,0.16784869976359337,0.18912529550827423,0.0,0.6430260047281324
43,0.2495274102079395,0.23062381852551986,0.0,0.5198487712665406
44,0.286231884057971,0.18115942028985507,0.0,0.532608695652174
45,0.5657657657657658,0.05405405405405406,0.0,0.3801801801801802
46,0.7455621301775148,0.0,0.09467455621301775,0.15976331360946747
47,0.16134185303514376,0.0,0.4952076677316294,0.34345047923322686
48,0.1298932384341637,0.3167259786476868,0.5533807829181495,0.0
49,0.4791666666666667,0.0,0.18333333333333332,0.3375
50,0.0,0.3140814081408141,0.4735973597359736,0.21232123212321233
51,0.35262345679012347,0.47685185185185186,0.0,0.1705246913580247
52,0.07671957671957672,0.6428571428571429,0.2804232804232804,0.0
53,0.38503034389750507,0.16453135536075522,0.0,0.45043830074173974
54,0.0,0.6754966887417219,0.271523178807947,0.052980132450331126
55,0.0,0.31257078142695355,0.5958852397130993,0.09154397885994715
56,0.7023930753564155,0.18890020366598778,0.0,0.10870672097759675
57,0.41088709677419355,0.4967741935483871,0.0,0.09233870967741936
58,0.17355371900826447,0.47520661157024796,0.3512396694214876,0.0
59,0.11935208866155157,0.0,0.40664961636828645,0.473998294970162
60,0.20180383314543404,0.2649379932356257,0.5332581736189402,0.0
61,0.4187725631768953,0.0,0.16606498194945848,0.4151624548736462
62,0.289000718907261,0.0,0.2350826743350108,0.47591660675772823
63,0.096,0.408,0.496,0.0
64,0.17454545454545456,0.18545454545454546,0.0,0.64
65,0.019969742813918306,0.0,0.006959152798789713,0.9730711043872919
66,0.0,0.5985426786953505,0.36433032616238725,0.037126995142262316
67,0.0,0.3908236594803759,0.5107794361525705,0.09839690436705362
68,0.7396657871591908,0.1310466138962181,0.0,0.12928759894459102
69,0.86169141706519,0.049458847218726405,0.0,0.08884973571608357
70,0.17212121212121212,0.0,0.44363636363636366,0.3842424242424242
71,0.09060691862612336,0.830235134802413,0.07915794657146374,0.0
72,0.24816849816849818,0.32051282051282054,0.43131868131868134,0.0
73,0.3203309692671395,0.0,0.10520094562647754,0.574468085106383
74,0.241112828438949,0.5743431221020092,0.18454404945904174,0.0
75,0.6655290102389079,0.2025028441410694,0.0,0.13196814562002276
76,0.6274725274725275,0.28846153846153844,0.0,0.08406593406593407
77,0.16747141041931385,0.6332909783989835,0.19923761118170266,0.0
78,0.19240097008892482,0.3581244947453517,0.4494745351657235,0.0
79,0.0,0.15320456540825286,0.043459174714661986,0.8033362598770851
80,0.03928457361865219,0.0,0.009581603321622485,0.9511338230597254
81,0.0,0.32493781094527363,0.44713930348258707,0.2279228855721393
82,0.2645219755323969,0.0,0.45274127775260536,0.2827367467149977
83,0.22313171042840438,0.0,0.2810672903157223,0.4958009992558733
84,0.2936610608020699,0.5485122897800776,0.15782664941785252,0.0
85,0.44324324324324327,0.44972972972972974,0.10702702702702703,0.0
86,0.08442851453604142,0.7925129430505775,0.12305854241338113,0.0
87,0.0,0.1963151998008216,0.3898916967509025,0.41379310344827586
88,0.24327687521603872,0.0,0.45129623228482546,0.30542689249913585
89,0.2296419189824416,0.0,0.3188165353242085,0.4515415456933499
90,0.0,0.14295938450527823,0.6165682590803364,0.2404723564143854
91,0.5921971252566736,0.351129363449692,0.0,0.056673511293634495
92,0.13494106489635552,0.0,0.11353475138870071,0.7515241837149438
93,0.2811085972850679,0.6391402714932126,0.07975113122171945,0.0
94,0.0,0.17858776879670582,0.06252859539423516,0.758883635809059
95,0.47191011235955055,0.0,0.5280898876404494,0.0
96,0.3700170357751278,0.23986371379897786,0.0,0.3901192504258944
97,0.39818772439733285,0.4870918105659087,0.0,0.11472046503675842
98,0.3420961204400695,0.4903300521134916,0.16757382744643892,0.0
99,0.0,0.29222787588546345,0.37413947919784496,0.3336326449166916
100,0.21068249258160238,0.4807121661721068,0.3086053412462908,0.0
101,0.20205105825878245,0.0,0.16059349770892428,0.6373554440322933
102,0.0,0.1497182063219799,0.5140896839010046,0.3361921097770154
103,0.28740081285078384,0.6286691181214116,0.0,0.08393006902780466
104,0.03083969465648855,0.0,0.055572519083969464,0.913587786259542
105,0.10747663551401869,0.38317757009345793,0.5093457943925234,0.0
106,0.09743589743589744,0.14358974358974358,0.0,0.7589743589743589
107,0.11764705882352941,0.18823529411764706,0.0,0.6941176470588235
108,0.27134646962233167,0.5188834154351396,0.0,0.20977011494252873
109,0.073558648111332,0.536779324055666,0.38966202783300197,0.0
110,0.35730751498386354,0.24158598432457354,0.0,0.40110650069156295
111,0.601078167115903,0.0,0.16442048517520216,0.23450134770889489
112,0.2839506172839506,0.16049382716049382,0.0,0.5555555555555556
113,0.0,0.3286745865362218,0.5863032844164919,0.08502212904728627
114,0.5337078651685393,0.0,0.29775280898876405,0.16853932584269662
115,0.0,0.2112950340798442,0.436222005842259,0.3524829600778968
116,0.4339622641509434,0.25943396226415094,0.0,0.30660377358490565
117,0.6521739130434783,0.11652173913043479,0.0,0.23130434782608697
118,0.06542699724517906,0.0,0.16046831955922866,0.7741046831955923
119,0.49230769230769234,0.0,0.28205128205128205,0.22564102564102564
120,0.3812316715542522,0.0,0.26099706744868034,0.35777126099706746
121,0.33966745843230406,0.0,0.4513064133016627,0.20902612826603326
122,0.246301775147929,0.4918639053254438,0.2618343195266272,0.0
123,0.4334763948497854,0.26180257510729615,0.0,0.30472103004291845
124,0.2037735849056604,0.4981132075471698,0.0,0.2981132075471698
125,0.0,0.2771822358346095,0.5118683001531393,0.21094946401225115
126,0.46264367816091956,0.0,0.5153256704980843,0.022030651340996167
127,0.0,0.12624584717607973,0.6611295681063123,0.21262458471760798
128,0.0,0.1458100558659218,0.7991620111731843,0.05502793296089385
129,0.2720156555772994,0.5812133072407045,0.0,0.14677103718199608
130,0.25092250922509224,0.4280442804428044,0.0,0.3210332103321033
131,0.5381737283850744,0.36363636363636365,0.0,0.09818990797856204
132,0.12816691505216096,0.0,0.037257824143070044,0.834575260804769
133,0.023114355231143552,0.8935523114355232,0.08333333333333333,0.0
134,0.13974799541809851,0.3356242840778923,0.5246277205040092,0.0
135,0.10877862595419847,0.8282442748091603,0.0,0.06297709923664122
136,0.0,0.42005420054200543,0.3252032520325203,0.25474254742547425
137,0.7741935483870968,0.16377171215880892,0.0,0.062034739454094295
138,0.13872832369942195,0.13872832369942195,0.7225433526011561,0.0
139,0.5769230769230769,0.08906882591093117,0.0,0.3340080971659919
140,0.06019417475728155,0.7087378640776699,0.0,0.23106796116504855
141,0.0,0.3695106649937265,0.5282308657465495,0.10225846925972397
142,0.16243654822335024,0.20304568527918782,0.6345177664974619,0.0
143,0.37971014492753624,0.1391304347826087,0.0,0.4811594202898551
144,0.25654450261780104,0.06806282722513089,0.0,0.675392670157068
145,0.026151930261519303,0.9371108343711083,0.0,0.036737235367372355
146,0.0,0.2438296406841924,0.5917805074044312,0.16438985191137642
147,0.34765625,0.3424479166666667,0.3098958333333333,0.0
148,0.4307178631051753,0.1911519198664441,0.0,0.3781302170283806
149,0.20797498045347929,0.5379202501954652,0.0,0.2541047693510555
150,0.0,0.14829009433962265,0.7620872641509434,0.08962264150943396
151,0.16666666666666666,0.3219178082191781,0.5114155251141552,0.0
152,0.39800581636892396,0.0,0.2172829248026589,0.3847112588284171
153,0.0,0.20197628458498024,0.7154150197628458,0.08260869565217391
154,0.6719080737828848,0.25385545811914123,0.0,0.07423646809797399
155,0.21323529411764705,0.0,0.1206896551724138,0.6660750507099391
156,0.535812862268838,0.3895942589014629,0.0,0.07459287882969914
157,0.08089637635092181,0.0,0.6284170375079466,0.2906865861411316
158,0.24728421884258345,0.46158404108236223,0.2911317400750543,0.0
159,0.3126708317063647,0.3926200702850449,0.2947090980085904,0.0
160,0.0,0.4876707132018209,0.13827769347496208,0.37405159332321697
161,0.18518518518518517,0.0,0.18105515587529977,0.633759658939515
162,0.0,0.17801672640382318,0.6695340501792114,0.15244922341696535
163,0.0,0.3533353186420488,0.5802561048243002,0.06640857653365098
164,0.18130506607929514,0.5907213656387665,0.22797356828193832,0.0
165,0.5376444860980943,0.27085285848172447,0.0,0.1915026554201812
166,0.6010550609957138,0.2695351137487636,0.0,0.12940982525552258
167,0.3525387802293092,0.38529723480104056,0.26216398496965027,0.0
168,0.0,0.29426673059798614,0.5946297691622714,0.11110350023974244
169,0.0,0.23917350693461648,0.4690065100481177,0.2918199830172658
170,0.2656334669990246,0.0,0.4365449225100249,0.29782161049095046
171,0.0,0.1938350458206054,0.6248264371008053,0.18133851707858928
172,0.19543805080352514,0.0,0.37221358216692585,0.432348367029549
173,0.0,0.4262469991997866,0.3371565750866898,0.2365964257135236
174,0.0,0.2702788339670469,0.5802703844528939,0.14945078158005914
175,0.0,0.21962179367159707,0.418460962366598,0.3619172439618049
176,0.22256879462119636,0.0,0.4395924308588064,0.3378387745199972
177,0.2971444727169918,0.3683912920554142,0.334464235227594,0.0
178,0.0,0.3996846669294442,0.0717382735514387,0.528577059519117
179,0.0912863070539419,0.6365145228215767,0.2721991701244813,0.0
180,0.3837753510140406,0.2955203922442612,0.0,0.3207042567416982
181,0.26287157567515057,0.0,0.32115795609092673,0.4159704682339227
182,0.0,0.27681388012618297,0.5491587802313355,0.1740273396424816
183,0.25114573785517874,0.0,0.7153987167736022,0.033455545371219066
184,0.0,0.4897579143389199,0.4271415270018622,0.08310055865921788
185,0.49168474331164136,0.36080983369486624,0.0,0.1475054229934924
186,0.0,0.359026369168357,0.5939148073022312,0.047058823529411764
187,0.0,0.16281594045588463,0.7517444565048845,0.08543960303923089
188,0.46286842284391805,0.3363964331903887,0.0,0.20073514396569328
189,0.054449757218577415,0.0,0.18677489899551503,0.7587753437859076
190,0.30404551201011376,0.13211125158027812,0.5638432364096081,0.0
191,0.09778420038535646,0.0,0.24638728323699421,0.6558285163776493
192,0.483467381590706,0.0,0.45352993744414655,0.06300268096514745
193,0.0,0.06903622693096377,0.7655502392344498,0.16541353383458646
194,0.5412713472485768,0.3026565464895636,0.0,0.15607210626185958
195,0.44543650793650796,0.22420634920634921,0.0,0.33035714285714285
196,0.8953771289537713,0.0718978102189781,0.0,0.03272506082725061
197,0.37213027229044315,0.0,0.2856380138814736,0.34223171382808326
198,0.0,0.7381443298969073,0.20309278350515464,0.058762886597938144
199,0.3423076923076923,0.2692307692307692,0.0,0.38846153846153847
200,0.0,0.12791430371770637,0.8311279143037177,0.04095778197857593
201,0.3220640569395018,0.5962471692009058,0.0,0.08168877385959236
202,0.10195813639432816,0.47602970965563807,0.4220121539500338,0.0
203,0.5104629042485732,0.0,0.24857324032974001,0.24096385542168675
204,0.0,0.06943602183141298,0.2816858702243784,0.6488781079442086
205,0.24441176470588236,0.0,0.2338235294117647,0.5217647058823529
206,0.22489082969432314,0.0,0.32407985028072367,0.4510293200249532
207,0.0,0.3639863601363986,0.23770762292377076,0.3983060169398306
208,0.13055555555555556,0.20694444444444443,0.6625,0.0
209,0.3427091043671355,0.3737971872686899,0.0,0.2834937083641747
210,0.0,0.2164855072463768,0.49094202898550726,0.29257246376811596
211,0.2585330428467683,0.0,0.5649963689179376,0.17647058823529413
212,0.23454429572976418,0.0,0.29381771829190567,0.4716379859783301
213,0.0,0.060396701582349006,0.7579674615556051,0.1816358368620459
214,0.12968138624930128,0.0,0.3970560834730762,0.4732625302776225
215,0.0,0.19796054090002216,0.535579694081135,0.26645976501884283
216,0.47633136094674555,0.22928994082840237,0.0,0.2943786982248521
217,0.0,0.38827258320126784,0.2868462757527734,0.3248811410459588
218,0.25079733256016234,0.0,0.3801101768628588,0.36909249057697885
219,0.0,0.23169728544008775,0.5006854949273375,0.26761721963257473
220,0.3301940639269406,0.0,0.3147831050228311,0.3550228310502283
221,0.0,0.2638248847926267,0.4497695852534562,0.28640552995391705
222,0.15657620041753653,0.3312456506610995,0.5121781489213639,0.0
223,0.3650586701434159,0.0,0.12451108213820078,0.5104302477183833
224,0.3250820914372316,0.0,0.30159131093710534,0.37332659762566306
225,0.0,0.09457013574660633,0.5859728506787331,0.3194570135746606
226,0.3078534031413613,0.0,0.3958115183246073,0.2963350785340314
227,0.4357405140758874,0.37658098735210116,0.0,0.18767849857201144
228,0.0,0.14166130070830651,0.7864348572655077,0.07190384202618588
229,0.5464873335074432,0.44228258030817447,0.0,0.011230086184382345
230,0.1616891064871481,0.0,0.2357405140758874,0.6025703794369645
231,0.0,0.17801047120418848,0.5842931937172775,0.23769633507853402
232,0.26306620209059234,0.0,0.13153310104529617,0.6054006968641115
233,0.0,0.18615840118430793,0.4811250925240563,0.33271650629163585
234,0.5987261146496815,0.06369426751592357,0.0,0.3375796178343949
235,0.03544376161211948,0.0,0.14977847648992426,0.8147777618979563
236,0.1962836953677048,0.0,0.40251243130070663,0.4012038733315886
237,0.15057471264367817,0.5729885057471265,0.2764367816091954,0.0
238,0.0,0.2886519421172887,0.0376999238385377,0.6736481340441737
239,0.051171393341553635,0.0,0.04130702836004932,0.9075215782983971
240,0.0,0.43183379120879123,0.08258928571428571,0.4855769230769231
241,0.13191489361702127,0.11914893617021277,0.7489361702127659,0.0
242,0.48748159057437407,0.11045655375552282,0.0,0.4020618556701031
243,0.2591324200913242,0.5376712328767124,0.0,0.20319634703196346
244,0.0,0.2262969588550984,0.5957066189624329,0.1779964221824687
245,0.8093886049593034,0.1521862578080636,0.0,0.038425137232632973
246,0.11808993399339934,0.0,0.2249381188118812,0.6569719471947195
247,0.09688013136288999,0.11494252873563218,0.7881773399014779,0.0
248,0.29747774480712164,0.4206231454005935,0.0,0.2818991097922849
249,0.0,0.41661300708306503,0.45524790727623954,0.12813908564069543
250,0.36930817610062894,0.5137106918238994,0.0,0.1169811320754717
251,0.3048245614035088,0.48410087719298245,0.0,0.21107456140350878
252,0.0,0.125642490005711,0.8083952027412907,0.06596230725299829
253,0.7110571081409478,0.2600243013365735,0.0,0.028918590522478735
254,0.10227528722685289,0.0,0.14169858076143277,0.7560261320117143
255,0.24265644955300128,0.0,0.2567049808429119,0.5006385696040868
256,0.11764705882352941,0.25339366515837103,0.6289592760180995,0.0
257,0.37424508084940583,0.5328268069355153,0.0,0.0929281122150789
258,0.0,0.3842869342442357,0.5683176771989752,0.04739538855678907
259,0.2499108416547789,0.693830242510699,0.0,0.05625891583452211
260,0.0,0.2532556545579164,0.587731322823852,0.15901302261823166
261,0.13966784644704602,0.5284508576095834,0.33188129594337057,0.0
262,0.2812729498164015,0.0,0.044063647490820076,0.6746634026927785
263,0.26106346483704973,0.4075471698113208,0.3313893653516295,0.0
264,0.7125171939477304,0.10866574965612105,0.0,0.17881705639614856
265,0.0,0.39544962080173346,0.5254604550379198,0.0790899241603467
266,0.33448275862068966,0.0,0.4496551724137931,0.21586206896551724
267,0.2822966507177033,0.09090909090909091,0.0,0.6267942583732058
268,0.0,0.461038961038961,0.35714285714285715,0.18181818181818182
269,0.3198247535596933,0.0,0.11391018619934283,0.5662650602409639
270,0.0,0.11508771929824561,0.303859649122807,0.5810526315789474
271,0.6770186335403726,0.0,0.32298136645962733,0.0
272,0.47701863354037266,0.2894409937888199,0.0,0.23354037267080746
273,0.492,0.064,0.0,0.444
274,0.1584754262788365,0.0,0.7853560682046138,0.05616850551654965
275,0.3763837638376384,0.0,0.15498154981549817,0.46863468634686345
276,0.763638375567113,0.15735310390616356,0.0,0.07900852052672347
277,0.1332819722650231,0.5531587057010786,0.3135593220338983,0.0
278,0.31486065273193986,0.4335808580858086,0.0,0.25155848918225154
279,0.13128491620111732,0.20670391061452514,0.6620111731843575,0.0
280,0.0,0.07119205298013245,0.057947019867549666,0.8708609271523179
281,0.0132404181184669,0.9006968641114983,0.08606271777003484,0.0
282,0.07384615384615385,0.31384615384615383,0.6123076923076923,0.0
283,0.0,0.016332982086406742,0.01879171057253249,0.9648753073410608
284,0.01033376885615869,0.0,0.013422021617769331,0.9762442095260719
285,0.11979695431472082,0.13807106598984772,0.7421319796954314,0.0
286,0.3236641221374046,0.15877862595419848,0.0,0.517557251908397
287,0.0007665772326561902,0.6121119202759678,0.387121502491376,0.0
288,0.5972635336109459,0.062462819750148724,0.0,0.3402736466389054
289,0.11358156978301634,0.0,0.13956603268148943,0.7468523975354943
290,0.3863080684596577,0.328239608801956,0.0,0.28545232273838633
291,0.0,0.7220852412821416,0.2765058119056006,0.0014089468122578373
292,0.6504629629629629,0.19733796296296297,0.0,0.15219907407407407
293,0.0,0.11483870967741935,0.7735483870967742,0.11161290322580646
294,0.3128760529482551,0.2779783393501805,0.0,0.4091456077015644
295,0.0,0.16023391812865498,0.4257309941520468,0.41403508771929826
296,0.25,0.5613207547169812,0.18867924528301888,0.0
297,0.2646341463414634,0.0,0.348780487804878,0.38658536585365855
298,0.26545454545454544,0.44727272727272727,0.2872727272727273,0.0
299,0.17560975609756097,0.0,0.2634146341463415,0.5609756097560976
300,0.30097087378640774,0.5436893203883495,0.1553398058252427,0.0
301,0.189873417721519,0.0,0.5949367088607594,0.21518987341772153
302,0.2184873949579832,0.33613445378151263,0.0,0.44537815126050423
303,0.3170731707317073,0.0,0.43902439024390244,0.24390243902439024
304,0.0,0.42105263157894735,0.3684210526315789,0.21052631578947367
305,0.0,0.0,0.38461538461538464,0.6153846153846154
306,0.0,0.1,0.8,0.1
307,0.0625,0.0,0.0,0.9375
308,0.5,0.0,0.5,0.0
309,0.0,0.0,0.6666666666666666,0.3333333333333333
310,0.0,0.5714285714285714,0.07142857142857142,0.35714285714285715
311,,,,
312,,,,
313,,,,
314,,,,
315,,,,
