,A,C,G,T
0,,,,
1,,,,
2,0.7864864864864864,0.12972972972972974,0.0,0.08378378378378379
3,0.6880466472303207,0.16909620991253643,0.0,0.14285714285714285
4,0.15721231766612642,0.6296596434359806,0.21312803889789303,0.0
5,0.1087866108786611,0.0,0.44142259414225943,0.4497907949790795
6,0.21574344023323616,0.0,0.3965014577259475,0.3877551020408163
7,0.0,0.07909604519774012,0.5706214689265536,0.3502824858757062
8,0.6075766016713092,0.34852367688022284,0.0,0.04389972144846797
9,0.24190894130554033,0.0,0.324190894130554,0.4339001645639057
10,0.8227848101265823,0.15611814345991562,0.02109704641350211,0.0
11,0.12567324955116696,0.48473967684021546,0.3895870736086176,0.0
12,0.3445566778900112,0.4074074074074074,0.0,0.24803591470258138
13,0.6377171215880894,0.34863523573200994,0.013647642679900745,0.0
14,0.6685214626391097,0.13672496025437203,0.0,0.19475357710651828
15,0.2782608695652174,0.0,0.3652173913043478,0.3565217391304348
16,0.0,0.6190476190476191,0.19047619047619047,0.19047619047619047
17,0.9119601328903655,0.05647840531561462,0.0,0.03156146179401993
18,0.0979381443298969,0.6958762886597938,0.20618556701030927,0.0
19,0.391304347826087,0.0,0.08695652173913043,0.5217391304347826
20,0.2953846153846154,0.4523076923076923,0.2523076923076923,0.0
21,0.3088235294117647,0.22058823529411764,0.0,0.47058823529411764
22,0.4572192513368984,0.35427807486631013,0.0,0.18850267379679145
23,0.24414715719063546,0.2508361204013378,0.0,0.5050167224080268
24,0.4590547496490407,0.358446420215255,0.0,0.18249883013570425
25,0.3162393162393162,0.0,0.36182336182336183,0.32193732193732194
26,0.27709190672153633,0.52400548696845,0.19890260631001372,0.0
27,0.10469314079422383,0.4259927797833935,0.0,0.4693140794223827
28,0.0,0.5170454545454546,0.1571969696969697,0.32575757575757575
29,0.7614757614757615,0.16302016302016303,0.0,0.07550407550407551
30,0.4152785755313039,0.23492245835726594,0.0,0.3497989661114302
31,0.1396011396011396,0.5299145299145299,0.33048433048433046,0.0
32,0.3895705521472393,0.20245398773006135,0.0,0.40797546012269936
33,0.0,0.597254004576659,0.3352402745995423,0.06750572082379863
34,0.0,0.10369141435089174,0.7876399834093737,0.10866860223973455
35,0.48859934853420195,0.18403908794788273,0.0,0.3273615635179153
36,0.0,0.39762022806147745,0.5805651958353991,0.02181457610312345
37,0.0,0.17900172117039587,0.7104130808950087,0.11058519793459552
38,0.5028759244042728,0.3705834018077239,0.0,0.1265406737880033
39,0.19825072886297376,0.0,0.1749271137026239,0.6268221574344023
40,0.3645833333333333,0.0,0.234375,0.4010416666666667
41,0.18443002780352177,0.41056533827618164,0.40500463392029656,0.0
42,0.25650557620817843,0.1895910780669145,0.0,0.5539033457249071
43,0.1794871794871795,0.2600732600732601,0.0,0.5604395604395604
44,0.17689530685920576,0.19133574007220217,0.0,0.631768953068592
45,0.5103305785123967,0.05785123966942149,0.0,0.4318181818181818
46,0.6591549295774648,0.0,0.05070422535211268,0.29014084507042254
47,0.271889400921659,0.0,0.3271889400921659,0.4009216589861751
48,0.27380952380952384,0.23214285714285715,0.49404761904761907,0.0
49,0.532608695652174,0.0,0.21739130434782608,0.25
50,0.0,0.3017799352750809,0.34870550161812297,0.34951456310679613
51,0.37816979051819183,0.4211686879823594,0.0,0.20066152149944874
52,0.07468879668049792,0.7136929460580913,0.21161825726141079,0.0
53,0.45957918050941304,0.13732004429678848,0.0,0.40310077519379844
54,0.0,0.6439393939393939,0.23484848484848486,0.12121212121212122
55,0.0,0.26754632229084785,0.6372824256035935,0.09517125210555867
56,0.7965389369592089,0.13201483312731768,0.0,0.07144622991347342
57,0.6361343212990699,0.32319091912344317,0.0,0.040674759577486994
58,0.11475409836065574,0.5860655737704918,0.29918032786885246,0.0
59,0.07105882352941177,0.7218823529411764,0.20705882352941177,0.0
60,0.17279411764705882,0.27205882352941174,0.5551470588235294,0.0
61,0.3603238866396761,0.0,0.13765182186234817,0.5020242914979757
62,0.21549079754601227,0.0,0.2630368098159509,0.5214723926380368
63,0.19696969696969696,0.3787878787878788,0.42424242424242425,0.0
64,0.2717948717948718,0.13846153846153847,0.0,0.5897435897435898
65,0.03221188260558339,0.0,0.006442376521116679,0.9613457408732999
66,0.0,0.41543382646941224,0.5401839264294283,0.04438224710115954
67,0.0,0.39120521172638434,0.4977198697068404,0.11107491856677525
68,0.3730769230769231,0.15384615384615385,0.0,0.47307692307692306
69,0.773589554077359,0.1002710027100271,0.0,0.12613944321261394
70,0.13859649122807016,0.0,0.49122807017543857,0.3701754385964912
71,0.053388090349075976,0.8690394706821811,0.07757243896874287,0.0
72,0.24285714285714285,0.546031746031746,0.2111111111111111,0.0
73,0.296028880866426,0.0,0.05956678700361011,0.644404332129964
74,0.29207119741100324,0.5671521035598706,0.1407766990291262,0.0
75,0.6720647773279352,0.11740890688259109,0.0,0.21052631578947367
76,0.2818955042527339,0.6245443499392467,0.0,0.09356014580801944
77,0.0,0.27124645892351273,0.5439093484419264,0.1848441926345609
78,0.35808466342817485,0.3573907009021513,0.28452463566967384,0.0
79,0.0,0.30820547031354234,0.03602401601067378,0.6557705136757839
80,0.07790262172284644,0.0,0.03220973782771536,0.8898876404494382
81,0.0,0.2783667059285434,0.3447192775814684,0.37691401648998824
82,0.18582630566651873,0.0,0.3805296641515017,0.43364403018197956
83,0.2279083606069622,0.0,0.28711692948527223,0.48497470990776553
84,0.12509593246354567,0.7214121258633922,0.15349194167306215,0.0
85,0.26218097447795824,0.4895591647331787,0.2482598607888631,0.0
86,0.21815519765739386,0.0,0.0951683748169839,0.6866764275256223
87,0.0,0.21197089947089948,0.4183201058201058,0.3697089947089947
88,0.18027556200145034,0.0,0.5763596809282089,0.24336475707034083
89,0.3042168674698795,0.42075996292863765,0.2750231696014829,0.0
90,0.0,0.17370102572725743,0.6298974272742559,0.19640154699848664
91,0.541115209372966,0.39285455991899904,0.0,0.066030230708035
92,0.1828647106764466,0.0,0.1265281173594132,0.6906071719641402
93,0.25634866163349346,0.6499656829100893,0.0936856554564173,0.0
94,0.0,0.3736842105263158,0.07514619883040936,0.5511695906432749
95,0.06576402321083172,0.8941005802707931,0.04013539651837524,0.0
96,0.43975621190811065,0.26972964525707144,0.0,0.29051414283481797
97,0.1570719146588192,0.0,0.4395806510943535,0.4033474342468273
98,0.40258732212160414,0.4538163001293661,0.14359637774902975,0.0
99,0.0,0.3381704628949302,0.38776634827332845,0.27406318883174136
100,0.22435897435897437,0.6826923076923077,0.09294871794871795,0.0
101,0.5427092932586659,0.31126391153328137,0.0,0.14602679520805273
102,0.3901098901098901,0.0,0.09183673469387756,0.5180533751962323
103,0.0,0.32510288065843623,0.20164609053497942,0.4732510288065844
104,0.09674922600619196,0.7685758513931888,0.1346749226006192,0.0
105,0.2441860465116279,0.32558139534883723,0.43023255813953487,0.0
106,0.14224137931034483,0.11637931034482758,0.0,0.7413793103448276
107,0.10714285714285714,0.4107142857142857,0.0,0.48214285714285715
108,0.3212919677008075,0.545686357841054,0.0,0.13302167445813853
109,0.04929577464788732,0.6936619718309859,0.25704225352112675,0.0
110,0.25104166666666666,0.21041666666666667,0.0,0.5385416666666667
111,0.3202614379084967,0.0,0.19607843137254902,0.48366013071895425
112,0.41216216216216217,0.14189189189189189,0.0,0.44594594594594594
113,0.24269377382465057,0.0,0.3303684879288437,0.4269377382465057
114,0.5548387096774193,0.0,0.21935483870967742,0.22580645161290322
115,0.0,0.10435931307793923,0.2562747688243065,0.6393659180977543
116,0.35807860262008734,0.42358078602620086,0.0,0.2183406113537118
117,0.548469387755102,0.07653061224489796,0.0,0.375
118,0.12596401028277635,0.0,0.21465295629820053,0.6593830334190232
119,0.22144522144522144,0.0,0.23776223776223776,0.5407925407925408
120,0.20118343195266272,0.0,0.3224852071005917,0.47633136094674555
121,0.36086956521739133,0.0,0.43043478260869567,0.20869565217391303
122,0.25595238095238093,0.0,0.08928571428571429,0.6547619047619048
123,0.3103448275862069,0.2672413793103448,0.0,0.4224137931034483
124,0.27007299270072993,0.40875912408759124,0.0,0.32116788321167883
125,0.0,0.3684210526315789,0.5040770941438102,0.12750185322461083
126,0.20192307692307693,0.0,0.7788461538461539,0.019230769230769232
127,0.0,0.12053571428571429,0.7678571428571429,0.11160714285714286
128,0.0,0.2007377805102982,0.7383953273901015,0.06086689209960037
129,0.0,0.0748564867967853,0.896211251435132,0.028932261768082664
130,0.420256111757858,0.5029103608847497,0.0,0.07683352735739232
131,0.3195530726256983,0.4582601755786113,0.0,0.22218675179569033
132,0.12903225806451613,0.0,0.04133064516129032,0.8296370967741935
133,0.020604395604395604,0.964010989010989,0.015384615384615385,0.0
134,0.21482412060301506,0.36809045226130654,0.41708542713567837,0.0
135,0.04734848484848485,0.8731060606060606,0.0,0.07954545454545454
136,0.0,0.36666666666666664,0.3523809523809524,0.28095238095238095
137,0.8085519922254616,0.08551992225461613,0.0,0.10592808551992225
138,0.18,0.285,0.535,0.0
139,0.6177156177156177,0.1282051282051282,0.0,0.2540792540792541
140,0.05194805194805195,0.6679035250463822,0.0,0.28014842300556586
141,0.0,0.4406670942912123,0.4381013470173188,0.12123155869146889
142,0.16326530612244897,0.16326530612244897,0.673469387755102,0.0
143,0.6253405994550408,0.1307901907356948,0.0,0.2438692098092643
144,0.4732142857142857,0.08035714285714286,0.0,0.44642857142857145
145,0.018252933507170794,0.9308996088657105,0.0,0.05084745762711865
146,0.0,0.22045293701344656,0.6272116065109695,0.15233545647558386
147,0.2806603773584906,0.419811320754717,0.29952830188679247,0.0
148,0.4900332225913621,0.10714285714285714,0.0,0.40282392026578073
149,0.06730007917656373,0.6785431512272367,0.0,0.25415676959619954
150,0.0,0.2743764172335601,0.5900226757369614,0.13560090702947847
151,0.1952,0.2688,0.536,0.0
152,0.34813248766737137,0.0,0.26215644820295986,0.38971106412966877
153,0.0,0.4188735546437896,0.42782543826930247,0.15330100708690786
154,0.0,0.2041025641025641,0.5716239316239317,0.2242735042735043
155,0.2860347728547392,0.0,0.17049915872125632,0.5434660684240045
156,0.5480239814021779,0.3664505077694849,0.0,0.0855255108283372
157,0.06267452683834937,0.0,0.5001551349674217,0.43717033819422896
158,0.2758920800696258,0.3537859007832898,0.3703220191470844,0.0
159,0.4739538855678907,0.18958155422715628,0.0,0.336464560204953
160,0.43423327570155607,0.41335283947333423,0.0,0.15241388482510973
161,0.46546359676415683,0.0,0.25762289981331676,0.27691350342252646
162,0.0,0.15526492287055668,0.6234071093226022,0.22132796780684105
163,0.0,0.379585326953748,0.5165470494417863,0.1038676236044657
164,0.17882689556509299,0.575107296137339,0.24606580829756797,0.0
165,0.4966887417218543,0.30264900662251654,0.0,0.20066225165562915
166,0.6158685774204824,0.2600489339391821,0.0,0.12408248864033555
167,0.344434857635893,0.3899913718723037,0.26557377049180325,0.0
168,0.0,0.1922899353647276,0.6485457063711911,0.15916435826408126
169,0.0,0.23017408123791103,0.44216634429400387,0.3276595744680851
170,0.2824023366192041,0.0,0.3442862358525009,0.373311427528295
171,0.0,0.20224719101123595,0.6003210272873194,0.19743178170144463
172,0.22278056951423786,0.0,0.43090452261306533,0.3463149078726968
173,0.0,0.3071604938271605,0.40098765432098765,0.29185185185185186
174,0.0,0.3876084262701363,0.5073110285006196,0.10508054522924411
175,0.0,0.12628624883068287,0.7423760523854069,0.1313376987839102
176,0.0,0.1897131552917903,0.6729970326409496,0.13728981206726013
177,0.2665094339622642,0.361438679245283,0.3720518867924528,0.0
178,0.0,0.36977491961414793,0.1607717041800643,0.4694533762057878
179,0.055049354593773726,0.7342444950645406,0.21070615034168566,0.0
180,0.10321797207043108,0.1700060716454159,0.726775956284153,0.0
181,0.2971639950678175,0.0,0.13070283600493218,0.5721331689272503
182,0.0,0.247557003257329,0.499185667752443,0.253257328990228
183,0.15341905318527177,0.0,0.7825832846288721,0.06399766218585623
184,0.0,0.5505072783414203,0.3718570798411998,0.0776356418173798
185,0.48584298584298585,0.32754182754182753,0.0,0.1866151866151866
186,0.0,0.474400518470512,0.47180816591056385,0.053791315618924175
187,0.0,0.25589005235602097,0.6782286212914486,0.06588132635253054
188,0.33056105610561054,0.5064026402640264,0.0,0.16303630363036303
189,0.31442365721182863,0.36451418225709115,0.3210621605310803,0.0
190,0.16944801026957637,0.21052631578947367,0.62002567394095,0.0
191,0.09738884968242767,0.0,0.3128675605739826,0.5897435897435898
192,0.418526031102096,0.0,0.5368492224475997,0.04462474645030426
193,0.0,0.18806509945750452,0.6726943942133815,0.13924050632911392
194,0.5515615792575133,0.3182086034177961,0.0,0.13022981732469063
195,0.577304964539007,0.1829787234042553,0.0,0.2397163120567376
196,0.8488307862272142,0.11471183944025042,0.0,0.036457374332535444
197,0.23633440514469453,0.0,0.29019292604501606,0.4734726688102894
198,0.0,0.702020202020202,0.24074074074074073,0.05723905723905724
199,0.4124293785310734,0.3898305084745763,0.0,0.1977401129943503
200,0.0,0.09257781324820431,0.8347964884277733,0.07262569832402235
201,0.2964464583830193,0.5931314094920105,0.0,0.1104221321249702
202,0.095952023988006,0.4122938530734633,0.4917541229385307,0.0
203,0.39636363636363636,0.0,0.29333333333333333,0.3103030303030303
204,0.0,0.06196142798522774,0.34755847353303243,0.5904800984817399
205,0.2365702479338843,0.0,0.2737603305785124,0.4896694214876033
206,0.3104359313077939,0.0,0.2166446499339498,0.47291941875825627
207,0.0,0.2776583429799901,0.1228708450471308,0.5994708119728791
208,0.11885245901639344,0.26229508196721313,0.6188524590163934,0.0
209,0.2058695652173913,0.5206521739130435,0.2734782608695652,0.0
210,0.0,0.03368083400160385,0.30392943063352046,0.6623897353648757
211,0.23638232271325796,0.0,0.513532031517643,0.25008564576909903
212,0.13051359516616315,0.0,0.2688821752265861,0.6006042296072508
213,0.0,0.2832456799398948,0.4027047332832457,0.3140495867768595
214,0.21420153211549794,0.5453741897466117,0.0,0.24042427813789038
215,0.5278432795211319,0.24759658987846908,0.0,0.22456013060039906
216,0.5383022774327122,0.2277432712215321,0.0,0.23395445134575568
217,0.0,0.5027322404371585,0.31420765027322406,0.1830601092896175
218,0.36449704142011835,0.0,0.2828402366863905,0.3526627218934911
219,0.0,0.187211093990755,0.5238828967642527,0.2889060092449923
220,0.2935593220338983,0.0,0.29627118644067796,0.4101694915254237
221,0.0,0.237243947858473,0.48528864059590315,0.2774674115456238
222,0.16833571769194086,0.25560324272770624,0.5760610395803529,0.0
223,0.27684563758389263,0.0,0.09731543624161074,0.6258389261744967
224,0.23006416131989002,0.0,0.3684692942254812,0.40146654445462876
225,0.6911487758945386,0.054613935969868174,0.0,0.2542372881355932
226,0.5726950354609929,0.0,0.15070921985815602,0.2765957446808511
227,0.3941267387944359,0.4420401854714065,0.0,0.16383307573415765
228,0.0,0.311660777385159,0.6007067137809188,0.08763250883392226
229,0.46139190855093576,0.5204527625238149,0.0,0.018155328925249355
230,0.1714880814626244,0.0,0.20967368664660957,0.618838231890766
231,0.0,0.0618921308576481,0.7250221043324492,0.21308576480990274
232,0.11658031088082901,0.0,0.11813471502590674,0.7652849740932642
233,0.0,0.21897391802808827,0.470908569790771,0.31011751218114075
234,0.5266587677725119,0.09774881516587677,0.0,0.3755924170616114
235,0.04662400417918245,0.0,0.1275956640982108,0.8257803317226068
236,0.100029163021289,0.0,0.47331583552055995,0.42665500145815105
237,0.2132752992383025,0.5310119695321001,0.25571273122959737,0.0
238,0.0,0.34910913140311806,0.036748329621380846,0.6141425389755011
239,0.04136064940085041,0.0,0.026671820641669886,0.9319675299574797
240,0.0,0.3421907292589312,0.13994685562444642,0.5178624151166223
241,0.1326530612244898,0.17346938775510204,0.6938775510204082,0.0
242,0.6,0.11058823529411765,0.0,0.28941176470588237
243,0.23975409836065573,0.5727459016393442,0.0,0.1875
244,0.0,0.37401574803149606,0.400262467191601,0.22572178477690288
245,0.6994408201304753,0.2359040074557316,0.0,0.06465517241379311
246,0.16011355571327182,0.0,0.22285308729595457,0.6170333569907736
247,0.1,0.14782608695652175,0.7521739130434782,0.0
248,0.263,0.54,0.0,0.197
249,0.0,0.5148011100832562,0.3829787234042553,0.10222016651248844
250,0.44724061810154525,0.48763796909492274,0.0,0.06512141280353201
251,0.19254658385093168,0.0,0.3337934207499425,0.47365999539912584
252,0.0,0.12070410729253982,0.8109807208717519,0.0683151718357083
253,0.7089077412513256,0.2417815482502651,0.0,0.049310710498409335
254,0.16355421686746988,0.0,0.13343373493975905,0.7030120481927711
255,0.1315028901734104,0.0,0.23121387283236994,0.6372832369942196
256,0.1686046511627907,0.1744186046511628,0.6569767441860465,0.0
257,0.3227946916471507,0.5679156908665105,0.0,0.1092896174863388
258,0.0,0.4918032786885246,0.43478260869565216,0.07341411261582323
259,0.2029429075927016,0.7204237786933491,0.0,0.07663331371394938
260,0.0,0.28465238303454304,0.4486226497595103,0.26672496720594663
261,0.16862088218872137,0.5388051367950866,0.2925739810161921,0.0
262,0.30563213863725874,0.0,0.08507286333202048,0.6092949980307207
263,0.19891378139850646,0.5498981670061099,0.25118805159538354,0.0
264,0.266199649737303,0.5884413309982487,0.0,0.14535901926444833
265,0.0,0.49952516619183285,0.4672364672364672,0.03323836657169991
266,0.0,0.23315535214848715,0.6880244088482075,0.07882023900330537
267,0.24074074074074073,0.1574074074074074,0.0,0.6018518518518519
268,0.0,0.2589928057553957,0.5467625899280576,0.19424460431654678
269,0.12609117361784675,0.0,0.04849660523763336,0.8254122211445198
270,0.0,0.05344995140913508,0.293488824101069,0.6530612244897959
271,0.15060240963855423,0.0,0.10993975903614457,0.7394578313253012
272,0.3856115107913669,0.2805755395683453,0.0,0.3338129496402878
273,0.2728658536585366,0.01524390243902439,0.0,0.711890243902439
274,0.057738572574178026,0.0,0.8797113071371291,0.06255012028869286
275,0.22916666666666666,0.6125,0.15833333333333333,0.0
276,0.6053921568627451,0.3120286576168929,0.0,0.08257918552036199
277,0.06616541353383458,0.7578947368421053,0.17593984962406015,0.0
278,0.33371637150196026,0.3942138704880357,0.0,0.27206975801000405
279,0.2490118577075099,0.308300395256917,0.4426877470355731,0.0
280,0.0,0.0194954128440367,0.028669724770642203,0.9518348623853211
281,0.012159814707585408,0.9085118702953098,0.07932831499710481,0.0
282,0.1625,0.4,0.4375,0.0
283,0.0,0.03836866112154548,0.02790448081566944,0.9337268580627851
284,0.010518934081346423,0.0,0.015661524076671342,0.9738195418419823
285,0.14500941619585686,0.1638418079096045,0.6911487758945386,0.0
286,0.2819843342036554,0.2010443864229765,0.0,0.5169712793733682
287,0.000778816199376947,0.6199376947040498,0.3792834890965732,0.0
288,0.5563636363636364,0.05272727272727273,0.0,0.39090909090909093
289,0.16314199395770393,0.0,0.14018126888217522,0.6966767371601208
290,0.3685152057245081,0.38014311270125223,0.0,0.2513416815742397
291,0.0,0.7027972027972028,0.2958041958041958,0.0013986013986013986
292,0.650251256281407,0.19497487437185929,0.0,0.15477386934673368
293,0.0,0.17892156862745098,0.7389705882352942,0.0821078431372549
294,0.4820359281437126,0.27245508982035926,0.0,0.24550898203592814
295,0.0,0.1437371663244353,0.6673511293634496,0.188911704312115
296,0.2971246006389776,0.549520766773163,0.15335463258785942,0.0
297,0.21052631578947367,0.0,0.3026315789473684,0.4868421052631579
298,0.08928571428571429,0.44047619047619047,0.47023809523809523,0.0
299,0.39215686274509803,0.0,0.2549019607843137,0.35294117647058826
300,0.4339622641509434,0.3018867924528302,0.2641509433962264,0.0
301,0.18181818181818182,0.0,0.5681818181818182,0.25
302,0.32051282051282054,0.41025641025641024,0.0,0.2692307692307692
303,0.043478260869565216,0.0,0.5217391304347826,0.43478260869565216
304,0.0,0.2,0.6,0.2
305,0.0,0.0,0.0625,0.9375
306,0.0,0.3333333333333333,0.3333333333333333,0.3333333333333333
307,0.0,1.0,0.0,0.0
308,1.0,0.0,0.0,0.0
309,,,,
310,0.0,0.0,0.0,1.0
311,,,,
312,,,,
313,,,,
314,,,,
315,,,,
