,A,C,G,T
0,,,,
1,,,,
2,0.5063973063973064,0.4572390572390572,0.0,0.03636363636363636
3,0.4668304668304668,0.25307125307125306,0.0,0.2800982800982801
4,0.45384615384615384,0.32051282051282054,0.22564102564102564,0.0
5,0.5841708542713567,0.12688442211055276,0.0,0.2889447236180904
6,0.4657039711191336,0.0,0.23465703971119134,0.2996389891696751
7,0.0,0.17270194986072424,0.564066852367688,0.26323119777158777
8,0.7598231827111984,0.1800098231827112,0.0,0.060166994106090374
9,0.04633093525179856,0.0,0.20402877697841726,0.7496402877697842
10,0.34782608695652173,0.358695652173913,0.29347826086956524,0.0
11,0.5633528265107213,0.22612085769980506,0.0,0.21052631578947367
12,0.41509433962264153,0.274442538593482,0.0,0.31046312178387653
13,0.39871794871794874,0.5487179487179488,0.052564102564102565,0.0
14,0.4460431654676259,0.1630695443645084,0.0,0.3908872901678657
15,0.040152963671128104,0.8049713193116634,0.0,0.15487571701720843
16,0.0,0.6714801444043321,0.10830324909747292,0.22021660649819494
17,0.7462211614956245,0.15990453460620524,0.0,0.09387430389817025
18,0.2777777777777778,0.19444444444444445,0.5277777777777778,0.0
19,0.3971631205673759,0.0,0.10638297872340426,0.49645390070921985
20,0.11092150170648464,0.20733788395904437,0.681740614334471,0.0
21,0.1743119266055046,0.1559633027522936,0.0,0.6697247706422018
22,0.2948717948717949,0.038461538461538464,0.0,0.6666666666666666
23,0.27722772277227725,0.0891089108910891,0.0,0.6336633663366337
24,0.057971014492753624,0.13768115942028986,0.0,0.8043478260869565
25,0.11290322580645161,0.1774193548387097,0.0,0.7096774193548387
26,0.0,0.32119914346895073,0.5417558886509636,0.13704496788008566
27,0.7934472934472935,0.08831908831908832,0.0,0.11823361823361823
28,0.6695168875587858,0.28088926891834115,0.0,0.04959384352287302
29,0.27015558698727016,0.0,0.37623762376237624,0.3536067892503536
30,0.06832298136645963,0.7497781721384206,0.18189884649511978,0.0
31,0.056782334384858045,0.5615141955835962,0.38170347003154576,0.0
32,0.5630885122410546,0.2071563088512241,0.0,0.2297551789077213
33,0.4739583333333333,0.125,0.0,0.4010416666666667
34,0.12232415902140673,0.5963302752293578,0.28134556574923547,0.0
35,0.46005509641873277,0.0,0.33608815426997246,0.20385674931129477
36,0.578397212543554,0.0,0.2613240418118467,0.1602787456445993
37,0.0,0.3541666666666667,0.5546875,0.09114583333333333
38,0.46536412078152756,0.40852575488454707,0.0,0.1261101243339254
39,0.31736526946107785,0.0,0.17964071856287425,0.5029940119760479
40,0.1695501730103806,0.0,0.532871972318339,0.2975778546712803
41,0.0166887919590366,0.03603261900246539,0.947278589038498,0.0
42,0.19491525423728814,0.15254237288135594,0.0,0.652542372881356
43,0.19047619047619047,0.18253968253968253,0.0,0.626984126984127
44,0.5450346420323325,0.23094688221709006,0.0,0.22401847575057737
45,0.591304347826087,0.13478260869565217,0.0,0.27391304347826084
46,0.832378223495702,0.04871060171919771,0.0,0.11891117478510028
47,0.5171428571428571,0.28285714285714286,0.0,0.2
48,0.23853211009174313,0.23853211009174313,0.5229357798165137,0.0
49,0.373134328358209,0.0,0.34328358208955223,0.2835820895522388
50,0.24285714285714285,0.0,0.23469387755102042,0.5224489795918368
51,0.16863905325443787,0.0,0.4230769230769231,0.40828402366863903
52,0.1888412017167382,0.24034334763948498,0.5708154506437768,0.0
53,0.6325719960278053,0.2701092353525323,0.0,0.09731876861966236
54,0.0,0.6660482374768089,0.2912801484230056,0.04267161410018553
55,0.2476894639556377,0.5951940850277264,0.0,0.15711645101663585
56,0.0,0.41044776119402987,0.3824626865671642,0.20708955223880596
57,0.23232323232323232,0.0,0.648989898989899,0.11868686868686869
58,0.05090909090909091,0.4290909090909091,0.52,0.0
59,0.17,0.0,0.535,0.295
60,0.1798780487804878,0.3399390243902439,0.4801829268292683,0.0
61,0.4175824175824176,0.0,0.2967032967032967,0.2857142857142857
62,0.3065825067628494,0.0,0.31379621280432823,0.37962128043282234
63,0.045454545454545456,0.18831168831168832,0.7662337662337663,0.0
64,0.07228915662650602,0.20481927710843373,0.0,0.7228915662650602
65,0.01278409090909091,0.8153409090909091,0.171875,0.0
66,0.5139882888744307,0.04554326610279766,0.0,0.44046844502277166
67,0.29174992863260063,0.0,0.07993148729660292,0.6283185840707964
68,0.0,0.27857829010566765,0.4034582132564842,0.31796349663784823
69,0.6623134328358209,0.11380597014925373,0.0,0.22388059701492538
70,0.07251032583754016,0.0,0.3625516291877008,0.5649380449747591
71,0.17905405405405406,0.0,0.40540540540540543,0.4155405405405405
72,0.18666666666666668,0.37666666666666665,0.43666666666666665,0.0
73,0.2692307692307692,0.0,0.15064102564102563,0.5801282051282052
74,0.23083700440528634,0.4801762114537445,0.2889867841409692,0.0
75,0.7319034852546917,0.13136729222520108,0.0,0.13672922252010725
76,0.6714443219404631,0.23594266813671444,0.0,0.0926130099228225
77,0.0,0.5408071748878924,0.3022421524663677,0.15695067264573992
78,0.24570273003033366,0.5591506572295247,0.19514661274014156,0.0
79,0.2034383954154728,0.5501432664756447,0.24641833810888253,0.0
80,0.19674556213017752,0.0,0.16568047337278108,0.6375739644970414
81,0.0,0.42384993300580615,0.32112550245645377,0.2550245645377401
82,0.20383320383320383,0.0,0.5143745143745144,0.2817922817922818
83,0.18463508322663252,0.0,0.3167733674775928,0.49859154929577465
84,0.2619984264358773,0.5342250196695515,0.2037765538945712,0.0
85,0.17611336032388664,0.49190283400809715,0.3319838056680162,0.0
86,0.0843515963736697,0.7292077256602286,0.1864406779661017,0.0
87,0.0,0.28023312287518215,0.6240893637688198,0.09567751335599806
88,0.5365091761030847,0.37914877001171415,0.0,0.0843420538852011
89,0.30483393620519567,0.45379809273265376,0.2413679710621506,0.0
90,0.0,0.1945689427893488,0.6530450830477195,0.1523859741629317
91,0.5905537817901574,0.3361224265110646,0.0,0.07332379169877794
92,0.15108017978831376,0.0,0.1280266782659127,0.7208931419457735
93,0.3118204138898632,0.5191160996141705,0.16906348649596634,0.0
94,0.0,0.43501080580426055,0.14448903982710712,0.4205001543686323
95,0.08090614886731391,0.7837108953613808,0.1353829557713053,0.0
96,0.1702127659574468,0.32180851063829785,0.5079787234042553,0.0
97,0.605672461116194,0.18847209515096067,0.0,0.20585544373284537
98,0.08812615955473098,0.6929499072356216,0.0,0.2189239332096475
99,0.0,0.49670619235836627,0.2753623188405797,0.22793148880105402
100,0.04040404040404041,0.494949494949495,0.46464646464646464,0.0
101,0.4166666666666667,0.19047619047619047,0.0,0.39285714285714285
102,0.0,0.20463320463320464,0.6491312741312741,0.14623552123552125
103,0.3017666926474409,0.650168875032476,0.0,0.04806443232008314
104,0.030565792326035117,0.0,0.08866247561239975,0.8807717320615651
105,0.04,0.21333333333333335,0.7466666666666667,0.0
106,0.06,0.11,0.0,0.83
107,0.11904761904761904,0.16666666666666666,0.0,0.7142857142857143
108,0.44601769911504424,0.33362831858407077,0.0,0.22035398230088496
109,0.02910958904109589,0.8732876712328768,0.0976027397260274,0.0
110,0.34308510638297873,0.0,0.18617021276595744,0.47074468085106386
111,0.3132530120481928,0.0,0.42168674698795183,0.26506024096385544
112,0.38144329896907214,0.18556701030927836,0.0,0.4329896907216495
113,0.1765834932821497,0.0,0.26103646833013433,0.5623800383877159
114,0.622093023255814,0.0,0.16279069767441862,0.21511627906976744
115,0.0,0.13995943204868155,0.3995943204868154,0.460446247464503
116,0.4115755627009646,0.45016077170418006,0.0,0.1382636655948553
117,0.65465032444124,0.15861571737563085,0.0,0.18673395818312905
118,0.06025641025641026,0.0,0.18205128205128204,0.7576923076923077
119,0.08906882591093117,0.6548582995951417,0.2560728744939271,0.0
120,0.14285714285714285,0.0,0.4055299539170507,0.45161290322580644
121,0.7123287671232876,0.0,0.1232876712328767,0.1643835616438356
122,0.0,0.22531645569620254,0.5215189873417722,0.25316455696202533
123,0.5617021276595745,0.251063829787234,0.0,0.18723404255319148
124,0.7139479905437353,0.05673758865248227,0.0,0.2293144208037825
125,0.6684256816182937,0.1442392260334213,0.0,0.18733509234828497
126,0.0,0.33058984910836764,0.6488340192043895,0.0205761316872428
127,0.0,0.1077414205905826,0.816440542697526,0.07581803671189145
128,0.9125717932354818,0.03254626675175495,0.0,0.05488194001276324
129,0.26535087719298245,0.42105263157894735,0.0,0.31359649122807015
130,0.29431438127090304,0.16387959866220736,0.0,0.5418060200668896
131,0.49846692947875604,0.3201927288655278,0.0,0.18134034165571616
132,0.29908972691807545,0.0,0.41092327698309494,0.28998699609882966
133,0.04011887072808321,0.6010401188707281,0.3588410104011887,0.0
134,0.4798657718120805,0.06711409395973154,0.0,0.45302013422818793
135,0.13896848137535817,0.6934097421203438,0.0,0.167621776504298
136,0.0,0.07170172084130019,0.8738049713193117,0.05449330783938815
137,0.7668439716312057,0.08244680851063829,0.0,0.15070921985815602
138,0.16648531011969533,0.09466811751904244,0.7388465723612623,0.0
139,0.216796875,0.0859375,0.0,0.697265625
140,0.18518518518518517,0.4107744107744108,0.0,0.40404040404040403
141,0.2241953385127636,0.4916759156492786,0.0,0.28412874583795783
142,0.09297520661157024,0.10743801652892562,0.7995867768595041,0.0
143,0.3767123287671233,0.08047945205479452,0.0,0.5428082191780822
144,0.46335078534031415,0.06806282722513089,0.0,0.468586387434555
145,0.3008849557522124,0.0,0.5851769911504425,0.11393805309734513
146,0.8035190615835777,0.0,0.11510263929618768,0.0813782991202346
147,0.0,0.4692144373673036,0.36871903750884644,0.16206652512384997
148,0.0,0.2535063113604488,0.514726507713885,0.2317671809256662
149,0.175754060324826,0.0,0.21490719257540603,0.609338747099768
150,0.0,0.231055900621118,0.40993788819875776,0.3590062111801242
151,0.196,0.2986666666666667,0.5053333333333333,0.0
152,0.0,0.2743362831858407,0.37364798426745327,0.352015732546706
153,0.0,0.32747804265997493,0.6254705144291092,0.04705144291091593
154,0.0,0.12640862322390986,0.7971582557569818,0.07643312101910828
155,0.29293355855855857,0.5515202702702703,0.0,0.15554617117117117
156,0.23394004282655245,0.0,0.6193790149892934,0.14668094218415417
157,0.0,0.5298263277120564,0.35615403976843696,0.11401963251950667
158,0.0,0.336341008089608,0.40043559427504666,0.26322339763534536
159,0.3831101956745623,0.4016477857878476,0.0,0.21524201853759012
160,0.0,0.2344763670064875,0.6153846153846154,0.15013901760889714
161,0.17556783302639656,0.5586249232658073,0.2658072437077962,0.0
162,0.25357142857142856,0.11607142857142858,0.0,0.6303571428571428
163,0.5469893078221723,0.36072031513787284,0.0,0.09229037703995498
164,0.0,0.47593896713615025,0.4495305164319249,0.07453051643192488
165,0.0,0.20536165907941326,0.7324228629236217,0.0622154779969651
166,0.3309745899002895,0.4892248311354133,0.0,0.17980057896429721
167,0.22825070159027128,0.3376987839101964,0.43405051449953225,0.0
168,0.3982698961937716,0.47058823529411764,0.0,0.13114186851211074
169,0.0,0.3962895377128954,0.2871046228710462,0.3166058394160584
170,0.3514018691588785,0.5554072096128171,0.0,0.0931909212283044
171,0.0,0.4129692832764505,0.4859215017064846,0.10110921501706485
172,0.0,0.4282739472466451,0.25937066173068024,0.3123553910226747
173,0.0,0.12724392819429778,0.7312565997888067,0.14149947201689547
174,0.4135640974039042,0.394445562487422,0.19199034010867377,0.0
175,0.0,0.23950233281493002,0.17729393468118196,0.583203732503888
176,0.0811159907000775,0.0,0.21983983466804444,0.6990441746318781
177,0.16858638743455498,0.5476439790575917,0.2837696335078534,0.0
178,0.0,0.3413654618473896,0.1636546184738956,0.49497991967871485
179,0.07938044530493708,0.6137463697967086,0.3068731848983543,0.0
180,0.31677324151500247,0.33595671421544515,0.0,0.3472700442695524
181,0.05460883036405887,0.6665375677769171,0.278853601859024,0.0
182,0.554021121039805,0.22258326563769293,0.0,0.22339561332250202
183,0.3731656184486373,0.40041928721174,0.0,0.22641509433962265
184,0.0,0.4032114183764496,0.5405887600356825,0.056199821587867974
185,0.1796875,0.0,0.4697265625,0.3505859375
186,0.18630573248407642,0.18312101910828024,0.6305732484076433,0.0
187,0.33242506811989103,0.0,0.19346049046321526,0.47411444141689374
188,0.08257918552036199,0.6221719457013575,0.29524886877828055,0.0
189,0.3747044917257683,0.3806146572104019,0.0,0.24468085106382978
190,0.08853118712273642,0.32796780684104626,0.5835010060362174,0.0
191,0.3844731977818854,0.34935304990757854,0.0,0.266173752310536
192,0.0,0.15137956748695003,0.8314690529455631,0.01715137956748695
193,0.0,0.08127461510920157,0.832438238453276,0.08628714643752237
194,0.34057971014492755,0.3888888888888889,0.0,0.27053140096618356
195,0.27796610169491526,0.18983050847457628,0.0,0.5322033898305085
196,0.6147186147186147,0.0735930735930736,0.0,0.3116883116883117
197,0.2982832618025751,0.0,0.26394849785407726,0.43776824034334766
198,0.6179245283018868,0.0,0.23113207547169812,0.1509433962264151
199,0.3557692307692308,0.15865384615384615,0.0,0.4855769230769231
200,0.0,0.37697253068381065,0.48509643483343073,0.13793103448275862
201,0.30343511450381677,0.2595419847328244,0.43702290076335876,0.0
202,0.17037037037037037,0.35185185185185186,0.4777777777777778,0.0
203,0.3028953229398664,0.0,0.13140311804008908,0.5657015590200446
204,0.0,0.1335540838852097,0.5342163355408388,0.3322295805739514
205,0.1132713440405748,0.0,0.32628909551986474,0.5604395604395604
206,0.4176991150442478,0.0,0.17345132743362832,0.4088495575221239
207,0.0,0.11288343558282209,0.8447852760736196,0.04233128834355828
208,0.12727272727272726,0.36363636363636365,0.509090909090909,0.0
209,0.17096219931271478,0.0,0.16065292096219932,0.6683848797250859
210,0.27184466019417475,0.09870550161812297,0.6294498381877023,0.0
211,0.35467980295566504,0.0,0.07881773399014778,0.5665024630541872
212,0.3277777777777778,0.0,0.17037037037037037,0.5018518518518519
213,0.0,0.5308219178082192,0.3904109589041096,0.07876712328767123
214,0.5914221218961625,0.24604966139954854,0.0,0.16252821670428894
215,0.0,0.16113744075829384,0.7693522906793049,0.06951026856240126
216,0.514792899408284,0.17159763313609466,0.0,0.3136094674556213
217,0.0,0.32,0.424,0.256
218,0.3182844243792325,0.0,0.3002257336343115,0.38148984198645597
219,0.0,0.10314685314685315,0.8181818181818182,0.07867132867132867
220,0.0,0.3333333333333333,0.4613526570048309,0.20531400966183574
221,0.10316139767054909,0.0,0.07903494176372712,0.8178036605657238
222,0.5644136337377239,0.09820912767186597,0.0,0.3373772385904102
223,0.25990783410138246,0.0,0.328110599078341,0.4119815668202765
224,0.4299363057324841,0.0,0.3646496815286624,0.2054140127388535
225,0.0,0.39980732177263967,0.5631021194605009,0.03709055876685934
226,0.0,0.04080425783560024,0.8764044943820225,0.08279124778237729
227,0.4861111111111111,0.3697089947089947,0.0,0.14417989417989419
228,0.0,0.140177690029615,0.7838104639684107,0.07601184600197433
229,0.0,0.16984006092916984,0.7875095201827875,0.04265041888804265
230,0.06347031963470319,0.0,0.22876712328767124,0.7077625570776256
231,0.5654648956356736,0.03510436432637571,0.39943074003795065,0.0
232,0.15582959641255606,0.0,0.053811659192825115,0.7903587443946188
233,0.0,0.2757959340237821,0.3686229382431914,0.35558112773302647
234,0.1541981239990849,0.0,0.5827041866849691,0.263097689315946
235,0.31417624521072796,0.17624521072796934,0.5095785440613027,0.0
236,0.4662516382699869,0.2807994757536042,0.0,0.2529488859764089
237,0.22590361445783133,0.4578313253012048,0.31626506024096385,0.0
238,0.0,0.21249670445557606,0.04745583970471922,0.7400474558397048
239,0.05909090909090909,0.6878787878787879,0.25303030303030305,0.0
240,0.0391812865497076,0.0,0.07543859649122807,0.8853801169590644
241,0.20134228187919462,0.12080536912751678,0.6778523489932886,0.0
242,0.5398198198198199,0.2454054054054054,0.0,0.21477477477477477
243,0.13088587390263368,0.0,0.8419792498004789,0.02713487629688747
244,0.0,0.10975609756097561,0.4349593495934959,0.45528455284552843
245,0.0,0.27377377377377377,0.6831831831831832,0.043043043043043044
246,0.0,0.4190871369294606,0.35684647302904565,0.22406639004149378
247,0.10106382978723404,0.26595744680851063,0.6329787234042553,0.0
248,0.4942528735632184,0.3054187192118227,0.0,0.20032840722495895
249,0.0,0.11800554016620499,0.8465373961218836,0.03545706371191136
250,0.0,0.2535767143561914,0.6911692155895411,0.05525407005426739
251,0.08690095846645367,0.0,0.12332268370607029,0.789776357827476
252,0.0,0.0984251968503937,0.7726377952755905,0.12893700787401574
253,0.7181069958847737,0.19393004115226337,0.0,0.08796296296296297
254,0.11316725978647686,0.0,0.11459074733096085,0.7722419928825622
255,0.12924071082390953,0.0,0.2681744749596123,0.6025848142164781
256,0.10465116279069768,0.20930232558139536,0.686046511627907,0.0
257,0.40217391304347827,0.36490683229813664,0.0,0.2329192546583851
258,0.0,0.25804195804195806,0.7223776223776224,0.019580419580419582
259,0.3605236656596173,0.5568982880161127,0.0,0.08257804632426989
260,0.0,0.36469534050179214,0.49372759856630827,0.14157706093189965
261,0.4572687224669604,0.44669603524229073,0.0,0.0960352422907489
262,0.10358638266885127,0.0,0.14928090296741306,0.7471327143637356
263,0.24,0.0,0.18333333333333332,0.5766666666666667
264,0.41304347826086957,0.11956521739130435,0.0,0.4673913043478261
265,0.0,0.35833333333333334,0.6138888888888889,0.027777777777777776
266,0.41656832664621196,0.5251357092282275,0.0,0.05829596412556054
267,0.3411764705882353,0.11764705882352941,0.0,0.5411764705882353
268,0.0,0.38095238095238093,0.38095238095238093,0.23809523809523808
269,0.18674698795180722,0.0,0.0823293172690763,0.7309236947791165
270,0.0,0.05106382978723404,0.5418439716312057,0.40709219858156026
271,0.2631578947368421,0.0,0.2578947368421053,0.4789473684210526
272,0.5039164490861618,0.26370757180156656,0.0,0.23237597911227154
273,0.23958333333333334,0.08333333333333333,0.0,0.6770833333333334
274,0.09743589743589744,0.0,0.8307692307692308,0.07179487179487179
275,0.0,0.0,0.0,1.0
276,0.6151678797839869,0.24442357360882835,0.0,0.1404085466071848
277,0.1417624521072797,0.6475095785440613,0.210727969348659,0.0
278,0.3486794281560456,0.39701962684758907,0.0,0.2543009449963654
279,0.07462686567164178,0.13432835820895522,0.7910447761194029,0.0
280,0.0,0.04564315352697095,0.06639004149377593,0.8879668049792531
281,0.017578125,0.912109375,0.0703125,0.0
282,0.12237762237762238,0.7622377622377622,0.11538461538461539,0.0
283,0.0,0.07724137931034483,0.06482758620689655,0.8579310344827586
284,0.011408083441981747,0.0,0.009778357235984355,0.9788135593220338
285,0.15087719298245614,0.1649122807017544,0.6842105263157895,0.0
286,0.26666666666666666,0.1607843137254902,0.0,0.5725490196078431
287,0.0,0.6521164021164021,0.3478835978835979,0.0
288,0.6893115942028986,0.04800724637681159,0.0,0.26268115942028986
289,0.07434464976364417,0.0,0.12763214439192092,0.7980232058444349
290,0.3088235294117647,0.42205882352941176,0.0,0.2691176470588235
291,0.0,0.47730398899587345,0.5199449793672627,0.002751031636863824
292,0.5591647331786543,0.32018561484918795,0.0,0.12064965197215777
293,0.0,0.24726134585289514,0.6604068857589984,0.09233176838810642
294,0.4036144578313253,0.39457831325301207,0.0,0.20180722891566266
295,0.0,0.1694915254237288,0.6398305084745762,0.1906779661016949
296,0.18497109826589594,0.7630057803468208,0.05202312138728324,0.0
297,0.11347517730496454,0.0,0.6028368794326241,0.28368794326241137
298,0.10714285714285714,0.7098214285714286,0.18303571428571427,0.0
299,0.0594059405940594,0.0,0.5445544554455446,0.39603960396039606
300,0.045454545454545456,0.4090909090909091,0.5454545454545454,0.0
301,0.21428571428571427,0.0,0.7142857142857143,0.07142857142857142
302,0.09090909090909091,0.8636363636363636,0.0,0.045454545454545456
303,0.0,0.0,0.8571428571428571,0.14285714285714285
304,0.0,0.8947368421052632,0.05263157894736842,0.05263157894736842
305,0.6666666666666666,0.0,0.16666666666666666,0.16666666666666666
306,,,,
307,,,,
308,,,,
309,,,,
310,,,,
311,,,,
312,,,,
313,,,,
314,,,,
315,,,,
