,A,C,G,T
0,,,,
1,,,,
2,,,,
3,,,,
4,,,,
5,0.0,0.0,1.0,0.0
6,,,,
7,,,,
8,0.0,0.0,1.0,0.0
9,0.0,0.0,0.0,1.0
10,,,,
11,,,,
12,1.0,0.0,0.0,0.0
13,,,,
14,,,,
15,,,,
16,,,,
17,1.0,0.0,0.0,0.0
18,,,,
19,,,,
20,0.0,1.0,0.0,0.0
21,,,,
22,,,,
23,,,,
24,,,,
25,,,,
26,,,,
27,,,,
28,1.0,0.0,0.0,0.0
29,,,,
30,,,,
31,,,,
32,0.6666666666666666,0.3333333333333333,0.0,0.0
33,,,,
34,,,,
35,0.0,0.0,0.3333333333333333,0.6666666666666666
36,,,,
37,,,,
38,,,,
39,,,,
40,,,,
41,0.0,0.0,1.0,0.0
42,,,,
43,,,,
44,,,,
45,,,,
46,,,,
47,,,,
48,,,,
49,,,,
50,,,,
51,,,,
52,,,,
53,1.0,0.0,0.0,0.0
54,,,,
55,1.0,0.0,0.0,0.0
56,0.0,1.0,0.0,0.0
57,,,,
58,,,,
59,,,,
60,,,,
61,,,,
62,,,,
63,,,,
64,,,,
65,,,,
66,1.0,0.0,0.0,0.0
67,1.0,0.0,0.0,0.0
68,,,,
69,,,,
70,,,,
71,,,,
72,,,,
73,,,,
74,,,,
75,,,,
76,,,,
77,0.0,0.0,1.0,0.0
78,,,,
79,0.0,1.0,0.0,0.0
80,,,,
81,,,,
82,0.5,0.0,0.0,0.5
83,0.0,0.0,0.0,1.0
84,,,,
85,,,,
86,,,,
87,0.0,1.0,0.0,0.0
88,1.0,0.0,0.0,0.0
89,0.0,1.0,0.0,0.0
90,0.0,0.0,1.0,0.0
91,0.0,0.5,0.5,0.0
92,0.0,0.0,0.0,1.0
93,0.0,0.0,0.0,1.0
94,0.3333333333333333,0.0,0.0,0.6666666666666666
95,,,,
96,0.0,0.0,0.0,1.0
97,0.0,1.0,0.0,0.0
98,,,,
99,,,,
100,,,,
101,,,,
102,0.0,1.0,0.0,0.0
103,0.0,0.0,1.0,0.0
104,0.0,0.0,0.0,1.0
105,,,,
106,,,,
107,,,,
108,,,,
109,0.0,0.0,0.0,1.0
110,0.0,0.0,0.0,1.0
111,,,,
112,,,,
113,,,,
114,0.0,1.0,0.0,0.0
115,,,,
116,1.0,0.0,0.0,0.0
117,,,,
118,,,,
119,0.0,1.0,0.0,0.0
120,,,,
121,,,,
122,0.0,0.0,1.0,0.0
123,,,,
124,,,,
125,0.0,0.0,1.0,0.0
126,,,,
127,,,,
128,,,,
129,0.0,1.0,0.0,0.0
130,,,,
131,,,,
132,0.0,0.0,0.0,1.0
133,0.0,1.0,0.0,0.0
134,,,,
135,,,,
136,0.0,0.0,0.0,1.0
137,,,,
138,,,,
139,,,,
140,,,,
141,0.0,1.0,0.0,0.0
142,,,,
143,0.0,1.0,0.0,0.0
144,0.0,0.0,1.0,0.0
145,1.0,0.0,0.0,0.0
146,0.3333333333333333,0.3333333333333333,0.0,0.3333333333333333
147,0.0,1.0,0.0,0.0
148,,,,
149,1.0,0.0,0.0,0.0
150,1.0,0.0,0.0,0.0
151,,,,
152,0.5,0.5,0.0,0.0
153,0.0,0.0,0.0,1.0
154,0.0,0.5,0.0,0.5
155,,,,
156,0.5,0.0,0.5,0.0
157,0.0,1.0,0.0,0.0
158,0.25,0.25,0.0,0.5
159,0.0,0.0,1.0,0.0
160,0.0,0.0,1.0,0.0
161,1.0,0.0,0.0,0.0
162,,,,
163,0.0,0.0,0.0,1.0
164,0.0,0.0,1.0,0.0
165,0.0,0.0,1.0,0.0
166,,,,
167,,,,
168,0.0,0.0,0.5,0.5
169,0.0,0.0,0.0,1.0
170,0.5,0.0,0.0,0.5
171,,,,
172,0.0,0.0,0.0,1.0
173,1.0,0.0,0.0,0.0
174,0.0,0.0,0.5,0.5
175,0.0,0.0,1.0,0.0
176,,,,
177,,,,
178,0.0,1.0,0.0,0.0
179,0.0,1.0,0.0,0.0
180,,,,
181,0.0,0.6666666666666666,0.3333333333333333,0.0
182,1.0,0.0,0.0,0.0
183,,,,
184,,,,
185,,,,
186,,,,
187,,,,
188,,,,
189,,,,
190,,,,
191,,,,
192,,,,
193,,,,
194,,,,
195,0.0,0.0,1.0,0.0
196,,,,
197,,,,
198,,,,
199,,,,
200,0.0,0.0,1.0,0.0
201,0.0,0.0,1.0,0.0
202,0.0,1.0,0.0,0.0
203,,,,
204,0.0,0.0,0.0,1.0
205,0.0,1.0,0.0,0.0
206,,,,
207,,,,
208,,,,
209,,,,
210,,,,
211,,,,
212,,,,
213,,,,
214,,,,
215,,,,
216,,,,
217,,,,
218,,,,
219,0.0,0.0,1.0,0.0
220,0.0,0.0,0.0,1.0
221,0.0,1.0,0.0,0.0
222,0.0,0.0,1.0,0.0
223,0.0,0.0,1.0,0.0
224,,,,
225,,,,
226,1.0,0.0,0.0,0.0
227,,,,
228,,,,
229,,,,
230,,,,
231,1.0,0.0,0.0,0.0
232,,,,
233,0.75,0.0,0.25,0.0
234,0.0,0.0,0.5,0.5
235,,,,
236,1.0,0.0,0.0,0.0
237,0.0,0.0,1.0,0.0
238,0.0,1.0,0.0,0.0
239,,,,
240,,,,
241,,,,
242,0.5,0.5,0.0,0.0
243,,,,
244,,,,
245,0.0,0.0,1.0,0.0
246,,,,
247,0.0,0.0,0.0,1.0
248,,,,
249,0.0,0.0,0.0,1.0
250,,,,
251,0.0,0.0,0.0,1.0
252,,,,
253,1.0,0.0,0.0,0.0
254,0.0,0.75,0.0,0.25
255,,,,
256,0.0,0.0,0.0,1.0
257,1.0,0.0,0.0,0.0
258,,,,
259,0.0,1.0,0.0,0.0
260,,,,
261,0.0,1.0,0.0,0.0
262,0.0,0.0,0.0,1.0
263,0.0,0.0,1.0,0.0
264,,,,
265,,,,
266,0.0,1.0,0.0,0.0
267,,,,
268,,,,
269,,,,
270,0.0,0.0,0.0,1.0
271,0.0,1.0,0.0,0.0
272,,,,
273,,,,
274,0.0,0.0,1.0,0.0
275,0.3333333333333333,0.6666666666666666,0.0,0.0
276,1.0,0.0,0.0,0.0
277,,,,
278,0.0,0.75,0.0,0.25
279,,,,
280,,,,
281,,,,
282,,,,
283,0.0,0.0,0.0,1.0
284,0.0,0.0,0.0,1.0
285,,,,
286,,,,
287,,,,
288,,,,
289,0.0,1.0,0.0,0.0
290,1.0,0.0,0.0,0.0
291,,,,
292,,,,
293,,,,
294,,,,
295,,,,
296,,,,
297,,,,
298,,,,
299,,,,
300,,,,
301,,,,
302,,,,
303,,,,
304,,,,
305,,,,
306,,,,
307,,,,
308,,,,
309,,,,
310,,,,
311,,,,
312,,,,
313,,,,
314,,,,
315,,,,
