,A,C,G,T
0,,,,
1,,,,
2,,,,
3,,,,
4,,,,
5,,,,
6,,,,
7,,,,
8,,,,
9,,,,
10,,,,
11,,,,
12,,,,
13,,,,
14,,,,
15,,,,
16,,,,
17,,,,
18,,,,
19,,,,
20,,,,
21,,,,
22,,,,
23,,,,
24,,,,
25,,,,
26,,,,
27,,,,
28,,,,
29,,,,
30,,,,
31,,,,
32,,,,
33,,,,
34,,,,
35,,,,
36,,,,
37,0.0,0.0,0.0,1.0
38,,,,
39,,,,
40,,,,
41,,,,
42,,,,
43,,,,
44,,,,
45,0.0,0.0,1.0,0.0
46,,,,
47,,,,
48,,,,
49,,,,
50,,,,
51,,,,
52,,,,
53,,,,
54,,,,
55,,,,
56,,,,
57,,,,
58,,,,
59,,,,
60,,,,
61,,,,
62,,,,
63,,,,
64,,,,
65,,,,
66,,,,
67,,,,
68,,,,
69,,,,
70,,,,
71,,,,
72,,,,
73,,,,
74,,,,
75,,,,
76,,,,
77,,,,
78,,,,
79,,,,
80,0.0,0.0,0.0,1.0
81,1.0,0.0,0.0,0.0
82,,,,
83,,,,
84,,,,
85,,,,
86,,,,
87,,,,
88,,,,
89,0.0,0.0,0.0,1.0
90,,,,
91,,,,
92,0.0,1.0,0.0,0.0
93,,,,
94,0.0,0.6666666666666666,0.0,0.3333333333333333
95,1.0,0.0,0.0,0.0
96,,,,
97,,,,
98,,,,
99,,,,
100,,,,
101,,,,
102,0.0,0.0,0.3333333333333333,0.6666666666666666
103,,,,
104,,,,
105,0.0,0.0,0.0,1.0
106,,,,
107,,,,
108,,,,
109,0.0,1.0,0.0,0.0
110,0.0,0.0,0.0,1.0
111,,,,
112,,,,
113,,,,
114,0.0,0.0,1.0,0.0
115,,,,
116,0.0,0.0,0.0,1.0
117,,,,
118,,,,
119,0.0,1.0,0.0,0.0
120,,,,
121,,,,
122,,,,
123,,,,
124,,,,
125,,,,
126,,,,
127,,,,
128,,,,
129,,,,
130,,,,
131,,,,
132,,,,
133,,,,
134,,,,
135,,,,
136,,,,
137,,,,
138,,,,
139,,,,
140,,,,
141,,,,
142,,,,
143,,,,
144,,,,
145,,,,
146,,,,
147,0.0,0.0,1.0,0.0
148,,,,
149,,,,
150,,,,
151,,,,
152,,,,
153,,,,
154,,,,
155,,,,
156,,,,
157,,,,
158,0.0,1.0,0.0,0.0
159,,,,
160,,,,
161,,,,
162,,,,
163,,,,
164,,,,
165,,,,
166,,,,
167,,,,
168,,,,
169,,,,
170,0.0,1.0,0.0,0.0
171,,,,
172,,,,
173,0.0,0.0,1.0,0.0
174,0.0,0.0,1.0,0.0
175,,,,
176,,,,
177,,,,
178,,,,
179,0.0,0.0,0.0,1.0
180,,,,
181,,,,
182,,,,
183,,,,
184,1.0,0.0,0.0,0.0
185,0.0,0.0,0.0,1.0
186,,,,
187,0.0,0.0,0.0,1.0
188,,,,
189,0.0,0.0,1.0,0.0
190,0.0,0.0,1.0,0.0
191,,,,
192,,,,
193,,,,
194,,,,
195,0.0,0.0,1.0,0.0
196,,,,
197,,,,
198,,,,
199,,,,
200,0.0,0.0,0.6666666666666666,0.3333333333333333
201,0.0,1.0,0.0,0.0
202,,,,
203,,,,
204,,,,
205,,,,
206,,,,
207,0.0,0.0,0.0,1.0
208,,,,
209,,,,
210,,,,
211,,,,
212,,,,
213,,,,
214,,,,
215,,,,
216,,,,
217,,,,
218,,,,
219,,,,
220,,,,
221,,,,
222,,,,
223,,,,
224,0.0,0.0,0.0,1.0
225,,,,
226,,,,
227,,,,
228,,,,
229,0.0,0.0,0.0,1.0
230,0.0,1.0,0.0,0.0
231,,,,
232,,,,
233,,,,
234,,,,
235,,,,
236,,,,
237,,,,
238,,,,
239,,,,
240,,,,
241,,,,
242,,,,
243,,,,
244,,,,
245,0.0,0.0,1.0,0.0
246,,,,
247,0.0,0.0,1.0,0.0
248,0.0,0.0,1.0,0.0
249,,,,
250,,,,
251,0.0,1.0,0.0,0.0
252,,,,
253,,,,
254,,,,
255,,,,
256,,,,
257,0.0,0.0,0.0,1.0
258,,,,
259,,,,
260,,,,
261,,,,
262,,,,
263,,,,
264,,,,
265,,,,
266,,,,
267,,,,
268,,,,
269,1.0,0.0,0.0,0.0
270,,,,
271,,,,
272,,,,
273,,,,
274,,,,
275,,,,
276,,,,
277,0.0,0.0,1.0,0.0
278,,,,
279,,,,
280,,,,
281,1.0,0.0,0.0,0.0
282,,,,
283,,,,
284,,,,
285,,,,
286,,,,
287,0.0,0.0,0.0,1.0
288,,,,
289,,,,
290,,,,
291,,,,
292,,,,
293,,,,
294,,,,
295,,,,
296,,,,
297,,,,
298,,,,
299,,,,
300,,,,
301,,,,
302,,,,
303,,,,
304,,,,
305,,,,
306,,,,
307,,,,
308,,,,
309,,,,
310,,,,
311,,,,
312,,,,
313,,,,
314,,,,
315,,,,
316,,,,
317,,,,
318,,,,
319,,,,
320,,,,
