,A,C,G,T
0,,,,
1,,,,
2,0.8275862068965517,0.1103448275862069,0.0,0.06206896551724138
3,0.3770491803278688,0.4672131147540984,0.0,0.1557377049180328
4,0.21052631578947367,0.7368421052631579,0.05263157894736842,0.0
5,0.42702702702702705,0.1837837837837838,0.0,0.3891891891891892
6,0.29591836734693877,0.0,0.5,0.20408163265306123
7,0.0,0.11904761904761904,0.38095238095238093,0.5
8,0.48032564450474896,0.37177747625508817,0.0,0.14789687924016282
9,0.10857142857142857,0.0,0.22857142857142856,0.6628571428571428
10,0.4,0.4,0.2,0.0
11,0.7161572052401747,0.1703056768558952,0.0,0.11353711790393013
12,0.2698412698412698,0.0,0.6666666666666666,0.06349206349206349
13,0.0,0.1724137931034483,0.603448275862069,0.22413793103448276
14,0.7412587412587412,0.16083916083916083,0.0,0.0979020979020979
15,0.0,0.95,0.0,0.05
16,0.0,0.5166666666666667,0.2833333333333333,0.2
17,0.410958904109589,0.0958904109589041,0.0,0.4931506849315068
18,0.2222222222222222,0.2222222222222222,0.5555555555555556,0.0
19,0.0,0.0,0.2222222222222222,0.7777777777777778
20,0.32,0.4,0.0,0.28
21,0.15,0.1,0.0,0.75
22,0.5454545454545454,0.09090909090909091,0.0,0.36363636363636365
23,0.04081632653061224,0.0,0.5374149659863946,0.4217687074829932
24,0.18181818181818182,0.0,0.36363636363636365,0.45454545454545453
25,0.36363636363636365,0.0,0.45454545454545453,0.18181818181818182
26,0.0,0.2288135593220339,0.5508474576271186,0.22033898305084745
27,0.6451612903225806,0.3456221198156682,0.0,0.009216589861751152
28,0.09090909090909091,0.6060606060606061,0.0,0.30303030303030304
29,0.0,0.39950372208436724,0.5310173697270472,0.06947890818858561
30,0.18292682926829268,0.0,0.6707317073170732,0.14634146341463414
31,0.3787878787878788,0.24242424242424243,0.3787878787878788,0.0
32,0.325,0.375,0.0,0.3
33,0.15343915343915343,0.6455026455026455,0.0,0.20105820105820105
34,0.05,0.775,0.175,0.0
35,0.32222222222222224,0.07777777777777778,0.0,0.6
36,0.0,0.8578680203045685,0.12690355329949238,0.015228426395939087
37,0.0,0.19143576826196473,0.7758186397984886,0.0327455919395466
38,0.6371681415929203,0.12389380530973451,0.0,0.23893805309734514
39,0.19205298013245034,0.0,0.2119205298013245,0.5960264900662252
40,0.25,0.0,0.4166666666666667,0.3333333333333333
41,0.06153846153846154,0.7476923076923077,0.19076923076923077,0.0
42,0.4074074074074074,0.24074074074074073,0.35185185185185186,0.0
43,0.14035087719298245,0.0,0.40350877192982454,0.45614035087719296
44,0.5324675324675324,0.3116883116883117,0.0,0.15584415584415584
45,0.5774647887323944,0.28169014084507044,0.0,0.14084507042253522
46,0.0,0.2582781456953642,0.6622516556291391,0.07947019867549669
47,0.5569620253164557,0.26582278481012656,0.0,0.17721518987341772
48,0.0,0.24444444444444444,0.37777777777777777,0.37777777777777777
49,0.4,0.0,0.2,0.4
50,0.18045112781954886,0.0,0.5488721804511278,0.2706766917293233
51,0.09574468085106383,0.0,0.7659574468085106,0.13829787234042554
52,0.2727272727272727,0.6363636363636364,0.09090909090909091,0.0
53,0.2261904761904762,0.36904761904761907,0.0,0.40476190476190477
54,0.4520547945205479,0.2054794520547945,0.3424657534246575,0.0
55,0.5952380952380952,0.0,0.11904761904761904,0.2857142857142857
56,0.2645739910313901,0.0,0.07174887892376682,0.6636771300448431
57,0.19117647058823528,0.0,0.7352941176470589,0.07352941176470588
58,0.07142857142857142,0.6428571428571429,0.2857142857142857,0.0
59,0.19230769230769232,0.0,0.32051282051282054,0.48717948717948717
60,0.0,0.29906542056074764,0.38317757009345793,0.3177570093457944
61,0.18773946360153257,0.0,0.39080459770114945,0.421455938697318
62,0.12333333333333334,0.0,0.41833333333333333,0.4583333333333333
63,0.125,0.25,0.625,0.0
64,0.23809523809523808,0.42857142857142855,0.0,0.3333333333333333
65,0.07526881720430108,0.0,0.0,0.9247311827956989
66,0.0,0.1079913606911447,0.43844492440604754,0.4535637149028078
67,0.13825983313468415,0.0,0.7556615017878426,0.10607866507747318
68,0.35789473684210527,0.3894736842105263,0.25263157894736843,0.0
69,0.5989304812834224,0.15508021390374332,0.0,0.24598930481283424
70,0.13043478260869565,0.6086956521739131,0.2608695652173913,0.0
71,0.013071895424836602,0.0,0.6339869281045751,0.35294117647058826
72,0.2894736842105263,0.5052631578947369,0.20526315789473684,0.0
73,0.2631578947368421,0.0,0.17543859649122806,0.5614035087719298
74,0.17647058823529413,0.5330882352941176,0.29044117647058826,0.0
75,0.547486033519553,0.2346368715083799,0.0,0.21787709497206703
76,0.8023715415019763,0.10276679841897234,0.0,0.09486166007905138
77,0.2920634920634921,0.2698412698412698,0.4380952380952381,0.0
78,0.48717948717948717,0.15384615384615385,0.0,0.358974358974359
79,0.5188425302826379,0.30686406460296095,0.0,0.17429340511440108
80,0.3278008298755187,0.0,0.3112033195020747,0.36099585062240663
81,0.20833333333333334,0.4125,0.37916666666666665,0.0
82,0.2602739726027397,0.0,0.0273972602739726,0.7123287671232876
83,0.2754237288135593,0.0,0.3686440677966102,0.3559322033898305
84,1.0,0.0,0.0,0.0
85,0.3627450980392157,0.3431372549019608,0.29411764705882354,0.0
86,0.09748427672955975,0.0,0.3018867924528302,0.60062893081761
87,0.0,0.15217391304347827,0.6714975845410628,0.17632850241545894
88,0.3217821782178218,0.5321782178217822,0.0,0.14603960396039603
89,0.16929698708751795,0.5509325681492109,0.2797704447632712,0.0
90,0.0,0.1686746987951807,0.6219879518072289,0.20933734939759036
91,0.42735042735042733,0.50997150997151,0.0,0.06267806267806268
92,0.31101511879049676,0.5572354211663066,0.13174946004319654,0.0
93,0.21230398069963813,0.48612786489746684,0.30156815440289503,0.0
94,0.0,0.32934131736526945,0.059880239520958084,0.6107784431137725
95,0.05366726296958855,0.0,0.06440071556350627,0.8819320214669052
96,0.09051724137931035,0.728448275862069,0.1810344827586207,0.0
97,0.0,0.29520865533230295,0.14837712519319937,0.5564142194744977
98,0.048728813559322036,0.0,0.1864406779661017,0.7648305084745762
99,0.1282051282051282,0.23076923076923078,0.6410256410256411,0.0
100,0.22012578616352202,0.0880503144654088,0.0,0.6918238993710691
101,0.08264462809917356,0.7933884297520661,0.0,0.12396694214876033
102,0.0,0.12105263157894737,0.6842105263157895,0.19473684210526315
103,0.4237588652482269,0.4920212765957447,0.0,0.08421985815602837
104,0.04477611940298507,0.0,0.15049751243781095,0.804726368159204
105,0.2,0.4,0.4,0.0
106,0.03333333333333333,0.5666666666666667,0.0,0.4
107,0.043478260869565216,0.6521739130434783,0.0,0.30434782608695654
108,0.0,0.2813688212927757,0.6520912547528517,0.06653992395437262
109,0.21666666666666667,0.21666666666666667,0.5666666666666667,0.0
110,0.13592233009708737,0.0,0.1715210355987055,0.6925566343042071
111,0.631578947368421,0.0,0.05263157894736842,0.3157894736842105
112,0.23076923076923078,0.23076923076923078,0.0,0.5384615384615384
113,0.46915584415584416,0.3474025974025974,0.0,0.18344155844155843
114,0.6097560975609756,0.0,0.0975609756097561,0.2926829268292683
115,0.0,0.2767857142857143,0.26785714285714285,0.45535714285714285
116,0.3983050847457627,0.0847457627118644,0.0,0.5169491525423728
117,0.13137996219281664,0.0,0.15689981096408318,0.7117202268431002
118,0.10810810810810811,0.0,0.2702702702702703,0.6216216216216216
119,0.2185430463576159,0.0,0.4503311258278146,0.33112582781456956
120,0.19718309859154928,0.0,0.676056338028169,0.1267605633802817
121,0.4523809523809524,0.0,0.42857142857142855,0.11904761904761904
122,0.0,0.5521472392638037,0.3174846625766871,0.1303680981595092
123,0.42028985507246375,0.36231884057971014,0.0,0.21739130434782608
124,0.605,0.255,0.0,0.14
125,0.6970443349753694,0.2536945812807882,0.0,0.04926108374384237
126,0.0,0.4946236559139785,0.5,0.005376344086021506
127,0.0,0.34560906515580736,0.6090651558073654,0.0453257790368272
128,0.203125,0.3671875,0.0,0.4296875
129,0.6451612903225806,0.2903225806451613,0.0,0.06451612903225806
130,0.622568093385214,0.36964980544747084,0.0,0.007782101167315175
131,0.0,0.2897196261682243,0.5677570093457944,0.1425233644859813
132,0.36477987421383645,0.0,0.13836477987421383,0.4968553459119497
133,0.08823529411764706,0.6029411764705882,0.3088235294117647,0.0
134,0.41125541125541126,0.1774891774891775,0.0,0.41125541125541126
135,0.06329113924050633,0.7974683544303798,0.0,0.13924050632911392
136,0.0,0.4,0.42857142857142855,0.17142857142857143
137,0.8434782608695652,0.11478260869565217,0.0,0.04173913043478261
138,0.13333333333333333,0.5333333333333333,0.3333333333333333,0.0
139,0.39285714285714285,0.03571428571428571,0.0,0.5714285714285714
140,0.06918238993710692,0.37735849056603776,0.0,0.5534591194968553
141,0.0,0.6676737160120846,0.27794561933534745,0.054380664652567974
142,0.2619047619047619,0.11904761904761904,0.6190476190476191,0.0
143,0.21866666666666668,0.6266666666666667,0.15466666666666667,0.0
144,0.29411764705882354,0.058823529411764705,0.0,0.6470588235294118
145,0.006872852233676976,0.9690721649484536,0.0,0.024054982817869417
146,0.44066099148723087,0.4071106659989985,0.0,0.15222834251377065
147,0.2862129144851658,0.5671902268760908,0.14659685863874344,0.0
148,0.0,0.16744186046511628,0.27906976744186046,0.5534883720930233
149,0.09131736526946108,0.8293413173652695,0.07934131736526946,0.0
150,0.0,0.17738589211618258,0.6296680497925311,0.19294605809128632
151,0.23937360178970918,0.4004474272930649,0.36017897091722595,0.0
152,0.30247933884297523,0.0,0.2628099173553719,0.43471074380165287
153,0.09651898734177215,0.8022151898734177,0.10126582278481013,0.0
154,0.0,0.5614617940199336,0.132890365448505,0.30564784053156147
155,0.07429718875502007,0.7931726907630522,0.13253012048192772,0.0
156,0.26579925650557623,0.45353159851301117,0.28066914498141265,0.0
157,0.0,0.5395833333333333,0.21041666666666667,0.25
158,0.11323529411764706,0.0,0.07205882352941176,0.8147058823529412
159,0.0,0.09278350515463918,0.7298969072164948,0.177319587628866
160,0.4237885462555066,0.5022026431718062,0.0,0.07400881057268723
161,0.29490022172949004,0.5144124168514412,0.19068736141906872,0.0
162,0.3561643835616438,0.3904109589041096,0.0,0.2534246575342466
163,0.4715447154471545,0.24661246612466126,0.0,0.28184281842818426
164,0.4943820224719101,0.24269662921348314,0.0,0.26292134831460673
165,0.0,0.13464696223316913,0.6814449917898193,0.1839080459770115
166,0.5576923076923077,0.31868131868131866,0.0,0.12362637362637363
167,0.31862745098039214,0.0,0.20833333333333334,0.4730392156862745
168,0.0,0.2616632860040568,0.5314401622718052,0.20689655172413793
169,0.13119533527696792,0.0,0.478134110787172,0.39067055393586003
170,0.32142857142857145,0.0,0.3464285714285714,0.33214285714285713
171,0.0,0.1254295532646048,0.6615120274914089,0.21305841924398625
172,0.0,0.32710280373831774,0.48130841121495327,0.19158878504672897
173,0.26790697674418606,0.0,0.36093023255813955,0.37116279069767444
174,0.28502415458937197,0.5217391304347826,0.1932367149758454,0.0
175,0.0,0.5227272727272727,0.04292929292929293,0.43434343434343436
176,0.05860805860805861,0.0,0.06593406593406594,0.8754578754578755
177,0.0,0.5192307692307693,0.42948717948717946,0.05128205128205128
178,0.0,0.1402439024390244,0.8170731707317073,0.042682926829268296
179,0.036069651741293535,0.0,0.05721393034825871,0.9067164179104478
180,0.1125,0.0,0.15,0.7375
181,0.43902439024390244,0.0,0.1951219512195122,0.36585365853658536
182,0.2064343163538874,0.0,0.4584450402144772,0.3351206434316354
183,0.16176470588235295,0.25,0.5882352941176471,0.0
184,0.2692307692307692,0.0,0.11538461538461539,0.6153846153846154
185,0.1337579617834395,0.0,0.2611464968152866,0.6050955414012739
186,0.04304635761589404,0.0,0.08278145695364239,0.8741721854304636
187,0.27710843373493976,0.0963855421686747,0.6265060240963856,0.0
188,0.15767634854771784,0.0,0.4854771784232365,0.35684647302904565
189,0.0,0.46564885496183206,0.49923664122137407,0.035114503816793895
190,0.0,0.15461847389558234,0.7811244979919679,0.0642570281124498
191,0.4049586776859504,0.45454545454545453,0.0,0.14049586776859505
192,0.0,0.2768595041322314,0.7004132231404959,0.022727272727272728
193,0.5362318840579711,0.39855072463768115,0.0,0.06521739130434782
194,0.125,0.5133928571428571,0.36160714285714285,0.0
195,0.52,0.0,0.32,0.16
196,0.2962962962962963,0.2962962962962963,0.0,0.4074074074074074
197,0.0,0.4845360824742268,0.422680412371134,0.09278350515463918
198,0.35626535626535627,0.6142506142506142,0.0,0.029484029484029485
199,0.026490066225165563,0.8377483443708609,0.1357615894039735,0.0
200,0.3312883435582822,0.0,0.13496932515337423,0.5337423312883436
201,0.0,0.0625,0.5208333333333334,0.4166666666666667
202,0.037815126050420166,0.0,0.5756302521008403,0.3865546218487395
203,0.2126865671641791,0.0,0.27611940298507465,0.5111940298507462
204,0.0,0.3235294117647059,0.25183823529411764,0.42463235294117646
205,0.04285714285714286,0.6714285714285714,0.2857142857142857,0.0
206,0.0,0.19754529514903565,0.4628872004675628,0.3395675043834015
207,0.10550458715596331,0.01834862385321101,0.8761467889908257,0.0
208,0.2911392405063291,0.0,0.0379746835443038,0.6708860759493671
209,0.0,0.2727272727272727,0.4377104377104377,0.2895622895622896
210,0.4991935483870968,0.36774193548387096,0.0,0.13306451612903225
211,0.12846347607052896,0.5894206549118388,0.28211586901763225,0.0
212,0.0,0.16642651296829972,0.569164265129683,0.26440922190201727
213,0.2871287128712871,0.46534653465346537,0.0,0.24752475247524752
214,0.0,0.3173076923076923,0.4423076923076923,0.2403846153846154
215,0.14285714285714285,0.0,0.21052631578947367,0.6466165413533834
216,0.0,0.2300380228136882,0.55893536121673,0.21102661596958175
217,0.162109375,0.0,0.302734375,0.53515625
218,0.3456221198156682,0.5668202764976958,0.0,0.08755760368663594
219,0.18090452261306533,0.5376884422110553,0.2814070351758794,0.0
220,0.203125,0.0,0.53125,0.265625
221,0.16225165562913907,0.0,0.6456953642384106,0.19205298013245034
222,0.0,0.5094339622641509,0.44339622641509435,0.04716981132075472
223,0.0,0.21052631578947367,0.7558479532163743,0.033625730994152045
224,0.26595744680851063,0.5212765957446809,0.0,0.2127659574468085
225,0.0,0.5419847328244275,0.3893129770992366,0.06870229007633588
226,0.0,0.1465798045602606,0.7133550488599348,0.14006514657980457
227,0.051934826883910386,0.0,0.23930753564154786,0.7087576374745418
228,0.3103448275862069,0.0,0.6206896551724138,0.06896551724137931
229,0.0,0.10778443113772455,0.4311377245508982,0.46107784431137727
230,0.5862913096695227,0.3488372093023256,0.0,0.06487148102815178
231,0.29649595687331537,0.22371967654986524,0.4797843665768194,0.0
232,0.42168674698795183,0.30120481927710846,0.27710843373493976,0.0
233,0.08333333333333333,0.0,0.3551587301587302,0.5615079365079365
234,0.35074626865671643,0.08955223880597014,0.5597014925373134,0.0
235,0.34615384615384615,0.0,0.06043956043956044,0.5934065934065934
236,0.17365269461077845,0.0,0.11976047904191617,0.7065868263473054
237,0.18382352941176472,0.0,0.022058823529411766,0.7941176470588235
238,0.15,0.225,0.625,0.0
239,0.45422535211267606,0.31338028169014087,0.0,0.2323943661971831
240,0.0,0.3085399449035813,0.5895316804407713,0.10192837465564739
241,0.0,0.27582938388625594,0.6066350710900474,0.11753554502369669
242,0.38198498748957466,0.3402835696413678,0.0,0.27773144286905754
243,0.13085106382978723,0.0,0.1776595744680851,0.6914893617021277
244,0.038461538461538464,0.15384615384615385,0.8076923076923077,0.0
245,0.5803571428571429,0.21428571428571427,0.0,0.20535714285714285
246,0.0,0.34523809523809523,0.5148809523809523,0.13988095238095238
247,0.36551368094992254,0.5823438306659783,0.0,0.05214248838409912
248,0.05586152635719906,0.0,0.46734854445318647,0.4767899291896145
249,0.17142857142857143,0.07142857142857142,0.7571428571428571,0.0
250,0.2032520325203252,0.0,0.056910569105691054,0.7398373983739838
251,0.18309859154929578,0.571830985915493,0.24507042253521127,0.0
252,0.45348837209302323,0.4496124031007752,0.0,0.09689922480620156
253,0.08108108108108109,0.7747747747747747,0.14414414414414414,0.0
254,0.289198606271777,0.6062717770034843,0.0,0.10452961672473868
255,0.0,0.03571428571428571,0.6887755102040817,0.2755102040816326
256,0.11042944785276074,0.0,0.7668711656441718,0.12269938650306748
257,0.19402985074626866,0.0,0.1417910447761194,0.664179104477612
258,0.44405594405594406,0.3951048951048951,0.0,0.16083916083916083
259,0.2912621359223301,0.0,0.1553398058252427,0.5533980582524272
260,0.24581005586592178,0.5996275605214153,0.15456238361266295,0.0
261,0.7941176470588235,0.058823529411764705,0.0,0.14705882352941177
262,0.584070796460177,0.0,0.061946902654867256,0.35398230088495575
263,0.5458015267175572,0.1450381679389313,0.0,0.30916030534351147
264,0.2,0.2,0.0,0.6
265,0.0,0.42857142857142855,0.2857142857142857,0.2857142857142857
266,0.3111111111111111,0.0,0.022222222222222223,0.6666666666666666
267,0.0,0.0379746835443038,0.2911392405063291,0.6708860759493671
268,0.41379310344827586,0.0,0.3793103448275862,0.20689655172413793
269,0.2375,0.5375,0.0,0.225
270,0.36363636363636365,0.045454545454545456,0.0,0.5909090909090909
271,0.07317073170731707,0.0,0.8780487804878049,0.04878048780487805
272,0.27672955974842767,0.0,0.44654088050314467,0.27672955974842767
273,0.8242924528301887,0.13443396226415094,0.0,0.041273584905660375
274,0.21768707482993196,0.6870748299319728,0.09523809523809523,0.0
275,0.2613412228796844,0.46597633136094674,0.0,0.27268244575936884
276,0.2,0.2,0.6,0.0
277,0.0,0.13333333333333333,0.26666666666666666,0.6
278,0.010309278350515464,0.9329896907216495,0.05670103092783505,0.0
279,0.007751937984496124,0.9302325581395349,0.06201550387596899,0.0
280,0.0,0.03333333333333333,0.01929824561403509,0.9473684210526315
281,0.006234413965087282,0.0,0.012468827930174564,0.9812967581047382
282,0.1320754716981132,0.2641509433962264,0.6037735849056604,0.0
283,0.35135135135135137,0.16216216216216217,0.0,0.4864864864864865
284,0.0,0.7488151658767772,0.25118483412322273,0.0
285,0.6145833333333334,0.125,0.0,0.2604166666666667
286,0.12322274881516587,0.0,0.10900473933649289,0.7677725118483413
287,0.4734042553191489,0.4095744680851064,0.0,0.11702127659574468
288,0.0,0.6304347826086957,0.3695652173913043,0.0
289,0.4155844155844156,0.37662337662337664,0.0,0.2077922077922078
290,0.0,0.04285714285714286,0.9,0.05714285714285714
291,0.26282051282051283,0.5576923076923077,0.0,0.1794871794871795
292,0.0,0.7317073170731707,0.21951219512195122,0.04878048780487805
293,0.7142857142857143,0.12244897959183673,0.16326530612244897,0.0
294,0.0,0.0,0.631578947368421,0.3684210526315789
295,0.10784313725490197,0.8725490196078431,0.0196078431372549,0.0
296,0.0,0.0,0.0,1.0
297,0.2222222222222222,0.4444444444444444,0.3333333333333333,0.0
298,0.8095238095238095,0.0,0.19047619047619047,0.0
299,0.0,0.0,0.0,1.0
300,0.0,0.0,0.5,0.5
301,,,,
302,0.0,0.0,1.0,0.0
303,,,,
304,,,,
305,0.0,1.0,0.0,0.0
306,,,,
307,,,,
308,,,,
309,,,,
310,,,,
311,,,,
312,,,,
