,A,C,G,T
0,,,,
1,,,,
2,0.8571428571428571,0.0,0.0,0.14285714285714285
3,0.3829787234042553,0.5531914893617021,0.0,0.06382978723404255
4,0.058823529411764705,0.9411764705882353,0.0,0.0
5,0.0,0.5555555555555556,0.0,0.4444444444444444
6,0.6666666666666666,0.0,0.0,0.3333333333333333
7,0.0,0.0,0.5,0.5
8,0.6346153846153846,0.36538461538461536,0.0,0.0
9,0.0,0.0,0.0,1.0
10,,,,
11,0.8461538461538461,0.15384615384615385,0.0,0.0
12,0.3333333333333333,0.0,0.3333333333333333,0.3333333333333333
13,0.0,0.03773584905660377,0.22641509433962265,0.7358490566037735
14,0.9,0.05,0.0,0.05
15,0.0,0.8421052631578947,0.0,0.15789473684210525
16,0.0,0.75,0.25,0.0
17,0.3333333333333333,0.0,0.0,0.6666666666666666
18,0.0,1.0,0.0,0.0
19,0.0,0.0,0.7,0.3
20,0.625,0.125,0.0,0.25
21,0.0,0.0,0.0,1.0
22,1.0,0.0,0.0,0.0
23,0.0,0.0,0.0,1.0
24,0.14285714285714285,0.0,0.8571428571428571,0.0
25,1.0,0.0,0.0,0.0
26,0.0,0.25,0.08333333333333333,0.6666666666666666
27,0.9090909090909091,0.09090909090909091,0.0,0.0
28,0.0,0.75,0.0,0.25
29,0.0,0.18421052631578946,0.631578947368421,0.18421052631578946
30,0.0,0.0,1.0,0.0
31,0.5,0.16666666666666666,0.3333333333333333,0.0
32,0.5909090909090909,0.4090909090909091,0.0,0.0
33,0.391304347826087,0.391304347826087,0.0,0.21739130434782608
34,0.0,1.0,0.0,0.0
35,0.5555555555555556,0.1111111111111111,0.0,0.3333333333333333
36,0.0,1.0,0.0,0.0
37,0.0,0.03571428571428571,0.8035714285714286,0.16071428571428573
38,0.375,0.25,0.0,0.375
39,0.0,0.0,0.3333333333333333,0.6666666666666666
40,0.0,0.0,0.0,1.0
41,0.06896551724137931,0.896551724137931,0.034482758620689655,0.0
42,0.1,0.4,0.5,0.0
43,0.2,0.0,0.6,0.2
44,0.8571428571428571,0.10714285714285714,0.0,0.03571428571428571
45,0.0,1.0,0.0,0.0
46,0.0,0.6666666666666666,0.3333333333333333,0.0
47,0.04310344827586207,0.0,0.9396551724137931,0.017241379310344827
48,0.0,0.0,0.3333333333333333,0.6666666666666666
49,0.0,0.0,0.5,0.5
50,0.0,0.0,0.5,0.5
51,0.0,0.0,0.25,0.75
52,,,,
53,0.2,0.4,0.0,0.4
54,0.3333333333333333,0.5,0.16666666666666666,0.0
55,0.3333333333333333,0.0,0.0,0.6666666666666666
56,0.13333333333333333,0.0,0.13333333333333333,0.7333333333333333
57,0.25,0.0,0.75,0.0
58,0.0,0.75,0.25,0.0
59,0.5,0.0,0.5,0.0
60,0.0,0.1276595744680851,0.8297872340425532,0.0425531914893617
61,0.03225806451612903,0.0,0.0967741935483871,0.8709677419354839
62,0.17391304347826086,0.0,0.5217391304347826,0.30434782608695654
63,0.0,1.0,0.0,0.0
64,0.0,0.0,0.0,1.0
65,0.0,0.0,0.0,1.0
66,0.8306451612903226,0.016129032258064516,0.0,0.1532258064516129
67,0.49606299212598426,0.0,0.2047244094488189,0.2992125984251969
68,0.5416666666666666,0.4166666666666667,0.041666666666666664,0.0
69,0.75,0.25,0.0,0.0
70,0.125,0.75,0.125,0.0
71,0.0,0.0,0.5,0.5
72,0.0625,0.8125,0.125,0.0
73,0.6666666666666666,0.0,0.1111111111111111,0.2222222222222222
74,0.48,0.16,0.36,0.0
75,0.375,0.4375,0.0,0.1875
76,0.8095238095238095,0.047619047619047616,0.0,0.14285714285714285
77,0.1111111111111111,0.8148148148148148,0.07407407407407407,0.0
78,0.03888888888888889,0.08888888888888889,0.8722222222222222,0.0
79,0.0,0.21739130434782608,0.4260869565217391,0.3565217391304348
80,0.06666666666666667,0.0,0.5333333333333333,0.4
81,0.375,0.5,0.125,0.0
82,0.42857142857142855,0.0,0.2857142857142857,0.2857142857142857
83,0.21428571428571427,0.0,0.07142857142857142,0.7142857142857143
84,0.0,0.24444444444444444,0.5111111111111111,0.24444444444444444
85,0.25,0.5,0.25,0.0
86,0.10810810810810811,0.0,0.7297297297297297,0.16216216216216217
87,0.0,0.46153846153846156,0.5384615384615384,0.0
88,0.3382352941176471,0.5588235294117647,0.0,0.10294117647058823
89,0.06535947712418301,0.0,0.3137254901960784,0.6209150326797386
90,0.0,0.30357142857142855,0.6964285714285714,0.0
91,0.29245283018867924,0.6415094339622641,0.0,0.0660377358490566
92,0.2857142857142857,0.3877551020408163,0.32653061224489793,0.0
93,0.0,0.42574257425742573,0.39603960396039606,0.1782178217821782
94,0.6704980842911877,0.26053639846743293,0.0,0.06896551724137931
95,0.02702702702702703,0.972972972972973,0.0,0.0
96,0.0,0.19796954314720813,0.25380710659898476,0.5482233502538071
97,0.0,0.4146341463414634,0.1951219512195122,0.3902439024390244
98,0.032520325203252036,0.0,0.36585365853658536,0.6016260162601627
99,0.0,0.0,1.0,0.0
100,0.8490566037735849,0.03773584905660377,0.0,0.11320754716981132
101,0.010416666666666666,0.7916666666666666,0.0,0.19791666666666666
102,0.5454545454545454,0.3333333333333333,0.12121212121212122,0.0
103,0.0,0.6818181818181818,0.0,0.3181818181818182
104,0.03333333333333333,0.0,0.0,0.9666666666666667
105,0.9761904761904762,0.011904761904761904,0.0,0.011904761904761904
106,0.07228915662650602,0.8433734939759037,0.0,0.08433734939759036
107,0.5333333333333333,0.0,0.044444444444444446,0.4222222222222222
108,0.0,1.0,0.0,0.0
109,0.0,0.85,0.0,0.15
110,0.0,0.9615384615384616,0.0,0.038461538461538464
111,0.0,0.2692307692307692,0.6346153846153846,0.09615384615384616
112,0.038461538461538464,0.46153846153846156,0.5,0.0
113,0.03389830508474576,0.0,0.0,0.9661016949152542
114,1.0,0.0,0.0,0.0
115,0.9,0.05,0.0,0.05
116,0.16129032258064516,0.5806451612903226,0.0,0.25806451612903225
117,0.0,0.0,0.0,1.0
118,0.0,0.8928571428571429,0.03571428571428571,0.07142857142857142
119,0.11764705882352941,0.8823529411764706,0.0,0.0
120,0.6262626262626263,0.0,0.1111111111111111,0.26262626262626265
121,0.16666666666666666,0.0,0.5833333333333334,0.25
122,0.08,0.0,0.7,0.22
123,0.1875,0.0,0.71875,0.09375
124,0.8928571428571429,0.0,0.10714285714285714,0.0
125,0.0,0.8108108108108109,0.08108108108108109,0.10810810810810811
126,1.0,0.0,0.0,0.0
127,0.0,0.0,0.0,1.0
128,0.7222222222222222,0.0,0.0,0.2777777777777778
129,0.0,0.4117647058823529,0.5882352941176471,0.0
130,0.0,0.7428571428571429,0.2571428571428571,0.0
131,0.325,0.0,0.0,0.675
132,0.25,0.75,0.0,0.0
133,0.5714285714285714,0.38095238095238093,0.0,0.047619047619047616
134,0.0,0.4489795918367347,0.46938775510204084,0.08163265306122448
135,0.21428571428571427,0.0,0.7619047619047619,0.023809523809523808
136,0.0,0.0,1.0,0.0
137,0.8095238095238095,0.14285714285714285,0.0,0.047619047619047616
138,0.2857142857142857,0.5714285714285714,0.0,0.14285714285714285
139,0.0,0.6666666666666666,0.3333333333333333,0.0
140,0.5172413793103449,0.034482758620689655,0.0,0.4482758620689655
141,0.0,0.0,1.0,0.0
142,0.6363636363636364,0.0,0.0,0.36363636363636365
143,0.09090909090909091,0.5454545454545454,0.0,0.36363636363636365
144,0.0,0.3142857142857143,0.6285714285714286,0.05714285714285714
145,0.0,0.5555555555555556,0.4444444444444444,0.0
146,0.20833333333333334,0.5833333333333334,0.20833333333333334,0.0
147,0.5294117647058824,0.23529411764705882,0.0,0.23529411764705882
148,0.10526315789473684,0.5789473684210527,0.0,0.3157894736842105
149,0.4166666666666667,0.3141025641025641,0.0,0.2692307692307692
150,0.29508196721311475,0.3770491803278688,0.32786885245901637,0.0
151,0.0,0.16326530612244897,0.32653061224489793,0.5102040816326531
152,0.10294117647058823,0.0,0.1323529411764706,0.7647058823529411
153,0.0,0.30357142857142855,0.5357142857142857,0.16071428571428573
154,0.64,0.12,0.24,0.0
155,0.20454545454545456,0.0,0.1590909090909091,0.6363636363636364
156,0.27450980392156865,0.5,0.22549019607843138,0.0
157,0.0,0.37735849056603776,0.27672955974842767,0.34591194968553457
158,0.2903225806451613,0.0967741935483871,0.6129032258064516,0.0
159,0.10576923076923077,0.7019230769230769,0.19230769230769232,0.0
160,0.0,0.06,0.48,0.46
161,0.13793103448275862,0.6379310344827587,0.22413793103448276,0.0
162,0.0,0.17391304347826086,0.7391304347826086,0.08695652173913043
163,0.2857142857142857,0.6517857142857143,0.0,0.0625
164,0.45,0.45,0.1,0.0
165,0.6296296296296297,0.3333333333333333,0.0,0.037037037037037035
166,0.6136363636363636,0.22727272727272727,0.0,0.1590909090909091
167,0.19607843137254902,0.2549019607843137,0.0,0.5490196078431373
168,0.0,0.24390243902439024,0.6585365853658537,0.0975609756097561
169,0.4859154929577465,0.36619718309859156,0.0,0.14788732394366197
170,0.5794392523364486,0.0,0.14018691588785046,0.2803738317757009
171,0.0,0.425,0.25,0.325
172,0.14583333333333334,0.0,0.8541666666666666,0.0
173,0.17333333333333334,0.0,0.12,0.7066666666666667
174,0.44036697247706424,0.3761467889908257,0.1834862385321101,0.0
175,0.0,0.6233766233766234,0.16883116883116883,0.2077922077922078
176,0.13513513513513514,0.0,0.35135135135135137,0.5135135135135135
177,0.35,0.1,0.55,0.0
178,0.0,0.38095238095238093,0.047619047619047616,0.5714285714285714
179,0.0625,0.0,0.125,0.8125
180,0.0,0.7142857142857143,0.14285714285714285,0.14285714285714285
181,0.0,0.2857142857142857,0.6285714285714286,0.08571428571428572
182,0.014492753623188406,0.0,0.21739130434782608,0.7681159420289855
183,0.15789473684210525,0.0,0.05263157894736842,0.7894736842105263
184,0.14285714285714285,0.0,0.0,0.8571428571428571
185,0.05434782608695652,0.9239130434782609,0.0,0.021739130434782608
186,0.3333333333333333,0.0,0.6666666666666666,0.0
187,0.85,0.0,0.0,0.15
188,0.2,0.0,0.0,0.8
189,0.0625,0.0,0.6875,0.25
190,0.0,0.42857142857142855,0.5714285714285714,0.0
191,0.14634146341463414,0.0,0.6829268292682927,0.17073170731707318
192,0.0,0.03278688524590164,0.9344262295081968,0.03278688524590164
193,0.0,0.3023255813953488,0.6395348837209303,0.05813953488372093
194,0.2727272727272727,0.45454545454545453,0.0,0.2727272727272727
195,0.0,0.2926829268292683,0.7073170731707317,0.0
196,0.4,0.6,0.0,0.0
197,0.0,0.11320754716981132,0.8867924528301887,0.0
198,0.6666666666666666,0.0,0.3333333333333333,0.0
199,0.4,0.2,0.0,0.4
200,0.0,0.23076923076923078,0.7307692307692307,0.038461538461538464
201,0.375,0.5416666666666666,0.0,0.08333333333333333
202,0.027777777777777776,0.9166666666666666,0.05555555555555555,0.0
203,0.4,0.0,0.2,0.4
204,0.0,0.08,0.32,0.6
205,0.0392156862745098,0.0,0.13725490196078433,0.8235294117647058
206,0.5555555555555556,0.0,0.3333333333333333,0.1111111111111111
207,0.0,0.3,0.35,0.35
208,0.0,0.16666666666666666,0.8333333333333334,0.0
209,0.1926605504587156,0.1926605504587156,0.0,0.6146788990825688
210,0.0,0.3333333333333333,0.6666666666666666,0.0
211,1.0,0.0,0.0,0.0
212,0.0,0.36666666666666664,0.5333333333333333,0.1
213,0.7777777777777778,0.13675213675213677,0.0,0.08547008547008547
214,0.5733333333333334,0.28,0.14666666666666667,0.0
215,0.0,0.16176470588235295,0.6176470588235294,0.22058823529411764
216,1.0,0.0,0.0,0.0
217,0.0,0.2857142857142857,0.14285714285714285,0.5714285714285714
218,0.5,0.0,0.3333333333333333,0.16666666666666666
219,0.0,0.07692307692307693,0.46153846153846156,0.46153846153846156
220,0.21875,0.0,0.125,0.65625
221,0.36363636363636365,0.36363636363636365,0.0,0.2727272727272727
222,0.028985507246376812,0.6521739130434783,0.3188405797101449,0.0
223,0.2727272727272727,0.0,0.09090909090909091,0.6363636363636364
224,0.3333333333333333,0.0,0.45454545454545453,0.21212121212121213
225,0.0,0.22727272727272727,0.6515151515151515,0.12121212121212122
226,0.0,0.22580645161290322,0.7096774193548387,0.06451612903225806
227,0.23076923076923078,0.6666666666666666,0.0,0.10256410256410256
228,0.0,0.14285714285714285,0.42857142857142855,0.42857142857142855
229,0.0,0.38095238095238093,0.5238095238095238,0.09523809523809523
230,0.06153846153846154,0.0,0.24615384615384617,0.6923076923076923
231,0.3333333333333333,0.0,0.16666666666666666,0.5
232,0.0,0.17857142857142858,0.17857142857142858,0.6428571428571429
233,0.2537313432835821,0.6567164179104478,0.0,0.08955223880597014
234,0.18181818181818182,0.7272727272727273,0.09090909090909091,0.0
235,0.8095238095238095,0.047619047619047616,0.14285714285714285,0.0
236,0.2698412698412698,0.0,0.14285714285714285,0.5873015873015873
237,0.6,0.0,0.4,0.0
238,0.17391304347826086,0.0,0.08695652173913043,0.7391304347826086
239,0.38461538461538464,0.0,0.0,0.6153846153846154
240,0.07575757575757576,0.0,0.030303030303030304,0.8939393939393939
241,0.2,0.2,0.6,0.0
242,0.08333333333333333,0.0,0.0,0.9166666666666666
243,0.0,0.2926829268292683,0.6829268292682927,0.024390243902439025
244,0.0,0.1346153846153846,0.4807692307692308,0.38461538461538464
245,0.19161676646706588,0.6586826347305389,0.0,0.1497005988023952
246,0.02459016393442623,0.0,0.18032786885245902,0.7950819672131147
247,0.0,0.0,1.0,0.0
248,0.6363636363636364,0.18181818181818182,0.0,0.18181818181818182
249,0.0,0.5555555555555556,0.4444444444444444,0.0
250,0.16901408450704225,0.8028169014084507,0.0,0.028169014084507043
251,0.02531645569620253,0.0,0.6455696202531646,0.3291139240506329
252,0.42857142857142855,0.0,0.5714285714285714,0.0
253,0.4,0.0,0.4,0.2
254,0.045454545454545456,0.8181818181818182,0.13636363636363635,0.0
255,0.11764705882352941,0.3235294117647059,0.0,0.5588235294117647
256,0.0,0.3333333333333333,0.6666666666666666,0.0
257,0.0,0.6,0.0,0.4
258,0.0,0.2,0.6,0.2
259,0.0,0.0,0.75,0.25
260,0.125,0.0,0.5,0.375
261,0.0,1.0,0.0,0.0
262,1.0,0.0,0.0,0.0
263,0.1111111111111111,0.0,0.16666666666666666,0.7222222222222222
264,0.5454545454545454,0.3181818181818182,0.0,0.13636363636363635
265,0.05454545454545454,0.9212121212121213,0.024242424242424242,0.0
266,0.5753424657534246,0.0136986301369863,0.0,0.410958904109589
267,0.0,0.5,0.0,0.5
268,0.0,0.0,1.0,0.0
269,0.09090909090909091,0.0,0.09090909090909091,0.8181818181818182
270,0.0,0.0,0.4,0.6
271,0.5,0.0,0.0,0.5
272,0.5,0.0,0.0,0.5
273,0.0,0.0,0.0,1.0
274,0.16666666666666666,0.0,0.8333333333333334,0.0
275,0.029411764705882353,0.0,0.11764705882352941,0.8529411764705882
276,0.8924731182795699,0.10752688172043011,0.0,0.0
277,0.0,0.75,0.25,0.0
278,0.24545454545454545,0.4818181818181818,0.0,0.2727272727272727
279,0.0,0.0,1.0,0.0
280,0.0,0.0,0.5,0.5
281,0.0,0.8260869565217391,0.17391304347826086,0.0
282,0.0,1.0,0.0,0.0
283,0.0,0.08695652173913043,0.0,0.9130434782608695
284,0.0,0.0,0.008130081300813009,0.991869918699187
285,0.0,0.2,0.8,0.0
286,0.5,0.16666666666666666,0.0,0.3333333333333333
287,0.0,0.2222222222222222,0.7777777777777778,0.0
288,0.75,0.05,0.0,0.2
289,0.08064516129032258,0.0,0.5645161290322581,0.3548387096774194
290,0.25,0.625,0.0,0.125
291,0.0,0.4444444444444444,0.5555555555555556,0.0
292,0.8333333333333334,0.125,0.0,0.041666666666666664
293,,,,
294,0.0,0.6,0.3333333333333333,0.06666666666666667
295,0.0,0.3333333333333333,0.3333333333333333,0.3333333333333333
296,0.0,0.6666666666666666,0.3333333333333333,0.0
297,0.8,0.0,0.2,0.0
298,,,,
299,,,,
300,,,,
301,0.0,0.0,1.0,0.0
302,,,,
303,,,,
304,,,,
305,,,,
306,,,,
307,,,,
308,,,,
309,,,,
310,,,,
311,,,,
312,,,,
313,,,,
314,,,,
315,,,,
