,A,C,G,T
0,,,,
1,,,,
2,,,,
3,,,,
4,0.0,0.0,1.0,0.0
5,0.6666666666666666,0.0,0.0,0.3333333333333333
6,,,,
7,,,,
8,1.0,0.0,0.0,0.0
9,,,,
10,,,,
11,,,,
12,1.0,0.0,0.0,0.0
13,,,,
14,,,,
15,,,,
16,,,,
17,1.0,0.0,0.0,0.0
18,,,,
19,,,,
20,,,,
21,,,,
22,,,,
23,,,,
24,,,,
25,,,,
26,,,,
27,,,,
28,,,,
29,,,,
30,,,,
31,,,,
32,,,,
33,,,,
34,,,,
35,,,,
36,,,,
37,,,,
38,,,,
39,,,,
40,,,,
41,,,,
42,,,,
43,,,,
44,,,,
45,0.0,0.0,1.0,0.0
46,,,,
47,,,,
48,,,,
49,,,,
50,,,,
51,,,,
52,,,,
53,0.0,1.0,0.0,0.0
54,,,,
55,,,,
56,,,,
57,,,,
58,,,,
59,,,,
60,,,,
61,,,,
62,,,,
63,,,,
64,,,,
65,,,,
66,1.0,0.0,0.0,0.0
67,1.0,0.0,0.0,0.0
68,0.0,0.0,1.0,0.0
69,1.0,0.0,0.0,0.0
70,1.0,0.0,0.0,0.0
71,,,,
72,,,,
73,,,,
74,,,,
75,,,,
76,0.0,1.0,0.0,0.0
77,0.0,1.0,0.0,0.0
78,,,,
79,,,,
80,,,,
81,0.0,1.0,0.0,0.0
82,,,,
83,,,,
84,,,,
85,,,,
86,,,,
87,,,,
88,,,,
89,,,,
90,0.0,0.5,0.5,0.0
91,0.0,0.5,0.0,0.5
92,0.0,0.0,0.0,1.0
93,1.0,0.0,0.0,0.0
94,,,,
95,0.0,1.0,0.0,0.0
96,1.0,0.0,0.0,0.0
97,,,,
98,0.3333333333333333,0.6666666666666666,0.0,0.0
99,0.0,0.0,0.0,1.0
100,,,,
101,1.0,0.0,0.0,0.0
102,,,,
103,,,,
104,,,,
105,,,,
106,,,,
107,,,,
108,1.0,0.0,0.0,0.0
109,,,,
110,,,,
111,,,,
112,,,,
113,,,,
114,,,,
115,,,,
116,,,,
117,0.5,0.5,0.0,0.0
118,0.0,0.0,0.0,1.0
119,,,,
120,,,,
121,,,,
122,0.0,0.0,1.0,0.0
123,,,,
124,,,,
125,,,,
126,,,,
127,,,,
128,,,,
129,,,,
130,,,,
131,0.0,1.0,0.0,0.0
132,0.5,0.0,0.0,0.5
133,0.0,0.0,1.0,0.0
134,,,,
135,,,,
136,0.0,0.0,1.0,0.0
137,,,,
138,0.0,0.0,1.0,0.0
139,,,,
140,,,,
141,,,,
142,,,,
143,,,,
144,,,,
145,1.0,0.0,0.0,0.0
146,,,,
147,1.0,0.0,0.0,0.0
148,,,,
149,0.0,0.5,0.5,0.0
150,,,,
151,,,,
152,0.0,1.0,0.0,0.0
153,,,,
154,0.3333333333333333,0.0,0.6666666666666666,0.0
155,0.0,0.3333333333333333,0.6666666666666666,0.0
156,1.0,0.0,0.0,0.0
157,0.0,0.0,0.0,1.0
158,,,,
159,,,,
160,,,,
161,,,,
162,,,,
163,,,,
164,,,,
165,,,,
166,,,,
167,1.0,0.0,0.0,0.0
168,0.0,0.0,0.0,1.0
169,,,,
170,0.0,1.0,0.0,0.0
171,0.0,0.5,0.5,0.0
172,,,,
173,,,,
174,,,,
175,0.0,0.0,0.0,1.0
176,0.0,0.0,0.0,1.0
177,,,,
178,,,,
179,0.0,0.0,0.5,0.5
180,0.5,0.0,0.0,0.5
181,0.0,0.0,0.0,1.0
182,,,,
183,,,,
184,,,,
185,,,,
186,0.0,0.0,1.0,0.0
187,,,,
188,,,,
189,,,,
190,,,,
191,,,,
192,0.0,1.0,0.0,0.0
193,,,,
194,,,,
195,,,,
196,,,,
197,0.0,0.0,0.0,1.0
198,,,,
199,,,,
200,0.0,0.0,1.0,0.0
201,,,,
202,,,,
203,,,,
204,,,,
205,,,,
206,,,,
207,,,,
208,,,,
209,,,,
210,0.0,0.0,1.0,0.0
211,,,,
212,,,,
213,,,,
214,,,,
215,,,,
216,,,,
217,,,,
218,,,,
219,,,,
220,,,,
221,0.0,0.0,1.0,0.0
222,,,,
223,,,,
224,,,,
225,,,,
226,,,,
227,,,,
228,0.0,1.0,0.0,0.0
229,,,,
230,,,,
231,,,,
232,0.0,0.0,0.0,1.0
233,0.0,1.0,0.0,0.0
234,0.0,0.0,1.0,0.0
235,0.0,1.0,0.0,0.0
236,1.0,0.0,0.0,0.0
237,,,,
238,0.0,0.0,0.0,1.0
239,,,,
240,,,,
241,,,,
242,,,,
243,,,,
244,,,,
245,0.0,1.0,0.0,0.0
246,,,,
247,,,,
248,,,,
249,,,,
250,,,,
251,,,,
252,,,,
253,,,,
254,0.0,0.0,0.0,1.0
255,,,,
256,,,,
257,,,,
258,,,,
259,,,,
260,,,,
261,1.0,0.0,0.0,0.0
262,0.0,0.0,0.0,1.0
263,0.0,1.0,0.0,0.0
264,,,,
265,,,,
266,0.0,1.0,0.0,0.0
267,,,,
268,,,,
269,,,,
270,,,,
271,,,,
272,,,,
273,,,,
274,,,,
275,0.0,1.0,0.0,0.0
276,0.6666666666666666,0.3333333333333333,0.0,0.0
277,,,,
278,0.5,0.0,0.0,0.5
279,,,,
280,,,,
281,,,,
282,,,,
283,,,,
284,,,,
285,,,,
286,,,,
287,0.0,0.0,1.0,0.0
288,,,,
289,,,,
290,,,,
291,,,,
292,0.5,0.5,0.0,0.0
293,,,,
294,,,,
295,,,,
296,,,,
297,,,,
298,,,,
299,,,,
300,,,,
301,,,,
302,,,,
303,,,,
304,,,,
305,,,,
306,,,,
307,,,,
308,,,,
309,,,,
310,,,,
311,,,,
312,,,,
313,,,,
314,,,,
315,,,,
