,A,C,G,T
0,,,,
1,,,,
2,,,,
3,1.0,0.0,0.0,0.0
4,0.0,1.0,0.0,0.0
5,0.0,0.0,0.5,0.5
6,,,,
7,,,,
8,1.0,0.0,0.0,0.0
9,0.0,0.0,0.25,0.75
10,,,,
11,,,,
12,1.0,0.0,0.0,0.0
13,1.0,0.0,0.0,0.0
14,0.0,0.4,0.0,0.6
15,,,,
16,,,,
17,0.6666666666666666,0.0,0.0,0.3333333333333333
18,,,,
19,,,,
20,,,,
21,1.0,0.0,0.0,0.0
22,1.0,0.0,0.0,0.0
23,1.0,0.0,0.0,0.0
24,0.3333333333333333,0.6666666666666666,0.0,0.0
25,,,,
26,,,,
27,,,,
28,,,,
29,1.0,0.0,0.0,0.0
30,1.0,0.0,0.0,0.0
31,,,,
32,,,,
33,,,,
34,0.0,0.0,1.0,0.0
35,,,,
36,0.0,0.0,1.0,0.0
37,0.0,0.25,0.75,0.0
38,1.0,0.0,0.0,0.0
39,,,,
40,,,,
41,,,,
42,,,,
43,,,,
44,,,,
45,0.6666666666666666,0.0,0.0,0.3333333333333333
46,,,,
47,,,,
48,0.0,0.0,1.0,0.0
49,1.0,0.0,0.0,0.0
50,,,,
51,,,,
52,,,,
53,,,,
54,,,,
55,0.0,0.5,0.5,0.0
56,0.5,0.0,0.0,0.5
57,0.6666666666666666,0.3333333333333333,0.0,0.0
58,,,,
59,0.0,0.0,0.0,1.0
60,0.0,1.0,0.0,0.0
61,,,,
62,0.0,0.0,1.0,0.0
63,,,,
64,,,,
65,0.0,0.0,0.0,1.0
66,0.0,1.0,0.0,0.0
67,0.0,1.0,0.0,0.0
68,,,,
69,1.0,0.0,0.0,0.0
70,0.0,0.0,0.0,1.0
71,0.2857142857142857,0.2857142857142857,0.42857142857142855,0.0
72,,,,
73,,,,
74,1.0,0.0,0.0,0.0
75,0.0,0.0,0.0,1.0
76,0.5,0.5,0.0,0.0
77,0.0,0.4,0.2,0.4
78,0.0,0.0,1.0,0.0
79,0.0,0.0,0.5,0.5
80,0.5,0.0,0.0,0.5
81,0.0,0.25,0.0,0.75
82,0.4,0.0,0.2,0.4
83,0.8,0.0,0.2,0.0
84,,,,
85,0.0,1.0,0.0,0.0
86,0.0,0.0,0.0,1.0
87,0.0,0.3333333333333333,0.3333333333333333,0.3333333333333333
88,0.6,0.0,0.4,0.0
89,0.0,0.0,1.0,0.0
90,0.0,0.0,1.0,0.0
91,0.0,0.25,0.5,0.25
92,0.4,0.0,0.0,0.6
93,0.5,0.5,0.0,0.0
94,0.0,0.0,1.0,0.0
95,0.0,0.0,0.5,0.5
96,0.0,1.0,0.0,0.0
97,0.4,0.2,0.0,0.4
98,0.0,0.5,0.5,0.0
99,0.0,0.0,0.0,1.0
100,,,,
101,0.5714285714285714,0.14285714285714285,0.0,0.2857142857142857
102,0.0,0.0,1.0,0.0
103,,,,
104,0.0,0.0,0.3333333333333333,0.6666666666666666
105,,,,
106,,,,
107,,,,
108,0.0,1.0,0.0,0.0
109,0.0,1.0,0.0,0.0
110,0.0,0.0,0.0,1.0
111,,,,
112,,,,
113,0.14285714285714285,0.0,0.5714285714285714,0.2857142857142857
114,,,,
115,0.0,1.0,0.0,0.0
116,,,,
117,,,,
118,0.0,1.0,0.0,0.0
119,0.0,0.0,1.0,0.0
120,,,,
121,0.0,1.0,0.0,0.0
122,0.0,1.0,0.0,0.0
123,,,,
124,0.2222222222222222,0.0,0.7777777777777778,0.0
125,0.0,0.0,1.0,0.0
126,1.0,0.0,0.0,0.0
127,,,,
128,0.0,0.3333333333333333,0.6666666666666666,0.0
129,0.0,1.0,0.0,0.0
130,1.0,0.0,0.0,0.0
131,0.3333333333333333,0.6666666666666666,0.0,0.0
132,0.0,0.0,0.0,1.0
133,0.0,1.0,0.0,0.0
134,,,,
135,,,,
136,0.0,0.5,0.0,0.5
137,1.0,0.0,0.0,0.0
138,,,,
139,,,,
140,,,,
141,0.0,0.3333333333333333,0.3333333333333333,0.3333333333333333
142,,,,
143,1.0,0.0,0.0,0.0
144,0.0,0.0,0.0,1.0
145,,,,
146,0.0,0.5,0.5,0.0
147,1.0,0.0,0.0,0.0
148,0.0,0.3333333333333333,0.6666666666666666,0.0
149,,,,
150,1.0,0.0,0.0,0.0
151,,,,
152,0.0,0.5714285714285714,0.0,0.42857142857142855
153,0.7142857142857143,0.0,0.2857142857142857,0.0
154,1.0,0.0,0.0,0.0
155,0.5,0.0,0.0,0.5
156,0.6666666666666666,0.0,0.0,0.3333333333333333
157,,,,
158,0.0,1.0,0.0,0.0
159,0.0,0.3333333333333333,0.3333333333333333,0.3333333333333333
160,0.3333333333333333,0.16666666666666666,0.0,0.5
161,0.6666666666666666,0.3333333333333333,0.0,0.0
162,0.75,0.0,0.0,0.25
163,0.0,0.0,0.75,0.25
164,0.2,0.6,0.2,0.0
165,,,,
166,,,,
167,0.5,0.0,0.5,0.0
168,0.0,0.2,0.6,0.2
169,0.5,0.5,0.0,0.0
170,0.3333333333333333,0.0,0.6666666666666666,0.0
171,0.0,0.0,1.0,0.0
172,,,,
173,0.0,0.0,0.0,1.0
174,0.0,0.75,0.0,0.25
175,0.6,0.4,0.0,0.0
176,0.3333333333333333,0.0,0.3333333333333333,0.3333333333333333
177,0.5,0.5,0.0,0.0
178,0.0,0.5,0.0,0.5
179,0.0,1.0,0.0,0.0
180,0.0,1.0,0.0,0.0
181,0.0,0.0,1.0,0.0
182,0.0,0.0,0.0,1.0
183,,,,
184,0.0,1.0,0.0,0.0
185,0.0,0.0,1.0,0.0
186,0.0,0.8333333333333334,0.16666666666666666,0.0
187,0.0,0.0,0.25,0.75
188,0.75,0.25,0.0,0.0
189,0.0,0.0,1.0,0.0
190,0.0,0.0,1.0,0.0
191,0.0,0.0,0.6,0.4
192,0.3333333333333333,0.0,0.5,0.16666666666666666
193,0.0,0.0,1.0,0.0
194,0.25,0.75,0.0,0.0
195,0.0,1.0,0.0,0.0
196,0.375,0.0,0.625,0.0
197,,,,
198,,,,
199,,,,
200,0.0,0.0,1.0,0.0
201,0.3333333333333333,0.6666666666666666,0.0,0.0
202,,,,
203,0.5,0.0,0.0,0.5
204,0.0,0.0,0.0,1.0
205,0.6,0.0,0.0,0.4
206,0.0,0.0,1.0,0.0
207,0.0,0.0,0.5,0.5
208,,,,
209,0.0,0.1111111111111111,0.8888888888888888,0.0
210,,,,
211,,,,
212,0.0,0.0,0.0,1.0
213,0.0,0.0,1.0,0.0
214,0.25,0.75,0.0,0.0
215,0.6,0.4,0.0,0.0
216,,,,
217,,,,
218,,,,
219,0.0,0.0,1.0,0.0
220,0.25,0.0,0.5,0.25
221,0.0,0.0,1.0,0.0
222,0.0,0.0,1.0,0.0
223,,,,
224,0.0,0.0,1.0,0.0
225,,,,
226,0.0,1.0,0.0,0.0
227,0.0,1.0,0.0,0.0
228,0.0,0.0,1.0,0.0
229,0.5,0.25,0.0,0.25
230,0.0,0.0,0.75,0.25
231,0.0,0.0,0.0,1.0
232,,,,
233,0.0,0.2,0.8,0.0
234,0.0,0.0,0.0,1.0
235,0.0,0.0,0.0,1.0
236,0.0,0.0,0.0,1.0
237,0.0,1.0,0.0,0.0
238,,,,
239,0.0,0.0,0.0,1.0
240,0.0,1.0,0.0,0.0
241,,,,
242,,,,
243,0.5,0.5,0.0,0.0
244,0.0,1.0,0.0,0.0
245,0.5714285714285714,0.2857142857142857,0.0,0.14285714285714285
246,0.0,0.0,0.5714285714285714,0.42857142857142855
247,,,,
248,0.0,0.125,0.875,0.0
249,,,,
250,0.0,1.0,0.0,0.0
251,0.4,0.0,0.4,0.2
252,0.0,0.0,1.0,0.0
253,1.0,0.0,0.0,0.0
254,0.0,0.8571428571428571,0.14285714285714285,0.0
255,,,,
256,,,,
257,1.0,0.0,0.0,0.0
258,0.0,1.0,0.0,0.0
259,0.4,0.6,0.0,0.0
260,0.0,0.0,1.0,0.0
261,0.0,1.0,0.0,0.0
262,,,,
263,1.0,0.0,0.0,0.0
264,,,,
265,0.0,1.0,0.0,0.0
266,0.375,0.625,0.0,0.0
267,,,,
268,,,,
269,,,,
270,,,,
271,0.0,0.0,0.0,1.0
272,,,,
273,,,,
274,,,,
275,,,,
276,0.0,0.0,1.0,0.0
277,,,,
278,0.375,0.625,0.0,0.0
279,,,,
280,,,,
281,,,,
282,,,,
283,0.0,0.0,0.16666666666666666,0.8333333333333334
284,0.0,0.0,0.0,1.0
285,,,,
286,,,,
287,,,,
288,,,,
289,0.2,0.8,0.0,0.0
290,,,,
291,,,,
292,,,,
293,,,,
294,,,,
295,,,,
296,,,,
297,,,,
298,,,,
299,,,,
300,,,,
301,,,,
302,,,,
303,,,,
304,,,,
305,,,,
306,,,,
307,,,,
308,,,,
309,,,,
310,,,,
311,,,,
312,,,,
313,,,,
