,A,C,G,T
0,,,,
1,,,,
2,0.9024390243902439,0.04878048780487805,0.0,0.04878048780487805
3,0.765625,0.125,0.0,0.109375
4,0.22807017543859648,0.4649122807017544,0.30701754385964913,0.0
5,0.5369127516778524,0.20134228187919462,0.0,0.26174496644295303
6,0.6363636363636364,0.0,0.36363636363636365,0.0
7,0.0,0.19767441860465115,0.4883720930232558,0.313953488372093
8,0.7652050919377652,0.19236209335219237,0.0,0.042432814710042434
9,0.016574585635359115,0.0,0.022099447513812154,0.9613259668508287
10,0.23076923076923078,0.5384615384615384,0.23076923076923078,0.0
11,0.31451612903225806,0.3064516129032258,0.0,0.3790322580645161
12,0.6640625,0.2109375,0.0,0.125
13,0.39705882352941174,0.47058823529411764,0.1323529411764706,0.0
14,0.5577889447236181,0.18090452261306533,0.0,0.2613065326633166
15,0.42857142857142855,0.0,0.14285714285714285,0.42857142857142855
16,0.0,0.8285714285714286,0.08571428571428572,0.08571428571428572
17,0.8848920863309353,0.03597122302158273,0.0,0.07913669064748201
18,0.3181818181818182,0.2727272727272727,0.4090909090909091,0.0
19,0.4375,0.0,0.125,0.4375
20,0.05172413793103448,0.5517241379310345,0.39655172413793105,0.0
21,0.19047619047619047,0.23809523809523808,0.0,0.5714285714285714
22,0.5298507462686567,0.15671641791044777,0.0,0.31343283582089554
23,0.36065573770491804,0.14754098360655737,0.0,0.4918032786885246
24,0.5601851851851852,0.2916666666666667,0.0,0.14814814814814814
25,0.574468085106383,0.0,0.3829787234042553,0.0425531914893617
26,0.6228070175438597,0.2719298245614035,0.10526315789473684,0.0
27,0.14705882352941177,0.29411764705882354,0.0,0.5588235294117647
28,0.0,0.7171717171717171,0.13131313131313133,0.15151515151515152
29,0.7735294117647059,0.14411764705882352,0.0,0.08235294117647059
30,0.5647058823529412,0.2,0.0,0.23529411764705882
31,0.14285714285714285,0.6326530612244898,0.22448979591836735,0.0
32,0.21621621621621623,0.2972972972972973,0.0,0.4864864864864865
33,0.0,0.4,0.5692307692307692,0.03076923076923077
34,0.0,0.4192708333333333,0.5416666666666666,0.0390625
35,0.3076923076923077,0.23076923076923078,0.0,0.46153846153846156
36,0.0,0.3825503355704698,0.5704697986577181,0.04697986577181208
37,0.0,0.3,0.6166666666666667,0.08333333333333333
38,0.6810344827586207,0.22413793103448276,0.0,0.09482758620689655
39,0.12962962962962962,0.0,0.7870370370370371,0.08333333333333333
40,0.08235294117647059,0.0,0.023529411764705882,0.8941176470588236
41,0.04477611940298507,0.6567164179104478,0.29850746268656714,0.0
42,0.19047619047619047,0.2857142857142857,0.0,0.5238095238095238
43,0.1,0.5,0.0,0.4
44,0.41935483870967744,0.25806451612903225,0.0,0.3225806451612903
45,0.2647058823529412,0.08823529411764706,0.0,0.6470588235294118
46,0.6363636363636364,0.0,0.06060606060606061,0.30303030303030304
47,0.5806451612903226,0.0,0.12903225806451613,0.2903225806451613
48,0.2641509433962264,0.20754716981132076,0.5283018867924528,0.0
49,0.5789473684210527,0.0,0.15789473684210525,0.2631578947368421
50,0.0,0.2564102564102564,0.47435897435897434,0.2692307692307692
51,0.46153846153846156,0.3626373626373626,0.0,0.17582417582417584
52,0.06666666666666667,0.5333333333333333,0.4,0.0
53,0.3148148148148148,0.4074074074074074,0.0,0.2777777777777778
54,0.0,0.48148148148148145,0.48148148148148145,0.037037037037037035
55,0.0,0.4147982062780269,0.49327354260089684,0.09192825112107623
56,0.7362637362637363,0.14652014652014653,0.0,0.11721611721611722
57,0.3063063063063063,0.5495495495495496,0.0,0.14414414414414414
58,0.13333333333333333,0.6,0.26666666666666666,0.0
59,0.15053763440860216,0.0,0.6774193548387096,0.17204301075268819
60,0.09523809523809523,0.5,0.40476190476190477,0.0
61,0.5769230769230769,0.0,0.11538461538461539,0.3076923076923077
62,0.38823529411764707,0.0,0.2235294117647059,0.38823529411764707
63,0.2727272727272727,0.36363636363636365,0.36363636363636365,0.0
64,0.55,0.05,0.0,0.4
65,0.0038314176245210726,0.0,0.005747126436781609,0.9904214559386973
66,0.0,0.7388535031847133,0.25796178343949044,0.0031847133757961785
67,0.0,0.34448160535117056,0.6387959866220736,0.016722408026755852
68,0.7619047619047619,0.047619047619047616,0.0,0.19047619047619047
69,0.6425339366515838,0.27601809954751133,0.0,0.08144796380090498
70,0.20588235294117646,0.0,0.4117647058823529,0.38235294117647056
71,0.07006369426751592,0.8694267515923567,0.06050955414012739,0.0
72,0.05357142857142857,0.5178571428571429,0.42857142857142855,0.0
73,0.07368421052631578,0.0,0.021052631578947368,0.9052631578947369
74,0.2248062015503876,0.7054263565891473,0.06976744186046512,0.0
75,0.48,0.04,0.0,0.48
76,0.5303030303030303,0.2878787878787879,0.0,0.18181818181818182
77,0.0,0.6595744680851063,0.14893617021276595,0.19148936170212766
78,0.4435483870967742,0.08064516129032258,0.47580645161290325,0.0
79,0.0,0.18181818181818182,0.03977272727272727,0.7784090909090909
80,0.04591836734693878,0.0,0.015306122448979591,0.9387755102040817
81,0.0,0.2995169082125604,0.5120772946859904,0.18840579710144928
82,0.3076923076923077,0.0,0.49552772808586765,0.1967799642218247
83,0.2140468227424749,0.0,0.20066889632107024,0.5852842809364549
84,0.07865168539325842,0.7865168539325843,0.1348314606741573,0.0
85,0.08571428571428572,0.2,0.7142857142857143,0.0
86,0.06870229007633588,0.0,0.10687022900763359,0.8244274809160306
87,0.0,0.20673076923076922,0.5432692307692307,0.25
88,0.15951595159515952,0.0,0.35203520352035206,0.4884488448844885
89,0.1414141414141414,0.0,0.0707070707070707,0.7878787878787878
90,0.6277777777777778,0.1111111111111111,0.0,0.2611111111111111
91,0.702865761689291,0.26395173453996984,0.0,0.033182503770739065
92,0.35766423357664234,0.0,0.26277372262773724,0.3795620437956204
93,0.3404255319148936,0.6139817629179332,0.04559270516717325,0.0
94,0.0,0.4647887323943662,0.023474178403755867,0.5117370892018779
95,0.013201320132013201,0.0,0.18811881188118812,0.7986798679867987
96,0.27303754266211605,0.6552901023890785,0.07167235494880546,0.0
97,0.0,0.3028391167192429,0.0694006309148265,0.6277602523659306
98,0.036734693877551024,0.9020408163265307,0.061224489795918366,0.0
99,0.0,0.38533834586466165,0.2951127819548872,0.31954887218045114
100,0.21428571428571427,0.4642857142857143,0.32142857142857145,0.0
101,0.6469879518072289,0.21024096385542168,0.0,0.1427710843373494
102,0.38764044943820225,0.0,0.0449438202247191,0.5674157303370787
103,0.0,0.8409090909090909,0.13636363636363635,0.022727272727272728
104,0.045283018867924525,0.0,0.10566037735849057,0.8490566037735849
105,0.0,0.4166666666666667,0.5833333333333334,0.0
106,0.5636363636363636,0.0,0.0,0.43636363636363634
107,0.047619047619047616,0.7619047619047619,0.0,0.19047619047619047
108,0.19421487603305784,0.3512396694214876,0.0,0.45454545454545453
109,0.01639344262295082,0.5901639344262295,0.39344262295081966,0.0
110,0.34375,0.5,0.0,0.15625
111,0.3684210526315789,0.0,0.21052631578947367,0.42105263157894735
112,0.13333333333333333,0.3333333333333333,0.0,0.5333333333333333
113,0.0,0.38839285714285715,0.53125,0.08035714285714286
114,0.7619047619047619,0.0,0.16666666666666666,0.07142857142857142
115,0.0,0.38461538461538464,0.5192307692307693,0.09615384615384616
116,0.7777777777777778,0.05555555555555555,0.0,0.16666666666666666
117,0.7916666666666666,0.125,0.0,0.08333333333333333
118,0.09836065573770492,0.0,0.21311475409836064,0.6885245901639344
119,0.3333333333333333,0.0,0.5384615384615384,0.1282051282051282
120,0.75,0.0,0.0625,0.1875
121,0.3076923076923077,0.0,0.5769230769230769,0.11538461538461539
122,0.19393939393939394,0.6303030303030303,0.17575757575757575,0.0
123,0.041666666666666664,0.75,0.0,0.20833333333333334
124,0.2,0.2,0.0,0.6
125,0.0,0.5314685314685315,0.3356643356643357,0.13286713286713286
126,0.625,0.0,0.25,0.125
127,0.0,0.11627906976744186,0.627906976744186,0.2558139534883721
128,0.0,0.13333333333333333,0.8133333333333334,0.05333333333333334
129,0.25806451612903225,0.3225806451612903,0.0,0.41935483870967744
130,0.3333333333333333,0.2,0.0,0.4666666666666667
131,0.5910596026490066,0.2682119205298013,0.0,0.14072847682119205
132,0.2222222222222222,0.0,0.044444444444444446,0.7333333333333333
133,0.0,0.9344262295081968,0.06557377049180328,0.0
134,0.3047619047619048,0.3619047619047619,0.3333333333333333,0.0
135,0.02666666666666667,0.8933333333333333,0.0,0.08
136,0.0,0.30303030303030304,0.5757575757575758,0.12121212121212122
137,0.8888888888888888,0.06060606060606061,0.0,0.050505050505050504
138,0.043478260869565216,0.043478260869565216,0.9130434782608695,0.0
139,0.6153846153846154,0.07692307692307693,0.0,0.3076923076923077
140,0.23076923076923078,0.48717948717948717,0.0,0.28205128205128205
141,0.0,0.4205607476635514,0.411214953271028,0.16822429906542055
142,0.21212121212121213,0.09090909090909091,0.696969696969697,0.0
143,0.25,0.1,0.0,0.65
144,0.31666666666666665,0.11666666666666667,0.0,0.5666666666666667
145,0.4339622641509434,0.3018867924528302,0.0,0.2641509433962264
146,0.0,0.1437371663244353,0.6899383983572895,0.16632443531827515
147,0.44651162790697674,0.21395348837209302,0.3395348837209302,0.0
148,0.5149253731343284,0.1417910447761194,0.0,0.34328358208955223
149,0.15384615384615385,0.5153846153846153,0.0,0.33076923076923076
150,0.0,0.12413793103448276,0.7896551724137931,0.08620689655172414
151,0.16964285714285715,0.15178571428571427,0.6785714285714286,0.0
152,0.22784810126582278,0.0,0.5506329113924051,0.22151898734177214
153,0.0,0.5773195876288659,0.31443298969072164,0.10824742268041238
154,0.0,0.125,0.7976190476190477,0.07738095238095238
155,0.12830188679245283,0.0,0.08679245283018867,0.7849056603773585
156,0.4530386740331492,0.0,0.23756906077348067,0.30939226519337015
157,0.1509433962264151,0.0,0.39622641509433965,0.4528301886792453
158,0.4188679245283019,0.18867924528301888,0.39245283018867927,0.0
159,0.0,0.38095238095238093,0.44047619047619047,0.17857142857142858
160,0.0,0.28957528957528955,0.6447876447876448,0.06563706563706563
161,0.4246713852376138,0.0,0.1890798786653185,0.3862487360970677
162,0.0,0.28225806451612906,0.6370967741935484,0.08064516129032258
163,0.43532684283727396,0.5424200278164116,0.0,0.022253129346314324
164,0.19941348973607037,0.41348973607038125,0.3870967741935484,0.0
165,0.5294117647058824,0.17647058823529413,0.0,0.29411764705882354
166,0.2222222222222222,0.5222222222222223,0.0,0.25555555555555554
167,0.20059880239520958,0.47604790419161674,0.32335329341317365,0.0
168,0.5460122699386503,0.22699386503067484,0.0,0.22699386503067484
169,0.494475138121547,0.31123388581952116,0.0,0.19429097605893186
170,0.74,0.0,0.10666666666666667,0.15333333333333332
171,0.0,0.10714285714285714,0.5357142857142857,0.35714285714285715
172,0.5638297872340425,0.0,0.2127659574468085,0.22340425531914893
173,0.0,0.2773109243697479,0.5504201680672269,0.1722689075630252
174,0.0,0.28500823723228996,0.34102141680395387,0.37397034596375617
175,0.0,0.25806451612903225,0.3575268817204301,0.3844086021505376
176,0.1689259645464025,0.0,0.556830031282586,0.27424400417101147
177,0.2703862660944206,0.37339055793991416,0.3562231759656652,0.0
178,0.0,0.3022670025188917,0.0654911838790932,0.6322418136020151
179,0.07905138339920949,0.5968379446640316,0.3241106719367589,0.0
180,0.4090909090909091,0.42424242424242425,0.0,0.16666666666666666
181,0.23550724637681159,0.0,0.35144927536231885,0.41304347826086957
182,0.0,0.5258215962441315,0.3380281690140845,0.13615023474178403
183,0.3939393939393939,0.0,0.5757575757575758,0.030303030303030304
184,0.0,0.38321167883211676,0.5401459854014599,0.07664233576642336
185,0.34532374100719426,0.381294964028777,0.0,0.2733812949640288
186,0.0,0.42424242424242425,0.5,0.07575757575757576
187,0.0,0.34285714285714286,0.5936507936507937,0.06349206349206349
188,0.5746971736204576,0.3472409152086137,0.0,0.07806191117092867
189,0.12941176470588237,0.3176470588235294,0.5529411764705883,0.0
190,0.13402061855670103,0.15463917525773196,0.711340206185567,0.0
191,0.05343511450381679,0.5419847328244275,0.40458015267175573,0.0
192,0.270042194092827,0.0,0.6962025316455697,0.03375527426160337
193,0.0,0.10884353741496598,0.6326530612244898,0.2585034013605442
194,0.6891385767790262,0.22846441947565543,0.0,0.08239700374531835
195,0.5,0.23404255319148937,0.0,0.26595744680851063
196,0.7145557655954632,0.24007561436672967,0.0,0.045368620037807186
197,0.2823529411764706,0.0,0.45294117647058824,0.2647058823529412
198,1.0,0.0,0.0,0.0
199,0.23076923076923078,0.23668639053254437,0.0,0.5325443786982249
200,0.3283582089552239,0.5074626865671642,0.0,0.16417910447761194
201,0.3299492385786802,0.5076142131979695,0.0,0.16243654822335024
202,0.15873015873015872,0.3968253968253968,0.4444444444444444,0.0
203,0.6446280991735537,0.0,0.08264462809917356,0.2727272727272727
204,0.0,0.1650485436893204,0.3592233009708738,0.47572815533980584
205,0.5588235294117647,0.0,0.21568627450980393,0.22549019607843138
206,0.27350427350427353,0.0,0.3504273504273504,0.37606837606837606
207,0.0,0.4229828850855746,0.14180929095354522,0.4352078239608802
208,0.13157894736842105,0.13157894736842105,0.7368421052631579,0.0
209,0.275,0.375,0.0,0.35
210,0.0,0.11224489795918367,0.4489795918367347,0.4387755102040816
211,0.34177215189873417,0.0,0.4177215189873418,0.24050632911392406
212,0.2828282828282828,0.0,0.16161616161616163,0.5555555555555556
213,0.0,0.49230769230769234,0.2692307692307692,0.23846153846153847
214,0.08376963350785341,0.6387434554973822,0.0,0.2774869109947644
215,0.45774647887323944,0.2992957746478873,0.0,0.24295774647887325
216,0.6470588235294118,0.21176470588235294,0.0,0.1411764705882353
217,0.0,0.23636363636363636,0.2545454545454545,0.509090909090909
218,0.45121951219512196,0.0,0.21951219512195122,0.32926829268292684
219,0.0,0.3026315789473684,0.4276315789473684,0.26973684210526316
220,0.15053763440860216,0.0,0.15053763440860216,0.6989247311827957
221,0.42,0.46,0.0,0.12
222,0.152,0.248,0.6,0.0
223,0.6875,0.0,0.15625,0.15625
224,0.36363636363636365,0.0,0.10101010101010101,0.5353535353535354
225,0.0,0.22110552763819097,0.6658291457286433,0.11306532663316583
226,0.10617283950617284,0.5901234567901235,0.3037037037037037,0.0
227,0.3246268656716418,0.0,0.417910447761194,0.2574626865671642
228,0.0,0.08536585365853659,0.725609756097561,0.18902439024390244
229,0.5923392612859097,0.387140902872777,0.0,0.02051983584131327
230,0.26181818181818184,0.0,0.12363636363636364,0.6145454545454545
231,0.0,0.2857142857142857,0.3392857142857143,0.375
232,0.4444444444444444,0.0,0.18518518518518517,0.37037037037037035
233,0.0,0.1761904761904762,0.4523809523809524,0.37142857142857144
234,0.5773195876288659,0.07216494845360824,0.0,0.35051546391752575
235,0.02027027027027027,0.0,0.062162162162162166,0.9175675675675675
236,0.30711610486891383,0.0,0.299625468164794,0.39325842696629215
237,0.12037037037037036,0.6203703703703703,0.25925925925925924,0.0
238,0.0,0.36585365853658536,0.036585365853658534,0.5975609756097561
239,0.09473684210526316,0.0,0.031578947368421054,0.8736842105263158
240,0.0,0.425531914893617,0.13069908814589665,0.44376899696048633
241,0.24,0.08,0.68,0.0
242,0.6730769230769231,0.11538461538461539,0.0,0.21153846153846154
243,0.34177215189873417,0.5316455696202531,0.0,0.12658227848101267
244,0.0,0.2191780821917808,0.684931506849315,0.0958904109589041
245,0.6913696060037523,0.275797373358349,0.0,0.03283302063789869
246,0.1092964824120603,0.0,0.3417085427135678,0.5489949748743719
247,0.2222222222222222,0.05555555555555555,0.7222222222222222,0.0
248,0.38345864661654133,0.5338345864661654,0.0,0.08270676691729323
249,0.0,0.4869109947643979,0.45549738219895286,0.05759162303664921
250,0.42740841248303935,0.4694708276797829,0.0,0.10312075983717775
251,0.134180790960452,0.0,0.3728813559322034,0.4929378531073446
252,0.0,0.27461139896373055,0.6269430051813472,0.09844559585492228
253,0.4068965517241379,0.5379310344827586,0.0,0.05517241379310345
254,0.41363636363636364,0.39636363636363636,0.0,0.19
255,0.0684931506849315,0.0,0.2534246575342466,0.678082191780822
256,0.1935483870967742,0.16129032258064516,0.6451612903225806,0.0
257,0.4355300859598854,0.27507163323782235,0.0,0.28939828080229224
258,0.0,0.51,0.46,0.03
259,0.6530470914127424,0.3379501385041551,0.0,0.009002770083102494
260,0.0,0.24161073825503357,0.5838926174496645,0.174496644295302
261,0.36363636363636365,0.3253588516746411,0.31100478468899523,0.0
262,0.2,0.0,0.23255813953488372,0.5674418604651162
263,0.18181818181818182,0.2809917355371901,0.5371900826446281,0.0
264,0.6951219512195121,0.2682926829268293,0.0,0.036585365853658534
265,0.0,0.21323529411764705,0.5073529411764706,0.27941176470588236
266,0.36507936507936506,0.0,0.5396825396825397,0.09523809523809523
267,0.6666666666666666,0.16666666666666666,0.0,0.16666666666666666
268,0.0,0.48,0.3333333333333333,0.18666666666666668
269,0.13,0.0,0.07,0.8
270,0.0,0.14285714285714285,0.6,0.2571428571428571
271,0.4090909090909091,0.0,0.045454545454545456,0.5454545454545454
272,0.3076923076923077,0.5128205128205128,0.0,0.1794871794871795
273,0.4583333333333333,0.08333333333333333,0.0,0.4583333333333333
274,0.08333333333333333,0.0,0.7142857142857143,0.20238095238095238
275,0.5172413793103449,0.0,0.2413793103448276,0.2413793103448276
276,0.8255813953488372,0.11794019933554817,0.0,0.05647840531561462
277,0.043859649122807015,0.7894736842105263,0.16666666666666666,0.0
278,0.24566473988439305,0.49277456647398843,0.0,0.2615606936416185
279,0.06451612903225806,0.16129032258064516,0.7741935483870968,0.0
280,0.0,0.03125,0.046875,0.921875
281,0.0049504950495049506,0.8316831683168316,0.16336633663366337,0.0
282,0.0,0.07692307692307693,0.9230769230769231,0.0
283,0.0,0.03316326530612245,0.03571428571428571,0.9311224489795918
284,0.021653543307086614,0.0,0.023622047244094488,0.9547244094488189
285,0.10294117647058823,0.10294117647058823,0.7941176470588235,0.0
286,0.2558139534883721,0.23255813953488372,0.0,0.5116279069767442
287,0.0,0.5333333333333333,0.4666666666666667,0.0
288,0.6942675159235668,0.01910828025477707,0.0,0.28662420382165604
289,0.21182266009852216,0.0,0.10837438423645321,0.6798029556650246
290,0.40186915887850466,0.45794392523364486,0.0,0.14018691588785046
291,0.0,0.8154761904761905,0.18452380952380953,0.0
292,0.5979381443298969,0.17525773195876287,0.0,0.2268041237113402
293,0.0,0.05194805194805195,0.8701298701298701,0.07792207792207792
294,0.1111111111111111,0.16666666666666666,0.0,0.7222222222222222
295,0.0,0.36585365853658536,0.5365853658536586,0.0975609756097561
296,0.044444444444444446,0.8444444444444444,0.1111111111111111,0.0
297,0.7272727272727273,0.0,0.21212121212121213,0.06060606060606061
298,0.09090909090909091,0.7272727272727273,0.18181818181818182,0.0
299,0.25,0.0,0.75,0.0
300,0.16666666666666666,0.8333333333333334,0.0,0.0
301,0.0,0.0,0.75,0.25
302,0.375,0.625,0.0,0.0
303,1.0,0.0,0.0,0.0
304,0.0,0.0,1.0,0.0
305,,,,
306,0.0,0.0,1.0,0.0
307,,,,
308,,,,
309,,,,
310,,,,
311,,,,
312,,,,
313,,,,
314,,,,
315,,,,
