,A,C,G,T
0,,,,
1,,,,
2,1.0,0.0,0.0,0.0
3,1.0,0.0,0.0,0.0
4,,,,
5,0.0,0.25,0.0,0.75
6,0.5,0.0,0.0,0.5
7,0.0,0.0,1.0,0.0
8,1.0,0.0,0.0,0.0
9,0.0,0.0,0.4166666666666667,0.5833333333333334
10,,,,
11,0.3333333333333333,0.3333333333333333,0.0,0.3333333333333333
12,0.0,0.038461538461538464,0.0,0.9615384615384616
13,,,,
14,0.0,0.0,0.0,1.0
15,0.0,1.0,0.0,0.0
16,0.0,0.0,0.0,1.0
17,1.0,0.0,0.0,0.0
18,1.0,0.0,0.0,0.0
19,,,,
20,0.0,0.5,0.5,0.0
21,0.0,0.0,0.0,1.0
22,,,,
23,1.0,0.0,0.0,0.0
24,0.0,0.5,0.0,0.5
25,,,,
26,0.0,1.0,0.0,0.0
27,0.0,0.5,0.0,0.5
28,0.6666666666666666,0.3333333333333333,0.0,0.0
29,1.0,0.0,0.0,0.0
30,0.0,0.4,0.6,0.0
31,,,,
32,1.0,0.0,0.0,0.0
33,0.875,0.0,0.0,0.125
34,0.0,1.0,0.0,0.0
35,0.0,0.3684210526315789,0.42105263157894735,0.21052631578947367
36,,,,
37,,,,
38,0.125,0.5,0.0,0.375
39,1.0,0.0,0.0,0.0
40,0.0,0.0,0.5,0.5
41,0.0,0.25,0.75,0.0
42,0.0,0.0,1.0,0.0
43,,,,
44,1.0,0.0,0.0,0.0
45,,,,
46,,,,
47,,,,
48,,,,
49,0.0,0.0,0.5,0.5
50,1.0,0.0,0.0,0.0
51,1.0,0.0,0.0,0.0
52,,,,
53,,,,
54,0.0,1.0,0.0,0.0
55,0.0,1.0,0.0,0.0
56,0.0,0.5,0.5,0.0
57,1.0,0.0,0.0,0.0
58,0.0,0.0,1.0,0.0
59,,,,
60,0.0,1.0,0.0,0.0
61,1.0,0.0,0.0,0.0
62,1.0,0.0,0.0,0.0
63,,,,
64,,,,
65,0.2,0.6,0.2,0.0
66,1.0,0.0,0.0,0.0
67,0.25,0.0,0.0,0.75
68,0.0,0.5,0.0,0.5
69,1.0,0.0,0.0,0.0
70,0.0,0.0,0.0,1.0
71,0.3333333333333333,0.0,0.6666666666666666,0.0
72,1.0,0.0,0.0,0.0
73,0.0,0.0,0.3333333333333333,0.6666666666666666
74,0.5,0.5,0.0,0.0
75,0.5,0.0,0.0,0.5
76,0.5,0.5,0.0,0.0
77,0.0,0.16666666666666666,0.8333333333333334,0.0
78,0.0,1.0,0.0,0.0
79,1.0,0.0,0.0,0.0
80,0.0,0.0,1.0,0.0
81,0.0,0.6,0.2,0.2
82,0.3125,0.0,0.5,0.1875
83,0.1111111111111111,0.0,0.0,0.8888888888888888
84,0.034482758620689655,0.0,0.0,0.9655172413793104
85,,,,
86,0.24,0.0,0.0,0.76
87,0.0,0.0,0.5,0.5
88,0.9090909090909091,0.09090909090909091,0.0,0.0
89,0.21428571428571427,0.6071428571428571,0.17857142857142858,0.0
90,0.0,0.25,0.5,0.25
91,0.6,0.36,0.0,0.04
92,0.2727272727272727,0.0,0.09090909090909091,0.6363636363636364
93,0.0,0.25806451612903225,0.06451612903225806,0.6774193548387096
94,0.0,0.3076923076923077,0.38461538461538464,0.3076923076923077
95,0.0,1.0,0.0,0.0
96,0.08333333333333333,0.4166666666666667,0.0,0.5
97,0.0,0.5185185185185185,0.18518518518518517,0.2962962962962963
98,0.08108108108108109,0.918918918918919,0.0,0.0
99,0.0,0.625,0.0,0.375
100,,,,
101,0.0,1.0,0.0,0.0
102,0.0,0.09090909090909091,0.6363636363636364,0.2727272727272727
103,0.45,0.55,0.0,0.0
104,0.0,0.0,0.375,0.625
105,0.0,1.0,0.0,0.0
106,0.0,1.0,0.0,0.0
107,0.0,1.0,0.0,0.0
108,0.0,0.0,0.9032258064516129,0.0967741935483871
109,0.1111111111111111,0.2222222222222222,0.6666666666666666,0.0
110,0.2,0.0,0.6,0.2
111,0.4,0.0,0.2,0.4
112,0.0,0.0,0.0,1.0
113,0.0,0.0,0.3333333333333333,0.6666666666666666
114,0.0,0.0,0.6666666666666666,0.3333333333333333
115,0.0,0.25,0.75,0.0
116,0.4,0.2,0.0,0.4
117,0.42857142857142855,0.0,0.0,0.5714285714285714
118,0.0,0.0,0.7142857142857143,0.2857142857142857
119,0.6,0.2,0.2,0.0
120,0.375,0.0,0.25,0.375
121,0.5714285714285714,0.0,0.42857142857142855,0.0
122,0.0,0.0,0.6666666666666666,0.3333333333333333
123,0.3333333333333333,0.0,0.0,0.6666666666666666
124,,,,
125,0.36363636363636365,0.36363636363636365,0.0,0.2727272727272727
126,0.0,0.2,0.3,0.5
127,0.0,0.2,0.7,0.1
128,0.0,0.4,0.0,0.6
129,0.625,0.0,0.0,0.375
130,0.6666666666666666,0.0,0.0,0.3333333333333333
131,0.0,0.0,1.0,0.0
132,0.1111111111111111,0.0,0.5555555555555556,0.3333333333333333
133,0.0,0.0,1.0,0.0
134,0.0,0.0,0.0,1.0
135,1.0,0.0,0.0,0.0
136,0.0,0.2,0.3,0.5
137,0.625,0.25,0.0,0.125
138,0.5,0.0,0.5,0.0
139,0.3333333333333333,0.0,0.0,0.6666666666666666
140,0.0,0.5,0.0,0.5
141,0.5,0.4,0.0,0.1
142,0.25,0.0,0.75,0.0
143,0.5,0.0,0.0,0.5
144,0.2,0.0,0.8,0.0
145,0.2,0.0,0.2,0.6
146,0.0,0.375,0.625,0.0
147,0.5238095238095238,0.047619047619047616,0.42857142857142855,0.0
148,0.14285714285714285,0.0,0.5238095238095238,0.3333333333333333
149,0.058823529411764705,0.0,0.08823529411764706,0.8529411764705882
150,0.0,0.5,0.42857142857142855,0.07142857142857142
151,0.25,0.0,0.75,0.0
152,0.1111111111111111,0.6666666666666666,0.2222222222222222,0.0
153,0.0,0.1875,0.5625,0.25
154,0.35714285714285715,0.5714285714285714,0.0,0.07142857142857142
155,0.0,0.5,0.5,0.0
156,0.9,0.0,0.0,0.1
157,0.7333333333333333,0.2,0.0,0.06666666666666667
158,0.3333333333333333,0.3333333333333333,0.3333333333333333,0.0
159,0.5555555555555556,0.0,0.0,0.4444444444444444
160,0.7619047619047619,0.23809523809523808,0.0,0.0
161,0.2,0.8,0.0,0.0
162,0.0,0.05263157894736842,0.9473684210526315,0.0
163,0.8571428571428571,0.07142857142857142,0.0,0.07142857142857142
164,0.3076923076923077,0.0,0.23076923076923078,0.46153846153846156
165,0.0,0.3,0.4,0.3
166,0.0,0.0,0.5,0.5
167,0.0,0.0,0.875,0.125
168,0.25,0.0,0.75,0.0
169,0.0,0.1,0.1,0.8
170,0.2222222222222222,0.0,0.2222222222222222,0.5555555555555556
171,0.3333333333333333,0.3333333333333333,0.3333333333333333,0.0
172,0.0,0.25,0.375,0.375
173,0.2,0.0,0.1,0.7
174,0.6666666666666666,0.1111111111111111,0.0,0.2222222222222222
175,0.2,0.0,0.6,0.2
176,0.0,0.0,0.5,0.5
177,,,,
178,0.0,0.0,1.0,0.0
179,0.2,0.0,0.8,0.0
180,0.0,0.3333333333333333,0.6666666666666666,0.0
181,0.0,0.0,1.0,0.0
182,0.0,0.0,0.0,1.0
183,0.0,0.030303030303030304,0.9696969696969697,0.0
184,0.0,0.0,0.0,1.0
185,1.0,0.0,0.0,0.0
186,0.0,1.0,0.0,0.0
187,0.0,0.0,1.0,0.0
188,,,,
189,,,,
190,0.0,0.0,0.0,1.0
191,0.0,0.0,0.0,1.0
192,0.0,0.9743589743589743,0.02564102564102564,0.0
193,,,,
194,0.0,0.12,0.8,0.08
195,0.3333333333333333,0.0,0.6666666666666666,0.0
196,0.3333333333333333,0.0,0.6666666666666666,0.0
197,0.0,0.0,1.0,0.0
198,0.0,0.0,0.2857142857142857,0.7142857142857143
199,0.0,0.0,0.0,1.0
200,0.0,0.0,1.0,0.0
201,0.0,0.16666666666666666,0.5,0.3333333333333333
202,0.0,0.0,1.0,0.0
203,0.0,0.0,1.0,0.0
204,,,,
205,,,,
206,0.0,0.0,1.0,0.0
207,,,,
208,,,,
209,0.0,0.0,0.3333333333333333,0.6666666666666666
210,0.3333333333333333,0.6666666666666666,0.0,0.0
211,,,,
212,0.0,0.0,0.0,1.0
213,0.0,0.09090909090909091,0.8181818181818182,0.09090909090909091
214,0.0,0.3333333333333333,0.6666666666666666,0.0
215,0.0,1.0,0.0,0.0
216,0.2857142857142857,0.0,0.7142857142857143,0.0
217,0.0,0.0,0.6666666666666666,0.3333333333333333
218,0.0,0.0,0.5,0.5
219,0.0,0.25,0.5,0.25
220,0.0,1.0,0.0,0.0
221,0.4,0.6,0.0,0.0
222,0.0,0.0,1.0,0.0
223,0.0,0.25,0.75,0.0
224,0.25,0.0,0.0,0.75
225,0.0,0.1111111111111111,0.3333333333333333,0.5555555555555556
226,0.0,0.0,0.2,0.8
227,0.5,0.2916666666666667,0.0,0.20833333333333334
228,0.07692307692307693,0.0,0.6923076923076923,0.23076923076923078
229,,,,
230,0.5454545454545454,0.36363636363636365,0.0,0.09090909090909091
231,,,,
232,0.0,0.3333333333333333,0.0,0.6666666666666666
233,,,,
234,0.0,0.0,0.0,1.0
235,0.0,0.0,1.0,0.0
236,0.0625,0.0625,0.875,0.0
237,0.2,0.0,0.8,0.0
238,0.0,0.0,1.0,0.0
239,0.0,0.25,0.75,0.0
240,0.0,0.2,0.6,0.2
241,,,,
242,0.0,1.0,0.0,0.0
243,0.0,0.16666666666666666,0.8333333333333334,0.0
244,0.0,0.8,0.2,0.0
245,0.0,0.0,0.0,1.0
246,0.0,0.25,0.5,0.25
247,0.0,0.09375,0.875,0.03125
248,0.25,0.0,0.125,0.625
249,0.6666666666666666,0.0,0.3333333333333333,0.0
250,,,,
251,1.0,0.0,0.0,0.0
252,0.0,0.6666666666666666,0.3333333333333333,0.0
253,0.0,1.0,0.0,0.0
254,0.0,1.0,0.0,0.0
255,0.2857142857142857,0.5714285714285714,0.0,0.14285714285714285
256,0.0,0.0,0.23076923076923078,0.7692307692307693
257,0.0,1.0,0.0,0.0
258,0.5,0.0,0.0,0.5
259,0.0,1.0,0.0,0.0
260,0.42857142857142855,0.5714285714285714,0.0,0.0
261,,,,
262,1.0,0.0,0.0,0.0
263,0.6666666666666666,0.0,0.0,0.3333333333333333
264,0.0,0.0,0.0,1.0
265,,,,
266,0.6666666666666666,0.3333333333333333,0.0,0.0
267,,,,
268,0.0,0.0,1.0,0.0
269,0.0,0.0,0.0,1.0
270,0.46153846153846156,0.23076923076923078,0.0,0.3076923076923077
271,1.0,0.0,0.0,0.0
272,0.5862068965517241,0.20689655172413793,0.0,0.20689655172413793
273,,,,
274,0.0,0.0,0.0,1.0
275,0.0,0.5,0.5,0.0
276,,,,
277,0.0,0.0,0.0,1.0
278,0.0,0.0,0.0,1.0
279,,,,
280,,,,
281,0.0,1.0,0.0,0.0
282,,,,
283,,,,
284,0.07142857142857142,0.0,0.9285714285714286,0.0
285,,,,
286,,,,
287,,,,
288,0.0,0.0,1.0,0.0
289,,,,
290,,,,
291,,,,
292,,,,
293,,,,
294,,,,
295,,,,
296,,,,
297,,,,
298,,,,
299,,,,
300,,,,
301,,,,
302,,,,
303,,,,
304,,,,
305,,,,
306,,,,
307,,,,
308,,,,
309,,,,
310,,,,
311,,,,
