,A,C,G,T
0,,,,
1,,,,
2,0.0,1.0,0.0,0.0
3,1.0,0.0,0.0,0.0
4,0.0,0.6666666666666666,0.3333333333333333,0.0
5,0.42857142857142855,0.42857142857142855,0.0,0.14285714285714285
6,1.0,0.0,0.0,0.0
7,0.0,0.5,0.5,0.0
8,0.7857142857142857,0.21428571428571427,0.0,0.0
9,0.0,0.0,0.0,1.0
10,1.0,0.0,0.0,0.0
11,0.3333333333333333,0.6666666666666666,0.0,0.0
12,0.0,0.0,0.0,1.0
13,0.75,0.25,0.0,0.0
14,1.0,0.0,0.0,0.0
15,0.0,1.0,0.0,0.0
16,0.0,0.3333333333333333,0.3333333333333333,0.3333333333333333
17,0.75,0.25,0.0,0.0
18,1.0,0.0,0.0,0.0
19,0.5,0.0,0.5,0.0
20,0.125,0.375,0.5,0.0
21,,,,
22,0.0,0.0,0.0,1.0
23,0.0,0.02631578947368421,0.9736842105263158,0.0
24,,,,
25,,,,
26,0.0,0.25,0.75,0.0
27,1.0,0.0,0.0,0.0
28,0.5714285714285714,0.42857142857142855,0.0,0.0
29,0.25,0.0,0.5,0.25
30,0.125,0.75,0.125,0.0
31,,,,
32,0.5,0.5,0.0,0.0
33,0.8235294117647058,0.0,0.0,0.17647058823529413
34,0.0,0.75,0.25,0.0
35,0.0,0.7741935483870968,0.1935483870967742,0.03225806451612903
36,0.625,0.0,0.25,0.125
37,0.0,0.5,0.5,0.0
38,0.3333333333333333,0.6666666666666666,0.0,0.0
39,0.25,0.0,0.75,0.0
40,,,,
41,0.0,0.25,0.75,0.0
42,,,,
43,,,,
44,0.9285714285714286,0.07142857142857142,0.0,0.0
45,,,,
46,1.0,0.0,0.0,0.0
47,0.0,1.0,0.0,0.0
48,0.0,0.0,1.0,0.0
49,1.0,0.0,0.0,0.0
50,,,,
51,1.0,0.0,0.0,0.0
52,,,,
53,0.25,0.5,0.0,0.25
54,0.0,1.0,0.0,0.0
55,0.6666666666666666,0.3333333333333333,0.0,0.0
56,0.0,0.5,0.16666666666666666,0.3333333333333333
57,0.0,0.0,1.0,0.0
58,0.0,1.0,0.0,0.0
59,0.3333333333333333,0.0,0.6666666666666666,0.0
60,,,,
61,0.0,0.0,1.0,0.0
62,0.0,0.0,0.0,1.0
63,0.0,1.0,0.0,0.0
64,,,,
65,0.0,1.0,0.0,0.0
66,1.0,0.0,0.0,0.0
67,0.35714285714285715,0.0,0.0,0.6428571428571429
68,0.0,0.5,0.5,0.0
69,1.0,0.0,0.0,0.0
70,0.0,0.0,0.42857142857142855,0.5714285714285714
71,0.25,0.0,0.0,0.75
72,0.0,1.0,0.0,0.0
73,0.3333333333333333,0.0,0.0,0.6666666666666666
74,0.5,0.25,0.25,0.0
75,0.5,0.0,0.0,0.5
76,0.5714285714285714,0.2857142857142857,0.0,0.14285714285714285
77,0.0,0.29411764705882354,0.7058823529411765,0.0
78,0.0,0.8571428571428571,0.14285714285714285,0.0
79,0.3333333333333333,0.6666666666666666,0.0,0.0
80,0.5555555555555556,0.0,0.1111111111111111,0.3333333333333333
81,0.0,0.5,0.4,0.1
82,0.23809523809523808,0.0,0.42857142857142855,0.3333333333333333
83,0.058823529411764705,0.0,0.47058823529411764,0.47058823529411764
84,0.05263157894736842,0.05263157894736842,0.8947368421052632,0.0
85,0.25,0.5,0.25,0.0
86,0.0,0.0,0.16666666666666666,0.8333333333333334
87,0.0,0.45454545454545453,0.45454545454545453,0.09090909090909091
88,0.42857142857142855,0.42857142857142855,0.0,0.14285714285714285
89,0.21052631578947367,0.3684210526315789,0.42105263157894735,0.0
90,0.0,0.21739130434782608,0.6086956521739131,0.17391304347826086
91,0.0,0.28,0.68,0.04
92,0.0967741935483871,0.0,0.1935483870967742,0.7096774193548387
93,0.2765957446808511,0.0,0.06382978723404255,0.6595744680851063
94,0.0,0.375,0.0,0.625
95,0.06896551724137931,0.0,0.034482758620689655,0.896551724137931
96,0.2857142857142857,0.03571428571428571,0.6785714285714286,0.0
97,0.0,0.42857142857142855,0.5,0.07142857142857142
98,0.4117647058823529,0.0,0.29411764705882354,0.29411764705882354
99,0.0,0.0,0.2727272727272727,0.7272727272727273
100,0.0,0.0,0.03773584905660377,0.9622641509433962
101,0.0,0.3333333333333333,0.0,0.6666666666666666
102,0.0,0.5,0.3,0.2
103,0.7857142857142857,0.16666666666666666,0.0,0.047619047619047616
104,0.07142857142857142,0.0,0.07142857142857142,0.8571428571428571
105,0.0,0.0,1.0,0.0
106,,,,
107,,,,
108,0.2857142857142857,0.42857142857142855,0.0,0.2857142857142857
109,,,,
110,0.0,0.0,1.0,0.0
111,0.0,0.0,1.0,0.0
112,1.0,0.0,0.0,0.0
113,0.3333333333333333,0.0,0.0,0.6666666666666666
114,,,,
115,0.0,0.5,0.0,0.5
116,1.0,0.0,0.0,0.0
117,0.16666666666666666,0.3333333333333333,0.0,0.5
118,0.0,0.0,0.5,0.5
119,0.2222222222222222,0.5555555555555556,0.2222222222222222,0.0
120,0.0,0.0,1.0,0.0
121,1.0,0.0,0.0,0.0
122,0.0,0.0,0.5,0.5
123,0.0,1.0,0.0,0.0
124,0.5,0.0,0.0,0.5
125,0.2,0.6,0.0,0.2
126,0.0,0.6,0.4,0.0
127,0.0,0.0,1.0,0.0
128,0.6,0.0,0.0,0.4
129,0.0,0.0,0.0,1.0
130,0.0,0.0,0.0,1.0
131,0.0,0.11627906976744186,0.8604651162790697,0.023255813953488372
132,1.0,0.0,0.0,0.0
133,0.0,0.3333333333333333,0.6666666666666666,0.0
134,1.0,0.0,0.0,0.0
135,0.0,1.0,0.0,0.0
136,0.0,0.0,0.9,0.1
137,0.3333333333333333,0.3333333333333333,0.0,0.3333333333333333
138,,,,
139,0.25,0.5,0.0,0.25
140,0.0,1.0,0.0,0.0
141,0.7058823529411765,0.29411764705882354,0.0,0.0
142,0.0,0.3333333333333333,0.6666666666666666,0.0
143,0.0,0.9354838709677419,0.06451612903225806,0.0
144,0.0,0.0,1.0,0.0
145,0.0,0.0,0.5,0.5
146,0.0,0.3333333333333333,0.5833333333333334,0.08333333333333333
147,0.45454545454545453,0.36363636363636365,0.18181818181818182,0.0
148,0.0,0.2,0.3,0.5
149,0.14285714285714285,0.0,0.14285714285714285,0.7142857142857143
150,0.0,0.07142857142857142,0.0,0.9285714285714286
151,0.21428571428571427,0.07142857142857142,0.0,0.7142857142857143
152,0.125,0.875,0.0,0.0
153,0.0,0.08333333333333333,0.5,0.4166666666666667
154,0.47619047619047616,0.38095238095238093,0.0,0.14285714285714285
155,0.19047619047619047,0.6190476190476191,0.19047619047619047,0.0
156,0.8148148148148148,0.07407407407407407,0.0,0.1111111111111111
157,0.42857142857142855,0.5,0.0,0.07142857142857142
158,0.2222222222222222,0.4444444444444444,0.3333333333333333,0.0
159,0.0,0.18518518518518517,0.6666666666666666,0.14814814814814814
160,0.0,0.1388888888888889,0.8055555555555556,0.05555555555555555
161,0.18181818181818182,0.5909090909090909,0.22727272727272727,0.0
162,0.0,0.0,0.8461538461538461,0.15384615384615385
163,0.3333333333333333,0.3333333333333333,0.0,0.3333333333333333
164,0.25,0.5,0.25,0.0
165,0.47058823529411764,0.23529411764705882,0.0,0.29411764705882354
166,0.6363636363636364,0.22727272727272727,0.0,0.13636363636363635
167,0.23076923076923078,0.38461538461538464,0.38461538461538464,0.0
168,0.4857142857142857,0.08571428571428572,0.42857142857142855,0.0
169,0.0,0.4230769230769231,0.4230769230769231,0.15384615384615385
170,0.375,0.0,0.125,0.5
171,0.0,0.16666666666666666,0.6666666666666666,0.16666666666666666
172,0.0967741935483871,0.0,0.16129032258064516,0.7419354838709677
173,0.0,0.3333333333333333,0.16666666666666666,0.5
174,0.0,0.1276595744680851,0.0851063829787234,0.7872340425531915
175,0.0,0.2,0.2,0.6
176,0.07142857142857142,0.0,0.07142857142857142,0.8571428571428571
177,0.3333333333333333,0.3333333333333333,0.3333333333333333,0.0
178,,,,
179,0.0,0.0,0.0,1.0
180,0.375,0.125,0.0,0.5
181,0.0,0.0,1.0,0.0
182,0.0,0.4,0.3,0.3
183,0.0,1.0,0.0,0.0
184,0.0,1.0,0.0,0.0
185,0.11764705882352941,0.0,0.5882352941176471,0.29411764705882354
186,,,,
187,0.0,0.0,0.0,1.0
188,0.16129032258064516,0.7741935483870968,0.06451612903225806,0.0
189,0.0,1.0,0.0,0.0
190,0.0,1.0,0.0,0.0
191,0.0,1.0,0.0,0.0
192,0.0,0.75,0.25,0.0
193,0.0,0.0,1.0,0.0
194,0.0,0.0,1.0,0.0
195,,,,
196,1.0,0.0,0.0,0.0
197,0.0,0.0,0.3333333333333333,0.6666666666666666
198,1.0,0.0,0.0,0.0
199,,,,
200,0.0,0.4166666666666667,0.5833333333333334,0.0
201,,,,
202,,,,
203,0.0,0.0,0.0,1.0
204,0.0,0.0,1.0,0.0
205,0.0,0.0,0.3333333333333333,0.6666666666666666
206,,,,
207,0.0,0.0,0.9166666666666666,0.08333333333333333
208,0.3333333333333333,0.3333333333333333,0.3333333333333333,0.0
209,0.0,0.0,0.0,1.0
210,,,,
211,,,,
212,0.5,0.0,0.0,0.5
213,0.0,1.0,0.0,0.0
214,1.0,0.0,0.0,0.0
215,0.96,0.04,0.0,0.0
216,1.0,0.0,0.0,0.0
217,0.0,0.0,1.0,0.0
218,0.0,0.0,0.0,1.0
219,0.0,0.0,1.0,0.0
220,0.0,0.3333333333333333,0.4444444444444444,0.2222222222222222
221,0.11538461538461539,0.0,0.038461538461538464,0.8461538461538461
222,0.041666666666666664,0.125,0.0,0.8333333333333334
223,0.25,0.0,0.0,0.75
224,0.5,0.0,0.5,0.0
225,0.0,0.5,0.5,0.0
226,0.0,0.0,0.8181818181818182,0.18181818181818182
227,0.0,1.0,0.0,0.0
228,0.0,1.0,0.0,0.0
229,0.0,0.42857142857142855,0.42857142857142855,0.14285714285714285
230,0.14285714285714285,0.0,0.21428571428571427,0.6428571428571429
231,0.8461538461538461,0.0,0.15384615384615385,0.0
232,0.125,0.0,0.0,0.875
233,0.0,0.2,0.52,0.28
234,0.06666666666666667,0.0,0.6,0.3333333333333333
235,,,,
236,0.14285714285714285,0.42857142857142855,0.0,0.42857142857142855
237,0.3333333333333333,0.0,0.6666666666666666,0.0
238,0.0,0.16666666666666666,0.0,0.8333333333333334
239,0.0,1.0,0.0,0.0
240,0.0,0.0,0.0,1.0
241,,,,
242,0.045454545454545456,0.18181818181818182,0.0,0.7727272727272727
243,0.0,0.0,1.0,0.0
244,,,,
245,0.0,0.8,0.0,0.2
246,0.0,0.5,0.5,0.0
247,,,,
248,,,,
249,0.0,0.0,0.75,0.25
250,0.0,0.42857142857142855,0.5714285714285714,0.0
251,0.0,0.0,0.0,1.0
252,0.0,0.0,1.0,0.0
253,0.7142857142857143,0.14285714285714285,0.0,0.14285714285714285
254,0.0,0.0,0.0,1.0
255,0.5,0.0,0.5,0.0
256,,,,
257,0.25,0.75,0.0,0.0
258,0.0,0.0,1.0,0.0
259,0.0,1.0,0.0,0.0
260,0.0,0.0,1.0,0.0
261,0.4,0.6,0.0,0.0
262,0.34615384615384615,0.0,0.15384615384615385,0.5
263,0.0,0.0,0.25,0.75
264,,,,
265,0.0,0.5,0.5,0.0
266,0.23529411764705882,0.7058823529411765,0.0,0.058823529411764705
267,,,,
268,,,,
269,1.0,0.0,0.0,0.0
270,0.0,0.0,0.0,1.0
271,,,,
272,0.0,0.5,0.0,0.5
273,,,,
274,0.0,0.0,1.0,0.0
275,0.04,0.92,0.04,0.0
276,0.8421052631578947,0.15789473684210525,0.0,0.0
277,0.0,1.0,0.0,0.0
278,0.38095238095238093,0.23809523809523808,0.0,0.38095238095238093
279,,,,
280,0.0,0.0,0.0,1.0
281,0.0,1.0,0.0,0.0
282,,,,
283,0.0,0.0,0.0,1.0
284,0.08333333333333333,0.0,0.0,0.9166666666666666
285,0.0,1.0,0.0,0.0
286,1.0,0.0,0.0,0.0
287,,,,
288,0.0,0.0,0.0,1.0
289,0.0,1.0,0.0,0.0
290,,,,
291,,,,
292,0.0,0.0,1.0,0.0
293,0.0,0.0,1.0,0.0
294,0.0,0.0,1.0,0.0
295,0.0,1.0,0.0,0.0
296,,,,
297,0.0,0.0,1.0,0.0
298,,,,
299,,,,
300,,,,
301,,,,
302,,,,
303,,,,
304,,,,
305,,,,
306,,,,
307,,,,
308,,,,
309,,,,
310,,,,
311,,,,
312,,,,
313,,,,
