,A,C,G,T
0,,,,
1,,,,
2,0.631578947368421,0.3157894736842105,0.0,0.05263157894736842
3,0.5,0.375,0.0,0.125
4,0.6923076923076923,0.3076923076923077,0.0,0.0
5,0.5666666666666667,0.0,0.008333333333333333,0.425
6,0.42857142857142855,0.0,0.2857142857142857,0.2857142857142857
7,0.0,0.08,0.52,0.4
8,0.5823529411764706,0.3411764705882353,0.0,0.07647058823529412
9,0.03787878787878788,0.0,0.05303030303030303,0.9090909090909091
10,0.3333333333333333,0.16666666666666666,0.5,0.0
11,0.7419354838709677,0.06451612903225806,0.0,0.1935483870967742
12,0.33707865168539325,0.6404494382022472,0.0,0.02247191011235955
13,0.6486486486486487,0.2702702702702703,0.08108108108108109,0.0
14,0.5974025974025974,0.06493506493506493,0.0,0.33766233766233766
15,0.6666666666666666,0.0,0.3333333333333333,0.0
16,0.0,0.5,0.16666666666666666,0.3333333333333333
17,0.8636363636363636,0.022727272727272728,0.0,0.11363636363636363
18,0.3333333333333333,0.3333333333333333,0.3333333333333333,0.0
19,1.0,0.0,0.0,0.0
20,0.1388888888888889,0.2222222222222222,0.6388888888888888,0.0
21,0.0,0.2,0.0,0.8
22,0.3333333333333333,0.6666666666666666,0.0,0.0
23,0.5,0.1,0.0,0.4
24,0.3253012048192771,0.4819277108433735,0.0,0.1927710843373494
25,0.29411764705882354,0.0,0.23529411764705882,0.47058823529411764
26,0.4634146341463415,0.2682926829268293,0.2682926829268293,0.0
27,0.4444444444444444,0.4444444444444444,0.0,0.1111111111111111
28,0.0,0.6666666666666666,0.08333333333333333,0.25
29,0.8809523809523809,0.05952380952380952,0.0,0.05952380952380952
30,0.4027777777777778,0.18055555555555555,0.0,0.4166666666666667
31,0.041666666666666664,0.75,0.20833333333333334,0.0
32,0.35,0.25,0.0,0.4
33,0.0,0.5454545454545454,0.36363636363636365,0.09090909090909091
34,0.0,0.14285714285714285,0.7792207792207793,0.07792207792207792
35,0.2222222222222222,0.5555555555555556,0.0,0.2222222222222222
36,0.0,0.2619047619047619,0.7142857142857143,0.023809523809523808
37,0.0,0.25287356321839083,0.47126436781609193,0.27586206896551724
38,0.1794871794871795,0.5897435897435898,0.0,0.23076923076923078
39,0.45,0.0,0.3,0.25
40,0.3333333333333333,0.0,0.0,0.6666666666666666
41,0.03636363636363636,0.07272727272727272,0.8909090909090909,0.0
42,0.0,0.0,0.0,1.0
43,0.125,0.375,0.0,0.5
44,0.125,0.125,0.0,0.75
45,0.4,0.4,0.2,0.0
46,0.0,0.0,0.16666666666666666,0.8333333333333334
47,0.07272727272727272,0.0,0.43636363636363634,0.4909090909090909
48,0.1111111111111111,0.2222222222222222,0.6666666666666666,0.0
49,0.2222222222222222,0.0,0.2222222222222222,0.5555555555555556
50,0.0967741935483871,0.6129032258064516,0.0,0.2903225806451613
51,0.5161290322580645,0.3548387096774194,0.0,0.12903225806451613
52,0.0,0.5,0.5,0.0
53,0.3548387096774194,0.5161290322580645,0.0,0.12903225806451613
54,0.0,0.6153846153846154,0.3076923076923077,0.07692307692307693
55,0.0,0.2857142857142857,0.6722689075630253,0.04201680672268908
56,0.8461538461538461,0.06153846153846154,0.0,0.09230769230769231
57,0.6875,0.1875,0.0,0.125
58,0.0,0.5,0.5,0.0
59,0.19230769230769232,0.0,0.11538461538461539,0.6923076923076923
60,0.058823529411764705,0.7058823529411765,0.23529411764705882,0.0
61,1.0,0.0,0.0,0.0
62,0.20253164556962025,0.0,0.31645569620253167,0.4810126582278481
63,0.25,0.25,0.5,0.0
64,0.0,0.0,0.0,1.0
65,0.0,0.0,0.0,1.0
66,0.0,0.5967741935483871,0.3387096774193548,0.06451612903225806
67,0.0,0.2894736842105263,0.6666666666666666,0.043859649122807015
68,0.5,0.15,0.0,0.35
69,0.8108108108108109,0.07432432432432433,0.0,0.11486486486486487
70,0.058823529411764705,0.0,0.13725490196078433,0.803921568627451
71,0.0364963503649635,0.8540145985401459,0.10948905109489052,0.0
72,0.2,0.24444444444444444,0.5555555555555556,0.0
73,0.18518518518518517,0.0,0.2222222222222222,0.5925925925925926
74,0.5068493150684932,0.3424657534246575,0.1506849315068493,0.0
75,0.7333333333333333,0.2,0.0,0.06666666666666667
76,0.625,0.125,0.0,0.25
77,0.0,0.42,0.54,0.04
78,0.3333333333333333,0.5555555555555556,0.0,0.1111111111111111
79,0.806060606060606,0.10303030303030303,0.0,0.09090909090909091
80,0.21428571428571427,0.0,0.6071428571428571,0.17857142857142858
81,0.0,0.19083969465648856,0.3282442748091603,0.48091603053435117
82,0.16184971098265896,0.0,0.4624277456647399,0.37572254335260113
83,0.14772727272727273,0.0,0.20454545454545456,0.6477272727272727
84,0.38,0.59,0.03,0.0
85,0.0,0.7222222222222222,0.2777777777777778,0.0
86,0.4864864864864865,0.0,0.02702702702702703,0.4864864864864865
87,0.0,0.22033898305084745,0.4915254237288136,0.288135593220339
88,0.6232558139534884,0.26046511627906976,0.0,0.11627906976744186
89,0.30303030303030304,0.0,0.20707070707070707,0.4898989898989899
90,0.0,0.13709677419354838,0.6935483870967742,0.1693548387096774
91,0.6605263157894737,0.28157894736842104,0.0,0.05789473684210526
92,0.12156862745098039,0.0,0.054901960784313725,0.8235294117647058
93,0.136,0.576,0.288,0.0
94,0.0,0.453125,0.0078125,0.5390625
95,0.033707865168539325,0.8089887640449438,0.15730337078651685,0.0
96,0.46875,0.275,0.0,0.25625
97,0.0979381443298969,0.0,0.5927835051546392,0.30927835051546393
98,0.26143790849673204,0.5947712418300654,0.1437908496732026,0.0
99,0.0,0.16666666666666666,0.4009009009009009,0.43243243243243246
100,0.10526315789473684,0.7368421052631579,0.15789473684210525,0.0
101,0.14615384615384616,0.0,0.2692307692307692,0.5846153846153846
102,0.0,0.1559633027522936,0.5779816513761468,0.26605504587155965
103,0.547945205479452,0.3493150684931507,0.0,0.10273972602739725
104,0.05063291139240506,0.0,0.08227848101265822,0.8670886075949367
105,0.2,0.6,0.2,0.0
106,0.0,0.5,0.0,0.5
107,0.25,0.375,0.0,0.375
108,0.16923076923076924,0.6153846153846154,0.0,0.2153846153846154
109,0.0,0.3333333333333333,0.6666666666666666,0.0
110,0.2054794520547945,0.2465753424657534,0.0,0.547945205479452
111,0.8888888888888888,0.0,0.07407407407407407,0.037037037037037035
112,0.5,0.5,0.0,0.0
113,0.0,0.4423076923076923,0.46153846153846156,0.09615384615384616
114,0.75,0.0,0.25,0.0
115,0.0,0.3448275862068966,0.3793103448275862,0.27586206896551724
116,0.5714285714285714,0.14285714285714285,0.0,0.2857142857142857
117,0.975609756097561,0.0,0.0,0.024390243902439025
118,0.0,0.0,0.21052631578947367,0.7894736842105263
119,0.6666666666666666,0.0,0.16666666666666666,0.16666666666666666
120,0.0,0.0,0.0,1.0
121,0.4,0.0,0.2,0.4
122,0.23214285714285715,0.5357142857142857,0.23214285714285715,0.0
123,1.0,0.0,0.0,0.0
124,0.3333333333333333,0.3333333333333333,0.0,0.3333333333333333
125,0.0,0.27692307692307694,0.49230769230769234,0.23076923076923078
126,0.14285714285714285,0.0,0.7857142857142857,0.07142857142857142
127,0.0,0.08,0.36,0.56
128,0.0,0.10909090909090909,0.8545454545454545,0.03636363636363636
129,0.7777777777777778,0.18518518518518517,0.0,0.037037037037037035
130,0.0,0.2,0.0,0.8
131,0.4868421052631579,0.47368421052631576,0.0,0.039473684210526314
132,0.09090909090909091,0.0,0.0,0.9090909090909091
133,0.0,0.9310344827586207,0.06896551724137931,0.0
134,0.1509433962264151,0.5660377358490566,0.2830188679245283,0.0
135,0.058823529411764705,0.8823529411764706,0.0,0.058823529411764705
136,0.0,0.5,0.3333333333333333,0.16666666666666666
137,0.6231884057971014,0.3333333333333333,0.0,0.043478260869565216
138,0.0,0.4,0.6,0.0
139,0.09090909090909091,0.09090909090909091,0.0,0.8181818181818182
140,0.0,0.8947368421052632,0.0,0.10526315789473684
141,0.0,0.36036036036036034,0.4774774774774775,0.16216216216216217
142,0.0,0.3333333333333333,0.6666666666666666,0.0
143,0.46153846153846156,0.07692307692307693,0.0,0.46153846153846156
144,0.6666666666666666,0.0,0.0,0.3333333333333333
145,0.08,0.56,0.0,0.36
146,0.0,0.2867132867132867,0.5734265734265734,0.13986013986013987
147,,,,
148,0.3092105263157895,0.3092105263157895,0.0,0.3815789473684211
149,0.41450777202072536,0.30569948186528495,0.0,0.27979274611398963
150,0.0,0.23880597014925373,0.5597014925373134,0.20149253731343283
151,0.046511627906976744,0.4418604651162791,0.5116279069767442,0.0
152,0.25925925925925924,0.0,0.4074074074074074,0.3333333333333333
153,0.0,0.34782608695652173,0.5739130434782609,0.0782608695652174
154,0.14736842105263157,0.6736842105263158,0.17894736842105263,0.0
155,0.21,0.0,0.32,0.47
156,0.22580645161290322,0.0,0.6774193548387096,0.0967741935483871
157,0.4166666666666667,0.0,0.3333333333333333,0.25
158,0.26495726495726496,0.5384615384615384,0.19658119658119658,0.0
159,0.0,0.31962025316455694,0.5886075949367089,0.09177215189873418
160,0.08235294117647059,0.49411764705882355,0.4235294117647059,0.0
161,0.15527950310559005,0.0,0.577639751552795,0.2670807453416149
162,,,,
163,0.4482758620689655,0.47586206896551725,0.07586206896551724,0.0
164,0.3305785123966942,0.4380165289256198,0.23140495867768596,0.0
165,0.5648148148148148,0.32407407407407407,0.0,0.1111111111111111
166,0.5824742268041238,0.3402061855670103,0.0,0.07731958762886598
167,0.6222222222222222,0.19365079365079366,0.18412698412698414,0.0
168,0.0,0.2864321608040201,0.457286432160804,0.2562814070351759
169,0.12121212121212122,0.0,0.20875420875420875,0.67003367003367
170,0.0,0.17293233082706766,0.5338345864661654,0.2932330827067669
171,0.5940860215053764,0.28763440860215056,0.0,0.11827956989247312
172,0.4049586776859504,0.0,0.15702479338842976,0.4380165289256198
173,0.0,0.26666666666666666,0.5555555555555556,0.17777777777777778
174,0.0,0.32298136645962733,0.639751552795031,0.037267080745341616
175,0.0,0.5,0.319672131147541,0.18032786885245902
176,0.3080168776371308,0.0,0.18143459915611815,0.510548523206751
177,0.3695652173913043,0.34782608695652173,0.2826086956521739,0.0
178,0.0,0.4307692307692308,0.13846153846153847,0.4307692307692308
179,0.04424778761061947,0.0,0.07964601769911504,0.8761061946902655
180,0.3787878787878788,0.18181818181818182,0.0,0.4393939393939394
181,0.3333333333333333,0.0,0.5777777777777777,0.08888888888888889
182,0.0,0.41379310344827586,0.2413793103448276,0.3448275862068966
183,0.2909090909090909,0.0,0.509090909090909,0.2
184,0.0,0.603448275862069,0.3275862068965517,0.06896551724137931
185,0.48717948717948717,0.3333333333333333,0.0,0.1794871794871795
186,0.0,0.32608695652173914,0.6521739130434783,0.021739130434782608
187,0.0,0.2827586206896552,0.6551724137931034,0.06206896551724138
188,0.6133333333333333,0.24888888888888888,0.0,0.13777777777777778
189,0.16666666666666666,0.5,0.3333333333333333,0.0
190,0.2222222222222222,0.0,0.7777777777777778,0.0
191,0.06722689075630252,0.0,0.15966386554621848,0.773109243697479
192,0.22950819672131148,0.0,0.7540983606557377,0.01639344262295082
193,0.0,0.20512820512820512,0.5897435897435898,0.20512820512820512
194,0.65,0.125,0.0,0.225
195,0.35714285714285715,0.07142857142857142,0.0,0.5714285714285714
196,0.7878787878787878,0.14393939393939395,0.0,0.06818181818181818
197,0.43333333333333335,0.0,0.23333333333333334,0.3333333333333333
198,0.0,0.6666666666666666,0.25,0.08333333333333333
199,0.5,0.21428571428571427,0.0,0.2857142857142857
200,0.0,0.22857142857142856,0.7428571428571429,0.02857142857142857
201,0.35714285714285715,0.6111111111111112,0.0,0.031746031746031744
202,0.0,0.75,0.25,0.0
203,0.34146341463414637,0.0,0.3170731707317073,0.34146341463414637
204,0.0,0.15789473684210525,0.2631578947368421,0.5789473684210527
205,0.5945945945945946,0.0,0.24324324324324326,0.16216216216216217
206,0.2367758186397985,0.6347607052896725,0.0,0.12846347607052896
207,0.0,0.3208955223880597,0.08208955223880597,0.5970149253731343
208,0.0625,0.3125,0.625,0.0
209,0.25165562913907286,0.44370860927152317,0.304635761589404,0.0
210,0.0,0.07407407407407407,0.2962962962962963,0.6296296296296297
211,0.109375,0.0,0.390625,0.5
212,0.11320754716981132,0.0,0.16981132075471697,0.7169811320754716
213,0.08333333333333333,0.3333333333333333,0.0,0.5833333333333334
214,0.22857142857142856,0.0,0.08571428571428572,0.6857142857142857
215,0.8571428571428571,0.03571428571428571,0.0,0.10714285714285714
216,0.5454545454545454,0.18181818181818182,0.0,0.2727272727272727
217,0.0,0.5161290322580645,0.3548387096774194,0.12903225806451613
218,0.3684210526315789,0.0,0.21052631578947367,0.42105263157894735
219,0.0,0.6037735849056604,0.0,0.39622641509433965
220,0.0,0.6703296703296703,0.18681318681318682,0.14285714285714285
221,0.0,0.2696078431372549,0.5686274509803921,0.16176470588235295
222,0.288135593220339,0.3050847457627119,0.4067796610169492,0.0
223,0.16666666666666666,0.0,0.14285714285714285,0.6904761904761905
224,0.21578947368421053,0.0,0.3157894736842105,0.46842105263157896
225,0.0,0.12121212121212122,0.30303030303030304,0.5757575757575758
226,0.42424242424242425,0.0,0.3333333333333333,0.24242424242424243
227,0.26865671641791045,0.582089552238806,0.0,0.14925373134328357
228,0.0,0.16101694915254236,0.5847457627118644,0.2542372881355932
229,0.41883116883116883,0.5324675324675324,0.0,0.048701298701298704
230,0.08024691358024691,0.0,0.2345679012345679,0.6851851851851852
231,0.0,0.15789473684210525,0.5263157894736842,0.3157894736842105
232,0.10810810810810811,0.0,0.10810810810810811,0.7837837837837838
233,0.0,0.20454545454545456,0.3560606060606061,0.4393939393939394
234,0.7,0.14,0.0,0.16
235,0.0037313432835820895,0.0,0.10820895522388059,0.8880597014925373
236,0.1111111111111111,0.0,0.2564102564102564,0.6324786324786325
237,0.15555555555555556,0.7777777777777778,0.06666666666666667,0.0
238,0.0,0.18333333333333332,0.0,0.8166666666666667
239,0.039473684210526314,0.0,0.02631578947368421,0.9342105263157895
240,0.0,0.38461538461538464,0.27692307692307694,0.3384615384615385
241,0.3333333333333333,0.1111111111111111,0.5555555555555556,0.0
242,0.2857142857142857,0.21428571428571427,0.0,0.5
243,0.15625,0.78125,0.0,0.0625
244,0.0,0.3888888888888889,0.5,0.1111111111111111
245,0.6713286713286714,0.27972027972027974,0.0,0.04895104895104895
246,0.22325581395348837,0.0,0.23255813953488372,0.5441860465116279
247,0.2,0.0,0.8,0.0
248,0.3170731707317073,0.43902439024390244,0.0,0.24390243902439024
249,0.0,0.328125,0.546875,0.125
250,0.5027027027027027,0.4702702702702703,0.0,0.02702702702702703
251,0.25287356321839083,0.0,0.2413793103448276,0.5057471264367817
252,0.0,0.09090909090909091,0.8701298701298701,0.03896103896103896
253,0.6323529411764706,0.29411764705882354,0.0,0.07352941176470588
254,0.20175438596491227,0.0,0.07017543859649122,0.7280701754385965
255,0.044444444444444446,0.0,0.13333333333333333,0.8222222222222222
256,0.16666666666666666,0.16666666666666666,0.6666666666666666,0.0
257,0.18309859154929578,0.4788732394366197,0.0,0.3380281690140845
258,0.0,0.5510204081632653,0.4489795918367347,0.0
259,0.16896551724137931,0.7965517241379311,0.0,0.034482758620689655
260,0.0,0.32222222222222224,0.4888888888888889,0.18888888888888888
261,0.16901408450704225,0.5633802816901409,0.2676056338028169,0.0
262,0.19753086419753085,0.0,0.037037037037037035,0.7654320987654321
263,0.17543859649122806,0.7017543859649122,0.12280701754385964,0.0
264,0.3,0.7,0.0,0.0
265,0.0,0.5,0.47368421052631576,0.02631578947368421
266,0.38283828382838286,0.5478547854785478,0.0,0.06930693069306931
267,0.6666666666666666,0.3333333333333333,0.0,0.0
268,0.0,0.0,0.3333333333333333,0.6666666666666666
269,0.3076923076923077,0.0,0.0,0.6923076923076923
270,0.0,0.05,0.18333333333333332,0.7666666666666667
271,0.5,0.0,0.5,0.0
272,0.75,0.041666666666666664,0.0,0.20833333333333334
273,0.5,0.0,0.0,0.5
274,0.038461538461538464,0.0,0.8846153846153846,0.07692307692307693
275,0.21428571428571427,0.0,0.6428571428571429,0.14285714285714285
276,0.7083333333333334,0.21153846153846154,0.0,0.08012820512820513
277,0.11764705882352941,0.7941176470588235,0.08823529411764706,0.0
278,0.2823061630218688,0.48111332007952284,0.0,0.23658051689860835
279,0.0,0.375,0.625,0.0
280,0.0,0.0,0.0625,0.9375
281,0.0,0.9176470588235294,0.08235294117647059,0.0
282,0.5,0.0,0.5,0.0
283,0.0,0.0,0.01694915254237288,0.9830508474576272
284,0.005555555555555556,0.0,0.011111111111111112,0.9833333333333333
285,0.0625,0.0625,0.875,0.0
286,0.45454545454545453,0.0,0.0,0.5454545454545454
287,0.03225806451612903,0.5483870967741935,0.41935483870967744,0.0
288,0.6363636363636364,0.0,0.0,0.36363636363636365
289,0.1111111111111111,0.0,0.16666666666666666,0.7222222222222222
290,0.43478260869565216,0.30434782608695654,0.0,0.2608695652173913
291,0.0,0.421875,0.578125,0.0
292,0.631578947368421,0.2631578947368421,0.0,0.10526315789473684
293,0.0,0.42857142857142855,0.42857142857142855,0.14285714285714285
294,0.38461538461538464,0.46153846153846156,0.0,0.15384615384615385
295,0.0,0.2857142857142857,0.7142857142857143,0.0
296,0.07142857142857142,0.07142857142857142,0.8571428571428571,0.0
297,0.0,0.0,0.2,0.8
298,0.08333333333333333,0.8333333333333334,0.08333333333333333,0.0
299,,,,
300,,,,
301,0.0,0.0,1.0,0.0
302,,,,
303,,,,
304,,,,
305,,,,
306,,,,
307,,,,
308,,,,
309,,,,
310,,,,
311,,,,
312,,,,
313,,,,
314,,,,
315,,,,
