,A,C,G,T
0,,,,
1,,,,
2,,,,
3,,,,
4,,,,
5,0.0,0.0,0.25,0.75
6,,,,
7,,,,
8,0.0,0.0,1.0,0.0
9,0.0,0.0,0.5,0.5
10,,,,
11,0.0,0.0,0.0,1.0
12,1.0,0.0,0.0,0.0
13,,,,
14,1.0,0.0,0.0,0.0
15,0.0,1.0,0.0,0.0
16,,,,
17,,,,
18,,,,
19,,,,
20,,,,
21,,,,
22,,,,
23,0.0,0.0,1.0,0.0
24,0.25,0.75,0.0,0.0
25,,,,
26,,,,
27,,,,
28,,,,
29,,,,
30,1.0,0.0,0.0,0.0
31,,,,
32,,,,
33,0.0,1.0,0.0,0.0
34,,,,
35,0.0,1.0,0.0,0.0
36,,,,
37,0.0,0.0,1.0,0.0
38,0.5,0.5,0.0,0.0
39,,,,
40,,,,
41,,,,
42,,,,
43,,,,
44,,,,
45,,,,
46,,,,
47,,,,
48,,,,
49,,,,
50,,,,
51,,,,
52,0.0,1.0,0.0,0.0
53,1.0,0.0,0.0,0.0
54,,,,
55,,,,
56,,,,
57,0.25,0.75,0.0,0.0
58,,,,
59,0.0,0.0,0.0,1.0
60,,,,
61,,,,
62,,,,
63,,,,
64,,,,
65,0.0,0.0,1.0,0.0
66,0.0,1.0,0.0,0.0
67,,,,
68,,,,
69,0.0,1.0,0.0,0.0
70,,,,
71,0.5,0.5,0.0,0.0
72,0.0,1.0,0.0,0.0
73,,,,
74,,,,
75,,,,
76,,,,
77,0.0,0.0,0.0,1.0
78,0.0,0.0,1.0,0.0
79,,,,
80,,,,
81,,,,
82,0.0,0.0,0.0,1.0
83,1.0,0.0,0.0,0.0
84,,,,
85,,,,
86,,,,
87,,,,
88,0.0,0.0,0.0,1.0
89,,,,
90,,,,
91,,,,
92,1.0,0.0,0.0,0.0
93,0.0,1.0,0.0,0.0
94,,,,
95,0.3333333333333333,0.0,0.6666666666666666,0.0
96,0.0,0.0,1.0,0.0
97,0.0,0.25,0.75,0.0
98,,,,
99,0.0,0.0,0.25,0.75
100,,,,
101,0.2,0.8,0.0,0.0
102,0.0,1.0,0.0,0.0
103,0.0,0.0,1.0,0.0
104,0.0,0.0,0.0,1.0
105,,,,
106,,,,
107,,,,
108,0.0,0.2,0.8,0.0
109,,,,
110,,,,
111,,,,
112,,,,
113,1.0,0.0,0.0,0.0
114,,,,
115,,,,
116,,,,
117,,,,
118,0.0,0.0,0.0,1.0
119,,,,
120,0.0,0.0,1.0,0.0
121,,,,
122,0.0,1.0,0.0,0.0
123,,,,
124,,,,
125,0.0,0.0,1.0,0.0
126,,,,
127,,,,
128,0.0,1.0,0.0,0.0
129,0.0,0.6,0.4,0.0
130,1.0,0.0,0.0,0.0
131,0.0,1.0,0.0,0.0
132,0.0,0.0,0.0,1.0
133,,,,
134,,,,
135,,,,
136,0.0,1.0,0.0,0.0
137,1.0,0.0,0.0,0.0
138,,,,
139,,,,
140,,,,
141,0.0,0.75,0.25,0.0
142,,,,
143,1.0,0.0,0.0,0.0
144,,,,
145,,,,
146,0.0,1.0,0.0,0.0
147,1.0,0.0,0.0,0.0
148,0.0,0.0,0.0,1.0
149,1.0,0.0,0.0,0.0
150,0.0,0.0,1.0,0.0
151,,,,
152,1.0,0.0,0.0,0.0
153,0.0,0.0,1.0,0.0
154,0.0,0.0,1.0,0.0
155,0.5,0.0,0.0,0.5
156,0.0,0.0,0.0,1.0
157,0.5,0.0,0.0,0.5
158,0.0,1.0,0.0,0.0
159,0.3333333333333333,0.6666666666666666,0.0,0.0
160,0.25,0.0,0.0,0.75
161,0.0,0.0,0.75,0.25
162,0.0,0.0,1.0,0.0
163,0.0,0.0,0.0,1.0
164,0.0,1.0,0.0,0.0
165,,,,
166,1.0,0.0,0.0,0.0
167,0.0,0.2,0.8,0.0
168,0.0,0.0,1.0,0.0
169,0.0,0.0,1.0,0.0
170,0.0,0.0,1.0,0.0
171,,,,
172,,,,
173,,,,
174,,,,
175,0.0,1.0,0.0,0.0
176,0.0,0.0,1.0,0.0
177,1.0,0.0,0.0,0.0
178,,,,
179,,,,
180,0.0,0.75,0.25,0.0
181,0.0,0.0,0.0,1.0
182,,,,
183,0.0,0.0,1.0,0.0
184,0.0,0.0,1.0,0.0
185,,,,
186,0.0,1.0,0.0,0.0
187,0.0,0.0,1.0,0.0
188,0.0,1.0,0.0,0.0
189,0.2,0.0,0.6,0.2
190,,,,
191,0.0,0.0,0.0,1.0
192,,,,
193,,,,
194,0.0,1.0,0.0,0.0
195,,,,
196,,,,
197,1.0,0.0,0.0,0.0
198,,,,
199,,,,
200,,,,
201,1.0,0.0,0.0,0.0
202,,,,
203,,,,
204,,,,
205,,,,
206,1.0,0.0,0.0,0.0
207,0.0,0.0,0.0,1.0
208,,,,
209,0.0,0.0,1.0,0.0
210,,,,
211,,,,
212,,,,
213,0.0,0.0,1.0,0.0
214,0.0,1.0,0.0,0.0
215,0.75,0.25,0.0,0.0
216,,,,
217,0.0,1.0,0.0,0.0
218,1.0,0.0,0.0,0.0
219,,,,
220,,,,
221,0.0,0.0,1.0,0.0
222,,,,
223,,,,
224,0.0,1.0,0.0,0.0
225,0.8,0.0,0.2,0.0
226,,,,
227,,,,
228,,,,
229,0.0,1.0,0.0,0.0
230,,,,
231,0.0,0.0,0.25,0.75
232,,,,
233,0.0,0.0,1.0,0.0
234,,,,
235,0.0,0.0,0.0,1.0
236,,,,
237,,,,
238,0.0,0.0,0.0,1.0
239,,,,
240,,,,
241,,,,
242,,,,
243,0.0,0.0,1.0,0.0
244,,,,
245,1.0,0.0,0.0,0.0
246,0.0,0.0,0.0,1.0
247,,,,
248,,,,
249,,,,
250,0.0,1.0,0.0,0.0
251,0.0,0.0,1.0,0.0
252,,,,
253,1.0,0.0,0.0,0.0
254,,,,
255,0.0,0.0,0.0,1.0
256,,,,
257,,,,
258,,,,
259,0.0,1.0,0.0,0.0
260,,,,
261,,,,
262,,,,
263,,,,
264,,,,
265,,,,
266,0.2,0.8,0.0,0.0
267,,,,
268,,,,
269,,,,
270,0.0,0.0,1.0,0.0
271,,,,
272,,,,
273,,,,
274,,,,
275,0.0,0.0,0.0,1.0
276,1.0,0.0,0.0,0.0
277,,,,
278,0.0,1.0,0.0,0.0
279,,,,
280,,,,
281,,,,
282,,,,
283,0.0,0.0,0.0,1.0
284,,,,
285,,,,
286,,,,
287,,,,
288,,,,
289,0.0,0.0,0.0,1.0
290,,,,
291,,,,
292,0.0,1.0,0.0,0.0
293,,,,
294,,,,
295,,,,
296,,,,
297,,,,
298,0.0,1.0,0.0,0.0
299,,,,
300,0.0,0.0,0.0,1.0
301,,,,
302,0.0,0.0,0.0,1.0
303,,,,
304,0.0,0.0,1.0,0.0
305,,,,
306,,,,
307,,,,
308,,,,
309,,,,
310,,,,
311,,,,
312,,,,
313,,,,
