,A,C,G,T
0,,,,
1,,,,
2,1.0,0.0,0.0,0.0
3,0.11904761904761904,0.7619047619047619,0.0,0.11904761904761904
4,0.22448979591836735,0.4387755102040816,0.336734693877551,0.0
5,0.6190476190476191,0.12698412698412698,0.0,0.25396825396825395
6,0.36,0.0,0.48,0.16
7,0.0,0.175,0.7,0.125
8,0.7524752475247525,0.18316831683168316,0.0,0.06435643564356436
9,0.09701492537313433,0.0,0.09701492537313433,0.8059701492537313
10,0.0,0.2,0.8,0.0
11,0.6666666666666666,0.18181818181818182,0.0,0.15151515151515152
12,0.6756756756756757,0.16216216216216217,0.0,0.16216216216216217
13,0.47058823529411764,0.4117647058823529,0.11764705882352941,0.0
14,0.5714285714285714,0.2857142857142857,0.0,0.14285714285714285
15,0.0,0.8947368421052632,0.0,0.10526315789473684
16,0.0,0.6470588235294118,0.17647058823529413,0.17647058823529413
17,0.9642857142857143,0.014285714285714285,0.0,0.02142857142857143
18,0.25,0.3,0.45,0.0
19,0.2857142857142857,0.0,0.2857142857142857,0.42857142857142855
20,0.33962264150943394,0.1320754716981132,0.5283018867924528,0.0
21,0.0,0.3333333333333333,0.0,0.6666666666666666
22,0.0,0.5,0.0,0.5
23,0.16666666666666666,0.16666666666666666,0.0,0.6666666666666666
24,0.14285714285714285,0.14285714285714285,0.0,0.7142857142857143
25,0.125,0.25,0.0,0.625
26,0.0,0.5714285714285714,0.32142857142857145,0.10714285714285714
27,0.6111111111111112,0.16666666666666666,0.0,0.2222222222222222
28,0.24,0.44,0.0,0.32
29,0.16666666666666666,0.0,0.1111111111111111,0.7222222222222222
30,0.75,0.041666666666666664,0.0,0.20833333333333334
31,0.018867924528301886,0.8867924528301887,0.09433962264150944,0.0
32,0.5555555555555556,0.1111111111111111,0.0,0.3333333333333333
33,0.625,0.0,0.0,0.375
34,0.047619047619047616,0.7619047619047619,0.19047619047619047,0.0
35,0.9066666666666666,0.0,0.04,0.05333333333333334
36,0.4375,0.0,0.3125,0.25
37,0.0,0.16666666666666666,0.30952380952380953,0.5238095238095238
38,0.21428571428571427,0.6428571428571429,0.0,0.14285714285714285
39,0.25,0.0,0.2,0.55
40,0.26666666666666666,0.0,0.3333333333333333,0.4
41,0.09326424870466321,0.04145077720207254,0.8652849740932642,0.0
42,0.0,0.25,0.0,0.75
43,0.3,0.4,0.0,0.3
44,0.8823529411764706,0.058823529411764705,0.0,0.058823529411764705
45,0.0,0.03508771929824561,0.9438596491228071,0.021052631578947368
46,0.6416666666666667,0.23333333333333334,0.0,0.125
47,0.061068702290076333,0.916030534351145,0.0,0.022900763358778626
48,0.0,0.5,0.5,0.0
49,0.25,0.0,0.5833333333333334,0.16666666666666666
50,0.28735632183908044,0.0,0.40229885057471265,0.3103448275862069
51,0.15625,0.0,0.3125,0.53125
52,0.13043478260869565,0.13043478260869565,0.7391304347826086,0.0
53,0.5142857142857142,0.34285714285714286,0.0,0.14285714285714285
54,0.0,0.4838709677419355,0.45161290322580644,0.06451612903225806
55,0.16363636363636364,0.7454545454545455,0.0,0.09090909090909091
56,0.0,0.2413793103448276,0.4827586206896552,0.27586206896551724
57,0.08695652173913043,0.0,0.782608695652174,0.13043478260869565
58,0.09090909090909091,0.5454545454545454,0.36363636363636365,0.0
59,0.09090909090909091,0.0,0.7272727272727273,0.18181818181818182
60,0.018867924528301886,0.10062893081761007,0.8805031446540881,0.0
61,0.2727272727272727,0.0,0.18181818181818182,0.5454545454545454
62,0.2857142857142857,0.0,0.21428571428571427,0.5
63,0.13333333333333333,0.2,0.6666666666666666,0.0
64,0.0,0.0,0.0,1.0
65,0.01875,0.91875,0.0625,0.0
66,0.38636363636363635,0.22727272727272727,0.0,0.38636363636363635
67,0.19900497512437812,0.0,0.06965174129353234,0.7313432835820896
68,0.0,0.10465116279069768,0.5813953488372093,0.313953488372093
69,0.19540229885057472,0.2413793103448276,0.0,0.5632183908045977
70,0.017543859649122806,0.0,0.41228070175438597,0.5701754385964912
71,0.27631578947368424,0.3157894736842105,0.0,0.40789473684210525
72,0.09090909090909091,0.5909090909090909,0.3181818181818182,0.0
73,0.42857142857142855,0.0,0.19047619047619047,0.38095238095238093
74,0.16129032258064516,0.41935483870967744,0.41935483870967744,0.0
75,0.45454545454545453,0.09090909090909091,0.0,0.45454545454545453
76,0.5625,0.21875,0.0,0.21875
77,0.0,0.37142857142857144,0.47619047619047616,0.1523809523809524
78,0.21739130434782608,0.21739130434782608,0.5652173913043478,0.0
79,0.041666666666666664,0.4583333333333333,0.5,0.0
80,0.17297297297297298,0.0,0.3891891891891892,0.43783783783783786
81,0.0,0.3300970873786408,0.4563106796116505,0.21359223300970873
82,0.28413284132841327,0.0,0.5239852398523985,0.1918819188191882
83,0.10550458715596331,0.0,0.12385321100917432,0.7706422018348624
84,0.17105263157894737,0.7105263157894737,0.11842105263157894,0.0
85,0.07142857142857142,0.2857142857142857,0.6428571428571429,0.0
86,0.1724137931034483,0.0,0.15517241379310345,0.6724137931034483
87,0.0,0.2857142857142857,0.6373626373626373,0.07692307692307693
88,0.32727272727272727,0.5818181818181818,0.0,0.09090909090909091
89,0.4246575342465753,0.3835616438356164,0.1917808219178082,0.0
90,0.0,0.3006535947712418,0.4444444444444444,0.2549019607843137
91,0.5294117647058824,0.3445378151260504,0.0,0.12605042016806722
92,0.09486166007905138,0.0,0.15019762845849802,0.7549407114624506
93,0.27586206896551724,0.25287356321839083,0.47126436781609193,0.0
94,0.0,0.6116071428571429,0.04017857142857143,0.3482142857142857
95,0.15714285714285714,0.8,0.04285714285714286,0.0
96,0.5342465753424658,0.22602739726027396,0.0,0.23972602739726026
97,0.34615384615384615,0.0,0.38461538461538464,0.2692307692307692
98,0.12698412698412698,0.8174603174603174,0.05555555555555555,0.0
99,0.0,0.21830985915492956,0.43661971830985913,0.34507042253521125
100,0.3333333333333333,0.2222222222222222,0.4444444444444444,0.0
101,0.19594594594594594,0.4797297297297297,0.0,0.32432432432432434
102,0.6994535519125683,0.0,0.03825136612021858,0.26229508196721313
103,0.0,0.7058823529411765,0.08823529411764706,0.20588235294117646
104,0.028368794326241134,0.0,0.02127659574468085,0.950354609929078
105,0.05555555555555555,0.2777777777777778,0.6666666666666666,0.0
106,0.3333333333333333,0.0,0.0,0.6666666666666666
107,0.3333333333333333,0.3333333333333333,0.0,0.3333333333333333
108,0.78125,0.109375,0.0,0.109375
109,0.07692307692307693,0.38461538461538464,0.5384615384615384,0.0
110,0.3076923076923077,0.0,0.15384615384615385,0.5384615384615384
111,0.0,0.0,0.625,0.375
112,0.16666666666666666,0.0,0.0,0.8333333333333334
113,0.11594202898550725,0.0,0.08695652173913043,0.7971014492753623
114,0.5833333333333334,0.0,0.16666666666666666,0.25
115,0.0,0.013793103448275862,0.1724137931034483,0.8137931034482758
116,0.42857142857142855,0.2857142857142857,0.0,0.2857142857142857
117,0.26,0.4,0.0,0.34
118,0.1111111111111111,0.0,0.25925925925925924,0.6296296296296297
119,0.1,0.6857142857142857,0.21428571428571427,0.0
120,0.3076923076923077,0.0,0.3076923076923077,0.38461538461538464
121,0.4,0.0,0.2,0.4
122,0.0,0.14285714285714285,0.14285714285714285,0.7142857142857143
123,0.5,0.25,0.0,0.25
124,0.3333333333333333,0.3333333333333333,0.0,0.3333333333333333
125,0.42857142857142855,0.0,0.42857142857142855,0.14285714285714285
126,0.0,0.72,0.24,0.04
127,0.0,0.06666666666666667,0.8333333333333334,0.1
128,0.5714285714285714,0.14285714285714285,0.0,0.2857142857142857
129,0.3125,0.3125,0.0,0.375
130,0.5,0.1875,0.0,0.3125
131,0.7647058823529411,0.17647058823529413,0.0,0.058823529411764705
132,0.17647058823529413,0.0,0.47058823529411764,0.35294117647058826
133,0.014084507042253521,0.8802816901408451,0.1056338028169014,0.0
134,0.15384615384615385,0.0,0.0,0.8461538461538461
135,0.17391304347826086,0.6956521739130435,0.0,0.13043478260869565
136,0.0,0.16666666666666666,0.7727272727272727,0.06060606060606061
137,0.5614035087719298,0.19298245614035087,0.0,0.24561403508771928
138,0.0,0.06666666666666667,0.9333333333333333,0.0
139,0.0,0.13333333333333333,0.0,0.8666666666666667
140,0.125,0.5,0.0,0.375
141,0.18181818181818182,0.5818181818181818,0.0,0.23636363636363636
142,0.13043478260869565,0.13043478260869565,0.7391304347826086,0.0
143,0.28125,0.125,0.0,0.59375
144,0.5849056603773585,0.0,0.0,0.41509433962264153
145,0.4482758620689655,0.0,0.4827586206896552,0.06896551724137931
146,0.0,0.3515625,0.2265625,0.421875
147,0.25,0.5380434782608695,0.0,0.21195652173913043
148,0.39344262295081966,0.29508196721311475,0.3114754098360656,0.0
149,0.09486166007905138,0.8102766798418972,0.09486166007905138,0.0
150,0.0,0.2,0.575,0.225
151,0.10256410256410256,0.5897435897435898,0.3076923076923077,0.0
152,0.0,0.21983914209115282,0.42359249329758714,0.35656836461126007
153,0.34146341463414637,0.17073170731707318,0.4878048780487805,0.0
154,0.42,0.0,0.38,0.2
155,0.0,0.1509433962264151,0.7264150943396226,0.12264150943396226
156,0.2064516129032258,0.3870967741935484,0.4064516129032258,0.0
157,0.0,0.1796875,0.0703125,0.75
158,0.1891891891891892,0.32432432432432434,0.4864864864864865,0.0
159,0.4772727272727273,0.3181818181818182,0.0,0.20454545454545456
160,0.0,0.5185185185185185,0.2962962962962963,0.18518518518518517
161,0.08411214953271028,0.7476635514018691,0.16822429906542055,0.0
162,0.5714285714285714,0.14285714285714285,0.0,0.2857142857142857
163,0.6,0.35555555555555557,0.0,0.044444444444444446
164,0.0,0.1761006289308176,0.7924528301886793,0.031446540880503145
165,0.0,0.23931623931623933,0.6153846153846154,0.1452991452991453
166,0.48034934497816595,0.33624454148471616,0.0,0.18340611353711792
167,0.6806083650190115,0.0,0.13307984790874525,0.18631178707224336
168,0.0,0.35365853658536583,0.5609756097560976,0.08536585365853659
169,0.0,0.35,0.48333333333333334,0.16666666666666666
170,0.2552083333333333,0.28125,0.4635416666666667,0.0
171,0.0,0.24603174603174602,0.6746031746031746,0.07936507936507936
172,0.0,0.6985815602836879,0.18085106382978725,0.12056737588652482
173,0.0,0.2708333333333333,0.40625,0.3229166666666667
174,0.24193548387096775,0.33064516129032256,0.4274193548387097,0.0
175,0.0,0.3064516129032258,0.10483870967741936,0.5887096774193549
176,0.06338028169014084,0.0,0.1056338028169014,0.8309859154929577
177,0.10526315789473684,0.7368421052631579,0.15789473684210525,0.0
178,0.0,0.17391304347826086,0.10869565217391304,0.717391304347826
179,0.01639344262295082,0.0,0.05901639344262295,0.9245901639344263
180,0.7317073170731707,0.036585365853658534,0.0,0.23170731707317074
181,0.16129032258064516,0.0,0.6048387096774194,0.23387096774193547
182,0.0,0.20930232558139536,0.6511627906976745,0.13953488372093023
183,0.7333333333333333,0.13333333333333333,0.0,0.13333333333333333
184,0.0,0.37209302325581395,0.5581395348837209,0.06976744186046512
185,0.1125,0.0,0.575,0.3125
186,0.13333333333333333,0.3333333333333333,0.5333333333333333,0.0
187,0.4782608695652174,0.0,0.08695652173913043,0.43478260869565216
188,0.07407407407407407,0.0,0.07407407407407407,0.8518518518518519
189,0.21428571428571427,0.42857142857142855,0.0,0.35714285714285715
190,0.0,0.14285714285714285,0.8571428571428571,0.0
191,0.35,0.2,0.0,0.45
192,0.0,0.3974358974358974,0.5769230769230769,0.02564102564102564
193,0.0,0.043478260869565216,0.9130434782608695,0.043478260869565216
194,0.5384615384615384,0.11538461538461539,0.0,0.34615384615384615
195,0.3076923076923077,0.23076923076923078,0.0,0.46153846153846156
196,0.4,0.3333333333333333,0.0,0.26666666666666666
197,0.14814814814814814,0.0,0.4444444444444444,0.4074074074074074
198,0.2857142857142857,0.0,0.5714285714285714,0.14285714285714285
199,0.5,0.3333333333333333,0.0,0.16666666666666666
200,0.0,0.42028985507246375,0.5507246376811594,0.028985507246376812
201,0.20833333333333334,0.20833333333333334,0.5833333333333334,0.0
202,0.32142857142857145,0.21428571428571427,0.4642857142857143,0.0
203,0.4090909090909091,0.0,0.045454545454545456,0.5454545454545454
204,0.0,0.022222222222222223,0.6222222222222222,0.35555555555555557
205,0.125,0.0,0.4166666666666667,0.4583333333333333
206,0.65,0.0,0.15,0.2
207,0.0,0.3761467889908257,0.6146788990825688,0.009174311926605505
208,0.2,0.2,0.6,0.0
209,0.13043478260869565,0.0,0.21739130434782608,0.6521739130434783
210,0.24242424242424243,0.09090909090909091,0.6666666666666666,0.0
211,0.4444444444444444,0.0,0.2222222222222222,0.3333333333333333
212,0.5714285714285714,0.0,0.07142857142857142,0.35714285714285715
213,0.0,0.5882352941176471,0.35294117647058826,0.058823529411764705
214,0.7142857142857143,0.14285714285714285,0.0,0.14285714285714285
215,0.0,0.17857142857142858,0.7857142857142857,0.03571428571428571
216,0.0,0.4,0.0,0.6
217,0.0,0.25,0.5,0.25
218,0.6,0.0,0.2,0.2
219,0.0,0.82,0.12,0.06
220,0.0,0.8089171974522293,0.15286624203821655,0.03821656050955414
221,0.5576923076923077,0.3782051282051282,0.0641025641025641,0.0
222,0.2692307692307692,0.48717948717948717,0.24358974358974358,0.0
223,0.3953488372093023,0.0,0.18604651162790697,0.4186046511627907
224,0.0,0.0,0.525,0.475
225,0.0,0.5961538461538461,0.40384615384615385,0.0
226,0.0,0.29545454545454547,0.6477272727272727,0.056818181818181816
227,0.4166666666666667,0.38095238095238093,0.0,0.20238095238095238
228,0.0,0.09803921568627451,0.8235294117647058,0.0784313725490196
229,0.0,0.17073170731707318,0.8048780487804879,0.024390243902439025
230,0.27710843373493976,0.0,0.1566265060240964,0.5662650602409639
231,0.0,0.07317073170731707,0.43902439024390244,0.4878048780487805
232,0.2028985507246377,0.0,0.2753623188405797,0.5217391304347826
233,0.47058823529411764,0.2784313725490196,0.0,0.25098039215686274
234,0.036065573770491806,0.0,0.7114754098360656,0.25245901639344265
235,0.04,0.82,0.14,0.0
236,0.3645320197044335,0.3448275862068966,0.0,0.29064039408866993
237,0.2391304347826087,0.5652173913043478,0.1956521739130435,0.0
238,0.0,0.11403508771929824,0.013157894736842105,0.8728070175438597
239,0.0,0.8421052631578947,0.15789473684210525,0.0
240,0.08955223880597014,0.0,0.1044776119402985,0.8059701492537313
241,0.5,0.0,0.5,0.0
242,0.47191011235955055,0.34831460674157305,0.0,0.1797752808988764
243,0.03076923076923077,0.0,0.9692307692307692,0.0
244,0.0,0.0,0.5555555555555556,0.4444444444444444
245,0.0,0.2595419847328244,0.6183206106870229,0.12213740458015267
246,0.0,0.2571428571428571,0.37142857142857144,0.37142857142857144
247,0.0,0.6,0.4,0.0
248,0.18181818181818182,0.5909090909090909,0.0,0.22727272727272727
249,0.0,0.046875,0.890625,0.0625
250,0.0,0.2976190476190476,0.5714285714285714,0.13095238095238096
251,0.007518796992481203,0.0,0.5714285714285714,0.42105263157894735
252,0.0,0.25,0.609375,0.140625
253,0.7222222222222222,0.2361111111111111,0.0,0.041666666666666664
254,0.041666666666666664,0.0,0.05357142857142857,0.9047619047619048
255,0.0625,0.0,0.125,0.8125
256,0.14285714285714285,0.42857142857142855,0.42857142857142855,0.0
257,0.10638297872340426,0.7659574468085106,0.0,0.1276595744680851
258,0.0,0.41379310344827586,0.4827586206896552,0.10344827586206896
259,0.25,0.6833333333333333,0.0,0.06666666666666667
260,0.0,0.36666666666666664,0.5666666666666667,0.06666666666666667
261,0.4819277108433735,0.4939759036144578,0.0,0.024096385542168676
262,0.05761316872427984,0.0,0.5802469135802469,0.36213991769547327
263,0.12941176470588237,0.7647058823529411,0.10588235294117647,0.0
264,0.16666666666666666,0.6666666666666666,0.0,0.16666666666666666
265,0.0,0.3333333333333333,0.6666666666666666,0.0
266,0.3140794223826715,0.6245487364620939,0.0,0.061371841155234655
267,0.25,0.0,0.0,0.75
268,0.0,0.0,1.0,0.0
269,0.3333333333333333,0.0,0.16666666666666666,0.5
270,0.0,0.046511627906976744,0.11627906976744186,0.8372093023255814
271,0.2,0.0,0.4,0.4
272,0.2727272727272727,0.5454545454545454,0.0,0.18181818181818182
273,0.4,0.1,0.0,0.5
274,0.08333333333333333,0.0,0.9166666666666666,0.0
275,0.3333333333333333,0.5333333333333333,0.13333333333333333,0.0
276,0.5213675213675214,0.4188034188034188,0.0,0.05982905982905983
277,0.10526315789473684,0.6842105263157895,0.21052631578947367,0.0
278,0.2963855421686747,0.5132530120481927,0.0,0.19036144578313252
279,0.0,0.3333333333333333,0.6666666666666666,0.0
280,0.0,0.0,0.0,1.0
281,0.007352941176470588,0.9852941176470589,0.007352941176470588,0.0
282,0.0,1.0,0.0,0.0
283,0.0,0.04878048780487805,0.024390243902439025,0.926829268292683
284,0.021505376344086023,0.0,0.0,0.978494623655914
285,0.16666666666666666,0.16666666666666666,0.6666666666666666,0.0
286,0.2857142857142857,0.2857142857142857,0.0,0.42857142857142855
287,0.0,0.5333333333333333,0.4666666666666667,0.0
288,0.375,0.4166666666666667,0.0,0.20833333333333334
289,0.024096385542168676,0.0,0.04819277108433735,0.927710843373494
290,0.47368421052631576,0.42105263157894735,0.0,0.10526315789473684
291,0.0,0.8333333333333334,0.16666666666666666,0.0
292,0.0,0.37142857142857144,0.5142857142857142,0.11428571428571428
293,0.0,0.0,0.8888888888888888,0.1111111111111111
294,0.8571428571428571,0.14285714285714285,0.0,0.0
295,0.0,0.6666666666666666,0.0,0.3333333333333333
296,0.3333333333333333,0.5,0.16666666666666666,0.0
297,0.4166666666666667,0.0,0.4166666666666667,0.16666666666666666
298,0.45454545454545453,0.36363636363636365,0.18181818181818182,0.0
299,0.6666666666666666,0.3333333333333333,0.0,0.0
300,0.5,0.0,0.5,0.0
301,1.0,0.0,0.0,0.0
302,0.5,0.5,0.0,0.0
303,0.0,0.0,0.0,1.0
304,0.0,1.0,0.0,0.0
305,0.0,0.0,0.0,1.0
306,,,,
307,,,,
308,,,,
309,,,,
310,0.0,0.0,0.5,0.5
311,,,,
312,,,,
313,,,,
314,,,,
315,,,,
