,A,C,G,T
0,,,,
1,,,,
2,0.6992031872509961,0.09760956175298804,0.0,0.20318725099601595
3,0.4716312056737589,0.32978723404255317,0.0,0.19858156028368795
4,0.5648464163822525,0.26023890784982934,0.17491467576791808,0.0
5,0.5608465608465608,0.23192239858906524,0.0,0.2072310405643739
6,0.3926605504587156,0.0,0.3761467889908257,0.23119266055045873
7,0.0,0.1688125894134478,0.4449213161659514,0.38626609442060084
8,0.6359494719403603,0.285359287637192,0.0,0.07869124042244771
9,0.06327251324308417,0.0,0.15303119482048264,0.7836962919364332
10,0.22,0.43,0.35,0.0
11,0.5217391304347826,0.29037267080745344,0.0,0.18788819875776397
12,0.39141414141414144,0.32575757575757575,0.0,0.2828282828282828
13,0.5245033112582781,0.4119205298013245,0.06357615894039735,0.0
14,0.48559077809798273,0.12680115273775217,0.0,0.38760806916426516
15,0.07692307692307693,0.6653846153846154,0.0,0.25769230769230766
16,0.0,0.6124031007751938,0.18863049095607234,0.19896640826873385
17,0.6753349093774625,0.22379826635145783,0.0,0.1008668242710796
18,0.41350210970464135,0.1940928270042194,0.3924050632911392,0.0
19,0.24277456647398843,0.0,0.24855491329479767,0.5086705202312138
20,0.07358490566037736,0.16226415094339622,0.7641509433962265,0.0
21,0.2513089005235602,0.1518324607329843,0.0,0.5968586387434555
22,0.3411764705882353,0.12549019607843137,0.0,0.5333333333333333
23,0.303951367781155,0.17325227963525835,0.0,0.5227963525835866
24,0.14583333333333334,0.15625,0.0,0.6979166666666666
25,0.1564245810055866,0.22346368715083798,0.0,0.6201117318435754
26,0.0,0.5249569707401033,0.3493975903614458,0.12564543889845095
27,0.3930635838150289,0.24277456647398843,0.0,0.36416184971098264
28,0.5366218236173393,0.27204783258594917,0.0,0.19133034379671152
29,0.28350515463917525,0.0,0.16838487972508592,0.5481099656357389
30,0.3828264758497317,0.22361359570661896,0.0,0.3935599284436494
31,0.097799511002445,0.5623471882640587,0.33985330073349634,0.0
32,0.44316546762589926,0.21294964028776978,0.0,0.34388489208633094
33,0.4345991561181435,0.16033755274261605,0.0,0.4050632911392405
34,0.05569007263922518,0.6464891041162227,0.29782082324455206,0.0
35,0.20652173913043478,0.0,0.5570652173913043,0.23641304347826086
36,0.376271186440678,0.0,0.38305084745762713,0.24067796610169492
37,0.0,0.2841726618705036,0.513189448441247,0.2026378896882494
38,0.5077821011673151,0.2898832684824903,0.0,0.20233463035019456
39,0.27520435967302453,0.0,0.16621253405994552,0.55858310626703
40,0.39226519337016574,0.0,0.2983425414364641,0.30939226519337015
41,0.1172945205479452,0.2440068493150685,0.6386986301369864,0.0
42,0.386046511627907,0.17209302325581396,0.0,0.4418604651162791
43,0.4809688581314879,0.2179930795847751,0.0,0.30103806228373703
44,0.45251396648044695,0.2905027932960894,0.0,0.2569832402234637
45,0.0,0.13620623316660255,0.8191612158522509,0.044632550981146595
46,0.46873883529832083,0.4558770989639157,0.0,0.07538406573776349
47,0.48303393213572854,0.19161676646706588,0.0,0.3253493013972056
48,0.16487455197132617,0.4229390681003584,0.4121863799283154,0.0
49,0.5125628140703518,0.0,0.1708542713567839,0.3165829145728643
50,0.34770114942528735,0.0,0.2988505747126437,0.35344827586206895
51,0.23809523809523808,0.0,0.3958333333333333,0.36607142857142855
52,0.128,0.296,0.576,0.0
53,0.4260230849947534,0.4228751311647429,0.0,0.15110178384050368
54,0.0,0.6831091180866966,0.2571001494768311,0.059790732436472344
55,0.2275943396226415,0.6639150943396226,0.0,0.10849056603773585
56,0.0,0.45863570391872277,0.3454281567489115,0.19593613933236576
57,0.23157894736842105,0.0,0.6589473684210526,0.10947368421052632
58,0.0626865671641791,0.564179104477612,0.373134328358209,0.0
59,0.18235294117647058,0.0,0.5058823529411764,0.31176470588235294
60,0.20166898470097358,0.4673157162726008,0.33101529902642557,0.0
61,0.39593908629441626,0.0,0.15228426395939088,0.4517766497461929
62,0.3708609271523179,0.0,0.1545253863134658,0.4746136865342163
63,0.06666666666666667,0.22,0.7133333333333334,0.0
64,0.125,0.23214285714285715,0.0,0.6428571428571429
65,0.02092675635276532,0.7847533632286996,0.19431988041853512,0.0
66,0.6169212690951822,0.08754406580493537,0.0,0.29553466509988247
67,0.30182160804020103,0.0,0.10332914572864321,0.5948492462311558
68,0.0,0.3088967971530249,0.4128113879003559,0.2782918149466192
69,0.6484018264840182,0.1689497716894977,0.0,0.182648401826484
70,0.07038288288288289,0.0,0.419481981981982,0.5101351351351351
71,0.22674418604651161,0.0,0.3798449612403101,0.39341085271317827
72,0.21021897810218979,0.4058394160583942,0.38394160583941606,0.0
73,0.3146551724137931,0.0,0.1810344827586207,0.5043103448275862
74,0.21386800334168754,0.4979114452798663,0.2882205513784461,0.0
75,0.6050583657587548,0.2237354085603113,0.0,0.17120622568093385
76,0.72808701215611,0.21369161868202174,0.0,0.0582213691618682
77,0.0,0.44660846205507054,0.2733378106111484,0.2800537273337811
78,0.2502685284640172,0.48872180451127817,0.26100966702470463,0.0
79,0.2542372881355932,0.48426150121065376,0.26150121065375304,0.0
80,0.20295698924731181,0.0,0.1639784946236559,0.6330645161290323
81,0.0,0.4559837728194726,0.35212981744421906,0.19188640973630833
82,0.2153392330383481,0.0,0.46853490658800395,0.316125860373648
83,0.2044153720359771,0.0,0.23753066230580538,0.5580539656582175
84,0.1487676056338028,0.6980633802816901,0.15316901408450703,0.0
85,0.09230769230769231,0.556923076923077,0.3507692307692308,0.0
86,0.18723849372384938,0.0,0.14435146443514643,0.6684100418410042
87,0.0,0.3946784922394678,0.5221729490022173,0.08314855875831485
88,0.5788566503878196,0.3260557311117495,0.0,0.0950876185004309
89,0.28086253369272235,0.47816711590296496,0.24097035040431267,0.0
90,0.0,0.20679245283018868,0.45245283018867927,0.3407547169811321
91,0.49818286151491964,0.42607115531752104,0.0,0.0757459831675593
92,0.14469099578213826,0.0,0.11846689895470383,0.7368421052631579
93,0.1646273637374861,0.6440489432703004,0.19132369299221358,0.0
94,0.0,0.3151515151515151,0.07177033492822966,0.6130781499202552
95,0.11863458310016788,0.7935086737548964,0.08785674314493565,0.0
96,0.37359357060849596,0.3026406429391504,0.0,0.3237657864523536
97,0.2821917808219178,0.0,0.3004566210045662,0.41735159817351597
98,0.39372163388804843,0.4799546142208775,0.12632375189107414,0.0
99,0.0,0.44663915094339623,0.20902122641509435,0.3443396226415094
100,0.1013215859030837,0.5066079295154186,0.3920704845814978,0.0
101,0.434232250963126,0.3340671436433682,0.0,0.2317006053935058
102,0.4296977660972405,0.0,0.11563731931668857,0.45466491458607095
103,0.0,0.6353340883352209,0.10532276330690826,0.25934314835787087
104,0.1038961038961039,0.0,0.1520244461420932,0.7440794499618029
105,0.08433734939759036,0.2891566265060241,0.6265060240963856,0.0
106,0.1569767441860465,0.13953488372093023,0.0,0.7034883720930233
107,0.08759124087591241,0.3284671532846715,0.0,0.583941605839416
108,0.3578643578643579,0.3189033189033189,0.0,0.32323232323232326
109,0.03802281368821293,0.7414448669201521,0.22053231939163498,0.0
110,0.3177966101694915,0.0,0.1864406779661017,0.4957627118644068
111,0.40350877192982454,0.0,0.3391812865497076,0.2573099415204678
112,0.36036036036036034,0.27927927927927926,0.0,0.36036036036036034
113,0.17537313432835822,0.0,0.28171641791044777,0.542910447761194
114,0.5901639344262295,0.0,0.13934426229508196,0.27049180327868855
115,0.0,0.28793774319066145,0.4377431906614786,0.27431906614785995
116,0.48917748917748916,0.30303030303030304,0.0,0.2077922077922078
117,0.4639103013314646,0.25508058864751226,0.0,0.28100911002102313
118,0.15355805243445692,0.0,0.35580524344569286,0.49063670411985016
119,0.09606587374199452,0.6376944190301921,0.26623970722781337,0.0
120,0.3893129770992366,0.0,0.3816793893129771,0.22900763358778625
121,0.4573643410852713,0.0,0.17829457364341086,0.3643410852713178
122,0.0,0.26666666666666666,0.44819277108433736,0.285140562248996
123,0.48717948717948717,0.24786324786324787,0.0,0.26495726495726496
124,0.48269581056466304,0.2659380692167577,0.0,0.25136612021857924
125,0.5321229050279329,0.0,0.3547486033519553,0.11312849162011174
126,0.0,0.4470404984423676,0.5202492211838006,0.03271028037383177
127,0.0,0.15307971014492755,0.7219202898550725,0.125
128,0.49142857142857144,0.04285714285714286,0.0,0.4657142857142857
129,0.352112676056338,0.15492957746478872,0.0,0.49295774647887325
130,0.2336182336182336,0.21367521367521367,0.0,0.5527065527065527
131,0.5907429963459196,0.26431181485992694,0.0,0.14494518879415347
132,0.2634297520661157,0.0,0.38636363636363635,0.35020661157024796
133,0.05966850828729282,0.46187845303867403,0.47845303867403316,0.0
134,0.0,0.20833333333333334,0.0,0.7916666666666666
135,0.2020330368487929,0.5196950444726811,0.0,0.2782719186785261
136,0.0,0.11223750905141203,0.8066618392469225,0.08110065170166546
137,0.6034285714285714,0.2342857142857143,0.0,0.16228571428571428
138,0.07188703465982028,0.03337612323491656,0.8947368421052632,0.0
139,0.23929961089494164,0.16536964980544747,0.0,0.5953307392996109
140,0.19795221843003413,0.36860068259385664,0.0,0.4334470989761092
141,0.21587960560456668,0.4795018162947587,0.0,0.3046185781006746
142,0.08617886178861789,0.12520325203252033,0.7886178861788617,0.0
143,0.29617117117117114,0.14977477477477477,0.0,0.5540540540540541
144,0.5492738589211619,0.016597510373443983,0.0,0.4341286307053942
145,0.42191780821917807,0.0,0.4611872146118721,0.11689497716894977
146,0.0,0.2647058823529412,0.3113970588235294,0.4238970588235294
147,0.31840459692411693,0.4132161568362346,0.0,0.2683792462396485
148,0.18360787464845318,0.5411811972679791,0.2752109280835677,0.0
149,0.20411985018726592,0.4787765293383271,0.317103620474407,0.0
150,0.0,0.14750121300339641,0.6293061620572538,0.22319262493934983
151,0.1418286537077034,0.5946724262059035,0.2634989200863931,0.0
152,0.0,0.2594963127869765,0.19521358007513567,0.5452901071378878
153,0.3017296604740551,0.1467008327994875,0.5515695067264574,0.0
154,0.28439519852262235,0.0,0.26685133887349954,0.4487534626038781
155,0.0,0.3224064789818743,0.4469726185885075,0.2306209024296182
156,0.2769319714781268,0.4312969743688572,0.291771054153016,0.0
157,0.0,0.45822423232563675,0.13877648179004998,0.4029992858843133
158,0.2610489098408957,0.4036535061873895,0.3352975839717148,0.0
159,0.7337278106508875,0.16272189349112426,0.0,0.10355029585798817
160,0.0,0.4099526066350711,0.4052132701421801,0.1848341232227488
161,0.21181384248210025,0.5399761336515513,0.24821002386634844,0.0
162,0.32972972972972975,0.10810810810810811,0.0,0.5621621621621622
163,0.46332046332046334,0.43243243243243246,0.0,0.10424710424710425
164,0.0,0.45861601085481685,0.4314789687924016,0.10990502035278155
165,0.0,0.24566037735849056,0.6041509433962264,0.150188679245283
166,0.4853520644166524,0.3643995203015248,0.0,0.15024841528182287
167,0.5863116094370474,0.000934361130576968,0.4127540294323756,0.0
168,0.0,0.2698659413250437,0.5387604429764912,0.19137361569846512
169,0.0,0.3465924158048263,0.3908777512596128,0.26252983293556087
170,0.3160226869904289,0.3626373626373626,0.3213399503722084,0.0
171,0.0,0.3689269940244219,0.5796310730059756,0.05144193296960249
172,0.0,0.41950389105058367,0.2230058365758755,0.35749027237354086
173,0.0,0.2910683012259194,0.5453590192644483,0.16357267950963222
174,0.3245255825126111,0.33077107854912324,0.34470333893826566,0.0
175,0.0,0.1912772585669782,0.15046728971962617,0.6582554517133956
176,0.10306122448979592,0.0,0.13387755102040816,0.763061224489796
177,0.2091286307053942,0.4896265560165975,0.3012448132780083,0.0
178,0.0,0.3674496644295302,0.14429530201342283,0.48825503355704697
179,0.033711615487316424,0.0,0.05807743658210948,0.9082109479305741
180,0.47701863354037266,0.26211180124223604,0.0,0.2608695652173913
181,0.06245710363761153,0.0,0.2445664607641272,0.6929764355982613
182,0.0,0.2593103448275862,0.5521839080459771,0.18850574712643678
183,0.5594795539033457,0.2527881040892193,0.0,0.18773234200743494
184,0.0,0.4585201793721973,0.44506726457399104,0.09641255605381166
185,0.18609742747673783,0.0,0.5008210180623974,0.31308155446086483
186,0.17023346303501946,0.22762645914396887,0.6021400778210116,0.0
187,0.26666666666666666,0.0,0.1063063063063063,0.6270270270270271
188,0.1983739837398374,0.0,0.12764227642276424,0.6739837398373983
189,0.34269005847953216,0.4678362573099415,0.0,0.18947368421052632
190,0.06149341142020498,0.3440702781844802,0.5944363103953147,0.0
191,0.38188976377952755,0.2900262467191601,0.0,0.32808398950131235
192,0.0,0.3896678966789668,0.5749077490774908,0.035424354243542434
193,0.0,0.0725010725010725,0.8708708708708709,0.05662805662805663
194,0.3033419023136247,0.32904884318766064,0.0,0.3676092544987147
195,0.3224181360201511,0.16624685138539042,0.0,0.5113350125944585
196,0.6531007751937985,0.1298449612403101,0.0,0.21705426356589147
197,0.2702702702702703,0.0,0.37201907790143085,0.35771065182829886
198,0.49850746268656715,0.0,0.3253731343283582,0.1761194029850746
199,0.49429657794676807,0.12547528517110265,0.0,0.38022813688212925
200,0.0,0.43746525847693163,0.45136186770428016,0.11117287381878821
201,0.1752873563218391,0.49616858237547895,0.328544061302682,0.0
202,0.12828947368421054,0.26644736842105265,0.6052631578947368,0.0
203,0.3248407643312102,0.0,0.08598726114649681,0.589171974522293
204,0.0,0.10964912280701754,0.0,0.8903508771929824
205,0.1233644859813084,0.0,0.41495327102803736,0.4616822429906542
206,0.3538135593220339,0.0,0.19491525423728814,0.451271186440678
207,0.0,0.18629994810586403,0.749351323300467,0.06434872859366891
208,0.14814814814814814,0.3159041394335512,0.5359477124183006,0.0
209,0.20739064856711917,0.0,0.22926093514328807,0.5633484162895928
210,0.29381443298969073,0.09278350515463918,0.6134020618556701,0.0
211,0.42724458204334365,0.0,0.1238390092879257,0.44891640866873067
212,0.39473684210526316,0.0,0.13562753036437247,0.46963562753036436
213,0.0,0.5642701525054467,0.355119825708061,0.08061002178649238
214,0.5971428571428572,0.18571428571428572,0.0,0.21714285714285714
215,0.0,0.13902681231380337,0.7795431976166832,0.0814299900695134
216,0.4433497536945813,0.21674876847290642,0.0,0.3399014778325123
217,0.0,0.2918454935622318,0.33905579399141633,0.36909871244635195
218,0.47433264887063653,0.0,0.28542094455852157,0.2402464065708419
219,0.0,0.09367493995196156,0.8158526821457166,0.09047237790232186
220,0.0,0.3498799039231385,0.4067253803042434,0.2433947157726181
221,0.12862918044836458,0.7115031238515251,0.15986769570011025,0.0
222,0.18664383561643835,0.3176369863013699,0.4957191780821918,0.0
223,0.2786697247706422,0.0,0.10206422018348624,0.6192660550458715
224,0.16916299559471365,0.0,0.4555066079295154,0.37533039647577093
225,0.0,0.4080325960419092,0.559953434225844,0.0320139697322468
226,0.0,0.1310344827586207,0.7607758620689655,0.10818965517241379
227,0.3258766626360339,0.524788391777509,0.0,0.14933494558645707
228,0.0,0.11348057882711349,0.7768469154607769,0.10967250571210967
229,0.0,0.17415730337078653,0.7786516853932585,0.04719101123595506
230,0.36597763470010164,0.0,0.12843104032531347,0.5055913249745849
231,0.0,0.12359550561797752,0.5213483146067416,0.3550561797752809
232,0.1635933806146572,0.0,0.11016548463356975,0.7262411347517731
233,0.5162705149971704,0.2828239954725523,0.0,0.20090548953027731
234,0.11419696692855838,0.0,0.5156221450758268,0.3701808879956148
235,0.2694300518134715,0.37305699481865284,0.35751295336787564,0.0
236,0.44746869896570496,0.3456722917800762,0.0,0.20685900925421882
237,0.2283571915473756,0.43012951601908656,0.34151329243353784,0.0
238,0.0,0.25439847836424156,0.034236804564907276,0.7113647170708511
239,0.04021164021164021,0.7015873015873015,0.2582010582010582,0.0
240,0.0981651376146789,0.0,0.16926605504587156,0.7325688073394495
241,0.19333333333333333,0.12666666666666668,0.68,0.0
242,0.5505258344764518,0.44947416552354824,0.0,0.0
243,0.09630064591896653,0.0,0.8737522019964769,0.029947152084556665
244,0.0,0.06264501160092807,0.494199535962877,0.4431554524361949
245,0.0,0.2641093474426808,0.6701940035273368,0.06569664902998236
246,0.0,0.3065134099616858,0.37701149425287356,0.3164750957854406
247,0.06528189910979229,0.5341246290801187,0.40059347181008903,0.0
248,0.3588516746411483,0.4370015948963317,0.0,0.20414673046251994
249,0.0,0.12609295904279796,0.8380119650253106,0.035895075931891396
250,0.0,0.24133448873483535,0.6685441941074524,0.09012131715771231
251,0.09710391822827939,0.0,0.20499716070414536,0.6978989210675752
252,0.0,0.13165266106442577,0.7796451914098973,0.08870214752567694
253,0.5924507658643327,0.34682713347921224,0.0,0.06072210065645514
254,0.12771739130434784,0.0,0.14565217391304347,0.7266304347826087
255,0.18579234972677597,0.0,0.42349726775956287,0.3907103825136612
256,0.12413793103448276,0.3586206896551724,0.5172413793103449,0.0
257,0.3268983268983269,0.4967824967824968,0.0,0.17631917631917632
258,0.0,0.47339593114241,0.5007824726134585,0.025821596244131457
259,0.265810746552544,0.649548264384213,0.0,0.08464098906324298
260,0.0,0.38840262582056895,0.38840262582056895,0.22319474835886213
261,0.35336280014335203,0.5921634213355632,0.0,0.0544737785210847
262,0.1592488262910798,0.0,0.28225352112676055,0.5584976525821597
263,0.21890547263681592,0.5143034825870647,0.2667910447761194,0.0
264,0.5139442231075697,0.26294820717131473,0.0,0.22310756972111553
265,0.0,0.46259541984732827,0.42900763358778626,0.1083969465648855
266,0.3808758537565287,0.5285255122539172,0.0,0.09059863398955403
267,0.24074074074074073,0.2222222222222222,0.0,0.5370370370370371
268,0.0,0.23404255319148937,0.6276595744680851,0.13829787234042554
269,0.2849462365591398,0.0,0.13799283154121864,0.5770609318996416
270,0.0,0.021520803443328552,0.48923959827833574,0.48923959827833574
271,0.2902208201892745,0.0,0.26498422712933756,0.444794952681388
272,0.37341772151898733,0.31856540084388185,0.0,0.3080168776371308
273,0.23696682464454977,0.03317535545023697,0.0,0.7298578199052133
274,0.08343868520859671,0.0,0.8849557522123894,0.0316055625790139
275,0.3041095890410959,0.5196347031963471,0.17625570776255708,0.0
276,0.5311510031678986,0.3888067581837381,0.0,0.08004223864836325
277,0.12794612794612795,0.5353535353535354,0.3367003367003367,0.0
278,0.32501062473438164,0.4198895027624309,0.0,0.25509987250318744
279,0.25,0.33695652173913043,0.41304347826086957,0.0
280,0.0,0.02626641651031895,0.04127579737335835,0.9324577861163227
281,0.015064562410329985,0.9067431850789096,0.0781922525107604,0.0
282,0.0881057268722467,0.73568281938326,0.1762114537444934,0.0
283,0.0,0.08678756476683938,0.033246977547495685,0.8799654576856649
284,0.01637060257749913,0.0,0.03239289446185998,0.9512365029606409
285,0.12121212121212122,0.14898989898989898,0.7297979797979798,0.0
286,0.25092250922509224,0.17712177121771217,0.0,0.5719557195571956
287,0.001455604075691412,0.5647743813682679,0.43377001455604075,0.0
288,0.5576923076923077,0.053167420814479636,0.0,0.3891402714932127
289,0.10409745293466224,0.0,0.12790697674418605,0.7679955703211517
290,0.3695345557122708,0.3765867418899859,0.0,0.2538787023977433
291,0.0,0.7130977130977131,0.28274428274428276,0.004158004158004158
292,0.6653225806451613,0.2157258064516129,0.0,0.11895161290322581
293,0.0,0.17099056603773585,0.7075471698113207,0.1214622641509434
294,0.37888198757763975,0.19254658385093168,0.0,0.42857142857142855
295,0.0,0.20915032679738563,0.48366013071895425,0.30718954248366015
296,0.31092436974789917,0.4327731092436975,0.25630252100840334,0.0
297,0.16793893129770993,0.0,0.3702290076335878,0.4618320610687023
298,0.3684210526315789,0.45864661654135336,0.17293233082706766,0.0
299,0.3188405797101449,0.0,0.13043478260869565,0.5507246376811594
300,0.1864406779661017,0.5423728813559322,0.2711864406779661,0.0
301,0.4,0.0,0.5,0.1
302,0.46153846153846156,0.38461538461538464,0.0,0.15384615384615385
303,0.6206896551724138,0.0,0.10344827586206896,0.27586206896551724
304,0.0,0.2222222222222222,0.4444444444444444,0.3333333333333333
305,0.44,0.0,0.04,0.52
306,0.0,0.0,1.0,0.0
307,,,,
308,0.0,0.0,1.0,0.0
309,0.0,0.0,0.15384615384615385,0.8461538461538461
310,0.0,0.0,0.3333333333333333,0.6666666666666666
311,,,,
312,,,,
313,,,,
314,,,,
315,,,,
