,A,C,G,T
0,,,,
1,,,,
2,0.0,0.21428571428571427,0.7678571428571429,0.017857142857142856
3,0.0,0.14754098360655737,0.4426229508196721,0.4098360655737705
4,0.5064935064935064,0.23376623376623376,0.2597402597402597,0.0
5,0.8888888888888888,0.037037037037037035,0.0,0.07407407407407407
6,0.6666666666666666,0.0,0.1111111111111111,0.2222222222222222
7,0.0,0.45,0.25,0.3
8,0.7619047619047619,0.19642857142857142,0.0,0.041666666666666664
9,0.1308411214953271,0.0,0.16822429906542055,0.7009345794392523
10,0.0,0.0,1.0,0.0
11,0.3076923076923077,0.23076923076923078,0.0,0.46153846153846156
12,0.2653061224489796,0.30612244897959184,0.0,0.42857142857142855
13,0.7586206896551724,0.1724137931034483,0.06896551724137931,0.0
14,0.6,0.05714285714285714,0.0,0.34285714285714286
15,0.3333333333333333,0.0,0.5,0.16666666666666666
16,0.0,0.5,0.3,0.2
17,0.8461538461538461,0.038461538461538464,0.0,0.11538461538461539
18,0.0,0.26666666666666666,0.7333333333333333,0.0
19,0.2857142857142857,0.0,0.42857142857142855,0.2857142857142857
20,0.6551724137931034,0.3448275862068966,0.0,0.0
21,0.3076923076923077,0.23076923076923078,0.0,0.46153846153846156
22,0.2857142857142857,0.2857142857142857,0.0,0.42857142857142855
23,0.1111111111111111,0.5555555555555556,0.0,0.3333333333333333
24,0.05,0.0,0.05,0.9
25,0.5714285714285714,0.0,0.0,0.42857142857142855
26,0.0,0.7857142857142857,0.21428571428571427,0.0
27,0.1111111111111111,0.1111111111111111,0.0,0.7777777777777778
28,0.0,0.75,0.08333333333333333,0.16666666666666666
29,0.8028169014084507,0.028169014084507043,0.0,0.16901408450704225
30,0.6122448979591837,0.12244897959183673,0.0,0.2653061224489796
31,0.125,0.5625,0.3125,0.0
32,0.17647058823529413,0.29411764705882354,0.0,0.5294117647058824
33,0.0,0.75,0.1875,0.0625
34,0.0,0.06818181818181818,0.8068181818181818,0.125
35,0.75,0.0625,0.0,0.1875
36,0.0,0.2,0.75,0.05
37,0.0,0.3442622950819672,0.6229508196721312,0.03278688524590164
38,0.5517241379310345,0.20689655172413793,0.0,0.2413793103448276
39,0.2727272727272727,0.0,0.0,0.7272727272727273
40,0.5,0.0,0.3333333333333333,0.16666666666666666
41,0.375,0.25,0.375,0.0
42,0.0,0.16666666666666666,0.0,0.8333333333333334
43,0.3333333333333333,0.3333333333333333,0.0,0.3333333333333333
44,0.7,0.1,0.0,0.2
45,0.0,0.15384615384615385,0.6538461538461539,0.19230769230769232
46,0.6,0.0,0.0,0.4
47,0.030303030303030304,0.0,0.5151515151515151,0.45454545454545453
48,0.11764705882352941,0.23529411764705882,0.6470588235294118,0.0
49,0.07692307692307693,0.0,0.0,0.9230769230769231
50,0.0,0.30952380952380953,0.2619047619047619,0.42857142857142855
51,0.5675675675675675,0.32432432432432434,0.0,0.10810810810810811
52,0.0,0.5,0.5,0.0
53,0.13043478260869565,0.43478260869565216,0.0,0.43478260869565216
54,0.0,0.6428571428571429,0.2857142857142857,0.07142857142857142
55,0.0,0.16521739130434782,0.782608695652174,0.05217391304347826
56,0.8153846153846154,0.1076923076923077,0.0,0.07692307692307693
57,0.25,0.525,0.0,0.225
58,0.4,0.6,0.0,0.0
59,0.1875,0.0,0.3125,0.5
60,0.10526315789473684,0.7631578947368421,0.13157894736842105,0.0
61,0.36363636363636365,0.0,0.18181818181818182,0.45454545454545453
62,0.2,0.0,0.13333333333333333,0.6666666666666666
63,0.0,0.5,0.5,0.0
64,1.0,0.0,0.0,0.0
65,0.05,0.0,0.0,0.95
66,0.0,0.3287671232876712,0.6575342465753424,0.0136986301369863
67,0.0,0.5272727272727272,0.41818181818181815,0.05454545454545454
68,0.6,0.12,0.0,0.28
69,0.6777777777777778,0.03333333333333333,0.0,0.28888888888888886
70,0.06896551724137931,0.0,0.10344827586206896,0.8275862068965517
71,0.1038961038961039,0.8051948051948052,0.09090909090909091,0.0
72,0.1875,0.625,0.1875,0.0
73,0.75,0.0,0.0,0.25
74,0.43636363636363634,0.4727272727272727,0.09090909090909091,0.0
75,0.5925925925925926,0.3333333333333333,0.0,0.07407407407407407
76,0.4782608695652174,0.391304347826087,0.0,0.13043478260869565
77,0.0,0.4782608695652174,0.4782608695652174,0.043478260869565216
78,0.24242424242424243,0.5,0.25757575757575757,0.0
79,0.018867924528301886,0.9433962264150944,0.03773584905660377,0.0
80,0.14285714285714285,0.0,0.40816326530612246,0.4489795918367347
81,0.0,0.24324324324324326,0.6486486486486487,0.10810810810810811
82,0.5420560747663551,0.0,0.34579439252336447,0.11214953271028037
83,0.40993788819875776,0.0,0.2795031055900621,0.3105590062111801
84,0.20833333333333334,0.25,0.5416666666666666,0.0
85,0.11627906976744186,0.7674418604651163,0.11627906976744186,0.0
86,0.017543859649122806,0.7982456140350878,0.18421052631578946,0.0
87,0.0,0.2606060606060606,0.38181818181818183,0.3575757575757576
88,0.13470319634703196,0.0,0.7123287671232876,0.15296803652968036
89,0.29012345679012347,0.5555555555555556,0.15432098765432098,0.0
90,0.0,0.19254658385093168,0.6273291925465838,0.18012422360248448
91,0.58,0.3725,0.0,0.0475
92,0.03908045977011494,0.0,0.42758620689655175,0.5333333333333333
93,0.38666666666666666,0.24,0.37333333333333335,0.0
94,0.6111111111111112,0.0,0.05555555555555555,0.3333333333333333
95,0.16666666666666666,0.7111111111111111,0.12222222222222222,0.0
96,0.5672514619883041,0.03508771929824561,0.0,0.39766081871345027
97,0.23076923076923078,0.0,0.36923076923076925,0.4
98,0.6949152542372882,0.06779661016949153,0.23728813559322035,0.0
99,0.0,0.572289156626506,0.0,0.42771084337349397
100,0.3333333333333333,0.16666666666666666,0.5,0.0
101,0.5416666666666666,0.22395833333333334,0.0,0.234375
102,0.16666666666666666,0.0,0.6111111111111112,0.2222222222222222
103,0.0,0.5454545454545454,0.18181818181818182,0.2727272727272727
104,0.3829787234042553,0.2624113475177305,0.0,0.3546099290780142
105,0.2857142857142857,0.42857142857142855,0.2857142857142857,0.0
106,0.0,0.2,0.0,0.8
107,0.8,0.2,0.0,0.0
108,0.2,0.6571428571428571,0.0,0.14285714285714285
109,0.058823529411764705,0.5294117647058824,0.4117647058823529,0.0
110,0.4727272727272727,0.23636363636363636,0.0,0.2909090909090909
111,0.125,0.0,0.375,0.5
112,0.6666666666666666,0.0,0.0,0.3333333333333333
113,0.0,0.27631578947368424,0.6710526315789473,0.05263157894736842
114,0.7777777777777778,0.0,0.2222222222222222,0.0
115,0.0,0.5,0.2,0.3
116,0.3333333333333333,0.0,0.0,0.6666666666666666
117,0.6632653061224489,0.1326530612244898,0.0,0.20408163265306123
118,0.023255813953488372,0.0,0.6511627906976745,0.32558139534883723
119,0.03333333333333333,0.8333333333333334,0.13333333333333333,0.0
120,0.4117647058823529,0.0,0.5882352941176471,0.0
121,0.16666666666666666,0.75,0.0,0.08333333333333333
122,0.3684210526315789,0.5684210526315789,0.06315789473684211,0.0
123,0.2857142857142857,0.14285714285714285,0.0,0.5714285714285714
124,0.3333333333333333,0.0,0.0,0.6666666666666666
125,0.0,0.2553191489361702,0.574468085106383,0.1702127659574468
126,0.25,0.0,0.6875,0.0625
127,0.0,0.125,0.5,0.375
128,0.0,0.0847457627118644,0.9152542372881356,0.0
129,0.45925925925925926,0.0,0.5407407407407407,0.0
130,0.3,0.6857142857142857,0.0,0.014285714285714285
131,0.1875,0.0,0.4,0.4125
132,0.2631578947368421,0.0,0.0,0.7368421052631579
133,0.015873015873015872,0.9682539682539683,0.015873015873015872,0.0
134,0.13793103448275862,0.27586206896551724,0.5862068965517241,0.0
135,0.4,0.4,0.0,0.2
136,0.0,0.25,0.125,0.625
137,1.0,0.0,0.0,0.0
138,0.0,0.16666666666666666,0.8333333333333334,0.0
139,0.15,0.05,0.0,0.8
140,0.09090909090909091,0.36363636363636365,0.0,0.5454545454545454
141,0.0,0.3793103448275862,0.5,0.1206896551724138
142,0.2222222222222222,0.2222222222222222,0.5555555555555556,0.0
143,0.0,0.22023809523809523,0.5178571428571429,0.2619047619047619
144,0.4,0.0,0.0,0.6
145,0.125,0.375,0.0,0.5
146,0.0,0.24413145539906103,0.647887323943662,0.107981220657277
147,0.2903225806451613,0.12903225806451613,0.5806451612903226,0.0
148,0.05555555555555555,0.3888888888888889,0.0,0.5555555555555556
149,0.18181818181818182,0.45454545454545453,0.0,0.36363636363636365
150,0.0,0.2911392405063291,0.620253164556962,0.08860759493670886
151,0.08163265306122448,0.40816326530612246,0.5102040816326531,0.0
152,0.5,0.0,0.3,0.2
153,0.48148148148148145,0.5,0.0,0.018518518518518517
154,0.16049382716049382,0.5679012345679012,0.2716049382716049,0.0
155,0.10526315789473684,0.0,0.7894736842105263,0.10526315789473684
156,0.24,0.55,0.0,0.21
157,0.04838709677419355,0.4838709677419355,0.46774193548387094,0.0
158,0.2,0.3466666666666667,0.4533333333333333,0.0
159,0.43478260869565216,0.30434782608695654,0.0,0.2608695652173913
160,0.31092436974789917,0.5714285714285714,0.0,0.11764705882352941
161,0.6041666666666666,0.0,0.22916666666666666,0.16666666666666666
162,0.0,0.2916666666666667,0.7083333333333334,0.0
163,0.5087719298245614,0.4619883040935672,0.0,0.029239766081871343
164,0.3333333333333333,0.43434343434343436,0.23232323232323232,0.0
165,0.6142857142857143,0.3,0.0,0.08571428571428572
166,0.71,0.16,0.0,0.13
167,0.4669811320754717,0.37735849056603776,0.15566037735849056,0.0
168,0.0,0.21962616822429906,0.5560747663551402,0.22429906542056074
169,0.0,0.24113475177304963,0.6382978723404256,0.12056737588652482
170,0.38461538461538464,0.0,0.40828402366863903,0.20710059171597633
171,0.0,0.15476190476190477,0.5119047619047619,0.3333333333333333
172,0.16363636363636364,0.0,0.4,0.43636363636363634
173,0.0,0.1590909090909091,0.20454545454545456,0.6363636363636364
174,0.0,0.20555555555555555,0.6611111111111111,0.13333333333333333
175,0.0,0.088,0.688,0.224
176,0.1588785046728972,0.0,0.3925233644859813,0.4485981308411215
177,0.12,0.46,0.42,0.0
178,0.0,0.37037037037037035,0.09876543209876543,0.5308641975308642
179,0.0547945205479452,0.0,0.0273972602739726,0.9178082191780822
180,0.7671232876712328,0.0410958904109589,0.0,0.1917808219178082
181,0.4264705882352941,0.0,0.5441176470588235,0.029411764705882353
182,0.0,0.25,0.59375,0.15625
183,0.2,0.0,0.76,0.04
184,0.0,0.32075471698113206,0.6415094339622641,0.03773584905660377
185,0.6486486486486487,0.16216216216216217,0.0,0.1891891891891892
186,0.0,0.6153846153846154,0.375,0.009615384615384616
187,0.0,0.14965986394557823,0.5850340136054422,0.2653061224489796
188,0.4279835390946502,0.4609053497942387,0.0,0.1111111111111111
189,0.017543859649122806,0.43859649122807015,0.543859649122807,0.0
190,0.2727272727272727,0.12121212121212122,0.6060606060606061,0.0
191,0.03007518796992481,0.0,0.19548872180451127,0.7744360902255639
192,0.6153846153846154,0.0,0.36923076923076925,0.015384615384615385
193,0.0,0.04054054054054054,0.8243243243243243,0.13513513513513514
194,0.5035460992907801,0.4326241134751773,0.0,0.06382978723404255
195,0.37362637362637363,0.5934065934065934,0.0,0.03296703296703297
196,0.0,0.00625,0.9875,0.00625
197,0.0,0.5404255319148936,0.25957446808510637,0.2
198,0.0,0.53125,0.40625,0.0625
199,0.08333333333333333,0.5833333333333334,0.0,0.3333333333333333
200,0.0,0.25,0.75,0.0
201,0.25510204081632654,0.673469387755102,0.0,0.07142857142857142
202,0.15789473684210525,0.6842105263157895,0.15789473684210525,0.0
203,0.24175824175824176,0.0,0.3516483516483517,0.4065934065934066
204,0.0,0.038461538461538464,0.21794871794871795,0.7435897435897436
205,0.10416666666666667,0.0,0.6875,0.20833333333333334
206,0.07272727272727272,0.0,0.3090909090909091,0.6181818181818182
207,0.0,0.27205882352941174,0.16176470588235295,0.5661764705882353
208,0.21428571428571427,0.2857142857142857,0.5,0.0
209,0.23423423423423423,0.34234234234234234,0.42342342342342343,0.0
210,0.0,0.06666666666666667,0.2,0.7333333333333333
211,0.19,0.0,0.54,0.27
212,0.1206896551724138,0.0,0.45689655172413796,0.4224137931034483
213,0.0,0.18518518518518517,0.3333333333333333,0.48148148148148145
214,0.24705882352941178,0.6352941176470588,0.0,0.11764705882352941
215,0.5277777777777778,0.125,0.0,0.3472222222222222
216,0.5384615384615384,0.23076923076923078,0.0,0.23076923076923078
217,0.0,0.5,0.4444444444444444,0.05555555555555555
218,0.2962962962962963,0.0,0.5185185185185185,0.18518518518518517
219,0.0,0.3,0.3142857142857143,0.38571428571428573
220,0.29545454545454547,0.5227272727272727,0.18181818181818182,0.0
221,0.2,0.675,0.0,0.125
222,0.21739130434782608,0.043478260869565216,0.7391304347826086,0.0
223,0.5517241379310345,0.0,0.0,0.4482758620689655
224,0.3013698630136986,0.0,0.410958904109589,0.2876712328767123
225,0.0,0.07317073170731707,0.4146341463414634,0.5121951219512195
226,0.35365853658536583,0.0,0.5975609756097561,0.04878048780487805
227,0.0,0.16129032258064516,0.5161290322580645,0.3225806451612903
228,0.0,0.07586206896551724,0.903448275862069,0.020689655172413793
229,0.7952218430034129,0.1945392491467577,0.0,0.010238907849829351
230,0.18875502008032127,0.0,0.26506024096385544,0.5461847389558233
231,0.0,0.07142857142857142,0.25,0.6785714285714286
232,0.35714285714285715,0.0,0.07142857142857142,0.5714285714285714
233,0.0,0.3411764705882353,0.4,0.25882352941176473
234,0.7666666666666667,0.0,0.0,0.23333333333333334
235,0.016042780748663103,0.0,0.0427807486631016,0.9411764705882353
236,0.08536585365853659,0.0,0.5365853658536586,0.3780487804878049
237,0.23529411764705882,0.11764705882352941,0.6470588235294118,0.0
238,0.0,0.03508771929824561,0.017543859649122806,0.9473684210526315
239,0.01694915254237288,0.0,0.05084745762711865,0.9322033898305084
240,0.0,0.2631578947368421,0.042105263157894736,0.6947368421052632
241,0.0,0.0,1.0,0.0
242,0.9230769230769231,0.038461538461538464,0.0,0.038461538461538464
243,0.13043478260869565,0.7391304347826086,0.0,0.13043478260869565
244,0.0,0.4166666666666667,0.5,0.08333333333333333
245,0.853035143769968,0.12460063897763578,0.0,0.022364217252396165
246,0.3872832369942196,0.0,0.1676300578034682,0.44508670520231214
247,0.25,0.0,0.75,0.0
248,0.09615384615384616,0.7692307692307693,0.0,0.1346153846153846
249,0.0,0.8064516129032258,0.1935483870967742,0.0
250,0.373134328358209,0.5373134328358209,0.0,0.08955223880597014
251,0.3382352941176471,0.0,0.3602941176470588,0.3014705882352941
252,0.0,0.041237113402061855,0.9175257731958762,0.041237113402061855
253,0.509090909090909,0.09090909090909091,0.0,0.4
254,0.13725490196078433,0.0,0.1568627450980392,0.7058823529411765
255,0.14285714285714285,0.0,0.2857142857142857,0.5714285714285714
256,0.0,0.3333333333333333,0.6666666666666666,0.0
257,0.29545454545454547,0.6363636363636364,0.0,0.06818181818181818
258,0.0,0.1791044776119403,0.7910447761194029,0.029850746268656716
259,0.20588235294117646,0.7696078431372549,0.0,0.024509803921568627
260,0.0,0.32222222222222224,0.2777777777777778,0.4
261,0.07692307692307693,0.4,0.5230769230769231,0.0
262,0.2,0.0,0.0,0.8
263,0.4444444444444444,0.0,0.2222222222222222,0.3333333333333333
264,0.3333333333333333,0.3333333333333333,0.0,0.3333333333333333
265,0.0,0.5333333333333333,0.26666666666666666,0.2
266,0.36013986013986016,0.5909090909090909,0.0,0.04895104895104895
267,0.0,0.0,0.0,1.0
268,0.0,0.0,1.0,0.0
269,0.13157894736842105,0.0,0.02631578947368421,0.8421052631578947
270,0.0,0.038461538461538464,0.15384615384615385,0.8076923076923077
271,0.16666666666666666,0.0,0.25,0.5833333333333334
272,0.25,0.0,0.0,0.75
273,0.6666666666666666,0.16666666666666666,0.0,0.16666666666666666
274,0.07142857142857142,0.0,0.5714285714285714,0.35714285714285715
275,0.3,0.0,0.1,0.6
276,0.7410071942446043,0.19424460431654678,0.0,0.06474820143884892
277,0.3333333333333333,0.5666666666666667,0.1,0.0
278,0.35904255319148937,0.3271276595744681,0.0,0.31382978723404253
279,0.0,0.5,0.5,0.0
280,0.0,0.047619047619047616,0.047619047619047616,0.9047619047619048
281,0.022222222222222223,0.8222222222222222,0.15555555555555556,0.0
282,0.0,0.46153846153846156,0.5384615384615384,0.0
283,0.0,0.0273972602739726,0.0410958904109589,0.9315068493150684
284,0.0,0.0,0.005025125628140704,0.9949748743718593
285,0.19230769230769232,0.07692307692307693,0.7307692307692307,0.0
286,0.4166666666666667,0.16666666666666666,0.0,0.4166666666666667
287,0.0,0.5576923076923077,0.4423076923076923,0.0
288,0.3076923076923077,0.07692307692307693,0.0,0.6153846153846154
289,0.19672131147540983,0.0,0.22950819672131148,0.5737704918032787
290,0.4375,0.0625,0.0,0.5
291,0.7627118644067796,0.0,0.0,0.23728813559322035
292,0.23809523809523808,0.0,0.5714285714285714,0.19047619047619047
293,0.0,0.16981132075471697,0.5283018867924528,0.3018867924528302
294,0.10344827586206896,0.6724137931034483,0.0,0.22413793103448276
295,0.0,0.26666666666666666,0.06666666666666667,0.6666666666666666
296,0.5,0.25,0.25,0.0
297,0.0,0.0,0.8421052631578947,0.15789473684210525
298,0.07692307692307693,0.38461538461538464,0.5384615384615384,0.0
299,0.0,0.375,0.0,0.625
300,0.0,0.0,1.0,0.0
301,0.7777777777777778,0.0,0.0,0.2222222222222222
302,0.0,1.0,0.0,0.0
303,,,,
304,,,,
305,1.0,0.0,0.0,0.0
306,,,,
307,,,,
308,,,,
309,0.0,0.0,1.0,0.0
310,,,,
311,,,,
312,,,,
313,,,,
314,,,,
315,,,,
