,A,C,G,T
0,,,,
1,,,,
2,,,,
3,1.0,0.0,0.0,0.0
4,,,,
5,,,,
6,,,,
7,,,,
8,0.0,1.0,0.0,0.0
9,1.0,0.0,0.0,0.0
10,,,,
11,,,,
12,,,,
13,1.0,0.0,0.0,0.0
14,,,,
15,,,,
16,,,,
17,,,,
18,,,,
19,,,,
20,0.0,0.0,1.0,0.0
21,,,,
22,,,,
23,,,,
24,,,,
25,,,,
26,,,,
27,1.0,0.0,0.0,0.0
28,0.5,0.5,0.0,0.0
29,,,,
30,,,,
31,,,,
32,,,,
33,,,,
34,,,,
35,0.0,0.0,1.0,0.0
36,,,,
37,,,,
38,,,,
39,,,,
40,,,,
41,,,,
42,,,,
43,,,,
44,1.0,0.0,0.0,0.0
45,,,,
46,,,,
47,0.0,0.0,1.0,0.0
48,,,,
49,,,,
50,0.0,1.0,0.0,0.0
51,,,,
52,,,,
53,0.0,1.0,0.0,0.0
54,,,,
55,1.0,0.0,0.0,0.0
56,,,,
57,,,,
58,,,,
59,,,,
60,,,,
61,,,,
62,0.0,1.0,0.0,0.0
63,,,,
64,,,,
65,0.0,1.0,0.0,0.0
66,0.0,0.0,0.0,1.0
67,0.0,0.0,0.0,1.0
68,0.0,0.0,1.0,0.0
69,,,,
70,0.75,0.0,0.25,0.0
71,0.0,0.0,0.0,1.0
72,,,,
73,,,,
74,0.0,1.0,0.0,0.0
75,,,,
76,1.0,0.0,0.0,0.0
77,0.0,0.0,1.0,0.0
78,,,,
79,,,,
80,,,,
81,,,,
82,0.0,0.0,1.0,0.0
83,,,,
84,,,,
85,,,,
86,,,,
87,,,,
88,0.75,0.25,0.0,0.0
89,0.0,0.6666666666666666,0.3333333333333333,0.0
90,1.0,0.0,0.0,0.0
91,0.0,1.0,0.0,0.0
92,,,,
93,0.0,0.0,0.0,1.0
94,0.0,0.0,0.0,1.0
95,0.0,0.0,0.0,1.0
96,,,,
97,0.0,0.0,0.0,1.0
98,0.0,0.0,0.0,1.0
99,,,,
100,,,,
101,1.0,0.0,0.0,0.0
102,0.0,0.8461538461538461,0.15384615384615385,0.0
103,0.9230769230769231,0.07692307692307693,0.0,0.0
104,0.0,0.0,0.0,1.0
105,,,,
106,,,,
107,,,,
108,,,,
109,,,,
110,0.0,0.0,0.0,1.0
111,,,,
112,,,,
113,,,,
114,,,,
115,,,,
116,,,,
117,,,,
118,,,,
119,,,,
120,0.0,0.0,1.0,0.0
121,0.0,1.0,0.0,0.0
122,0.0,1.0,0.0,0.0
123,,,,
124,,,,
125,,,,
126,,,,
127,0.0,0.0,1.0,0.0
128,0.0,0.0,1.0,0.0
129,,,,
130,,,,
131,1.0,0.0,0.0,0.0
132,,,,
133,,,,
134,0.0,0.1111111111111111,0.8888888888888888,0.0
135,,,,
136,,,,
137,1.0,0.0,0.0,0.0
138,,,,
139,0.0,0.0,1.0,0.0
140,,,,
141,0.0,1.0,0.0,0.0
142,,,,
143,0.0,0.25,0.0,0.75
144,,,,
145,0.0,1.0,0.0,0.0
146,0.0,1.0,0.0,0.0
147,0.0,0.75,0.25,0.0
148,0.3333333333333333,0.0,0.6666666666666666,0.0
149,0.0,0.3333333333333333,0.0,0.6666666666666666
150,0.0,0.0,0.0,1.0
151,,,,
152,0.0,0.0,0.0,1.0
153,,,,
154,,,,
155,0.0,0.0,1.0,0.0
156,0.0,0.0,1.0,0.0
157,0.0,0.0,1.0,0.0
158,1.0,0.0,0.0,0.0
159,,,,
160,0.0,0.0,1.0,0.0
161,0.0,0.0,1.0,0.0
162,0.16666666666666666,0.8333333333333334,0.0,0.0
163,0.5,0.0,0.0,0.5
164,0.0,0.0,1.0,0.0
165,0.0,1.0,0.0,0.0
166,0.0,0.0,0.0,1.0
167,0.0,0.0,0.0,1.0
168,0.0,0.0,1.0,0.0
169,0.5,0.5,0.0,0.0
170,1.0,0.0,0.0,0.0
171,,,,
172,0.0,0.0,0.0,1.0
173,0.0,0.0,0.0,1.0
174,0.0,0.0,1.0,0.0
175,0.0,0.0,0.5,0.5
176,0.0,1.0,0.0,0.0
177,0.0,0.0,1.0,0.0
178,1.0,0.0,0.0,0.0
179,,,,
180,0.0,1.0,0.0,0.0
181,0.0,1.0,0.0,0.0
182,0.0,0.0,0.0,1.0
183,,,,
184,,,,
185,0.0,1.0,0.0,0.0
186,1.0,0.0,0.0,0.0
187,0.6666666666666666,0.0,0.16666666666666666,0.16666666666666666
188,0.0,1.0,0.0,0.0
189,1.0,0.0,0.0,0.0
190,,,,
191,,,,
192,0.2222222222222222,0.0,0.7777777777777778,0.0
193,,,,
194,0.0,0.0,1.0,0.0
195,0.0,0.0,0.0,1.0
196,,,,
197,,,,
198,,,,
199,0.0,0.0,0.0,1.0
200,0.0,0.0,0.3333333333333333,0.6666666666666666
201,,,,
202,,,,
203,,,,
204,0.0,1.0,0.0,0.0
205,,,,
206,0.0,0.0,1.0,0.0
207,0.0,0.0,0.0,1.0
208,,,,
209,0.0,1.0,0.0,0.0
210,,,,
211,0.0,0.0,1.0,0.0
212,,,,
213,,,,
214,,,,
215,,,,
216,,,,
217,,,,
218,0.0,0.5,0.0,0.5
219,,,,
220,,,,
221,,,,
222,,,,
223,,,,
224,0.0,0.15384615384615385,0.0,0.8461538461538461
225,,,,
226,,,,
227,0.0,1.0,0.0,0.0
228,,,,
229,,,,
230,,,,
231,0.0,0.0,1.0,0.0
232,0.0,0.0,1.0,0.0
233,,,,
234,,,,
235,,,,
236,0.0,0.0,0.0,1.0
237,0.0,0.0,0.0,1.0
238,0.0,0.0,0.0,1.0
239,1.0,0.0,0.0,0.0
240,0.0,0.0,1.0,0.0
241,0.0,1.0,0.0,0.0
242,1.0,0.0,0.0,0.0
243,,,,
244,,,,
245,,,,
246,0.0,0.0,0.0,1.0
247,,,,
248,0.8333333333333334,0.16666666666666666,0.0,0.0
249,,,,
250,,,,
251,0.0,0.6666666666666666,0.3333333333333333,0.0
252,,,,
253,,,,
254,,,,
255,,,,
256,0.5,0.5,0.0,0.0
257,,,,
258,0.0,0.0,1.0,0.0
259,,,,
260,,,,
261,0.0,0.0,1.0,0.0
262,,,,
263,,,,
264,0.0,0.0,1.0,0.0
265,0.0,0.0,1.0,0.0
266,,,,
267,,,,
268,0.0,0.0,0.0,1.0
269,,,,
270,,,,
271,0.0,0.0,1.0,0.0
272,,,,
273,,,,
274,,,,
275,,,,
276,1.0,0.0,0.0,0.0
277,0.0,1.0,0.0,0.0
278,1.0,0.0,0.0,0.0
279,,,,
280,,,,
281,,,,
282,1.0,0.0,0.0,0.0
283,,,,
284,0.75,0.0,0.0,0.25
285,,,,
286,,,,
287,0.0,1.0,0.0,0.0
288,,,,
289,0.0,0.0,0.0,1.0
290,0.0,0.0,0.0,1.0
291,,,,
292,,,,
293,,,,
294,0.6666666666666666,0.3333333333333333,0.0,0.0
295,,,,
296,,,,
297,,,,
298,,,,
299,,,,
300,,,,
301,,,,
302,,,,
303,,,,
304,,,,
305,,,,
306,,,,
307,,,,
308,,,,
309,,,,
310,,,,
311,,,,
312,,,,
313,,,,
314,,,,
315,,,,
316,,,,
317,,,,
318,,,,
319,,,,
