,A,C,G,T
0,,,,
1,,,,
2,,,,
3,1.0,0.0,0.0,0.0
4,,,,
5,0.0,0.0,0.0,1.0
6,,,,
7,,,,
8,1.0,0.0,0.0,0.0
9,0.3333333333333333,0.0,0.3333333333333333,0.3333333333333333
10,,,,
11,,,,
12,0.25,0.5,0.0,0.25
13,,,,
14,0.3333333333333333,0.6666666666666666,0.0,0.0
15,,,,
16,,,,
17,,,,
18,,,,
19,,,,
20,0.3333333333333333,0.3333333333333333,0.3333333333333333,0.0
21,,,,
22,,,,
23,0.5,0.5,0.0,0.0
24,0.0,1.0,0.0,0.0
25,0.0,0.0,1.0,0.0
26,,,,
27,,,,
28,0.0,0.0,1.0,0.0
29,0.5,0.5,0.0,0.0
30,0.5,0.0,0.0,0.5
31,,,,
32,0.0,0.0,0.0,1.0
33,0.0,0.3333333333333333,0.6666666666666666,0.0
34,,,,
35,,,,
36,,,,
37,0.0,0.0,0.75,0.25
38,1.0,0.0,0.0,0.0
39,,,,
40,,,,
41,,,,
42,,,,
43,,,,
44,,,,
45,,,,
46,,,,
47,,,,
48,0.0,1.0,0.0,0.0
49,,,,
50,0.0,1.0,0.0,0.0
51,0.0,1.0,0.0,0.0
52,,,,
53,,,,
54,,,,
55,0.0,0.25,0.75,0.0
56,1.0,0.0,0.0,0.0
57,0.2,0.8,0.0,0.0
58,,,,
59,0.0,0.0,0.0,1.0
60,,,,
61,,,,
62,0.0,0.0,0.0,1.0
63,,,,
64,,,,
65,0.0,0.0,0.0,1.0
66,0.0,1.0,0.0,0.0
67,0.0,1.0,0.0,0.0
68,1.0,0.0,0.0,0.0
69,0.75,0.0,0.0,0.25
70,0.0,0.0,1.0,0.0
71,0.3333333333333333,0.3333333333333333,0.3333333333333333,0.0
72,,,,
73,0.0,0.0,0.0,1.0
74,0.6666666666666666,0.3333333333333333,0.0,0.0
75,,,,
76,,,,
77,0.0,0.0,0.0,1.0
78,0.0,0.0,1.0,0.0
79,,,,
80,0.0,0.0,0.0,1.0
81,0.0,0.0,0.5,0.5
82,0.0,0.8333333333333334,0.16666666666666666,0.0
83,1.0,0.0,0.0,0.0
84,,,,
85,,,,
86,,,,
87,,,,
88,0.0,0.0,0.5,0.5
89,,,,
90,1.0,0.0,0.0,0.0
91,0.0,0.0,1.0,0.0
92,0.3333333333333333,0.0,0.3333333333333333,0.3333333333333333
93,0.5,0.5,0.0,0.0
94,,,,
95,0.0,0.0,1.0,0.0
96,1.0,0.0,0.0,0.0
97,0.0,0.0,0.25,0.75
98,0.0,0.5,0.5,0.0
99,0.0,0.0,0.0,1.0
100,,,,
101,0.75,0.0,0.0,0.25
102,,,,
103,,,,
104,0.5,0.0,0.0,0.5
105,,,,
106,,,,
107,0.0,0.0,0.0,1.0
108,0.0,1.0,0.0,0.0
109,,,,
110,,,,
111,,,,
112,,,,
113,0.0,0.3333333333333333,0.6666666666666666,0.0
114,,,,
115,,,,
116,,,,
117,,,,
118,,,,
119,,,,
120,,,,
121,,,,
122,0.0,1.0,0.0,0.0
123,,,,
124,,,,
125,0.0,0.0,1.0,0.0
126,,,,
127,,,,
128,0.0,1.0,0.0,0.0
129,0.0,1.0,0.0,0.0
130,0.0,0.0,1.0,0.0
131,0.5,0.5,0.0,0.0
132,0.0,0.0,0.0,1.0
133,0.0,1.0,0.0,0.0
134,,,,
135,0.0,1.0,0.0,0.0
136,1.0,0.0,0.0,0.0
137,1.0,0.0,0.0,0.0
138,0.0,0.0,1.0,0.0
139,,,,
140,,,,
141,0.0,1.0,0.0,0.0
142,,,,
143,1.0,0.0,0.0,0.0
144,0.0,1.0,0.0,0.0
145,0.0,1.0,0.0,0.0
146,0.0,0.25,0.75,0.0
147,0.25,0.0,0.25,0.5
148,0.6666666666666666,0.0,0.0,0.3333333333333333
149,0.6666666666666666,0.3333333333333333,0.0,0.0
150,,,,
151,,,,
152,,,,
153,0.0,0.0,0.0,1.0
154,0.0,0.0,1.0,0.0
155,0.0,0.0,0.5,0.5
156,,,,
157,1.0,0.0,0.0,0.0
158,0.0,1.0,0.0,0.0
159,0.0,0.75,0.25,0.0
160,0.0,0.0,0.3333333333333333,0.6666666666666666
161,0.4,0.0,0.2,0.4
162,0.0,0.0,0.0,1.0
163,0.4,0.4,0.0,0.2
164,0.5,0.5,0.0,0.0
165,0.75,0.0,0.0,0.25
166,,,,
167,0.5,0.5,0.0,0.0
168,0.0,1.0,0.0,0.0
169,0.6,0.0,0.0,0.4
170,0.0,0.0,1.0,0.0
171,0.0,0.0,0.0,1.0
172,,,,
173,0.0,0.6666666666666666,0.3333333333333333,0.0
174,0.0,0.0,1.0,0.0
175,0.0,0.0,0.0,1.0
176,0.0,0.0,0.0,1.0
177,0.6666666666666666,0.3333333333333333,0.0,0.0
178,0.0,0.0,0.0,1.0
179,0.0,1.0,0.0,0.0
180,0.0,0.5,0.0,0.5
181,0.0,0.0,0.5,0.5
182,0.0,0.5,0.5,0.0
183,,,,
184,0.0,0.0,1.0,0.0
185,,,,
186,0.0,1.0,0.0,0.0
187,0.0,0.0,1.0,0.0
188,1.0,0.0,0.0,0.0
189,0.0,0.0,1.0,0.0
190,1.0,0.0,0.0,0.0
191,0.0,1.0,0.0,0.0
192,0.0,0.0,0.0,1.0
193,0.0,0.0,0.6666666666666666,0.3333333333333333
194,0.5,0.5,0.0,0.0
195,0.5,0.0,0.0,0.5
196,0.0,0.5,0.0,0.5
197,,,,
198,0.0,1.0,0.0,0.0
199,,,,
200,0.0,0.0,1.0,0.0
201,0.5,0.5,0.0,0.0
202,,,,
203,,,,
204,0.0,0.0,0.0,1.0
205,,,,
206,,,,
207,0.0,0.0,0.6,0.4
208,,,,
209,0.5,0.0,0.0,0.5
210,0.0,0.3333333333333333,0.0,0.6666666666666666
211,0.5,0.0,0.0,0.5
212,,,,
213,0.0,1.0,0.0,0.0
214,0.0,1.0,0.0,0.0
215,0.2,0.6,0.0,0.2
216,,,,
217,,,,
218,,,,
219,0.0,0.0,0.0,1.0
220,0.0,0.0,0.0,1.0
221,1.0,0.0,0.0,0.0
222,,,,
223,,,,
224,,,,
225,0.0,1.0,0.0,0.0
226,0.0,1.0,0.0,0.0
227,0.0,0.0,0.5,0.5
228,,,,
229,0.3333333333333333,0.6666666666666666,0.0,0.0
230,0.0,0.0,0.25,0.75
231,0.0,0.0,0.0,1.0
232,,,,
233,0.0,0.3333333333333333,0.6666666666666666,0.0
234,,,,
235,0.0,0.0,0.0,1.0
236,1.0,0.0,0.0,0.0
237,0.0,1.0,0.0,0.0
238,0.0,0.0,0.0,1.0
239,,,,
240,,,,
241,0.0,0.0,0.0,1.0
242,0.0,1.0,0.0,0.0
243,0.0,1.0,0.0,0.0
244,0.0,1.0,0.0,0.0
245,0.5,0.5,0.0,0.0
246,0.0,0.0,0.0,1.0
247,,,,
248,,,,
249,0.0,0.0,1.0,0.0
250,0.4,0.6,0.0,0.0
251,0.0,0.0,1.0,0.0
252,0.0,0.0,0.0,1.0
253,,,,
254,0.0,0.0,0.0,1.0
255,,,,
256,,,,
257,0.5,0.5,0.0,0.0
258,0.0,0.0,1.0,0.0
259,0.125,0.75,0.0,0.125
260,0.0,0.0,1.0,0.0
261,,,,
262,,,,
263,0.0,1.0,0.0,0.0
264,,,,
265,,,,
266,0.0,1.0,0.0,0.0
267,,,,
268,,,,
269,,,,
270,,,,
271,,,,
272,,,,
273,,,,
274,0.0,0.0,1.0,0.0
275,,,,
276,0.0,0.0,1.0,0.0
277,0.0,0.0,0.0,1.0
278,0.125,0.375,0.0,0.5
279,,,,
280,,,,
281,,,,
282,,,,
283,0.0,0.0,0.3333333333333333,0.6666666666666666
284,0.0,0.0,0.0,1.0
285,,,,
286,,,,
287,,,,
288,,,,
289,,,,
290,,,,
291,,,,
292,,,,
293,,,,
294,,,,
295,,,,
296,,,,
297,,,,
298,,,,
299,,,,
300,,,,
301,,,,
302,,,,
303,,,,
304,,,,
305,,,,
306,,,,
307,,,,
308,,,,
309,,,,
310,,,,
311,,,,
312,,,,
313,,,,
