,A,C,G,T
0,,,,
1,,,,
2,0.5792682926829268,0.34146341463414637,0.0,0.07926829268292683
3,0.5892857142857143,0.17857142857142858,0.0,0.23214285714285715
4,0.3153846153846154,0.5692307692307692,0.11538461538461539,0.0
5,0.4077669902912621,0.27184466019417475,0.0,0.32038834951456313
6,0.3684210526315789,0.0,0.37719298245614036,0.2543859649122807
7,0.0,0.22727272727272727,0.5818181818181818,0.19090909090909092
8,0.7453936348408711,0.18592964824120603,0.0,0.06867671691792294
9,0.05254237288135593,0.0,0.1440677966101695,0.8033898305084746
10,0.30434782608695654,0.43478260869565216,0.2608695652173913,0.0
11,0.6097560975609756,0.24041811846689895,0.0,0.14982578397212543
12,0.08256880733944955,0.5458715596330275,0.37155963302752293,0.0
13,0.037037037037037035,0.7037037037037037,0.25925925925925924,0.0
14,0.68,0.08,0.0,0.24
15,0.056179775280898875,0.8539325842696629,0.0,0.0898876404494382
16,0.0,0.5714285714285714,0.16326530612244897,0.2653061224489796
17,0.6403508771929824,0.32894736842105265,0.0,0.03070175438596491
18,0.2619047619047619,0.09523809523809523,0.6428571428571429,0.0
19,0.3157894736842105,0.0,0.15789473684210525,0.5263157894736842
20,0.1111111111111111,0.23868312757201646,0.6502057613168725,0.0
21,0.1,0.1,0.0,0.8
22,0.4444444444444444,0.1111111111111111,0.0,0.4444444444444444
23,0.6029411764705882,0.11764705882352941,0.0,0.27941176470588236
24,0.375,0.0625,0.0,0.5625
25,0.1,0.2,0.0,0.7
26,0.0,0.49137931034482757,0.4482758620689655,0.0603448275862069
27,0.7307692307692307,0.17307692307692307,0.0,0.09615384615384616
28,0.7529411764705882,0.21470588235294116,0.0,0.03235294117647059
29,0.24731182795698925,0.0,0.44086021505376344,0.3118279569892473
30,0.04150943396226415,0.7471698113207547,0.21132075471698114,0.0
31,0.012987012987012988,0.5194805194805194,0.4675324675324675,0.0
32,0.5104166666666666,0.4166666666666667,0.0,0.07291666666666667
33,0.6578947368421053,0.2789473684210526,0.0,0.06315789473684211
34,0.2569832402234637,0.6033519553072626,0.13966480446927373,0.0
35,0.0,0.22142857142857142,0.48035714285714287,0.2982142857142857
36,0.46774193548387094,0.0,0.41935483870967744,0.11290322580645161
37,0.0,0.3684210526315789,0.5368421052631579,0.09473684210526316
38,0.5894736842105263,0.2631578947368421,0.0,0.14736842105263157
39,0.6136363636363636,0.0,0.13636363636363635,0.25
40,0.2631578947368421,0.0,0.3333333333333333,0.40350877192982454
41,0.016476552598225603,0.024081115335868188,0.9594423320659062,0.0
42,0.18181818181818182,0.18181818181818182,0.0,0.6363636363636364
43,0.4,0.35,0.0,0.25
44,0.35,0.23333333333333334,0.0,0.4166666666666667
45,0.6857142857142857,0.08571428571428572,0.0,0.22857142857142856
46,0.8111888111888111,0.11188811188811189,0.0,0.07692307692307693
47,0.6785714285714286,0.047619047619047616,0.0,0.27380952380952384
48,0.21568627450980393,0.37254901960784315,0.4117647058823529,0.0
49,0.3333333333333333,0.0,0.18181818181818182,0.48484848484848486
50,0.19117647058823528,0.0,0.2647058823529412,0.5441176470588235
51,0.18867924528301888,0.0,0.22641509433962265,0.5849056603773585
52,0.2857142857142857,0.19047619047619047,0.5238095238095238,0.0
53,0.5419847328244275,0.33587786259541985,0.0,0.12213740458015267
54,0.0,0.796875,0.171875,0.03125
55,0.2966101694915254,0.6101694915254238,0.0,0.09322033898305085
56,0.0,0.3870967741935484,0.45161290322580644,0.16129032258064516
57,0.6020408163265306,0.0,0.2653061224489796,0.1326530612244898
58,0.03125,0.3125,0.65625,0.0
59,0.12598425196850394,0.0,0.5748031496062992,0.2992125984251969
60,0.3516483516483517,0.32967032967032966,0.31868131868131866,0.0
61,0.4583333333333333,0.0,0.16666666666666666,0.375
62,0.2661290322580645,0.0,0.13709677419354838,0.5967741935483871
63,0.08333333333333333,0.25,0.6666666666666666,0.0
64,0.09090909090909091,0.2727272727272727,0.0,0.6363636363636364
65,0.0,0.9047619047619048,0.09523809523809523,0.0
66,0.6411764705882353,0.07058823529411765,0.0,0.28823529411764703
67,0.3927893738140417,0.0,0.06451612903225806,0.5426944971537002
68,0.0,0.19791666666666666,0.5052083333333334,0.296875
69,0.813953488372093,0.10077519379844961,0.0,0.08527131782945736
70,0.05172413793103448,0.0,0.4698275862068966,0.47844827586206895
71,0.10679611650485436,0.0,0.6504854368932039,0.24271844660194175
72,0.2459016393442623,0.36065573770491804,0.39344262295081966,0.0
73,0.7142857142857143,0.0,0.09523809523809523,0.19047619047619047
74,0.27319587628865977,0.520618556701031,0.20618556701030927,0.0
75,0.5818181818181818,0.2727272727272727,0.0,0.14545454545454545
76,0.580952380952381,0.3142857142857143,0.0,0.10476190476190476
77,0.0,0.4482758620689655,0.3563218390804598,0.19540229885057472
78,0.2865853658536585,0.5670731707317073,0.14634146341463414,0.0
79,0.26666666666666666,0.4444444444444444,0.28888888888888886,0.0
80,0.1223021582733813,0.0,0.1366906474820144,0.7410071942446043
81,0.0,0.3577981651376147,0.46788990825688076,0.1743119266055046
82,0.24900398406374502,0.0,0.3884462151394422,0.36254980079681276
83,0.17307692307692307,0.0,0.3525641025641026,0.47435897435897434
84,0.1583710407239819,0.665158371040724,0.17647058823529413,0.0
85,0.358974358974359,0.358974358974359,0.28205128205128205,0.0
86,0.08539944903581267,0.8567493112947658,0.05785123966942149,0.0
87,0.0,0.23853211009174313,0.6605504587155964,0.10091743119266056
88,0.6493827160493827,0.25925925925925924,0.0,0.09135802469135802
89,0.18167456556082148,0.0,0.1943127962085308,0.6240126382306477
90,0.0,0.16634429400386846,0.597678916827853,0.23597678916827852
91,0.6324013157894737,0.3149671052631579,0.0,0.05263157894736842
92,0.22321428571428573,0.0,0.1375,0.6392857142857142
93,0.3151750972762646,0.5408560311284046,0.14396887159533073,0.0
94,0.0,0.33192389006342493,0.14587737843551796,0.5221987315010571
95,0.08849557522123894,0.7566371681415929,0.15486725663716813,0.0
96,0.22943722943722944,0.27705627705627706,0.0,0.4935064935064935
97,0.30465116279069765,0.0,0.36511627906976746,0.3302325581395349
98,0.3953488372093023,0.0,0.3023255813953488,0.3023255813953488
99,0.0,0.3287671232876712,0.2602739726027397,0.410958904109589
100,0.0,0.35714285714285715,0.6428571428571429,0.0
101,0.16326530612244897,0.2925170068027211,0.0,0.54421768707483
102,0.0,0.1534090909090909,0.5284090909090909,0.3181818181818182
103,0.33840749414519905,0.585480093676815,0.0,0.07611241217798595
104,0.030927835051546393,0.0,0.10824742268041238,0.8608247422680413
105,0.10526315789473684,0.2631578947368421,0.631578947368421,0.0
106,0.07692307692307693,0.07692307692307693,0.0,0.8461538461538461
107,0.125,0.0,0.0,0.875
108,0.4576271186440678,0.15254237288135594,0.0,0.3898305084745763
109,0.023809523809523808,0.5,0.47619047619047616,0.0
110,0.3225806451612903,0.0,0.22580645161290322,0.45161290322580644
111,0.7222222222222222,0.0,0.2222222222222222,0.05555555555555555
112,0.3,0.2,0.0,0.5
113,0.1875,0.0,0.25,0.5625
114,0.8461538461538461,0.0,0.07692307692307693,0.07692307692307693
115,0.0,0.19298245614035087,0.49122807017543857,0.3157894736842105
116,0.5333333333333333,0.23333333333333334,0.0,0.23333333333333334
117,0.524390243902439,0.3170731707317073,0.0,0.15853658536585366
118,0.033707865168539325,0.0,0.3146067415730337,0.651685393258427
119,0.0975609756097561,0.5609756097560976,0.34146341463414637,0.0
120,0.3333333333333333,0.0,0.4666666666666667,0.2
121,0.42857142857142855,0.0,0.09523809523809523,0.47619047619047616
122,0.0,0.23694779116465864,0.6305220883534136,0.13253012048192772
123,0.6875,0.125,0.0,0.1875
124,0.6851851851851852,0.09259259259259259,0.0,0.2222222222222222
125,0.5,0.1542056074766355,0.0,0.34579439252336447
126,0.0,0.46846846846846846,0.4594594594594595,0.07207207207207207
127,0.0,0.13924050632911392,0.7848101265822784,0.0759493670886076
128,0.48333333333333334,0.3,0.0,0.21666666666666667
129,0.4909090909090909,0.2727272727272727,0.0,0.23636363636363636
130,0.4090909090909091,0.20454545454545456,0.0,0.38636363636363635
131,0.5813008130081301,0.266260162601626,0.0,0.1524390243902439
132,0.2882882882882883,0.0,0.27927927927927926,0.43243243243243246
133,0.041666666666666664,0.5694444444444444,0.3888888888888889,0.0
134,0.47468354430379744,0.16455696202531644,0.0,0.36075949367088606
135,0.14563106796116504,0.5922330097087378,0.0,0.2621359223300971
136,0.0,0.037267080745341616,0.8322981366459627,0.13043478260869565
137,0.7227722772277227,0.09900990099009901,0.0,0.1782178217821782
138,0.13414634146341464,0.08536585365853659,0.7804878048780488,0.0
139,0.16883116883116883,0.11688311688311688,0.0,0.7142857142857143
140,0.12745098039215685,0.5,0.0,0.37254901960784315
141,0.5764192139737991,0.26200873362445415,0.0,0.1615720524017467
142,0.07692307692307693,0.18461538461538463,0.7384615384615385,0.0
143,0.2484076433121019,0.0,0.29936305732484075,0.45222929936305734
144,0.05333333333333334,0.023333333333333334,0.9233333333333333,0.0
145,0.5294117647058824,0.0,0.29411764705882354,0.17647058823529413
146,0.0,0.31715210355987056,0.4110032362459547,0.27184466019417475
147,0.6518264840182648,0.1050228310502283,0.0,0.24315068493150685
148,0.1798469387755102,0.0,0.5790816326530612,0.24107142857142858
149,0.44755244755244755,0.3682983682983683,0.18414918414918416,0.0
150,0.0,0.36153846153846153,0.5,0.13846153846153847
151,0.3516483516483517,0.33516483516483514,0.3131868131868132,0.0
152,0.3253968253968254,0.41798941798941797,0.2566137566137566,0.0
153,0.3113284433577832,0.2713936430317848,0.4172779136104319,0.0
154,0.0,0.375,0.4599358974358974,0.16506410256410256
155,0.22488038277511962,0.47129186602870815,0.3038277511961722,0.0
156,0.0,0.21220930232558138,0.5465116279069767,0.24127906976744187
157,0.54,0.31076923076923074,0.0,0.14923076923076922
158,0.2562874251497006,0.0,0.25748502994011974,0.48622754491017967
159,0.0,0.232421875,0.494140625,0.2734375
160,0.48638132295719844,0.4377431906614786,0.0,0.07587548638132295
161,0.24028268551236748,0.5865724381625441,0.17314487632508835,0.0
162,0.5047021943573667,0.3448275862068966,0.0,0.15047021943573669
163,0.45253863134657835,0.41501103752759383,0.0,0.13245033112582782
164,0.32,0.4177777777777778,0.26222222222222225,0.0
165,0.0,0.23613963039014374,0.5503080082135524,0.2135523613963039
166,0.3503727369542066,0.41533546325878595,0.0,0.23429179978700745
167,0.36666666666666664,0.3880952380952381,0.24523809523809523,0.0
168,0.0,0.1896551724137931,0.6206896551724138,0.1896551724137931
169,0.4819047619047619,0.3514285714285714,0.0,0.16666666666666666
170,0.2718078381795196,0.0,0.26801517067003794,0.46017699115044247
171,0.0,0.19518716577540107,0.6042780748663101,0.20053475935828877
172,0.2976878612716763,0.0,0.2514450867052023,0.4508670520231214
173,0.0,0.3943217665615142,0.416403785488959,0.1892744479495268
174,0.2670807453416149,0.5383022774327122,0.19461697722567287,0.0
175,0.0,0.30392156862745096,0.14950980392156862,0.5465686274509803
176,0.10450819672131148,0.0,0.15368852459016394,0.7418032786885246
177,0.0970873786407767,0.39805825242718446,0.5048543689320388,0.0
178,0.0,0.19387755102040816,0.1326530612244898,0.673469387755102
179,0.03359173126614987,0.9444444444444444,0.021963824289405683,0.0
180,0.43529411764705883,0.16470588235294117,0.0,0.4
181,0.10902255639097744,0.0,0.40225563909774437,0.48872180451127817
182,0.0,0.2576271186440678,0.5186440677966102,0.22372881355932203
183,0.43137254901960786,0.2549019607843137,0.0,0.3137254901960784
184,0.0,0.6071428571428571,0.2857142857142857,0.10714285714285714
185,0.17777777777777778,0.0,0.5155555555555555,0.30666666666666664
186,0.2682926829268293,0.23577235772357724,0.4959349593495935,0.0
187,0.11965811965811966,0.0,0.13675213675213677,0.7435897435897436
188,0.24390243902439024,0.0,0.22560975609756098,0.5304878048780488
189,0.4268292682926829,0.32926829268292684,0.0,0.24390243902439024
190,0.08108108108108109,0.44594594594594594,0.47297297297297297,0.0
191,0.5277777777777778,0.2361111111111111,0.0,0.2361111111111111
192,0.0,0.4134078212290503,0.5698324022346368,0.01675977653631285
193,0.0,0.09788359788359788,0.8650793650793651,0.037037037037037035
194,0.3170731707317073,0.4146341463414634,0.0,0.2682926829268293
195,0.35,0.2,0.0,0.45
196,0.6341463414634146,0.14634146341463414,0.0,0.21951219512195122
197,0.20930232558139536,0.0,0.46511627906976744,0.32558139534883723
198,0.9,0.0,0.05,0.05
199,0.3448275862068966,0.13793103448275862,0.0,0.5172413793103449
200,0.3918918918918919,0.575075075075075,0.0,0.03303303303303303
201,0.11290322580645161,0.3387096774193548,0.5483870967741935,0.0
202,0.15384615384615385,0.20512820512820512,0.6410256410256411,0.0
203,0.29577464788732394,0.0,0.07042253521126761,0.6338028169014085
204,0.0,0.1360544217687075,0.40816326530612246,0.4557823129251701
205,0.12087912087912088,0.0,0.4230769230769231,0.45604395604395603
206,0.25,0.0,0.39705882352941174,0.35294117647058826
207,0.0,0.06691449814126393,0.79182156133829,0.1412639405204461
208,0.16666666666666666,0.3333333333333333,0.5,0.0
209,0.11363636363636363,0.0,0.30113636363636365,0.5852272727272727
210,0.3382352941176471,0.11764705882352941,0.5441176470588235,0.0
211,0.35714285714285715,0.0,0.03571428571428571,0.6071428571428571
212,0.2682926829268293,0.0,0.17073170731707318,0.5609756097560976
213,0.0,0.40425531914893614,0.44680851063829785,0.14893617021276595
214,0.7213114754098361,0.05737704918032787,0.0,0.22131147540983606
215,0.0,0.09352517985611511,0.8561151079136691,0.050359712230215826
216,0.7142857142857143,0.12244897959183673,0.0,0.16326530612244897
217,0.0,0.21428571428571427,0.42857142857142855,0.35714285714285715
218,0.3698630136986301,0.0,0.1506849315068493,0.4794520547945205
219,0.0,0.22905027932960895,0.664804469273743,0.10614525139664804
220,0.0,0.3107344632768362,0.3559322033898305,0.3333333333333333
221,0.032679738562091505,0.8518518518518519,0.11546840958605664,0.0
222,0.23788546255506607,0.1894273127753304,0.5726872246696035,0.0
223,0.36607142857142855,0.0,0.21428571428571427,0.41964285714285715
224,0.13815789473684212,0.0,0.5197368421052632,0.34210526315789475
225,0.0,0.49528301886792453,0.4858490566037736,0.018867924528301886
226,0.0,0.08873720136518772,0.7986348122866894,0.11262798634812286
227,0.4928909952606635,0.33175355450236965,0.0,0.17535545023696683
228,0.0,0.13953488372093023,0.8062015503875969,0.05426356589147287
229,0.0,0.138996138996139,0.8455598455598455,0.015444015444015444
230,0.15126050420168066,0.0,0.18207282913165265,0.6666666666666666
231,0.0,0.04411764705882353,0.5367647058823529,0.41911764705882354
232,0.0989399293286219,0.0,0.127208480565371,0.773851590106007
233,0.48475909537856443,0.3421828908554572,0.0,0.17305801376597837
234,0.08085106382978724,0.0,0.5404255319148936,0.37872340425531914
235,0.16,0.28,0.56,0.0
236,0.3621908127208481,0.36042402826855124,0.0,0.2773851590106007
237,0.048,0.592,0.36,0.0
238,0.0,0.2620192307692308,0.016826923076923076,0.7211538461538461
239,0.04081632653061224,0.7448979591836735,0.21428571428571427,0.0
240,0.027777777777777776,0.0,0.06597222222222222,0.90625
241,0.10526315789473684,0.0,0.8947368421052632,0.0
242,0.38004750593824227,0.39429928741092635,0.0,0.22565320665083136
243,0.034334763948497854,0.0,0.8454935622317596,0.12017167381974249
244,0.0,0.3409090909090909,0.4318181818181818,0.22727272727272727
245,0.0,0.34577114427860695,0.5646766169154229,0.08955223880597014
246,0.0,0.3624454148471616,0.34934497816593885,0.28820960698689957
247,0.08333333333333333,0.2916666666666667,0.625,0.0
248,0.4177215189873418,0.45569620253164556,0.0,0.12658227848101267
249,0.0,0.11377245508982035,0.8532934131736527,0.03293413173652695
250,0.0,0.17405063291139242,0.7879746835443038,0.0379746835443038
251,0.10460251046025104,0.0,0.3389121338912134,0.5564853556485355
252,0.0,0.14761904761904762,0.7333333333333333,0.11904761904761904
253,0.7305555555555555,0.2361111111111111,0.0,0.03333333333333333
254,0.15254237288135594,0.0,0.17372881355932204,0.673728813559322
255,0.0375,0.0,0.725,0.2375
256,0.047619047619047616,0.3333333333333333,0.6190476190476191,0.0
257,0.2777777777777778,0.6018518518518519,0.0,0.12037037037037036
258,0.0,0.5056179775280899,0.4606741573033708,0.033707865168539325
259,0.2986111111111111,0.6388888888888888,0.0,0.0625
260,0.0,0.36627906976744184,0.4941860465116279,0.13953488372093023
261,0.32972972972972975,0.572972972972973,0.0,0.0972972972972973
262,0.06940509915014165,0.0,0.11898016997167139,0.8116147308781869
263,0.21568627450980393,0.0,0.4117647058823529,0.37254901960784315
264,0.3333333333333333,0.3333333333333333,0.0,0.3333333333333333
265,0.0,0.3684210526315789,0.618421052631579,0.013157894736842105
266,0.41353383458646614,0.5398496240601504,0.0,0.04661654135338346
267,0.3333333333333333,0.25,0.0,0.4166666666666667
268,0.0,0.3333333333333333,0.5,0.16666666666666666
269,0.140625,0.0,0.109375,0.75
270,0.0,0.04504504504504504,0.23423423423423423,0.7207207207207207
271,0.35714285714285715,0.0,0.0,0.6428571428571429
272,0.2987012987012987,0.19480519480519481,0.0,0.5064935064935064
273,0.5333333333333333,0.0,0.0,0.4666666666666667
274,0.05263157894736842,0.0,0.8596491228070176,0.08771929824561403
275,0.13432835820895522,0.0,0.13432835820895522,0.7313432835820896
276,0.7048648648648649,0.23135135135135135,0.0,0.06378378378378378
277,0.11610486891385768,0.797752808988764,0.08614232209737828,0.0
278,0.0,0.3806532663316583,0.22236180904522612,0.3969849246231156
279,0.14285714285714285,0.14285714285714285,0.7142857142857143,0.0
280,0.0,0.07142857142857142,0.14285714285714285,0.7857142857142857
281,0.004524886877828055,0.9638009049773756,0.03167420814479638,0.0
282,0.08888888888888889,0.6888888888888889,0.2222222222222222,0.0
283,0.0,0.008,0.012,0.98
284,0.002617801047120419,0.0,0.013089005235602094,0.9842931937172775
285,0.16666666666666666,0.1,0.7333333333333333,0.0
286,0.47058823529411764,0.058823529411764705,0.0,0.47058823529411764
287,0.0,0.8482142857142857,0.15178571428571427,0.0
288,0.6966292134831461,0.0449438202247191,0.0,0.25842696629213485
289,0.04,0.0,0.11428571428571428,0.8457142857142858
290,0.41509433962264153,0.4528301886792453,0.0,0.1320754716981132
291,0.0,0.6153846153846154,0.38461538461538464,0.0
292,0.0,0.13114754098360656,0.8524590163934426,0.01639344262295082
293,0.0,0.08888888888888889,0.8444444444444444,0.06666666666666667
294,0.16666666666666666,0.38095238095238093,0.4523809523809524,0.0
295,0.42857142857142855,0.3333333333333333,0.23809523809523808,0.0
296,0.0,0.8181818181818182,0.18181818181818182,0.0
297,0.0,0.0,0.6,0.4
298,0.6666666666666666,0.3333333333333333,0.0,0.0
299,0.0,0.0,0.0,1.0
300,0.0,1.0,0.0,0.0
301,0.0,0.0,0.0,1.0
302,0.0,0.0,0.0,1.0
303,0.0,0.0,0.0,1.0
304,,,,
305,0.0,0.0,0.0,1.0
306,0.0,0.0,0.0,1.0
307,,,,
308,,,,
309,,,,
310,,,,
311,,,,
312,,,,
313,,,,
