,A,C,G,T
0,,,,
1,,,,
2,0.5217391304347826,0.453416149068323,0.0,0.024844720496894408
3,0.7368421052631579,0.10526315789473684,0.0,0.15789473684210525
4,0.3972602739726027,0.273972602739726,0.3287671232876712,0.0
5,0.5691056910569106,0.12195121951219512,0.0,0.3089430894308943
6,0.4,0.0,0.2571428571428571,0.34285714285714286
7,0.0,0.1111111111111111,0.37777777777777777,0.5111111111111111
8,0.6426858513189448,0.26618705035971224,0.0,0.09112709832134293
9,0.03888888888888889,0.0,0.11944444444444445,0.8416666666666667
10,0.2727272727272727,0.45454545454545453,0.2727272727272727,0.0
11,0.39215686274509803,0.23529411764705882,0.0,0.37254901960784315
12,0.4,0.06666666666666667,0.0,0.5333333333333333
13,0.2571428571428571,0.6571428571428571,0.08571428571428572,0.0
14,0.3181818181818182,0.3181818181818182,0.0,0.36363636363636365
15,0.02857142857142857,0.8857142857142857,0.0,0.08571428571428572
16,0.0,0.5862068965517241,0.27586206896551724,0.13793103448275862
17,0.8169014084507042,0.09154929577464789,0.0,0.09154929577464789
18,0.5952380952380952,0.09523809523809523,0.30952380952380953,0.0
19,0.3333333333333333,0.0,0.6666666666666666,0.0
20,0.1016949152542373,0.288135593220339,0.6101694915254238,0.0
21,0.0,0.3,0.0,0.7
22,0.15789473684210525,0.21052631578947367,0.0,0.631578947368421
23,0.4523809523809524,0.14285714285714285,0.0,0.40476190476190477
24,0.125,0.25,0.0,0.625
25,0.2,0.2,0.0,0.6
26,0.0,0.6739130434782609,0.2391304347826087,0.08695652173913043
27,0.4406779661016949,0.423728813559322,0.0,0.13559322033898305
28,0.6445783132530121,0.3072289156626506,0.0,0.04819277108433735
29,0.09345794392523364,0.0,0.5420560747663551,0.3644859813084112
30,0.007575757575757576,0.9166666666666666,0.07575757575757576,0.0
31,0.14705882352941177,0.35294117647058826,0.5,0.0
32,0.26,0.6,0.0,0.14
33,0.4090909090909091,0.09090909090909091,0.0,0.5
34,0.0196078431372549,0.9215686274509803,0.058823529411764705,0.0
35,0.5384615384615384,0.0,0.3384615384615385,0.12307692307692308
36,0.6470588235294118,0.0,0.17647058823529413,0.17647058823529413
37,0.0,0.16666666666666666,0.6354166666666666,0.19791666666666666
38,0.5714285714285714,0.2857142857142857,0.0,0.14285714285714285
39,0.1780821917808219,0.0,0.1232876712328767,0.6986301369863014
40,0.23255813953488372,0.0,0.6046511627906976,0.16279069767441862
41,0.005660377358490566,0.052830188679245285,0.9415094339622642,0.0
42,0.0,0.375,0.0,0.625
43,0.08695652173913043,0.21739130434782608,0.0,0.6956521739130435
44,0.4827586206896552,0.13793103448275862,0.0,0.3793103448275862
45,0.25,0.375,0.0,0.375
46,0.8571428571428571,0.08571428571428572,0.0,0.05714285714285714
47,0.6666666666666666,0.1111111111111111,0.0,0.2222222222222222
48,0.48717948717948717,0.2564102564102564,0.2564102564102564,0.0
49,0.5833333333333334,0.0,0.16666666666666666,0.25
50,0.11940298507462686,0.0,0.23880597014925373,0.6417910447761194
51,0.0975609756097561,0.0,0.14634146341463414,0.7560975609756098
52,0.23529411764705882,0.17647058823529413,0.5882352941176471,0.0
53,0.3865546218487395,0.44537815126050423,0.0,0.16806722689075632
54,0.0,0.696969696969697,0.25757575757575757,0.045454545454545456
55,0.3146067415730337,0.449438202247191,0.0,0.23595505617977527
56,0.0,0.8372093023255814,0.13953488372093023,0.023255813953488372
57,0.2711864406779661,0.0,0.5932203389830508,0.13559322033898305
58,0.09090909090909091,0.36363636363636365,0.5454545454545454,0.0
59,0.1875,0.0,0.625,0.1875
60,0.19607843137254902,0.43137254901960786,0.37254901960784315,0.0
61,0.45454545454545453,0.0,0.18181818181818182,0.36363636363636365
62,0.19047619047619047,0.0,0.29523809523809524,0.5142857142857142
63,0.0,0.45454545454545453,0.5454545454545454,0.0
64,0.2222222222222222,0.0,0.0,0.7777777777777778
65,0.014705882352941176,0.8970588235294118,0.08823529411764706,0.0
66,0.2662337662337662,0.12337662337662338,0.6103896103896104,0.0
67,0.10344827586206896,0.0,0.034482758620689655,0.8620689655172413
68,0.0,0.19718309859154928,0.6619718309859155,0.14084507042253522
69,0.7764705882352941,0.10588235294117647,0.0,0.11764705882352941
70,0.04153354632587859,0.0,0.5175718849840255,0.44089456869009586
71,0.1926605504587156,0.0,0.1651376146788991,0.6422018348623854
72,0.1568627450980392,0.49019607843137253,0.35294117647058826,0.0
73,0.4166666666666667,0.0,0.3333333333333333,0.25
74,0.28421052631578947,0.4842105263157895,0.23157894736842105,0.0
75,0.7142857142857143,0.16666666666666666,0.0,0.11904761904761904
76,0.4222222222222222,0.4,0.0,0.17777777777777778
77,0.0,0.4264705882352941,0.35294117647058826,0.22058823529411764
78,0.4506172839506173,0.36419753086419754,0.18518518518518517,0.0
79,0.25,0.625,0.125,0.0
80,0.19047619047619047,0.0,0.0380952380952381,0.7714285714285715
81,0.0,0.45365853658536587,0.3951219512195122,0.15121951219512195
82,0.206286836935167,0.0,0.3575638506876228,0.4361493123772102
83,0.22258064516129034,0.0,0.3,0.4774193548387097
84,0.07317073170731707,0.7642276422764228,0.16260162601626016,0.0
85,0.03571428571428571,0.5714285714285714,0.39285714285714285,0.0
86,0.19008264462809918,0.0,0.049586776859504134,0.7603305785123967
87,0.0,0.31666666666666665,0.5944444444444444,0.08888888888888889
88,0.6287425149700598,0.31736526946107785,0.0,0.05389221556886228
89,0.23113207547169812,0.6014150943396226,0.16745283018867924,0.0
90,0.0,0.2925851703406814,0.44488977955911824,0.2625250501002004
91,0.6284246575342466,0.23972602739726026,0.0,0.13184931506849315
92,0.20526315789473684,0.0,0.08026315789473684,0.7144736842105263
93,0.27692307692307694,0.6,0.12307692307692308,0.0
94,0.0,0.2556390977443609,0.15789473684210525,0.5864661654135338
95,0.026490066225165563,0.8741721854304636,0.09933774834437085,0.0
96,0.26618705035971224,0.40047961630695444,0.0,0.3333333333333333
97,0.17633928571428573,0.0,0.5200892857142857,0.30357142857142855
98,0.3080260303687636,0.5357917570498916,0.1561822125813449,0.0
99,0.0,0.5135135135135135,0.0888030888030888,0.39768339768339767
100,0.4827586206896552,0.20689655172413793,0.3103448275862069,0.0
101,0.31640625,0.453125,0.0,0.23046875
102,0.2080536912751678,0.0,0.050335570469798654,0.7416107382550335
103,0.0,0.4014084507042254,0.2676056338028169,0.33098591549295775
104,0.07425742574257425,0.0,0.28217821782178215,0.6435643564356436
105,0.1,0.3,0.6,0.0
106,0.21428571428571427,0.21428571428571427,0.0,0.5714285714285714
107,0.17391304347826086,0.34782608695652173,0.0,0.4782608695652174
108,0.39622641509433965,0.1509433962264151,0.0,0.4528301886792453
109,0.05714285714285714,0.7714285714285715,0.17142857142857143,0.0
110,0.6666666666666666,0.0,0.08333333333333333,0.25
111,0.4,0.0,0.3,0.3
112,0.4444444444444444,0.0,0.0,0.5555555555555556
113,0.2891566265060241,0.0,0.25301204819277107,0.4578313253012048
114,0.4444444444444444,0.0,0.2222222222222222,0.3333333333333333
115,0.0,0.17105263157894737,0.6710526315789473,0.15789473684210525
116,0.5806451612903226,0.12903225806451613,0.0,0.2903225806451613
117,0.3184713375796178,0.3630573248407643,0.0,0.3184713375796178
118,0.05555555555555555,0.0,0.6388888888888888,0.3055555555555556
119,0.05825242718446602,0.5533980582524272,0.3883495145631068,0.0
120,0.47058823529411764,0.0,0.35294117647058826,0.17647058823529413
121,0.7647058823529411,0.0,0.23529411764705882,0.0
122,0.0,0.42857142857142855,0.35064935064935066,0.22077922077922077
123,0.3939393939393939,0.3939393939393939,0.0,0.21212121212121213
124,0.639344262295082,0.04918032786885246,0.0,0.3114754098360656
125,0.5806451612903226,0.2064516129032258,0.0,0.2129032258064516
126,0.0,0.5242718446601942,0.44660194174757284,0.02912621359223301
127,0.0,0.16083916083916083,0.5804195804195804,0.25874125874125875
128,0.5492957746478874,0.1267605633802817,0.0,0.323943661971831
129,0.6012658227848101,0.21518987341772153,0.0,0.18354430379746836
130,0.40625,0.390625,0.0,0.203125
131,0.0,0.2403846153846154,0.6634615384615384,0.09615384615384616
132,0.34615384615384615,0.0,0.15384615384615385,0.5
133,0.03875968992248062,0.7751937984496124,0.18604651162790697,0.0
134,0.5411764705882353,0.07058823529411765,0.0,0.38823529411764707
135,0.3364485981308411,0.5280373831775701,0.0,0.13551401869158877
136,0.0,0.3111111111111111,0.35555555555555557,0.3333333333333333
137,0.0,0.15081967213114755,0.7770491803278688,0.07213114754098361
138,0.1532258064516129,0.5645161290322581,0.28225806451612906,0.0
139,0.0,0.09195402298850575,0.41379310344827586,0.4942528735632184
140,0.08383233532934131,0.40119760479041916,0.5149700598802395,0.0
141,0.6082089552238806,0.3283582089552239,0.0,0.06343283582089553
142,0.16666666666666666,0.2948717948717949,0.5384615384615384,0.0
143,0.08923076923076922,0.6738461538461539,0.23692307692307693,0.0
144,0.022321428571428572,0.013392857142857142,0.9642857142857143,0.0
145,0.36585365853658536,0.0,0.6097560975609756,0.024390243902439025
146,0.0,0.22777777777777777,0.5,0.2722222222222222
147,0.5475113122171946,0.11538461538461539,0.0,0.33710407239819007
148,0.08860759493670886,0.0,0.6291139240506329,0.28227848101265823
149,0.319693094629156,0.4424552429667519,0.23785166240409208,0.0
150,0.0,0.11409395973154363,0.6778523489932886,0.2080536912751678
151,0.09774436090225563,0.38345864661654133,0.518796992481203,0.0
152,0.2084592145015106,0.6435045317220544,0.14803625377643503,0.0
153,0.0,0.12627986348122866,0.6621160409556314,0.21160409556313994
154,0.36904761904761907,0.5102040816326531,0.0,0.12074829931972789
155,0.22794117647058823,0.5441176470588235,0.22794117647058823,0.0
156,0.0,0.1864951768488746,0.6688102893890675,0.14469453376205788
157,0.48607888631090485,0.3990719257540603,0.0,0.1148491879350348
158,0.39655172413793105,0.30344827586206896,0.3,0.0
159,0.0,0.12861736334405144,0.7717041800643086,0.09967845659163987
160,0.0,0.3870967741935484,0.45161290322580644,0.16129032258064516
161,0.3103448275862069,0.3505747126436782,0.3390804597701149,0.0
162,0.375,0.23214285714285715,0.0,0.39285714285714285
163,0.3787878787878788,0.4393939393939394,0.0,0.18181818181818182
164,0.5441527446300716,0.3269689737470167,0.0,0.1288782816229117
165,0.6199186991869918,0.27235772357723576,0.0,0.10772357723577236
166,0.5651282051282052,0.2082051282051282,0.0,0.22666666666666666
167,0.34970530451866405,0.39096267190569745,0.2593320235756385,0.0
168,0.0,0.19293478260869565,0.5788043478260869,0.22826086956521738
169,0.3953261927945472,0.47127555988315484,0.0,0.13339824732229796
170,0.26955074875207985,0.0,0.21963394342762063,0.5108153078202995
171,0.0,0.2222222222222222,0.49206349206349204,0.2857142857142857
172,0.2849740932642487,0.0,0.19689119170984457,0.5181347150259067
173,0.0,0.38095238095238093,0.5510204081632653,0.06802721088435375
174,0.330188679245283,0.3891509433962264,0.2806603773584906,0.0
175,0.0,0.2564102564102564,0.10622710622710622,0.6373626373626373
176,0.06020066889632107,0.0,0.16722408026755853,0.7725752508361204
177,0.23880597014925373,0.6119402985074627,0.14925373134328357,0.0
178,0.0,0.37142857142857144,0.17142857142857143,0.45714285714285713
179,0.03862660944206009,0.0,0.012875536480686695,0.9484978540772532
180,0.6810810810810811,0.1945945945945946,0.0,0.12432432432432433
181,0.17341040462427745,0.0,0.3988439306358382,0.4277456647398844
182,0.0,0.30120481927710846,0.5421686746987951,0.1566265060240964
183,0.6078431372549019,0.11764705882352941,0.0,0.27450980392156865
184,0.0,0.47413793103448276,0.3620689655172414,0.16379310344827586
185,0.09012875536480687,0.0,0.7339055793991416,0.1759656652360515
186,0.07692307692307693,0.34615384615384615,0.5769230769230769,0.0
187,0.25757575757575757,0.0,0.09090909090909091,0.6515151515151515
188,0.006756756756756757,0.0,0.2905405405405405,0.7027027027027027
189,0.48484848484848486,0.2828282828282828,0.0,0.23232323232323232
190,0.04819277108433735,0.6746987951807228,0.27710843373493976,0.0
191,0.43617021276595747,0.39361702127659576,0.0,0.1702127659574468
192,0.0,0.21367521367521367,0.7777777777777778,0.008547008547008548
193,0.0,0.07467532467532467,0.8733766233766234,0.05194805194805195
194,0.5157894736842106,0.29473684210526313,0.0,0.18947368421052632
195,0.3870967741935484,0.12903225806451613,0.0,0.4838709677419355
196,0.7197452229299363,0.1592356687898089,0.0,0.12101910828025478
197,0.48,0.0,0.02,0.5
198,0.0,0.9367088607594937,0.06329113924050633,0.0
199,0.15384615384615385,0.717948717948718,0.0,0.1282051282051282
200,0.0,0.11688311688311688,0.8181818181818182,0.06493506493506493
201,0.09375,0.140625,0.765625,0.0
202,0.2708333333333333,0.2708333333333333,0.4583333333333333,0.0
203,0.16666666666666666,0.0,0.09722222222222222,0.7361111111111112
204,0.0,0.12280701754385964,0.5701754385964912,0.30701754385964913
205,0.04119850187265917,0.0,0.31835205992509363,0.6404494382022472
206,0.32954545454545453,0.0,0.011363636363636364,0.6590909090909091
207,0.0,0.11814345991561181,0.7848101265822784,0.0970464135021097
208,0.046511627906976744,0.627906976744186,0.32558139534883723,0.0
209,0.16167664670658682,0.0,0.33532934131736525,0.5029940119760479
210,0.1702127659574468,0.10638297872340426,0.723404255319149,0.0
211,0.35714285714285715,0.0,0.17857142857142858,0.4642857142857143
212,0.20408163265306123,0.0,0.1836734693877551,0.6122448979591837
213,0.0,0.625,0.2916666666666667,0.08333333333333333
214,0.6666666666666666,0.07692307692307693,0.0,0.2564102564102564
215,0.0,0.041666666666666664,0.8958333333333334,0.0625
216,0.2857142857142857,0.42857142857142855,0.0,0.2857142857142857
217,0.0,0.5833333333333334,0.25,0.16666666666666666
218,0.6875,0.0,0.125,0.1875
219,0.0,0.12121212121212122,0.6868686868686869,0.1919191919191919
220,0.0,0.4107142857142857,0.45535714285714285,0.13392857142857142
221,0.06716417910447761,0.8582089552238806,0.07462686567164178,0.0
222,0.17054263565891473,0.3488372093023256,0.4806201550387597,0.0
223,0.32653061224489793,0.0,0.16326530612244897,0.5102040816326531
224,0.1079136690647482,0.0,0.28776978417266186,0.60431654676259
225,0.0,0.3023255813953488,0.6666666666666666,0.031007751937984496
226,0.0,0.078125,0.8046875,0.1171875
227,0.17365269461077845,0.5089820359281437,0.0,0.31736526946107785
228,0.0,0.05154639175257732,0.9072164948453608,0.041237113402061855
229,0.0,0.13953488372093023,0.8255813953488372,0.03488372093023256
230,0.12927756653992395,0.0,0.13307984790874525,0.7376425855513308
231,0.0,0.09701492537313433,0.6716417910447762,0.23134328358208955
232,0.06694560669456066,0.0,0.2510460251046025,0.6820083682008368
233,0.36666666666666664,0.19714285714285715,0.0,0.4361904761904762
234,0.09384615384615384,0.0,0.5707692307692308,0.3353846153846154
235,0.41379310344827586,0.10344827586206896,0.4827586206896552,0.0
236,0.36049382716049383,0.345679012345679,0.0,0.2938271604938272
237,0.2556390977443609,0.3308270676691729,0.41353383458646614,0.0
238,0.0,0.24085365853658536,0.054878048780487805,0.7042682926829268
239,0.0784313725490196,0.5294117647058824,0.39215686274509803,0.0
240,0.13559322033898305,0.0,0.0,0.864406779661017
241,0.125,0.125,0.75,0.0
242,0.04411764705882353,0.39705882352941174,0.5588235294117647,0.0
243,0.13580246913580246,0.0,0.8518518518518519,0.012345679012345678
244,0.0,0.16666666666666666,0.4444444444444444,0.3888888888888889
245,0.0,0.35714285714285715,0.4230769230769231,0.21978021978021978
246,0.0,0.2913907284768212,0.31125827814569534,0.3973509933774834
247,0.13513513513513514,0.4864864864864865,0.3783783783783784,0.0
248,0.16666666666666666,0.16666666666666666,0.0,0.6666666666666666
249,0.0,0.38620689655172413,0.5517241379310345,0.06206896551724138
250,0.49909584086799275,0.4810126582278481,0.0,0.019891500904159132
251,0.0752212389380531,0.0,0.3672566371681416,0.5575221238938053
252,0.0,0.11029411764705882,0.8529411764705882,0.03676470588235294
253,0.6294117647058823,0.3235294117647059,0.0,0.047058823529411764
254,0.21212121212121213,0.5833333333333334,0.20454545454545456,0.0
255,0.03409090909090909,0.0,0.7386363636363636,0.22727272727272727
256,0.07692307692307693,0.23076923076923078,0.6923076923076923,0.0
257,0.2248062015503876,0.5891472868217055,0.0,0.18604651162790697
258,0.0,0.5819672131147541,0.4180327868852459,0.0
259,0.48484848484848486,0.509090909090909,0.0,0.006060606060606061
260,0.0,0.2391304347826087,0.7282608695652174,0.03260869565217391
261,0.3380952380952381,0.6323809523809524,0.0,0.029523809523809525
262,0.17884615384615385,0.0,0.19423076923076923,0.6269230769230769
263,0.24479166666666666,0.4947916666666667,0.2604166666666667,0.0
264,0.2857142857142857,0.42857142857142855,0.0,0.2857142857142857
265,0.0,0.4772727272727273,0.5113636363636364,0.011363636363636364
266,0.4361904761904762,0.4514285714285714,0.0,0.11238095238095239
267,0.1,0.0,0.0,0.9
268,0.0,0.25,0.25,0.5
269,0.23880597014925373,0.0,0.1044776119402985,0.6567164179104478
270,0.0,0.016260162601626018,0.3821138211382114,0.6016260162601627
271,0.2,0.0,0.52,0.28
272,0.5151515151515151,0.19696969696969696,0.0,0.2878787878787879
273,0.18518518518518517,0.07407407407407407,0.0,0.7407407407407407
274,0.040983606557377046,0.0,0.9262295081967213,0.03278688524590164
275,0.35555555555555557,0.5925925925925926,0.05185185185185185,0.0
276,0.6148936170212767,0.3191489361702128,0.0,0.06595744680851064
277,0.3404255319148936,0.22340425531914893,0.43617021276595747,0.0
278,0.3699731903485255,0.3261840929401251,0.0,0.30384271671134944
279,0.0,0.1875,0.8125,0.0
280,0.0,0.07692307692307693,0.07692307692307693,0.8461538461538461
281,0.011764705882352941,0.8705882352941177,0.11764705882352941,0.0
282,0.18604651162790697,0.627906976744186,0.18604651162790697,0.0
283,0.0,0.012345679012345678,0.043209876543209874,0.9444444444444444
284,0.0026666666666666666,0.0,0.042666666666666665,0.9546666666666667
285,0.0,0.06666666666666667,0.9333333333333333,0.0
286,0.35,0.1,0.0,0.55
287,0.0,0.6440677966101694,0.3559322033898305,0.0
288,0.4936708860759494,0.1518987341772152,0.0,0.35443037974683544
289,0.038461538461538464,0.7980769230769231,0.16346153846153846,0.0
290,0.35714285714285715,0.5,0.0,0.14285714285714285
291,0.0,0.8181818181818182,0.13636363636363635,0.045454545454545456
292,0.0,0.04419889502762431,0.850828729281768,0.10497237569060773
293,0.0,0.028169014084507043,0.9436619718309859,0.028169014084507043
294,0.23076923076923078,0.5961538461538461,0.0,0.17307692307692307
295,0.0,0.19047619047619047,0.7619047619047619,0.047619047619047616
296,0.125,0.625,0.25,0.0
297,0.25,0.0,0.5,0.25
298,0.7692307692307693,0.07692307692307693,0.15384615384615385,0.0
299,0.0,1.0,0.0,0.0
300,0.3076923076923077,0.6923076923076923,0.0,0.0
301,,,,
302,,,,
303,,,,
304,,,,
305,,,,
306,,,,
307,,,,
308,,,,
309,,,,
310,,,,
311,,,,
312,,,,
313,,,,
314,,,,
315,,,,
