,A,C,G,T
0,,,,
1,,,,
2,0.7176470588235294,0.23529411764705882,0.0,0.047058823529411764
3,0.5862068965517241,0.2413793103448276,0.0,0.1724137931034483
4,0.625,0.25833333333333336,0.11666666666666667,0.0
5,0.46938775510204084,0.30612244897959184,0.0,0.22448979591836735
6,0.5172413793103449,0.0,0.28735632183908044,0.19540229885057472
7,0.0,0.20930232558139536,0.3953488372093023,0.3953488372093023
8,0.7156862745098039,0.19852941176470587,0.0,0.0857843137254902
9,0.07588075880758807,0.0,0.2032520325203252,0.7208672086720868
10,0.25,0.625,0.125,0.0
11,0.6029411764705882,0.17647058823529413,0.0,0.22058823529411764
12,0.09797297297297297,0.08108108108108109,0.0,0.8209459459459459
13,0.6588235294117647,0.3176470588235294,0.023529411764705882,0.0
14,0.4375,0.125,0.0,0.4375
15,0.0,0.9176470588235294,0.0,0.08235294117647059
16,0.0,0.5161290322580645,0.1935483870967742,0.2903225806451613
17,0.675,0.2,0.0,0.125
18,0.32142857142857145,0.17857142857142858,0.5,0.0
19,0.5555555555555556,0.0,0.05555555555555555,0.3888888888888889
20,0.2131782945736434,0.6046511627906976,0.1821705426356589,0.0
21,0.2,0.3333333333333333,0.0,0.4666666666666667
22,0.16,0.16,0.0,0.68
23,0.7803030303030303,0.05303030303030303,0.0,0.16666666666666666
24,0.1111111111111111,0.2777777777777778,0.0,0.6111111111111112
25,0.0,0.25,0.0,0.75
26,0.0,0.5058823529411764,0.3411764705882353,0.15294117647058825
27,0.640625,0.15625,0.0,0.203125
28,0.6021897810218978,0.3357664233576642,0.0,0.06204379562043796
29,0.168141592920354,0.0,0.5575221238938053,0.2743362831858407
30,0.025925925925925925,0.7444444444444445,0.22962962962962963,0.0
31,0.05970149253731343,0.6268656716417911,0.31343283582089554,0.0
32,0.0,0.047409040793825796,0.9338478500551268,0.018743109151047408
33,0.783625730994152,0.16374269005847952,0.0,0.05263157894736842
34,0.11864406779661017,0.7627118644067796,0.11864406779661017,0.0
35,0.4028103044496487,0.5257611241217799,0.07142857142857142,0.0
36,0.8780487804878049,0.0,0.052845528455284556,0.06910569105691057
37,0.0,0.42028985507246375,0.4927536231884058,0.08695652173913043
38,0.47619047619047616,0.38095238095238093,0.0,0.14285714285714285
39,0.2545454545454545,0.0,0.14545454545454545,0.6
40,0.2631578947368421,0.0,0.42105263157894735,0.3157894736842105
41,0.034782608695652174,0.03130434782608696,0.9339130434782609,0.0
42,0.0625,0.3125,0.0,0.625
43,0.3103448275862069,0.13793103448275862,0.0,0.5517241379310345
44,0.5,0.3541666666666667,0.0,0.14583333333333334
45,0.5454545454545454,0.3181818181818182,0.0,0.13636363636363635
46,0.8482142857142857,0.10714285714285714,0.0,0.044642857142857144
47,0.1780821917808219,0.4657534246575342,0.0,0.3561643835616438
48,0.23529411764705882,0.23529411764705882,0.5294117647058824,0.0
49,0.38461538461538464,0.0,0.38461538461538464,0.23076923076923078
50,0.19,0.0,0.22,0.59
51,0.09433962264150944,0.0,0.33962264150943394,0.5660377358490566
52,0.043478260869565216,0.30434782608695654,0.6521739130434783,0.0
53,0.3387096774193548,0.25806451612903225,0.0,0.4032258064516129
54,0.0,0.6521739130434783,0.17391304347826086,0.17391304347826086
55,0.2247191011235955,0.651685393258427,0.0,0.12359550561797752
56,0.0,0.3978494623655914,0.3763440860215054,0.22580645161290322
57,0.28846153846153844,0.0,0.5769230769230769,0.1346153846153846
58,0.05714285714285714,0.7428571428571429,0.2,0.0
59,0.15254237288135594,0.0,0.3220338983050847,0.5254237288135594
60,0.20212765957446807,0.43617021276595747,0.3617021276595745,0.0
61,0.4,0.0,0.24,0.36
62,0.43157894736842106,0.0,0.08421052631578947,0.4842105263157895
63,0.0,0.2631578947368421,0.7368421052631579,0.0
64,0.08333333333333333,0.16666666666666666,0.0,0.75
65,0.013888888888888888,0.8055555555555556,0.18055555555555555,0.0
66,0.6666666666666666,0.08843537414965986,0.0,0.24489795918367346
67,0.32398753894080995,0.0,0.07476635514018691,0.6012461059190031
68,0.0,0.256,0.552,0.192
69,0.5945945945945946,0.25675675675675674,0.0,0.14864864864864866
70,0.08,0.0,0.4,0.52
71,0.14634146341463414,0.0,0.36585365853658536,0.4878048780487805
72,0.1917808219178082,0.5068493150684932,0.3013698630136986,0.0
73,0.5151515151515151,0.0,0.15151515151515152,0.3333333333333333
74,0.21428571428571427,0.44285714285714284,0.34285714285714286,0.0
75,0.4444444444444444,0.37037037037037035,0.0,0.18518518518518517
76,0.5373134328358209,0.19402985074626866,0.0,0.26865671641791045
77,0.0,0.39037433155080214,0.43315508021390375,0.17647058823529413
78,0.2517985611510791,0.5899280575539568,0.15827338129496402,0.0
79,0.12727272727272726,0.5272727272727272,0.34545454545454546,0.0
80,0.15151515151515152,0.0,0.20202020202020202,0.6464646464646465
81,0.0,0.43609022556390975,0.3233082706766917,0.24060150375939848
82,0.20603015075376885,0.0,0.5552763819095478,0.23869346733668342
83,0.1813186813186813,0.0,0.2774725274725275,0.5412087912087912
84,0.2,0.448,0.352,0.0
85,0.21153846153846154,0.5576923076923077,0.23076923076923078,0.0
86,0.09642857142857143,0.0,0.13214285714285715,0.7714285714285715
87,0.0,0.22815533980582525,0.6019417475728155,0.16990291262135923
88,0.4930747922437673,0.42105263157894735,0.0,0.08587257617728532
89,0.2772727272727273,0.509090909090909,0.21363636363636362,0.0
90,0.0,0.23015873015873015,0.6091269841269841,0.16071428571428573
91,0.6324561403508772,0.3140350877192982,0.0,0.05350877192982456
92,0.17124394184168013,0.0,0.1777059773828756,0.6510500807754442
93,0.3083832335329341,0.49700598802395207,0.19461077844311378,0.0
94,0.0,0.4812680115273775,0.037463976945244955,0.4812680115273775
95,0.08333333333333333,0.0,0.07738095238095238,0.8392857142857143
96,0.3722627737226277,0.3284671532846715,0.29927007299270075,0.0
97,0.6502732240437158,0.20765027322404372,0.0,0.14207650273224043
98,0.04421768707482993,0.7755102040816326,0.0,0.18027210884353742
99,0.0,0.5128205128205128,0.28205128205128205,0.20512820512820512
100,0.05,0.35,0.6,0.0
101,0.6153846153846154,0.13846153846153847,0.0,0.24615384615384617
102,0.7077625570776256,0.0,0.09817351598173515,0.19406392694063926
103,0.0,0.31981981981981983,0.527027027027027,0.15315315315315314
104,0.046242774566473986,0.0,0.30057803468208094,0.653179190751445
105,0.0,0.36363636363636365,0.6363636363636364,0.0
106,0.23076923076923078,0.23076923076923078,0.0,0.5384615384615384
107,0.058823529411764705,0.29411764705882354,0.0,0.6470588235294118
108,0.3548387096774194,0.3225806451612903,0.0,0.3225806451612903
109,0.0,0.8095238095238095,0.19047619047619047,0.0
110,0.45161290322580644,0.0,0.25806451612903225,0.2903225806451613
111,0.43478260869565216,0.0,0.391304347826087,0.17391304347826086
112,0.47368421052631576,0.15789473684210525,0.0,0.3684210526315789
113,0.2,0.0,0.3,0.5
114,0.5185185185185185,0.0,0.25925925925925924,0.2222222222222222
115,0.0,0.3076923076923077,0.4358974358974359,0.2564102564102564
116,0.0,0.07712082262210797,0.9048843187660668,0.017994858611825194
117,0.5,0.33163265306122447,0.0,0.1683673469387755
118,0.07311827956989247,0.0,0.17849462365591398,0.7483870967741936
119,0.11851851851851852,0.7185185185185186,0.16296296296296298,0.0
120,0.24324324324324326,0.0,0.43243243243243246,0.32432432432432434
121,0.8421052631578947,0.0,0.05263157894736842,0.10526315789473684
122,0.0,0.24113475177304963,0.5957446808510638,0.16312056737588654
123,0.3157894736842105,0.2631578947368421,0.0,0.42105263157894735
124,0.6,0.22857142857142856,0.0,0.17142857142857143
125,0.672,0.128,0.0,0.2
126,0.0,0.3155080213903743,0.6844919786096256,0.0
127,0.0,0.15126050420168066,0.7226890756302521,0.12605042016806722
128,0.5357142857142857,0.14285714285714285,0.0,0.32142857142857145
129,0.3684210526315789,0.3684210526315789,0.0,0.2631578947368421
130,0.7241379310344828,0.13793103448275862,0.0,0.13793103448275862
131,0.5422535211267606,0.3485915492957746,0.0,0.10915492957746478
132,0.2653061224489796,0.0,0.24489795918367346,0.4897959183673469
133,0.0273972602739726,0.8356164383561644,0.136986301369863,0.0
134,0.5765765765765766,0.21621621621621623,0.0,0.2072072072072072
135,0.5979381443298969,0.31443298969072164,0.0,0.08762886597938144
136,0.7819905213270142,0.07109004739336493,0.14691943127962084,0.0
137,0.32786885245901637,0.3114754098360656,0.0,0.36065573770491804
138,0.07692307692307693,0.02564102564102564,0.8974358974358975,0.0
139,0.35185185185185186,0.16666666666666666,0.0,0.48148148148148145
140,0.14035087719298245,0.40350877192982454,0.0,0.45614035087719296
141,0.39849624060150374,0.5338345864661654,0.0,0.06766917293233082
142,0.20833333333333334,0.08333333333333333,0.7083333333333334,0.0
143,0.14150943396226415,0.0,0.4528301886792453,0.4056603773584906
144,0.05813953488372093,0.011627906976744186,0.9302325581395349,0.0
145,0.75,0.0,0.19642857142857142,0.05357142857142857
146,0.0,0.2894736842105263,0.4407894736842105,0.26973684210526316
147,0.3469387755102041,0.0,0.37142857142857144,0.2816326530612245
148,0.765079365079365,0.04126984126984127,0.0,0.19365079365079366
149,0.2544529262086514,0.46564885496183206,0.27989821882951654,0.0
150,0.0,0.32,0.62,0.06
151,0.07142857142857142,0.35714285714285715,0.5714285714285714,0.0
152,0.19344262295081968,0.5442622950819672,0.26229508196721313,0.0
153,0.0,0.22193211488250653,0.6240208877284595,0.15404699738903394
154,0.0,0.2413793103448276,0.6459770114942529,0.11264367816091954
155,0.2846441947565543,0.4363295880149813,0.27902621722846443,0.0
156,0.0,0.3393665158371041,0.5987933634992458,0.06184012066365008
157,0.34299516908212563,0.4963768115942029,0.0,0.1606280193236715
158,0.3783783783783784,0.3344594594594595,0.28716216216216217,0.0
159,0.5691056910569106,0.23577235772357724,0.0,0.1951219512195122
160,0.0,0.3941176470588235,0.3411764705882353,0.2647058823529412
161,0.1643192488262911,0.48826291079812206,0.3474178403755869,0.0
162,0.38095238095238093,0.07142857142857142,0.0,0.5476190476190477
163,0.4675324675324675,0.2683982683982684,0.0,0.26406926406926406
164,0.46153846153846156,0.4683257918552036,0.0,0.07013574660633484
165,0.0,0.296875,0.5520833333333334,0.15104166666666666
166,0.19597069597069597,0.6758241758241759,0.0,0.1282051282051282
167,0.29975429975429974,0.43243243243243246,0.2678132678132678,0.0
168,0.0,0.1396551724137931,0.653448275862069,0.20689655172413793
169,0.33086876155268025,0.4048059149722736,0.0,0.2643253234750462
170,0.20307692307692307,0.0,0.2246153846153846,0.5723076923076923
171,0.0,0.24452554744525548,0.4927007299270073,0.26277372262773724
172,0.1634349030470914,0.0,0.21052631578947367,0.6260387811634349
173,0.0,0.27807486631016043,0.35294117647058826,0.3689839572192513
174,0.0,0.1141804788213628,0.6372007366482505,0.24861878453038674
175,0.46706586826347307,0.39820359281437123,0.0,0.1347305389221557
176,0.2320754716981132,0.0,0.1471698113207547,0.620754716981132
177,0.2962962962962963,0.39814814814814814,0.3055555555555556,0.0
178,0.0,0.7258064516129032,0.14516129032258066,0.12903225806451613
179,0.08294930875576037,0.0,0.041474654377880185,0.8755760368663594
180,0.39622641509433965,0.05660377358490566,0.0,0.5471698113207547
181,0.2222222222222222,0.0,0.2222222222222222,0.5555555555555556
182,0.7341772151898734,0.1518987341772152,0.0,0.11392405063291139
183,0.4594594594594595,0.40540540540540543,0.0,0.13513513513513514
184,0.0,0.5740740740740741,0.3888888888888889,0.037037037037037035
185,0.24242424242424243,0.0,0.3409090909090909,0.4166666666666667
186,0.20454545454545456,0.19318181818181818,0.6022727272727273,0.0
187,0.23232323232323232,0.0,0.0707070707070707,0.696969696969697
188,0.2545454545454545,0.0,0.10909090909090909,0.6363636363636364
189,0.4583333333333333,0.25,0.0,0.2916666666666667
190,0.07936507936507936,0.5079365079365079,0.4126984126984127,0.0
191,0.2923076923076923,0.23076923076923078,0.0,0.47692307692307695
192,0.0,0.5445026178010471,0.41361256544502617,0.041884816753926704
193,0.0,0.06534090909090909,0.8551136363636364,0.07954545454545454
194,0.41379310344827586,0.41379310344827586,0.0,0.1724137931034483
195,0.40625,0.125,0.0,0.46875
196,0.675,0.05,0.0,0.275
197,0.2857142857142857,0.0,0.2857142857142857,0.42857142857142855
198,0.8333333333333334,0.0,0.125,0.041666666666666664
199,0.4375,0.1875,0.0,0.375
200,0.0,0.44594594594594594,0.44594594594594594,0.10810810810810811
201,0.125,0.359375,0.515625,0.0
202,0.25,0.2,0.55,0.0
203,0.2459016393442623,0.0,0.13114754098360656,0.6229508196721312
204,0.0,0.125,0.5972222222222222,0.2777777777777778
205,0.11764705882352941,0.0,0.42857142857142855,0.453781512605042
206,0.38596491228070173,0.0,0.2807017543859649,0.3333333333333333
207,0.0,0.11695906432748537,0.8362573099415205,0.04678362573099415
208,0.10869565217391304,0.4673913043478261,0.42391304347826086,0.0
209,0.1870967741935484,0.0,0.23870967741935484,0.5741935483870968
210,0.4444444444444444,0.09523809523809523,0.4603174603174603,0.0
211,0.5,0.0,0.09615384615384616,0.40384615384615385
212,0.3548387096774194,0.0,0.1935483870967742,0.45161290322580644
213,0.0,0.6470588235294118,0.3235294117647059,0.029411764705882353
214,0.5,0.3235294117647059,0.0,0.17647058823529413
215,0.0,0.1,0.7666666666666667,0.13333333333333333
216,0.5925925925925926,0.1111111111111111,0.0,0.2962962962962963
217,0.0,0.19047619047619047,0.7142857142857143,0.09523809523809523
218,0.42857142857142855,0.0,0.19642857142857142,0.375
219,0.0,0.17391304347826086,0.7391304347826086,0.08695652173913043
220,0.0,0.34,0.51,0.15
221,0.15178571428571427,0.0,0.11607142857142858,0.7321428571428571
222,0.519774011299435,0.096045197740113,0.0,0.384180790960452
223,0.27472527472527475,0.0,0.27472527472527475,0.45054945054945056
224,0.5384615384615384,0.0,0.38461538461538464,0.07692307692307693
225,0.0,0.35833333333333334,0.6083333333333333,0.03333333333333333
226,0.0,0.048672566371681415,0.8849557522123894,0.06637168141592921
227,0.5403225806451613,0.33064516129032256,0.0,0.12903225806451613
228,0.0,0.10679611650485436,0.8155339805825242,0.07766990291262135
229,0.0,0.05970149253731343,0.9029850746268657,0.03731343283582089
230,0.18326693227091634,0.0,0.26693227091633465,0.549800796812749
231,0.0,0.10185185185185185,0.3888888888888889,0.5092592592592593
232,0.07975460122699386,0.0,0.06134969325153374,0.8588957055214724
233,0.5787292817679558,0.27900552486187846,0.0,0.14226519337016574
234,0.11208406304728546,0.0,0.542907180385289,0.3450087565674256
235,0.24324324324324326,0.2702702702702703,0.4864864864864865,0.0
236,0.4768856447688564,0.30170316301703165,0.0,0.22141119221411193
237,0.21875,0.484375,0.296875,0.0
238,0.0,0.2950310559006211,0.049689440993788817,0.65527950310559
239,0.07272727272727272,0.6636363636363637,0.2636363636363636,0.0
240,0.04669260700389105,0.0,0.10505836575875487,0.8482490272373541
241,0.2692307692307692,0.19230769230769232,0.5384615384615384,0.0
242,0.5631399317406144,0.22866894197952217,0.0,0.20819112627986347
243,0.31756756756756754,0.0,0.6554054054054054,0.02702702702702703
244,0.0,0.058823529411764705,0.7058823529411765,0.23529411764705882
245,0.0,0.1782608695652174,0.7478260869565218,0.07391304347826087
246,0.0,0.40707964601769914,0.24778761061946902,0.34513274336283184
247,0.043478260869565216,0.30434782608695654,0.6521739130434783,0.0
248,0.24444444444444444,0.4444444444444444,0.0,0.3111111111111111
249,0.0,0.23834196891191708,0.7098445595854922,0.05181347150259067
250,0.0,0.22826086956521738,0.7336956521739131,0.03804347826086957
251,0.23236514522821577,0.0,0.16597510373443983,0.6016597510373444
252,0.0,0.2809917355371901,0.5950413223140496,0.12396694214876033
253,0.7565217391304347,0.1826086956521739,0.0,0.06086956521739131
254,0.049429657794676805,0.6844106463878327,0.2661596958174905,0.0
255,0.0847457627118644,0.0,0.5423728813559322,0.3728813559322034
256,0.15789473684210525,0.10526315789473684,0.7368421052631579,0.0
257,0.28187919463087246,0.5771812080536913,0.0,0.14093959731543623
258,0.0,0.48299319727891155,0.4965986394557823,0.02040816326530612
259,0.16393442622950818,0.7704918032786885,0.0,0.06557377049180328
260,0.0,0.4028776978417266,0.4748201438848921,0.1223021582733813
261,0.38738738738738737,0.5585585585585585,0.0,0.05405405405405406
262,0.16828929068150209,0.0,0.11404728789986092,0.717663421418637
263,0.08333333333333333,0.0,0.2777777777777778,0.6388888888888888
264,0.13333333333333333,0.2,0.0,0.6666666666666666
265,0.0,0.25,0.625,0.125
266,0.358974358974359,0.5877712031558185,0.0,0.05325443786982249
267,0.4,0.2,0.0,0.4
268,0.0,0.3,0.3,0.4
269,0.26732673267326734,0.0,0.0891089108910891,0.6435643564356436
270,0.0,0.046875,0.4375,0.515625
271,0.2692307692307692,0.0,0.34615384615384615,0.38461538461538464
272,0.5,0.2631578947368421,0.0,0.23684210526315788
273,0.375,0.03125,0.0,0.59375
274,0.08035714285714286,0.0,0.9107142857142857,0.008928571428571428
275,0.21153846153846154,0.5897435897435898,0.1987179487179487,0.0
276,0.6215596330275229,0.31422018348623854,0.0,0.06422018348623854
277,0.13541666666666666,0.7395833333333334,0.125,0.0
278,0.34611953612845675,0.41213202497769846,0.0,0.24174843889384479
279,0.0,0.3333333333333333,0.6666666666666666,0.0
280,0.0,0.0625,0.0,0.9375
281,0.013157894736842105,0.8947368421052632,0.09210526315789473,0.0
282,0.07272727272727272,0.6181818181818182,0.3090909090909091,0.0
283,0.0,0.08074534161490683,0.043478260869565216,0.8757763975155279
284,0.00980392156862745,0.0,0.013725490196078431,0.9764705882352941
285,0.09090909090909091,0.13636363636363635,0.7727272727272727,0.0
286,0.4,0.1,0.0,0.5
287,0.0,0.7710843373493976,0.2289156626506024,0.0
288,0.8480392156862745,0.004901960784313725,0.0,0.14705882352941177
289,0.03355704697986577,0.0,0.14093959731543623,0.825503355704698
290,0.0,0.16939890710382513,0.7377049180327869,0.09289617486338798
291,0.0,0.4838709677419355,0.4838709677419355,0.03225806451612903
292,0.5555555555555556,0.3888888888888889,0.0,0.05555555555555555
293,0.0,0.08,0.6,0.32
294,0.18333333333333332,0.16666666666666666,0.65,0.0
295,0.5789473684210527,0.0,0.18421052631578946,0.23684210526315788
296,0.5,0.25,0.25,0.0
297,0.4166666666666667,0.08333333333333333,0.5,0.0
298,0.0,0.7,0.0,0.3
299,0.0,0.0,0.25,0.75
300,0.0,1.0,0.0,0.0
301,0.0,0.0,0.0,1.0
302,0.0,0.0,0.0,1.0
303,1.0,0.0,0.0,0.0
304,,,,
305,0.0,0.0,1.0,0.0
306,,,,
307,,,,
308,,,,
309,,,,
310,,,,
311,,,,
312,,,,
313,,,,
