,A,C,G,T
0,,,,
1,,,,
2,0.4,0.4,0.0,0.2
3,0.8275862068965517,0.1724137931034483,0.0,0.0
4,0.6190476190476191,0.23809523809523808,0.14285714285714285,0.0
5,0.25862068965517243,0.39655172413793105,0.0,0.3448275862068966
6,0.6666666666666666,0.0,0.06666666666666667,0.26666666666666666
7,0.0,0.3333333333333333,0.3333333333333333,0.3333333333333333
8,0.49038461538461536,0.4807692307692308,0.0,0.028846153846153848
9,0.08860759493670886,0.0,0.13924050632911392,0.7721518987341772
10,0.0,0.0,1.0,0.0
11,0.14814814814814814,0.8148148148148148,0.0,0.037037037037037035
12,0.3333333333333333,0.2222222222222222,0.0,0.4444444444444444
13,0.3888888888888889,0.6111111111111112,0.0,0.0
14,0.16666666666666666,0.08333333333333333,0.0,0.75
15,0.0,0.9090909090909091,0.0,0.09090909090909091
16,0.0,0.8181818181818182,0.09090909090909091,0.09090909090909091
17,0.9090909090909091,0.09090909090909091,0.0,0.0
18,0.6,0.2,0.2,0.0
19,0.5,0.0,0.0,0.5
20,0.015625,0.0,0.984375,0.0
21,0.0,0.0,0.0,1.0
22,1.0,0.0,0.0,0.0
23,0.8888888888888888,0.037037037037037035,0.0,0.07407407407407407
24,0.0,0.0,0.0,1.0
25,0.5,0.0,0.0,0.5
26,0.0,0.6,0.26666666666666666,0.13333333333333333
27,0.1,0.5,0.0,0.4
28,0.5882352941176471,0.35294117647058826,0.0,0.058823529411764705
29,0.5,0.0,0.375,0.125
30,1.0,0.0,0.0,0.0
31,0.18181818181818182,0.5454545454545454,0.2727272727272727,0.0
32,0.375,0.0625,0.0,0.5625
33,0.0,1.0,0.0,0.0
34,0.0,0.6666666666666666,0.3333333333333333,0.0
35,0.16666666666666666,0.0,0.3333333333333333,0.5
36,0.25,0.0,0.5,0.25
37,0.0,0.041666666666666664,0.4583333333333333,0.5
38,0.6666666666666666,0.0,0.0,0.3333333333333333
39,1.0,0.0,0.0,0.0
40,1.0,0.0,0.0,0.0
41,0.03225806451612903,0.5806451612903226,0.3870967741935484,0.0
42,,,,
43,0.0,0.6666666666666666,0.0,0.3333333333333333
44,0.5833333333333334,0.3333333333333333,0.0,0.08333333333333333
45,0.0,0.16666666666666666,0.8166666666666667,0.016666666666666666
46,0.35714285714285715,0.5476190476190477,0.0,0.09523809523809523
47,0.5,0.0,0.0,0.5
48,0.14285714285714285,0.5714285714285714,0.2857142857142857,0.0
49,0.5,0.0,0.0,0.5
50,0.1875,0.0,0.1875,0.625
51,0.0,0.0,0.7142857142857143,0.2857142857142857
52,0.2,0.4,0.4,0.0
53,0.2,0.4666666666666667,0.0,0.3333333333333333
54,0.0,0.16129032258064516,0.7741935483870968,0.06451612903225806
55,0.16393442622950818,0.45901639344262296,0.0,0.3770491803278688
56,0.0,0.2,0.3111111111111111,0.4888888888888889
57,0.4166666666666667,0.0,0.4166666666666667,0.16666666666666666
58,0.0,0.4,0.6,0.0
59,0.07894736842105263,0.0,0.8421052631578947,0.07894736842105263
60,0.2,0.4,0.4,0.0
61,0.0,0.0,1.0,0.0
62,0.2692307692307692,0.0,0.38461538461538464,0.34615384615384615
63,0.0,0.5,0.5,0.0
64,,,,
65,0.0,0.8181818181818182,0.18181818181818182,0.0
66,0.5769230769230769,0.038461538461538464,0.0,0.38461538461538464
67,0.37037037037037035,0.0,0.037037037037037035,0.5925925925925926
68,0.0,0.06382978723404255,0.2978723404255319,0.6382978723404256
69,0.8,0.0,0.0,0.2
70,0.045454545454545456,0.0,0.36363636363636365,0.5909090909090909
71,0.22448979591836735,0.3877551020408163,0.0,0.3877551020408163
72,0.0,0.35714285714285715,0.6428571428571429,0.0
73,0.125,0.0,0.25,0.625
74,0.5111111111111111,0.24444444444444444,0.24444444444444444,0.0
75,0.8,0.1,0.0,0.1
76,0.6470588235294118,0.35294117647058826,0.0,0.0
77,0.0,0.5,0.2777777777777778,0.2222222222222222
78,0.1875,0.375,0.4375,0.0
79,0.2222222222222222,0.5555555555555556,0.2222222222222222,0.0
80,0.19402985074626866,0.0,0.11940298507462686,0.6865671641791045
81,0.0,0.4838709677419355,0.25806451612903225,0.25806451612903225
82,0.2558139534883721,0.0,0.37209302325581395,0.37209302325581395
83,0.47560975609756095,0.0,0.17073170731707318,0.35365853658536583
84,0.36,0.52,0.12,0.0
85,0.0,1.0,0.0,0.0
86,0.25,0.0,0.10714285714285714,0.6428571428571429
87,0.0,0.3142857142857143,0.6857142857142857,0.0
88,0.6774193548387096,0.1935483870967742,0.0,0.12903225806451613
89,0.36923076923076925,0.26153846153846155,0.36923076923076925,0.0
90,0.0,0.22972972972972974,0.4864864864864865,0.28378378378378377
91,0.6,0.32,0.0,0.08
92,0.17886178861788618,0.0,0.12195121951219512,0.6991869918699187
93,0.14285714285714285,0.7619047619047619,0.09523809523809523,0.0
94,0.0,0.4,0.12,0.48
95,0.0,0.9473684210526315,0.05263157894736842,0.0
96,0.4,0.55,0.0,0.05
97,0.4943820224719101,0.3258426966292135,0.0,0.1797752808988764
98,0.1875,0.0,0.53125,0.28125
99,0.0,0.1206896551724138,0.05172413793103448,0.8275862068965517
100,0.0,0.4,0.6,0.0
101,0.3559322033898305,0.15254237288135594,0.0,0.4915254237288136
102,0.5789473684210527,0.0,0.05263157894736842,0.3684210526315789
103,0.0,0.5,0.0,0.5
104,0.038461538461538464,0.0,0.07692307692307693,0.8846153846153846
105,0.0,0.25,0.75,0.0
106,0.0,0.25,0.0,0.75
107,0.0,0.5,0.0,0.5
108,0.21428571428571427,0.42857142857142855,0.0,0.35714285714285715
109,0.16666666666666666,0.6666666666666666,0.16666666666666666,0.0
110,0.09090909090909091,0.0,0.18181818181818182,0.7272727272727273
111,1.0,0.0,0.0,0.0
112,0.14285714285714285,0.2857142857142857,0.0,0.5714285714285714
113,0.25,0.0,0.4166666666666667,0.3333333333333333
114,1.0,0.0,0.0,0.0
115,0.0,0.2857142857142857,0.42857142857142855,0.2857142857142857
116,0.0,0.6666666666666666,0.0,0.3333333333333333
117,0.4666666666666667,0.2,0.0,0.3333333333333333
118,0.2,0.0,0.2,0.6
119,0.038461538461538464,0.38461538461538464,0.5769230769230769,0.0
120,0.6666666666666666,0.0,0.3333333333333333,0.0
121,0.6666666666666666,0.0,0.0,0.3333333333333333
122,0.0,0.16326530612244897,0.7142857142857143,0.12244897959183673
123,,,,
124,0.1111111111111111,0.4444444444444444,0.0,0.4444444444444444
125,0.36363636363636365,0.0,0.6363636363636364,0.0
126,0.0,0.896551724137931,0.10344827586206896,0.0
127,0.0,0.045454545454545456,0.8181818181818182,0.13636363636363635
128,0.5,0.0,0.0,0.5
129,0.75,0.0,0.0,0.25
130,0.25,0.25,0.0,0.5
131,0.7160493827160493,0.20987654320987653,0.0,0.07407407407407407
132,0.16666666666666666,0.0,0.25,0.5833333333333334
133,0.038461538461538464,0.2692307692307692,0.6923076923076923,0.0
134,0.0,0.125,0.0,0.875
135,0.1875,0.75,0.0,0.0625
136,0.0,0.16666666666666666,0.6111111111111112,0.2222222222222222
137,0.5625,0.25,0.0,0.1875
138,0.125,0.0,0.875,0.0
139,0.2222222222222222,0.2222222222222222,0.0,0.5555555555555556
140,0.125,0.5,0.0,0.375
141,0.11475409836065574,0.8032786885245902,0.0,0.08196721311475409
142,0.125,0.125,0.75,0.0
143,0.11428571428571428,0.02857142857142857,0.0,0.8571428571428571
144,0.4864864864864865,0.05405405405405406,0.0,0.4594594594594595
145,0.29411764705882354,0.0,0.47058823529411764,0.23529411764705882
146,0.0,0.20588235294117646,0.19117647058823528,0.6029411764705882
147,0.08181818181818182,0.6727272727272727,0.0,0.24545454545454545
148,0.2222222222222222,0.5333333333333333,0.24444444444444444,0.0
149,0.1643835616438356,0.4246575342465753,0.410958904109589,0.0
150,0.0,0.06060606060606061,0.6363636363636364,0.30303030303030304
151,0.037037037037037035,0.7037037037037037,0.25925925925925924,0.0
152,0.0,0.16379310344827586,0.1896551724137931,0.646551724137931
153,0.41509433962264153,0.16981132075471697,0.41509433962264153,0.0
154,0.5238095238095238,0.0,0.23809523809523808,0.23809523809523808
155,0.0,0.2558139534883721,0.3023255813953488,0.4418604651162791
156,0.22077922077922077,0.4025974025974026,0.37662337662337664,0.0
157,0.0,0.35714285714285715,0.16666666666666666,0.47619047619047616
158,0.025,0.65,0.325,0.0
159,0.6666666666666666,0.2222222222222222,0.0,0.1111111111111111
160,0.0,0.36,0.56,0.08
161,0.1206896551724138,0.7931034482758621,0.08620689655172414,0.0
162,0.3333333333333333,0.0,0.0,0.6666666666666666
163,0.4,0.48,0.0,0.12
164,0.0,0.7045454545454546,0.22727272727272727,0.06818181818181818
165,0.0,0.22448979591836735,0.6122448979591837,0.16326530612244897
166,0.3956043956043956,0.5164835164835165,0.0,0.08791208791208792
167,0.2542372881355932,0.576271186440678,0.1694915254237288,0.0
168,0.0,0.25675675675675674,0.4594594594594595,0.28378378378378377
169,0.0,0.39622641509433965,0.18867924528301888,0.41509433962264153
170,0.47126436781609193,0.26436781609195403,0.26436781609195403,0.0
171,0.0,0.4470588235294118,0.49411764705882355,0.058823529411764705
172,0.0,0.56,0.22,0.22
173,0.0,0.2571428571428571,0.6857142857142857,0.05714285714285714
174,0.2111111111111111,0.26666666666666666,0.5222222222222223,0.0
175,0.0,0.10869565217391304,0.21739130434782608,0.6739130434782609
176,0.1038961038961039,0.0,0.09090909090909091,0.8051948051948052
177,0.2,0.5333333333333333,0.26666666666666666,0.0
178,0.0,0.13333333333333333,0.06666666666666667,0.8
179,0.04878048780487805,0.0,0.15853658536585366,0.7926829268292683
180,0.6716417910447762,0.1044776119402985,0.0,0.22388059701492538
181,0.07792207792207792,0.0,0.7402597402597403,0.18181818181818182
182,0.0,0.175,0.625,0.2
183,0.7692307692307693,0.15384615384615385,0.0,0.07692307692307693
184,0.0,0.7272727272727273,0.2727272727272727,0.0
185,0.07317073170731707,0.0,0.5121951219512195,0.4146341463414634
186,0.2857142857142857,0.07142857142857142,0.6428571428571429,0.0
187,0.15789473684210525,0.0,0.05263157894736842,0.7894736842105263
188,0.23255813953488372,0.0,0.06976744186046512,0.6976744186046512
189,0.125,0.25,0.0,0.625
190,0.0,0.3333333333333333,0.6666666666666666,0.0
191,0.4666666666666667,0.4666666666666667,0.0,0.06666666666666667
192,0.0,0.35294117647058826,0.6470588235294118,0.0
193,0.0,0.029411764705882353,0.9264705882352942,0.04411764705882353
194,0.2,0.7,0.0,0.1
195,0.625,0.0,0.0,0.375
196,0.7692307692307693,0.15384615384615385,0.0,0.07692307692307693
197,0.5555555555555556,0.0,0.1111111111111111,0.3333333333333333
198,1.0,0.0,0.0,0.0
199,0.6666666666666666,0.0,0.0,0.3333333333333333
200,0.0,0.23333333333333334,0.6833333333333333,0.08333333333333333
201,0.0,0.3333333333333333,0.6666666666666666,0.0
202,0.25,0.0,0.75,0.0
203,0.14285714285714285,0.0,0.07142857142857142,0.7857142857142857
204,0.0,0.024390243902439025,0.9024390243902439,0.07317073170731707
205,0.05660377358490566,0.0,0.22641509433962265,0.7169811320754716
206,0.4444444444444444,0.0,0.0,0.5555555555555556
207,0.0,0.06896551724137931,0.9310344827586207,0.0
208,0.2857142857142857,0.0,0.7142857142857143,0.0
209,0.19047619047619047,0.0,0.23809523809523808,0.5714285714285714
210,0.2857142857142857,0.0,0.7142857142857143,0.0
211,1.0,0.0,0.0,0.0
212,0.5333333333333333,0.0,0.06666666666666667,0.4
213,0.0,1.0,0.0,0.0
214,0.8,0.0,0.0,0.2
215,0.0,0.03333333333333333,0.9666666666666667,0.0
216,1.0,0.0,0.0,0.0
217,0.0,1.0,0.0,0.0
218,0.0,0.0,0.25,0.75
219,0.0,0.058823529411764705,0.8823529411764706,0.058823529411764705
220,0.0,0.6363636363636364,0.0,0.36363636363636365
221,0.10526315789473684,0.7368421052631579,0.15789473684210525,0.0
222,0.1111111111111111,0.16666666666666666,0.7222222222222222,0.0
223,0.2702702702702703,0.0,0.05405405405405406,0.6756756756756757
224,0.1282051282051282,0.0,0.7435897435897436,0.1282051282051282
225,0.0,0.40625,0.53125,0.0625
226,0.0,0.10638297872340426,0.8297872340425532,0.06382978723404255
227,0.5833333333333334,0.2916666666666667,0.0,0.125
228,0.0,0.05555555555555555,0.9444444444444444,0.0
229,0.0,0.15384615384615385,0.8076923076923077,0.038461538461538464
230,0.10526315789473684,0.0,0.13157894736842105,0.7631578947368421
231,0.0,0.14285714285714285,0.14285714285714285,0.7142857142857143
232,0.16,0.0,0.12,0.72
233,0.42424242424242425,0.2878787878787879,0.0,0.2878787878787879
234,0.09345794392523364,0.0,0.4953271028037383,0.411214953271028
235,0.058823529411764705,0.8235294117647058,0.11764705882352941,0.0
236,0.22,0.56,0.0,0.22
237,0.19047619047619047,0.42857142857142855,0.38095238095238093,0.0
238,0.0,0.2638888888888889,0.0,0.7361111111111112
239,0.0,0.7272727272727273,0.2727272727272727,0.0
240,0.14814814814814814,0.0,0.4074074074074074,0.4444444444444444
241,0.16666666666666666,0.16666666666666666,0.6666666666666666,0.0
242,0.21176470588235294,0.3764705882352941,0.0,0.4117647058823529
243,0.043478260869565216,0.0,0.7391304347826086,0.21739130434782608
244,0.0,0.5,0.25,0.25
245,0.0,0.2876712328767123,0.547945205479452,0.1643835616438356
246,0.0,0.48,0.4,0.12
247,0.0,0.6666666666666666,0.3333333333333333,0.0
248,0.0,0.14285714285714285,0.0,0.8571428571428571
249,0.0,0.061224489795918366,0.9387755102040817,0.0
250,0.0,0.2553191489361702,0.7021276595744681,0.0425531914893617
251,0.4791666666666667,0.0,0.20833333333333334,0.3125
252,0.0,0.7837837837837838,0.16216216216216217,0.05405405405405406
253,0.6756756756756757,0.2972972972972973,0.0,0.02702702702702703
254,0.1323529411764706,0.0,0.014705882352941176,0.8529411764705882
255,0.09090909090909091,0.0,0.5,0.4090909090909091
256,0.0,0.0,1.0,0.0
257,0.16666666666666666,0.625,0.0,0.20833333333333334
258,0.0,0.3076923076923077,0.6923076923076923,0.0
259,0.3611111111111111,0.6388888888888888,0.0,0.0
260,0.0,0.65,0.3,0.05
261,0.30357142857142855,0.6071428571428571,0.0,0.08928571428571429
262,0.08181818181818182,0.0,0.20909090909090908,0.7090909090909091
263,0.07954545454545454,0.75,0.17045454545454544,0.0
264,0.0,0.4,0.0,0.6
265,0.0,0.75,0.25,0.0
266,0.3434343434343434,0.6060606060606061,0.0,0.050505050505050504
267,0.5,0.5,0.0,0.0
268,0.0,1.0,0.0,0.0
269,0.05263157894736842,0.0,0.15789473684210525,0.7894736842105263
270,0.0,0.0,0.16666666666666666,0.8333333333333334
271,0.0,0.0,0.0,1.0
272,0.16666666666666666,0.6666666666666666,0.0,0.16666666666666666
273,0.3333333333333333,0.0,0.0,0.6666666666666666
274,0.06666666666666667,0.0,0.9333333333333333,0.0
275,0.36363636363636365,0.6363636363636364,0.0,0.0
276,0.6375,0.25,0.0,0.1125
277,0.2,0.8,0.0,0.0
278,0.16049382716049382,0.6234567901234568,0.0,0.21604938271604937
279,,,,
280,0.0,0.0,0.0,1.0
281,0.0,0.9642857142857143,0.03571428571428571,0.0
282,0.125,0.625,0.25,0.0
283,0.0,0.07272727272727272,0.05454545454545454,0.8727272727272727
284,0.021739130434782608,0.0,0.043478260869565216,0.9347826086956522
285,0.0,0.0,1.0,0.0
286,0.16666666666666666,0.0,0.0,0.8333333333333334
287,0.0,0.9666666666666667,0.03333333333333333,0.0
288,0.8181818181818182,0.18181818181818182,0.0,0.0
289,0.047619047619047616,0.0,0.0,0.9523809523809523
290,0.18421052631578946,0.8157894736842105,0.0,0.0
291,0.0,0.875,0.125,0.0
292,0.8913043478260869,0.043478260869565216,0.0,0.06521739130434782
293,0.0,0.0,1.0,0.0
294,1.0,0.0,0.0,0.0
295,,,,
296,0.3333333333333333,0.6666666666666666,0.0,0.0
297,0.5,0.0,0.25,0.25
298,0.0,0.0,1.0,0.0
299,,,,
300,0.0,1.0,0.0,0.0
301,,,,
302,0.0,0.0,0.0,1.0
303,,,,
304,,,,
305,,,,
306,,,,
307,,,,
308,,,,
309,,,,
310,,,,
311,,,,
312,,,,
313,,,,
314,,,,
315,,,,
