,A,C,G,T
0,,,,
1,,,,
2,0.8421052631578947,0.05263157894736842,0.0,0.10526315789473684
3,0.044444444444444446,0.7,0.0,0.25555555555555554
4,0.8181818181818182,0.09090909090909091,0.09090909090909091,0.0
5,0.65,0.1,0.0,0.25
6,0.2916666666666667,0.0,0.4166666666666667,0.2916666666666667
7,0.0,0.12195121951219512,0.5609756097560976,0.3170731707317073
8,0.5226130653266332,0.3015075376884422,0.0,0.17587939698492464
9,0.06578947368421052,0.0,0.013157894736842105,0.9210526315789473
10,0.0,0.5,0.5,0.0
11,0.9,0.05,0.0,0.05
12,0.125,0.0,0.71875,0.15625
13,0.0,0.016666666666666666,0.6166666666666667,0.36666666666666664
14,0.6885245901639344,0.19672131147540983,0.0,0.11475409836065574
15,0.0,1.0,0.0,0.0
16,0.0,0.46153846153846156,0.5384615384615384,0.0
17,0.7777777777777778,0.1111111111111111,0.0,0.1111111111111111
18,0.25,0.25,0.5,0.0
19,0.0,0.0,0.75,0.25
20,0.4090909090909091,0.5,0.0,0.09090909090909091
21,0.5555555555555556,0.1111111111111111,0.0,0.3333333333333333
22,0.25,0.25,0.0,0.5
23,0.08333333333333333,0.0,0.5833333333333334,0.3333333333333333
24,0.3181818181818182,0.0,0.22727272727272727,0.45454545454545453
25,0.4,0.0,0.2,0.4
26,0.0,0.21739130434782608,0.6086956521739131,0.17391304347826086
27,0.42857142857142855,0.5357142857142857,0.0,0.03571428571428571
28,0.5,0.3333333333333333,0.0,0.16666666666666666
29,0.0,0.3488372093023256,0.5348837209302325,0.11627906976744186
30,0.17391304347826086,0.0,0.2608695652173913,0.5652173913043478
31,0.9552238805970149,0.014925373134328358,0.029850746268656716,0.0
32,0.3,0.16666666666666666,0.0,0.5333333333333333
33,0.3103448275862069,0.43103448275862066,0.0,0.25862068965517243
34,0.07142857142857142,0.7857142857142857,0.14285714285714285,0.0
35,0.4722222222222222,0.16666666666666666,0.0,0.3611111111111111
36,0.0,0.4642857142857143,0.5,0.03571428571428571
37,0.0,0.20930232558139536,0.7441860465116279,0.046511627906976744
38,0.7222222222222222,0.0,0.0,0.2777777777777778
39,0.225,0.0,0.25,0.525
40,0.0,0.0,0.0,1.0
41,0.03125,0.71875,0.25,0.0
42,0.21052631578947367,0.3684210526315789,0.42105263157894735,0.0
43,0.3333333333333333,0.0,0.16666666666666666,0.5
44,0.7307692307692307,0.11538461538461539,0.0,0.15384615384615385
45,0.25925925925925924,0.6296296296296297,0.0,0.1111111111111111
46,0.0,0.12,0.88,0.0
47,0.75,0.15,0.0,0.1
48,0.0,0.2222222222222222,0.3333333333333333,0.4444444444444444
49,0.4,0.0,0.6,0.0
50,0.21428571428571427,0.0,0.21428571428571427,0.5714285714285714
51,0.125,0.0,0.875,0.0
52,0.5,0.0,0.5,0.0
53,0.28125,0.28125,0.0,0.4375
54,0.5454545454545454,0.09090909090909091,0.36363636363636365,0.0
55,0.5,0.0,0.0,0.5
56,0.09302325581395349,0.0,0.27906976744186046,0.627906976744186
57,0.2727272727272727,0.0,0.6363636363636364,0.09090909090909091
58,0.25,0.5,0.25,0.0
59,0.18181818181818182,0.0,0.45454545454545453,0.36363636363636365
60,0.0,0.3684210526315789,0.3157894736842105,0.3157894736842105
61,0.10084033613445378,0.0,0.17647058823529413,0.7226890756302521
62,0.08092485549132948,0.0,0.23699421965317918,0.6820809248554913
63,0.0,0.5,0.5,0.0
64,0.0,0.375,0.0,0.625
65,0.02564102564102564,0.0,0.0,0.9743589743589743
66,0.0,0.03018867924528302,0.6641509433962264,0.30566037735849055
67,0.1564625850340136,0.0,0.6326530612244898,0.2108843537414966
68,0.8064516129032258,0.12903225806451613,0.06451612903225806,0.0
69,0.5517241379310345,0.3103448275862069,0.0,0.13793103448275862
70,0.0,0.5714285714285714,0.42857142857142855,0.0
71,0.21568627450980393,0.0,0.5490196078431373,0.23529411764705882
72,0.09090909090909091,0.4727272727272727,0.43636363636363634,0.0
73,0.6190476190476191,0.0,0.19047619047619047,0.19047619047619047
74,0.36,0.54,0.1,0.0
75,0.3939393939393939,0.42424242424242425,0.0,0.18181818181818182
76,0.48,0.37333333333333335,0.0,0.14666666666666667
77,0.09411764705882353,0.8705882352941177,0.03529411764705882,0.0
78,0.08333333333333333,0.21296296296296297,0.0,0.7037037037037037
79,0.656891495601173,0.19941348973607037,0.0,0.1436950146627566
80,0.1896551724137931,0.0,0.4482758620689655,0.3620689655172414
81,0.2786885245901639,0.45901639344262296,0.26229508196721313,0.0
82,0.06666666666666667,0.0,0.3,0.6333333333333333
83,0.13793103448275862,0.0,0.10344827586206896,0.7586206896551724
84,0.0,0.19424460431654678,0.5251798561151079,0.2805755395683453
85,0.06666666666666667,0.43333333333333335,0.5,0.0
86,0.13934426229508196,0.0,0.5573770491803278,0.30327868852459017
87,0.0,0.16101694915254236,0.6440677966101694,0.19491525423728814
88,0.42063492063492064,0.5238095238095238,0.0,0.05555555555555555
89,0.05952380952380952,0.8511904761904762,0.08928571428571429,0.0
90,0.0,0.2547945205479452,0.6410958904109589,0.10410958904109589
91,0.5861297539149888,0.3333333333333333,0.0,0.08053691275167785
92,0.21374045801526717,0.6412213740458015,0.1450381679389313,0.0
93,0.4645390070921986,0.23049645390070922,0.3049645390070922,0.0
94,0.0,0.23125,0.45625,0.3125
95,0.011538461538461539,0.0,0.10384615384615385,0.8846153846153846
96,0.23684210526315788,0.631578947368421,0.13157894736842105,0.0
97,0.0,0.1532258064516129,0.4838709677419355,0.3629032258064516
98,0.01968503937007874,0.0,0.4763779527559055,0.5039370078740157
99,0.2,0.5,0.3,0.0
100,0.4,0.05555555555555555,0.0,0.5444444444444444
101,0.09523809523809523,0.7142857142857143,0.0,0.19047619047619047
102,0.0,0.05740181268882175,0.7764350453172205,0.1661631419939577
103,0.3574144486692015,0.6007604562737643,0.0,0.04182509505703422
104,0.026022304832713755,0.0,0.048327137546468404,0.9256505576208178
105,0.0,0.4915254237288136,0.5084745762711864,0.0
106,0.041666666666666664,0.0,0.0,0.9583333333333334
107,0.0,0.0,0.0,1.0
108,0.0,0.2361111111111111,0.75,0.013888888888888888
109,0.38571428571428573,0.12857142857142856,0.4857142857142857,0.0
110,0.11607142857142858,0.0,0.4642857142857143,0.41964285714285715
111,0.171875,0.0,0.4375,0.390625
112,0.4098360655737705,0.4426229508196721,0.0,0.14754098360655737
113,0.05353319057815846,0.8329764453961456,0.0,0.11349036402569593
114,0.2727272727272727,0.0,0.5454545454545454,0.18181818181818182
115,0.0,0.7142857142857143,0.12987012987012986,0.15584415584415584
116,0.6565656565656566,0.08080808080808081,0.0,0.26262626262626265
117,0.15384615384615385,0.0,0.3006993006993007,0.5454545454545454
118,0.1724137931034483,0.0,0.3103448275862069,0.5172413793103449
119,0.5052631578947369,0.0,0.3157894736842105,0.17894736842105263
120,0.075,0.0,0.9,0.025
121,0.3333333333333333,0.0,0.5555555555555556,0.1111111111111111
122,0.0,0.7156862745098039,0.16666666666666666,0.11764705882352941
123,0.22641509433962265,0.6415094339622641,0.0,0.1320754716981132
124,0.14084507042253522,0.7887323943661971,0.0,0.07042253521126761
125,0.463768115942029,0.4927536231884058,0.0,0.043478260869565216
126,0.0,0.6666666666666666,0.3333333333333333,0.0
127,0.0,0.35714285714285715,0.375,0.26785714285714285
128,0.92,0.0,0.0,0.08
129,0.7719298245614035,0.19298245614035087,0.0,0.03508771929824561
130,0.4125,0.575,0.0,0.0125
131,0.0,0.2278177458033573,0.7410071942446043,0.03117505995203837
132,0.7,0.0,0.11,0.19
133,0.022222222222222223,0.2222222222222222,0.7555555555555555,0.0
134,0.45098039215686275,0.43137254901960786,0.0,0.11764705882352941
135,0.15384615384615385,0.7692307692307693,0.0,0.07692307692307693
136,0.0,0.19736842105263158,0.7894736842105263,0.013157894736842105
137,0.5824742268041238,0.3917525773195876,0.0,0.02577319587628866
138,0.3333333333333333,0.4166666666666667,0.25,0.0
139,0.6,0.05714285714285714,0.0,0.34285714285714286
140,0.041666666666666664,0.8333333333333334,0.0,0.125
141,0.0,0.42857142857142855,0.4857142857142857,0.08571428571428572
142,0.06976744186046512,0.08139534883720931,0.8488372093023255,0.0
143,0.5932203389830508,0.2711864406779661,0.13559322033898305,0.0
144,0.3333333333333333,0.16666666666666666,0.0,0.5
145,0.017241379310344827,0.7241379310344828,0.0,0.25862068965517243
146,0.5742857142857143,0.3142857142857143,0.0,0.11142857142857143
147,0.6327985739750446,0.09269162210338681,0.27450980392156865,0.0
148,0.0,0.23696682464454977,0.5284360189573459,0.23459715639810427
149,0.3974358974358974,0.32051282051282054,0.28205128205128205,0.0
150,0.0,0.11864406779661017,0.7669491525423728,0.11440677966101695
151,0.1956521739130435,0.1956521739130435,0.6086956521739131,0.0
152,0.1736842105263158,0.0,0.3736842105263158,0.45263157894736844
153,0.2701863354037267,0.6739130434782609,0.055900621118012424,0.0
154,0.0,0.41245136186770426,0.23346303501945526,0.3540856031128405
155,0.06837606837606838,0.4700854700854701,0.46153846153846156,0.0
156,0.11878453038674033,0.7596685082872928,0.12154696132596685,0.0
157,0.0,0.2752808988764045,0.47191011235955055,0.25280898876404495
158,0.12403100775193798,0.6666666666666666,0.20930232558139536,0.0
159,0.0,0.11811023622047244,0.6220472440944882,0.25984251968503935
160,0.5231316725978647,0.44483985765124556,0.0,0.03202846975088968
161,0.2857142857142857,0.5,0.21428571428571427,0.0
162,0.3508771929824561,0.15789473684210525,0.0,0.49122807017543857
163,0.6464646464646465,0.2727272727272727,0.0,0.08080808080808081
164,0.4717741935483871,0.42338709677419356,0.0,0.10483870967741936
165,0.0,0.1258741258741259,0.6923076923076923,0.18181818181818182
166,0.3741648106904232,0.48106904231625836,0.0,0.1447661469933185
167,0.334841628959276,0.0,0.3076923076923077,0.3574660633484163
168,0.0,0.19254658385093168,0.6459627329192547,0.16149068322981366
169,0.1774193548387097,0.0,0.3870967741935484,0.43548387096774194
170,0.16,0.0,0.35,0.49
171,0.46864686468646866,0.1716171617161716,0.35973597359735976,0.0
172,0.0,0.3448275862068966,0.14942528735632185,0.5057471264367817
173,0.19333333333333333,0.0,0.2,0.6066666666666667
174,0.11764705882352941,0.7294117647058823,0.15294117647058825,0.0
175,0.0,0.3023255813953488,0.10465116279069768,0.5930232558139535
176,0.08870967741935484,0.0,0.12903225806451613,0.782258064516129
177,0.0,0.4576271186440678,0.423728813559322,0.11864406779661017
178,0.0,0.23728813559322035,0.7203389830508474,0.0423728813559322
179,0.028846153846153848,0.0,0.17307692307692307,0.7980769230769231
180,0.17582417582417584,0.0,0.18681318681318682,0.6373626373626373
181,0.5,0.0,0.16666666666666666,0.3333333333333333
182,0.24074074074074073,0.6851851851851852,0.0,0.07407407407407407
183,0.18181818181818182,0.36363636363636365,0.45454545454545453,0.0
184,0.2777777777777778,0.0,0.16666666666666666,0.5555555555555556
185,0.2391304347826087,0.0,0.0,0.7608695652173914
186,0.13432835820895522,0.0,0.08955223880597014,0.7761194029850746
187,0.10526315789473684,0.3157894736842105,0.5789473684210527,0.0
188,0.10743801652892562,0.0,0.7933884297520661,0.09917355371900827
189,0.0,0.42028985507246375,0.5507246376811594,0.028985507246376812
190,0.0,0.21145374449339208,0.7444933920704846,0.04405286343612335
191,0.46153846153846156,0.5,0.0,0.038461538461538464
192,0.0,0.18032786885245902,0.7049180327868853,0.11475409836065574
193,0.5,0.4583333333333333,0.0,0.041666666666666664
194,0.043478260869565216,0.6086956521739131,0.34782608695652173,0.0
195,0.25,0.0,0.3333333333333333,0.4166666666666667
196,0.08333333333333333,0.75,0.0,0.16666666666666666
197,0.0,0.5,0.4431818181818182,0.056818181818181816
198,0.3984375,0.5703125,0.0,0.03125
199,0.0,0.8522727272727273,0.14772727272727273,0.0
200,0.26785714285714285,0.0,0.2857142857142857,0.44642857142857145
201,0.0,0.022900763358778626,0.42748091603053434,0.549618320610687
202,0.0784313725490196,0.0,0.37254901960784315,0.5490196078431373
203,0.26785714285714285,0.0,0.17857142857142858,0.5535714285714286
204,0.0,0.4880952380952381,0.32142857142857145,0.19047619047619047
205,0.10526315789473684,0.47368421052631576,0.42105263157894735,0.0
206,0.434412265758092,0.19761499148211242,0.0,0.3679727427597956
207,0.625,0.1875,0.1875,0.0
208,0.21428571428571427,0.0,0.07142857142857142,0.7142857142857143
209,0.0,0.8134831460674158,0.08314606741573034,0.10337078651685393
210,0.6011560693641619,0.28901734104046245,0.0,0.10982658959537572
211,0.08928571428571429,0.6607142857142857,0.25,0.0
212,0.0,0.11077844311377245,0.6916167664670658,0.19760479041916168
213,0.2727272727272727,0.5454545454545454,0.0,0.18181818181818182
214,0.0,0.3888888888888889,0.5555555555555556,0.05555555555555555
215,0.21153846153846154,0.0,0.25,0.5384615384615384
216,0.0,0.14285714285714285,0.6666666666666666,0.19047619047619047
217,0.4,0.0,0.4105263157894737,0.18947368421052632
218,0.38738738738738737,0.4594594594594595,0.0,0.15315315315315314
219,0.1388888888888889,0.4351851851851852,0.42592592592592593,0.0
220,0.11538461538461539,0.0,0.07692307692307693,0.8076923076923077
221,0.1527777777777778,0.0,0.5694444444444444,0.2777777777777778
222,0.0,0.36923076923076925,0.5692307692307692,0.06153846153846154
223,0.0,0.1015625,0.828125,0.0703125
224,0.2441860465116279,0.47674418604651164,0.0,0.27906976744186046
225,0.0,0.34615384615384615,0.5384615384615384,0.11538461538461539
226,0.0,0.27102803738317754,0.6822429906542056,0.04672897196261682
227,0.08710801393728224,0.0,0.4181184668989547,0.49477351916376305
228,0.6161616161616161,0.0,0.3434343434343434,0.04040404040404041
229,0.0,0.6132075471698113,0.24528301886792453,0.14150943396226415
230,0.4050632911392405,0.5147679324894515,0.0,0.08016877637130802
231,0.36082474226804123,0.17525773195876287,0.4639175257731959,0.0
232,0.3684210526315789,0.21052631578947367,0.42105263157894735,0.0
233,0.029411764705882353,0.0,0.3333333333333333,0.6372549019607843
234,0.2571428571428571,0.14285714285714285,0.6,0.0
235,0.2765957446808511,0.0,0.0,0.723404255319149
236,0.12698412698412698,0.0,0.15873015873015872,0.7142857142857143
237,0.14285714285714285,0.0,0.07142857142857142,0.7857142857142857
238,0.03333333333333333,0.13333333333333333,0.8333333333333334,0.0
239,0.2682926829268293,0.6585365853658537,0.0,0.07317073170731707
240,0.0,0.4155844155844156,0.5454545454545454,0.03896103896103896
241,0.0,0.25559105431309903,0.5814696485623003,0.16293929712460065
242,0.4593908629441624,0.3629441624365482,0.0,0.17766497461928935
243,0.23728813559322035,0.0,0.2542372881355932,0.5084745762711864
244,0.07692307692307693,0.07692307692307693,0.8461538461538461,0.0
245,0.2988505747126437,0.25287356321839083,0.0,0.4482758620689655
246,0.0,0.35714285714285715,0.3968253968253968,0.24603174603174602
247,0.395985401459854,0.5291970802919708,0.0,0.07481751824817519
248,0.06613756613756613,0.0,0.5396825396825397,0.3941798941798942
249,0.23529411764705882,0.3235294117647059,0.4411764705882353,0.0
250,0.14814814814814814,0.0,0.25925925925925924,0.5925925925925926
251,0.11940298507462686,0.5671641791044776,0.31343283582089554,0.0
252,0.5972222222222222,0.3055555555555556,0.0,0.09722222222222222
253,0.04878048780487805,0.5365853658536586,0.4146341463414634,0.0
254,0.14893617021276595,0.5106382978723404,0.0,0.3404255319148936
255,0.0,0.058823529411764705,0.7647058823529411,0.17647058823529413
256,0.34285714285714286,0.0,0.45714285714285713,0.2
257,0.3,0.0,0.26,0.44
258,0.20689655172413793,0.3103448275862069,0.0,0.4827586206896552
259,0.5517241379310345,0.0,0.034482758620689655,0.41379310344827586
260,0.13157894736842105,0.0,0.09210526315789473,0.7763157894736842
261,0.575,0.05,0.0,0.375
262,0.7058823529411765,0.0,0.23529411764705882,0.058823529411764705
263,0.0,0.043478260869565216,0.8832951945080092,0.07322654462242563
264,0.0,0.0,0.0,1.0
265,0.0,1.0,0.0,0.0
266,0.23404255319148937,0.0,0.02127659574468085,0.7446808510638298
267,0.0,0.10714285714285714,0.39285714285714285,0.5
268,0.2,0.0,0.2,0.6
269,0.35294117647058826,0.4117647058823529,0.0,0.23529411764705882
270,0.25,0.0,0.0,0.75
271,0.12121212121212122,0.0,0.8484848484848485,0.030303030303030304
272,0.03056768558951965,0.9475982532751092,0.021834061135371178,0.0
273,0.7372549019607844,0.19215686274509805,0.0,0.07058823529411765
274,0.08620689655172414,0.7241379310344828,0.1896551724137931,0.0
275,0.3021702838063439,0.4323873121869783,0.0,0.2654424040066778
276,0.0,0.1111111111111111,0.8888888888888888,0.0
277,0.0,0.0,0.14285714285714285,0.8571428571428571
278,0.0136986301369863,0.8493150684931506,0.136986301369863,0.0
279,0.0625,0.5625,0.375,0.0
280,0.0,0.046153846153846156,0.0,0.9538461538461539
281,0.00546448087431694,0.0,0.00546448087431694,0.9890710382513661
282,0.08333333333333333,0.0,0.9166666666666666,0.0
283,0.2,0.2,0.0,0.6
284,0.0,0.4375,0.5625,0.0
285,0.25,0.125,0.0,0.625
286,0.05555555555555555,0.0,0.05555555555555555,0.8888888888888888
287,0.4,0.2,0.0,0.4
288,0.9390243902439024,0.0,0.06097560975609756,0.0
289,0.0,0.2,0.0,0.8
290,0.2,0.0,0.8,0.0
291,,,,
292,,,,
293,0.0,0.2,0.6,0.2
294,0.7142857142857143,0.14285714285714285,0.0,0.14285714285714285
295,0.0,0.0,1.0,0.0
296,,,,
297,0.0,1.0,0.0,0.0
298,,,,
299,,,,
300,,,,
301,,,,
302,,,,
303,,,,
304,,,,
305,,,,
306,,,,
307,,,,
