,A,C,G,T
0,,,,
1,,,,
2,0.4807692307692308,0.43846153846153846,0.0,0.08076923076923077
3,0.6666666666666666,0.07575757575757576,0.0,0.25757575757575757
4,0.26229508196721313,0.6147540983606558,0.12295081967213115,0.0
5,0.3888888888888889,0.07142857142857142,0.0,0.5396825396825397
6,0.40425531914893614,0.0,0.32978723404255317,0.26595744680851063
7,0.0,0.029411764705882353,0.7941176470588235,0.17647058823529413
8,0.6375404530744336,0.25728155339805825,0.0,0.10517799352750809
9,0.04935064935064935,0.0,0.34805194805194806,0.6025974025974026
10,0.23076923076923078,0.5384615384615384,0.23076923076923078,0.0
11,0.42105263157894735,0.18421052631578946,0.0,0.39473684210526316
12,0.47058823529411764,0.36470588235294116,0.0,0.16470588235294117
13,0.6081081081081081,0.32432432432432434,0.06756756756756757,0.0
14,0.5,0.022727272727272728,0.0,0.4772727272727273
15,0.006756756756756757,0.918918918918919,0.0,0.07432432432432433
16,0.0,0.8245614035087719,0.05263157894736842,0.12280701754385964
17,0.5238095238095238,0.20952380952380953,0.0,0.26666666666666666
18,0.2,0.13333333333333333,0.6666666666666666,0.0
19,0.3684210526315789,0.0,0.15789473684210525,0.47368421052631576
20,0.0,0.0,0.0,1.0
21,0.17391304347826086,0.043478260869565216,0.0,0.782608695652174
22,0.21428571428571427,0.14285714285714285,0.0,0.6428571428571429
23,0.23076923076923078,0.5384615384615384,0.0,0.23076923076923078
24,0.17647058823529413,0.11764705882352941,0.0,0.7058823529411765
25,0.0,0.2,0.0,0.8
26,0.0,0.4,0.32727272727272727,0.2727272727272727
27,0.7222222222222222,0.1527777777777778,0.0,0.125
28,0.6948051948051948,0.2662337662337662,0.0,0.03896103896103896
29,0.2653061224489796,0.0,0.30612244897959184,0.42857142857142855
30,0.046357615894039736,0.6423841059602649,0.31125827814569534,0.0
31,0.06896551724137931,0.13793103448275862,0.7931034482758621,0.0
32,0.5079365079365079,0.3492063492063492,0.0,0.14285714285714285
33,0.2777777777777778,0.2222222222222222,0.0,0.5
34,0.045454545454545456,0.8636363636363636,0.09090909090909091,0.0
35,0.08208955223880597,0.0,0.291044776119403,0.6268656716417911
36,0.39285714285714285,0.0,0.2857142857142857,0.32142857142857145
37,0.0,0.17582417582417584,0.6373626373626373,0.18681318681318682
38,0.4392523364485981,0.38317757009345793,0.0,0.17757009345794392
39,0.4666666666666667,0.0,0.1,0.43333333333333335
40,0.4857142857142857,0.0,0.2571428571428571,0.2571428571428571
41,0.05725699067909454,0.06657789613848203,0.8761651131824234,0.0
42,0.08695652173913043,0.17391304347826086,0.0,0.7391304347826086
43,0.0,0.06666666666666667,0.0,0.9333333333333333
44,0.34,0.17,0.0,0.49
45,0.6666666666666666,0.18518518518518517,0.0,0.14814814814814814
46,0.8348623853211009,0.03669724770642202,0.0,0.12844036697247707
47,0.5531914893617021,0.19148936170212766,0.0,0.2553191489361702
48,0.32608695652173914,0.15217391304347827,0.5217391304347826,0.0
49,0.4166666666666667,0.0,0.375,0.20833333333333334
50,0.2079207920792079,0.0,0.24752475247524752,0.5445544554455446
51,0.21666666666666667,0.0,0.35,0.43333333333333335
52,0.10810810810810811,0.24324324324324326,0.6486486486486487,0.0
53,0.63003663003663,0.27106227106227104,0.0,0.0989010989010989
54,0.0,0.696969696969697,0.21212121212121213,0.09090909090909091
55,0.0,0.415929203539823,0.5610619469026549,0.023008849557522124
56,0.0,0.2980769230769231,0.6105769230769231,0.09134615384615384
57,0.26506024096385544,0.0,0.6445783132530121,0.09036144578313253
58,0.047619047619047616,0.5952380952380952,0.35714285714285715,0.0
59,0.15463917525773196,0.0,0.4948453608247423,0.35051546391752575
60,0.1391304347826087,0.5304347826086957,0.33043478260869563,0.0
61,0.5,0.0,0.07894736842105263,0.42105263157894735
62,0.15584415584415584,0.0,0.42857142857142855,0.4155844155844156
63,0.0967741935483871,0.2903225806451613,0.6129032258064516,0.0
64,0.2,0.2,0.0,0.6
65,0.010869565217391304,0.75,0.2391304347826087,0.0
66,0.35877862595419846,0.04198473282442748,0.0,0.5992366412213741
67,0.200836820083682,0.0,0.0899581589958159,0.7092050209205021
68,0.0,0.3125,0.38392857142857145,0.30357142857142855
69,0.5729166666666666,0.15625,0.0,0.2708333333333333
70,0.056338028169014086,0.0,0.6140845070422535,0.3295774647887324
71,0.08144796380090498,0.0,0.45701357466063347,0.46153846153846156
72,0.13157894736842105,0.39473684210526316,0.47368421052631576,0.0
73,0.3888888888888889,0.0,0.2222222222222222,0.3888888888888889
74,0.09223300970873786,0.470873786407767,0.4368932038834951,0.0
75,0.38461538461538464,0.2692307692307692,0.0,0.34615384615384615
76,0.6666666666666666,0.225,0.0,0.10833333333333334
77,0.7239467849223947,0.2039911308203991,0.0,0.07206208425720621
78,0.10256410256410256,0.6410256410256411,0.2564102564102564,0.0
79,0.10126582278481013,0.6962025316455697,0.20253164556962025,0.0
80,0.09795918367346938,0.0,0.10612244897959183,0.7959183673469388
81,0.0,0.46511627906976744,0.3385012919896641,0.19638242894056848
82,0.22291407222914073,0.0,0.39103362391033625,0.386052303860523
83,0.1591928251121076,0.0,0.1591928251121076,0.6816143497757847
84,0.112,0.776,0.112,0.0
85,0.03076923076923077,0.7076923076923077,0.26153846153846155,0.0
86,0.16101694915254236,0.0,0.059322033898305086,0.7796610169491526
87,0.0,0.4074074074074074,0.5123456790123457,0.08024691358024691
88,0.5116279069767442,0.20155038759689922,0.0,0.2868217054263566
89,0.2708333333333333,0.4125,0.31666666666666665,0.0
90,0.5615384615384615,0.17692307692307693,0.0,0.26153846153846155
91,0.6608455882352942,0.23713235294117646,0.0,0.10202205882352941
92,0.296,0.0,0.26,0.444
93,0.1401098901098901,0.2774725274725275,0.5824175824175825,0.0
94,0.19186046511627908,0.0,0.13372093023255813,0.6744186046511628
95,0.15656565656565657,0.601010101010101,0.24242424242424243,0.0
96,0.5136298421807748,0.24390243902439024,0.0,0.242467718794835
97,0.375,0.0,0.3158783783783784,0.3091216216216216
98,0.2159090909090909,0.6278409090909091,0.15625,0.0
99,0.0,0.3265993265993266,0.5387205387205387,0.13468013468013468
100,0.13953488372093023,0.46511627906976744,0.3953488372093023,0.0
101,0.6071118820468343,0.20815264527320035,0.0,0.18473547267996532
102,0.49828178694158076,0.0,0.13402061855670103,0.36769759450171824
103,0.0,0.6122448979591837,0.2585034013605442,0.1292517006802721
104,0.13942307692307693,0.0,0.17307692307692307,0.6875
105,0.06060606060606061,0.21212121212121213,0.7272727272727273,0.0
106,0.10344827586206896,0.20689655172413793,0.0,0.6896551724137931
107,0.038461538461538464,0.23076923076923078,0.0,0.7307692307692307
108,0.2261904761904762,0.21428571428571427,0.0,0.5595238095238095
109,0.02,0.86,0.12,0.0
110,0.2,0.0,0.2857142857142857,0.5142857142857142
111,0.38461538461538464,0.0,0.41025641025641024,0.20512820512820512
112,0.2727272727272727,0.3181818181818182,0.0,0.4090909090909091
113,0.24324324324324326,0.0,0.26126126126126126,0.4954954954954955
114,0.5333333333333333,0.0,0.23333333333333334,0.23333333333333334
115,0.0,0.36,0.25333333333333335,0.38666666666666666
116,0.2,0.5,0.0,0.3
117,0.4548736462093863,0.3176895306859206,0.0,0.22743682310469315
118,0.05303030303030303,0.0,0.4772727272727273,0.4696969696969697
119,0.1214574898785425,0.7368421052631579,0.1417004048582996,0.0
120,0.008771929824561403,0.9539473684210527,0.03728070175438596,0.0
121,0.18333333333333332,0.0,0.016666666666666666,0.8
122,0.3611111111111111,0.0,0.19444444444444445,0.4444444444444444
123,0.36363636363636365,0.18181818181818182,0.0,0.45454545454545453
124,0.34375,0.25,0.0,0.40625
125,0.46855345911949686,0.1792452830188679,0.0,0.3522012578616352
126,0.0,0.34513274336283184,0.5929203539823009,0.061946902654867256
127,0.0,0.01680672268907563,0.9663865546218487,0.01680672268907563
128,0.0,0.13664596273291926,0.8012422360248447,0.062111801242236024
129,0.3492063492063492,0.31746031746031744,0.0,0.3333333333333333
130,0.21818181818181817,0.2727272727272727,0.0,0.509090909090909
131,0.5607843137254902,0.27450980392156865,0.0,0.16470588235294117
132,0.21367521367521367,0.0,0.5042735042735043,0.28205128205128205
133,0.046357615894039736,0.2847682119205298,0.6688741721854304,0.0
134,0.32727272727272727,0.4303030303030303,0.0,0.24242424242424243
135,0.30303030303030304,0.35353535353535354,0.0,0.3434343434343434
136,0.0,0.12121212121212122,0.7575757575757576,0.12121212121212122
137,0.7,0.13333333333333333,0.0,0.16666666666666666
138,0.045454545454545456,0.022727272727272728,0.9318181818181818,0.0
139,0.2857142857142857,0.07936507936507936,0.0,0.6349206349206349
140,0.2602739726027397,0.2876712328767123,0.0,0.4520547945205479
141,0.6063432835820896,0.31343283582089554,0.0,0.08022388059701492
142,0.08333333333333333,0.08333333333333333,0.8333333333333334,0.0
143,0.0830188679245283,0.5962264150943396,0.32075471698113206,0.0
144,0.28378378378378377,0.10810810810810811,0.0,0.6081081081081081
145,0.06097560975609756,0.7865853658536586,0.0,0.1524390243902439
146,0.29910714285714285,0.0,0.19642857142857142,0.5044642857142857
147,0.35537190082644626,0.0,0.18181818181818182,0.4628099173553719
148,0.8009049773755657,0.011312217194570135,0.0,0.18778280542986425
149,0.236084452975048,0.46449136276391556,0.29942418426103645,0.0
150,0.0,0.044642857142857144,0.9196428571428571,0.03571428571428571
151,0.14814814814814814,0.24444444444444444,0.6074074074074074,0.0
152,0.18501170960187355,0.49414519906323184,0.32084309133489464,0.0
153,0.0,0.30038022813688214,0.623574144486692,0.07604562737642585
154,0.6651376146788991,0.25229357798165136,0.0,0.08256880733944955
155,0.0,0.24285714285714285,0.3619047619047619,0.3952380952380952
156,0.0,0.13618677042801555,0.8326848249027238,0.0311284046692607
157,0.39847161572052403,0.5327510917030568,0.0,0.06877729257641921
158,0.11456628477905073,0.0,0.18003273322422259,0.7054009819967266
159,0.0,0.356401384083045,0.5536332179930796,0.08996539792387544
160,0.0,0.14414414414414414,0.8198198198198198,0.036036036036036036
161,0.0,0.19607843137254902,0.7058823529411765,0.09803921568627451
162,0.3907793633369923,0.446761800219539,0.0,0.16245883644346873
163,0.220462850182704,0.0,0.4336175395858709,0.3459196102314251
164,0.21621621621621623,0.4250614250614251,0.35872235872235875,0.0
165,0.0,0.2744186046511628,0.47131782945736433,0.25426356589147286
166,0.0,0.24041811846689895,0.5644599303135889,0.1951219512195122
167,0.2266514806378132,0.0,0.19134396355353075,0.5820045558086561
168,0.0,0.11403508771929824,0.7763157894736842,0.10964912280701754
169,0.8244318181818182,0.15397727272727274,0.0,0.02159090909090909
170,0.2066115702479339,0.6033057851239669,0.19008264462809918,0.0
171,0.1038961038961039,0.45454545454545453,0.44155844155844154,0.0
172,0.0,0.35344827586206895,0.14224137931034483,0.5043103448275862
173,0.0297029702970297,0.0,0.05693069306930693,0.9133663366336634
174,0.4117647058823529,0.29411764705882354,0.0,0.29411764705882354
175,0.38064516129032255,0.0,0.3419354838709677,0.27741935483870966
176,0.23863636363636365,0.5,0.0,0.26136363636363635
177,0.0,0.5357142857142857,0.42857142857142855,0.03571428571428571
178,0.5204081632653061,0.0,0.16326530612244897,0.3163265306122449
179,0.0,0.20761245674740483,0.4463667820069204,0.3460207612456747
180,0.5947901591895803,0.1085383502170767,0.0,0.29667149059334297
181,0.4,0.0,0.18797814207650274,0.41202185792349727
182,0.0,0.21654929577464788,0.5440140845070423,0.23943661971830985
183,0.17475728155339806,0.34951456310679613,0.47572815533980584,0.0
184,0.0,0.36,0.15,0.49
185,0.06666666666666667,0.7111111111111111,0.2222222222222222,0.0
186,0.6771844660194175,0.10436893203883495,0.0,0.21844660194174756
187,0.14541120381406436,0.0,0.6460071513706794,0.20858164481525626
188,0.38461538461538464,0.26461538461538464,0.3507692307692308,0.0
189,0.3397129186602871,0.4880382775119617,0.0,0.1722488038277512
190,0.6897590361445783,0.0,0.10692771084337349,0.2033132530120482
191,0.32,0.26666666666666666,0.0,0.41333333333333333
192,0.16556291390728478,0.2847682119205298,0.5496688741721855,0.0
193,0.45,0.0,0.275,0.275
194,0.3879310344827586,0.41379310344827586,0.0,0.19827586206896552
195,0.3045977011494253,0.5747126436781609,0.0,0.1206896551724138
196,0.04054054054054054,0.4594594594594595,0.5,0.0
197,0.2682926829268293,0.15853658536585366,0.0,0.573170731707317
198,0.0,0.4316353887399464,0.5388739946380697,0.029490616621983913
199,0.0,0.20446735395189003,0.7216494845360825,0.07388316151202749
200,0.0,0.15365853658536585,0.7292682926829268,0.11707317073170732
201,0.5142857142857142,0.14285714285714285,0.0,0.34285714285714286
202,0.7263157894736842,0.06315789473684211,0.0,0.21052631578947367
203,0.375,0.0,0.3125,0.3125
204,0.0,0.9333333333333333,0.02666666666666667,0.04
205,0.36585365853658536,0.36585365853658536,0.0,0.2682926829268293
206,0.8685015290519877,0.0764525993883792,0.0,0.05504587155963303
207,0.12686567164179105,0.29850746268656714,0.5746268656716418,0.0
208,0.0784313725490196,0.17647058823529413,0.7450980392156863,0.0
209,0.2641509433962264,0.0,0.0880503144654088,0.6477987421383647
210,0.0,0.13194444444444445,0.5833333333333334,0.2847222222222222
211,0.0855106888361045,0.0,0.23040380047505937,0.684085510688836
212,0.5304347826086957,0.0,0.13043478260869565,0.3391304347826087
213,0.0,0.15140186915887852,0.6710280373831776,0.17757009345794392
214,0.14285714285714285,0.16326530612244897,0.6938775510204082,0.0
215,0.18181818181818182,0.0,0.20948616600790515,0.6086956521739131
216,0.3855421686746988,0.14457831325301204,0.46987951807228917,0.0
217,0.29411764705882354,0.0,0.11764705882352941,0.5882352941176471
218,0.15950920245398773,0.0,0.4294478527607362,0.4110429447852761
219,0.0,0.4473684210526316,0.5526315789473685,0.0
220,0.5930232558139535,0.19767441860465115,0.0,0.20930232558139536
221,0.0,0.1504424778761062,0.8053097345132744,0.04424778761061947
222,0.7428571428571429,0.1619047619047619,0.0,0.09523809523809523
223,0.0,0.38461538461538464,0.3076923076923077,0.3076923076923077
224,0.21224489795918366,0.4326530612244898,0.3551020408163265,0.0
225,0.7910447761194029,0.04477611940298507,0.0,0.16417910447761194
226,0.0,0.48484848484848486,0.3939393939393939,0.12121212121212122
227,0.10975609756097561,0.7439024390243902,0.14634146341463414,0.0
228,0.10989010989010989,0.0989010989010989,0.7912087912087912,0.0
229,0.20422535211267606,0.0,0.04225352112676056,0.7535211267605634
230,0.0,0.3418803418803419,0.5213675213675214,0.13675213675213677
231,0.0,0.2,0.7638297872340426,0.036170212765957444
232,0.0,0.3520710059171598,0.5118343195266272,0.13609467455621302
233,0.40584415584415584,0.4967532467532468,0.0,0.09740259740259741
234,0.0,0.22085889570552147,0.7116564417177914,0.06748466257668712
235,0.0,0.19256756756756757,0.7804054054054054,0.02702702702702703
236,0.21218487394957983,0.0,0.19957983193277312,0.5882352941176471
237,0.0,0.07317073170731707,0.6585365853658537,0.2682926829268293
238,0.07142857142857142,0.0,0.05782312925170068,0.8707482993197279
239,0.47297297297297297,0.2702702702702703,0.0,0.25675675675675674
240,0.7463235294117647,0.08455882352941177,0.0,0.16911764705882354
241,0.04678362573099415,0.0,0.05263157894736842,0.9005847953216374
242,0.4077669902912621,0.3131067961165049,0.0,0.279126213592233
243,0.208955223880597,0.5373134328358209,0.2537313432835821,0.0
244,0.0,0.11711711711711711,0.01126126126126126,0.8716216216216216
245,0.11926605504587157,0.5688073394495413,0.3119266055045872,0.0
246,0.10687022900763359,0.0,0.04580152671755725,0.8473282442748091
247,0.09090909090909091,0.09090909090909091,0.8181818181818182,0.0
248,0.5980629539951574,0.2639225181598063,0.0,0.13801452784503632
249,0.12432432432432433,0.0,0.8540540540540541,0.021621621621621623
250,0.0,0.0547945205479452,0.1780821917808219,0.7671232876712328
251,0.0,0.2972222222222222,0.6416666666666667,0.06111111111111111
252,0.0,0.4172661870503597,0.26618705035971224,0.31654676258992803
253,0.13333333333333333,0.3,0.5666666666666667,0.0
254,0.22666666666666666,0.5733333333333334,0.0,0.2
255,0.0,0.08719346049046321,0.896457765667575,0.01634877384196185
256,0.0,0.27578947368421053,0.68,0.04421052631578947
257,0.06647398843930635,0.0,0.2023121387283237,0.7312138728323699
258,0.0,0.14553990610328638,0.784037558685446,0.07042253521126761
259,0.7636986301369864,0.16095890410958905,0.0,0.07534246575342465
260,0.19689119170984457,0.0,0.07772020725388601,0.7253886010362695
261,0.14130434782608695,0.0,0.22826086956521738,0.6304347826086957
262,0.14285714285714285,0.14285714285714285,0.7142857142857143,0.0
263,0.6129032258064516,0.25806451612903225,0.0,0.12903225806451613
264,0.0,0.47802197802197804,0.5,0.02197802197802198
265,0.0,0.2694300518134715,0.7176165803108808,0.012953367875647668
266,0.0,0.1743119266055046,0.7033639143730887,0.12232415902140673
267,0.0,0.1813031161473088,0.6458923512747875,0.17280453257790368
268,0.05807365439093484,0.0,0.2521246458923513,0.6898016997167139
269,0.06369426751592357,0.0,0.46496815286624205,0.4713375796178344
270,0.45454545454545453,0.13636363636363635,0.0,0.4090909090909091
271,0.0,0.5416666666666666,0.3958333333333333,0.0625
272,0.47739602169981915,0.4394213381555154,0.0,0.08318264014466546
273,0.3333333333333333,0.08333333333333333,0.0,0.5833333333333334
274,0.0,0.2857142857142857,0.6428571428571429,0.07142857142857142
275,0.17142857142857143,0.0,0.05714285714285714,0.7714285714285715
276,0.0,0.025210084033613446,0.14285714285714285,0.8319327731092437
277,0.2564102564102564,0.0,0.1282051282051282,0.6153846153846154
278,0.40384615384615385,0.38461538461538464,0.0,0.21153846153846154
279,0.21428571428571427,0.14285714285714285,0.0,0.6428571428571429
280,0.061224489795918366,0.0,0.9081632653061225,0.030612244897959183
281,0.2564102564102564,0.0,0.20512820512820512,0.5384615384615384
282,0.675,0.23125,0.0,0.09375
283,0.11494252873563218,0.5977011494252874,0.28735632183908044,0.0
284,0.32663690476190477,0.4568452380952381,0.0,0.21651785714285715
285,0.07692307692307693,0.07692307692307693,0.8461538461538461,0.0
286,0.0,0.25,0.625,0.125
287,0.0,0.9552238805970149,0.04477611940298507,0.0
288,0.0,0.6875,0.3125,0.0
289,0.0,0.017699115044247787,0.022123893805309734,0.9601769911504425
290,0.0035398230088495575,0.0,0.0035398230088495575,0.9929203539823008
291,0.14285714285714285,0.2857142857142857,0.5714285714285714,0.0
292,0.25,0.1388888888888889,0.0,0.6111111111111112
293,0.006578947368421052,0.868421052631579,0.125,0.0
294,0.0,0.026365348399246705,0.7702448210922788,0.2033898305084746
295,0.06997742663656885,0.0,0.3656884875846501,0.5643340857787811
296,0.12759643916913946,0.516320474777448,0.3560830860534125,0.0
297,0.0,0.6144578313253012,0.3253012048192771,0.060240963855421686
298,0.5932203389830508,0.23728813559322035,0.0,0.1694915254237288
299,0.0,0.36585365853658536,0.4146341463414634,0.21951219512195122
300,0.125,0.0,0.44642857142857145,0.42857142857142855
301,0.0,0.4098360655737705,0.06557377049180328,0.5245901639344263
302,0.2222222222222222,0.24444444444444444,0.5333333333333333,0.0
303,0.23076923076923078,0.5384615384615384,0.0,0.23076923076923078
304,0.6785714285714286,0.0,0.32142857142857145,0.0
305,0.0,0.0,1.0,0.0
306,0.1,0.2,0.7,0.0
307,0.0,0.25,0.75,0.0
308,0.0,0.375,0.0,0.625
309,0.0,0.6666666666666666,0.3333333333333333,0.0
310,,,,
311,0.0,0.0,0.0,1.0
312,0.0,0.0,1.0,0.0
313,,,,
314,,,,
315,0.0,0.0,1.0,0.0
316,,,,
317,,,,
318,,,,
319,,,,
320,,,,
321,,,,
