,A,C,G,T
0,,,,
1,,,,
2,0.707641196013289,0.17940199335548174,0.0,0.11295681063122924
3,0.6090909090909091,0.21212121212121213,0.0,0.1787878787878788
4,0.10469314079422383,0.4981949458483754,0.3971119133574007,0.0
5,0.06958250497017893,0.0,0.6222664015904572,0.3081510934393638
6,0.3364485981308411,0.0,0.3808411214953271,0.2827102803738318
7,0.0,0.20652173913043478,0.35144927536231885,0.4420289855072464
8,0.546412213740458,0.3900763358778626,0.0,0.0635114503816794
9,0.04911857767063432,0.0,0.13530209431972276,0.815579328009643
10,0.051094890510948905,0.8540145985401459,0.0948905109489051,0.0
11,0.6279317697228145,0.22281449893390193,0.0,0.14925373134328357
12,0.5532773109243697,0.3626890756302521,0.0,0.08403361344537816
13,0.6885468537799909,0.23268447261204164,0.07876867360796741,0.0
14,0.0,0.32606166375799883,0.42117510180337403,0.2527632344386271
15,0.2786885245901639,0.0,0.21311475409836064,0.5081967213114754
16,0.0,0.44954128440366975,0.21100917431192662,0.3394495412844037
17,0.9190317195325542,0.028380634390651086,0.0,0.052587646076794656
18,0.13973799126637554,0.6986899563318777,0.1615720524017467,0.0
19,0.18064516129032257,0.0,0.03870967741935484,0.7806451612903226
20,0.45614035087719296,0.2787524366471735,0.2651072124756335,0.0
21,0.18617021276595744,0.31382978723404253,0.0,0.5
22,0.2648221343873518,0.35968379446640314,0.0,0.37549407114624506
23,0.36428571428571427,0.18571428571428572,0.0,0.45
24,0.5821404226312201,0.267211997273347,0.0,0.15064758009543286
25,0.16025641025641027,0.0,0.47435897435897434,0.36538461538461536
26,0.2648401826484018,0.3310502283105023,0.4041095890410959,0.0
27,0.17391304347826086,0.4161490683229814,0.0,0.40993788819875776
28,0.0,0.5200642054574639,0.18619582664526485,0.29373996789727125
29,0.7543726235741445,0.18250950570342206,0.0,0.06311787072243347
30,0.42954545454545456,0.3215909090909091,0.0,0.24886363636363637
31,0.2393617021276596,0.43617021276595747,0.324468085106383,0.0
32,0.6858736059479554,0.10780669144981413,0.0,0.20631970260223048
33,0.0,0.6575682382133995,0.2704714640198511,0.07196029776674938
34,0.0,0.18928788800973828,0.7157638466220329,0.09494826536822885
35,0.37735849056603776,0.24056603773584906,0.0,0.38207547169811323
36,0.0,0.4857142857142857,0.44285714285714284,0.07142857142857142
37,0.0,0.21968854282536152,0.6685205784204672,0.1117908787541713
38,0.45671641791044776,0.40298507462686567,0.0,0.14029850746268657
39,0.4793650793650794,0.0,0.15555555555555556,0.36507936507936506
40,0.42857142857142855,0.0,0.3105590062111801,0.2608695652173913
41,0.1416382252559727,0.4948805460750853,0.363481228668942,0.0
42,0.20567375886524822,0.18439716312056736,0.0,0.6099290780141844
43,0.2222222222222222,0.20833333333333334,0.0,0.5694444444444444
44,0.1986754966887417,0.17218543046357615,0.0,0.6291390728476821
45,0.5630026809651475,0.08310991957104558,0.0,0.353887399463807
46,0.46564885496183206,0.0,0.13740458015267176,0.3969465648854962
47,0.5465116279069767,0.0,0.21511627906976744,0.23837209302325582
48,0.1810344827586207,0.25,0.5689655172413793,0.0
49,0.5370370370370371,0.0,0.21296296296296297,0.25
50,0.0,0.3113964686998395,0.3418940609951846,0.3467094703049759
51,0.3127413127413127,0.41312741312741313,0.0,0.27413127413127414
52,0.10526315789473684,0.49707602339181284,0.39766081871345027,0.0
53,0.2512396694214876,0.28760330578512394,0.0,0.46115702479338844
54,0.0,0.7150684931506849,0.2328767123287671,0.052054794520547946
55,0.0,0.23526200873362446,0.7298034934497817,0.034934497816593885
56,0.8773259820813232,0.06409372846312887,0.0,0.0585802894555479
57,0.5745664739884393,0.2323699421965318,0.0,0.1930635838150289
58,0.11578947368421053,0.5263157894736842,0.35789473684210527,0.0
59,0.3501896333754741,0.0,0.36030341340075855,0.2895069532237674
60,0.12418300653594772,0.4553376906318083,0.420479302832244,0.0
61,0.54,0.0,0.16,0.3
62,0.2910284463894967,0.0,0.1422319474835886,0.5667396061269147
63,0.12244897959183673,0.37755102040816324,0.5,0.0
64,0.2524271844660194,0.20388349514563106,0.0,0.5436893203883495
65,0.037783375314861464,0.0,0.020151133501259445,0.9420654911838791
66,0.0,0.56692242114237,0.39300937766410915,0.040068201193520885
67,0.0,0.3031767955801105,0.6588397790055248,0.03798342541436464
68,0.7156448202959831,0.23308668076109937,0.0,0.051268498942917545
69,0.5127551020408163,0.413265306122449,0.0,0.07397959183673469
70,0.029411764705882353,0.8098039215686275,0.1607843137254902,0.0
71,0.08088235294117647,0.6060924369747899,0.3130252100840336,0.0
72,0.16666666666666666,0.5828092243186582,0.25052410901467503,0.0
73,0.23272727272727273,0.0,0.045454545454545456,0.7218181818181818
74,0.1925925925925926,0.0,0.2111111111111111,0.5962962962962963
75,0.5946969696969697,0.23484848484848486,0.0,0.17045454545454544
76,0.5651408450704225,0.2887323943661972,0.0,0.14612676056338028
77,0.0,0.32847141190198365,0.4953325554259043,0.176196032672112
78,0.23264017823988117,0.4799480133679911,0.28741180839212777,0.0
79,0.0,0.6246587807097361,0.16924476797088261,0.20609645131938126
80,0.1204605845881311,0.0,0.20726306465899025,0.6722763507528786
81,0.0,0.4053836882282041,0.1591000401767778,0.4355162715950181
82,0.07748083695877357,0.0,0.7219805262067537,0.20053863683447276
83,0.22125435540069685,0.0,0.18249128919860627,0.5962543554006968
84,0.13278855975485188,0.0,0.5960163432073544,0.27119509703779365
85,0.09475806451612903,0.5544354838709677,0.35080645161290325,0.0
86,0.2859848484848485,0.0,0.3503787878787879,0.36363636363636365
87,0.0,0.23191899710703953,0.46673095467695275,0.3013500482160077
88,0.1919083969465649,0.0,0.648854961832061,0.15923664122137404
89,0.34273858921161826,0.41244813278008297,0.24481327800829875,0.0
90,0.4989816700610998,0.3635437881873727,0.0,0.13747454175152748
91,0.0,0.48941368078175895,0.3713355048859935,0.13925081433224756
92,0.0,0.2959106399091253,0.26164331692540704,0.44244604316546765
93,0.26026200873362443,0.3091703056768559,0.43056768558951963,0.0
94,0.11227701993704092,0.7859391395592865,0.10178384050367262,0.0
95,0.0,0.2512990080302315,0.4761454888993859,0.2725555030703826
96,0.17850467289719626,0.3771028037383178,0.444392523364486,0.0
97,0.4715960324616772,0.0,0.2768259693417493,0.2515779981965735
98,0.2438423645320197,0.0,0.19540229885057472,0.5607553366174056
99,0.0,0.38311688311688313,0.37337662337662336,0.2435064935064935
100,0.11864406779661017,0.3864406779661017,0.49491525423728816,0.0
101,0.4446330634630452,0.279054583442152,0.0,0.27631235309480284
102,0.32452830188679244,0.0,0.11924528301886793,0.5562264150943397
103,0.0,0.5418894830659536,0.0962566844919786,0.36185383244206776
104,0.11668757841907151,0.0,0.4203262233375157,0.4629861982434128
105,0.07017543859649122,0.37719298245614036,0.5526315789473685,0.0
106,0.16470588235294117,0.24705882352941178,0.0,0.5882352941176471
107,0.1566265060240964,0.3493975903614458,0.0,0.4939759036144578
108,0.32661870503597124,0.45611510791366905,0.0,0.21726618705035972
109,0.043478260869565216,0.44782608695652176,0.508695652173913,0.0
110,0.3382352941176471,0.31221719457013575,0.0,0.3495475113122172
111,0.6089743589743589,0.0,0.14743589743589744,0.24358974358974358
112,0.3373493975903614,0.1686746987951807,0.0,0.4939759036144578
113,0.0,0.4933068914229053,0.4417451660882499,0.06494794248884482
114,0.6320754716981132,0.0,0.22641509433962265,0.14150943396226415
115,0.0,0.15315315315315314,0.13363363363363365,0.7132132132132132
116,0.5636856368563685,0.3252032520325203,0.0,0.1111111111111111
117,0.5619898950641274,0.2347454333462884,0.0,0.20326467158958414
118,0.02363112391930836,0.0,0.4605187319884726,0.515850144092219
119,0.11990595611285267,0.5940438871473355,0.28605015673981193,0.0
120,0.14029850746268657,0.0,0.36716417910447763,0.4925373134328358
121,0.3522727272727273,0.0,0.17424242424242425,0.4734848484848485
122,0.17049180327868851,0.6622950819672131,0.16721311475409836,0.0
123,0.6984126984126984,0.10052910052910052,0.0,0.20105820105820105
124,0.4928977272727273,0.4190340909090909,0.0,0.08806818181818182
125,0.0,0.32387312186978295,0.5517529215358932,0.12437395659432388
126,0.0,0.32187761944677284,0.6596814752724225,0.018440905280804692
127,0.0,0.15718717683557393,0.8024819027921406,0.04033092037228542
128,0.0,0.15335463258785942,0.7795527156549521,0.0670926517571885
129,0.373134328358209,0.373134328358209,0.0,0.2537313432835821
130,0.3815789473684211,0.32894736842105265,0.0,0.2894736842105263
131,0.3932518906340896,0.5026178010471204,0.0,0.10413030831879
132,0.15885416666666666,0.0,0.0390625,0.8020833333333334
133,0.03722504230118443,0.8477157360406091,0.11505922165820642,0.0
134,0.1404320987654321,0.2345679012345679,0.625,0.0
135,0.11272727272727273,0.8,0.0,0.08727272727272728
136,0.0,0.49504950495049505,0.31353135313531355,0.19141914191419143
137,0.8223938223938224,0.11454311454311454,0.0,0.06306306306306306
138,0.0449438202247191,0.19101123595505617,0.7640449438202247,0.0
139,0.5850340136054422,0.10884353741496598,0.0,0.30612244897959184
140,0.033707865168539325,0.5730337078651685,0.0,0.39325842696629215
141,0.0,0.34088397790055247,0.4983425414364641,0.16077348066298341
142,0.11965811965811966,0.13675213675213677,0.7435897435897436,0.0
143,0.27824267782426776,0.2280334728033473,0.0,0.49372384937238495
144,0.23529411764705882,0.11764705882352941,0.0,0.6470588235294118
145,0.05660377358490566,0.7452830188679245,0.0,0.19811320754716982
146,0.0,0.2227293473299863,0.6782291191236878,0.09904153354632587
147,0.7593533487297921,0.14549653579676675,0.0,0.09515011547344111
148,0.4010938924339107,0.3536918869644485,0.0,0.24521422060164083
149,0.20842032011134307,0.5737647877522617,0.21781489213639527,0.0
150,0.17305976806422838,0.4295272078501338,0.39741302408563783,0.0
151,0.5282193958664547,0.2706677265500795,0.20111287758346583,0.0
152,0.19846678023850084,0.32367972742759793,0.4778534923339012,0.0
153,0.5848719475878499,0.32817153067301963,0.0,0.08695652173913043
154,0.0,0.35404255319148936,0.4076595744680851,0.23829787234042554
155,0.2134387351778656,0.3601778656126482,0.42638339920948615,0.0
156,0.1341772151898734,0.0,0.5118143459915612,0.3540084388185654
157,0.2821718683197948,0.0,0.3463018383924754,0.3715262932877298
158,0.20580645161290323,0.38387096774193546,0.4103225806451613,0.0
159,0.379746835443038,0.5003331112591606,0.0,0.11992005329780146
160,0.0,0.34548335974643424,0.2509244585314316,0.4035921817221342
161,0.0,0.2407942238267148,0.6256317689530686,0.13357400722021662
162,0.48623853211009177,0.3800786369593709,0.0,0.13368283093053734
163,0.0,0.34096858638743455,0.4463350785340314,0.21269633507853403
164,0.4047287899860918,0.24259884760580172,0.3526723624081065,0.0
165,0.5506543868153175,0.2724188075618032,0.0,0.1769268056228793
166,0.5889866590973603,0.30485381776894693,0.0,0.10615952313369288
167,0.36256752462662856,0.3603431839847474,0.2770892913886241,0.0
168,0.7801047120418848,0.17966381923394875,0.0,0.040231468724166435
169,0.0,0.45345345345345345,0.45645645645645644,0.09009009009009009
170,0.0,0.28411083830235007,0.5857593826727464,0.13012977902490355
171,0.0,0.32204756146715036,0.49294639258363565,0.18500604594921402
172,0.14223975948891393,0.0,0.22904922961292748,0.6287110108981586
173,0.0,0.43471337579617836,0.3449044585987261,0.22038216560509555
174,0.0,0.20980837934394284,0.6250405975966222,0.16515102305943488
175,0.29554079696394686,0.40512333965844405,0.2993358633776091,0.0
176,0.15382037533512063,0.0,0.44235924932975873,0.40382037533512066
177,0.29566694987255737,0.32370433305012747,0.3806287170773152,0.0
178,0.0,0.32891061452513964,0.0691340782122905,0.6019553072625698
179,0.0834403080872914,0.0,0.04749679075738126,0.8690629011553274
180,0.3387404580152672,0.25524809160305345,0.0,0.4060114503816794
181,0.5367825383993533,0.0,0.3088116410670978,0.1544058205335489
182,0.0,0.32395382395382394,0.3852813852813853,0.2907647907647908
183,0.31746987951807226,0.0,0.6548192771084337,0.027710843373493974
184,0.0,0.5755208333333334,0.3776041666666667,0.046875
185,0.4002079002079002,0.38461538461538464,0.0,0.2151767151767152
186,0.0,0.36018957345971564,0.5697735650342285,0.07003686150605581
187,0.0,0.25045984058859594,0.6223175965665236,0.12722256284488045
188,0.4783427495291902,0.39154254408491695,0.0,0.13011470638589281
189,0.17827298050139276,0.4271123491179202,0.3946146703806871,0.0
190,0.17024539877300612,0.1165644171779141,0.7131901840490797,0.0
191,0.07307898979043526,0.0,0.2512090274046212,0.6757119828049436
192,0.39469578783151327,0.0,0.5608424336973479,0.044461778471138844
193,0.0,0.07950116913484022,0.7957911145752143,0.12470771628994544
194,0.3784977908689249,0.4020618556701031,0.0,0.21944035346097202
195,0.36511627906976746,0.2930232558139535,0.0,0.34186046511627904
196,0.7589339794064204,0.16535433070866143,0.0,0.07571168988491823
197,0.33213429256594723,0.0,0.26498800959232616,0.4028776978417266
198,0.0,0.8388704318936877,0.11960132890365449,0.04152823920265781
199,0.34408602150537637,0.2831541218637993,0.0,0.3727598566308244
200,0.0,0.09904430929626412,0.8731537793223284,0.02780191138140747
201,0.30572472594397077,0.5261875761266748,0.0,0.16808769792935443
202,0.10662358642972536,0.44749596122778673,0.4458804523424879,0.0
203,0.3629469122426869,0.0,0.29685807150595883,0.3401950162513543
204,0.0,0.09392655367231638,0.4548022598870056,0.451271186440678
205,0.158311345646438,0.0,0.23030531473803242,0.6113833396155296
206,0.2477162815690489,0.0,0.4126813541106932,0.3396023643202579
207,0.0,0.30121177149451817,0.3251586843623774,0.37362954414310445
208,0.0924170616113744,0.4218009478672986,0.48578199052132703,0.0
209,0.5710900473933649,0.23459715639810427,0.0,0.1943127962085308
210,0.0,0.15151515151515152,0.44155844155844154,0.4069264069264069
211,0.21865889212827988,0.0,0.6268221574344023,0.15451895043731778
212,0.15675675675675677,0.0,0.3418918918918919,0.5013513513513513
213,0.461212976022567,0.4033850493653032,0.0,0.13540197461212977
214,0.0,0.5027932960893855,0.2569832402234637,0.24022346368715083
215,0.43529411764705883,0.46372549019607845,0.0,0.10098039215686275
216,0.7074663402692778,0.1211750305997552,0.0,0.17135862913096694
217,0.0,0.43521594684385384,0.3920265780730897,0.17275747508305647
218,0.4381800197823937,0.0,0.2809099901088032,0.2809099901088032
219,0.0,0.19838987924094306,0.35825186889016675,0.44335825186889016
220,0.30204962243797195,0.0,0.3419633225458468,0.3559870550161812
221,0.0,0.30721328489880645,0.4711987545407369,0.22158796056045668
222,0.24669187145557656,0.19659735349716445,0.556710775047259,0.0
223,0.26459143968871596,0.0,0.438715953307393,0.29669260700389105
224,0.2503253796095445,0.5646420824295011,0.18503253796095445,0.0
225,0.0,0.10250865051903114,0.5942906574394463,0.3032006920415225
226,0.18701095461658843,0.0,0.3873239436619718,0.42566510172143973
227,0.0,0.2122905027932961,0.4127094972067039,0.375
228,0.6654392425039453,0.19726459758022094,0.0,0.13729615991583377
229,0.0,0.3341614906832298,0.537888198757764,0.12795031055900621
230,0.2511013215859031,0.0,0.3558492413117964,0.39304943710230056
231,0.0,0.16299019607843138,0.24632352941176472,0.5906862745098039
232,0.12258064516129032,0.0,0.11774193548387096,0.7596774193548387
233,0.0,0.2369542066027689,0.3210862619808307,0.44195953141640043
234,0.3474178403755869,0.12910798122065728,0.0,0.5234741784037559
235,0.07591153616258219,0.0,0.3078302450687388,0.616258218768679
236,0.09662215239591516,0.0,0.38177533385703066,0.5216025137470542
237,0.12722298221614228,0.5677154582763337,0.30506155950752395,0.0
238,0.0,0.3546099290780142,0.060790273556231005,0.5845997973657548
239,0.07329842931937172,0.0,0.051047120418848166,0.8756544502617801
240,0.0,0.44708311822405783,0.0738255033557047,0.47909137842023747
241,0.17045454545454544,0.13068181818181818,0.6988636363636364,0.0
242,0.45308310991957107,0.19571045576407506,0.0,0.3512064343163539
243,0.2709030100334448,0.6396321070234113,0.0,0.08946488294314381
244,0.0,0.37202380952380953,0.36755952380952384,0.2604166666666667
245,0.7352800382958353,0.20296792723791288,0.0,0.0617520344662518
246,0.15920523138832998,0.0,0.1966800804828974,0.6441146881287726
247,0.11312217194570136,0.16289592760180996,0.7239819004524887,0.0
248,0.29771689497716897,0.5616438356164384,0.0,0.14063926940639268
249,0.0,0.5377094972067039,0.34287709497206703,0.11941340782122906
250,0.43340914834470556,0.4927975739196361,0.0,0.07379327773565833
251,0.22615476904619075,0.0,0.353629274145171,0.42021595680863827
252,0.0,0.14816901408450706,0.8033802816901409,0.048450704225352116
253,0.7678929765886288,0.1725752508361204,0.0,0.05953177257525084
254,0.1656891495601173,0.0,0.23900293255131966,0.5953079178885631
255,0.1553784860557769,0.0,0.1553784860557769,0.6892430278884463
256,0.12643678160919541,0.27586206896551724,0.5977011494252874,0.0
257,0.33752357008170963,0.5128849780012571,0.0,0.14959145191703332
258,0.0,0.48266166822867856,0.47891283973758203,0.038425492033739454
259,0.2087593728698023,0.7494887525562373,0.0,0.041751874573960464
260,0.0,0.2621097954790097,0.5016146393972013,0.23627556512378903
261,0.12617159336697908,0.6157173756308579,0.2581110310021629,0.0
262,0.25529265255292655,0.0,0.03798256537982565,0.7067247820672479
263,0.22666666666666666,0.54,0.23333333333333334,0.0
264,0.38819875776397517,0.40683229813664595,0.0,0.20496894409937888
265,0.0,0.5164473684210527,0.4276315789473684,0.05592105263157895
266,0.34034930586654727,0.5654575309747724,0.0,0.0941931631586804
267,0.33076923076923076,0.17692307692307693,0.0,0.49230769230769234
268,0.0,0.4636363636363636,0.38181818181818183,0.15454545454545454
269,0.2978723404255319,0.0,0.08983451536643026,0.6122931442080378
270,0.0,0.09663865546218488,0.35294117647058826,0.5504201680672269
271,0.251063829787234,0.0,0.14468085106382977,0.6042553191489362
272,0.36886993603411516,0.4136460554371002,0.0,0.21748400852878466
273,0.3333333333333333,0.11851851851851852,0.0,0.5481481481481482
274,0.18407960199004975,0.0,0.7437810945273632,0.07213930348258707
275,0.4909090909090909,0.0,0.19545454545454546,0.31363636363636366
276,0.74392177589852,0.19186046511627908,0.0,0.06421775898520085
277,0.1280148423005566,0.660482374768089,0.21150278293135436,0.0
278,0.27220812182741116,0.4529399323181049,0.0,0.2748519458544839
279,0.31097560975609756,0.0975609756097561,0.5914634146341463,0.0
280,0.0,0.028846153846153848,0.057692307692307696,0.9134615384615384
281,0.014012738853503185,0.9171974522292994,0.06878980891719745,0.0
282,0.015267175572519083,0.2824427480916031,0.7022900763358778,0.0
283,0.0,0.010298295454545454,0.015980113636363636,0.9737215909090909
284,0.00481651376146789,0.0,0.010091743119266056,0.9850917431192661
285,0.16839378238341968,0.17616580310880828,0.655440414507772,0.0
286,0.3022508038585209,0.11254019292604502,0.0,0.5852090032154341
287,0.0030303030303030303,0.6181818181818182,0.3787878787878788,0.0
288,0.7637362637362637,0.01978021978021978,0.0,0.2164835164835165
289,0.11789772727272728,0.0,0.15269886363636365,0.7294034090909091
290,0.0,0.29038112522686027,0.5559588626739262,0.15366001209921354
291,0.0,0.16573258606885508,0.6805444355484388,0.15372297838270615
292,0.1892430278884462,0.0,0.2639442231075697,0.546812749003984
293,0.0,0.21782178217821782,0.4867986798679868,0.2953795379537954
294,0.1776061776061776,0.4015444015444015,0.0,0.42084942084942084
295,0.0,0.052545155993431854,0.7077175697865353,0.23973727422003285
296,0.20430107526881722,0.510752688172043,0.2849462365591398,0.0
297,0.4303030303030303,0.0,0.1696969696969697,0.4
298,0.3191489361702128,0.0851063829787234,0.5957446808510638,0.0
299,0.19444444444444445,0.3888888888888889,0.0,0.4166666666666667
300,0.16981132075471697,0.11320754716981132,0.7169811320754716,0.0
301,0.48936170212765956,0.3829787234042553,0.1276595744680851,0.0
302,0.625,0.0,0.0,0.375
303,0.037037037037037035,0.0,0.7407407407407407,0.2222222222222222
304,0.0,0.16666666666666666,0.3333333333333333,0.5
305,0.0,0.0,0.6521739130434783,0.34782608695652173
306,0.0,0.0,0.0,1.0
307,0.0,0.0,0.0,1.0
308,,,,
309,0.0,0.5,0.0,0.5
310,0.0,0.0,0.07692307692307693,0.9230769230769231
311,,,,
312,,,,
313,,,,
314,,,,
315,,,,
