,A,C,G,T
0,,,,
1,,,,
2,,,,
3,,,,
4,,,,
5,,,,
6,,,,
7,,,,
8,,,,
9,0.0,1.0,0.0,0.0
10,,,,
11,,,,
12,,,,
13,,,,
14,,,,
15,0.0,0.0,0.0,1.0
16,,,,
17,,,,
18,,,,
19,,,,
20,,,,
21,,,,
22,,,,
23,,,,
24,,,,
25,,,,
26,,,,
27,,,,
28,,,,
29,0.0,1.0,0.0,0.0
30,,,,
31,,,,
32,,,,
33,1.0,0.0,0.0,0.0
34,,,,
35,,,,
36,,,,
37,0.0,0.0,1.0,0.0
38,,,,
39,,,,
40,,,,
41,,,,
42,,,,
43,,,,
44,,,,
45,,,,
46,,,,
47,,,,
48,,,,
49,,,,
50,,,,
51,,,,
52,,,,
53,,,,
54,,,,
55,,,,
56,,,,
57,0.0,0.0,0.0,1.0
58,,,,
59,,,,
60,,,,
61,,,,
62,0.0,0.0,1.0,0.0
63,0.0,0.0,0.0,1.0
64,0.0,0.0,0.0,1.0
65,,,,
66,,,,
67,,,,
68,1.0,0.0,0.0,0.0
69,0.0,1.0,0.0,0.0
70,,,,
71,0.0,0.0,1.0,0.0
72,,,,
73,,,,
74,,,,
75,,,,
76,0.0,1.0,0.0,0.0
77,1.0,0.0,0.0,0.0
78,0.5,0.0,0.5,0.0
79,,,,
80,,,,
81,,,,
82,,,,
83,,,,
84,0.0,0.0,0.0,1.0
85,,,,
86,,,,
87,0.0,1.0,0.0,0.0
88,0.0,1.0,0.0,0.0
89,0.0,0.0,0.0,1.0
90,0.0,0.0,0.0,1.0
91,,,,
92,0.0,0.0,1.0,0.0
93,0.0,0.0,1.0,0.0
94,0.3333333333333333,0.3333333333333333,0.0,0.3333333333333333
95,1.0,0.0,0.0,0.0
96,,,,
97,1.0,0.0,0.0,0.0
98,,,,
99,0.0,0.25,0.75,0.0
100,,,,
101,,,,
102,0.25,0.25,0.5,0.0
103,0.5,0.5,0.0,0.0
104,,,,
105,1.0,0.0,0.0,0.0
106,,,,
107,,,,
108,0.0,0.0,1.0,0.0
109,,,,
110,,,,
111,,,,
112,,,,
113,,,,
114,0.0,0.0,1.0,0.0
115,,,,
116,0.0,0.0,1.0,0.0
117,,,,
118,,,,
119,0.0,0.0,1.0,0.0
120,,,,
121,,,,
122,,,,
123,,,,
124,,,,
125,,,,
126,,,,
127,,,,
128,0.0,1.0,0.0,0.0
129,,,,
130,,,,
131,1.0,0.0,0.0,0.0
132,,,,
133,,,,
134,,,,
135,,,,
136,,,,
137,,,,
138,,,,
139,,,,
140,,,,
141,0.0,1.0,0.0,0.0
142,,,,
143,,,,
144,,,,
145,,,,
146,,,,
147,,,,
148,,,,
149,1.0,0.0,0.0,0.0
150,,,,
151,,,,
152,0.0,0.0,0.5,0.5
153,0.5,0.0,0.5,0.0
154,,,,
155,,,,
156,,,,
157,,,,
158,,,,
159,0.0,0.0,0.0,1.0
160,0.0,1.0,0.0,0.0
161,,,,
162,0.0,0.0,1.0,0.0
163,1.0,0.0,0.0,0.0
164,0.0,1.0,0.0,0.0
165,1.0,0.0,0.0,0.0
166,,,,
167,,,,
168,0.5,0.5,0.0,0.0
169,,,,
170,1.0,0.0,0.0,0.0
171,,,,
172,,,,
173,,,,
174,0.0,0.0,1.0,0.0
175,0.0,1.0,0.0,0.0
176,0.0,0.3333333333333333,0.6666666666666666,0.0
177,0.25,0.75,0.0,0.0
178,0.0,0.0,0.5,0.5
179,,,,
180,,,,
181,,,,
182,0.0,0.0,0.0,1.0
183,,,,
184,0.5,0.5,0.0,0.0
185,0.0,0.0,0.0,1.0
186,0.0,1.0,0.0,0.0
187,,,,
188,,,,
189,,,,
190,,,,
191,,,,
192,,,,
193,,,,
194,,,,
195,0.0,1.0,0.0,0.0
196,0.0,0.0,1.0,0.0
197,0.0,0.0,0.75,0.25
198,,,,
199,0.0,0.0,1.0,0.0
200,1.0,0.0,0.0,0.0
201,,,,
202,,,,
203,1.0,0.0,0.0,0.0
204,,,,
205,,,,
206,,,,
207,,,,
208,,,,
209,,,,
210,0.0,0.0,1.0,0.0
211,,,,
212,,,,
213,1.0,0.0,0.0,0.0
214,,,,
215,,,,
216,,,,
217,0.0,0.0,1.0,0.0
218,,,,
219,,,,
220,0.0,0.0,1.0,0.0
221,,,,
222,,,,
223,1.0,0.0,0.0,0.0
224,0.0,0.0,1.0,0.0
225,,,,
226,,,,
227,,,,
228,,,,
229,0.0,1.0,0.0,0.0
230,,,,
231,,,,
232,,,,
233,0.0,0.0,0.0,1.0
234,0.0,0.0,1.0,0.0
235,,,,
236,1.0,0.0,0.0,0.0
237,,,,
238,,,,
239,,,,
240,,,,
241,,,,
242,,,,
243,,,,
244,,,,
245,1.0,0.0,0.0,0.0
246,,,,
247,0.0,0.0,1.0,0.0
248,0.0,0.0,1.0,0.0
249,,,,
250,,,,
251,,,,
252,,,,
253,,,,
254,,,,
255,0.0,0.0,0.0,1.0
256,,,,
257,,,,
258,0.0,1.0,0.0,0.0
259,,,,
260,,,,
261,,,,
262,0.0,0.0,1.0,0.0
263,,,,
264,,,,
265,,,,
266,0.0,1.0,0.0,0.0
267,,,,
268,0.5,0.5,0.0,0.0
269,,,,
270,,,,
271,,,,
272,,,,
273,,,,
274,,,,
275,,,,
276,,,,
277,0.0,1.0,0.0,0.0
278,,,,
279,,,,
280,,,,
281,,,,
282,,,,
283,,,,
284,,,,
285,,,,
286,,,,
287,0.0,0.0,0.0,1.0
288,,,,
289,,,,
290,,,,
291,,,,
292,0.0,1.0,0.0,0.0
293,,,,
294,,,,
295,,,,
296,,,,
297,,,,
298,,,,
299,,,,
300,,,,
301,,,,
302,,,,
303,,,,
304,,,,
305,,,,
306,,,,
307,,,,
308,,,,
309,,,,
310,,,,
311,,,,
312,,,,
313,,,,
314,,,,
315,,,,
316,,,,
