,A,C,G,T
0,,,,
1,,,,
2,0.75,0.25,0.0,0.0
3,1.0,0.0,0.0,0.0
4,0.0,1.0,0.0,0.0
5,1.0,0.0,0.0,0.0
6,1.0,0.0,0.0,0.0
7,0.0,0.0,1.0,0.0
8,0.7333333333333333,0.2,0.0,0.06666666666666667
9,0.18181818181818182,0.0,0.18181818181818182,0.6363636363636364
10,1.0,0.0,0.0,0.0
11,0.0,0.11764705882352941,0.5882352941176471,0.29411764705882354
12,1.0,0.0,0.0,0.0
13,0.0,0.0,1.0,0.0
14,0.8235294117647058,0.058823529411764705,0.0,0.11764705882352941
15,,,,
16,,,,
17,1.0,0.0,0.0,0.0
18,,,,
19,0.0,1.0,0.0,0.0
20,,,,
21,0.0,0.0,0.0,1.0
22,,,,
23,,,,
24,1.0,0.0,0.0,0.0
25,0.5,0.0,0.0,0.5
26,0.0,0.0,1.0,0.0
27,,,,
28,1.0,0.0,0.0,0.0
29,0.0,0.5,0.5,0.0
30,0.0,0.0,0.0,1.0
31,0.3333333333333333,0.3333333333333333,0.3333333333333333,0.0
32,0.42857142857142855,0.2857142857142857,0.0,0.2857142857142857
33,0.0,0.5,0.5,0.0
34,,,,
35,1.0,0.0,0.0,0.0
36,0.0,0.0,1.0,0.0
37,0.0,0.2857142857142857,0.5714285714285714,0.14285714285714285
38,0.5,0.5,0.0,0.0
39,0.0,0.0,0.5,0.5
40,,,,
41,0.0,0.75,0.25,0.0
42,0.5,0.0,0.5,0.0
43,,,,
44,0.5,0.0,0.0,0.5
45,,,,
46,0.0,0.75,0.25,0.0
47,0.0,0.5,0.0,0.5
48,0.0,0.0,1.0,0.0
49,,,,
50,0.0,0.0,0.5,0.5
51,,,,
52,,,,
53,0.0,0.0,0.0,1.0
54,0.3333333333333333,0.0,0.6666666666666666,0.0
55,0.0,0.0,0.0,1.0
56,0.0,0.0,0.0,1.0
57,0.0,0.0,1.0,0.0
58,0.0,1.0,0.0,0.0
59,,,,
60,,,,
61,0.0,0.0,0.7777777777777778,0.2222222222222222
62,0.07142857142857142,0.0,0.21428571428571427,0.7142857142857143
63,,,,
64,0.0,1.0,0.0,0.0
65,,,,
66,0.9130434782608695,0.0,0.0,0.08695652173913043
67,0.23076923076923078,0.0,0.6923076923076923,0.07692307692307693
68,0.0,1.0,0.0,0.0
69,0.75,0.0,0.0,0.25
70,0.0,1.0,0.0,0.0
71,0.07692307692307693,0.0,0.6153846153846154,0.3076923076923077
72,0.3333333333333333,0.16666666666666666,0.5,0.0
73,0.0,1.0,0.0,0.0
74,0.42857142857142855,0.5714285714285714,0.0,0.0
75,0.8333333333333334,0.16666666666666666,0.0,0.0
76,0.5,0.3333333333333333,0.0,0.16666666666666666
77,0.0,1.0,0.0,0.0
78,0.6,0.1,0.0,0.3
79,0.28,0.64,0.0,0.08
80,0.0,0.0,0.96,0.04
81,0.0,0.8571428571428571,0.14285714285714285,0.0
82,1.0,0.0,0.0,0.0
83,0.0,0.0,0.2,0.8
84,0.0,0.09259259259259259,0.05555555555555555,0.8518518518518519
85,0.0,0.0,1.0,0.0
86,0.18181818181818182,0.0,0.2727272727272727,0.5454545454545454
87,0.0,0.25,0.75,0.0
88,0.35,0.6,0.0,0.05
89,0.3333333333333333,0.3333333333333333,0.3333333333333333,0.0
90,0.0,0.06,0.86,0.08
91,0.4473684210526316,0.47368421052631576,0.0,0.07894736842105263
92,0.4166666666666667,0.5,0.08333333333333333,0.0
93,0.2857142857142857,0.2857142857142857,0.42857142857142855,0.0
94,0.0,0.4,0.15,0.45
95,0.0,0.0,0.25,0.75
96,0.14285714285714285,0.7142857142857143,0.14285714285714285,0.0
97,0.0,0.13333333333333333,0.0,0.8666666666666667
98,0.0,0.0,0.125,0.875
99,0.0,0.0,1.0,0.0
100,1.0,0.0,0.0,0.0
101,0.0,0.5,0.0,0.5
102,0.0,0.16666666666666666,0.8333333333333334,0.0
103,0.38235294117647056,0.5882352941176471,0.0,0.029411764705882353
104,0.04,0.0,0.0,0.96
105,,,,
106,1.0,0.0,0.0,0.0
107,,,,
108,0.0,0.3,0.7,0.0
109,,,,
110,0.16666666666666666,0.0,0.16666666666666666,0.6666666666666666
111,0.0,0.0,1.0,0.0
112,,,,
113,0.14285714285714285,0.7959183673469388,0.0,0.061224489795918366
114,,,,
115,0.0,0.0,0.0,1.0
116,0.3333333333333333,0.3333333333333333,0.0,0.3333333333333333
117,0.15384615384615385,0.0,0.15384615384615385,0.6923076923076923
118,0.5,0.0,0.5,0.0
119,0.0,0.0,0.75,0.25
120,0.0,0.8723404255319149,0.0,0.1276595744680851
121,0.0,0.0,0.0,1.0
122,0.90625,0.0,0.09375,0.0
123,0.8,0.2,0.0,0.0
124,0.6,0.2,0.0,0.2
125,0.7,0.1,0.0,0.2
126,0.0,0.3333333333333333,0.3333333333333333,0.3333333333333333
127,0.0,0.0,1.0,0.0
128,1.0,0.0,0.0,0.0
129,0.5,0.5,0.0,0.0
130,0.0,0.6666666666666666,0.0,0.3333333333333333
131,0.9705882352941176,0.014705882352941176,0.0,0.014705882352941176
132,,,,
133,,,,
134,0.6,0.2,0.0,0.2
135,0.0,1.0,0.0,0.0
136,0.0,0.0,1.0,0.0
137,0.9285714285714286,0.0,0.0,0.07142857142857142
138,,,,
139,0.5,0.0,0.0,0.5
140,0.0,0.25,0.0,0.75
141,0.0,0.5,0.5,0.0
142,,,,
143,0.25,0.5,0.25,0.0
144,1.0,0.0,0.0,0.0
145,0.0,1.0,0.0,0.0
146,0.4444444444444444,0.25925925925925924,0.0,0.2962962962962963
147,0.12,0.0,0.44,0.44
148,0.6666666666666666,0.1,0.0,0.23333333333333334
149,0.625,0.20833333333333334,0.16666666666666666,0.0
150,0.0,0.1111111111111111,0.7222222222222222,0.16666666666666666
151,0.0,0.5,0.5,0.0
152,0.125,0.0,0.375,0.5
153,0.27586206896551724,0.5517241379310345,0.1724137931034483,0.0
154,0.0,0.5263157894736842,0.3157894736842105,0.15789473684210525
155,0.06666666666666667,0.6,0.3333333333333333,0.0
156,0.0,0.30303030303030304,0.36363636363636365,0.3333333333333333
157,0.4666666666666667,0.0,0.3333333333333333,0.2
158,0.2608695652173913,0.0,0.13043478260869565,0.6086956521739131
159,0.0,0.2,0.6,0.2
160,0.45454545454545453,0.36363636363636365,0.0,0.18181818181818182
161,0.1,0.5,0.4,0.0
162,0.5,0.0,0.0,0.5
163,1.0,0.0,0.0,0.0
164,0.75,0.15,0.0,0.1
165,0.0,0.35294117647058826,0.5882352941176471,0.058823529411764705
166,0.5588235294117647,0.3235294117647059,0.0,0.11764705882352941
167,0.3,0.0,0.3,0.4
168,0.0,0.21428571428571427,0.2857142857142857,0.5
169,0.2,0.0,0.4,0.4
170,0.2727272727272727,0.0,0.18181818181818182,0.5454545454545454
171,0.0,0.09523809523809523,0.5714285714285714,0.3333333333333333
172,0.0,0.30434782608695654,0.43478260869565216,0.2608695652173913
173,0.047619047619047616,0.0,0.2857142857142857,0.6666666666666666
174,0.0,0.3333333333333333,0.6666666666666666,0.0
175,0.0,0.5,0.25,0.25
176,0.125,0.0,0.25,0.625
177,0.0,0.0,0.3333333333333333,0.6666666666666666
178,0.0,0.2,0.5,0.3
179,0.13043478260869565,0.0,0.13043478260869565,0.7391304347826086
180,0.1,0.0,0.5,0.4
181,0.5,0.0,0.0,0.5
182,0.041666666666666664,0.0,0.8333333333333334,0.125
183,0.3333333333333333,0.0,0.6666666666666666,0.0
184,,,,
185,0.0,0.0,0.2857142857142857,0.7142857142857143
186,0.14285714285714285,0.0,0.14285714285714285,0.7142857142857143
187,0.3333333333333333,0.0,0.6666666666666666,0.0
188,0.2,0.0,0.4,0.4
189,0.0,0.2,0.75,0.05
190,0.0,0.09523809523809523,0.8571428571428571,0.047619047619047616
191,0.0,0.6666666666666666,0.0,0.3333333333333333
192,0.0,0.14285714285714285,0.7142857142857143,0.14285714285714285
193,0.6666666666666666,0.3333333333333333,0.0,0.0
194,0.09090909090909091,0.5454545454545454,0.36363636363636365,0.0
195,1.0,0.0,0.0,0.0
196,0.5,0.5,0.0,0.0
197,0.0,0.4166666666666667,0.5,0.08333333333333333
198,0.47619047619047616,0.47619047619047616,0.0,0.047619047619047616
199,0.0,1.0,0.0,0.0
200,0.3333333333333333,0.0,0.16666666666666666,0.5
201,0.0,0.0,0.2222222222222222,0.7777777777777778
202,0.4,0.0,0.2,0.4
203,0.6,0.0,0.2,0.2
204,0.0,0.35294117647058826,0.29411764705882354,0.35294117647058826
205,0.0,0.3333333333333333,0.6666666666666666,0.0
206,0.6896551724137931,0.10344827586206896,0.0,0.20689655172413793
207,0.5,0.0,0.5,0.0
208,0.3333333333333333,0.0,0.0,0.6666666666666666
209,0.0,0.5833333333333334,0.25,0.16666666666666666
210,0.45454545454545453,0.36363636363636365,0.0,0.18181818181818182
211,0.0,0.8333333333333334,0.16666666666666666,0.0
212,0.0,0.03333333333333333,0.6333333333333333,0.3333333333333333
213,,,,
214,0.0,0.0,0.0,1.0
215,0.0,0.0,0.0,1.0
216,0.0,1.0,0.0,0.0
217,0.09090909090909091,0.0,0.6363636363636364,0.2727272727272727
218,0.4444444444444444,0.4444444444444444,0.0,0.1111111111111111
219,0.4,0.4,0.2,0.0
220,0.0,0.0,0.0,1.0
221,0.3333333333333333,0.0,0.4166666666666667,0.25
222,0.0,0.0,1.0,0.0
223,0.0,0.3333333333333333,0.6666666666666666,0.0
224,0.2857142857142857,0.5,0.0,0.21428571428571427
225,0.0,1.0,0.0,0.0
226,0.0,0.375,0.625,0.0
227,0.041666666666666664,0.0,0.5,0.4583333333333333
228,0.2,0.0,0.4,0.4
229,0.0,0.16666666666666666,0.6666666666666666,0.16666666666666666
230,0.3333333333333333,0.3333333333333333,0.0,0.3333333333333333
231,0.23529411764705882,0.35294117647058826,0.4117647058823529,0.0
232,0.0,1.0,0.0,0.0
233,0.0,0.0,0.3076923076923077,0.6923076923076923
234,1.0,0.0,0.0,0.0
235,0.25,0.0,0.0,0.75
236,0.0,0.0,0.5,0.5
237,0.5,0.0,0.0,0.5
238,0.0,0.0,1.0,0.0
239,0.4,0.2,0.0,0.4
240,0.0,0.3333333333333333,0.6666666666666666,0.0
241,0.0,0.09523809523809523,0.8571428571428571,0.047619047619047616
242,0.6129032258064516,0.25806451612903225,0.0,0.12903225806451613
243,0.03225806451612903,0.0,0.2903225806451613,0.6774193548387096
244,0.0,0.0,1.0,0.0
245,0.6666666666666666,0.3333333333333333,0.0,0.0
246,0.0,0.7142857142857143,0.2857142857142857,0.0
247,0.40816326530612246,0.5714285714285714,0.0,0.02040816326530612
248,0.09375,0.0,0.40625,0.5
249,0.0,0.0,1.0,0.0
250,0.5,0.0,0.0,0.5
251,0.3333333333333333,0.3333333333333333,0.3333333333333333,0.0
252,0.5,0.5,0.0,0.0
253,0.0,0.6,0.4,0.0
254,0.2857142857142857,0.14285714285714285,0.0,0.5714285714285714
255,0.0,0.0,1.0,0.0
256,0.0,0.0,1.0,0.0
257,0.2222222222222222,0.0,0.2222222222222222,0.5555555555555556
258,0.6666666666666666,0.0,0.0,0.3333333333333333
259,0.5,0.0,0.0,0.5
260,0.14285714285714285,0.0,0.0,0.8571428571428571
261,1.0,0.0,0.0,0.0
262,1.0,0.0,0.0,0.0
263,0.7727272727272727,0.09090909090909091,0.0,0.13636363636363635
264,,,,
265,,,,
266,1.0,0.0,0.0,0.0
267,0.0,0.0,0.4,0.6
268,,,,
269,1.0,0.0,0.0,0.0
270,0.0,0.0,0.0,1.0
271,0.0,0.0,1.0,0.0
272,0.0,0.0,0.1111111111111111,0.8888888888888888
273,0.7222222222222222,0.2222222222222222,0.0,0.05555555555555555
274,0.2,0.6,0.2,0.0
275,0.2549019607843137,0.37254901960784315,0.0,0.37254901960784315
276,0.0,0.0,1.0,0.0
277,,,,
278,0.0,1.0,0.0,0.0
279,,,,
280,0.0,0.0,0.0,1.0
281,0.038461538461538464,0.0,0.0,0.9615384615384616
282,,,,
283,,,,
284,0.0,1.0,0.0,0.0
285,1.0,0.0,0.0,0.0
286,0.14285714285714285,0.0,0.14285714285714285,0.7142857142857143
287,1.0,0.0,0.0,0.0
288,0.0,0.25,0.75,0.0
289,,,,
290,,,,
291,0.25,0.16666666666666666,0.5833333333333334,0.0
292,,,,
293,,,,
294,,,,
295,,,,
296,,,,
297,,,,
298,,,,
299,,,,
300,,,,
301,,,,
302,,,,
303,,,,
304,,,,
305,,,,
306,,,,
307,,,,
308,,,,
309,,,,
310,,,,
311,,,,
312,,,,
