,A,C,G,T
0,,,,
1,,,,
2,0.4453125,0.40234375,0.0,0.15234375
3,0.3211009174311927,0.2018348623853211,0.0,0.47706422018348627
4,0.2536231884057971,0.4420289855072464,0.30434782608695654,0.0
5,0.34854771784232363,0.21991701244813278,0.0,0.4315352697095436
6,0.26595744680851063,0.0,0.4787234042553192,0.2553191489361702
7,0.0,0.3548387096774194,0.5,0.14516129032258066
8,0.7135862913096696,0.2533659730722154,0.0,0.033047735618115054
9,0.05690200210748156,0.0,0.28240252897787144,0.660695468914647
10,0.14285714285714285,0.35714285714285715,0.5,0.0
11,0.5738636363636364,0.2556818181818182,0.0,0.17045454545454544
12,0.4327485380116959,0.1871345029239766,0.0,0.38011695906432746
13,0.3185840707964602,0.6017699115044248,0.07964601769911504,0.0
14,0.543859649122807,0.10526315789473684,0.0,0.3508771929824561
15,0.028169014084507043,0.8356807511737089,0.0,0.13615023474178403
16,0.0,0.5522388059701493,0.16417910447761194,0.2835820895522388
17,0.8197278911564626,0.061224489795918366,0.0,0.11904761904761904
18,0.2608695652173913,0.34782608695652173,0.391304347826087,0.0
19,0.30303030303030304,0.0,0.2727272727272727,0.42424242424242425
20,0.14893617021276595,0.3404255319148936,0.5106382978723404,0.0
21,0.11627906976744186,0.20930232558139536,0.0,0.6744186046511628
22,0.15,0.15,0.0,0.7
23,0.0,0.11538461538461539,0.7552447552447552,0.12937062937062938
24,0.10416666666666667,0.14583333333333334,0.0,0.75
25,0.075,0.15,0.0,0.775
26,0.0,0.3761467889908257,0.23853211009174313,0.3853211009174312
27,0.4017094017094017,0.41025641025641024,0.0,0.18803418803418803
28,0.5833333333333334,0.36585365853658536,0.0,0.0508130081300813
29,0.10703363914373089,0.0,0.6513761467889908,0.2415902140672783
30,0.009708737864077669,0.8,0.19029126213592232,0.0
31,0.07462686567164178,0.6417910447761194,0.2835820895522388,0.0
32,0.5595238095238095,0.17857142857142858,0.0,0.2619047619047619
33,0.463768115942029,0.21739130434782608,0.0,0.3188405797101449
34,0.1794871794871795,0.7051282051282052,0.11538461538461539,0.0
35,0.37410071942446044,0.0,0.2014388489208633,0.4244604316546763
36,0.5392156862745098,0.0,0.2549019607843137,0.20588235294117646
37,0.0,0.33070866141732286,0.5984251968503937,0.07086614173228346
38,0.475177304964539,0.3404255319148936,0.0,0.18439716312056736
39,0.3684210526315789,0.0,0.13157894736842105,0.5
40,0.1896551724137931,0.0,0.603448275862069,0.20689655172413793
41,0.0038910505836575876,0.014007782101167316,0.982101167315175,0.0
42,0.05263157894736842,0.15789473684210525,0.0,0.7894736842105263
43,0.175,0.125,0.0,0.7
44,0.3,0.10909090909090909,0.0,0.5909090909090909
45,0.3013698630136986,0.2602739726027397,0.0,0.4383561643835616
46,0.6549295774647887,0.056338028169014086,0.0,0.2887323943661972
47,0.6722222222222223,0.08333333333333333,0.0,0.24444444444444444
48,0.07608695652173914,0.10869565217391304,0.8152173913043478,0.0
49,0.4878048780487805,0.0,0.24390243902439024,0.2682926829268293
50,0.17045454545454544,0.0,0.25,0.5795454545454546
51,0.12264150943396226,0.0,0.25471698113207547,0.6226415094339622
52,0.14705882352941177,0.17647058823529413,0.6764705882352942,0.0
53,0.453125,0.3671875,0.0,0.1796875
54,0.0,0.6704545454545454,0.18181818181818182,0.14772727272727273
55,0.4369747899159664,0.4789915966386555,0.0,0.08403361344537816
56,0.0,0.5849056603773585,0.2169811320754717,0.19811320754716982
57,0.3548387096774194,0.0,0.5403225806451613,0.10483870967741936
58,0.036585365853658534,0.5487804878048781,0.4146341463414634,0.0
59,0.10215053763440861,0.0,0.5967741935483871,0.3010752688172043
60,0.23577235772357724,0.44715447154471544,0.3170731707317073,0.0
61,0.4318181818181818,0.0,0.06818181818181818,0.5
62,0.1729490022172949,0.0,0.5787139689578714,0.24833702882483372
63,0.046511627906976744,0.13953488372093023,0.813953488372093,0.0
64,0.1111111111111111,0.2777777777777778,0.0,0.6111111111111112
65,0.004830917874396135,0.9082125603864735,0.08695652173913043,0.0
66,0.645021645021645,0.06060606060606061,0.0,0.2943722943722944
67,0.46635367762128327,0.0,0.08450704225352113,0.4491392801251956
68,0.0,0.18734177215189873,0.6303797468354431,0.18227848101265823
69,0.24444444444444444,0.4888888888888889,0.0,0.26666666666666666
70,0.028930817610062894,0.0,0.2389937106918239,0.7320754716981132
71,0.2853717026378897,0.0,0.12709832134292565,0.5875299760191847
72,0.3277310924369748,0.35294117647058826,0.31932773109243695,0.0
73,0.28,0.0,0.16,0.56
74,0.35294117647058826,0.2815126050420168,0.36554621848739494,0.0
75,0.4375,0.14583333333333334,0.0,0.4166666666666667
76,0.553921568627451,0.27450980392156865,0.0,0.1715686274509804
77,0.5876524390243902,0.31021341463414637,0.0,0.10213414634146341
78,0.2159468438538206,0.5813953488372093,0.2026578073089701,0.0
79,0.25333333333333335,0.5733333333333334,0.17333333333333334,0.0
80,0.20918367346938777,0.0,0.15816326530612246,0.6326530612244898
81,0.0,0.17227456258411844,0.41318977119784656,0.414535666218035
82,0.22533333333333333,0.0,0.49266666666666664,0.282
83,0.22666666666666666,0.0,0.08,0.6933333333333334
84,0.5519287833827893,0.0712166172106825,0.0,0.3768545994065282
85,0.02654867256637168,0.3893805309734513,0.584070796460177,0.0
86,0.30952380952380953,0.0,0.16666666666666666,0.5238095238095238
87,0.0,0.2680652680652681,0.6503496503496503,0.08158508158508158
88,0.426517571884984,0.43769968051118213,0.0,0.13578274760383385
89,0.15973741794310722,0.5908096280087527,0.24945295404814005,0.0
90,0.0,0.29796511627906974,0.623546511627907,0.07848837209302326
91,0.6411865373645179,0.3029092983456931,0.0,0.055904164289788935
92,0.21511627906976744,0.0,0.12596899224806202,0.6589147286821705
93,0.0,0.4967741935483871,0.24838709677419354,0.25483870967741934
94,0.0,0.4202401372212693,0.3927958833619211,0.18696397941680962
95,0.10044313146233383,0.0,0.20827178729689808,0.691285081240768
96,0.2526041666666667,0.4713541666666667,0.2760416666666667,0.0
97,0.0,0.4037940379403794,0.06775067750677506,0.5284552845528455
98,0.12274368231046931,0.0,0.06859205776173286,0.8086642599277978
99,0.0,0.29333333333333333,0.504,0.20266666666666666
100,0.16666666666666666,0.5,0.3333333333333333,0.0
101,0.4449244060475162,0.41252699784017277,0.0,0.14254859611231102
102,0.0,0.3392857142857143,0.5,0.16071428571428573
103,0.41308089500860584,0.5289730349971313,0.0,0.057946069994262765
104,0.03980099502487562,0.0,0.09651741293532339,0.863681592039801
105,0.06976744186046512,0.32558139534883723,0.6046511627906976,0.0
106,0.13333333333333333,0.13333333333333333,0.0,0.7333333333333333
107,0.14814814814814814,0.07407407407407407,0.0,0.7777777777777778
108,0.34285714285714286,0.3142857142857143,0.0,0.34285714285714286
109,0.07407407407407407,0.6481481481481481,0.2777777777777778,0.0
110,0.3013698630136986,0.0,0.4931506849315068,0.2054794520547945
111,0.3333333333333333,0.0,0.3888888888888889,0.2777777777777778
112,0.3,0.23333333333333334,0.0,0.4666666666666667
113,0.25757575757575757,0.0,0.13636363636363635,0.6060606060606061
114,0.7058823529411765,0.0,0.13725490196078433,0.1568627450980392
115,0.0,0.4574468085106383,0.43617021276595747,0.10638297872340426
116,0.2222222222222222,0.3611111111111111,0.0,0.4166666666666667
117,0.6931818181818182,0.13636363636363635,0.0,0.17045454545454544
118,0.07936507936507936,0.0,0.29365079365079366,0.626984126984127
119,0.14482758620689656,0.6275862068965518,0.22758620689655173,0.0
120,0.2857142857142857,0.0,0.08163265306122448,0.6326530612244898
121,0.32432432432432434,0.0,0.6216216216216216,0.05405405405405406
122,0.0,0.1702127659574468,0.6170212765957447,0.2127659574468085
123,0.27586206896551724,0.2413793103448276,0.0,0.4827586206896552
124,0.5609756097560976,0.14634146341463414,0.0,0.2926829268292683
125,0.8901515151515151,0.08712121212121213,0.0,0.022727272727272728
126,0.0,0.4857142857142857,0.4857142857142857,0.02857142857142857
127,0.0,0.20408163265306123,0.7006802721088435,0.09523809523809523
128,0.35555555555555557,0.1111111111111111,0.0,0.5333333333333333
129,0.1891891891891892,0.13513513513513514,0.0,0.6756756756756757
130,0.28125,0.171875,0.0,0.546875
131,0.6518624641833811,0.23209169054441262,0.0,0.11604584527220631
132,0.2932692307692308,0.0,0.42788461538461536,0.27884615384615385
133,0.04590163934426229,0.580327868852459,0.3737704918032787,0.0
134,0.28346456692913385,0.1968503937007874,0.0,0.5196850393700787
135,0.10303030303030303,0.7151515151515152,0.0,0.18181818181818182
136,0.0,0.09923664122137404,0.811704834605598,0.089058524173028
137,0.64,0.135,0.0,0.225
138,0.08762886597938144,0.08247422680412371,0.8298969072164949,0.0
139,0.1702127659574468,0.12234042553191489,0.0,0.7074468085106383
140,0.10424710424710425,0.5868725868725869,0.0,0.3088803088803089
141,0.583941605839416,0.20681265206812652,0.0,0.20924574209245742
142,0.1282051282051282,0.1111111111111111,0.7606837606837606,0.0
143,0.41081081081081083,0.0,0.1864864864864865,0.4027027027027027
144,0.05687203791469194,0.037914691943127965,0.9052132701421801,0.0
145,0.46853146853146854,0.0,0.33916083916083917,0.19230769230769232
146,0.0,0.4099264705882353,0.37316176470588236,0.21691176470588236
147,0.5672773215413771,0.20467466835123183,0.0,0.22804801010739104
148,0.11614173228346457,0.5236220472440944,0.36023622047244097,0.0
149,0.12292817679558012,0.6187845303867403,0.25828729281767954,0.0
150,0.0,0.4925,0.25875,0.24875
151,0.13930348258706468,0.38308457711442784,0.47761194029850745,0.0
152,0.0803921568627451,0.4568627450980392,0.4627450980392157,0.0
153,0.19337016574585636,0.38950276243093923,0.4171270718232044,0.0
154,0.0,0.1274787535410765,0.0821529745042493,0.7903682719546742
155,0.1693121693121693,0.673721340388007,0.15696649029982362,0.0
156,0.0,0.25597269624573377,0.6871444823663254,0.05688282138794084
157,0.33475298126064734,0.3781942078364566,0.0,0.2870528109028961
158,0.11608623548922056,0.0,0.15091210613598674,0.7330016583747927
159,0.760539629005059,0.15851602023608768,0.0,0.08094435075885328
160,0.763668430335097,0.17989417989417988,0.0,0.0564373897707231
161,0.17224080267558528,0.342809364548495,0.48494983277591974,0.0
162,0.5201793721973094,0.19730941704035873,0.0,0.2825112107623318
163,0.8185907046476761,0.09295352323838081,0.0,0.08845577211394302
164,0.3526148969889065,0.3478605388272583,0.29952456418383516,0.0
165,0.0,0.10281385281385282,0.7846320346320347,0.11255411255411256
166,0.5046228710462287,0.4384428223844282,0.0,0.05693430656934306
167,0.17049960348929422,0.0,0.20618556701030927,0.6233148295003965
168,0.0,0.2722371967654987,0.5202156334231806,0.20754716981132076
169,0.1282051282051282,0.0,0.10848126232741617,0.7633136094674556
170,0.0,0.3708133971291866,0.35167464114832536,0.27751196172248804
171,0.24217462932454695,0.4464579901153213,0.3113673805601318,0.0
172,0.0,0.14425907752698724,0.03925417075564279,0.81648675171737
173,0.0711864406779661,0.0,0.09491525423728814,0.8338983050847457
174,0.3299319727891156,0.3333333333333333,0.336734693877551,0.0
175,0.0,0.28451882845188287,0.16317991631799164,0.5523012552301255
176,0.06223175965665236,0.0,0.030042918454935622,0.907725321888412
177,0.5201149425287356,0.14367816091954022,0.0,0.33620689655172414
178,0.18840579710144928,0.0,0.5869565217391305,0.2246376811594203
179,0.0,0.3192771084337349,0.42771084337349397,0.25301204819277107
180,0.8026315789473685,0.09210526315789473,0.0,0.10526315789473684
181,0.0,0.36464088397790057,0.56353591160221,0.0718232044198895
182,0.20408163265306123,0.0,0.5306122448979592,0.2653061224489796
183,0.2837370242214533,0.10726643598615918,0.6089965397923875,0.0
184,0.2857142857142857,0.0,0.11278195488721804,0.6015037593984962
185,0.18333333333333332,0.0,0.4444444444444444,0.37222222222222223
186,0.3897058823529412,0.3382352941176471,0.0,0.27205882352941174
187,0.07258064516129033,0.25,0.6774193548387096,0.0
188,0.1774193548387097,0.31451612903225806,0.0,0.5080645161290323
189,0.0,0.4430379746835443,0.5358649789029536,0.02109704641350211
190,0.0,0.11798839458413926,0.8375241779497099,0.04448742746615087
191,0.32673267326732675,0.1782178217821782,0.0,0.49504950495049505
192,0.23684210526315788,0.21929824561403508,0.0,0.543859649122807
193,0.547945205479452,0.1232876712328767,0.0,0.3287671232876712
194,0.10476190476190476,0.0,0.1380952380952381,0.7571428571428571
195,0.6417910447761194,0.0,0.23880597014925373,0.11940298507462686
196,0.2727272727272727,0.15151515151515152,0.0,0.5757575757575758
197,0.0,0.3038277511961722,0.5334928229665071,0.16267942583732056
198,0.18181818181818182,0.1919191919191919,0.6262626262626263,0.0
199,0.15254237288135594,0.1864406779661017,0.6610169491525424,0.0
200,0.4263565891472868,0.0,0.03875968992248062,0.5348837209302325
201,0.0,0.18660287081339713,0.19138755980861244,0.6220095693779905
202,0.1276595744680851,0.0,0.44680851063829785,0.425531914893617
203,0.5398230088495575,0.0,0.11504424778761062,0.34513274336283184
204,0.0,0.18548387096774194,0.8010752688172043,0.013440860215053764
205,0.1721311475409836,0.4016393442622951,0.4262295081967213,0.0
206,0.2015810276679842,0.0,0.31620553359683795,0.48221343873517786
207,0.23728813559322035,0.1864406779661017,0.576271186440678,0.0
208,0.39361702127659576,0.0,0.0851063829787234,0.5212765957446809
209,0.28104575163398693,0.0,0.38562091503267976,0.3333333333333333
210,0.0,0.2830188679245283,0.6037735849056604,0.11320754716981132
211,0.5142857142857142,0.3142857142857143,0.0,0.17142857142857143
212,0.0,0.19718309859154928,0.7183098591549296,0.08450704225352113
213,0.12077294685990338,0.0,0.8272946859903382,0.051932367149758456
214,0.0,0.11428571428571428,0.37142857142857144,0.5142857142857142
215,0.3584070796460177,0.0,0.4336283185840708,0.2079646017699115
216,0.0,0.15203426124197003,0.815845824411135,0.032119914346895075
217,0.0,0.3576965669988926,0.43964562569213733,0.2026578073089701
218,0.13661971830985917,0.6774647887323944,0.18591549295774648,0.0
219,0.08411214953271028,0.308411214953271,0.6074766355140186,0.0
220,0.11302211302211303,0.0,0.28746928746928746,0.5995085995085995
221,0.0958904109589041,0.0,0.3913894324853229,0.512720156555773
222,0.0,0.3637484586929716,0.6041923551171393,0.032059186189889025
223,0.0,0.1659056316590563,0.7990867579908676,0.0350076103500761
224,0.17537313432835822,0.7089552238805971,0.0,0.11567164179104478
225,0.0,0.034210526315789476,0.9289473684210526,0.03684210526315789
226,0.0,0.42201834862385323,0.47706422018348627,0.10091743119266056
227,0.07754010695187166,0.0,0.0481283422459893,0.8743315508021391
228,0.0,0.18840579710144928,0.3333333333333333,0.4782608695652174
229,0.13513513513513514,0.0,0.125,0.7398648648648649
230,0.5465334166146159,0.23985009369144286,0.0,0.21361648969394129
231,0.09699525566684239,0.0,0.6747496046389035,0.2282551396942541
232,0.19298245614035087,0.14035087719298245,0.6666666666666666,0.0
233,0.4126357354392892,0.3810463968410661,0.0,0.2063178677196446
234,0.2152777777777778,0.11458333333333333,0.6701388888888888,0.0
235,0.0,0.21234309623430964,0.0397489539748954,0.747907949790795
236,0.43478260869565216,0.2565217391304348,0.30869565217391304,0.0
237,0.27941176470588236,0.0,0.14705882352941177,0.5735294117647058
238,0.11764705882352941,0.10294117647058823,0.7794117647058824,0.0
239,0.06326034063260341,0.41362530413625304,0.5231143552311436,0.0
240,0.22624434389140272,0.0,0.751131221719457,0.02262443438914027
241,0.0,0.07692307692307693,0.41025641025641024,0.5128205128205128
242,0.0,0.40047961630695444,0.4940047961630695,0.10551558752997602
243,0.0,0.6608187134502924,0.1286549707602339,0.21052631578947367
244,0.13333333333333333,0.06666666666666667,0.8,0.0
245,0.40350877192982454,0.35964912280701755,0.0,0.23684210526315788
246,0.0,0.26548672566371684,0.7132743362831858,0.021238938053097345
247,0.0,0.5533980582524272,0.3964401294498382,0.05016181229773463
248,0.10198300283286119,0.0,0.32294617563739375,0.5750708215297451
249,0.0,0.07407407407407407,0.8487654320987654,0.07716049382716049
250,0.7174211248285323,0.22496570644718794,0.0,0.05761316872427984
251,0.10453648915187377,0.0,0.15581854043392504,0.7396449704142012
252,0.09424083769633508,0.0,0.47643979057591623,0.4293193717277487
253,0.1232876712328767,0.1095890410958904,0.7671232876712328,0.0
254,0.30726256983240224,0.5027932960893855,0.0,0.18994413407821228
255,0.0,0.5735294117647058,0.3872549019607843,0.0392156862745098
256,0.40397350993377484,0.5584988962472406,0.0,0.037527593818984545
257,0.0,0.23660714285714285,0.6473214285714286,0.11607142857142858
258,0.311101163831692,0.6638316920322291,0.0,0.025067144136078783
259,0.0832517140058766,0.0,0.1831537708129285,0.7335945151811949
260,0.09690721649484536,0.7835051546391752,0.11958762886597939,0.0
261,0.4166666666666667,0.3611111111111111,0.0,0.2222222222222222
262,0.0,0.1693548387096774,0.8064516129032258,0.024193548387096774
263,0.5400778210116731,0.39299610894941633,0.0,0.0669260700389105
264,0.4583333333333333,0.125,0.0,0.4166666666666667
265,0.0,0.2962962962962963,0.37037037037037035,0.3333333333333333
266,0.28169014084507044,0.0,0.1267605633802817,0.5915492957746479
267,0.0,0.060810810810810814,0.39864864864864863,0.5405405405405406
268,0.2978723404255319,0.0,0.3829787234042553,0.3191489361702128
269,0.3561643835616438,0.1506849315068493,0.0,0.4931506849315068
270,0.36666666666666664,0.1,0.0,0.5333333333333333
271,0.15789473684210525,0.0,0.7631578947368421,0.07894736842105263
272,0.16666666666666666,0.0,0.0763888888888889,0.7569444444444444
273,0.7219917012448133,0.2074688796680498,0.0,0.07053941908713693
274,0.2753623188405797,0.3188405797101449,0.4057971014492754,0.0
275,0.27998017839444994,0.4008919722497522,0.0,0.3191278493557978
276,0.034482758620689655,0.034482758620689655,0.9310344827586207,0.0
277,0.0,0.1111111111111111,0.2222222222222222,0.6666666666666666
278,0.012578616352201259,0.9245283018867925,0.06289308176100629,0.0
279,0.02054794520547945,0.8767123287671232,0.10273972602739725,0.0
280,0.0,0.015904572564612324,0.015904572564612324,0.9681908548707754
281,0.021116138763197588,0.0,0.01809954751131222,0.9607843137254902
282,0.1188118811881188,0.1188118811881188,0.7623762376237624,0.0
283,0.391304347826087,0.2028985507246377,0.0,0.4057971014492754
284,0.0,0.48044692737430167,0.5195530726256983,0.0
285,0.6153846153846154,0.013986013986013986,0.0,0.3706293706293706
286,0.176056338028169,0.0,0.14084507042253522,0.6830985915492958
287,0.4041095890410959,0.21232876712328766,0.0,0.3835616438356164
288,0.0,0.387434554973822,0.612565445026178,0.0
289,0.5161290322580645,0.3032258064516129,0.0,0.18064516129032257
290,0.0,0.10227272727272728,0.8181818181818182,0.07954545454545454
291,0.208955223880597,0.5671641791044776,0.0,0.22388059701492538
292,0.0,0.18,0.54,0.28
293,0.08333333333333333,0.25,0.6666666666666666,0.0
294,0.06666666666666667,0.0,0.06666666666666667,0.8666666666666667
295,0.08571428571428572,0.8285714285714286,0.08571428571428572,0.0
296,0.75,0.0,0.25,0.0
297,,,,
298,0.0,0.0,0.5,0.5
299,1.0,0.0,0.0,0.0
300,0.0,0.0,0.6666666666666666,0.3333333333333333
301,0.0,0.0,1.0,0.0
302,0.0,0.0,0.6666666666666666,0.3333333333333333
303,,,,
304,,,,
305,,,,
306,,,,
307,0.0,0.3333333333333333,0.3333333333333333,0.3333333333333333
308,,,,
309,,,,
310,,,,
311,,,,
312,,,,
