,A,C,G,T
0,,,,
1,,,,
2,0.45454545454545453,0.36363636363636365,0.0,0.18181818181818182
3,0.782608695652174,0.0,0.0,0.21739130434782608
4,0.041666666666666664,0.875,0.08333333333333333,0.0
5,0.2222222222222222,0.0,0.1111111111111111,0.6666666666666666
6,0.0,0.20512820512820512,0.10256410256410256,0.6923076923076923
7,0.25,0.0,0.0,0.75
8,0.09090909090909091,0.0,0.9090909090909091,0.0
9,0.13513513513513514,0.8108108108108109,0.05405405405405406,0.0
10,0.1,0.7,0.2,0.0
11,0.8333333333333334,0.041666666666666664,0.0,0.125
12,0.0,0.639344262295082,0.3442622950819672,0.01639344262295082
13,0.0,0.4827586206896552,0.3793103448275862,0.13793103448275862
14,0.6521739130434783,0.043478260869565216,0.0,0.30434782608695654
15,0.3,0.1,0.0,0.6
16,0.0,0.5,0.05,0.45
17,0.6470588235294118,0.17647058823529413,0.0,0.17647058823529413
18,0.45454545454545453,0.36363636363636365,0.18181818181818182,0.0
19,0.0,0.0,0.0,1.0
20,0.5,0.25,0.25,0.0
21,0.14285714285714285,0.35714285714285715,0.0,0.5
22,0.3333333333333333,0.3611111111111111,0.0,0.3055555555555556
23,0.042105263157894736,0.8105263157894737,0.14736842105263157,0.0
24,0.5,0.0,0.0,0.5
25,0.0,0.0,0.0,1.0
26,0.2898550724637681,0.6231884057971014,0.08695652173913043,0.0
27,0.8695652173913043,0.08695652173913043,0.0,0.043478260869565216
28,0.05952380952380952,0.9047619047619048,0.03571428571428571,0.0
29,0.6174496644295302,0.1476510067114094,0.0,0.2348993288590604
30,0.10245901639344263,0.0,0.3442622950819672,0.5532786885245902
31,0.5652173913043478,0.17391304347826086,0.2608695652173913,0.0
32,0.5806451612903226,0.03225806451612903,0.0,0.3870967741935484
33,0.2717391304347826,0.5869565217391305,0.0,0.14130434782608695
34,0.0,0.9047619047619048,0.09523809523809523,0.0
35,0.625,0.14583333333333334,0.0,0.22916666666666666
36,0.0,0.7333333333333333,0.26666666666666666,0.0
37,0.0,0.04310344827586207,0.8706896551724138,0.08620689655172414
38,0.0,0.056,0.76,0.184
39,0.053763440860215055,0.0,0.6881720430107527,0.25806451612903225
40,0.0,0.0,0.0,1.0
41,0.14814814814814814,0.0,0.4074074074074074,0.4444444444444444
42,0.0,0.05952380952380952,0.5833333333333334,0.35714285714285715
43,0.7564102564102564,0.0,0.24358974358974358,0.0
44,0.0,0.2786885245901639,0.5081967213114754,0.21311475409836064
45,0.04,0.88,0.0,0.08
46,0.0,0.8095238095238095,0.09523809523809523,0.09523809523809523
47,0.6571428571428571,0.17142857142857143,0.0,0.17142857142857143
48,0.0,0.15789473684210525,0.3157894736842105,0.5263157894736842
49,0.14285714285714285,0.0,0.75,0.10714285714285714
50,0.13333333333333333,0.0,0.06666666666666667,0.8
51,0.2,0.0,0.6,0.2
52,0.0,0.7222222222222222,0.2777777777777778,0.0
53,0.375,0.0,0.375,0.25
54,0.0,0.48,0.12,0.4
55,0.13333333333333333,0.0,0.26666666666666666,0.6
56,0.712,0.08,0.0,0.208
57,0.1016949152542373,0.0,0.3220338983050847,0.576271186440678
58,0.14285714285714285,0.5714285714285714,0.2857142857142857,0.0
59,0.0,0.2727272727272727,0.0,0.7272727272727273
60,0.0,0.5151515151515151,0.42424242424242425,0.06060606060606061
61,0.2727272727272727,0.0,0.2727272727272727,0.45454545454545453
62,0.19444444444444445,0.0,0.3611111111111111,0.4444444444444444
63,0.0,0.6,0.4,0.0
64,0.25,0.1875,0.0,0.5625
65,0.022727272727272728,0.0,0.022727272727272728,0.9545454545454546
66,0.0,0.11836734693877551,0.4122448979591837,0.46938775510204084
67,0.23574144486692014,0.0,0.3574144486692015,0.4068441064638783
68,0.3793103448275862,0.0,0.27586206896551724,0.3448275862068966
69,0.0,0.37037037037037035,0.0,0.6296296296296297
70,0.12,0.8,0.08,0.0
71,0.09523809523809523,0.0,0.6666666666666666,0.23809523809523808
72,0.20987654320987653,0.5308641975308642,0.25925925925925924,0.0
73,0.09090909090909091,0.0,0.36363636363636365,0.5454545454545454
74,0.13846153846153847,0.5846153846153846,0.27692307692307694,0.0
75,0.7058823529411765,0.17647058823529413,0.0,0.11764705882352941
76,0.5662650602409639,0.3253012048192771,0.0,0.10843373493975904
77,0.5522648083623694,0.2857142857142857,0.0,0.16202090592334495
78,0.3562231759656652,0.41201716738197425,0.2317596566523605,0.0
79,0.43243243243243246,0.4864864864864865,0.08108108108108109,0.0
80,0.08256880733944955,0.0,0.3394495412844037,0.5779816513761468
81,0.0,0.8333333333333334,0.16666666666666666,0.0
82,0.2,0.0,0.4,0.4
83,0.0,0.3419354838709677,0.5161290322580645,0.14193548387096774
84,0.2784090909090909,0.0,0.3409090909090909,0.3806818181818182
85,0.019417475728155338,0.7378640776699029,0.24271844660194175,0.0
86,0.0784313725490196,0.0,0.6764705882352942,0.24509803921568626
87,0.0,0.18032786885245902,0.6311475409836066,0.1885245901639344
88,0.5382716049382716,0.4160493827160494,0.0,0.04567901234567901
89,0.06920415224913495,0.0,0.42560553633217996,0.5051903114186851
90,0.0,0.11330049261083744,0.812807881773399,0.07389162561576355
91,0.0,0.40217391304347827,0.532608695652174,0.06521739130434782
92,0.17105263157894737,0.706140350877193,0.12280701754385964,0.0
93,0.4341772151898734,0.3670886075949367,0.0,0.19873417721518988
94,0.20528455284552846,0.0,0.47560975609756095,0.31910569105691056
95,0.34615384615384615,0.4115384615384615,0.2423076923076923,0.0
96,0.0,0.2905982905982906,0.6353276353276354,0.07407407407407407
97,0.6470588235294118,0.27854671280276816,0.0,0.07439446366782007
98,0.0,0.2222222222222222,0.5263157894736842,0.25146198830409355
99,0.0,0.13595706618962433,0.7352415026833632,0.12880143112701253
100,0.13043478260869565,0.7536231884057971,0.11594202898550725,0.0
101,0.5306122448979592,0.25510204081632654,0.0,0.21428571428571427
102,0.7121212121212122,0.10606060606060606,0.0,0.18181818181818182
103,0.07575757575757576,0.8257575757575758,0.0,0.09848484848484848
104,0.38095238095238093,0.5,0.11904761904761904,0.0
105,0.7,0.08,0.0,0.22
106,0.0,0.4,0.6,0.0
107,0.2755905511811024,0.33070866141732286,0.0,0.3937007874015748
108,0.0,0.10185185185185185,0.7314814814814815,0.16666666666666666
109,0.09067357512953368,0.8031088082901554,0.0,0.10621761658031088
110,0.008547008547008548,0.0,0.045584045584045586,0.9458689458689459
111,0.0,0.3333333333333333,0.6666666666666666,0.0
112,0.6666666666666666,0.3333333333333333,0.0,0.0
113,0.25,0.25,0.0,0.5
114,0.0,0.44021739130434784,0.4891304347826087,0.07065217391304347
115,0.16666666666666666,0.3333333333333333,0.5,0.0
116,0.10869565217391304,0.0,0.043478260869565216,0.8478260869565217
117,0.625,0.0,0.25,0.125
118,0.4,0.2,0.0,0.4
119,0.27631578947368424,0.25,0.47368421052631576,0.0
120,0.75,0.0,0.0,0.25
121,0.0,0.3076923076923077,0.38461538461538464,0.3076923076923077
122,0.578125,0.3125,0.0,0.109375
123,0.043478260869565216,0.0,0.17391304347826086,0.782608695652174
124,1.0,0.0,0.0,0.0
125,0.14285714285714285,0.0,0.23809523809523808,0.6190476190476191
126,0.5454545454545454,0.0,0.2727272727272727,0.18181818181818182
127,0.047619047619047616,0.0,0.9523809523809523,0.0
128,0.0,0.6604651162790698,0.2372093023255814,0.10232558139534884
129,0.3333333333333333,0.0,0.0,0.6666666666666666
130,0.5454545454545454,0.09090909090909091,0.0,0.36363636363636365
131,0.3706896551724138,0.25862068965517243,0.0,0.3706896551724138
132,0.0,0.4153846153846154,0.5846153846153846,0.0
133,0.0,0.10810810810810811,0.8243243243243243,0.06756756756756757
134,0.5,0.5,0.0,0.0
135,0.5362318840579711,0.3188405797101449,0.0,0.14492753623188406
136,0.05555555555555555,0.0,0.5,0.4444444444444444
137,0.5,0.0,0.0,0.5
138,0.8181818181818182,0.0,0.09090909090909091,0.09090909090909091
139,0.0058823529411764705,0.9764705882352941,0.01764705882352941,0.0
140,0.7857142857142857,0.04081632653061224,0.0,0.17346938775510204
141,0.06666666666666667,0.8333333333333334,0.0,0.1
142,0.0,0.25,0.75,0.0
143,0.9534883720930233,0.023255813953488372,0.0,0.023255813953488372
144,0.0,0.5,0.5,0.0
145,0.2,0.0,0.0,0.8
146,0.1111111111111111,0.5555555555555556,0.0,0.3333333333333333
147,0.2903225806451613,0.0,0.7096774193548387,0.0
148,0.0,0.3333333333333333,0.6666666666666666,0.0
149,0.10679611650485436,0.49514563106796117,0.39805825242718446,0.0
150,0.574468085106383,0.0425531914893617,0.0,0.3829787234042553
151,0.047058823529411764,0.0,0.7764705882352941,0.17647058823529413
152,0.0,0.21481481481481482,0.562962962962963,0.2222222222222222
153,0.2638888888888889,0.0,0.13425925925925927,0.6018518518518519
154,0.0,0.21951219512195122,0.24390243902439024,0.5365853658536586
155,0.16666666666666666,0.0,0.32222222222222224,0.5111111111111111
156,0.0,0.2803030303030303,0.6515151515151515,0.06818181818181818
157,0.011494252873563218,0.41379310344827586,0.5747126436781609,0.0
158,0.13978494623655913,0.5483870967741935,0.3118279569892473,0.0
159,0.45,0.2,0.35,0.0
160,0.40397350993377484,0.543046357615894,0.052980132450331126,0.0
161,0.16129032258064516,0.6344086021505376,0.20430107526881722,0.0
162,0.09424083769633508,0.6178010471204188,0.2879581151832461,0.0
163,0.05128205128205128,0.0,0.6923076923076923,0.2564102564102564
164,0.3652173913043478,0.5826086956521739,0.0,0.05217391304347826
165,0.0,0.17307692307692307,0.6634615384615384,0.16346153846153846
166,0.0,0.29055690072639223,0.5230024213075061,0.1864406779661017
167,0.15833333333333333,0.5916666666666667,0.25,0.0
168,0.5230769230769231,0.27692307692307694,0.0,0.2
169,0.0,0.0425531914893617,0.8723404255319149,0.0851063829787234
170,0.4634146341463415,0.0,0.0975609756097561,0.43902439024390244
171,0.5211267605633803,0.45774647887323944,0.0,0.02112676056338028
172,0.0,0.354978354978355,0.4675324675324675,0.1774891774891775
173,0.0,0.27228915662650605,0.655421686746988,0.07228915662650602
174,0.0,0.15813953488372093,0.772093023255814,0.06976744186046512
175,0.0,0.5220338983050847,0.3694915254237288,0.10847457627118644
176,0.0,0.09686609686609686,0.7578347578347578,0.1452991452991453
177,0.1540880503144654,0.06918238993710692,0.7767295597484277,0.0
178,0.18272425249169436,0.0,0.016611295681063124,0.8006644518272426
179,0.033766233766233764,0.0,0.2597402597402597,0.7064935064935065
180,0.03333333333333333,0.5333333333333333,0.43333333333333335,0.0
181,0.0,0.07920792079207921,0.36633663366336633,0.5544554455445545
182,0.026845637583892617,0.0,0.026845637583892617,0.9463087248322147
183,0.0,0.3974358974358974,0.34615384615384615,0.2564102564102564
184,0.7061688311688312,0.18344155844155843,0.0,0.11038961038961038
185,0.13665594855305466,0.0,0.20096463022508038,0.662379421221865
186,0.0,0.5077160493827161,0.4027777777777778,0.08950617283950617
187,0.4642857142857143,0.0,0.39285714285714285,0.14285714285714285
188,0.0,0.2364217252396166,0.48881789137380194,0.2747603833865815
189,0.1651376146788991,0.44954128440366975,0.3853211009174312,0.0
190,0.2727272727272727,0.0,0.05194805194805195,0.6753246753246753
191,0.07692307692307693,0.37362637362637363,0.5494505494505495,0.0
192,0.17307692307692307,0.0,0.38461538461538464,0.4423076923076923
193,0.23529411764705882,0.19607843137254902,0.5686274509803921,0.0
194,0.5714285714285714,0.13392857142857142,0.0,0.29464285714285715
195,0.0,0.48659003831417624,0.5057471264367817,0.007662835249042145
196,0.0,0.06719367588932806,0.883399209486166,0.04940711462450593
197,0.392,0.552,0.0,0.056
198,0.0,0.21212121212121213,0.6909090909090909,0.09696969696969697
199,0.5098039215686274,0.47593582887700536,0.0,0.0142602495543672
200,0.18359375,0.0,0.28125,0.53515625
201,0.0,0.9659090909090909,0.0,0.03409090909090909
202,0.5769230769230769,0.11538461538461539,0.0,0.3076923076923077
203,0.9365079365079365,0.024531024531024532,0.0,0.03896103896103896
204,0.23529411764705882,0.0,0.7,0.06470588235294118
205,0.2916666666666667,0.08333333333333333,0.625,0.0
206,0.4666666666666667,0.0,0.32,0.21333333333333335
207,0.0,0.08139534883720931,0.31976744186046513,0.5988372093023255
208,0.14666666666666667,0.0,0.3466666666666667,0.5066666666666667
209,0.2857142857142857,0.0,0.05357142857142857,0.6607142857142857
210,0.0,0.3605769230769231,0.625,0.014423076923076924
211,0.2727272727272727,0.20454545454545456,0.5227272727272727,0.0
212,0.075,0.0,0.15,0.775
213,0.25,0.22727272727272727,0.5227272727272727,0.0
214,0.24,0.0,0.1,0.66
215,0.2894736842105263,0.0,0.29605263157894735,0.4144736842105263
216,0.0,0.4027777777777778,0.4861111111111111,0.1111111111111111
217,0.0,0.1348973607038123,0.7595307917888563,0.10557184750733138
218,0.8055555555555556,0.12037037037037036,0.0,0.07407407407407407
219,0.48148148148148145,0.2222222222222222,0.0,0.2962962962962963
220,0.0,0.5294117647058824,0.3137254901960784,0.1568627450980392
221,0.37254901960784315,0.0,0.0784313725490196,0.5490196078431373
222,0.0,0.12315270935960591,0.6206896551724138,0.2561576354679803
223,0.16304347826086957,0.0,0.20108695652173914,0.6358695652173914
224,0.055793991416309016,0.0,0.6180257510729614,0.3261802575107296
225,0.3333333333333333,0.0784313725490196,0.5882352941176471,0.0
226,0.425,0.0,0.075,0.5
227,0.1901840490797546,0.0,0.49079754601226994,0.31901840490797545
228,0.0,0.3037974683544304,0.6962025316455697,0.0
229,0.0,0.2765151515151515,0.6098484848484849,0.11363636363636363
230,0.0,0.16822429906542055,0.7710280373831776,0.06074766355140187
231,0.0,0.09836065573770492,0.8743169398907104,0.0273224043715847
232,0.8082191780821918,0.1643835616438356,0.0,0.0273972602739726
233,0.06031746031746032,0.0,0.08253968253968254,0.8571428571428571
234,0.3333333333333333,0.0,0.6,0.06666666666666667
235,0.0,0.0851063829787234,0.3617021276595745,0.5531914893617021
236,0.40336134453781514,0.35294117647058826,0.0,0.24369747899159663
237,0.46153846153846156,0.15384615384615385,0.0,0.38461538461538464
238,0.03571428571428571,0.9285714285714286,0.03571428571428571,0.0
239,0.6528301886792452,0.23773584905660378,0.0,0.10943396226415095
240,0.4330357142857143,0.1875,0.0,0.3794642857142857
241,0.125,0.375,0.5,0.0
242,0.41509433962264153,0.0,0.09433962264150944,0.49056603773584906
243,0.2647058823529412,0.0,0.14705882352941177,0.5882352941176471
244,0.0625,0.125,0.8125,0.0
245,0.17366946778711484,0.49859943977591037,0.3277310924369748,0.0
246,0.0,0.04861111111111111,0.3680555555555556,0.5833333333333334
247,0.21634615384615385,0.0,0.17548076923076922,0.6081730769230769
248,0.1946564885496183,0.0,0.4732824427480916,0.3320610687022901
249,0.0,0.4215686274509804,0.238562091503268,0.33986928104575165
250,0.08695652173913043,0.34782608695652173,0.5652173913043478,0.0
251,0.1282051282051282,0.5897435897435898,0.0,0.28205128205128205
252,0.0,0.12626262626262627,0.702020202020202,0.1717171717171717
253,0.1927710843373494,0.0,0.4819277108433735,0.3253012048192771
254,0.12727272727272726,0.0,0.13636363636363635,0.7363636363636363
255,0.0,0.1506276150627615,0.8075313807531381,0.04184100418410042
256,0.0,0.19607843137254902,0.7549019607843137,0.049019607843137254
257,0.5096153846153846,0.0,0.49038461538461536,0.0
258,0.0,0.11231101511879049,0.652267818574514,0.23542116630669546
259,0.09375,0.59375,0.3125,0.0
260,0.75,0.075,0.0,0.175
261,0.7246376811594203,0.08695652173913043,0.0,0.18840579710144928
262,0.0,0.16666666666666666,0.74,0.09333333333333334
263,0.2037037037037037,0.0,0.4537037037037037,0.3425925925925926
264,0.4634146341463415,0.0,0.14634146341463414,0.3902439024390244
265,0.5185185185185185,0.0,0.07407407407407407,0.4074074074074074
266,0.3699421965317919,0.24855491329479767,0.3815028901734104,0.0
267,0.2549019607843137,0.611764705882353,0.0,0.13333333333333333
268,0.22180451127819548,0.575187969924812,0.20300751879699247,0.0
269,0.4712230215827338,0.3345323741007194,0.0,0.19424460431654678
270,0.25,0.5,0.0,0.25
271,0.0,0.0,0.5,0.5
272,0.1746031746031746,0.0,0.09523809523809523,0.7301587301587301
273,0.0,0.06818181818181818,0.5227272727272727,0.4090909090909091
274,0.3888888888888889,0.0,0.5,0.1111111111111111
275,0.0,0.302158273381295,0.5035971223021583,0.19424460431654678
276,0.125,0.0,0.0,0.875
277,0.01935483870967742,0.0,0.9698924731182795,0.010752688172043012
278,0.3333333333333333,0.0,0.5128205128205128,0.15384615384615385
279,0.0,0.0,0.125,0.875
280,0.5641025641025641,0.0,0.15384615384615385,0.28205128205128205
281,0.0,0.22959183673469388,0.2653061224489796,0.5051020408163265
282,0.08333333333333333,0.16666666666666666,0.75,0.0
283,0.0,0.2,0.2,0.6
284,0.01327433628318584,0.8805309734513275,0.10619469026548672,0.0
285,0.0625,0.15625,0.78125,0.0
286,0.0,0.028419182948490232,0.012433392539964476,0.9591474245115453
287,0.022026431718061675,0.0,0.00881057268722467,0.9691629955947136
288,0.06779661016949153,0.13559322033898305,0.7966101694915254,0.0
289,0.2857142857142857,0.21428571428571427,0.0,0.5
290,0.0,0.803030303030303,0.19696969696969696,0.0
291,0.543859649122807,0.017543859649122806,0.0,0.43859649122807015
292,0.17482517482517482,0.0,0.1048951048951049,0.7202797202797203
293,0.0,0.2757352941176471,0.4963235294117647,0.22794117647058823
294,0.25,0.0,0.10416666666666667,0.6458333333333334
295,0.4166666666666667,0.25,0.0,0.3333333333333333
296,0.3684210526315789,0.3444976076555024,0.0,0.28708133971291866
297,0.0,0.17647058823529413,0.6862745098039216,0.13725490196078433
298,0.35294117647058826,0.5294117647058824,0.11764705882352941,0.0
299,0.0,0.07446808510638298,0.40425531914893614,0.5212765957446809
300,0.7083333333333334,0.0,0.2916666666666667,0.0
301,0.42857142857142855,0.21428571428571427,0.0,0.35714285714285715
302,0.3333333333333333,0.0,0.6666666666666666,0.0
303,,,,
304,,,,
305,1.0,0.0,0.0,0.0
306,,,,
307,,,,
308,,,,
309,,,,
310,,,,
311,,,,
312,,,,
313,,,,
314,,,,
315,,,,
316,,,,
317,,,,
318,,,,
319,,,,
320,,,,
