,A,C,G,T
0,,,,
1,,,,
2,0.7619047619047619,0.19047619047619047,0.0,0.047619047619047616
3,0.8222222222222222,0.044444444444444446,0.0,0.13333333333333333
4,0.2909090909090909,0.5636363636363636,0.14545454545454545,0.0
5,0.3285198555956679,0.0,0.01444043321299639,0.6570397111913358
6,0.3333333333333333,0.0,0.2222222222222222,0.4444444444444444
7,0.0,0.0975609756097561,0.5121951219512195,0.3902439024390244
8,0.6156583629893239,0.3274021352313167,0.0,0.05693950177935943
9,0.01935483870967742,0.0,0.13548387096774195,0.8451612903225807
10,1.0,0.0,0.0,0.0
11,0.26666666666666666,0.12,0.0,0.6133333333333333
12,0.40384615384615385,0.4423076923076923,0.0,0.15384615384615385
13,0.5333333333333333,0.36666666666666664,0.1,0.0
14,0.7323943661971831,0.16901408450704225,0.0,0.09859154929577464
15,0.3333333333333333,0.0,0.3333333333333333,0.3333333333333333
16,0.0,0.4,0.4,0.2
17,0.9014084507042254,0.056338028169014086,0.0,0.04225352112676056
18,0.0,0.2222222222222222,0.7777777777777778,0.0
19,,,,
20,0.19444444444444445,0.3888888888888889,0.4166666666666667,0.0
21,0.6666666666666666,0.16666666666666666,0.0,0.16666666666666666
22,0.5333333333333333,0.2,0.0,0.26666666666666666
23,0.951048951048951,0.027972027972027972,0.0,0.02097902097902098
24,0.4260869565217391,0.391304347826087,0.0,0.1826086956521739
25,0.6041666666666666,0.0,0.20833333333333334,0.1875
26,0.18867924528301888,0.5283018867924528,0.2830188679245283,0.0
27,0.14285714285714285,0.42857142857142855,0.0,0.42857142857142855
28,0.0,0.5652173913043478,0.21739130434782608,0.21739130434782608
29,0.7637795275590551,0.2047244094488189,0.0,0.031496062992125984
30,0.2727272727272727,0.45454545454545453,0.0,0.2727272727272727
31,0.3333333333333333,0.25,0.4166666666666667,0.0
32,0.42857142857142855,0.19047619047619047,0.0,0.38095238095238093
33,0.0,0.875,0.125,0.0
34,0.0,0.125,0.8181818181818182,0.056818181818181816
35,0.8181818181818182,0.09090909090909091,0.0,0.09090909090909091
36,0.0,0.22666666666666666,0.7733333333333333,0.0
37,0.0,0.3625,0.5375,0.1
38,0.6274509803921569,0.19607843137254902,0.0,0.17647058823529413
39,0.2857142857142857,0.0,0.2857142857142857,0.42857142857142855
40,0.6,0.0,0.2,0.2
41,0.06976744186046512,0.23255813953488372,0.6976744186046512,0.0
42,0.5714285714285714,0.2857142857142857,0.0,0.14285714285714285
43,0.5714285714285714,0.42857142857142855,0.0,0.0
44,0.45,0.4,0.0,0.15
45,0.013824884792626729,0.009216589861751152,0.9769585253456221,0.0
46,0.45454545454545453,0.0,0.18181818181818182,0.36363636363636365
47,0.11607142857142858,0.0,0.49107142857142855,0.39285714285714285
48,0.14285714285714285,0.35714285714285715,0.5,0.0
49,0.5,0.0,0.16666666666666666,0.3333333333333333
50,,,,
51,0.2987012987012987,0.6493506493506493,0.0,0.05194805194805195
52,0.16666666666666666,0.3333333333333333,0.5,0.0
53,0.5769230769230769,0.07692307692307693,0.0,0.34615384615384615
54,0.0,0.42105263157894735,0.5263157894736842,0.05263157894736842
55,0.0,0.26356589147286824,0.6744186046511628,0.06201550387596899
56,0.8229166666666666,0.15625,0.0,0.020833333333333332
57,0.5747126436781609,0.39080459770114945,0.0,0.034482758620689655
58,0.4,0.6,0.0,0.0
59,0.0821917808219178,0.0,0.1917808219178082,0.726027397260274
60,0.1,0.16666666666666666,0.7333333333333333,0.0
61,1.0,0.0,0.0,0.0
62,0.3953488372093023,0.0,0.32558139534883723,0.27906976744186046
63,0.16666666666666666,0.16666666666666666,0.6666666666666666,0.0
64,0.25,0.0,0.0,0.75
65,0.010416666666666666,0.0,0.0,0.9895833333333334
66,0.0,0.3902439024390244,0.47560975609756095,0.13414634146341464
67,0.0,0.43333333333333335,0.5333333333333333,0.03333333333333333
68,0.6363636363636364,0.09090909090909091,0.0,0.2727272727272727
69,0.6305732484076433,0.1592356687898089,0.0,0.21019108280254778
70,0.1320754716981132,0.0,0.09433962264150944,0.7735849056603774
71,0.04712041884816754,0.9214659685863874,0.031413612565445025,0.0
72,0.16393442622950818,0.45901639344262296,0.3770491803278688,0.0
73,0.2,0.0,0.06666666666666667,0.7333333333333333
74,0.08695652173913043,0.8115942028985508,0.10144927536231885,0.0
75,0.9142857142857143,0.0,0.0,0.08571428571428572
76,0.6,0.15,0.0,0.25
77,0.0,0.16058394160583941,0.18248175182481752,0.656934306569343
78,0.0736196319018405,0.0736196319018405,0.0,0.852760736196319
79,0.8230337078651685,0.025280898876404494,0.0,0.15168539325842698
80,0.15625,0.0,0.46875,0.375
81,0.0,0.21875,0.175,0.60625
82,0.1978021978021978,0.0,0.4340659340659341,0.36813186813186816
83,0.31958762886597936,0.0,0.13402061855670103,0.5463917525773195
84,0.2543859649122807,0.631578947368421,0.11403508771929824,0.0
85,0.23076923076923078,0.7692307692307693,0.0,0.0
86,0.15671641791044777,0.0,0.029850746268656716,0.8134328358208955
87,0.0,0.23931623931623933,0.6581196581196581,0.10256410256410256
88,0.4588235294117647,0.44941176470588234,0.0,0.09176470588235294
89,0.22943722943722944,0.0,0.31601731601731603,0.45454545454545453
90,0.0,0.08496732026143791,0.7450980392156863,0.16993464052287582
91,0.6167763157894737,0.34210526315789475,0.0,0.04111842105263158
92,0.17941176470588235,0.0,0.10294117647058823,0.7176470588235294
93,0.18536585365853658,0.36585365853658536,0.44878048780487806,0.0
94,0.0,0.4635036496350365,0.0364963503649635,0.5
95,0.2,0.7727272727272727,0.02727272727272727,0.0
96,0.3147208121827411,0.30456852791878175,0.0,0.38071065989847713
97,0.06265664160401002,0.0,0.5137844611528822,0.42355889724310775
98,0.4896265560165975,0.3817427385892116,0.12863070539419086,0.0
99,0.0,0.1640625,0.3229166666666667,0.5130208333333334
100,0.15384615384615385,0.46153846153846156,0.38461538461538464,0.0
101,0.13559322033898305,0.0,0.1440677966101695,0.7203389830508474
102,0.0,0.24074074074074073,0.6388888888888888,0.12037037037037036
103,0.5452586206896551,0.40301724137931033,0.0,0.05172413793103448
104,0.014925373134328358,0.0,0.05472636815920398,0.9303482587064676
105,0.0,0.3333333333333333,0.6666666666666666,0.0
106,,,,
107,0.0,0.375,0.0,0.625
108,0.22413793103448276,0.603448275862069,0.0,0.1724137931034483
109,0.043478260869565216,0.30434782608695654,0.6521739130434783,0.0
110,0.1896551724137931,0.1206896551724138,0.0,0.6896551724137931
111,0.5555555555555556,0.0,0.1111111111111111,0.3333333333333333
112,0.5,0.5,0.0,0.0
113,0.0,0.4551282051282051,0.4807692307692308,0.0641025641025641
114,0.0,0.0,0.0,1.0
115,0.0,0.14634146341463414,0.14634146341463414,0.7073170731707317
116,0.2727272727272727,0.18181818181818182,0.0,0.5454545454545454
117,1.0,0.0,0.0,0.0
118,0.01694915254237288,0.0,0.0847457627118644,0.8983050847457628
119,0.2608695652173913,0.0,0.13043478260869565,0.6086956521739131
120,0.4444444444444444,0.0,0.4444444444444444,0.1111111111111111
121,0.4444444444444444,0.0,0.4444444444444444,0.1111111111111111
122,0.22727272727272727,0.3787878787878788,0.3939393939393939,0.0
123,0.6666666666666666,0.0,0.0,0.3333333333333333
124,0.0,0.75,0.0,0.25
125,0.0,0.22950819672131148,0.5245901639344263,0.2459016393442623
126,0.7,0.0,0.26666666666666666,0.03333333333333333
127,0.0,0.05405405405405406,0.7567567567567568,0.1891891891891892
128,0.0,0.11290322580645161,0.75,0.13709677419354838
129,0.75,0.2,0.0,0.05
130,0.5,0.35714285714285715,0.0,0.14285714285714285
131,0.43543543543543545,0.5045045045045045,0.0,0.06006006006006006
132,0.07692307692307693,0.0,0.0,0.9230769230769231
133,0.0,0.9574468085106383,0.0425531914893617,0.0
134,0.06451612903225806,0.3870967741935484,0.5483870967741935,0.0
135,0.15789473684210525,0.7368421052631579,0.0,0.10526315789473684
136,0.0,0.4,0.5,0.1
137,0.6964285714285714,0.2857142857142857,0.0,0.017857142857142856
138,0.2,0.0,0.8,0.0
139,0.8,0.0,0.0,0.2
140,0.14285714285714285,0.7142857142857143,0.0,0.14285714285714285
141,0.0,0.30128205128205127,0.38461538461538464,0.3141025641025641
142,0.25,0.0,0.75,0.0
143,0.4642857142857143,0.17857142857142858,0.0,0.35714285714285715
144,0.6666666666666666,0.0,0.0,0.3333333333333333
145,0.06060606060606061,0.8787878787878788,0.0,0.06060606060606061
146,0.0,0.2,0.7333333333333333,0.06666666666666667
147,0.9386331938633193,0.03765690376569038,0.0,0.023709902370990237
148,0.3706896551724138,0.3879310344827586,0.0,0.2413793103448276
149,0.4375,0.4659090909090909,0.0,0.09659090909090909
150,0.0,0.23333333333333334,0.40555555555555556,0.3611111111111111
151,0.29850746268656714,0.3582089552238806,0.34328358208955223,0.0
152,0.30303030303030304,0.0,0.2727272727272727,0.42424242424242425
153,0.0,0.38405797101449274,0.5579710144927537,0.057971014492753624
154,0.07878787878787878,0.6787878787878788,0.24242424242424243,0.0
155,0.19047619047619047,0.0,0.23809523809523808,0.5714285714285714
156,0.38235294117647056,0.0,0.4117647058823529,0.20588235294117646
157,0.1875,0.0,0.28125,0.53125
158,0.2647058823529412,0.5176470588235295,0.21764705882352942,0.0
159,0.0,0.31690140845070425,0.5211267605633803,0.1619718309859155
160,0.2751677852348993,0.3087248322147651,0.4161073825503356,0.0
161,0.15609756097560976,0.0,0.5634146341463414,0.2804878048780488
162,0.24615384615384617,0.5230769230769231,0.23076923076923078,0.0
163,0.6127167630057804,0.31213872832369943,0.07514450867052024,0.0
164,0.14705882352941177,0.47794117647058826,0.375,0.0
165,0.5240963855421686,0.40963855421686746,0.0,0.06626506024096386
166,0.7393767705382436,0.18696883852691218,0.0,0.07365439093484419
167,0.42596810933940776,0.3143507972665148,0.25968109339407747,0.0
168,0.0,0.19771863117870722,0.4752851711026616,0.3269961977186312
169,0.25892857142857145,0.0,0.25892857142857145,0.48214285714285715
170,0.0,0.2857142857142857,0.44285714285714284,0.2714285714285714
171,0.5747899159663865,0.3058823529411765,0.0,0.11932773109243698
172,0.25,0.0,0.22549019607843138,0.5245098039215687
173,0.0,0.16923076923076924,0.4,0.4307692307692308
174,0.0,0.18681318681318682,0.5897435897435898,0.22344322344322345
175,0.0,0.39325842696629215,0.4157303370786517,0.19101123595505617
176,0.12266666666666666,0.0,0.25333333333333335,0.624
177,0.46078431372549017,0.3137254901960784,0.22549019607843138,0.0
178,0.0,0.34782608695652173,0.028985507246376812,0.6231884057971014
179,0.056818181818181816,0.0,0.045454545454545456,0.8977272727272727
180,0.626984126984127,0.11904761904761904,0.0,0.25396825396825395
181,0.38596491228070173,0.0,0.5614035087719298,0.05263157894736842
182,0.0,0.475,0.275,0.25
183,0.16666666666666666,0.0,0.8055555555555556,0.027777777777777776
184,0.0,0.6122448979591837,0.3163265306122449,0.07142857142857142
185,0.6145833333333334,0.2708333333333333,0.0,0.11458333333333333
186,0.0,0.3472222222222222,0.625,0.027777777777777776
187,0.0,0.24175824175824176,0.7197802197802198,0.038461538461538464
188,0.4340277777777778,0.3576388888888889,0.0,0.20833333333333334
189,0.09433962264150944,0.41509433962264153,0.49056603773584906,0.0
190,0.10714285714285714,0.07142857142857142,0.8214285714285714,0.0
191,0.06719367588932806,0.0,0.15019762845849802,0.782608695652174
192,0.36619718309859156,0.0,0.5915492957746479,0.04225352112676056
193,0.0,0.09230769230769231,0.7230769230769231,0.18461538461538463
194,0.5822784810126582,0.35443037974683544,0.0,0.06329113924050633
195,0.3333333333333333,0.25925925925925924,0.0,0.4074074074074074
196,0.8979591836734694,0.0663265306122449,0.0,0.03571428571428571
197,0.30357142857142855,0.0,0.42857142857142855,0.26785714285714285
198,0.0,0.7105263157894737,0.23684210526315788,0.05263157894736842
199,0.5263157894736842,0.42105263157894735,0.0,0.05263157894736842
200,0.0,0.16129032258064516,0.8064516129032258,0.03225806451612903
201,0.36318407960199006,0.572139303482587,0.0,0.06467661691542288
202,0.05,0.425,0.525,0.0
203,0.55,0.0,0.16666666666666666,0.2833333333333333
204,0.0,0.12903225806451613,0.2903225806451613,0.5806451612903226
205,0.5384615384615384,0.0,0.27692307692307694,0.18461538461538463
206,0.4481865284974093,0.4378238341968912,0.0,0.11398963730569948
207,0.0,0.42748091603053434,0.26717557251908397,0.3053435114503817
208,0.0,0.1,0.9,0.0
209,0.3344262295081967,0.46885245901639344,0.19672131147540983,0.0
210,0.0,0.07407407407407407,0.37962962962962965,0.5462962962962963
211,0.145985401459854,0.0,0.44525547445255476,0.40875912408759124
212,0.09090909090909091,0.0,0.18181818181818182,0.7272727272727273
213,0.725,0.175,0.0,0.1
214,0.09803921568627451,0.0,0.0392156862745098,0.8627450980392157
215,0.37037037037037035,0.25925925925925924,0.0,0.37037037037037035
216,0.4375,0.1875,0.0,0.375
217,0.0,0.22641509433962265,0.20754716981132076,0.5660377358490566
218,0.2857142857142857,0.0,0.6666666666666666,0.047619047619047616
219,0.946376811594203,0.0391304347826087,0.0,0.014492753623188406
220,0.0,0.4725274725274725,0.37362637362637363,0.15384615384615385
221,0.0,0.2604166666666667,0.6527777777777778,0.08680555555555555
222,0.2857142857142857,0.2727272727272727,0.44155844155844154,0.0
223,0.5769230769230769,0.0,0.08653846153846154,0.33653846153846156
224,0.13846153846153847,0.0,0.29743589743589743,0.5641025641025641
225,0.0,0.11009174311926606,0.3944954128440367,0.4954128440366973
226,0.11320754716981132,0.0,0.1509433962264151,0.7358490566037735
227,0.5585585585585585,0.3153153153153153,0.0,0.12612612612612611
228,0.0,0.3391304347826087,0.5217391304347826,0.1391304347826087
229,0.5183374083129584,0.46943765281173594,0.0,0.012224938875305624
230,0.18018018018018017,0.0,0.26126126126126126,0.5585585585585585
231,0.0,0.12,0.32,0.56
232,0.04878048780487805,0.0,0.04878048780487805,0.9024390243902439
233,0.0,0.23809523809523808,0.46938775510204084,0.2925170068027211
234,0.6555555555555556,0.03333333333333333,0.0,0.3111111111111111
235,0.005847953216374269,0.0,0.08771929824561403,0.9064327485380117
236,0.17647058823529413,0.0,0.42857142857142855,0.3949579831932773
237,0.0967741935483871,0.5483870967741935,0.3548387096774194,0.0
238,0.0,0.19672131147540983,0.0,0.8032786885245902
239,0.024193548387096774,0.0,0.03225806451612903,0.9435483870967742
240,0.0,0.37755102040816324,0.07142857142857142,0.5510204081632653
241,0.2857142857142857,0.0,0.7142857142857143,0.0
242,0.7692307692307693,0.15384615384615385,0.0,0.07692307692307693
243,0.17647058823529413,0.5882352941176471,0.0,0.23529411764705882
244,0.0,0.3181818181818182,0.5227272727272727,0.1590909090909091
245,0.6945244956772334,0.2680115273775216,0.0,0.037463976945244955
246,0.17905405405405406,0.0,0.16216216216216217,0.6587837837837838
247,0.1111111111111111,0.0,0.8888888888888888,0.0
248,0.3269230769230769,0.4230769230769231,0.0,0.25
249,0.0,0.5588235294117647,0.3431372549019608,0.09803921568627451
250,0.5193798449612403,0.40310077519379844,0.0,0.07751937984496124
251,0.3826530612244898,0.0,0.23979591836734693,0.37755102040816324
252,0.0,0.1347517730496454,0.8297872340425532,0.03546099290780142
253,0.7014925373134329,0.26865671641791045,0.0,0.029850746268656716
254,0.07352941176470588,0.0,0.23529411764705882,0.6911764705882353
255,0.10526315789473684,0.0,0.34210526315789475,0.5526315789473685
256,0.1,0.3,0.6,0.0
257,0.4342105263157895,0.4605263157894737,0.0,0.10526315789473684
258,0.0,0.7391304347826086,0.23478260869565218,0.02608695652173913
259,0.2507204610951009,0.7204610951008645,0.0,0.02881844380403458
260,0.0,0.29411764705882354,0.43137254901960786,0.27450980392156865
261,0.3137254901960784,0.4803921568627451,0.20588235294117646,0.0
262,0.2459016393442623,0.0,0.040983606557377046,0.7131147540983607
263,0.3614457831325301,0.3493975903614458,0.2891566265060241,0.0
264,0.12,0.84,0.0,0.04
265,0.0,0.6415094339622641,0.33962264150943394,0.018867924528301886
266,0.4289405684754522,0.5271317829457365,0.0,0.04392764857881137
267,0.16666666666666666,0.0,0.0,0.8333333333333334
268,0.0,0.6,0.2,0.2
269,0.42857142857142855,0.0,0.047619047619047616,0.5238095238095238
270,0.0,0.06,0.36,0.58
271,0.16666666666666666,0.0,0.16666666666666666,0.6666666666666666
272,0.23076923076923078,0.2692307692307692,0.0,0.5
273,0.4,0.0,0.0,0.6
274,0.15789473684210525,0.0,0.7368421052631579,0.10526315789473684
275,0.7272727272727273,0.0,0.09090909090909091,0.18181818181818182
276,0.7337883959044369,0.19112627986348124,0.0,0.07508532423208192
277,0.21621621621621623,0.6486486486486487,0.13513513513513514,0.0
278,0.29577464788732394,0.4538341158059468,0.0,0.25039123630672927
279,0.2,0.6,0.2,0.0
280,0.0,0.0,0.0,1.0
281,0.0,0.9647058823529412,0.03529411764705882,0.0
282,0.0,0.6,0.4,0.0
283,0.0,0.00510204081632653,0.0,0.9948979591836735
284,0.0,0.0,0.009345794392523364,0.9906542056074766
285,0.07692307692307693,0.15384615384615385,0.7692307692307693,0.0
286,0.0,0.14285714285714285,0.0,0.8571428571428571
287,0.0,0.7708333333333334,0.22916666666666666,0.0
288,0.711864406779661,0.01694915254237288,0.0,0.2711864406779661
289,0.02127659574468085,0.0,0.3404255319148936,0.6382978723404256
290,0.328125,0.578125,0.0,0.09375
291,0.0,0.5949367088607594,0.4050632911392405,0.0
292,0.4406779661016949,0.3898305084745763,0.0,0.1694915254237288
293,0.0,0.11428571428571428,0.7428571428571429,0.14285714285714285
294,0.625,0.25,0.0,0.125
295,0.0,0.46153846153846156,0.5384615384615384,0.0
296,0.16666666666666666,0.8333333333333334,0.0,0.0
297,0.125,0.0,0.375,0.5
298,0.1,0.5,0.4,0.0
299,,,,
300,0.5,0.5,0.0,0.0
301,,,,
302,0.0,0.0,0.0,1.0
303,,,,
304,,,,
305,,,,
306,,,,
307,,,,
308,,,,
309,,,,
310,,,,
311,,,,
312,,,,
313,,,,
314,,,,
315,,,,
