,A,C,G,T
0,,,,
1,,,,
2,0.5186915887850467,0.4392523364485981,0.0,0.04205607476635514
3,0.5441176470588235,0.20588235294117646,0.0,0.25
4,0.5546875,0.296875,0.1484375,0.0
5,0.559322033898305,0.1016949152542373,0.0,0.3389830508474576
6,0.3508771929824561,0.0,0.5175438596491229,0.13157894736842105
7,0.0,0.08837209302325581,0.586046511627907,0.32558139534883723
8,0.7232876712328767,0.20136986301369864,0.0,0.07534246575342465
9,0.1009009009009009,0.0,0.3747747747747748,0.5243243243243243
10,0.15789473684210525,0.2631578947368421,0.5789473684210527,0.0
11,0.3076923076923077,0.4153846153846154,0.0,0.27692307692307694
12,0.5977011494252874,0.13793103448275862,0.0,0.26436781609195403
13,0.23008849557522124,0.5929203539823009,0.17699115044247787,0.0
14,0.4155844155844156,0.23376623376623376,0.0,0.35064935064935066
15,0.045454545454545456,0.7386363636363636,0.0,0.2159090909090909
16,0.0,0.704225352112676,0.08450704225352113,0.2112676056338028
17,0.551219512195122,0.23902439024390243,0.0,0.2097560975609756
18,0.30303030303030304,0.15151515151515152,0.5454545454545454,0.0
19,0.3333333333333333,0.0,0.2222222222222222,0.4444444444444444
20,0.125,0.25961538461538464,0.6153846153846154,0.0
21,0.07692307692307693,0.07692307692307693,0.0,0.8461538461538461
22,0.17857142857142858,0.32142857142857145,0.0,0.5
23,0.313953488372093,0.20930232558139536,0.0,0.47674418604651164
24,0.20833333333333334,0.125,0.0,0.6666666666666666
25,0.37142857142857144,0.14285714285714285,0.0,0.4857142857142857
26,0.0,0.2328767123287671,0.6986301369863014,0.0684931506849315
27,0.7226277372262774,0.21897810218978103,0.0,0.058394160583941604
28,0.6350515463917525,0.3030927835051546,0.0,0.061855670103092786
29,0.17777777777777778,0.0,0.42962962962962964,0.3925925925925926
30,0.030042918454935622,0.8497854077253219,0.12017167381974249,0.0
31,0.031578947368421054,0.49473684210526314,0.47368421052631576,0.0
32,0.6685082872928176,0.27071823204419887,0.0,0.06077348066298342
33,0.7302904564315352,0.17427385892116182,0.0,0.0954356846473029
34,0.4583333333333333,0.4642857142857143,0.07738095238095238,0.0
35,0.0,0.21771771771771772,0.5465465465465466,0.23573573573573572
36,0.0,0.0,0.8647342995169082,0.13526570048309178
37,0.0,0.424,0.312,0.264
38,0.6463414634146342,0.23170731707317074,0.0,0.12195121951219512
39,0.3333333333333333,0.0,0.42528735632183906,0.2413793103448276
40,0.5538461538461539,0.0,0.16923076923076924,0.27692307692307694
41,0.0,0.2807017543859649,0.28654970760233917,0.4327485380116959
42,0.125,0.0625,0.0,0.8125
43,0.34146341463414637,0.1951219512195122,0.0,0.4634146341463415
44,0.3674698795180723,0.2710843373493976,0.0,0.3614457831325301
45,0.13541666666666666,0.0,0.6354166666666666,0.22916666666666666
46,0.908256880733945,0.009174311926605505,0.0,0.08256880733944955
47,0.42105263157894735,0.3157894736842105,0.0,0.2631578947368421
48,0.07692307692307693,0.5384615384615384,0.38461538461538464,0.0
49,0.5333333333333333,0.0,0.1,0.36666666666666664
50,0.2556390977443609,0.0,0.15037593984962405,0.5939849624060151
51,0.14102564102564102,0.0,0.28205128205128205,0.5769230769230769
52,0.49122807017543857,0.15789473684210525,0.3508771929824561,0.0
53,0.39655172413793105,0.45977011494252873,0.0,0.14367816091954022
54,0.0,0.7540983606557377,0.19672131147540983,0.04918032786885246
55,0.15568862275449102,0.7245508982035929,0.0,0.11976047904191617
56,0.0,0.51,0.37,0.12
57,0.2923076923076923,0.0,0.6153846153846154,0.09230769230769231
58,0.08333333333333333,0.5166666666666667,0.4,0.0
59,0.14473684210526316,0.0,0.625,0.23026315789473684
60,0.06470588235294118,0.38823529411764707,0.5470588235294118,0.0
61,0.43478260869565216,0.0,0.2391304347826087,0.32608695652173914
62,0.18803418803418803,0.0,0.24358974358974358,0.5683760683760684
63,0.06060606060606061,0.15151515151515152,0.7878787878787878,0.0
64,0.09090909090909091,0.2727272727272727,0.0,0.6363636363636364
65,0.025559105431309903,0.9137380191693291,0.06070287539936102,0.0
66,0.0,0.10233160621761658,0.46113989637305697,0.4365284974093264
67,0.23192019950124687,0.0,0.36658354114713215,0.4014962593516209
68,0.0,0.391025641025641,0.44871794871794873,0.16025641025641027
69,0.8314606741573034,0.06117353308364544,0.0,0.10736579275905118
70,0.026455026455026454,0.0,0.8306878306878307,0.14285714285714285
71,0.059639389736477116,0.8155339805825242,0.12482662968099861,0.0
72,0.3516483516483517,0.2967032967032967,0.3516483516483517,0.0
73,0.4296875,0.0,0.078125,0.4921875
74,0.13804713804713806,0.6060606060606061,0.2558922558922559,0.0
75,0.47368421052631576,0.2982456140350877,0.0,0.22807017543859648
76,0.7277486910994765,0.1518324607329843,0.0,0.12041884816753927
77,0.0,0.27794561933534745,0.5105740181268882,0.21148036253776434
78,0.16901408450704225,0.7323943661971831,0.09859154929577464,0.0
79,0.33962264150943394,0.3584905660377358,0.3018867924528302,0.0
80,0.3114754098360656,0.0,0.13114754098360656,0.5573770491803278
81,0.0,0.4563106796116505,0.32362459546925565,0.22006472491909385
82,0.34496644295302015,0.0,0.3610738255033557,0.29395973154362415
83,0.1710758377425044,0.0,0.42680776014109345,0.4021164021164021
84,0.24096385542168675,0.536144578313253,0.22289156626506024,0.0
85,0.31645569620253167,0.4430379746835443,0.24050632911392406,0.0
86,0.11398963730569948,0.7202072538860104,0.16580310880829016,0.0
87,0.533498759305211,0.4094292803970223,0.0,0.05707196029776675
88,0.3286573146292585,0.5150300601202404,0.0,0.156312625250501
89,0.32697547683923706,0.36239782016348776,0.3106267029972752,0.0
90,0.4873096446700508,0.23857868020304568,0.0,0.27411167512690354
91,0.0,0.46863468634686345,0.2177121771217712,0.31365313653136534
92,0.30518234165067176,0.6449136276391555,0.04990403071017274,0.0
93,0.33455882352941174,0.47794117647058826,0.1875,0.0
94,0.0,0.24782608695652175,0.0891304347826087,0.6630434782608695
95,0.03806228373702422,0.8477508650519031,0.11418685121107267,0.0
96,0.5,0.21197411003236247,0.0,0.28802588996763756
97,0.1466275659824047,0.0,0.6202346041055719,0.23313782991202345
98,0.347068145800317,0.5657686212361331,0.08716323296354993,0.0
99,0.0,0.19286403085824494,0.5274831243972999,0.2796528447444552
100,0.02040816326530612,0.4489795918367347,0.5306122448979592,0.0
101,0.30275229357798167,0.3730886850152905,0.0,0.3241590214067278
102,0.0,0.3118279569892473,0.5698924731182796,0.11827956989247312
103,0.31894934333958724,0.5300187617260788,0.0,0.15103189493433397
104,0.026722925457102673,0.0,0.07735583684950774,0.8959212376933896
105,0.05714285714285714,0.2571428571428571,0.6857142857142857,0.0
106,0.047619047619047616,0.09523809523809523,0.0,0.8571428571428571
107,0.023255813953488372,0.3023255813953488,0.0,0.6744186046511628
108,0.6363636363636364,0.36363636363636365,0.0,0.0
109,0.7232704402515723,0.12578616352201258,0.1509433962264151,0.0
110,0.1574468085106383,0.0,0.05531914893617021,0.7872340425531915
111,0.359375,0.0,0.34375,0.296875
112,0.22580645161290322,0.3225806451612903,0.0,0.45161290322580644
113,0.2857142857142857,0.0,0.24867724867724866,0.4656084656084656
114,0.5370370370370371,0.0,0.2037037037037037,0.25925925925925924
115,0.0,0.24647887323943662,0.528169014084507,0.22535211267605634
116,0.16666666666666666,0.2916666666666667,0.0,0.5416666666666666
117,0.3472222222222222,0.4513888888888889,0.0,0.2013888888888889
118,0.19801980198019803,0.0,0.21782178217821782,0.5841584158415841
119,0.11891891891891893,0.6108108108108108,0.2702702702702703,0.0
120,0.2833333333333333,0.0,0.38333333333333336,0.3333333333333333
121,0.7619047619047619,0.0,0.14285714285714285,0.09523809523809523
122,0.0,0.4514285714285714,0.4514285714285714,0.09714285714285714
123,0.36,0.44,0.0,0.2
124,0.6363636363636364,0.13636363636363635,0.0,0.22727272727272727
125,0.68,0.15428571428571428,0.0,0.1657142857142857
126,0.0,0.3291139240506329,0.6455696202531646,0.02531645569620253
127,0.0,0.14659685863874344,0.6858638743455497,0.16753926701570682
128,0.3157894736842105,0.34210526315789475,0.0,0.34210526315789475
129,0.3333333333333333,0.4074074074074074,0.0,0.25925925925925924
130,0.32786885245901637,0.2786885245901639,0.0,0.39344262295081966
131,0.5773809523809523,0.2777777777777778,0.0,0.14484126984126985
132,0.3543307086614173,0.0,0.3937007874015748,0.25196850393700787
133,0.04522613065326633,0.45226130653266333,0.5025125628140703,0.0
134,0.4198473282442748,0.183206106870229,0.0,0.3969465648854962
135,0.22,0.6,0.0,0.18
136,0.0,0.13559322033898305,0.7853107344632768,0.07909604519774012
137,0.6859504132231405,0.1446280991735537,0.0,0.16942148760330578
138,0.09523809523809523,0.10476190476190476,0.8,0.0
139,0.12837837837837837,0.5472972972972973,0.0,0.32432432432432434
140,0.15,0.5,0.0,0.35
141,0.4742268041237113,0.3015463917525773,0.0,0.22422680412371135
142,0.18333333333333332,0.11666666666666667,0.7,0.0
143,0.0,0.3664670658682635,0.3317365269461078,0.3017964071856287
144,0.8087774294670846,0.012539184952978056,0.0,0.1786833855799373
145,0.05191256830601093,0.8661202185792349,0.0,0.08196721311475409
146,0.15463917525773196,0.6268041237113402,0.21855670103092784,0.0
147,0.09392265193370165,0.6022099447513812,0.30386740331491713,0.0
148,0.4318181818181818,0.35454545454545455,0.21363636363636362,0.0
149,0.32222222222222224,0.0,0.28888888888888886,0.3888888888888889
150,0.0,0.20945945945945946,0.7297297297297297,0.060810810810810814
151,0.1270718232044199,0.27624309392265195,0.5966850828729282,0.0
152,0.17657992565055763,0.6245353159851301,0.19888475836431227,0.0
153,0.0,0.4574898785425101,0.5141700404858299,0.02834008097165992
154,0.7014563106796117,0.2524271844660194,0.0,0.04611650485436893
155,0.0,0.3559322033898305,0.536723163841808,0.10734463276836158
156,0.0,0.1226158038147139,0.8065395095367848,0.07084468664850137
157,0.35838926174496644,0.48322147651006714,0.0,0.15838926174496645
158,0.11047345767575323,0.0,0.31563845050215206,0.5738880918220947
159,0.0,0.3058823529411765,0.6470588235294118,0.047058823529411764
160,0.0,0.30341113105924594,0.5655296229802513,0.1310592459605027
161,0.0,0.26804123711340205,0.5051546391752577,0.2268041237113402
162,0.53486529318542,0.3019017432646593,0.0,0.16323296354992076
163,0.3281990521327014,0.0,0.2938388625592417,0.37796208530805686
164,0.19839679358717435,0.5971943887775552,0.20440881763527055,0.0
165,0.2629815745393635,0.5276381909547738,0.20938023450586266,0.0
166,0.0,0.24458874458874458,0.07142857142857142,0.683982683982684
167,0.16314199395770393,0.5921450151057401,0.24471299093655588,0.0
168,0.6244131455399061,0.28169014084507044,0.0,0.09389671361502347
169,0.5240963855421686,0.4036144578313253,0.0,0.07228915662650602
170,0.3605015673981191,0.30407523510971785,0.335423197492163,0.0
171,0.48214285714285715,0.25892857142857145,0.0,0.25892857142857145
172,0.5960264900662252,0.3483443708609272,0.0,0.05562913907284768
173,0.5288461538461539,0.3076923076923077,0.0,0.16346153846153846
174,0.0,0.11989795918367346,0.7780612244897959,0.10204081632653061
175,0.5876777251184834,0.0,0.22274881516587677,0.1895734597156398
176,0.0,0.27816901408450706,0.3626760563380282,0.3591549295774648
177,0.0,0.26394052044609667,0.6741016109045849,0.061957868649318466
178,0.17703349282296652,0.0,0.3349282296650718,0.4880382775119617
179,0.0,0.15966386554621848,0.6554621848739496,0.18487394957983194
180,0.29238754325259514,0.610726643598616,0.0,0.09688581314878893
181,0.0,0.3719512195121951,0.29878048780487804,0.32926829268292684
182,0.0,0.30992196209587514,0.3734671125975474,0.3166109253065775
183,0.32367149758454106,0.26570048309178745,0.4106280193236715,0.0
184,0.0,0.12861736334405144,0.1157556270096463,0.7556270096463023
185,0.05980861244019139,0.0,0.023923444976076555,0.916267942583732
186,0.0,0.2857142857142857,0.0,0.7142857142857143
187,0.22297297297297297,0.0,0.5608108108108109,0.21621621621621623
188,0.34328358208955223,0.0,0.43283582089552236,0.22388059701492538
189,0.34415584415584416,0.5324675324675324,0.0,0.12337662337662338
190,0.5714285714285714,0.0,0.3,0.12857142857142856
191,0.38414634146341464,0.35365853658536583,0.0,0.2621951219512195
192,0.0873015873015873,0.42063492063492064,0.49206349206349204,0.0
193,0.35526315789473684,0.0,0.18421052631578946,0.4605263157894737
194,0.15555555555555556,0.2777777777777778,0.5666666666666667,0.0
195,0.24675324675324675,0.5064935064935064,0.0,0.24675324675324675
196,0.05434782608695652,0.6195652173913043,0.32608695652173914,0.0
197,0.421875,0.3177083333333333,0.0,0.2604166666666667
198,0.0,0.3586206896551724,0.6241379310344828,0.017241379310344827
199,0.0,0.0759493670886076,0.8734177215189873,0.05063291139240506
200,0.0,0.17197452229299362,0.7261146496815286,0.10191082802547771
201,0.5,0.2391304347826087,0.0,0.2608695652173913
202,0.7875816993464052,0.14705882352941177,0.0,0.06535947712418301
203,0.35051546391752575,0.0,0.41237113402061853,0.23711340206185566
204,0.0,0.8148148148148148,0.12345679012345678,0.06172839506172839
205,0.5217391304347826,0.21739130434782608,0.0,0.2608695652173913
206,0.0,0.21621621621621623,0.6891891891891891,0.0945945945945946
207,0.38,0.18,0.44,0.0
208,0.22,0.12,0.66,0.0
209,0.182648401826484,0.0,0.1141552511415525,0.7031963470319634
210,0.0,0.05668934240362812,0.29931972789115646,0.6439909297052154
211,0.0873015873015873,0.0,0.3634920634920635,0.5492063492063493
212,0.31446540880503143,0.0,0.13836477987421383,0.5471698113207547
213,0.0,0.39012345679012345,0.4839506172839506,0.1259259259259259
214,0.13114754098360656,0.11475409836065574,0.7540983606557377,0.0
215,0.14067278287461774,0.0,0.2599388379204893,0.599388379204893
216,0.4146341463414634,0.10975609756097561,0.47560975609756095,0.0
217,0.29850746268656714,0.0,0.05970149253731343,0.6417910447761194
218,0.0,0.4460093896713615,0.2863849765258216,0.2676056338028169
219,0.0,0.8636363636363636,0.09090909090909091,0.045454545454545456
220,0.34375,0.4166666666666667,0.0,0.23958333333333334
221,0.0,0.09578544061302682,0.8505747126436781,0.05363984674329502
222,0.5737704918032787,0.2459016393442623,0.0,0.18032786885245902
223,0.0,0.6666666666666666,0.11904761904761904,0.21428571428571427
224,0.11475409836065574,0.6516393442622951,0.2336065573770492,0.0
225,0.711340206185567,0.07216494845360824,0.0,0.21649484536082475
226,0.0,0.8918918918918919,0.0,0.10810810810810811
227,0.06278026905829596,0.8139013452914798,0.12331838565022421,0.0
228,0.15789473684210525,0.21052631578947367,0.631578947368421,0.0
229,0.4491525423728814,0.0,0.059322033898305086,0.4915254237288136
230,0.10902255639097744,0.0,0.2857142857142857,0.6052631578947368
231,0.0,0.2751677852348993,0.7046979865771812,0.020134228187919462
232,0.0,0.2205128205128205,0.7076923076923077,0.07179487179487179
233,0.0,0.340632603406326,0.51338199513382,0.145985401459854
234,0.0,0.11704312114989733,0.8028747433264887,0.08008213552361396
235,0.675,0.2953125,0.0,0.0296875
236,0.15992970123022848,0.0,0.10369068541300527,0.7363796133567663
237,0.0,0.061452513966480445,0.8463687150837989,0.09217877094972067
238,0.06132075471698113,0.5990566037735849,0.33962264150943394,0.0
239,0.16129032258064516,0.0,0.2903225806451613,0.5483870967741935
240,0.421875,0.21875,0.0,0.359375
241,0.04050632911392405,0.0,0.1468354430379747,0.8126582278481013
242,0.16201117318435754,0.0,0.5586592178770949,0.27932960893854747
243,0.06306306306306306,0.6936936936936937,0.24324324324324326,0.0
244,0.0,0.1958762886597938,0.041237113402061855,0.7628865979381443
245,0.03225806451612903,0.832258064516129,0.13548387096774195,0.0
246,0.05166051660516605,0.0,0.12915129151291513,0.8191881918819188
247,0.2608695652173913,0.17391304347826086,0.5652173913043478,0.0
248,0.6931506849315069,0.2136986301369863,0.0,0.09315068493150686
249,0.1630901287553648,0.0,0.7982832618025751,0.03862660944206009
250,0.0,0.04477611940298507,0.7014925373134329,0.2537313432835821
251,0.0,0.3450479233226837,0.5846645367412141,0.07028753993610223
252,0.0,0.23703703703703705,0.4,0.362962962962963
253,0.15,0.25,0.6,0.0
254,0.3829787234042553,0.3829787234042553,0.0,0.23404255319148937
255,0.0,0.09774436090225563,0.8546365914786967,0.047619047619047616
256,0.0,0.2983050847457627,0.6440677966101694,0.0576271186440678
257,0.09523809523809523,0.0,0.21693121693121692,0.6878306878306878
258,0.0,0.11458333333333333,0.7760416666666666,0.109375
259,0.6711111111111111,0.22666666666666666,0.0,0.10222222222222223
260,0.1803921568627451,0.0,0.1450980392156863,0.6745098039215687
261,0.11904761904761904,0.0,0.2976190476190476,0.5833333333333334
262,0.03571428571428571,0.21428571428571427,0.75,0.0
263,0.6748768472906403,0.22167487684729065,0.0,0.10344827586206896
264,0.0,0.4628975265017668,0.5300353356890459,0.007067137809187279
265,0.0,0.3177570093457944,0.633177570093458,0.04906542056074766
266,0.0,0.1534526854219949,0.7084398976982097,0.13810741687979539
267,0.0,0.16941176470588235,0.6964705882352941,0.13411764705882354
268,0.041237113402061855,0.0,0.27393225331369664,0.6848306332842415
269,0.09745762711864407,0.0,0.4025423728813559,0.5
270,0.2857142857142857,0.0,0.0,0.7142857142857143
271,0.0,0.5507246376811594,0.36231884057971014,0.08695652173913043
272,0.410958904109589,0.5256849315068494,0.0,0.06335616438356165
273,0.2,0.25,0.0,0.55
274,0.0,0.5333333333333333,0.3333333333333333,0.13333333333333333
275,0.45161290322580644,0.0,0.12903225806451613,0.41935483870967744
276,0.0,0.04878048780487805,0.14634146341463414,0.8048780487804879
277,0.375,0.0,0.4375,0.1875
278,0.0,0.15942028985507245,0.6666666666666666,0.17391304347826086
279,0.14285714285714285,0.07142857142857142,0.0,0.7857142857142857
280,0.021844660194174758,0.0,0.970873786407767,0.007281553398058253
281,0.20987654320987653,0.0,0.07407407407407407,0.7160493827160493
282,0.6184798807749627,0.29806259314456035,0.0,0.08345752608047691
283,0.0898876404494382,0.5955056179775281,0.3146067415730337,0.0
284,0.2621492128678987,0.42847364818617384,0.0,0.30937713894592744
285,0.06666666666666667,0.26666666666666666,0.6666666666666666,0.0
286,0.0,0.0625,0.125,0.8125
287,0.003787878787878788,0.928030303030303,0.06818181818181818,0.0
288,0.014705882352941176,0.7794117647058824,0.20588235294117646,0.0
289,0.0,0.023762376237623763,0.011881188118811881,0.9643564356435643
290,0.0033472803347280333,0.0,0.014225941422594143,0.9824267782426779
291,0.06666666666666667,0.1,0.8333333333333334,0.0
292,0.22857142857142856,0.02857142857142857,0.0,0.7428571428571429
293,0.0,0.912621359223301,0.08737864077669903,0.0
294,0.0,0.013748854262144821,0.6956920256645279,0.29055912007332724
295,0.14442013129102846,0.0,0.6805251641137856,0.175054704595186
296,0.21465968586387435,0.4973821989528796,0.2879581151832461,0.0
297,0.0,0.5633802816901409,0.4154929577464789,0.02112676056338028
298,0.5595238095238095,0.32142857142857145,0.0,0.11904761904761904
299,0.0,0.23809523809523808,0.5238095238095238,0.23809523809523808
300,0.6091954022988506,0.13793103448275862,0.0,0.25287356321839083
301,0.0,0.28735632183908044,0.6551724137931034,0.05747126436781609
302,0.5531914893617021,0.3191489361702128,0.1276595744680851,0.0
303,0.38095238095238093,0.0,0.3333333333333333,0.2857142857142857
304,0.21739130434782608,0.32608695652173914,0.45652173913043476,0.0
305,0.06666666666666667,0.0,0.4666666666666667,0.4666666666666667
306,0.6666666666666666,0.1111111111111111,0.2222222222222222,0.0
307,0.0,0.32,0.56,0.12
308,0.29411764705882354,0.11764705882352941,0.0,0.5882352941176471
309,0.0,0.0,1.0,0.0
310,,,,
311,0.0,0.0,0.0,1.0
312,0.0,0.0,1.0,0.0
313,1.0,0.0,0.0,0.0
314,0.0,1.0,0.0,0.0
315,0.0,0.5,0.0,0.5
316,0.0,0.0,1.0,0.0
317,,,,
318,,,,
319,,,,
320,,,,
321,,,,
