,A,C,G,T
0,,,,
1,,,,
2,,,,
3,,,,
4,,,,
5,0.0,0.0,1.0,0.0
6,,,,
7,,,,
8,,,,
9,0.0,0.0,0.0,1.0
10,,,,
11,,,,
12,0.0,0.0,1.0,0.0
13,,,,
14,,,,
15,,,,
16,,,,
17,,,,
18,,,,
19,,,,
20,,,,
21,1.0,0.0,0.0,0.0
22,0.0,0.0,0.0,1.0
23,0.0,0.0,0.0,1.0
24,,,,
25,,,,
26,,,,
27,,,,
28,,,,
29,,,,
30,,,,
31,,,,
32,,,,
33,,,,
34,0.0,0.0,1.0,0.0
35,,,,
36,,,,
37,,,,
38,1.0,0.0,0.0,0.0
39,,,,
40,,,,
41,,,,
42,,,,
43,,,,
44,,,,
45,,,,
46,,,,
47,,,,
48,0.0,0.0,1.0,0.0
49,,,,
50,,,,
51,,,,
52,,,,
53,,,,
54,,,,
55,1.0,0.0,0.0,0.0
56,1.0,0.0,0.0,0.0
57,0.0,0.0,0.5,0.5
58,,,,
59,1.0,0.0,0.0,0.0
60,,,,
61,,,,
62,,,,
63,,,,
64,,,,
65,0.0,0.0,0.0,1.0
66,,,,
67,0.0,1.0,0.0,0.0
68,,,,
69,1.0,0.0,0.0,0.0
70,,,,
71,0.5,0.0,0.5,0.0
72,,,,
73,,,,
74,,,,
75,,,,
76,1.0,0.0,0.0,0.0
77,0.0,1.0,0.0,0.0
78,,,,
79,,,,
80,0.0,0.0,0.0,1.0
81,0.0,1.0,0.0,0.0
82,0.5,0.0,0.0,0.5
83,0.5,0.0,0.0,0.5
84,,,,
85,,,,
86,0.0,0.0,0.0,1.0
87,0.0,0.0,0.0,1.0
88,,,,
89,,,,
90,0.0,0.0,1.0,0.0
91,1.0,0.0,0.0,0.0
92,,,,
93,0.0,1.0,0.0,0.0
94,,,,
95,,,,
96,,,,
97,0.5,0.5,0.0,0.0
98,1.0,0.0,0.0,0.0
99,,,,
100,,,,
101,1.0,0.0,0.0,0.0
102,,,,
103,,,,
104,0.0,0.0,0.0,1.0
105,,,,
106,,,,
107,,,,
108,0.0,1.0,0.0,0.0
109,,,,
110,,,,
111,0.0,1.0,0.0,0.0
112,,,,
113,0.5,0.0,0.5,0.0
114,,,,
115,,,,
116,,,,
117,,,,
118,,,,
119,,,,
120,,,,
121,0.0,1.0,0.0,0.0
122,,,,
123,,,,
124,0.0,0.0,1.0,0.0
125,,,,
126,1.0,0.0,0.0,0.0
127,,,,
128,,,,
129,,,,
130,,,,
131,,,,
132,,,,
133,0.0,1.0,0.0,0.0
134,,,,
135,,,,
136,,,,
137,,,,
138,,,,
139,,,,
140,,,,
141,,,,
142,,,,
143,,,,
144,,,,
145,,,,
146,,,,
147,1.0,0.0,0.0,0.0
148,,,,
149,1.0,0.0,0.0,0.0
150,1.0,0.0,0.0,0.0
151,,,,
152,0.0,1.0,0.0,0.0
153,0.5,0.0,0.5,0.0
154,1.0,0.0,0.0,0.0
155,,,,
156,,,,
157,1.0,0.0,0.0,0.0
158,0.0,1.0,0.0,0.0
159,,,,
160,,,,
161,1.0,0.0,0.0,0.0
162,,,,
163,0.0,0.0,1.0,0.0
164,,,,
165,,,,
166,,,,
167,0.0,0.0,0.0,1.0
168,0.0,0.0,0.5,0.5
169,0.0,0.0,0.0,1.0
170,,,,
171,,,,
172,,,,
173,,,,
174,0.0,1.0,0.0,0.0
175,1.0,0.0,0.0,0.0
176,0.0,0.0,0.0,1.0
177,,,,
178,,,,
179,0.0,1.0,0.0,0.0
180,,,,
181,,,,
182,,,,
183,,,,
184,,,,
185,1.0,0.0,0.0,0.0
186,0.0,1.0,0.0,0.0
187,,,,
188,1.0,0.0,0.0,0.0
189,,,,
190,,,,
191,,,,
192,0.0,0.0,1.0,0.0
193,,,,
194,,,,
195,,,,
196,1.0,0.0,0.0,0.0
197,,,,
198,,,,
199,,,,
200,0.0,0.0,1.0,0.0
201,0.0,1.0,0.0,0.0
202,,,,
203,0.0,0.0,0.0,1.0
204,,,,
205,0.0,0.0,0.0,1.0
206,,,,
207,0.0,0.0,1.0,0.0
208,,,,
209,0.0,0.0,1.0,0.0
210,,,,
211,,,,
212,,,,
213,,,,
214,,,,
215,,,,
216,,,,
217,,,,
218,,,,
219,,,,
220,,,,
221,0.0,0.0,1.0,0.0
222,,,,
223,,,,
224,,,,
225,,,,
226,0.0,1.0,0.0,0.0
227,0.0,1.0,0.0,0.0
228,1.0,0.0,0.0,0.0
229,1.0,0.0,0.0,0.0
230,,,,
231,,,,
232,,,,
233,,,,
234,,,,
235,0.0,0.0,0.0,1.0
236,0.0,0.0,0.5,0.5
237,0.0,1.0,0.0,0.0
238,,,,
239,0.0,0.0,0.0,1.0
240,,,,
241,,,,
242,,,,
243,,,,
244,,,,
245,1.0,0.0,0.0,0.0
246,0.0,0.0,0.0,1.0
247,,,,
248,0.0,0.0,1.0,0.0
249,,,,
250,,,,
251,1.0,0.0,0.0,0.0
252,0.0,0.0,1.0,0.0
253,,,,
254,,,,
255,,,,
256,,,,
257,1.0,0.0,0.0,0.0
258,0.0,1.0,0.0,0.0
259,1.0,0.0,0.0,0.0
260,,,,
261,,,,
262,,,,
263,,,,
264,,,,
265,,,,
266,,,,
267,,,,
268,,,,
269,,,,
270,,,,
271,0.0,0.0,0.0,1.0
272,,,,
273,,,,
274,,,,
275,,,,
276,0.0,0.0,1.0,0.0
277,,,,
278,0.5,0.5,0.0,0.0
279,,,,
280,,,,
281,,,,
282,,,,
283,,,,
284,0.0,0.0,0.0,1.0
285,,,,
286,,,,
287,,,,
288,,,,
289,0.0,1.0,0.0,0.0
290,,,,
291,0.0,1.0,0.0,0.0
292,,,,
293,,,,
294,,,,
295,,,,
296,,,,
297,,,,
298,,,,
299,,,,
300,,,,
301,,,,
302,,,,
303,,,,
304,,,,
305,,,,
306,,,,
307,,,,
308,,,,
309,,,,
310,,,,
311,,,,
312,,,,
313,,,,
314,,,,
315,,,,
