,A,C,G,T
0,,,,
1,,,,
2,0.0,1.0,0.0,0.0
3,,,,
4,,,,
5,0.5,0.0,0.5,0.0
6,,,,
7,,,,
8,,,,
9,0.0,0.0,0.0,1.0
10,,,,
11,,,,
12,0.0,0.0,0.0,1.0
13,1.0,0.0,0.0,0.0
14,,,,
15,0.0,0.0,0.0,1.0
16,,,,
17,,,,
18,1.0,0.0,0.0,0.0
19,,,,
20,0.5,0.0,0.5,0.0
21,,,,
22,,,,
23,,,,
24,,,,
25,,,,
26,0.0,1.0,0.0,0.0
27,0.0,1.0,0.0,0.0
28,1.0,0.0,0.0,0.0
29,0.0,0.0,1.0,0.0
30,,,,
31,0.0,1.0,0.0,0.0
32,,,,
33,,,,
34,,,,
35,0.0,1.0,0.0,0.0
36,,,,
37,,,,
38,1.0,0.0,0.0,0.0
39,,,,
40,,,,
41,0.0,0.0,1.0,0.0
42,,,,
43,,,,
44,,,,
45,,,,
46,1.0,0.0,0.0,0.0
47,,,,
48,1.0,0.0,0.0,0.0
49,,,,
50,1.0,0.0,0.0,0.0
51,,,,
52,,,,
53,,,,
54,,,,
55,,,,
56,,,,
57,,,,
58,,,,
59,,,,
60,,,,
61,,,,
62,,,,
63,,,,
64,,,,
65,,,,
66,0.5,0.0,0.0,0.5
67,0.0,0.0,0.0,1.0
68,,,,
69,,,,
70,0.0,0.0,0.0,1.0
71,,,,
72,1.0,0.0,0.0,0.0
73,0.0,0.0,1.0,0.0
74,0.0,1.0,0.0,0.0
75,0.0,0.0,0.0,1.0
76,,,,
77,0.0,0.0,1.0,0.0
78,,,,
79,,,,
80,,,,
81,0.0,0.0,0.0,1.0
82,0.0,0.0,0.0,1.0
83,0.0,0.0,0.0,1.0
84,0.0,1.0,0.0,0.0
85,,,,
86,0.0,0.0,0.6666666666666666,0.3333333333333333
87,0.0,0.5,0.0,0.5
88,0.0,1.0,0.0,0.0
89,0.0,0.8333333333333334,0.16666666666666666,0.0
90,,,,
91,0.75,0.25,0.0,0.0
92,1.0,0.0,0.0,0.0
93,,,,
94,,,,
95,,,,
96,0.0,0.0,0.0,1.0
97,0.0,0.0,0.8,0.2
98,0.0,0.0,1.0,0.0
99,,,,
100,,,,
101,,,,
102,0.5,0.0,0.5,0.0
103,0.0,0.0,1.0,0.0
104,0.0,0.0,0.0,1.0
105,,,,
106,,,,
107,,,,
108,,,,
109,,,,
110,0.0,1.0,0.0,0.0
111,,,,
112,,,,
113,,,,
114,,,,
115,,,,
116,,,,
117,0.0,0.0,0.0,1.0
118,,,,
119,0.0,1.0,0.0,0.0
120,,,,
121,,,,
122,,,,
123,,,,
124,1.0,0.0,0.0,0.0
125,0.0,0.0,1.0,0.0
126,0.0,1.0,0.0,0.0
127,0.0,0.0,1.0,0.0
128,0.0,0.0,1.0,0.0
129,0.0,0.0,0.0,1.0
130,,,,
131,0.0,0.0,1.0,0.0
132,,,,
133,,,,
134,0.0,0.0,0.0,1.0
135,,,,
136,,,,
137,0.0,0.5,0.0,0.5
138,,,,
139,,,,
140,,,,
141,,,,
142,,,,
143,0.0,0.5,0.5,0.0
144,0.0,0.0,1.0,0.0
145,,,,
146,0.0,1.0,0.0,0.0
147,0.0,0.0,0.0,1.0
148,,,,
149,0.0,1.0,0.0,0.0
150,0.0,0.0,0.0,1.0
151,0.0,1.0,0.0,0.0
152,0.0,1.0,0.0,0.0
153,,,,
154,1.0,0.0,0.0,0.0
155,,,,
156,0.0,1.0,0.0,0.0
157,0.0,0.0,0.0,1.0
158,,,,
159,0.0,1.0,0.0,0.0
160,0.0,0.0,0.0,1.0
161,,,,
162,0.0,1.0,0.0,0.0
163,,,,
164,0.0,1.0,0.0,0.0
165,,,,
166,1.0,0.0,0.0,0.0
167,1.0,0.0,0.0,0.0
168,,,,
169,1.0,0.0,0.0,0.0
170,,,,
171,0.0,1.0,0.0,0.0
172,,,,
173,0.0,0.0,0.0,1.0
174,0.0,1.0,0.0,0.0
175,,,,
176,0.0,0.0,1.0,0.0
177,0.0,0.0,0.0,1.0
178,0.0,0.0,1.0,0.0
179,0.0,1.0,0.0,0.0
180,,,,
181,,,,
182,0.0,0.0,0.0,1.0
183,,,,
184,,,,
185,,,,
186,,,,
187,,,,
188,,,,
189,,,,
190,0.0,0.0,1.0,0.0
191,,,,
192,,,,
193,,,,
194,,,,
195,,,,
196,,,,
197,0.0,0.0,0.5,0.5
198,,,,
199,,,,
200,0.0,0.0,0.0,1.0
201,0.0,0.0,0.0,1.0
202,,,,
203,,,,
204,,,,
205,,,,
206,,,,
207,,,,
208,,,,
209,,,,
210,0.0,1.0,0.0,0.0
211,,,,
212,,,,
213,,,,
214,,,,
215,,,,
216,0.0,0.0,1.0,0.0
217,,,,
218,0.0,1.0,0.0,0.0
219,0.0,0.0,0.0,1.0
220,,,,
221,,,,
222,0.0,1.0,0.0,0.0
223,0.0,0.0,1.0,0.0
224,0.0,0.0,0.0,1.0
225,0.0,0.0,1.0,0.0
226,,,,
227,0.0,0.0,0.0,1.0
228,0.2,0.0,0.8,0.0
229,0.0,0.0,0.0,1.0
230,0.5,0.0,0.0,0.5
231,0.0,0.0,1.0,0.0
232,,,,
233,,,,
234,1.0,0.0,0.0,0.0
235,0.0,0.5,0.0,0.5
236,,,,
237,,,,
238,,,,
239,0.0,0.0,1.0,0.0
240,1.0,0.0,0.0,0.0
241,,,,
242,0.0,0.0,1.0,0.0
243,0.0,0.0,1.0,0.0
244,,,,
245,,,,
246,0.0,0.0,0.5,0.5
247,,,,
248,0.0,0.0,1.0,0.0
249,,,,
250,1.0,0.0,0.0,0.0
251,,,,
252,,,,
253,,,,
254,0.0,0.0,0.0,1.0
255,0.0,0.0,1.0,0.0
256,,,,
257,0.0,0.0,0.0,1.0
258,,,,
259,0.0,0.0,0.0,1.0
260,,,,
261,,,,
262,,,,
263,0.0,1.0,0.0,0.0
264,,,,
265,,,,
266,,,,
267,,,,
268,0.0,1.0,0.0,0.0
269,,,,
270,,,,
271,0.0,0.0,1.0,0.0
272,0.0,1.0,0.0,0.0
273,1.0,0.0,0.0,0.0
274,,,,
275,0.6666666666666666,0.16666666666666666,0.0,0.16666666666666666
276,,,,
277,,,,
278,,,,
279,,,,
280,0.0,0.0,0.0,1.0
281,0.0,0.0,1.0,0.0
282,,,,
283,,,,
284,,,,
285,,,,
286,,,,
287,,,,
288,,,,
289,,,,
290,,,,
291,,,,
292,,,,
293,,,,
294,,,,
295,,,,
296,,,,
297,,,,
298,,,,
299,,,,
300,,,,
301,,,,
302,,,,
303,,,,
304,,,,
305,,,,
306,,,,
307,,,,
308,,,,
309,,,,
310,,,,
