,A,C,G,T
0,,,,
1,,,,
2,0.6198830409356725,0.3157894736842105,0.0,0.06432748538011696
3,0.5942028985507246,0.11594202898550725,0.0,0.2898550724637681
4,0.39790575916230364,0.47643979057591623,0.1256544502617801,0.0
5,0.2987551867219917,0.3775933609958506,0.0,0.3236514522821577
6,0.5390070921985816,0.0,0.24822695035460993,0.2127659574468085
7,0.0,0.05181347150259067,0.6373056994818653,0.31088082901554404
8,0.6528258362168397,0.20761245674740483,0.0,0.1395617070357555
9,0.09293680297397769,0.0,0.18401486988847585,0.7230483271375465
10,0.21428571428571427,0.35714285714285715,0.42857142857142855,0.0
11,0.6415094339622641,0.1949685534591195,0.0,0.16352201257861634
12,0.14285714285714285,0.26108374384236455,0.0,0.5960591133004927
13,0.4842105263157895,0.42105263157894735,0.09473684210526316,0.0
14,0.5208333333333334,0.041666666666666664,0.0,0.4375
15,0.023255813953488372,0.9302325581395349,0.0,0.046511627906976744
16,0.0,0.609375,0.15625,0.234375
17,0.7876106194690266,0.13864306784660768,0.0,0.07374631268436578
18,0.35135135135135137,0.21621621621621623,0.43243243243243246,0.0
19,0.5,0.0,0.3333333333333333,0.16666666666666666
20,0.04583333333333333,0.25416666666666665,0.7,0.0
21,0.3157894736842105,0.10526315789473684,0.0,0.5789473684210527
22,0.32142857142857145,0.07142857142857142,0.0,0.6071428571428571
23,0.38144329896907214,0.4020618556701031,0.0,0.21649484536082475
24,0.21052631578947367,0.10526315789473684,0.0,0.6842105263157895
25,0.3,0.3,0.0,0.4
26,0.0,0.514018691588785,0.3364485981308411,0.14953271028037382
27,0.525,0.38125,0.0,0.09375
28,0.6088709677419355,0.3528225806451613,0.0,0.038306451612903226
29,0.3146551724137931,0.0,0.2974137931034483,0.3879310344827586
30,0.0364963503649635,0.7627737226277372,0.20072992700729927,0.0
31,0.028169014084507043,0.5633802816901409,0.4084507042253521,0.0
32,0.6912442396313364,0.2304147465437788,0.0,0.07834101382488479
33,0.7433155080213903,0.1711229946524064,0.0,0.0855614973262032
34,0.07647058823529412,0.8588235294117647,0.06470588235294118,0.0
35,0.0,0.29093050647820967,0.46760895170789163,0.2414605418138987
36,0.504,0.0,0.44,0.056
37,0.0,0.16993464052287582,0.7581699346405228,0.0718954248366013
38,0.5978835978835979,0.3386243386243386,0.0,0.06349206349206349
39,0.2318840579710145,0.0,0.13043478260869565,0.6376811594202898
40,0.23529411764705882,0.0,0.32941176470588235,0.43529411764705883
41,0.007104795737122558,0.04085257548845471,0.9520426287744227,0.0
42,0.15384615384615385,0.07692307692307693,0.0,0.7692307692307693
43,0.4375,0.1875,0.0,0.375
44,0.6352941176470588,0.23529411764705882,0.0,0.12941176470588237
45,0.46464646464646464,0.0707070707070707,0.0,0.46464646464646464
46,0.88,0.05714285714285714,0.0,0.06285714285714286
47,0.4657534246575342,0.0958904109589041,0.0,0.4383561643835616
48,0.1388888888888889,0.25,0.6111111111111112,0.0
49,0.4074074074074074,0.0,0.2962962962962963,0.2962962962962963
50,0.3392857142857143,0.0,0.16964285714285715,0.49107142857142855
51,0.19791666666666666,0.0,0.3958333333333333,0.40625
52,0.04081632653061224,0.32653061224489793,0.6326530612244898,0.0
53,0.43410852713178294,0.38372093023255816,0.0,0.1821705426356589
54,0.0,0.6857142857142857,0.24761904761904763,0.06666666666666667
55,0.25,0.5625,0.0,0.1875
56,0.0,0.44871794871794873,0.44871794871794873,0.10256410256410256
57,0.3787878787878788,0.0,0.5454545454545454,0.07575757575757576
58,0.047619047619047616,0.5238095238095238,0.42857142857142855,0.0
59,0.18691588785046728,0.0,0.3364485981308411,0.4766355140186916
60,0.13924050632911392,0.2721518987341772,0.5886075949367089,0.0
61,0.25,0.0,0.2857142857142857,0.4642857142857143
62,0.315,0.0,0.195,0.49
63,0.06451612903225806,0.0967741935483871,0.8387096774193549,0.0
64,0.10526315789473684,0.10526315789473684,0.0,0.7894736842105263
65,0.013605442176870748,0.8571428571428571,0.1292517006802721,0.0
66,0.6747720364741642,0.0668693009118541,0.0,0.25835866261398177
67,0.3600605143721634,0.0,0.07261724659606657,0.56732223903177
68,0.0,0.24714828897338403,0.5399239543726235,0.21292775665399238
69,0.8410596026490066,0.07947019867549669,0.0,0.07947019867549669
70,0.06451612903225806,0.0,0.33602150537634407,0.5994623655913979
71,0.15151515151515152,0.0,0.6060606060606061,0.24242424242424243
72,0.4344262295081967,0.3442622950819672,0.22131147540983606,0.0
73,0.14285714285714285,0.0,0.5604395604395604,0.2967032967032967
74,0.2598684210526316,0.5625,0.17763157894736842,0.0
75,0.42857142857142855,0.32653061224489793,0.0,0.24489795918367346
76,0.6347826086956522,0.25217391304347825,0.0,0.11304347826086956
77,0.0,0.4409722222222222,0.34375,0.2152777777777778
78,0.46473029045643155,0.3900414937759336,0.14522821576763487,0.0
79,0.5046728971962616,0.29906542056074764,0.19626168224299065,0.0
80,0.168141592920354,0.0,0.1504424778761062,0.6814159292035398
81,0.0,0.4795180722891566,0.344578313253012,0.17590361445783131
82,0.28668941979522183,0.0,0.42889647326507396,0.2844141069397042
83,0.12812960235640647,0.0,0.23564064801178203,0.6362297496318114
84,0.16929133858267717,0.5393700787401575,0.29133858267716534,0.0
85,0.13559322033898305,0.711864406779661,0.15254237288135594,0.0
86,0.27049180327868855,0.0,0.09562841530054644,0.6338797814207651
87,0.0,0.28690807799442897,0.6128133704735376,0.10027855153203342
88,0.6182634730538922,0.30988023952095806,0.0,0.0718562874251497
89,0.22601626016260162,0.4813008130081301,0.2926829268292683,0.0
90,0.0,0.1894463667820069,0.6254325259515571,0.185121107266436
91,0.4264705882352941,0.43790849673202614,0.0,0.13562091503267973
92,0.1862378459237098,0.0,0.087509349289454,0.7262528047868362
93,0.20444444444444446,0.6155555555555555,0.18,0.0
94,0.0,0.3717948717948718,0.09401709401709402,0.5341880341880342
95,0.1324200913242009,0.817351598173516,0.0502283105022831,0.0
96,0.0,0.15575620767494355,0.7268623024830699,0.11738148984198646
97,0.42995169082125606,0.49033816425120774,0.0,0.07971014492753623
98,0.07703488372093023,0.0,0.06976744186046512,0.8531976744186046
99,0.0,0.36503856041131105,0.22879177377892032,0.40616966580976865
100,0.07407407407407407,0.37037037037037035,0.5555555555555556,0.0
101,0.43416370106761565,0.40569395017793597,0.0,0.1601423487544484
102,0.0,0.4739454094292804,0.4491315136476427,0.07692307692307693
103,0.0,0.3813559322033898,0.39661016949152544,0.22203389830508474
104,0.024615384615384615,0.0,0.09384615384615384,0.8815384615384615
105,0.0625,0.21875,0.71875,0.0
106,0.14285714285714285,0.047619047619047616,0.0,0.8095238095238095
107,0.15384615384615385,0.38461538461538464,0.0,0.46153846153846156
108,0.4262295081967213,0.09016393442622951,0.0,0.48360655737704916
109,0.125,0.5416666666666666,0.3333333333333333,0.0
110,0.22666666666666666,0.0,0.13333333333333333,0.64
111,0.6,0.0,0.26666666666666666,0.13333333333333333
112,0.5294117647058824,0.23529411764705882,0.0,0.23529411764705882
113,0.17857142857142858,0.0,0.45714285714285713,0.36428571428571427
114,0.6538461538461539,0.0,0.23076923076923078,0.11538461538461539
115,0.0,0.18333333333333332,0.6583333333333333,0.15833333333333333
116,0.4666666666666667,0.2,0.0,0.3333333333333333
117,0.6244541484716157,0.12663755458515283,0.0,0.24890829694323144
118,0.10112359550561797,0.0,0.29213483146067415,0.6067415730337079
119,0.05172413793103448,0.75,0.19827586206896552,0.0
120,0.5,0.0,0.23529411764705882,0.2647058823529412
121,0.7619047619047619,0.0,0.19047619047619047,0.047619047619047616
122,0.0,0.16806722689075632,0.5042016806722689,0.3277310924369748
123,0.7954545454545454,0.06818181818181818,0.0,0.13636363636363635
124,0.35294117647058826,0.5294117647058824,0.0,0.11764705882352941
125,0.5457413249211357,0.12618296529968454,0.0,0.3280757097791798
126,0.0,0.4158415841584158,0.5445544554455446,0.039603960396039604
127,0.0,0.08396946564885496,0.7900763358778626,0.12595419847328243
128,0.484375,0.03125,0.0,0.484375
129,0.39655172413793105,0.15517241379310345,0.0,0.4482758620689655
130,0.17333333333333334,0.24,0.0,0.5866666666666667
131,0.5534979423868313,0.24691358024691357,0.0,0.19958847736625515
132,0.2611464968152866,0.0,0.24203821656050956,0.4968152866242038
133,0.035175879396984924,0.6381909547738693,0.32663316582914576,0.0
134,0.5904255319148937,0.09042553191489362,0.0,0.3191489361702128
135,0.08108108108108109,0.5855855855855856,0.0,0.3333333333333333
136,0.0,0.0851063829787234,0.7872340425531915,0.1276595744680851
137,0.745958429561201,0.14780600461893764,0.0,0.10623556581986143
138,0.041666666666666664,0.10416666666666667,0.8541666666666666,0.0
139,0.11,0.13,0.0,0.76
140,0.11711711711711711,0.3783783783783784,0.0,0.5045045045045045
141,0.6209952283571916,0.35241990456714384,0.0,0.026584867075664622
142,0.0963855421686747,0.04819277108433735,0.8554216867469879,0.0
143,0.05625,0.7625,0.18125,0.0
144,0.020080321285140562,0.014056224899598393,0.9658634538152611,0.0
145,0.6181818181818182,0.0,0.12727272727272726,0.2545454545454545
146,0.0,0.319910514541387,0.5637583892617449,0.116331096196868
147,0.25272331154684097,0.5446623093681917,0.20261437908496732,0.0
148,0.0,0.2642369020501139,0.14578587699316628,0.5899772209567198
149,0.07634730538922156,0.0,0.05538922155688623,0.8682634730538922
150,0.0,0.38922155688622756,0.3772455089820359,0.23353293413173654
151,0.15483870967741936,0.16129032258064516,0.6838709677419355,0.0
152,0.23309352517985613,0.6014388489208633,0.16546762589928057,0.0
153,0.0,0.39606126914660833,0.5273522975929978,0.07658643326039387
154,0.45657894736842103,0.46710526315789475,0.0,0.07631578947368421
155,0.18962075848303392,0.5189620758483033,0.29141716566866266,0.0
156,0.0,0.22262773722627738,0.6706204379562044,0.10675182481751824
157,0.380897583429229,0.476409666283084,0.0,0.142692750287687
158,0.33069828722002637,0.4927536231884058,0.17654808959156784,0.0
159,0.0,0.11699779249448124,0.7958057395143487,0.08719646799116998
160,0.3831494483450351,0.4884653961885657,0.0,0.1283851554663992
161,0.22701149425287356,0.4942528735632184,0.27873563218390807,0.0
162,0.0,0.07993338884263114,0.8592839300582847,0.06078268109908409
163,0.3081896551724138,0.5193965517241379,0.0,0.1724137931034483
164,0.24084507042253522,0.5830985915492958,0.176056338028169,0.0
165,0.0,0.2159709618874773,0.6433756805807622,0.14065335753176045
166,0.4576737783895389,0.4452856159669649,0.0,0.09704060564349622
167,0.3103015075376884,0.4610552763819096,0.228643216080402,0.0
168,0.0,0.33300970873786406,0.42135922330097086,0.24563106796116504
169,0.3485981308411215,0.0,0.22429906542056074,0.42710280373831777
170,0.2774451097804391,0.0,0.3013972055888224,0.42115768463073855
171,0.0,0.21352313167259787,0.6192170818505338,0.16725978647686832
172,0.22753792298716452,0.6499416569428238,0.12252042007001167,0.0
173,0.0,0.4315659679408138,0.3242909987669544,0.2441430332922318
174,0.19270833333333334,0.5052083333333334,0.3020833333333333,0.0
175,0.0,0.29093799682034976,0.08585055643879173,0.6232114467408585
176,0.13814180929095354,0.0,0.1882640586797066,0.6735941320293398
177,0.2159090909090909,0.32386363636363635,0.4602272727272727,0.0
178,0.0,0.52,0.13,0.35
179,0.03382663847780127,0.0,0.05708245243128964,0.9090909090909091
180,0.49173553719008267,0.08264462809917356,0.0,0.4256198347107438
181,0.2795031055900621,0.0,0.40993788819875776,0.3105590062111801
182,0.0,0.19444444444444445,0.5104166666666666,0.2951388888888889
183,0.6434782608695652,0.19130434782608696,0.0,0.16521739130434782
184,0.0,0.5209580838323353,0.3592814371257485,0.11976047904191617
185,0.17333333333333334,0.0,0.4088888888888889,0.4177777777777778
186,0.11864406779661017,0.1864406779661017,0.6949152542372882,0.0
187,0.24752475247524752,0.0,0.16831683168316833,0.5841584158415841
188,0.08637873754152824,0.5913621262458472,0.3222591362126246,0.0
189,0.21774193548387097,0.5564516129032258,0.0,0.22580645161290322
190,0.05813953488372093,0.26744186046511625,0.6744186046511628,0.0
191,0.472,0.288,0.0,0.24
192,0.0,0.5555555555555556,0.4,0.044444444444444446
193,0.0,0.03125,0.9389880952380952,0.02976190476190476
194,0.38461538461538464,0.18461538461538463,0.0,0.4307692307692308
195,0.171875,0.234375,0.0,0.59375
196,0.65,0.1625,0.0,0.1875
197,0.2727272727272727,0.0,0.4090909090909091,0.3181818181818182
198,0.6808510638297872,0.0,0.1702127659574468,0.14893617021276595
199,0.26666666666666666,0.0,0.0,0.7333333333333333
200,0.0,0.44473684210526315,0.4763157894736842,0.07894736842105263
201,0.096,0.424,0.48,0.0
202,0.1388888888888889,0.2222222222222222,0.6388888888888888,0.0
203,0.2909090909090909,0.0,0.02727272727272727,0.6818181818181818
204,0.0,0.11475409836065574,0.5327868852459017,0.3524590163934426
205,0.08914728682170543,0.0,0.23255813953488372,0.6782945736434108
206,0.3194444444444444,0.0,0.05555555555555555,0.625
207,0.0,0.10216110019646366,0.8742632612966601,0.023575638506876228
208,0.136986301369863,0.4726027397260274,0.3904109589041096,0.0
209,0.18867924528301888,0.0,0.1320754716981132,0.6792452830188679
210,0.17647058823529413,0.13970588235294118,0.6838235294117647,0.0
211,0.45652173913043476,0.0,0.17391304347826086,0.3695652173913043
212,0.29245283018867924,0.0,0.4339622641509434,0.27358490566037735
213,0.0,0.4426229508196721,0.45901639344262296,0.09836065573770492
214,0.4146341463414634,0.17073170731707318,0.0,0.4146341463414634
215,0.0,0.21608040201005024,0.6984924623115578,0.08542713567839195
216,0.7111111111111111,0.044444444444444446,0.0,0.24444444444444444
217,0.0,0.3783783783783784,0.4594594594594595,0.16216216216216217
218,0.3944954128440367,0.0,0.08256880733944955,0.5229357798165137
219,0.0,0.11949685534591195,0.8333333333333334,0.04716981132075472
220,0.0,0.15454545454545454,0.5863636363636363,0.2590909090909091
221,0.511326860841424,0.08414239482200647,0.4045307443365696,0.0
222,0.13003095975232198,0.06501547987616099,0.0,0.804953560371517
223,0.18052256532066507,0.0,0.2826603325415677,0.5368171021377672
224,0.4461538461538462,0.0,0.38461538461538464,0.16923076923076924
225,0.0,0.5115606936416185,0.4682080924855491,0.02023121387283237
226,0.0,0.0918918918918919,0.8405405405405405,0.06756756756756757
227,0.5417867435158501,0.37175792507204614,0.0,0.08645533141210375
228,0.0,0.11553784860557768,0.7888446215139442,0.09561752988047809
229,0.0,0.22291021671826625,0.7430340557275542,0.034055727554179564
230,0.10219922380336352,0.0,0.2522639068564036,0.6455368693402329
231,0.7302325581395349,0.009302325581395349,0.26046511627906976,0.0
232,0.13756613756613756,0.0,0.07936507936507936,0.783068783068783
233,0.0,0.3602941176470588,0.33676470588235297,0.3029411764705882
234,0.06666666666666667,0.0,0.7124183006535948,0.22091503267973855
235,0.037037037037037035,0.6419753086419753,0.32098765432098764,0.0
236,0.37066246056782337,0.33280757097791797,0.0,0.29652996845425866
237,0.10970464135021098,0.6371308016877637,0.25316455696202533,0.0
238,0.0,0.2033678756476684,0.023316062176165803,0.7733160621761658
239,0.04477611940298507,0.6567164179104478,0.29850746268656714,0.0
240,0.0728476821192053,0.0,0.0728476821192053,0.8543046357615894
241,0.2222222222222222,0.08333333333333333,0.6944444444444444,0.0
242,0.47193347193347196,0.2869022869022869,0.0,0.24116424116424118
243,0.09578544061302682,0.0,0.8888888888888888,0.01532567049808429
244,0.0,0.0945945945945946,0.33783783783783783,0.5675675675675675
245,0.0,0.22857142857142856,0.6190476190476191,0.1523809523809524
246,0.0,0.4358974358974359,0.17435897435897435,0.38974358974358975
247,0.04878048780487805,0.14634146341463414,0.8048780487804879,0.0
248,0.24358974358974358,0.5512820512820513,0.0,0.20512820512820512
249,0.0,0.12941176470588237,0.7470588235294118,0.12352941176470589
250,0.0,0.1913978494623656,0.7225806451612903,0.08602150537634409
251,0.09641873278236915,0.0,0.3746556473829201,0.5289256198347108
252,0.0,0.06688963210702341,0.7892976588628763,0.14381270903010032
253,0.7196765498652291,0.25067385444743934,0.0,0.029649595687331536
254,0.17117117117117117,0.0,0.12612612612612611,0.7027027027027027
255,0.045454545454545456,0.0,0.6704545454545454,0.2840909090909091
256,0.11320754716981132,0.16981132075471697,0.7169811320754716,0.0
257,0.3157894736842105,0.42105263157894735,0.0,0.2631578947368421
258,0.0,0.4823529411764706,0.4745098039215686,0.043137254901960784
259,0.45491803278688525,0.4672131147540984,0.0,0.0778688524590164
260,0.0,0.31547619047619047,0.5297619047619048,0.15476190476190477
261,0.4852941176470588,0.45098039215686275,0.0,0.06372549019607843
262,0.012325390304026294,0.0,0.3771569433032046,0.610517666392769
263,0.14189189189189189,0.0,0.19594594594594594,0.6621621621621622
264,0.4166666666666667,0.16666666666666666,0.0,0.4166666666666667
265,0.0,0.3508771929824561,0.6140350877192983,0.03508771929824561
266,0.3468677494199536,0.6044083526682135,0.0,0.048723897911832945
267,0.4117647058823529,0.058823529411764705,0.0,0.5294117647058824
268,0.0,0.16,0.48,0.36
269,0.2857142857142857,0.0,0.10714285714285714,0.6071428571428571
270,0.0,0.03125,0.3984375,0.5703125
271,0.21739130434782608,0.0,0.21739130434782608,0.5652173913043478
272,0.35714285714285715,0.40476190476190477,0.0,0.23809523809523808
273,0.18181818181818182,0.0,0.0,0.8181818181818182
274,0.07272727272727272,0.0,0.8787878787878788,0.048484848484848485
275,0.0891566265060241,0.8072289156626506,0.10361445783132531,0.0
276,0.6045576407506702,0.34048257372654156,0.0,0.054959785522788206
277,0.08771929824561403,0.6666666666666666,0.24561403508771928,0.0
278,0.33575883575883575,0.3612266112266112,0.0,0.303014553014553
279,0.0967741935483871,0.03225806451612903,0.8709677419354839,0.0
280,0.0,0.058823529411764705,0.11764705882352941,0.8235294117647058
281,0.024054982817869417,0.9072164948453608,0.06872852233676977,0.0
282,0.019230769230769232,0.7307692307692307,0.25,0.0
283,0.0,0.02875399361022364,0.038338658146964855,0.9329073482428115
284,0.009900990099009901,0.0,0.009900990099009901,0.9801980198019802
285,0.16981132075471697,0.2641509433962264,0.5660377358490566,0.0
286,0.4117647058823529,0.029411764705882353,0.0,0.5588235294117647
287,0.007142857142857143,0.4357142857142857,0.5571428571428572,0.0
288,0.8074534161490683,0.031055900621118012,0.0,0.16149068322981366
289,0.0275,0.0,0.045,0.9275
290,0.47058823529411764,0.3202614379084967,0.0,0.20915032679738563
291,0.0,0.4573170731707317,0.5426829268292683,0.0
292,0.7688442211055276,0.17587939698492464,0.0,0.05527638190954774
293,0.0,0.25773195876288657,0.6185567010309279,0.12371134020618557
294,0.43333333333333335,0.4166666666666667,0.0,0.15
295,0.0,0.09722222222222222,0.7777777777777778,0.125
296,0.13333333333333333,0.7,0.16666666666666666,0.0
297,0.16216216216216217,0.0,0.32432432432432434,0.5135135135135135
298,0.16666666666666666,0.5416666666666666,0.2916666666666667,0.0
299,0.2631578947368421,0.0,0.631578947368421,0.10526315789473684
300,0.125,0.25,0.625,0.0
301,0.0,0.0,0.8888888888888888,0.1111111111111111
302,0.16666666666666666,0.5,0.0,0.3333333333333333
303,0.0,0.0,0.0,1.0
304,0.0,0.0,0.0,1.0
305,0.0,0.0,1.0,0.0
306,0.0,0.0,0.0,1.0
307,0.75,0.25,0.0,0.0
308,,,,
309,,,,
310,0.0,0.0,0.0,1.0
311,,,,
312,,,,
313,,,,
314,,,,
315,,,,
