,A,C,G,T
0,,,,
1,,,,
2,0.0,1.0,0.0,0.0
3,0.0,0.0,0.0,1.0
4,1.0,0.0,0.0,0.0
5,0.0,0.0,0.0,1.0
6,0.5,0.0,0.5,0.0
7,0.0,0.3333333333333333,0.0,0.6666666666666666
8,0.9,0.0,0.0,0.1
9,0.07142857142857142,0.0,0.14285714285714285,0.7857142857142857
10,,,,
11,0.6666666666666666,0.3333333333333333,0.0,0.0
12,0.125,0.0,0.0,0.875
13,1.0,0.0,0.0,0.0
14,0.3333333333333333,0.0,0.0,0.6666666666666666
15,0.0,1.0,0.0,0.0
16,,,,
17,0.3333333333333333,0.6666666666666666,0.0,0.0
18,0.5,0.5,0.0,0.0
19,,,,
20,0.125,0.25,0.625,0.0
21,,,,
22,0.0,0.0,0.0,1.0
23,,,,
24,0.5,0.0,0.0,0.5
25,0.0,0.0,0.0,1.0
26,0.0,1.0,0.0,0.0
27,1.0,0.0,0.0,0.0
28,1.0,0.0,0.0,0.0
29,0.0,0.0,0.3333333333333333,0.6666666666666666
30,0.0,0.75,0.25,0.0
31,1.0,0.0,0.0,0.0
32,0.6,0.2,0.0,0.2
33,,,,
34,0.0,0.5,0.5,0.0
35,0.0,0.6153846153846154,0.15384615384615385,0.23076923076923078
36,1.0,0.0,0.0,0.0
37,0.0,1.0,0.0,0.0
38,0.75,0.25,0.0,0.0
39,0.0,0.0,0.6666666666666666,0.3333333333333333
40,0.0,0.0,1.0,0.0
41,0.0,0.06666666666666667,0.9333333333333333,0.0
42,,,,
43,,,,
44,1.0,0.0,0.0,0.0
45,0.0,0.0,0.0,1.0
46,,,,
47,1.0,0.0,0.0,0.0
48,,,,
49,,,,
50,1.0,0.0,0.0,0.0
51,0.5,0.0,0.25,0.25
52,0.0,0.5,0.5,0.0
53,0.0,1.0,0.0,0.0
54,0.0,1.0,0.0,0.0
55,0.0,0.5,0.0,0.5
56,0.0,1.0,0.0,0.0
57,,,,
58,0.0,0.6666666666666666,0.3333333333333333,0.0
59,0.02631578947368421,0.9473684210526315,0.0,0.02631578947368421
60,0.5,0.25,0.25,0.0
61,,,,
62,0.0,0.0,0.0,1.0
63,0.3333333333333333,0.0,0.6666666666666666,0.0
64,0.0,1.0,0.0,0.0
65,0.0,1.0,0.0,0.0
66,0.05405405405405406,0.0,0.918918918918919,0.02702702702702703
67,0.2857142857142857,0.0,0.0,0.7142857142857143
68,0.0,0.3333333333333333,0.5555555555555556,0.1111111111111111
69,1.0,0.0,0.0,0.0
70,0.0,0.0,0.5,0.5
71,0.0,0.0,1.0,0.0
72,0.0,1.0,0.0,0.0
73,0.75,0.0,0.25,0.0
74,0.375,0.375,0.25,0.0
75,,,,
76,0.0,1.0,0.0,0.0
77,0.0,0.25,0.25,0.5
78,0.25,0.5,0.25,0.0
79,0.0,1.0,0.0,0.0
80,0.0,0.0,0.16666666666666666,0.8333333333333334
81,0.0,0.6,0.2,0.2
82,0.14285714285714285,0.0,0.35714285714285715,0.5
83,0.16666666666666666,0.0,0.5833333333333334,0.25
84,0.0,1.0,0.0,0.0
85,0.0,1.0,0.0,0.0
86,0.07692307692307693,0.0,0.15384615384615385,0.7692307692307693
87,0.0,0.25,0.5,0.25
88,0.25,0.625,0.0,0.125
89,0.18181818181818182,0.7272727272727273,0.09090909090909091,0.0
90,0.0,0.15789473684210525,0.7368421052631579,0.10526315789473684
91,0.0,0.15789473684210525,0.6842105263157895,0.15789473684210525
92,0.05263157894736842,0.0,0.21052631578947367,0.7368421052631579
93,0.0,0.0,0.0,1.0
94,0.0,0.058823529411764705,0.11764705882352941,0.8235294117647058
95,0.16,0.0,0.0,0.84
96,0.15789473684210525,0.0,0.8421052631578947,0.0
97,0.0,0.4666666666666667,0.4,0.13333333333333333
98,0.25,0.0,0.5,0.25
99,0.0,0.09090909090909091,0.45454545454545453,0.45454545454545453
100,0.0,0.0,1.0,0.0
101,0.0,1.0,0.0,0.0
102,0.0,0.6,0.4,0.0
103,0.8518518518518519,0.07407407407407407,0.0,0.07407407407407407
104,0.14285714285714285,0.0,0.0,0.8571428571428571
105,,,,
106,,,,
107,,,,
108,0.3333333333333333,0.0,0.0,0.6666666666666666
109,,,,
110,,,,
111,,,,
112,,,,
113,0.5,0.0,0.0,0.5
114,0.0,0.0,0.0,1.0
115,0.0,0.0,0.0,1.0
116,1.0,0.0,0.0,0.0
117,1.0,0.0,0.0,0.0
118,0.0,0.0,0.0,1.0
119,0.0,0.6666666666666666,0.3333333333333333,0.0
120,,,,
121,,,,
122,0.0,0.1,0.9,0.0
123,,,,
124,1.0,0.0,0.0,0.0
125,0.0,0.0,0.0,1.0
126,0.0,0.8,0.2,0.0
127,0.0,0.0,1.0,0.0
128,,,,
129,,,,
130,,,,
131,0.0,0.03225806451612903,0.967741935483871,0.0
132,0.0,0.0,0.0,1.0
133,0.0,0.6,0.4,0.0
134,1.0,0.0,0.0,0.0
135,,,,
136,0.0,0.0,0.6,0.4
137,0.3333333333333333,0.0,0.0,0.6666666666666666
138,,,,
139,0.0,1.0,0.0,0.0
140,0.0,1.0,0.0,0.0
141,0.875,0.125,0.0,0.0
142,,,,
143,0.05555555555555555,0.7222222222222222,0.2222222222222222,0.0
144,0.0,0.25,0.75,0.0
145,0.0,0.0,0.0,1.0
146,0.0,0.2857142857142857,0.7142857142857143,0.0
147,0.375,0.5,0.125,0.0
148,0.0,0.45454545454545453,0.36363636363636365,0.18181818181818182
149,0.0,0.0,0.16666666666666666,0.8333333333333334
150,0.0,0.0,0.5,0.5
151,0.0,0.5714285714285714,0.42857142857142855,0.0
152,0.0,0.6666666666666666,0.3333333333333333,0.0
153,0.0,0.38461538461538464,0.5384615384615384,0.07692307692307693
154,0.42105263157894735,0.3684210526315789,0.0,0.21052631578947367
155,0.5,0.25,0.25,0.0
156,0.8888888888888888,0.1111111111111111,0.0,0.0
157,0.3333333333333333,0.6666666666666666,0.0,0.0
158,0.25,0.6875,0.0625,0.0
159,0.8888888888888888,0.05555555555555555,0.0,0.05555555555555555
160,0.0,0.15789473684210525,0.7368421052631579,0.10526315789473684
161,0.09090909090909091,0.8181818181818182,0.09090909090909091,0.0
162,0.0,0.23076923076923078,0.7692307692307693,0.0
163,0.16666666666666666,0.3333333333333333,0.0,0.5
164,0.8125,0.1875,0.0,0.0
165,0.625,0.1875,0.0,0.1875
166,0.8181818181818182,0.09090909090909091,0.0,0.09090909090909091
167,0.3333333333333333,0.4444444444444444,0.2222222222222222,0.0
168,0.45,0.2,0.35,0.0
169,0.0,0.38461538461538464,0.15384615384615385,0.46153846153846156
170,0.25,0.0,0.5,0.25
171,0.0,0.4,0.4,0.2
172,0.12,0.0,0.16,0.72
173,0.0,0.6,0.4,0.0
174,0.0,0.1935483870967742,0.22580645161290322,0.5806451612903226
175,0.0,0.0,0.42857142857142855,0.5714285714285714
176,0.0,0.0,0.08333333333333333,0.9166666666666666
177,0.0,0.0,1.0,0.0
178,,,,
179,0.09090909090909091,0.0,0.0,0.9090909090909091
180,0.8,0.0,0.0,0.2
181,0.14285714285714285,0.0,0.42857142857142855,0.42857142857142855
182,0.0,0.0,1.0,0.0
183,0.0,1.0,0.0,0.0
184,0.0,0.6666666666666666,0.0,0.3333333333333333
185,0.16666666666666666,0.0,0.3333333333333333,0.5
186,0.0,1.0,0.0,0.0
187,0.0,0.0,0.0,1.0
188,0.23076923076923078,0.6923076923076923,0.07692307692307693,0.0
189,,,,
190,,,,
191,0.0,1.0,0.0,0.0
192,0.0,0.75,0.25,0.0
193,0.0,0.0,1.0,0.0
194,,,,
195,,,,
196,0.0,0.0,0.0,1.0
197,,,,
198,,,,
199,,,,
200,0.0,0.3333333333333333,0.6666666666666666,0.0
201,1.0,0.0,0.0,0.0
202,0.0,1.0,0.0,0.0
203,0.0,0.0,0.0,1.0
204,,,,
205,0.0,0.0,1.0,0.0
206,,,,
207,0.0,0.0,1.0,0.0
208,0.0,1.0,0.0,0.0
209,0.0,0.0,1.0,0.0
210,,,,
211,,,,
212,,,,
213,0.0,1.0,0.0,0.0
214,1.0,0.0,0.0,0.0
215,0.9473684210526315,0.05263157894736842,0.0,0.0
216,1.0,0.0,0.0,0.0
217,,,,
218,0.0,0.0,0.0,1.0
219,0.0,0.0,1.0,0.0
220,0.0,0.3333333333333333,0.6666666666666666,0.0
221,0.0,0.0,0.11764705882352941,0.8823529411764706
222,0.0,0.125,0.0,0.875
223,0.1111111111111111,0.0,0.3333333333333333,0.5555555555555556
224,1.0,0.0,0.0,0.0
225,0.0,0.0,1.0,0.0
226,0.0,0.0,1.0,0.0
227,0.05405405405405406,0.05405405405405406,0.8918918918918919,0.0
228,0.0,0.0,1.0,0.0
229,0.0,0.5,0.5,0.0
230,0.5,0.0,0.0,0.5
231,0.5555555555555556,0.0,0.4444444444444444,0.0
232,0.0,0.0,0.5,0.5
233,0.0,0.07692307692307693,0.6153846153846154,0.3076923076923077
234,0.05263157894736842,0.0,0.6842105263157895,0.2631578947368421
235,0.0,0.0,0.029411764705882353,0.9705882352941176
236,0.2857142857142857,0.0,0.0,0.7142857142857143
237,0.0,1.0,0.0,0.0
238,0.0,0.3333333333333333,0.0,0.6666666666666666
239,0.0,1.0,0.0,0.0
240,0.0,0.0,0.0,1.0
241,,,,
242,0.0,0.75,0.0,0.25
243,0.0,0.0,1.0,0.0
244,,,,
245,0.0,0.0,0.5,0.5
246,0.0,0.0,0.0,1.0
247,,,,
248,,,,
249,0.0,0.3333333333333333,0.16666666666666666,0.5
250,0.0,0.4,0.4,0.2
251,,,,
252,0.0,0.0,1.0,0.0
253,0.6666666666666666,0.3333333333333333,0.0,0.0
254,0.3333333333333333,0.0,0.0,0.6666666666666666
255,,,,
256,,,,
257,0.0,1.0,0.0,0.0
258,,,,
259,0.0,1.0,0.0,0.0
260,0.0,0.0,1.0,0.0
261,0.5,0.5,0.0,0.0
262,0.35714285714285715,0.0,0.0,0.6428571428571429
263,0.0,1.0,0.0,0.0
264,,,,
265,0.0,0.0,1.0,0.0
266,0.0,1.0,0.0,0.0
267,,,,
268,,,,
269,,,,
270,,,,
271,,,,
272,0.0,0.0,0.0,1.0
273,,,,
274,0.0,0.0,1.0,0.0
275,0.0,1.0,0.0,0.0
276,0.7,0.2,0.0,0.1
277,0.0,1.0,0.0,0.0
278,0.4838709677419355,0.22580645161290322,0.0,0.2903225806451613
279,,,,
280,,,,
281,,,,
282,0.0,1.0,0.0,0.0
283,0.0,0.0,0.0,1.0
284,0.0,0.0,0.0,1.0
285,,,,
286,,,,
287,,,,
288,1.0,0.0,0.0,0.0
289,0.0,1.0,0.0,0.0
290,,,,
291,,,,
292,0.0,0.0,1.0,0.0
293,,,,
294,0.0,0.0,1.0,0.0
295,,,,
296,,,,
297,,,,
298,,,,
299,,,,
300,,,,
301,,,,
302,,,,
303,,,,
304,,,,
305,,,,
306,,,,
307,,,,
308,,,,
309,,,,
310,,,,
311,,,,
312,,,,
313,,,,
