,A,C,G,T
0,,,,
1,,,,
2,0.581081081081081,0.35135135135135137,0.0,0.06756756756756757
3,0.6363636363636364,0.09090909090909091,0.0,0.2727272727272727
4,0.536,0.32,0.144,0.0
5,0.47368421052631576,0.24561403508771928,0.0,0.2807017543859649
6,0.4444444444444444,0.0,0.2962962962962963,0.25925925925925924
7,0.0,0.1509433962264151,0.5660377358490566,0.2830188679245283
8,0.6030701754385965,0.33771929824561403,0.0,0.05921052631578947
9,0.11206896551724138,0.0,0.1336206896551724,0.7543103448275862
10,0.07142857142857142,0.7857142857142857,0.14285714285714285,0.0
11,0.6304347826086957,0.08695652173913043,0.0,0.2826086956521739
12,0.5616438356164384,0.2328767123287671,0.0,0.2054794520547945
13,0.32941176470588235,0.6352941176470588,0.03529411764705882,0.0
14,0.23404255319148937,0.3191489361702128,0.0,0.44680851063829785
15,0.08163265306122448,0.7755102040816326,0.0,0.14285714285714285
16,0.0,0.45454545454545453,0.045454545454545456,0.5
17,0.6747967479674797,0.1951219512195122,0.0,0.13008130081300814
18,0.35,0.25,0.4,0.0
19,0.4444444444444444,0.0,0.1111111111111111,0.4444444444444444
20,0.10144927536231885,0.2463768115942029,0.6521739130434783,0.0
21,0.0,0.15384615384615385,0.0,0.8461538461538461
22,0.2222222222222222,0.16666666666666666,0.0,0.6111111111111112
23,0.36363636363636365,0.29545454545454547,0.0,0.3409090909090909
24,0.25,0.16666666666666666,0.0,0.5833333333333334
25,0.1875,0.375,0.0,0.4375
26,0.0,0.6097560975609756,0.2682926829268293,0.12195121951219512
27,0.23684210526315788,0.631578947368421,0.0,0.13157894736842105
28,0.7888888888888889,0.011111111111111112,0.0,0.2
29,0.1836734693877551,0.0,0.5918367346938775,0.22448979591836735
30,0.007352941176470588,0.9117647058823529,0.08088235294117647,0.0
31,0.017241379310344827,0.5,0.4827586206896552,0.0
32,0.7142857142857143,0.15126050420168066,0.0,0.13445378151260504
33,0.9058823529411765,0.07058823529411765,0.0,0.023529411764705882
34,0.02040816326530612,0.8571428571428571,0.12244897959183673,0.0
35,0.0,0.15159574468085107,0.6542553191489362,0.19414893617021275
36,0.0,0.32684824902723736,0.6614785992217899,0.011673151750972763
37,0.0,0.288135593220339,0.576271186440678,0.13559322033898305
38,0.5277777777777778,0.3888888888888889,0.0,0.08333333333333333
39,0.16666666666666666,0.0,0.2777777777777778,0.5555555555555556
40,0.38461538461538464,0.0,0.23076923076923078,0.38461538461538464
41,0.00530035335689046,0.019434628975265017,0.9752650176678446,0.0
42,0.391304347826087,0.2608695652173913,0.0,0.34782608695652173
43,0.4827586206896552,0.1724137931034483,0.0,0.3448275862068966
44,0.34,0.34,0.0,0.32
45,0.5666666666666667,0.16666666666666666,0.0,0.26666666666666666
46,0.7763157894736842,0.17105263157894737,0.0,0.05263157894736842
47,0.44594594594594594,0.43243243243243246,0.0,0.12162162162162163
48,0.3953488372093023,0.13953488372093023,0.46511627906976744,0.0
49,0.3,0.0,0.3,0.4
50,0.4166666666666667,0.0,0.08333333333333333,0.5
51,0.3103448275862069,0.0,0.4827586206896552,0.20689655172413793
52,0.4166666666666667,0.20833333333333334,0.375,0.0
53,0.11320754716981132,0.3433962264150943,0.5433962264150943,0.0
54,0.0,0.46153846153846156,0.5,0.038461538461538464
55,0.26605504587155965,0.6513761467889908,0.0,0.08256880733944955
56,0.0,0.16981132075471697,0.6415094339622641,0.18867924528301888
57,0.3793103448275862,0.0,0.5632183908045977,0.05747126436781609
58,0.23076923076923078,0.23076923076923078,0.5384615384615384,0.0
59,0.09375,0.0,0.625,0.28125
60,0.39473684210526316,0.23684210526315788,0.3684210526315789,0.0
61,0.4,0.0,0.1,0.5
62,0.3431372549019608,0.0,0.12745098039215685,0.5294117647058824
63,0.0,0.3333333333333333,0.6666666666666666,0.0
64,0.0,0.25,0.0,0.75
65,0.0,0.8311688311688312,0.16883116883116883,0.0
66,0.6194029850746269,0.04477611940298507,0.0,0.3358208955223881
67,0.35019455252918286,0.0,0.07003891050583658,0.5797665369649806
68,0.0,0.1951219512195122,0.6097560975609756,0.1951219512195122
69,0.8863636363636364,0.045454545454545456,0.0,0.06818181818181818
70,0.030303030303030304,0.0,0.4329004329004329,0.5367965367965368
71,0.15254237288135594,0.0,0.4067796610169492,0.4406779661016949
72,0.15384615384615385,0.4230769230769231,0.4230769230769231,0.0
73,0.42105263157894735,0.0,0.0,0.5789473684210527
74,0.17293233082706766,0.6842105263157895,0.14285714285714285,0.0
75,0.6,0.36,0.0,0.04
76,0.6060606060606061,0.21212121212121213,0.0,0.18181818181818182
77,0.0,0.47580645161290325,0.2903225806451613,0.23387096774193547
78,0.34710743801652894,0.512396694214876,0.14049586776859505,0.0
79,0.1282051282051282,0.4358974358974359,0.4358974358974359,0.0
80,0.24691358024691357,0.0,0.2222222222222222,0.5308641975308642
81,0.0,0.48132780082987553,0.35684647302904565,0.16182572614107885
82,0.30517711171662126,0.0,0.37057220708446864,0.3242506811989101
83,0.1,0.8461538461538461,0.05384615384615385,0.0
84,0.1308411214953271,0.2897196261682243,0.5794392523364486,0.0
85,0.06451612903225806,0.5806451612903226,0.3548387096774194,0.0
86,0.1978021978021978,0.0,0.1978021978021978,0.6043956043956044
87,0.0,0.387434554973822,0.4712041884816754,0.14136125654450263
88,0.47858942065491183,0.3702770780856423,0.0,0.15113350125944586
89,0.29178470254957506,0.46742209631728043,0.24079320113314448,0.0
90,0.0,0.15876288659793814,0.7010309278350515,0.1402061855670103
91,0.0,0.3497536945812808,0.49261083743842365,0.15763546798029557
92,0.13921113689095127,0.0,0.24361948955916474,0.617169373549884
93,0.5465116279069767,0.12209302325581395,0.0,0.3313953488372093
94,0.18218623481781376,0.0,0.06072874493927125,0.757085020242915
95,0.45794392523364486,0.0,0.2897196261682243,0.2523364485981308
96,0.4782608695652174,0.2391304347826087,0.2826086956521739,0.0
97,0.5725806451612904,0.21774193548387097,0.0,0.20967741935483872
98,0.12931034482758622,0.6293103448275862,0.0,0.2413793103448276
99,0.0,0.5355191256830601,0.07103825136612021,0.39344262295081966
100,0.0,0.16666666666666666,0.8333333333333334,0.0
101,0.18032786885245902,0.5901639344262295,0.0,0.22950819672131148
102,0.0,0.411214953271028,0.4485981308411215,0.14018691588785046
103,0.4976,0.456,0.0,0.0464
104,0.021505376344086023,0.0,0.0913978494623656,0.8870967741935484
105,0.07692307692307693,0.15384615384615385,0.7692307692307693,0.0
106,0.0,0.0,0.0,1.0
107,0.125,0.25,0.0,0.625
108,0.4444444444444444,0.25396825396825395,0.0,0.30158730158730157
109,0.09523809523809523,0.6666666666666666,0.23809523809523808,0.0
110,0.19230769230769232,0.0,0.23076923076923078,0.5769230769230769
111,0.4117647058823529,0.0,0.29411764705882354,0.29411764705882354
112,0.625,0.125,0.0,0.25
113,0.2,0.0,0.17777777777777778,0.6222222222222222
114,0.6956521739130435,0.0,0.08695652173913043,0.21739130434782608
115,0.0,0.2857142857142857,0.3392857142857143,0.375
116,0.6363636363636364,0.36363636363636365,0.0,0.0
117,0.494949494949495,0.23232323232323232,0.0,0.2727272727272727
118,0.1,0.0,0.2714285714285714,0.6285714285714286
119,0.09375,0.71875,0.1875,0.0
120,0.13043478260869565,0.0,0.34782608695652173,0.5217391304347826
121,0.6363636363636364,0.0,0.09090909090909091,0.2727272727272727
122,0.0,0.14606741573033707,0.5617977528089888,0.29213483146067415
123,0.36363636363636365,0.2727272727272727,0.0,0.36363636363636365
124,0.45,0.05,0.0,0.5
125,0.7007874015748031,0.25984251968503935,0.0,0.03937007874015748
126,0.0,0.48148148148148145,0.46296296296296297,0.05555555555555555
127,0.0,0.0375,0.7,0.2625
128,0.7741935483870968,0.06451612903225806,0.0,0.16129032258064516
129,0.38095238095238093,0.19047619047619047,0.0,0.42857142857142855
130,0.41935483870967744,0.03225806451612903,0.0,0.5483870967741935
131,0.6608187134502924,0.26900584795321636,0.0,0.07017543859649122
132,0.29508196721311475,0.0,0.39344262295081966,0.3114754098360656
133,0.07792207792207792,0.42857142857142855,0.4935064935064935,0.0
134,0.5283018867924528,0.1509433962264151,0.0,0.32075471698113206
135,0.14814814814814814,0.5740740740740741,0.0,0.2777777777777778
136,0.0,0.06153846153846154,0.7076923076923077,0.23076923076923078
137,0.8994082840236687,0.04142011834319527,0.0,0.05917159763313609
138,0.023255813953488372,0.046511627906976744,0.9302325581395349,0.0
139,0.34615384615384615,0.0,0.0,0.6538461538461539
140,0.42028985507246375,0.34782608695652173,0.0,0.2318840579710145
141,0.7058823529411765,0.23921568627450981,0.0,0.054901960784313725
142,0.0,0.3469387755102041,0.6530612244897959,0.0
143,0.07801418439716312,0.7872340425531915,0.1347517730496454,0.0
144,0.2054794520547945,0.1232876712328767,0.0,0.6712328767123288
145,0.08441558441558442,0.8571428571428571,0.0,0.05844155844155844
146,0.3769230769230769,0.0,0.19230769230769232,0.4307692307692308
147,0.5681818181818182,0.0,0.2727272727272727,0.1590909090909091
148,0.6763005780346821,0.028901734104046242,0.0,0.2947976878612717
149,0.3166144200626959,0.43260188087774293,0.2507836990595611,0.0
150,0.0,0.11864406779661017,0.4971751412429379,0.384180790960452
151,0.3263157894736842,0.15789473684210525,0.5157894736842106,0.0
152,0.45714285714285713,0.3678571428571429,0.175,0.0
153,0.0,0.8870056497175142,0.022598870056497175,0.0903954802259887
154,0.0,0.14644351464435146,0.7364016736401674,0.11715481171548117
155,0.0,0.04975124378109453,0.8606965174129353,0.08955223880597014
156,0.0,0.19653179190751446,0.7687861271676301,0.03468208092485549
157,0.3628048780487805,0.5060975609756098,0.0,0.13109756097560976
158,0.05956112852664577,0.0,0.2993730407523511,0.6410658307210031
159,0.0,0.17889908256880735,0.7477064220183486,0.07339449541284404
160,0.0,0.2086720867208672,0.36585365853658536,0.4254742547425474
161,0.0,0.28095238095238095,0.569047619047619,0.15
162,0.0,0.08321167883211679,0.6948905109489051,0.22189781021897811
163,0.1116751269035533,0.0,0.4450084602368866,0.4433164128595601
164,0.18352059925093633,0.2546816479400749,0.5617977528089888,0.0
165,0.32575757575757575,0.3409090909090909,0.0,0.3333333333333333
166,0.0,0.4419889502762431,0.3812154696132597,0.17679558011049723
167,0.25815217391304346,0.34782608695652173,0.39402173913043476,0.0
168,0.2926829268292683,0.5853658536585366,0.0,0.12195121951219512
169,0.40425531914893614,0.3404255319148936,0.0,0.2553191489361702
170,0.30409356725146197,0.30409356725146197,0.391812865497076,0.0
171,0.42424242424242425,0.25757575757575757,0.0,0.3181818181818182
172,0.5576923076923077,0.34065934065934067,0.0,0.10164835164835165
173,0.6435643564356436,0.10891089108910891,0.0,0.24752475247524752
174,0.0,0.1357142857142857,0.7,0.16428571428571428
175,0.3883495145631068,0.0,0.30097087378640774,0.3106796116504854
176,0.0,0.27530364372469635,0.4817813765182186,0.242914979757085
177,0.0,0.20430107526881722,0.7204301075268817,0.07526881720430108
178,0.09714285714285714,0.0,0.20285714285714285,0.7
179,0.0,0.5902777777777778,0.2777777777777778,0.13194444444444445
180,0.25157232704402516,0.6540880503144654,0.0,0.09433962264150944
181,0.0,0.38823529411764707,0.29411764705882354,0.3176470588235294
182,0.21755725190839695,0.0,0.6030534351145038,0.17938931297709923
183,0.19230769230769232,0.34615384615384615,0.46153846153846156,0.0
184,0.0,0.3880597014925373,0.029850746268656716,0.582089552238806
185,0.09090909090909091,0.0,0.06818181818181818,0.8409090909090909
186,0.4657534246575342,0.3356164383561644,0.0,0.19863013698630136
187,0.1282051282051282,0.0,0.7777777777777778,0.09401709401709402
188,0.3583815028901734,0.45664739884393063,0.18497109826589594,0.0
189,0.29910714285714285,0.1875,0.0,0.5133928571428571
190,0.5420560747663551,0.0,0.24299065420560748,0.21495327102803738
191,0.0,0.1477832512315271,0.45320197044334976,0.39901477832512317
192,0.09239130434782608,0.0,0.358695652173913,0.5489130434782609
193,0.24489795918367346,0.0,0.05102040816326531,0.7040816326530612
194,0.48717948717948717,0.0,0.02564102564102564,0.48717948717948717
195,0.26744186046511625,0.47674418604651164,0.0,0.2558139534883721
196,0.06896551724137931,0.8103448275862069,0.1206896551724138,0.0
197,0.4935897435897436,0.20512820512820512,0.0,0.30128205128205127
198,0.0,0.532258064516129,0.45161290322580644,0.016129032258064516
199,0.0,0.09815950920245399,0.852760736196319,0.049079754601226995
200,0.0,0.07727272727272727,0.8045454545454546,0.11818181818181818
201,0.125,0.375,0.0,0.5
202,0.9364161849710982,0.005780346820809248,0.0,0.057803468208092484
203,0.46551724137931033,0.0,0.1724137931034483,0.3620689655172414
204,0.0,0.9555555555555556,0.03333333333333333,0.011111111111111112
205,0.2222222222222222,0.5,0.0,0.2777777777777778
206,0.0,0.021052631578947368,0.9052631578947369,0.07368421052631578
207,0.4418604651162791,0.023255813953488372,0.5348837209302325,0.0
208,0.3137254901960784,0.35294117647058826,0.3333333333333333,0.0
209,0.10377358490566038,0.0,0.02830188679245283,0.8679245283018868
210,0.0,0.05982905982905983,0.4700854700854701,0.4700854700854701
211,0.053475935828877004,0.0,0.4117647058823529,0.5347593582887701
212,0.3939393939393939,0.0,0.21212121212121213,0.3939393939393939
213,0.0,0.08411214953271028,0.7476635514018691,0.16822429906542055
214,0.24,0.24,0.52,0.0
215,0.05555555555555555,0.0,0.2111111111111111,0.7333333333333333
216,0.11764705882352941,0.4117647058823529,0.47058823529411764,0.0
217,0.22916666666666666,0.0,0.0625,0.7083333333333334
218,0.0,0.6933797909407665,0.1916376306620209,0.11498257839721254
219,0.0,0.7962962962962963,0.14814814814814814,0.05555555555555555
220,0.746031746031746,0.12698412698412698,0.0,0.12698412698412698
221,0.0,0.11428571428571428,0.7857142857142857,0.1
222,0.19480519480519481,0.7402597402597403,0.0,0.06493506493506493
223,0.0,0.05263157894736842,0.9298245614035088,0.017543859649122806
224,0.0273972602739726,0.9315068493150684,0.0410958904109589,0.0
225,0.875,0.09090909090909091,0.0,0.03409090909090909
226,0.0,0.5925925925925926,0.2962962962962963,0.1111111111111111
227,0.09053497942386832,0.8189300411522634,0.09053497942386832,0.0
228,0.1746031746031746,0.06349206349206349,0.7619047619047619,0.0
229,0.175,0.0,0.25,0.575
230,0.0,0.4918032786885246,0.3879781420765027,0.12021857923497267
231,0.0,0.2660098522167488,0.6650246305418719,0.06896551724137931
232,0.0,0.2579787234042553,0.699468085106383,0.0425531914893617
233,0.0,0.19183673469387755,0.746938775510204,0.061224489795918366
234,0.0,0.19428571428571428,0.7371428571428571,0.06857142857142857
235,0.0,0.21076233183856502,0.7668161434977578,0.02242152466367713
236,0.17814726840855108,0.0,0.13064133016627077,0.6912114014251781
237,0.0,0.12280701754385964,0.2982456140350877,0.5789473684210527
238,0.027522935779816515,0.0,0.03363914373088685,0.9388379204892966
239,0.5834932821497121,0.22072936660268713,0.0,0.19577735124760076
240,0.09239130434782608,0.0,0.483695652173913,0.42391304347826086
241,0.07142857142857142,0.5952380952380952,0.3333333333333333,0.0
242,0.4558303886925795,0.42402826855123676,0.0,0.12014134275618374
243,0.13333333333333333,0.4,0.4666666666666667,0.0
244,0.0,0.10215053763440861,0.010752688172043012,0.8870967741935484
245,0.041666666666666664,0.7395833333333334,0.21875,0.0
246,0.10052910052910052,0.0,0.042328042328042326,0.8571428571428571
247,0.08333333333333333,0.25,0.6666666666666666,0.0
248,0.4435483870967742,0.3911290322580645,0.0,0.16532258064516128
249,0.07518796992481203,0.0,0.8796992481203008,0.045112781954887216
250,0.0,0.16666666666666666,0.4166666666666667,0.4166666666666667
251,0.0,0.6208530805687204,0.33649289099526064,0.04265402843601896
252,0.0,0.4,0.2,0.4
253,0.0,0.0,1.0,0.0
254,0.5068493150684932,0.4383561643835616,0.0,0.0547945205479452
255,0.0,0.13901345291479822,0.7399103139013453,0.1210762331838565
256,0.0,0.3463035019455253,0.5719844357976653,0.08171206225680934
257,0.028985507246376812,0.0,0.11594202898550725,0.855072463768116
258,0.0,0.09302325581395349,0.4418604651162791,0.46511627906976744
259,0.8902439024390244,0.07926829268292683,0.0,0.03048780487804878
260,0.0,1.0,0.0,0.0
261,0.17045454545454544,0.0,0.45454545454545453,0.375
262,0.0,0.6666666666666666,0.3333333333333333,0.0
263,0.3924050632911392,0.45569620253164556,0.0,0.1518987341772152
264,0.0,0.6372549019607843,0.3431372549019608,0.0196078431372549
265,0.0,0.2222222222222222,0.7387387387387387,0.03903903903903904
266,0.0,0.20540540540540542,0.7675675675675676,0.02702702702702703
267,0.0,0.22666666666666666,0.7022222222222222,0.07111111111111111
268,0.034782608695652174,0.0,0.20869565217391303,0.7565217391304347
269,0.2125,0.0,0.31875,0.46875
270,0.25,0.5,0.0,0.25
271,0.0,0.2903225806451613,0.7096774193548387,0.0
272,0.5384615384615384,0.41687344913151364,0.0,0.04466501240694789
273,0.375,0.25,0.0,0.375
274,0.0,0.2,0.8,0.0
275,0.36,0.0,0.04,0.6
276,0.0,0.022222222222222223,0.37777777777777777,0.6
277,0.4,0.0,0.2,0.4
278,0.0,0.1569767441860465,0.6511627906976745,0.19186046511627908
279,0.6,0.2,0.0,0.2
280,0.021739130434782608,0.0,0.9695652173913043,0.008695652173913044
281,0.18867924528301888,0.0,0.018867924528301886,0.7924528301886793
282,0.7033707865168539,0.2292134831460674,0.0,0.06741573033707865
283,0.02564102564102564,0.8205128205128205,0.15384615384615385,0.0
284,0.20310296191819463,0.459802538787024,0.0,0.33709449929478136
285,0.25,0.0,0.75,0.0
286,0.0,0.0,0.25,0.75
287,0.0,0.9878542510121457,0.012145748987854251,0.0
288,0.0,0.6666666666666666,0.3333333333333333,0.0
289,0.0,0.01910828025477707,0.07643312101910828,0.9044585987261147
290,0.006622516556291391,0.0,0.02207505518763797,0.9713024282560706
291,0.3076923076923077,0.11538461538461539,0.5769230769230769,0.0
292,0.3333333333333333,0.16666666666666666,0.0,0.5
293,0.0,0.8818181818181818,0.11818181818181818,0.0
294,0.0,0.013824884792626729,0.7465437788018433,0.23963133640552994
295,0.06701030927835051,0.0,0.1134020618556701,0.8195876288659794
296,0.5151515151515151,0.0,0.16161616161616163,0.32323232323232326
297,0.0,0.09433962264150944,0.6226415094339622,0.2830188679245283
298,0.3786407766990291,0.0,0.1262135922330097,0.49514563106796117
299,0.0,0.20408163265306123,0.6326530612244898,0.16326530612244897
300,0.6363636363636364,0.18181818181818182,0.0,0.18181818181818182
301,0.0,0.11428571428571428,0.8285714285714286,0.05714285714285714
302,0.5833333333333334,0.4166666666666667,0.0,0.0
303,0.021739130434782608,0.0,0.10869565217391304,0.8695652173913043
304,0.875,0.0,0.125,0.0
305,0.2,0.6,0.0,0.2
306,0.0,0.0,1.0,0.0
307,0.5,0.0,0.0,0.5
308,1.0,0.0,0.0,0.0
309,0.0,0.0,1.0,0.0
310,0.0,1.0,0.0,0.0
311,0.0,0.0,0.0,1.0
312,0.0,0.0,1.0,0.0
313,0.0,1.0,0.0,0.0
314,,,,
315,,,,
316,,,,
317,,,,
318,,,,
319,,,,
320,,,,
321,,,,
