,A,C,G,T
0,,,,
1,,,,
2,0.5141843971631206,0.425531914893617,0.0,0.06028368794326241
3,0.7471264367816092,0.1724137931034483,0.0,0.08045977011494253
4,0.4876847290640394,0.3645320197044335,0.1477832512315271,0.0
5,0.6226415094339622,0.1792452830188679,0.0,0.19811320754716982
6,0.7025316455696202,0.0,0.16455696202531644,0.13291139240506328
7,0.0,0.065,0.685,0.25
8,0.6580366774541532,0.25782092772384035,0.0,0.08414239482200647
9,0.10718789407313997,0.0,0.23581336696090793,0.6569987389659521
10,0.18181818181818182,0.5454545454545454,0.2727272727272727,0.0
11,0.5826086956521739,0.13043478260869565,0.0,0.28695652173913044
12,0.35344827586206895,0.19827586206896552,0.0,0.4482758620689655
13,0.3482142857142857,0.6160714285714286,0.03571428571428571,0.0
14,0.4714285714285714,0.11428571428571428,0.0,0.4142857142857143
15,0.035211267605633804,0.8169014084507042,0.0,0.14788732394366197
16,0.0,0.6527777777777778,0.16666666666666666,0.18055555555555555
17,0.7370517928286853,0.1952191235059761,0.0,0.06772908366533864
18,0.4186046511627907,0.18604651162790697,0.3953488372093023,0.0
19,0.3684210526315789,0.0,0.10526315789473684,0.5263157894736842
20,0.12704918032786885,0.22950819672131148,0.6434426229508197,0.0
21,0.15,0.25,0.0,0.6
22,0.14285714285714285,0.07142857142857142,0.0,0.7857142857142857
23,0.2948717948717949,0.07692307692307693,0.0,0.6282051282051282
24,0.375,0.15625,0.0,0.46875
25,0.23333333333333334,0.16666666666666666,0.0,0.6
26,0.0,0.5454545454545454,0.31313131313131315,0.1414141414141414
27,0.7151515151515152,0.15757575757575756,0.0,0.12727272727272726
28,0.6557377049180327,0.28763040238450077,0.0,0.05663189269746647
29,0.11818181818181818,0.0,0.34545454545454546,0.5363636363636364
30,0.037383177570093455,0.7383177570093458,0.22429906542056074,0.0
31,0.012195121951219513,0.5365853658536586,0.45121951219512196,0.0
32,0.6377952755905512,0.23622047244094488,0.0,0.12598425196850394
33,0.35714285714285715,0.11904761904761904,0.0,0.5238095238095238
34,0.047619047619047616,0.8095238095238095,0.14285714285714285,0.0
35,0.5073529411764706,0.0,0.3235294117647059,0.16911764705882354
36,0.4423076923076923,0.0,0.49038461538461536,0.0673076923076923
37,0.0,0.208955223880597,0.7686567164179104,0.022388059701492536
38,0.4496124031007752,0.20930232558139536,0.0,0.34108527131782945
39,0.28,0.0,0.26666666666666666,0.4533333333333333
40,0.1323529411764706,0.0,0.5,0.36764705882352944
41,0.01874414245548266,0.01499531396438613,0.9662605435801312,0.0
42,0.22727272727272727,0.13636363636363635,0.0,0.6363636363636364
43,0.45161290322580644,0.03225806451612903,0.0,0.5161290322580645
44,0.3394495412844037,0.28440366972477066,0.0,0.3761467889908257
45,0.5,0.125,0.0,0.375
46,0.8516483516483516,0.06043956043956044,0.0,0.08791208791208792
47,0.6027397260273972,0.1643835616438356,0.0,0.2328767123287671
48,0.3333333333333333,0.32098765432098764,0.345679012345679,0.0
49,0.42105263157894735,0.0,0.2631578947368421,0.3157894736842105
50,0.26618705035971224,0.0,0.2589928057553957,0.4748201438848921
51,0.208955223880597,0.0,0.2835820895522388,0.5074626865671642
52,0.22,0.24,0.54,0.0
53,0.4699248120300752,0.4473684210526316,0.0,0.08270676691729323
54,0.0,0.7410714285714286,0.17857142857142858,0.08035714285714286
55,0.28205128205128205,0.5811965811965812,0.0,0.13675213675213677
56,0.0,0.46853146853146854,0.4125874125874126,0.11888111888111888
57,0.23300970873786409,0.0,0.6601941747572816,0.10679611650485436
58,0.09523809523809523,0.5238095238095238,0.38095238095238093,0.0
59,0.16417910447761194,0.0,0.4626865671641791,0.373134328358209
60,0.1588785046728972,0.45794392523364486,0.38317757009345793,0.0
61,0.5806451612903226,0.0,0.25806451612903225,0.16129032258064516
62,0.22868217054263565,0.0,0.09302325581395349,0.6782945736434108
63,0.03333333333333333,0.3,0.6666666666666666,0.0
64,0.2727272727272727,0.36363636363636365,0.0,0.36363636363636365
65,0.00966183574879227,0.8743961352657005,0.11594202898550725,0.0
66,0.5730337078651685,0.10861423220973783,0.0,0.31835205992509363
67,0.2177121771217712,0.0,0.06888068880688807,0.7134071340713407
68,0.0,0.323943661971831,0.4084507042253521,0.2676056338028169
69,0.6086956521739131,0.10144927536231885,0.0,0.2898550724637681
70,0.054673721340388004,0.0,0.3368606701940035,0.6084656084656085
71,0.15384615384615385,0.0,0.46923076923076923,0.3769230769230769
72,0.17204301075268819,0.44086021505376344,0.3870967741935484,0.0
73,0.375,0.0,0.125,0.5
74,0.2028985507246377,0.4673913043478261,0.32971014492753625,0.0
75,0.7466666666666667,0.12,0.0,0.13333333333333333
76,0.6614583333333334,0.22916666666666666,0.0,0.109375
77,0.0,0.391025641025641,0.40384615384615385,0.20512820512820512
78,0.18385650224215247,0.5515695067264574,0.2645739910313901,0.0
79,0.2840909090909091,0.4431818181818182,0.2727272727272727,0.0
80,0.2711864406779661,0.0,0.12429378531073447,0.6045197740112994
81,0.0,0.4781491002570694,0.3110539845758355,0.21079691516709512
82,0.17831813576494426,0.0,0.49240121580547114,0.3292806484295846
83,0.20090293453724606,0.0,0.3261851015801354,0.4729119638826185
84,0.1888111888111888,0.6818181818181818,0.12937062937062938,0.0
85,0.23577235772357724,0.5365853658536586,0.22764227642276422,0.0
86,0.09717314487632508,0.7385159010600707,0.16431095406360424,0.0
87,0.0,0.30434782608695654,0.6173913043478261,0.0782608695652174
88,0.5805471124620061,0.3556231003039514,0.0,0.06382978723404255
89,0.26455026455026454,0.4673721340388007,0.26807760141093473,0.0
90,0.0,0.17305699481865286,0.6715025906735751,0.15544041450777202
91,0.6758214811181952,0.2574791564492398,0.0,0.06669936243256498
92,0.14152202937249667,0.0,0.13551401869158877,0.7229639519359146
93,0.25691056910569104,0.5430894308943089,0.2,0.0
94,0.0,0.3741109530583215,0.16927453769559034,0.4566145092460882
95,0.07654320987654321,0.8123456790123457,0.1111111111111111,0.0
96,0.24161073825503357,0.40939597315436244,0.348993288590604,0.0
97,0.5682656826568265,0.25830258302583026,0.0,0.17343173431734318
98,0.09274193548387097,0.6169354838709677,0.0,0.2903225806451613
99,0.0,0.512396694214876,0.18181818181818182,0.30578512396694213
100,0.1,0.6166666666666667,0.2833333333333333,0.0
101,0.13861386138613863,0.4158415841584158,0.0,0.44554455445544555
102,0.0,0.17062634989200864,0.6501079913606912,0.17926565874730022
103,0.25857654889912957,0.6989247311827957,0.0,0.04249871991807476
104,0.036939313984168866,0.0,0.1565523306948109,0.8065083553210203
105,0.0625,0.3125,0.625,0.0
106,0.17391304347826086,0.08695652173913043,0.0,0.7391304347826086
107,0.2631578947368421,0.05263157894736842,0.0,0.6842105263157895
108,0.3446601941747573,0.2524271844660194,0.0,0.4029126213592233
109,0.12121212121212122,0.7424242424242424,0.13636363636363635,0.0
110,0.22727272727272727,0.0,0.25,0.5227272727272727
111,0.2619047619047619,0.0,0.40476190476190477,0.3333333333333333
112,0.5294117647058824,0.11764705882352941,0.0,0.35294117647058826
113,0.21487603305785125,0.0,0.2396694214876033,0.5454545454545454
114,0.6486486486486487,0.0,0.08108108108108109,0.2702702702702703
115,0.0,0.17894736842105263,0.5263157894736842,0.29473684210526313
116,0.7192982456140351,0.12280701754385964,0.0,0.15789473684210525
117,0.477088948787062,0.23450134770889489,0.0,0.2884097035040431
118,0.17094017094017094,0.0,0.26495726495726496,0.5641025641025641
119,0.04924242424242424,0.6893939393939394,0.26136363636363635,0.0
120,0.3870967741935484,0.0,0.16129032258064516,0.45161290322580644
121,0.6129032258064516,0.0,0.22580645161290322,0.16129032258064516
122,0.0,0.21301775147928995,0.5502958579881657,0.23668639053254437
123,0.5483870967741935,0.24193548387096775,0.0,0.20967741935483872
124,0.5486725663716814,0.23893805309734514,0.0,0.21238938053097345
125,0.6336898395721925,0.20053475935828877,0.0,0.1657754010695187
126,0.0,0.36363636363636365,0.6013986013986014,0.03496503496503497
127,0.0,0.08387096774193549,0.8838709677419355,0.03225806451612903
128,0.0,0.052830188679245285,0.630188679245283,0.3169811320754717
129,0.4507042253521127,0.352112676056338,0.0,0.19718309859154928
130,0.45794392523364486,0.21495327102803738,0.0,0.32710280373831774
131,0.6349206349206349,0.25,0.0,0.11507936507936507
132,0.40444444444444444,0.0,0.31555555555555553,0.28
133,0.046242774566473986,0.5606936416184971,0.3930635838150289,0.0
134,0.4896551724137931,0.08275862068965517,0.0,0.42758620689655175
135,0.3492063492063492,0.42857142857142855,0.0,0.2222222222222222
136,0.0,0.08771929824561403,0.8526315789473684,0.05964912280701754
137,0.782608695652174,0.08333333333333333,0.0,0.13405797101449277
138,0.06666666666666667,0.07692307692307693,0.8564102564102564,0.0
139,0.23529411764705882,0.26737967914438504,0.0,0.49732620320855614
140,0.21428571428571427,0.42857142857142855,0.0,0.35714285714285715
141,0.19747899159663865,0.41596638655462187,0.0,0.3865546218487395
142,0.13333333333333333,0.041666666666666664,0.825,0.0
143,0.2905405405405405,0.12162162162162163,0.0,0.5878378378378378
144,0.6213592233009708,0.06796116504854369,0.0,0.3106796116504854
145,0.38095238095238093,0.0,0.5238095238095238,0.09523809523809523
146,0.7900355871886121,0.0,0.12811387900355872,0.08185053380782918
147,0.0,0.23545706371191136,0.481994459833795,0.28254847645429365
148,0.0,0.3074581430745814,0.502283105022831,0.1902587519025875
149,0.1639784946236559,0.0,0.1693548387096774,0.6666666666666666
150,0.0,0.15246636771300448,0.5695067264573991,0.27802690582959644
151,0.23295454545454544,0.19886363636363635,0.5681818181818182,0.0
152,0.0,0.3289760348583878,0.3289760348583878,0.3420479302832244
153,0.0,0.2313167259786477,0.7188612099644128,0.0498220640569395
154,0.0,0.16116504854368932,0.7029126213592233,0.13592233009708737
155,0.28267868641339344,0.5132002575660013,0.0,0.2041210560206053
156,0.19691403379867745,0.0,0.7046289493019838,0.09845701689933872
157,0.0,0.5906921241050119,0.2649164677804296,0.14439140811455847
158,0.0,0.33903133903133903,0.39886039886039887,0.2621082621082621
159,0.4155844155844156,0.18181818181818182,0.0,0.4025974025974026
160,0.0,0.21033210332103322,0.5387453874538746,0.25092250922509224
161,0.22279792746113988,0.5466321243523317,0.23056994818652848,0.0
162,0.2074074074074074,0.1925925925925926,0.0,0.6
163,0.46875,0.434375,0.0,0.096875
164,0.0,0.3790322580645161,0.5591397849462365,0.06182795698924731
165,0.0,0.23333333333333334,0.6527777777777778,0.11388888888888889
166,0.3092948717948718,0.5608974358974359,0.0,0.12980769230769232
167,0.25,0.25793650793650796,0.49206349206349204,0.0
168,0.3818722139673105,0.512630014858841,0.0,0.10549777117384844
169,0.0,0.42338709677419356,0.22849462365591397,0.3481182795698925
170,0.3247978436657682,0.5404312668463612,0.0,0.1347708894878706
171,0.0,0.32521739130434785,0.6156521739130435,0.059130434782608696
172,0.0,0.46514047866805414,0.2684703433922997,0.2663891779396462
173,0.0,0.11699507389162561,0.7610837438423645,0.12192118226600986
174,0.439696106362773,0.34472934472934474,0.21557454890788225,0.0
175,0.0,0.35082458770614694,0.19490254872563717,0.4542728635682159
176,0.08700696055684455,0.0,0.25986078886310904,0.6531322505800464
177,0.1858974358974359,0.358974358974359,0.4551282051282051,0.0
178,0.0,0.38764044943820225,0.12921348314606743,0.48314606741573035
179,0.07142857142857142,0.6468253968253969,0.28174603174603174,0.0
180,0.25157232704402516,0.4779874213836478,0.0,0.27044025157232704
181,0.07647058823529412,0.6098039215686275,0.3137254901960784,0.0
182,0.5686274509803921,0.2,0.0,0.23137254901960785
183,0.4489795918367347,0.37755102040816324,0.0,0.17346938775510204
184,0.0,0.34831460674157305,0.5870786516853933,0.06460674157303371
185,0.22522522522522523,0.0,0.5180180180180181,0.25675675675675674
186,0.1564625850340136,0.14965986394557823,0.6938775510204082,0.0
187,0.4492753623188406,0.0,0.21739130434782608,0.3333333333333333
188,0.13592233009708737,0.49029126213592233,0.3737864077669903,0.0
189,0.3151750972762646,0.49416342412451364,0.0,0.19066147859922178
190,0.10144927536231885,0.2391304347826087,0.6594202898550725,0.0
191,0.4768211920529801,0.2582781456953642,0.0,0.26490066225165565
192,0.0,0.21962616822429906,0.7570093457943925,0.02336448598130841
193,0.0,0.08623548922056384,0.8739635157545605,0.03980099502487562
194,0.46,0.15,0.0,0.39
195,0.3516483516483517,0.13186813186813187,0.0,0.5164835164835165
196,0.3783783783783784,0.25675675675675674,0.0,0.36486486486486486
197,0.2777777777777778,0.0,0.34444444444444444,0.37777777777777777
198,0.4186046511627907,0.0,0.3488372093023256,0.23255813953488372
199,0.4444444444444444,0.15555555555555556,0.0,0.4
200,0.0,0.37354988399071926,0.4593967517401392,0.16705336426914152
201,0.2682926829268293,0.2764227642276423,0.45528455284552843,0.0
202,0.29310344827586204,0.1206896551724138,0.5862068965517241,0.0
203,0.4111111111111111,0.0,0.17777777777777778,0.4111111111111111
204,0.0,0.14826498422712933,0.580441640378549,0.27129337539432175
205,0.09090909090909091,0.0,0.33724340175953077,0.5718475073313783
206,0.3565217391304348,0.0,0.17391304347826086,0.46956521739130436
207,0.0,0.06432748538011696,0.8801169590643275,0.05555555555555555
208,0.1724137931034483,0.296551724137931,0.5310344827586206,0.0
209,0.26112759643916916,0.0,0.2344213649851632,0.5044510385756676
210,0.24539877300613497,0.1656441717791411,0.588957055214724,0.0
211,0.4457831325301205,0.0,0.20481927710843373,0.3493975903614458
212,0.375,0.0,0.24166666666666667,0.38333333333333336
213,0.0,0.6699029126213593,0.2621359223300971,0.06796116504854369
214,0.5967741935483871,0.14516129032258066,0.0,0.25806451612903225
215,0.0,0.11797752808988764,0.797752808988764,0.08426966292134831
216,0.6153846153846154,0.1076923076923077,0.0,0.27692307692307694
217,0.0,0.5142857142857142,0.34285714285714286,0.14285714285714285
218,0.4473684210526316,0.0,0.20175438596491227,0.3508771929824561
219,0.0,0.14814814814814814,0.7777777777777778,0.07407407407407407
220,0.0,0.28421052631578947,0.5684210526315789,0.14736842105263157
221,0.19282511210762332,0.0,0.08520179372197309,0.7219730941704036
222,0.4758364312267658,0.11152416356877323,0.0,0.41263940520446096
223,0.33691756272401435,0.0,0.3046594982078853,0.35842293906810035
224,0.4375,0.0,0.24107142857142858,0.32142857142857145
225,0.0,0.33495145631067963,0.6092233009708737,0.055825242718446605
226,0.0,0.04044943820224719,0.7932584269662921,0.1662921348314607
227,0.5804597701149425,0.27586206896551724,0.0,0.14367816091954022
228,0.0,0.13186813186813187,0.8131868131868132,0.054945054945054944
229,0.0,0.28205128205128205,0.6762820512820513,0.041666666666666664
230,0.04919786096256684,0.0,0.2748663101604278,0.6759358288770053
231,0.5658914728682171,0.031007751937984496,0.40310077519379844,0.0
232,0.16993464052287582,0.0,0.032679738562091505,0.7973856209150327
233,0.0,0.25502008032128515,0.3614457831325301,0.38353413654618473
234,0.08731808731808732,0.0,0.5384615384615384,0.37422037422037424
235,0.26506024096385544,0.1927710843373494,0.5421686746987951,0.0
236,0.4773109243697479,0.3495798319327731,0.0,0.173109243697479
237,0.2168141592920354,0.3584070796460177,0.4247787610619469,0.0
238,0.0,0.23773987206823027,0.04051172707889126,0.7217484008528785
239,0.09239130434782608,0.6304347826086957,0.27717391304347827,0.0
240,0.09006211180124224,0.0,0.07453416149068323,0.8354037267080745
241,0.25806451612903225,0.12903225806451613,0.6129032258064516,0.0
242,0.5102880658436214,0.2757201646090535,0.0,0.2139917695473251
243,0.13658536585365855,0.0,0.824390243902439,0.03902439024390244
244,0.0,0.19230769230769232,0.5961538461538461,0.21153846153846154
245,0.0,0.21204188481675393,0.7329842931937173,0.0549738219895288
246,0.0,0.3389830508474576,0.3559322033898305,0.3050847457627119
247,0.06779661016949153,0.15254237288135594,0.7796610169491526,0.0
248,0.2891566265060241,0.3614457831325301,0.0,0.3493975903614458
249,0.0,0.06192660550458716,0.8807339449541285,0.05733944954128441
250,0.0,0.2729591836734694,0.6428571428571429,0.08418367346938775
251,0.1320754716981132,0.0,0.11635220125786164,0.7515723270440252
252,0.0,0.13709677419354838,0.7782258064516129,0.0846774193548387
253,0.7223476297968398,0.19413092550790068,0.0,0.0835214446952596
254,0.14551083591331268,0.0,0.10526315789473684,0.7492260061919505
255,0.145985401459854,0.0,0.2846715328467153,0.5693430656934306
256,0.05970149253731343,0.16417910447761194,0.7761194029850746,0.0
257,0.3233082706766917,0.39097744360902253,0.0,0.2857142857142857
258,0.0,0.367003367003367,0.5993265993265994,0.03367003367003367
259,0.3898916967509025,0.555956678700361,0.0,0.05415162454873646
260,0.0,0.2843601895734597,0.5971563981042654,0.11848341232227488
261,0.3597122302158273,0.5719424460431655,0.0,0.0683453237410072
262,0.10552763819095477,0.0,0.12814070351758794,0.7663316582914573
263,0.2564102564102564,0.0,0.19230769230769232,0.5512820512820513
264,0.5,0.1388888888888889,0.0,0.3611111111111111
265,0.0,0.19767441860465115,0.6162790697674418,0.18604651162790697
266,0.4510050251256281,0.5025125628140703,0.0,0.04648241206030151
267,0.24,0.08,0.0,0.68
268,0.0,0.2916666666666667,0.4166666666666667,0.2916666666666667
269,0.24528301886792453,0.0,0.09433962264150944,0.660377358490566
270,0.0,0.034722222222222224,0.2986111111111111,0.6666666666666666
271,0.36363636363636365,0.0,0.20454545454545456,0.4318181818181818
272,0.4,0.34444444444444444,0.0,0.25555555555555554
273,0.2978723404255319,0.06382978723404255,0.0,0.6382978723404256
274,0.04807692307692308,0.0,0.9134615384615384,0.038461538461538464
275,0.04497354497354497,0.9091710758377425,0.04585537918871252,0.0
276,0.49818181818181817,0.31393939393939396,0.0,0.18787878787878787
277,0.14912280701754385,0.631578947368421,0.21929824561403508,0.0
278,0.3630573248407643,0.36550710436060757,0.0,0.2714355707986281
279,0.06060606060606061,0.12121212121212122,0.8181818181818182,0.0
280,0.0,0.10810810810810811,0.08108108108108109,0.8108108108108109
281,0.02586206896551724,0.8706896551724138,0.10344827586206896,0.0
282,0.16666666666666666,0.36666666666666664,0.4666666666666667,0.0
283,0.0,0.034031413612565446,0.04450261780104712,0.9214659685863874
284,0.01483679525222552,0.0,0.028189910979228485,0.956973293768546
285,0.24096385542168675,0.1927710843373494,0.5662650602409639,0.0
286,0.42857142857142855,0.14285714285714285,0.0,0.42857142857142855
287,0.0,0.6847826086956522,0.31521739130434784,0.0
288,0.7295918367346939,0.015306122448979591,0.0,0.25510204081632654
289,0.07194244604316546,0.0,0.2038369304556355,0.7242206235011991
290,0.5168539325842697,0.21348314606741572,0.0,0.2696629213483146
291,0.0,0.5324675324675324,0.4675324675324675,0.0
292,0.390625,0.609375,0.0,0.0
293,0.0,0.10526315789473684,0.7105263157894737,0.18421052631578946
294,0.2545454545454545,0.2,0.5454545454545454,0.0
295,0.3888888888888889,0.0,0.35185185185185186,0.25925925925925924
296,0.21428571428571427,0.35714285714285715,0.42857142857142855,0.0
297,0.42857142857142855,0.0,0.42857142857142855,0.14285714285714285
298,0.2,0.4,0.0,0.4
299,0.0,0.0,0.7142857142857143,0.2857142857142857
300,0.0,0.6666666666666666,0.16666666666666666,0.16666666666666666
301,0.0,0.0,0.0,1.0
302,0.0,0.0,0.0,1.0
303,,,,
304,0.0,0.75,0.25,0.0
305,0.0,0.0,1.0,0.0
306,0.0,0.0,1.0,0.0
307,,,,
308,,,,
309,,,,
310,,,,
311,,,,
312,,,,
313,,,,
