,A,C,G,T
0,,,,
1,,,,
2,0.6976744186046512,0.20930232558139536,0.0,0.09302325581395349
3,0.5671641791044776,0.23880597014925373,0.0,0.19402985074626866
4,0.17857142857142858,0.6607142857142857,0.16071428571428573,0.0
5,0.28378378378378377,0.0,0.3783783783783784,0.33783783783783783
6,0.8857142857142857,0.0,0.11428571428571428,0.0
7,0.0,0.1827956989247312,0.7096774193548387,0.10752688172043011
8,0.5226130653266332,0.42462311557788945,0.0,0.052763819095477386
9,0.11347517730496454,0.0,0.1453900709219858,0.7411347517730497
10,0.2857142857142857,0.2857142857142857,0.42857142857142855,0.0
11,0.47540983606557374,0.22950819672131148,0.0,0.29508196721311475
12,0.49624060150375937,0.48872180451127817,0.0,0.015037593984962405
13,0.5142857142857142,0.32857142857142857,0.15714285714285714,0.0
14,0.644927536231884,0.15942028985507245,0.0,0.1956521739130435
15,0.3333333333333333,0.0,0.0,0.6666666666666666
16,0.0,0.875,0.0,0.125
17,0.0,0.02102803738317757,0.9509345794392523,0.028037383177570093
18,0.15,0.3,0.55,0.0
19,0.0625,0.0,0.375,0.5625
20,0.21621621621621623,0.6306306306306306,0.15315315315315314,0.0
21,0.0625,0.25,0.0,0.6875
22,0.5454545454545454,0.36363636363636365,0.0,0.09090909090909091
23,0.6363636363636364,0.16363636363636364,0.0,0.2
24,0.42587601078167114,0.40161725067385445,0.0,0.1725067385444744
25,0.19047619047619047,0.0,0.4523809523809524,0.35714285714285715
26,0.4020618556701031,0.32989690721649484,0.26804123711340205,0.0
27,0.15384615384615385,0.07692307692307693,0.0,0.7692307692307693
28,0.0,0.7301587301587301,0.06349206349206349,0.20634920634920634
29,0.7419354838709677,0.1935483870967742,0.0,0.06451612903225806
30,0.3935483870967742,0.3741935483870968,0.0,0.23225806451612904
31,0.08333333333333333,0.7083333333333334,0.20833333333333334,0.0
32,0.35185185185185186,0.18518518518518517,0.0,0.46296296296296297
33,0.0,0.6835443037974683,0.27848101265822783,0.0379746835443038
34,0.0,0.15598885793871867,0.7019498607242339,0.14206128133704735
35,0.6190476190476191,0.09523809523809523,0.0,0.2857142857142857
36,0.0,0.2818181818181818,0.7,0.01818181818181818
37,0.0,0.1752988047808765,0.7808764940239044,0.043824701195219126
38,0.3375,0.425,0.0,0.2375
39,0.5,0.0,0.225,0.275
40,0.6,0.0,0.1,0.3
41,0.1125,0.24375,0.64375,0.0
42,0.058823529411764705,0.29411764705882354,0.0,0.6470588235294118
43,0.4418604651162791,0.32558139534883723,0.0,0.23255813953488372
44,0.39473684210526316,0.4868421052631579,0.0,0.11842105263157894
45,0.06,0.16,0.78,0.0
46,0.43478260869565216,0.0,0.0,0.5652173913043478
47,0.052083333333333336,0.0,0.4895833333333333,0.4583333333333333
48,0.05128205128205128,0.5128205128205128,0.4358974358974359,0.0
49,0.32142857142857145,0.0,0.42857142857142855,0.25
50,0.6622222222222223,0.2311111111111111,0.0,0.10666666666666667
51,0.5217391304347826,0.2608695652173913,0.0,0.21739130434782608
52,0.0,0.5294117647058824,0.47058823529411764,0.0
53,0.345679012345679,0.18518518518518517,0.0,0.4691358024691358
54,0.0,0.5384615384615384,0.46153846153846156,0.0
55,0.0,0.192,0.7653333333333333,0.042666666666666665
56,0.7121212121212122,0.19696969696969696,0.0,0.09090909090909091
57,0.375,0.48863636363636365,0.0,0.13636363636363635
58,0.1111111111111111,0.6666666666666666,0.2222222222222222,0.0
59,0.16326530612244897,0.0,0.2653061224489796,0.5714285714285714
60,0.30952380952380953,0.3333333333333333,0.35714285714285715,0.0
61,0.48148148148148145,0.0,0.037037037037037035,0.48148148148148145
62,0.049689440993788817,0.0,0.2546583850931677,0.6956521739130435
63,0.25,0.375,0.375,0.0
64,0.25,0.08333333333333333,0.0,0.6666666666666666
65,0.020833333333333332,0.0,0.010416666666666666,0.96875
66,0.0,0.5931372549019608,0.3627450980392157,0.04411764705882353
67,0.0,0.43636363636363634,0.4581818181818182,0.10545454545454545
68,0.7045454545454546,0.1590909090909091,0.0,0.13636363636363635
69,0.57,0.175,0.0,0.255
70,0.05945945945945946,0.0,0.032432432432432434,0.9081081081081082
71,0.15977443609022557,0.7349624060150376,0.10526315789473684,0.0
72,0.04716981132075472,0.5943396226415094,0.3584905660377358,0.0
73,0.23214285714285715,0.0,0.07142857142857142,0.6964285714285714
74,0.1937984496124031,0.5116279069767442,0.29457364341085274,0.0
75,0.7816091954022989,0.11494252873563218,0.0,0.10344827586206896
76,0.35526315789473684,0.4868421052631579,0.0,0.15789473684210525
77,0.0,0.31840796019900497,0.47761194029850745,0.20398009950248755
78,0.452991452991453,0.27350427350427353,0.0,0.27350427350427353
79,0.786096256684492,0.08912655971479501,0.0,0.12477718360071301
80,0.4752475247524752,0.0,0.3465346534653465,0.1782178217821782
81,0.0,0.2915451895043732,0.1457725947521866,0.5626822157434402
82,0.21153846153846154,0.0,0.45,0.3384615384615385
83,0.32167832167832167,0.0,0.12937062937062938,0.548951048951049
84,0.13513513513513514,0.6378378378378379,0.22702702702702704,0.0
85,0.16470588235294117,0.6823529411764706,0.15294117647058825,0.0
86,0.3157894736842105,0.0,0.08771929824561403,0.5964912280701754
87,0.0,0.20512820512820512,0.7094017094017094,0.08547008547008547
88,0.5569155446756426,0.32313341493268055,0.0,0.11995104039167687
89,0.18993135011441648,0.0,0.16018306636155608,0.6498855835240275
90,0.0,0.1722689075630252,0.5966386554621849,0.23109243697478993
91,0.3951048951048951,0.4766899766899767,0.0,0.1282051282051282
92,0.12082514734774066,0.0,0.13555992141453832,0.743614931237721
93,0.23554603854389722,0.49036402569593146,0.2740899357601713,0.0
94,0.0,0.4659400544959128,0.027247956403269755,0.5068119891008175
95,0.1653061224489796,0.6755102040816326,0.15918367346938775,0.0
96,0.0,0.14732142857142858,0.48660714285714285,0.36607142857142855
97,0.0900763358778626,0.0,0.5236641221374045,0.38625954198473283
98,0.2360655737704918,0.6721311475409836,0.09180327868852459,0.0
99,0.0,0.16951379763469118,0.22864651773981604,0.6018396846254928
100,0.74,0.14,0.12,0.0
101,0.15789473684210525,0.0,0.09736842105263158,0.7447368421052631
102,0.0,0.24675324675324675,0.4199134199134199,0.3333333333333333
103,0.5663082437275986,0.37455197132616486,0.0,0.05913978494623656
104,0.015625,0.0,0.12109375,0.86328125
105,0.13333333333333333,0.3333333333333333,0.5333333333333333,0.0
106,0.0,0.2,0.0,0.8
107,0.0,0.18181818181818182,0.0,0.8181818181818182
108,0.22727272727272727,0.564935064935065,0.0,0.2077922077922078
109,0.05555555555555555,0.2222222222222222,0.7222222222222222,0.0
110,0.46153846153846156,0.15384615384615385,0.0,0.38461538461538464
111,0.43478260869565216,0.0,0.21739130434782608,0.34782608695652173
112,0.2,0.4,0.0,0.4
113,0.0,0.29591836734693877,0.6564625850340136,0.047619047619047616
114,0.7804878048780488,0.0,0.12195121951219512,0.0975609756097561
115,0.0,0.13095238095238096,0.16666666666666666,0.7023809523809523
116,0.7037037037037037,0.1111111111111111,0.0,0.18518518518518517
117,0.7586206896551724,0.13793103448275862,0.0,0.10344827586206896
118,0.09259259259259259,0.0,0.07407407407407407,0.8333333333333334
119,0.2916666666666667,0.0,0.25,0.4583333333333333
120,0.1875,0.0,0.1875,0.625
121,0.17857142857142858,0.0,0.75,0.07142857142857142
122,0.2548076923076923,0.5048076923076923,0.2403846153846154,0.0
123,0.7,0.05,0.0,0.25
124,0.8823529411764706,0.029411764705882353,0.0,0.08823529411764706
125,0.0,0.233502538071066,0.4010152284263959,0.36548223350253806
126,0.5,0.0,0.4583333333333333,0.041666666666666664
127,0.0,0.07352941176470588,0.7941176470588235,0.1323529411764706
128,0.0,0.20093457943925233,0.6565420560747663,0.1425233644859813
129,0.525,0.35,0.0,0.125
130,0.0,0.5,0.0,0.5
131,0.5472312703583062,0.34527687296416937,0.0,0.10749185667752444
132,0.11842105263157894,0.0,0.2631578947368421,0.618421052631579
133,0.072,0.88,0.048,0.0
134,0.14960629921259844,0.29133858267716534,0.5590551181102362,0.0
135,0.0684931506849315,0.9178082191780822,0.0,0.0136986301369863
136,0.0,0.45454545454545453,0.09090909090909091,0.45454545454545453
137,0.9523809523809523,0.009523809523809525,0.0,0.0380952380952381
138,0.1111111111111111,0.1111111111111111,0.7777777777777778,0.0
139,0.7142857142857143,0.02857142857142857,0.0,0.2571428571428571
140,0.0,0.8095238095238095,0.0,0.19047619047619047
141,0.0,0.3855421686746988,0.4497991967871486,0.1646586345381526
142,0.14285714285714285,0.2857142857142857,0.5714285714285714,0.0
143,0.391304347826087,0.25,0.0,0.358695652173913
144,0.3888888888888889,0.0,0.0,0.6111111111111112
145,0.13793103448275862,0.6551724137931034,0.0,0.20689655172413793
146,0.0,0.518957345971564,0.4265402843601896,0.054502369668246446
147,0.0,0.44285714285714284,0.37857142857142856,0.17857142857142858
148,0.5161290322580645,0.2129032258064516,0.0,0.2709677419354839
149,0.5767195767195767,0.18518518518518517,0.0,0.23809523809523808
150,0.0,0.12138728323699421,0.630057803468208,0.24855491329479767
151,0.16535433070866143,0.1889763779527559,0.6456692913385826,0.0
152,0.2689075630252101,0.0,0.10084033613445378,0.6302521008403361
153,0.0,0.3547008547008547,0.5213675213675214,0.12393162393162394
154,0.22073578595317725,0.5418060200668896,0.23745819397993312,0.0
155,0.18055555555555555,0.0,0.2222222222222222,0.5972222222222222
156,0.4375,0.0,0.33035714285714285,0.23214285714285715
157,0.25301204819277107,0.0,0.10843373493975904,0.6385542168674698
158,0.24349442379182157,0.5910780669144982,0.1654275092936803,0.0
159,0.0,0.327445652173913,0.4361413043478261,0.23641304347826086
160,0.15083798882681565,0.3743016759776536,0.4748603351955307,0.0
161,0.19818799546998866,0.0,0.3012457531143828,0.5005662514156285
162,0.17690677966101695,0.0,0.4883474576271186,0.3347457627118644
163,0.23076923076923078,0.5014245014245015,0.2678062678062678,0.0
164,0.205607476635514,0.3582554517133956,0.43613707165109034,0.0
165,0.550561797752809,0.34606741573033706,0.0,0.10337078651685393
166,0.7537746806039489,0.18931475029036005,0.0,0.056910569105691054
167,0.42782834850455137,0.30299089726918077,0.26918075422626786,0.0
168,0.0,0.15076335877862596,0.6297709923664122,0.21946564885496184
169,0.19685990338164253,0.0,0.23067632850241546,0.572463768115942
170,0.0,0.1459227467811159,0.6008583690987125,0.2532188841201717
171,0.5669216061185468,0.25908221797323133,0.0,0.1739961759082218
172,0.176,0.0,0.25333333333333335,0.5706666666666667
173,0.0,0.3408521303258145,0.38596491228070173,0.2731829573934837
174,0.0,0.29347826086956524,0.6304347826086957,0.07608695652173914
175,0.0,0.4172661870503597,0.33573141486810554,0.24700239808153476
176,0.24100719424460432,0.0,0.26618705035971224,0.49280575539568344
177,0.26851851851851855,0.49537037037037035,0.2361111111111111,0.0
178,0.0,0.3791208791208791,0.1043956043956044,0.5164835164835165
179,0.061764705882352944,0.0,0.05,0.888235294117647
180,0.4329501915708812,0.14942528735632185,0.0,0.41762452107279696
181,0.40236686390532544,0.0,0.2781065088757396,0.31952662721893493
182,0.0,0.45495495495495497,0.3333333333333333,0.21171171171171171
183,0.3027027027027027,0.0,0.5945945945945946,0.10270270270270271
184,0.0,0.604,0.352,0.044
185,0.46938775510204084,0.2857142857142857,0.0,0.24489795918367346
186,0.0,0.7362637362637363,0.21978021978021978,0.04395604395604396
187,0.0,0.12446351931330472,0.7854077253218884,0.09012875536480687
188,0.4652777777777778,0.4,0.0,0.13472222222222222
189,0.057971014492753624,0.2463768115942029,0.6956521739130435,0.0
190,0.29213483146067415,0.11235955056179775,0.5955056179775281,0.0
191,0.07371007371007371,0.0,0.2285012285012285,0.6977886977886978
192,0.24836601307189543,0.0,0.673202614379085,0.0784313725490196
193,0.0,0.08928571428571429,0.7678571428571429,0.14285714285714285
194,0.5970149253731343,0.2835820895522388,0.0,0.11940298507462686
195,0.25806451612903225,0.27419354838709675,0.0,0.46774193548387094
196,0.8753541076487252,0.1048158640226629,0.0,0.019830028328611898
197,0.4,0.0,0.24285714285714285,0.35714285714285715
198,0.0,0.8,0.12857142857142856,0.07142857142857142
199,0.7931034482758621,0.10344827586206896,0.0,0.10344827586206896
200,0.0,0.23333333333333334,0.7555555555555555,0.011111111111111112
201,0.21703853955375255,0.6997971602434077,0.0,0.08316430020283976
202,0.03409090909090909,0.3522727272727273,0.6136363636363636,0.0
203,0.6193548387096774,0.0,0.2129032258064516,0.16774193548387098
204,0.0,0.045662100456621,0.45662100456621,0.4977168949771689
205,0.4095744680851064,0.0,0.12234042553191489,0.46808510638297873
206,0.3041182682154171,0.5681098204857444,0.0,0.12777191129883844
207,0.0,0.5271966527196653,0.09205020920502092,0.3807531380753138
208,0.21052631578947367,0.10526315789473684,0.6842105263157895,0.0
209,0.285140562248996,0.42168674698795183,0.2931726907630522,0.0
210,0.0,0.0594059405940594,0.44224422442244227,0.49834983498349833
211,0.17839195979899497,0.0,0.4748743718592965,0.34673366834170855
212,0.13953488372093023,0.0,0.2059800664451827,0.654485049833887
213,0.55,0.0,0.0,0.45
214,0.1038961038961039,0.0,0.2727272727272727,0.6233766233766234
215,0.6733333333333333,0.21333333333333335,0.0,0.11333333333333333
216,0.8117647058823529,0.07058823529411765,0.0,0.11764705882352941
217,0.0,0.46875,0.4375,0.09375
218,0.3516483516483517,0.0,0.08791208791208792,0.5604395604395604
219,0.0,0.18435754189944134,0.7821229050279329,0.0335195530726257
220,0.0,0.46949602122015915,0.4469496021220159,0.08355437665782493
221,0.0,0.07093425605536333,0.8183391003460208,0.11072664359861592
222,0.1976284584980237,0.18972332015810275,0.6126482213438735,0.0
223,0.2912621359223301,0.0,0.17475728155339806,0.5339805825242718
224,0.28888888888888886,0.0,0.33611111111111114,0.375
225,0.0,0.05970149253731343,0.5522388059701493,0.3880597014925373
226,0.2833333333333333,0.0,0.18333333333333332,0.5333333333333333
227,0.20851063829787234,0.5659574468085107,0.0,0.225531914893617
228,0.0,0.21445221445221446,0.6783216783216783,0.10722610722610723
229,0.5781094527363184,0.3890547263681592,0.0,0.03283582089552239
230,0.26146788990825687,0.0,0.10091743119266056,0.6376146788990825
231,0.0,0.07954545454545454,0.5795454545454546,0.3409090909090909
232,0.09649122807017543,0.0,0.23684210526315788,0.6666666666666666
233,0.0,0.1906158357771261,0.5747800586510264,0.23460410557184752
234,0.6083916083916084,0.06993006993006994,0.0,0.32167832167832167
235,0.01557632398753894,0.0,0.0778816199376947,0.9065420560747663
236,0.0875,0.0,0.403125,0.509375
237,0.1623931623931624,0.5384615384615384,0.29914529914529914,0.0
238,0.0,0.24796747967479674,0.036585365853658534,0.7154471544715447
239,0.0374331550802139,0.0,0.1497326203208556,0.8128342245989305
240,0.0,0.44015444015444016,0.08494208494208494,0.4749034749034749
241,0.21052631578947367,0.15789473684210525,0.631578947368421,0.0
242,0.4909090909090909,0.18181818181818182,0.0,0.32727272727272727
243,0.2857142857142857,0.5714285714285714,0.0,0.14285714285714285
244,0.0,0.5735294117647058,0.2647058823529412,0.16176470588235295
245,0.7406181015452539,0.22958057395143489,0.0,0.029801324503311258
246,0.14814814814814814,0.0,0.22705314009661837,0.6247987117552335
247,0.3333333333333333,0.05555555555555555,0.6111111111111112,0.0
248,0.44502617801047123,0.20418848167539266,0.0,0.3507853403141361
249,0.0,0.49800796812749004,0.33067729083665337,0.17131474103585656
250,0.43657331136738053,0.5189456342668863,0.0,0.044481054365733116
251,0.1979381443298969,0.0,0.2907216494845361,0.511340206185567
252,0.0,0.13218390804597702,0.8333333333333334,0.034482758620689655
253,0.6235955056179775,0.3539325842696629,0.0,0.02247191011235955
254,0.08771929824561403,0.0,0.17251461988304093,0.7397660818713451
255,0.10810810810810811,0.0,0.24324324324324326,0.6486486486486487
256,0.08333333333333333,0.08333333333333333,0.8333333333333334,0.0
257,0.23529411764705882,0.6428571428571429,0.0,0.12184873949579832
258,0.0,0.38636363636363635,0.5568181818181818,0.056818181818181816
259,0.2236503856041131,0.7339331619537275,0.0,0.042416452442159386
260,0.0,0.14473684210526316,0.6228070175438597,0.2324561403508772
261,0.12340425531914893,0.6638297872340425,0.2127659574468085,0.0
262,0.2643171806167401,0.0,0.07488986784140969,0.6607929515418502
263,0.2922077922077922,0.487012987012987,0.22077922077922077,0.0
264,0.4264705882352941,0.5441176470588235,0.0,0.029411764705882353
265,0.0,0.43617021276595747,0.5531914893617021,0.010638297872340425
266,0.3554913294797688,0.5867052023121387,0.0,0.057803468208092484
267,0.4,0.2,0.0,0.4
268,0.0,0.6,0.2,0.2
269,0.36,0.0,0.02,0.62
270,0.0,0.019230769230769232,0.3076923076923077,0.6730769230769231
271,0.22580645161290322,0.0,0.16129032258064516,0.6129032258064516
272,0.5423728813559322,0.23728813559322035,0.0,0.22033898305084745
273,0.6666666666666666,0.16666666666666666,0.0,0.16666666666666666
274,0.1111111111111111,0.0,0.8611111111111112,0.027777777777777776
275,0.4,0.0,0.13333333333333333,0.4666666666666667
276,0.7701149425287356,0.15948275862068967,0.0,0.07040229885057471
277,0.05172413793103448,0.8793103448275862,0.06896551724137931,0.0
278,0.3292181069958848,0.37119341563786007,0.0,0.29958847736625516
279,0.25,0.0,0.75,0.0
280,0.0,0.0,0.125,0.875
281,0.0,0.9655172413793104,0.034482758620689655,0.0
282,0.06666666666666667,0.4,0.5333333333333333,0.0
283,0.0,0.010126582278481013,0.007594936708860759,0.9822784810126582
284,0.00936768149882904,0.0,0.01405152224824356,0.9765807962529274
285,0.17073170731707318,0.17073170731707318,0.6585365853658537,0.0
286,0.25,0.09375,0.0,0.65625
287,0.0,0.6858974358974359,0.3141025641025641,0.0
288,0.654320987654321,0.037037037037037035,0.0,0.30864197530864196
289,0.16521739130434782,0.0,0.16521739130434782,0.6695652173913044
290,0.33766233766233766,0.4675324675324675,0.0,0.19480519480519481
291,0.0,0.5866666666666667,0.38666666666666666,0.02666666666666667
292,0.29850746268656714,0.39552238805970147,0.0,0.30597014925373134
293,0.0,0.203125,0.703125,0.09375
294,0.18181818181818182,0.7272727272727273,0.0,0.09090909090909091
295,0.0,0.18571428571428572,0.5857142857142857,0.22857142857142856
296,0.25,0.46875,0.28125,0.0
297,0.5,0.0,0.375,0.125
298,0.11538461538461539,0.4230769230769231,0.46153846153846156,0.0
299,0.4444444444444444,0.0,0.1111111111111111,0.4444444444444444
300,0.14285714285714285,0.8571428571428571,0.0,0.0
301,1.0,0.0,0.0,0.0
302,,,,
303,0.0,0.0,1.0,0.0
304,,,,
305,0.0,0.0,0.0,1.0
306,,,,
307,,,,
308,,,,
309,,,,
310,,,,
311,,,,
312,,,,
313,,,,
314,,,,
315,,,,
