,A,C,G,T
0,,,,
1,,,,
2,0.5517241379310345,0.3879310344827586,0.0,0.0603448275862069
3,0.631578947368421,0.21052631578947367,0.0,0.15789473684210525
4,0.6097560975609756,0.2926829268292683,0.0975609756097561,0.0
5,0.22077922077922077,0.23376623376623376,0.0,0.5454545454545454
6,0.21875,0.0,0.3125,0.46875
7,0.0,0.10256410256410256,0.6666666666666666,0.23076923076923078
8,0.008771929824561403,0.6228070175438597,0.0,0.3684210526315789
9,0.08571428571428572,0.0,0.16071428571428573,0.7535714285714286
10,0.0,0.6666666666666666,0.3333333333333333,0.0
11,0.42857142857142855,0.25,0.0,0.32142857142857145
12,0.23333333333333334,0.16666666666666666,0.0,0.6
13,0.41935483870967744,0.5483870967741935,0.03225806451612903,0.0
14,0.5,0.16666666666666666,0.0,0.3333333333333333
15,0.08823529411764706,0.8235294117647058,0.0,0.08823529411764706
16,0.0,0.6666666666666666,0.09523809523809523,0.23809523809523808
17,0.8289473684210527,0.11842105263157894,0.0,0.05263157894736842
18,0.0,0.4444444444444444,0.5555555555555556,0.0
19,0.25,0.0,0.0,0.75
20,0.1095890410958904,0.2191780821917808,0.6712328767123288,0.0
21,0.0,0.4,0.0,0.6
22,0.0,0.25,0.0,0.75
23,0.5,0.22727272727272727,0.0,0.2727272727272727
24,0.125,0.125,0.0,0.75
25,0.0,0.4,0.0,0.6
26,0.0,0.40384615384615385,0.5576923076923077,0.038461538461538464
27,0.3548387096774194,0.3870967741935484,0.0,0.25806451612903225
28,0.5283018867924528,0.3584905660377358,0.0,0.11320754716981132
29,0.125,0.0,0.375,0.5
30,0.01680672268907563,0.0,0.11764705882352941,0.865546218487395
31,0.52,0.24,0.24,0.0
32,0.40476190476190477,0.5238095238095238,0.0,0.07142857142857142
33,0.8484848484848485,0.06060606060606061,0.0,0.09090909090909091
34,0.07142857142857142,0.6428571428571429,0.2857142857142857,0.0
35,0.4358974358974359,0.0,0.2948717948717949,0.2692307692307692
36,0.0,0.7682926829268293,0.21951219512195122,0.012195121951219513
37,0.0,0.4,0.5666666666666667,0.03333333333333333
38,0.6666666666666666,0.1,0.0,0.23333333333333334
39,0.44,0.0,0.28,0.28
40,0.3333333333333333,0.0,0.6666666666666666,0.0
41,0.009523809523809525,0.025396825396825397,0.9650793650793651,0.0
42,0.0,0.5,0.0,0.5
43,0.17647058823529413,0.7058823529411765,0.0,0.11764705882352941
44,0.7073170731707317,0.17073170731707318,0.0,0.12195121951219512
45,0.5789473684210527,0.0,0.0,0.42105263157894735
46,0.8266666666666667,0.14666666666666667,0.0,0.02666666666666667
47,0.875,0.09375,0.0,0.03125
48,0.0,0.35294117647058826,0.6470588235294118,0.0
49,0.14285714285714285,0.0,0.7142857142857143,0.14285714285714285
50,0.21875,0.0,0.25,0.53125
51,0.3333333333333333,0.0,0.3,0.36666666666666664
52,0.2,0.3333333333333333,0.4666666666666667,0.0
53,0.2608695652173913,0.6086956521739131,0.0,0.13043478260869565
54,0.0,0.7358490566037735,0.20754716981132076,0.05660377358490566
55,0.12903225806451613,0.7419354838709677,0.0,0.12903225806451613
56,0.0,0.375,0.55,0.075
57,0.4888888888888889,0.0,0.4222222222222222,0.08888888888888889
58,0.0,0.6363636363636364,0.36363636363636365,0.0
59,0.3488372093023256,0.0,0.5581395348837209,0.09302325581395349
60,0.13793103448275862,0.4827586206896552,0.3793103448275862,0.0
61,0.25,0.0,0.0,0.75
62,0.21839080459770116,0.0,0.06896551724137931,0.7126436781609196
63,0.25,0.375,0.375,0.0
64,0.3333333333333333,0.0,0.0,0.6666666666666666
65,0.0,0.8823529411764706,0.11764705882352941,0.0
66,0.5391304347826087,0.05217391304347826,0.0,0.40869565217391307
67,0.3613861386138614,0.0,0.054455445544554455,0.5841584158415841
68,0.0,0.23376623376623376,0.6493506493506493,0.11688311688311688
69,0.925,0.025,0.0,0.05
70,0.031496062992125984,0.0,0.3858267716535433,0.5826771653543307
71,0.11764705882352941,0.0,0.5294117647058824,0.35294117647058826
72,0.18181818181818182,0.5454545454545454,0.2727272727272727,0.0
73,0.36363636363636365,0.0,0.2727272727272727,0.36363636363636365
74,0.07692307692307693,0.6025641025641025,0.32051282051282054,0.0
75,0.4,0.3,0.0,0.3
76,0.35714285714285715,0.32142857142857145,0.0,0.32142857142857145
77,0.0,0.4444444444444444,0.29914529914529914,0.2564102564102564
78,0.5147058823529411,0.3235294117647059,0.16176470588235295,0.0
79,0.13333333333333333,0.6,0.26666666666666666,0.0
80,0.05714285714285714,0.0,0.13333333333333333,0.8095238095238095
81,0.0,0.3128491620111732,0.4692737430167598,0.21787709497206703
82,0.34201954397394135,0.0,0.34527687296416937,0.3127035830618892
83,0.25136612021857924,0.0,0.273224043715847,0.47540983606557374
84,0.1348314606741573,0.6741573033707865,0.19101123595505617,0.0
85,0.03571428571428571,0.5714285714285714,0.39285714285714285,0.0
86,0.24778761061946902,0.0,0.061946902654867256,0.6902654867256637
87,0.0,0.47513812154696133,0.46408839779005523,0.06077348066298342
88,0.6185567010309279,0.28865979381443296,0.0,0.09278350515463918
89,0.18421052631578946,0.5526315789473685,0.2631578947368421,0.0
90,0.0,0.23948220064724918,0.5792880258899676,0.18122977346278318
91,0.42173112338858193,0.47697974217311234,0.0,0.10128913443830571
92,0.17647058823529413,0.0,0.053475935828877004,0.7700534759358288
93,0.26666666666666666,0.6444444444444445,0.08888888888888889,0.0
94,0.0,0.3233082706766917,0.07518796992481203,0.6015037593984962
95,0.011235955056179775,0.9382022471910112,0.05056179775280899,0.0
96,0.0,0.11149825783972125,0.735191637630662,0.15331010452961671
97,0.3026052104208417,0.6312625250501002,0.0,0.06613226452905811
98,0.24864864864864866,0.0,0.13513513513513514,0.6162162162162163
99,0.0,0.4174757281553398,0.1941747572815534,0.3883495145631068
100,0.1111111111111111,0.0,0.8888888888888888,0.0
101,0.4787234042553192,0.4148936170212766,0.0,0.10638297872340426
102,0.0,0.753731343283582,0.16417910447761194,0.08208955223880597
103,0.0,0.5542857142857143,0.30857142857142855,0.13714285714285715
104,0.012605042016806723,0.0,0.10504201680672269,0.8823529411764706
105,0.14285714285714285,0.14285714285714285,0.7142857142857143,0.0
106,0.1111111111111111,0.3333333333333333,0.0,0.5555555555555556
107,0.0,0.25,0.0,0.75
108,0.40384615384615385,0.3076923076923077,0.0,0.28846153846153844
109,0.15384615384615385,0.5384615384615384,0.3076923076923077,0.0
110,0.19047619047619047,0.0,0.6190476190476191,0.19047619047619047
111,0.2857142857142857,0.0,0.42857142857142855,0.2857142857142857
112,0.5,0.0,0.0,0.5
113,0.0975609756097561,0.0,0.21951219512195122,0.6829268292682927
114,0.45454545454545453,0.0,0.5454545454545454,0.0
115,0.0,0.28,0.36,0.36
116,0.5714285714285714,0.35714285714285715,0.0,0.07142857142857142
117,0.6756756756756757,0.0945945945945946,0.0,0.22972972972972974
118,0.023255813953488372,0.0,0.20930232558139536,0.7674418604651163
119,0.109375,0.34375,0.546875,0.0
120,0.75,0.0,0.25,0.0
121,0.75,0.0,0.0,0.25
122,0.0,0.1092436974789916,0.7815126050420168,0.1092436974789916
123,0.5,0.5,0.0,0.0
124,0.8461538461538461,0.07692307692307693,0.0,0.07692307692307693
125,0.7966101694915254,0.059322033898305086,0.0,0.1440677966101695
126,0.0,0.6153846153846154,0.36538461538461536,0.019230769230769232
127,0.0,0.16216216216216217,0.7432432432432432,0.0945945945945946
128,0.3333333333333333,0.0,0.0,0.6666666666666666
129,0.2857142857142857,0.5238095238095238,0.0,0.19047619047619047
130,0.2857142857142857,0.2857142857142857,0.0,0.42857142857142855
131,0.5555555555555556,0.358974358974359,0.0,0.08547008547008547
132,0.21875,0.0,0.46875,0.3125
133,0.06349206349206349,0.6349206349206349,0.30158730158730157,0.0
134,0.43661971830985913,0.15492957746478872,0.0,0.4084507042253521
135,0.1346153846153846,0.7692307692307693,0.0,0.09615384615384616
136,0.0,0.14705882352941177,0.7352941176470589,0.11764705882352941
137,0.7931034482758621,0.10344827586206896,0.0,0.10344827586206896
138,0.041666666666666664,0.0,0.9583333333333334,0.0
139,0.14705882352941177,0.20588235294117646,0.0,0.6470588235294118
140,0.21621621621621623,0.1891891891891892,0.0,0.5945945945945946
141,0.5641025641025641,0.24358974358974358,0.0,0.19230769230769232
142,0.08695652173913043,0.2608695652173913,0.6521739130434783,0.0
143,0.3181818181818182,0.0,0.3181818181818182,0.36363636363636365
144,0.07407407407407407,0.05185185185185185,0.8740740740740741,0.0
145,0.7307692307692307,0.0,0.11538461538461539,0.15384615384615385
146,0.0,0.3031674208144796,0.3891402714932127,0.3076923076923077
147,0.391812865497076,0.07017543859649122,0.5380116959064327,0.0
148,0.3034825870646766,0.0,0.2935323383084577,0.40298507462686567
149,0.2265625,0.0,0.17578125,0.59765625
150,0.0,0.3246753246753247,0.5844155844155844,0.09090909090909091
151,0.16666666666666666,0.3055555555555556,0.5277777777777778,0.0
152,0.195,0.695,0.11,0.0
153,0.0,0.08849557522123894,0.5663716814159292,0.34513274336283184
154,0.35564853556485354,0.5606694560669456,0.0,0.08368200836820083
155,0.05405405405405406,0.7567567567567568,0.1891891891891892,0.0
156,0.0,0.19811320754716982,0.6635220125786163,0.13836477987421383
157,0.379746835443038,0.5063291139240507,0.0,0.11392405063291139
158,0.2644927536231884,0.4673913043478261,0.26811594202898553,0.0
159,0.0,0.20189274447949526,0.6277602523659306,0.17034700315457413
160,0.22631578947368422,0.6026315789473684,0.0,0.17105263157894737
161,0.18660287081339713,0.5406698564593302,0.2727272727272727,0.0
162,0.0,0.0821917808219178,0.852054794520548,0.06575342465753424
163,0.37254901960784315,0.5294117647058824,0.0,0.09803921568627451
164,0.22023809523809523,0.5654761904761905,0.21428571428571427,0.0
165,0.0,0.3055555555555556,0.4666666666666667,0.22777777777777777
166,0.4235294117647059,0.44509803921568625,0.0,0.13137254901960785
167,0.2696078431372549,0.5735294117647058,0.1568627450980392,0.0
168,0.2453416149068323,0.4751552795031056,0.2795031055900621,0.0
169,0.0,0.416,0.2,0.384
170,0.22131147540983606,0.0,0.11475409836065574,0.6639344262295082
171,0.0,0.3,0.59,0.11
172,0.2556053811659193,0.5739910313901345,0.17040358744394618,0.0
173,0.0,0.39919354838709675,0.36693548387096775,0.23387096774193547
174,0.2867647058823529,0.35294117647058826,0.3602941176470588,0.0
175,0.0,0.31756756756756754,0.08108108108108109,0.6013513513513513
176,0.04838709677419355,0.0,0.0967741935483871,0.8548387096774194
177,0.07246376811594203,0.6521739130434783,0.2753623188405797,0.0
178,0.0,0.37037037037037035,0.14814814814814814,0.48148148148148145
179,0.00847457627118644,0.0,0.038135593220338986,0.9533898305084746
180,0.6306306306306306,0.10810810810810811,0.0,0.26126126126126126
181,0.175,0.0,0.6166666666666667,0.20833333333333334
182,0.0,0.17073170731707318,0.27439024390243905,0.5548780487804879
183,0.4838709677419355,0.41935483870967744,0.0,0.0967741935483871
184,0.0,0.7130434782608696,0.21739130434782608,0.06956521739130435
185,0.13725490196078433,0.0,0.5098039215686274,0.35294117647058826
186,0.275,0.075,0.65,0.0
187,0.5217391304347826,0.0,0.08695652173913043,0.391304347826087
188,0.0,0.5686274509803921,0.1607843137254902,0.27058823529411763
189,0.3467741935483871,0.5483870967741935,0.0,0.10483870967741936
190,0.037037037037037035,0.2962962962962963,0.6666666666666666,0.0
191,0.35294117647058826,0.11764705882352941,0.0,0.5294117647058824
192,0.0,0.45161290322580644,0.5268817204301075,0.021505376344086023
193,0.0,0.12371134020618557,0.8195876288659794,0.05670103092783505
194,0.1875,0.5625,0.0,0.25
195,0.5151515151515151,0.21212121212121213,0.0,0.2727272727272727
196,0.6818181818181818,0.0,0.0,0.3181818181818182
197,0.11904761904761904,0.0,0.23809523809523808,0.6428571428571429
198,0.7,0.0,0.3,0.0
199,0.2,0.0,0.0,0.8
200,0.0,0.4782608695652174,0.48792270531400966,0.033816425120772944
201,0.14285714285714285,0.39285714285714285,0.4642857142857143,0.0
202,0.2777777777777778,0.16666666666666666,0.5555555555555556,0.0
203,0.3939393939393939,0.0,0.030303030303030304,0.5757575757575758
204,0.0,0.1,0.4,0.5
205,0.23529411764705882,0.0,0.3235294117647059,0.4411764705882353
206,0.5277777777777778,0.0,0.2222222222222222,0.25
207,0.0,0.10596026490066225,0.8675496688741722,0.026490066225165563
208,0.21052631578947367,0.34210526315789475,0.4473684210526316,0.0
209,0.2653061224489796,0.0,0.23469387755102042,0.5
210,0.1388888888888889,0.08333333333333333,0.7777777777777778,0.0
211,0.5,0.0,0.041666666666666664,0.4583333333333333
212,0.4634146341463415,0.0,0.07317073170731707,0.4634146341463415
213,0.0,0.5,0.4375,0.0625
214,0.5416666666666666,0.375,0.0,0.08333333333333333
215,0.0,0.14516129032258066,0.8225806451612904,0.03225806451612903
216,0.5555555555555556,0.2222222222222222,0.0,0.2222222222222222
217,0.0,0.5384615384615384,0.3076923076923077,0.15384615384615385
218,0.3684210526315789,0.0,0.0,0.631578947368421
219,0.0,0.10294117647058823,0.8088235294117647,0.08823529411764706
220,0.0,0.2923076923076923,0.36923076923076925,0.3384615384615385
221,0.036458333333333336,0.0,0.041666666666666664,0.921875
222,0.23651452282157676,0.04564315352697095,0.0,0.7178423236514523
223,0.31521739130434784,0.0,0.43478260869565216,0.25
224,0.2,0.0,0.45714285714285713,0.34285714285714286
225,0.0,0.3706896551724138,0.6120689655172413,0.017241379310344827
226,0.0,0.15625,0.7421875,0.1015625
227,0.52,0.36666666666666664,0.0,0.11333333333333333
228,0.0,0.1276595744680851,0.723404255319149,0.14893617021276595
229,0.0,0.3333333333333333,0.6041666666666666,0.0625
230,0.05668016194331984,0.0,0.2550607287449393,0.6882591093117408
231,0.8357487922705314,0.004830917874396135,0.15942028985507245,0.0
232,0.08928571428571429,0.0,0.17857142857142858,0.7321428571428571
233,0.0,0.2696629213483146,0.43258426966292135,0.29775280898876405
234,0.24324324324324326,0.0,0.5472972972972973,0.20945945945945946
235,0.06666666666666667,0.7,0.23333333333333334,0.0
236,0.4088888888888889,0.3422222222222222,0.0,0.24888888888888888
237,0.1917808219178082,0.5753424657534246,0.2328767123287671,0.0
238,0.0,0.3112391930835735,0.011527377521613832,0.6772334293948127
239,0.0,0.625,0.375,0.0
240,0.09803921568627451,0.0,0.09803921568627451,0.803921568627451
241,0.0,0.1111111111111111,0.8888888888888888,0.0
242,0.4098360655737705,0.3005464480874317,0.0,0.2896174863387978
243,0.04054054054054054,0.0,0.8918918918918919,0.06756756756756757
244,0.0,0.037037037037037035,0.4444444444444444,0.5185185185185185
245,0.0,0.2713178294573643,0.689922480620155,0.03875968992248062
246,0.0,0.3783783783783784,0.35135135135135137,0.2702702702702703
247,0.06666666666666667,0.26666666666666666,0.6666666666666666,0.0
248,0.20689655172413793,0.7241379310344828,0.0,0.06896551724137931
249,0.0,0.10144927536231885,0.8840579710144928,0.014492753623188406
250,0.0,0.18796992481203006,0.7518796992481203,0.06015037593984962
251,0.053763440860215055,0.0,0.13978494623655913,0.8064516129032258
252,0.0,0.2714285714285714,0.5714285714285714,0.15714285714285714
253,0.7311827956989247,0.24731182795698925,0.0,0.021505376344086023
254,0.09090909090909091,0.0,0.16666666666666666,0.7424242424242424
255,0.17142857142857143,0.0,0.3142857142857143,0.5142857142857142
256,0.1111111111111111,0.3333333333333333,0.5555555555555556,0.0
257,0.2894736842105263,0.6578947368421053,0.0,0.05263157894736842
258,0.0,0.4,0.5333333333333333,0.06666666666666667
259,0.25,0.7282608695652174,0.0,0.021739130434782608
260,0.0,0.34065934065934067,0.4835164835164835,0.17582417582417584
261,0.4166666666666667,0.40476190476190477,0.0,0.17857142857142858
262,0.13312693498452013,0.0,0.14551083591331268,0.7213622291021672
263,0.04477611940298507,0.0,0.208955223880597,0.746268656716418
264,0.42857142857142855,0.0,0.0,0.5714285714285714
265,0.0,0.42105263157894735,0.5789473684210527,0.0
266,0.38372093023255816,0.5542635658914729,0.0,0.06201550387596899
267,0.2857142857142857,0.14285714285714285,0.0,0.5714285714285714
268,0.0,0.7777777777777778,0.2222222222222222,0.0
269,0.3157894736842105,0.0,0.05263157894736842,0.631578947368421
270,0.0,0.0,0.14516129032258066,0.8548387096774194
271,0.2,0.0,0.06666666666666667,0.7333333333333333
272,0.0,0.8125,0.0,0.1875
273,0.07692307692307693,0.11538461538461539,0.0,0.8076923076923077
274,0.05263157894736842,0.0,0.9298245614035088,0.017543859649122806
275,0.0,0.0,0.0,1.0
276,0.7226107226107226,0.15151515151515152,0.0,0.1258741258741259
277,0.3218390804597701,0.5517241379310345,0.12643678160919541,0.0
278,0.43884892086330934,0.29784172661870506,0.0,0.2633093525179856
279,0.14285714285714285,0.0,0.8571428571428571,0.0
280,0.0,0.0,0.2,0.8
281,0.0,0.9368421052631579,0.06315789473684211,0.0
282,0.05,0.55,0.4,0.0
283,0.0,0.015625,0.0234375,0.9609375
284,0.0,0.0,0.014563106796116505,0.9854368932038835
285,0.0,0.0,1.0,0.0
286,0.2222222222222222,0.1111111111111111,0.0,0.6666666666666666
287,0.0,0.8367346938775511,0.16326530612244897,0.0
288,0.788235294117647,0.03529411764705882,0.0,0.17647058823529413
289,0.05,0.0,0.07,0.88
290,0.3595505617977528,0.15730337078651685,0.0,0.48314606741573035
291,0.0,0.4634146341463415,0.5121951219512195,0.024390243902439025
292,0.7333333333333333,0.23703703703703705,0.0,0.02962962962962963
293,0.0,0.10526315789473684,0.8421052631578947,0.05263157894736842
294,0.16666666666666666,0.6666666666666666,0.0,0.16666666666666666
295,0.0,0.037037037037037035,0.7407407407407407,0.2222222222222222
296,0.07692307692307693,0.9230769230769231,0.0,0.0
297,0.1111111111111111,0.0,0.6666666666666666,0.2222222222222222
298,0.0,0.6666666666666666,0.3333333333333333,0.0
299,1.0,0.0,0.0,0.0
300,0.9166666666666666,0.0,0.08333333333333333,0.0
301,,,,
302,,,,
303,0.9090909090909091,0.0,0.09090909090909091,0.0
304,0.0,1.0,0.0,0.0
305,,,,
306,,,,
307,,,,
308,,,,
309,,,,
310,,,,
311,,,,
312,,,,
313,,,,
314,,,,
315,,,,
