,A,C,G,T
0,,,,
1,,,,
2,0.7417218543046358,0.1479028697571744,0.0,0.11037527593818984
3,0.5100182149362478,0.3205828779599271,0.0,0.16939890710382513
4,0.568090787716956,0.2523364485981308,0.1795727636849132,0.0
5,0.512340425531915,0.19914893617021276,0.0,0.2885106382978723
6,0.5154798761609907,0.0,0.24458204334365324,0.23993808049535603
7,0.0,0.18571428571428572,0.5125,0.30178571428571427
8,0.6105799872530274,0.3220735075419588,0.0,0.06734650520501381
9,0.06434962147281487,0.0,0.14831383344803853,0.7873365450791466
10,0.1452991452991453,0.6324786324786325,0.2222222222222222,0.0
11,0.5025906735751295,0.18134715025906736,0.0,0.3160621761658031
12,0.325,0.425,0.0,0.25
13,0.49325337331334335,0.43928035982008995,0.06746626686656672,0.0
14,0.4871244635193133,0.22317596566523606,0.0,0.28969957081545067
15,0.06333973128598848,0.7715930902111324,0.0,0.16506717850287908
16,0.0,0.686046511627907,0.09302325581395349,0.22093023255813954
17,0.7717717717717718,0.13513513513513514,0.0,0.09309309309309309
18,0.27350427350427353,0.2264957264957265,0.5,0.0
19,0.3162393162393162,0.0,0.21367521367521367,0.4700854700854701
20,0.08462455303933254,0.1430274135876043,0.7723480333730631,0.0
21,0.22413793103448276,0.15517241379310345,0.0,0.6206896551724138
22,0.2222222222222222,0.17543859649122806,0.0,0.6023391812865497
23,0.34831460674157305,0.19101123595505617,0.0,0.4606741573033708
24,0.1951219512195122,0.14634146341463414,0.0,0.6585365853658537
25,0.1349206349206349,0.16666666666666666,0.0,0.6984126984126984
26,0.0,0.5061162079510704,0.39143730886850153,0.10244648318042814
27,0.49221183800623053,0.2616822429906542,0.0,0.24610591900311526
28,0.59375,0.2940340909090909,0.0,0.11221590909090909
29,0.26229508196721313,0.0,0.1288056206088993,0.6088992974238876
30,0.3501144164759725,0.2036613272311213,0.0,0.4462242562929062
31,0.08759124087591241,0.6618004866180048,0.25060827250608275,0.0
32,0.47610294117647056,0.18198529411764705,0.0,0.34191176470588236
33,0.43119266055045874,0.18807339449541285,0.0,0.38073394495412843
34,0.08633093525179857,0.7266187050359713,0.18705035971223022,0.0
35,0.20860927152317882,0.0,0.49337748344370863,0.2980132450331126
36,0.37593984962406013,0.0,0.35714285714285715,0.2669172932330827
37,0.0,0.23937007874015748,0.6283464566929133,0.13228346456692913
38,0.5247208931419458,0.3508771929824561,0.0,0.12440191387559808
39,0.2100456621004566,0.0,0.16210045662100456,0.6278538812785388
40,0.35978835978835977,0.0,0.19576719576719576,0.4444444444444444
41,0.0911983032873807,0.19406150583244963,0.7147401908801697,0.0
42,0.3333333333333333,0.17117117117117117,0.0,0.4954954954954955
43,0.5441176470588235,0.23161764705882354,0.0,0.22426470588235295
44,0.41445783132530123,0.3204819277108434,0.0,0.26506024096385544
45,0.0,0.15306122448979592,0.7968460111317254,0.05009276437847866
46,0.46309601567602876,0.48269105160026127,0.0,0.05421293272370999
47,0.4209354120267261,0.18040089086859687,0.0,0.3986636971046771
48,0.21509433962264152,0.3433962264150943,0.44150943396226416,0.0
49,0.5524861878453039,0.0,0.14917127071823205,0.2983425414364641
50,0.32364096080910243,0.0,0.2604298356510746,0.415929203539823
51,0.24064171122994651,0.0,0.32887700534759357,0.4304812834224599
52,0.2364341085271318,0.26744186046511625,0.49612403100775193,0.0
53,0.5671206225680934,0.3326848249027237,0.0,0.10019455252918288
54,0.0,0.6812227074235808,0.2663755458515284,0.05240174672489083
55,0.28012048192771083,0.6365461847389559,0.0,0.08333333333333333
56,0.0,0.4156028368794326,0.37163120567375885,0.2127659574468085
57,0.49269588313413015,0.0,0.4249667994687915,0.08233731739707835
58,0.03436426116838488,0.5085910652920962,0.4570446735395189,0.0
59,0.16304347826086957,0.0,0.5597826086956522,0.27717391304347827
60,0.15863141524105753,0.49611197511664074,0.3452566096423017,0.0
61,0.4079601990049751,0.0,0.1890547263681592,0.40298507462686567
62,0.26995884773662554,0.0,0.22798353909465022,0.5020576131687243
63,0.045112781954887216,0.3458646616541353,0.6090225563909775,0.0
64,0.045454545454545456,0.15151515151515152,0.0,0.803030303030303
65,0.016891891891891893,0.7516891891891891,0.23141891891891891,0.0
66,0.6472065285624607,0.06089139987445072,0.0,0.2919020715630885
67,0.33043998802753666,0.0,0.0847051780903921,0.5848548338820713
68,0.0,0.2727272727272727,0.515422077922078,0.21185064935064934
69,0.7568756875687569,0.10561056105610561,0.0,0.13751375137513752
70,0.03933054393305439,0.0,0.3807531380753138,0.5799163179916318
71,0.20927467300832342,0.7027348394768134,0.0,0.08799048751486326
72,0.3313373253493014,0.29141716566866266,0.3772455089820359,0.0
73,0.44041450777202074,0.0,0.16580310880829016,0.39378238341968913
74,0.19721980886185925,0.41876629018245004,0.3840139009556907,0.0
75,0.5269709543568465,0.2157676348547718,0.0,0.2572614107883817
76,0.48283261802575106,0.19742489270386265,0.0,0.3197424892703863
77,0.0,0.5088265835929388,0.284527518172378,0.2066458982346833
78,0.25027808676307006,0.5583982202447163,0.19132369299221358,0.0
79,0.2689295039164491,0.4908616187989556,0.2402088772845953,0.0
80,0.11922365988909427,0.0,0.0988909426987061,0.7818853974121996
81,0.0,0.37541060534960113,0.3697794462693571,0.25480994838104176
82,0.20199647680563712,0.0,0.40947347817576824,0.3885300450185946
83,0.1740924092409241,0.0,0.2948294829482948,0.5310781078107811
84,0.13782051282051283,0.6850961538461539,0.17708333333333334,0.0
85,0.48697394789579157,0.3366733466933868,0.17635270541082165,0.0
86,0.18575293056807934,0.0,0.1145175834084761,0.6997294860234445
87,0.0,0.35864978902953587,0.5334538878842676,0.10789632308619651
88,0.585163007318696,0.3323353293413174,0.0,0.0825016633399867
89,0.2875920084121977,0.46608832807570977,0.24631966351209253,0.0
90,0.0,0.2880080280983442,0.539136979427998,0.1728549924736578
91,0.5993175473063799,0.32488884293247855,0.0,0.07579360976114155
92,0.1683748169838946,0.0,0.07060354644542054,0.7610216365706849
93,0.16515078985160364,0.7051220679751077,0.12972714217328865,0.0
94,0.0,0.32567997174143415,0.11020840692334864,0.5641116213352172
95,0.06902356902356903,0.7205387205387206,0.21043771043771045,0.0
96,0.44047619047619047,0.2724867724867725,0.0,0.28703703703703703
97,0.17170068027210883,0.6783673469387755,0.0,0.14993197278911566
98,0.3869047619047619,0.0,0.27380952380952384,0.3392857142857143
99,0.0,0.3675715333822451,0.15627292736610418,0.4761555392516508
100,0.12162162162162163,0.26126126126126126,0.6171171171171171,0.0
101,0.4539934609995329,0.3512377393741242,0.0,0.19476879962634283
102,0.4617618586640852,0.0,0.1287512100677638,0.409486931268151
103,0.0,0.7081081081081081,0.05945945945945946,0.23243243243243245
104,0.08038029386343994,0.0,0.2048401037165082,0.7147796024200519
105,0.059113300492610835,0.2315270935960591,0.7093596059113301,0.0
106,0.056910569105691054,0.13821138211382114,0.0,0.8048780487804879
107,0.1111111111111111,0.2727272727272727,0.0,0.6161616161616161
108,0.3273615635179153,0.2915309446254072,0.0,0.3811074918566775
109,0.09424083769633508,0.5340314136125655,0.3717277486910995,0.0
110,0.2953020134228188,0.0,0.1610738255033557,0.5436241610738255
111,0.375609756097561,0.0,0.4,0.22439024390243903
112,0.4774774774774775,0.21621621621621623,0.0,0.3063063063063063
113,0.1943231441048035,0.0,0.33406113537117904,0.47161572052401746
114,0.6720430107526881,0.0,0.15591397849462366,0.17204301075268819
115,0.0,0.2607879924953096,0.3151969981238274,0.42401500938086306
116,0.5357142857142857,0.32142857142857145,0.0,0.14285714285714285
117,0.45419103313840153,0.34990253411306044,0.0,0.195906432748538
118,0.11185308848080133,0.0,0.38898163606010017,0.4991652754590985
119,0.058736059479553904,0.7405204460966542,0.20074349442379183,0.0
120,0.4411764705882353,0.0,0.35294117647058826,0.20588235294117646
121,0.8023255813953488,0.0,0.12790697674418605,0.06976744186046512
122,0.0,0.3176178660049628,0.49627791563275436,0.18610421836228289
123,0.33766233766233766,0.15584415584415584,0.0,0.5064935064935064
124,0.6428571428571429,0.17714285714285713,0.0,0.18
125,0.5065616797900262,0.0,0.41338582677165353,0.08005249343832022
126,0.0,0.5688888888888889,0.39555555555555555,0.035555555555555556
127,0.0,0.10279187817258884,0.7715736040609137,0.12563451776649745
128,0.4028436018957346,0.16587677725118483,0.0,0.4312796208530806
129,0.33877551020408164,0.12653061224489795,0.0,0.5346938775510204
130,0.31636363636363635,0.2,0.0,0.48363636363636364
131,0.6567817209528439,0.22605736509479826,0.0,0.11716091395235781
132,0.23270440251572327,0.0,0.42662473794549266,0.34067085953878407
133,0.04054054054054054,0.44481981981981983,0.5146396396396397,0.0
134,0.3652037617554859,0.12225705329153605,0.0,0.512539184952978
135,0.17829457364341086,0.586046511627907,0.0,0.23565891472868217
136,0.0,0.07489300998573467,0.8580599144079886,0.06704707560627675
137,0.6658653846153846,0.13701923076923078,0.0,0.1971153846153846
138,0.12973760932944606,0.027696793002915453,0.8425655976676385,0.0
139,0.17164179104477612,0.26865671641791045,0.0,0.5597014925373134
140,0.19174041297935104,0.32448377581120946,0.0,0.4837758112094395
141,0.2228152101400934,0.4829886591060707,0.0,0.2941961307538359
142,0.05958132045088567,0.1320450885668277,0.8083735909822867,0.0
143,0.275,0.12333333333333334,0.0,0.6016666666666667
144,0.42857142857142855,0.02183803457688808,0.0,0.5495905368516834
145,0.44435351882160395,0.0,0.46317512274959083,0.09247135842880523
146,0.0,0.25196261682242993,0.33457943925233646,0.41345794392523366
147,0.41837088388214905,0.38682842287694974,0.0,0.1948006932409012
148,0.21212121212121213,0.40667545015371104,0.38120333772507686,0.0
149,0.24715693707354056,0.4162244124336619,0.3366186504927976,0.0
150,0.0,0.20814977973568283,0.5837004405286343,0.20814977973568283
151,0.14505283381364073,0.43707973102785785,0.41786743515850144,0.0
152,0.0,0.3118649623074402,0.15060635857096033,0.5375286791215995
153,0.20935765265662173,0.29817605075337034,0.49246629659000796,0.0
154,0.4186222558667676,0.29295987887963665,0.0,0.28841786525359575
155,0.15939086294416244,0.42842639593908627,0.0,0.4121827411167513
156,0.27445652173913043,0.46072134387351776,0.2648221343873518,0.0
157,0.0,0.4458233890214797,0.08520286396181384,0.46897374701670647
158,0.1073170731707317,0.5735191637630662,0.3191637630662021,0.0
159,0.5613861386138614,0.2514851485148515,0.0,0.18712871287128713
160,0.0,0.3792517006802721,0.5255102040816326,0.09523809523809523
161,0.11607738492328219,0.6450967311541027,0.23882588392261508,0.0
162,0.417607223476298,0.12189616252821671,0.0,0.4604966139954853
163,0.5498281786941581,0.3230240549828179,0.0,0.12714776632302405
164,0.0,0.47168059424326836,0.43175487465181056,0.09656453110492108
165,0.0,0.2282051282051282,0.6217948717948718,0.15
166,0.41539401343921806,0.46263490124210954,0.0,0.12197108531867237
167,0.37889983579638753,0.3793103448275862,0.24178981937602628,0.0
168,0.0,0.38069773363891013,0.46218487394957986,0.15711739241151007
169,0.0,0.3622015378389316,0.38648320518008905,0.25131525698097934
170,0.3899190829399865,0.23533378287255563,0.37474713418745786,0.0
171,0.0,0.3182046138415246,0.6291374122367102,0.05265797392176529
172,0.0,0.5613486270420577,0.2860618700034758,0.15258950295446647
173,0.0,0.18789144050104384,0.7064718162839249,0.10563674321503132
174,0.35377358490566035,0.26808176100628933,0.3781446540880503,0.0
175,0.0,0.17615511551155116,0.14108910891089108,0.6827557755775577
176,0.08215839860748476,0.0,0.10983463881636206,0.8080069625761532
177,0.15657620041753653,0.5365344467640919,0.3068893528183716,0.0
178,0.0,0.4072727272727273,0.13636363636363635,0.45636363636363636
179,0.07295796986518636,0.6796193497224425,0.24742268041237114,0.0
180,0.4495967741935484,0.17842741935483872,0.0,0.3719758064516129
181,0.11621693828479829,0.0,0.5524979962596848,0.33128506545551695
182,0.0,0.1692220329358319,0.6257808063600228,0.20499716070414536
183,0.4929328621908127,0.3127208480565371,0.0,0.19434628975265017
184,0.0,0.41237113402061853,0.5051546391752577,0.08247422680412371
185,0.1727659574468085,0.0,0.4595744680851064,0.3676595744680851
186,0.11507582515611062,0.3033006244424621,0.5816235504014273,0.0
187,0.308529945553539,0.0,0.0998185117967332,0.5916515426497277
188,0.16366704161979753,0.0,0.12092238470191226,0.7154105736782902
189,0.3344103392568659,0.4458804523424879,0.0,0.2197092084006462
190,0.09546165884194054,0.3317683881064163,0.5727699530516432,0.0
191,0.48312611012433393,0.2433392539964476,0.0,0.27353463587921845
192,0.0,0.38095238095238093,0.5821018062397373,0.03694581280788178
193,0.0,0.061826697892271666,0.8585480093676815,0.07962529274004684
194,0.2878787878787879,0.3838383838383838,0.0,0.3282828282828283
195,0.32978723404255317,0.14361702127659576,0.0,0.526595744680851
196,0.5891891891891892,0.14594594594594595,0.0,0.2648648648648649
197,0.2729007633587786,0.0,0.3606870229007634,0.366412213740458
198,0.6680327868852459,0.0,0.20491803278688525,0.12704918032786885
199,0.4536082474226804,0.0979381443298969,0.0,0.4484536082474227
200,0.0,0.3870392390011891,0.539833531510107,0.07312722948870393
201,0.167192429022082,0.40536277602523657,0.4274447949526814,0.0
202,0.3559322033898305,0.22372881355932203,0.42033898305084744,0.0
203,0.3468208092485549,0.0,0.1233140655105973,0.5298651252408478
204,0.0,0.1157556270096463,0.5573419078242229,0.32690246516613075
205,0.15,0.0,0.3526666666666667,0.49733333333333335
206,0.3697916666666667,0.0,0.2222222222222222,0.4079861111111111
207,0.0,0.05848949460533787,0.8909710391822828,0.05053946621237933
208,0.17889908256880735,0.22018348623853212,0.6009174311926605,0.0
209,0.2883928571428571,0.0,0.17142857142857143,0.5401785714285714
210,0.25601374570446733,0.140893470790378,0.6030927835051546,0.0
211,0.4207492795389049,0.0,0.10662824207492795,0.47262247838616717
212,0.3055091819699499,0.0,0.2904841402337229,0.4040066777963272
213,0.0,0.5669781931464174,0.3894080996884735,0.04361370716510903
214,0.7376623376623377,0.08831168831168831,0.0,0.17402597402597403
215,0.0,0.125948406676783,0.8148710166919575,0.05918057663125948
216,0.45614035087719296,0.14035087719298245,0.0,0.40350877192982454
217,0.0,0.31690140845070425,0.31690140845070425,0.36619718309859156
218,0.4158004158004158,0.0,0.2661122661122661,0.3180873180873181
219,0.0,0.06429124709527498,0.6932610379550735,0.24244771494965142
220,0.0,0.4840816326530612,0.30775510204081635,0.20816326530612245
221,0.14028586553732134,0.691371095817893,0.16834303864478561,0.0
222,0.09395484340859432,0.40203932993445013,0.5040058266569556,0.0
223,0.2894393741851369,0.0,0.06388526727509779,0.6466753585397653
224,0.18158347676419967,0.0,0.4604130808950086,0.35800344234079173
225,0.0,0.36292935839274143,0.594296824368114,0.04277381723914452
226,0.0,0.09063893016344725,0.8063397721644379,0.1030212976721149
227,0.3074590661006671,0.5894481503941783,0.0,0.10309278350515463
228,0.0,0.14285714285714285,0.8125,0.044642857142857144
229,0.0,0.15083333333333335,0.8125,0.03666666666666667
230,0.15660809778456838,0.0,0.1638655462184874,0.6795263559969442
231,0.0,0.09244791666666667,0.4973958333333333,0.41015625
232,0.10081466395112017,0.0,0.1109979633401222,0.7881873727087576
233,0.5778705636743215,0.24565066109951286,0.0,0.17647877522616562
234,0.09918276374442793,0.0,0.5681649331352154,0.3326523031203566
235,0.17480719794344474,0.46786632390745503,0.35732647814910024,0.0
236,0.42710859606575047,0.30045809754783076,0.0,0.27243330638641877
237,0.20170454545454544,0.4119318181818182,0.38636363636363635,0.0
238,0.0,0.28457059679767105,0.02911208151382824,0.6863173216885007
239,0.07623318385650224,0.5904334828101644,0.3333333333333333,0.0
240,0.08591408591408592,0.0,0.07742257742257742,0.8366633366633367
241,0.14,0.1,0.76,0.0
242,0.512223974763407,0.3111198738170347,0.0,0.17665615141955837
243,0.090465872156013,0.0,0.8813651137594799,0.028169014084507043
244,0.0,0.13025210084033614,0.44537815126050423,0.42436974789915966
245,0.0,0.29048140043763676,0.62527352297593,0.08424507658643327
246,0.0,0.36291240045506257,0.21956769055745165,0.41751990898748575
247,0.10047846889952153,0.17703349282296652,0.722488038277512,0.0
248,0.3858267716535433,0.3661417322834646,0.0,0.24803149606299213
249,0.0,0.0854898336414048,0.8770794824399261,0.03743068391866913
250,0.0,0.28268991282689915,0.6643835616438356,0.05292652552926526
251,0.10261080752884032,0.0,0.16089860352155433,0.7364905889496054
252,0.0,0.17590361445783131,0.7674698795180723,0.056626506024096385
253,0.7139796464916979,0.24049276914836637,0.0,0.04552758435993572
254,0.1236125126135217,0.0,0.08678102926337034,0.7896064581231079
255,0.12768817204301075,0.0,0.4583333333333333,0.41397849462365593
256,0.07457627118644068,0.3559322033898305,0.5694915254237288,0.0
257,0.34795763993948564,0.4281391830559758,0.0,0.22390317700453857
258,0.0,0.49681020733652315,0.4824561403508772,0.02073365231259968
259,0.32858837485172004,0.6109134045077106,0.0,0.060498220640569395
260,0.0,0.45235707121364094,0.44433299899699097,0.10330992978936811
261,0.37252747252747254,0.5186813186813187,0.0,0.1087912087912088
262,0.10841507485802789,0.0,0.15935295129926003,0.7322319738427121
263,0.19369369369369369,0.0,0.23423423423423423,0.5720720720720721
264,0.4013605442176871,0.2857142857142857,0.0,0.3129251700680272
265,0.0,0.3862559241706161,0.5734597156398105,0.04028436018957346
266,0.4186693650392107,0.523905894257526,0.0,0.057424740703263345
267,0.36363636363636365,0.12121212121212122,0.0,0.5151515151515151
268,0.0,0.28378378378378377,0.4864864864864865,0.22972972972972974
269,0.18193548387096775,0.0,0.05290322580645161,0.7651612903225806
270,0.0,0.04086021505376344,0.42795698924731185,0.5311827956989247
271,0.21182266009852216,0.0,0.18226600985221675,0.6059113300492611
272,0.35106382978723405,0.3670212765957447,0.0,0.28191489361702127
273,0.23780487804878048,0.03048780487804878,0.0,0.7317073170731707
274,0.05017103762827822,0.0,0.9258836944127709,0.02394526795895097
275,0.2536924413553432,0.5282363162467419,0.21807124239791487,0.0
276,0.6143400325909831,0.29114611624117326,0.0,0.09451385116784357
277,0.20297951582867785,0.6201117318435754,0.17690875232774675,0.0
278,0.33424838036675086,0.38651586691555945,0.0,0.2792357527176897
279,0.09009009009009009,0.07207207207207207,0.8378378378378378,0.0
280,0.0,0.054945054945054944,0.0989010989010989,0.8461538461538461
281,0.011522633744855968,0.9078189300411522,0.08065843621399177,0.0
282,0.08723404255319149,0.725531914893617,0.18723404255319148,0.0
283,0.0,0.03425414364640884,0.06022099447513812,0.905524861878453
284,0.015856950067476384,0.0,0.018893387314439947,0.9652496626180836
285,0.14429530201342283,0.12416107382550336,0.7315436241610739,0.0
286,0.3192488262910798,0.1643192488262911,0.0,0.5164319248826291
287,0.0012165450121654502,0.6204379562043796,0.37834549878345497,0.0
288,0.6909361069836553,0.03863298662704309,0.0,0.2704309063893016
289,0.078125,0.0,0.13523706896551724,0.7866379310344828
290,0.33430232558139533,0.4636627906976744,0.0,0.20203488372093023
291,0.0,0.6590361445783133,0.3349397590361446,0.006024096385542169
292,0.015296367112810707,0.8413001912045889,0.0,0.14340344168260039
293,0.0,0.17717206132879046,0.7103918228279387,0.11243611584327087
294,0.6225165562913907,0.1357615894039735,0.0,0.24172185430463577
295,0.0,0.25357142857142856,0.46785714285714286,0.2785714285714286
296,0.2080745341614907,0.7049689440993789,0.08695652173913043,0.0
297,0.3035019455252918,0.0,0.19844357976653695,0.4980544747081712
298,0.2814070351758794,0.4371859296482412,0.2814070351758794,0.0
299,0.5344827586206896,0.0,0.1896551724137931,0.27586206896551724
300,0.25,0.29545454545454547,0.45454545454545453,0.0
301,0.35135135135135137,0.0,0.5405405405405406,0.10810810810810811
302,0.4482758620689655,0.13793103448275862,0.0,0.41379310344827586
303,0.1111111111111111,0.0,0.5555555555555556,0.3333333333333333
304,0.0,0.0,0.6,0.4
305,0.1,0.0,0.4,0.5
306,0.0,0.0,0.8181818181818182,0.18181818181818182
307,0.6666666666666666,0.3333333333333333,0.0,0.0
308,0.0,0.25,0.75,0.0
309,0.0,1.0,0.0,0.0
310,0.0,0.16666666666666666,0.3333333333333333,0.5
311,,,,
312,,,,
313,,,,
314,,,,
315,,,,
