,A,C,G,T
0,,,,
1,,,,
2,0.41935483870967744,0.5483870967741935,0.0,0.03225806451612903
3,0.8571428571428571,0.07142857142857142,0.0,0.07142857142857142
4,0.11842105263157894,0.7894736842105263,0.09210526315789473,0.0
5,0.46875,0.0625,0.0,0.46875
6,0.4117647058823529,0.0,0.29411764705882354,0.29411764705882354
7,0.0,0.14893617021276595,0.5957446808510638,0.2553191489361702
8,0.6711711711711712,0.26126126126126126,0.0,0.06756756756756757
9,0.07971014492753623,0.0,0.14492753623188406,0.7753623188405797
10,0.2857142857142857,0.5714285714285714,0.14285714285714285,0.0
11,0.6470588235294118,0.058823529411764705,0.0,0.29411764705882354
12,0.1511627906976744,0.10465116279069768,0.0,0.7441860465116279
13,0.36363636363636365,0.45454545454545453,0.18181818181818182,0.0
14,0.23076923076923078,0.15384615384615385,0.0,0.6153846153846154
15,0.030303030303030304,0.9393939393939394,0.0,0.030303030303030304
16,0.0,0.5,0.25,0.25
17,0.75,0.17307692307692307,0.0,0.07692307692307693
18,0.07142857142857142,0.21428571428571427,0.7142857142857143,0.0
19,0.16666666666666666,0.0,0.08333333333333333,0.75
20,0.0851063829787234,0.3404255319148936,0.574468085106383,0.0
21,0.125,0.125,0.0,0.75
22,0.0,0.25,0.0,0.75
23,0.5238095238095238,0.23809523809523808,0.0,0.23809523809523808
24,0.0,0.16666666666666666,0.0,0.8333333333333334
25,0.0,0.3333333333333333,0.0,0.6666666666666666
26,0.0,0.42857142857142855,0.47619047619047616,0.09523809523809523
27,0.6111111111111112,0.2777777777777778,0.0,0.1111111111111111
28,0.972972972972973,0.0,0.0,0.02702702702702703
29,0.12,0.0,0.48,0.4
30,0.02531645569620253,0.569620253164557,0.4050632911392405,0.0
31,0.07692307692307693,0.5384615384615384,0.38461538461538464,0.0
32,0.4805194805194805,0.4155844155844156,0.0,0.1038961038961039
33,0.7636363636363637,0.07272727272727272,0.0,0.16363636363636364
34,0.05128205128205128,0.9230769230769231,0.02564102564102564,0.0
35,0.0,0.24113475177304963,0.4397163120567376,0.3191489361702128
36,0.0,0.6645161290322581,0.3161290322580645,0.01935483870967742
37,0.0,0.4473684210526316,0.3684210526315789,0.18421052631578946
38,0.39473684210526316,0.5263157894736842,0.0,0.07894736842105263
39,0.4,0.0,0.3,0.3
40,0.4,0.0,0.3,0.3
41,0.04830917874396135,0.04830917874396135,0.9033816425120773,0.0
42,0.8571428571428571,0.0,0.0,0.14285714285714285
43,0.25,0.25,0.0,0.5
44,0.4883720930232558,0.0,0.0,0.5116279069767442
45,0.2857142857142857,0.5714285714285714,0.0,0.14285714285714285
46,0.9479166666666666,0.03125,0.0,0.020833333333333332
47,0.65625,0.25,0.0,0.09375
48,0.25,0.08333333333333333,0.6666666666666666,0.0
49,0.3333333333333333,0.0,0.2222222222222222,0.4444444444444444
50,0.23809523809523808,0.0,0.23809523809523808,0.5238095238095238
51,0.4,0.0,0.4,0.2
52,0.25,0.25,0.5,0.0
53,0.1164021164021164,0.38095238095238093,0.5026455026455027,0.0
54,0.0,0.5833333333333334,0.3333333333333333,0.08333333333333333
55,0.2,0.44,0.0,0.36
56,0.0,0.4375,0.5,0.0625
57,0.19047619047619047,0.0,0.7619047619047619,0.047619047619047616
58,0.0,0.2857142857142857,0.7142857142857143,0.0
59,0.23809523809523808,0.0,0.5238095238095238,0.23809523809523808
60,0.045454545454545456,0.6363636363636364,0.3181818181818182,0.0
61,0.3333333333333333,0.0,0.1111111111111111,0.5555555555555556
62,0.14705882352941177,0.0,0.29411764705882354,0.5588235294117647
63,0.0,0.25,0.75,0.0
64,0.0,0.6666666666666666,0.0,0.3333333333333333
65,0.0,0.8717948717948718,0.1282051282051282,0.0
66,0.6219512195121951,0.024390243902439025,0.0,0.35365853658536583
67,0.38271604938271603,0.0,0.10493827160493827,0.5123456790123457
68,0.0,0.2777777777777778,0.5,0.2222222222222222
69,0.8604651162790697,0.046511627906976744,0.0,0.09302325581395349
70,0.01020408163265306,0.0,0.25510204081632654,0.7346938775510204
71,0.18867924528301888,0.0,0.5660377358490566,0.24528301886792453
72,0.07692307692307693,0.38461538461538464,0.5384615384615384,0.0
73,0.18181818181818182,0.0,0.0,0.8181818181818182
74,0.23943661971830985,0.6338028169014085,0.1267605633802817,0.0
75,0.12244897959183673,0.8163265306122449,0.0,0.061224489795918366
76,0.8674698795180723,0.07228915662650602,0.0,0.060240963855421686
77,0.0,0.5377358490566038,0.29245283018867924,0.16981132075471697
78,0.21008403361344538,0.5798319327731093,0.21008403361344538,0.0
79,0.047619047619047616,0.5714285714285714,0.38095238095238093,0.0
80,0.1951219512195122,0.0,0.36585365853658536,0.43902439024390244
81,0.0,0.34814814814814815,0.5333333333333333,0.11851851851851852
82,0.3065326633165829,0.0,0.4221105527638191,0.271356783919598
83,0.10869565217391304,0.7898550724637681,0.10144927536231885,0.0
84,0.18666666666666668,0.49333333333333335,0.32,0.0
85,0.16666666666666666,0.6666666666666666,0.16666666666666666,0.0
86,0.15384615384615385,0.0,0.07692307692307693,0.7692307692307693
87,0.0,0.24489795918367346,0.46938775510204084,0.2857142857142857
88,0.4431818181818182,0.48484848484848486,0.0,0.07196969696969698
89,0.21341463414634146,0.5426829268292683,0.24390243902439024,0.0
90,0.0,0.20284697508896798,0.6263345195729537,0.1708185053380783
91,0.0,0.40119760479041916,0.39520958083832336,0.20359281437125748
92,0.06511627906976744,0.0,0.24651162790697675,0.6883720930232559
93,0.3888888888888889,0.23148148148148148,0.0,0.37962962962962965
94,0.20134228187919462,0.0,0.10067114093959731,0.697986577181208
95,0.4787234042553192,0.0,0.19148936170212766,0.32978723404255317
96,0.35714285714285715,0.4523809523809524,0.19047619047619047,0.0
97,0.3950617283950617,0.43209876543209874,0.0,0.1728395061728395
98,0.03508771929824561,0.868421052631579,0.0,0.09649122807017543
99,0.0,0.573170731707317,0.14634146341463414,0.2804878048780488
100,0.23076923076923078,0.46153846153846156,0.3076923076923077,0.0
101,0.3,0.575,0.0,0.125
102,0.0,0.21649484536082475,0.5051546391752577,0.27835051546391754
103,0.47058823529411764,0.48081841432225064,0.0,0.04859335038363171
104,0.053763440860215055,0.0,0.08602150537634409,0.8602150537634409
105,0.0,0.5,0.5,0.0
106,0.0,0.3333333333333333,0.0,0.6666666666666666
107,0.0,0.0,0.0,1.0
108,0.3333333333333333,0.12121212121212122,0.0,0.5454545454545454
109,0.0,0.7222222222222222,0.2777777777777778,0.0
110,0.041666666666666664,0.0,0.375,0.5833333333333334
111,0.5714285714285714,0.0,0.07142857142857142,0.35714285714285715
112,0.5714285714285714,0.0,0.0,0.42857142857142855
113,0.16666666666666666,0.0,0.5,0.3333333333333333
114,0.5,0.0,0.3333333333333333,0.16666666666666666
115,0.0,0.14285714285714285,0.38095238095238093,0.47619047619047616
116,0.64,0.2,0.0,0.16
117,0.5185185185185185,0.12962962962962962,0.0,0.35185185185185186
118,0.0,0.0,0.5675675675675675,0.43243243243243246
119,0.1,0.525,0.375,0.0
120,0.6666666666666666,0.0,0.0,0.3333333333333333
121,0.5,0.0,0.3333333333333333,0.16666666666666666
122,0.0,0.1568627450980392,0.5882352941176471,0.2549019607843137
123,0.4,0.0,0.0,0.6
124,0.45714285714285713,0.45714285714285713,0.0,0.08571428571428572
125,0.8024691358024691,0.07407407407407407,0.0,0.12345679012345678
126,0.0,0.2962962962962963,0.5925925925925926,0.1111111111111111
127,0.0,0.044444444444444446,0.8444444444444444,0.1111111111111111
128,0.4444444444444444,0.2222222222222222,0.0,0.3333333333333333
129,0.15789473684210525,0.6842105263157895,0.0,0.15789473684210525
130,0.32,0.16,0.0,0.52
131,0.5851851851851851,0.31851851851851853,0.0,0.0962962962962963
132,0.32608695652173914,0.0,0.45652173913043476,0.21739130434782608
133,0.08163265306122448,0.22448979591836735,0.6938775510204082,0.0
134,0.22727272727272727,0.13636363636363635,0.0,0.6363636363636364
135,0.24,0.48,0.0,0.28
136,0.0,0.13253012048192772,0.7831325301204819,0.08433734939759036
137,0.8045977011494253,0.09195402298850575,0.0,0.10344827586206896
138,0.05405405405405406,0.02702702702702703,0.918918918918919,0.0
139,0.25,0.10714285714285714,0.0,0.6428571428571429
140,0.17647058823529413,0.23529411764705882,0.0,0.5882352941176471
141,0.5268817204301075,0.3655913978494624,0.0,0.10752688172043011
142,0.16,0.2,0.64,0.0
143,0.08641975308641975,0.6049382716049383,0.30864197530864196,0.0
144,0.1794871794871795,0.44871794871794873,0.0,0.3717948717948718
145,0.25196850393700787,0.6377952755905512,0.0,0.11023622047244094
146,0.3877551020408163,0.0,0.19047619047619047,0.4217687074829932
147,0.6666666666666666,0.0,0.2222222222222222,0.1111111111111111
148,0.7124183006535948,0.032679738562091505,0.0,0.2549019607843137
149,0.23717948717948717,0.5384615384615384,0.22435897435897437,0.0
150,0.0,0.24675324675324675,0.5064935064935064,0.24675324675324675
151,0.2857142857142857,0.2727272727272727,0.44155844155844154,0.0
152,0.5471698113207547,0.29245283018867924,0.16037735849056603,0.0
153,0.5,0.0,0.0,0.5
154,0.0,0.1890909090909091,0.5563636363636364,0.2545454545454545
155,0.0,0.215,0.56,0.225
156,0.0,0.2054794520547945,0.636986301369863,0.15753424657534246
157,0.267515923566879,0.5605095541401274,0.0,0.17197452229299362
158,0.12109375,0.0,0.24609375,0.6328125
159,0.0,0.3698630136986301,0.5342465753424658,0.0958904109589041
160,0.0,0.20418848167539266,0.5340314136125655,0.2617801047120419
161,0.0,0.2140221402214022,0.47232472324723246,0.31365313653136534
162,0.0,0.1308139534883721,0.5930232558139535,0.2761627906976744
163,0.15210355987055016,0.0,0.5825242718446602,0.26537216828478966
164,0.25,0.4112903225806452,0.3387096774193548,0.0
165,0.27319587628865977,0.25257731958762886,0.0,0.4742268041237113
166,0.0,0.4147727272727273,0.4318181818181818,0.1534090909090909
167,0.24025974025974026,0.4025974025974026,0.35714285714285715,0.0
168,0.6666666666666666,0.13333333333333333,0.0,0.2
169,0.4838709677419355,0.3225806451612903,0.0,0.1935483870967742
170,0.34210526315789475,0.3684210526315789,0.2894736842105263,0.0
171,0.4,0.17142857142857143,0.0,0.42857142857142855
172,0.546583850931677,0.37267080745341613,0.0,0.08074534161490683
173,0.42857142857142855,0.17857142857142858,0.0,0.39285714285714285
174,0.0,0.1095890410958904,0.7602739726027398,0.13013698630136986
175,0.42592592592592593,0.0,0.4722222222222222,0.10185185185185185
176,0.0,0.35374149659863946,0.3333333333333333,0.3129251700680272
177,0.0,0.10526315789473684,0.7593984962406015,0.13533834586466165
178,0.09166666666666666,0.0,0.24166666666666667,0.6666666666666666
179,0.0,0.273972602739726,0.3972602739726027,0.3287671232876712
180,0.20754716981132076,0.3836477987421384,0.0,0.4088050314465409
181,0.0,0.3269230769230769,0.38461538461538464,0.28846153846153844
182,0.20714285714285716,0.0,0.42142857142857143,0.37142857142857144
183,0.05714285714285714,0.5428571428571428,0.4,0.0
184,0.0,0.30434782608695654,0.10869565217391304,0.5869565217391305
185,0.08064516129032258,0.0,0.08064516129032258,0.8387096774193549
186,0.3939393939393939,0.13636363636363635,0.0,0.4696969696969697
187,0.08888888888888889,0.0,0.7222222222222222,0.18888888888888888
188,0.5035971223021583,0.2517985611510791,0.2446043165467626,0.0
189,0.5473684210526316,0.22105263157894736,0.0,0.23157894736842105
190,0.3333333333333333,0.0,0.5208333333333334,0.14583333333333334
191,0.0,0.20192307692307693,0.5576923076923077,0.2403846153846154
192,0.19148936170212766,0.0,0.5,0.30851063829787234
193,0.2,0.0,0.37777777777777777,0.4222222222222222
194,0.4117647058823529,0.0,0.23529411764705882,0.35294117647058826
195,0.4117647058823529,0.38235294117647056,0.0,0.20588235294117646
196,0.10714285714285714,0.4642857142857143,0.42857142857142855,0.0
197,0.2542372881355932,0.3728813559322034,0.0,0.3728813559322034
198,0.0,0.49333333333333335,0.5066666666666667,0.0
199,0.0,0.1728395061728395,0.7777777777777778,0.04938271604938271
200,0.0,0.05405405405405406,0.8986486486486487,0.0472972972972973
201,0.7222222222222222,0.05555555555555555,0.0,0.2222222222222222
202,0.7704918032786885,0.09836065573770492,0.0,0.13114754098360656
203,0.5869565217391305,0.0,0.15217391304347827,0.2608695652173913
204,0.0,0.968421052631579,0.031578947368421054,0.0
205,0.5555555555555556,0.2222222222222222,0.0,0.2222222222222222
206,0.0,0.07692307692307693,0.9010989010989011,0.02197802197802198
207,0.4444444444444444,0.1388888888888889,0.4166666666666667,0.0
208,0.18181818181818182,0.18181818181818182,0.6363636363636364,0.0
209,0.1875,0.0,0.1875,0.625
210,0.0,0.23809523809523808,0.19047619047619047,0.5714285714285714
211,0.21568627450980393,0.0,0.2679738562091503,0.5163398692810458
212,0.17543859649122806,0.0,0.21052631578947367,0.6140350877192983
213,0.0,0.375,0.55,0.075
214,0.21739130434782608,0.17391304347826086,0.6086956521739131,0.0
215,0.2682926829268293,0.0,0.25609756097560976,0.47560975609756095
216,0.39285714285714285,0.03571428571428571,0.5714285714285714,0.0
217,0.75,0.0,0.0,0.25
218,0.0,0.7388059701492538,0.16417910447761194,0.09701492537313433
219,0.0,0.6451612903225806,0.3548387096774194,0.0
220,0.5,0.35714285714285715,0.0,0.14285714285714285
221,0.0,0.07894736842105263,0.8947368421052632,0.02631578947368421
222,0.75,0.09375,0.0,0.15625
223,0.0,0.42857142857142855,0.5714285714285714,0.0
224,0.03875968992248062,0.9069767441860465,0.05426356589147287,0.0
225,0.8289473684210527,0.09210526315789473,0.0,0.07894736842105263
226,0.0,0.11764705882352941,0.5294117647058824,0.35294117647058826
227,0.10810810810810811,0.7567567567567568,0.13513513513513514,0.0
228,0.21212121212121213,0.15151515151515152,0.6363636363636364,0.0
229,0.21739130434782608,0.0,0.4782608695652174,0.30434782608695654
230,0.0,0.6521739130434783,0.2536231884057971,0.09420289855072464
231,0.0,0.4444444444444444,0.5470085470085471,0.008547008547008548
232,0.0,0.358974358974359,0.6089743589743589,0.03205128205128205
233,0.0,0.10215053763440861,0.8924731182795699,0.005376344086021506
234,0.0,0.3333333333333333,0.5853658536585366,0.08130081300813008
235,0.0,0.24812030075187969,0.6766917293233082,0.07518796992481203
236,0.078125,0.0,0.3541666666666667,0.5677083333333334
237,0.0,0.16666666666666666,0.23333333333333334,0.6
238,0.06870229007633588,0.0,0.015267175572519083,0.916030534351145
239,0.547945205479452,0.24315068493150685,0.0,0.2089041095890411
240,0.10726643598615918,0.0,0.5570934256055363,0.3356401384083045
241,0.08823529411764706,0.7647058823529411,0.14705882352941177,0.0
242,0.5585106382978723,0.23404255319148937,0.0,0.2074468085106383
243,0.12903225806451613,0.6129032258064516,0.25806451612903225,0.0
244,0.0,0.183206106870229,0.030534351145038167,0.7862595419847328
245,0.2,0.5714285714285714,0.22857142857142856,0.0
246,0.06666666666666667,0.0,0.06666666666666667,0.8666666666666667
247,0.6363636363636364,0.0,0.36363636363636365,0.0
248,0.6078431372549019,0.22875816993464052,0.0,0.16339869281045752
249,0.1095890410958904,0.0,0.8082191780821918,0.0821917808219178
250,0.0,0.25,0.625,0.125
251,0.0,0.3162393162393162,0.6666666666666666,0.017094017094017096
252,0.0,0.6829268292682927,0.07317073170731707,0.24390243902439024
253,0.2,0.2,0.6,0.0
254,0.2727272727272727,0.36363636363636365,0.0,0.36363636363636365
255,0.0,0.15,0.82,0.03
256,0.0,0.25,0.675,0.075
257,0.08235294117647059,0.0,0.10588235294117647,0.8117647058823529
258,0.0,0.10909090909090909,0.8,0.09090909090909091
259,0.872093023255814,0.12790697674418605,0.0,0.0
260,0.09230769230769231,0.0,0.15384615384615385,0.7538461538461538
261,0.14285714285714285,0.0,0.2857142857142857,0.5714285714285714
262,0.2222222222222222,0.2222222222222222,0.5555555555555556,0.0
263,0.5151515151515151,0.3333333333333333,0.0,0.15151515151515152
264,0.0,0.6857142857142857,0.2857142857142857,0.02857142857142857
265,0.0,0.14215686274509803,0.8382352941176471,0.0196078431372549
266,0.0,0.13414634146341464,0.8048780487804879,0.06097560975609756
267,0.0,0.08484848484848485,0.896969696969697,0.01818181818181818
268,0.04639175257731959,0.0,0.211340206185567,0.7422680412371134
269,0.25,0.0,0.1388888888888889,0.6111111111111112
270,0.5,0.0,0.0,0.5
271,0.0,0.42105263157894735,0.5263157894736842,0.05263157894736842
272,0.3473053892215569,0.6047904191616766,0.0,0.04790419161676647
273,0.25,0.25,0.0,0.5
274,0.0,0.0,0.6666666666666666,0.3333333333333333
275,0.17391304347826086,0.0,0.34782608695652173,0.4782608695652174
276,0.0,0.037037037037037035,0.2222222222222222,0.7407407407407407
277,0.1111111111111111,0.0,0.3333333333333333,0.5555555555555556
278,0.0,0.044444444444444446,0.9185185185185185,0.037037037037037035
279,0.75,0.0,0.0,0.25
280,0.04316546762589928,0.0,0.9424460431654677,0.014388489208633094
281,0.3684210526315789,0.0,0.05263157894736842,0.5789473684210527
282,0.5307262569832403,0.33519553072625696,0.0,0.1340782122905028
283,0.0625,0.5625,0.375,0.0
284,0.3678474114441417,0.3569482288828338,0.0,0.27520435967302453
285,0.25,0.0,0.75,0.0
286,0.0,0.25,0.0,0.75
287,0.019230769230769232,0.9230769230769231,0.057692307692307696,0.0
288,0.0,0.625,0.375,0.0
289,0.0,0.046875,0.03125,0.921875
290,0.011152416356877323,0.0,0.01858736059479554,0.9702602230483272
291,0.25,0.25,0.5,0.0
292,0.625,0.125,0.0,0.25
293,0.0,0.9444444444444444,0.05555555555555555,0.0
294,0.0,0.028901734104046242,0.7745664739884393,0.19653179190751446
295,0.16129032258064516,0.0,0.27419354838709675,0.5645161290322581
296,0.16279069767441862,0.0,0.3488372093023256,0.4883720930232558
297,0.0,0.08571428571428572,0.6285714285714286,0.2857142857142857
298,0.325,0.0,0.275,0.4
299,0.0,0.3684210526315789,0.5263157894736842,0.10526315789473684
300,0.26666666666666666,0.26666666666666666,0.0,0.4666666666666667
301,0.0,0.3333333333333333,0.6666666666666666,0.0
302,0.38461538461538464,0.5384615384615384,0.07692307692307693,0.0
303,0.4444444444444444,0.0,0.1111111111111111,0.4444444444444444
304,0.375,0.125,0.5,0.0
305,0.0,0.8,0.0,0.2
306,0.375,0.0,0.625,0.0
307,0.0,1.0,0.0,0.0
308,1.0,0.0,0.0,0.0
309,0.5,0.0,0.5,0.0
310,0.0,0.0,1.0,0.0
311,0.0,0.0,0.0,1.0
312,,,,
313,,,,
314,,,,
315,,,,
316,0.0,0.0,0.5,0.5
317,,,,
318,,,,
319,,,,
320,,,,
321,,,,
