,A,C,G,T
0,,,,
1,,,,
2,0.7083333333333334,0.125,0.0,0.16666666666666666
3,0.45,0.45,0.0,0.1
4,0.3300970873786408,0.3883495145631068,0.2815533980582524,0.0
5,0.45714285714285713,0.32857142857142857,0.0,0.21428571428571427
6,0.660377358490566,0.0,0.2641509433962264,0.07547169811320754
7,0.0,0.12,0.5866666666666667,0.29333333333333333
8,0.4823529411764706,0.35764705882352943,0.0,0.16
9,0.07142857142857142,0.0,0.11607142857142858,0.8125
10,1.0,0.0,0.0,0.0
11,0.5932203389830508,0.11864406779661017,0.0,0.288135593220339
12,0.5,0.5,0.0,0.0
13,0.6056338028169014,0.36619718309859156,0.028169014084507043,0.0
14,0.6129032258064516,0.03225806451612903,0.0,0.3548387096774194
15,0.0,0.7894736842105263,0.0,0.21052631578947367
16,0.0,0.7083333333333334,0.2916666666666667,0.0
17,0.8173913043478261,0.10434782608695652,0.0,0.0782608695652174
18,0.2727272727272727,0.5454545454545454,0.18181818181818182,0.0
19,0.47368421052631576,0.0,0.05263157894736842,0.47368421052631576
20,0.04838709677419355,0.22580645161290322,0.7258064516129032,0.0
21,0.16666666666666666,0.16666666666666666,0.0,0.6666666666666666
22,0.0,0.5,0.0,0.5
23,0.1875,0.4375,0.0,0.375
24,0.125,0.0,0.0,0.875
25,0.5,0.0,0.0,0.5
26,0.0,0.4528301886792453,0.22641509433962265,0.32075471698113206
27,0.22950819672131148,0.7049180327868853,0.0,0.06557377049180328
28,0.6797752808988764,0.16292134831460675,0.0,0.15730337078651685
29,0.5121951219512195,0.0,0.14634146341463414,0.34146341463414637
30,0.109375,0.453125,0.4375,0.0
31,0.04,0.56,0.4,0.0
32,0.34210526315789475,0.47368421052631576,0.0,0.18421052631578946
33,0.2222222222222222,0.16666666666666666,0.0,0.6111111111111112
34,0.03571428571428571,0.8571428571428571,0.10714285714285714,0.0
35,0.14285714285714285,0.0,0.42857142857142855,0.42857142857142855
36,0.0,0.4262295081967213,0.5573770491803278,0.01639344262295082
37,0.0,0.25287356321839083,0.7471264367816092,0.0
38,0.41304347826086957,0.391304347826087,0.0,0.1956521739130435
39,0.12,0.0,0.8,0.08
40,0.1,0.0,0.1,0.8
41,0.1794871794871795,0.38461538461538464,0.4358974358974359,0.0
42,0.8235294117647058,0.058823529411764705,0.0,0.11764705882352941
43,0.42105263157894735,0.3157894736842105,0.0,0.2631578947368421
44,0.0,0.23711340206185566,0.7216494845360825,0.041237113402061855
45,0.6666666666666666,0.19047619047619047,0.0,0.14285714285714285
46,0.94,0.04,0.0,0.02
47,0.125,0.4583333333333333,0.0,0.4166666666666667
48,0.26666666666666666,0.4666666666666667,0.26666666666666666,0.0
49,0.5,0.0,0.0,0.5
50,0.52,0.0,0.0,0.48
51,0.16129032258064516,0.0,0.25806451612903225,0.5806451612903226
52,0.4666666666666667,0.26666666666666666,0.26666666666666666,0.0
53,0.5428571428571428,0.42857142857142855,0.0,0.02857142857142857
54,0.0,0.9259259259259259,0.07407407407407407,0.0
55,0.19607843137254902,0.7647058823529411,0.0,0.0392156862745098
56,0.0,0.28846153846153844,0.5192307692307693,0.19230769230769232
57,0.6666666666666666,0.0,0.16666666666666666,0.16666666666666666
58,0.0,0.6,0.4,0.0
59,0.16,0.0,0.4,0.44
60,0.09803921568627451,0.49019607843137253,0.4117647058823529,0.0
61,0.3,0.0,0.2,0.5
62,0.27380952380952384,0.0,0.2857142857142857,0.44047619047619047
63,0.2,0.0,0.8,0.0
64,0.0,0.2857142857142857,0.0,0.7142857142857143
65,0.03278688524590164,0.8032786885245902,0.16393442622950818,0.0
66,0.6415094339622641,0.03773584905660377,0.0,0.32075471698113206
67,0.3917910447761194,0.0,0.06716417910447761,0.5410447761194029
68,0.0,0.09782608695652174,0.44565217391304346,0.45652173913043476
69,0.7446808510638298,0.1702127659574468,0.0,0.0851063829787234
70,0.017094017094017096,0.0,0.6068376068376068,0.37606837606837606
71,0.10227272727272728,0.0,0.6818181818181818,0.2159090909090909
72,0.16666666666666666,0.4166666666666667,0.4166666666666667,0.0
73,0.1875,0.0,0.25,0.5625
74,0.3157894736842105,0.4631578947368421,0.22105263157894736,0.0
75,0.75,0.041666666666666664,0.0,0.20833333333333334
76,0.5882352941176471,0.29411764705882354,0.0,0.11764705882352941
77,0.0,0.5274725274725275,0.26373626373626374,0.2087912087912088
78,0.4,0.37142857142857144,0.22857142857142856,0.0
79,0.2777777777777778,0.5,0.2222222222222222,0.0
80,0.14285714285714285,0.0,0.02040816326530612,0.8367346938775511
81,0.0,0.41847826086956524,0.4891304347826087,0.09239130434782608
82,0.23059360730593606,0.0,0.365296803652968,0.4041095890410959
83,0.2131782945736434,0.0,0.34108527131782945,0.44573643410852715
84,0.09183673469387756,0.4489795918367347,0.45918367346938777,0.0
85,0.08695652173913043,0.6086956521739131,0.30434782608695654,0.0
86,0.0625,0.0,0.0625,0.875
87,0.0,0.2553191489361702,0.6737588652482269,0.07092198581560284
88,0.603448275862069,0.3333333333333333,0.0,0.06321839080459771
89,0.25547445255474455,0.45985401459854014,0.2846715328467153,0.0
90,0.6043956043956044,0.10989010989010989,0.0,0.2857142857142857
91,0.0,0.5846153846153846,0.3230769230769231,0.09230769230769231
92,0.38372093023255816,0.0,0.18604651162790697,0.43023255813953487
93,0.24203821656050956,0.6624203821656051,0.09554140127388536,0.0
94,0.0,0.3125,0.125,0.5625
95,0.046875,0.0,0.09375,0.859375
96,0.20481927710843373,0.6506024096385542,0.14457831325301204,0.0
97,0.0,0.25833333333333336,0.21666666666666667,0.525
98,0.1164021164021164,0.0,0.0582010582010582,0.8253968253968254
99,0.0,0.5257731958762887,0.23711340206185566,0.23711340206185566
100,0.2,0.4,0.4,0.0
101,0.358974358974359,0.3717948717948718,0.0,0.2692307692307692
102,0.0,0.13636363636363635,0.6704545454545454,0.19318181818181818
103,0.34022556390977443,0.6203007518796992,0.0,0.039473684210526314
104,0.013856812933025405,0.0,0.07852193995381063,0.9076212471131639
105,0.0,0.14285714285714285,0.8571428571428571,0.0
106,0.0,0.09090909090909091,0.0,0.9090909090909091
107,0.5,0.08333333333333333,0.0,0.4166666666666667
108,0.0,0.19230769230769232,0.717948717948718,0.08974358974358974
109,0.26666666666666666,0.4666666666666667,0.26666666666666666,0.0
110,0.24161073825503357,0.0,0.15436241610738255,0.6040268456375839
111,0.5625,0.0,0.1875,0.25
112,0.38461538461538464,0.23076923076923078,0.0,0.38461538461538464
113,0.20114942528735633,0.0,0.22988505747126436,0.5689655172413793
114,0.5555555555555556,0.0,0.1111111111111111,0.3333333333333333
115,0.0,0.1,0.5666666666666667,0.3333333333333333
116,0.55,0.375,0.0,0.075
117,0.6178861788617886,0.17073170731707318,0.0,0.21138211382113822
118,0.0273972602739726,0.0,0.3972602739726027,0.5753424657534246
119,0.23157894736842105,0.5473684210526316,0.22105263157894736,0.0
120,0.3,0.0,0.1,0.6
121,0.8,0.0,0.2,0.0
122,0.0,0.14473684210526316,0.6052631578947368,0.25
123,0.5416666666666666,0.125,0.0,0.3333333333333333
124,0.75,0.09615384615384616,0.0,0.15384615384615385
125,0.6125,0.2,0.0,0.1875
126,0.0,0.47368421052631576,0.4473684210526316,0.07894736842105263
127,0.0,0.189873417721519,0.7215189873417721,0.08860759493670886
128,0.5185185185185185,0.14814814814814814,0.0,0.3333333333333333
129,0.5294117647058824,0.08823529411764706,0.0,0.38235294117647056
130,0.24444444444444444,0.37777777777777777,0.0,0.37777777777777777
131,0.5374149659863946,0.24149659863945577,0.0,0.22108843537414966
132,0.4418604651162791,0.0,0.18604651162790697,0.37209302325581395
133,0.025,0.65,0.325,0.0
134,0.35,0.14166666666666666,0.0,0.5083333333333333
135,0.1935483870967742,0.6774193548387096,0.0,0.12903225806451613
136,0.0,0.14285714285714285,0.7551020408163265,0.10204081632653061
137,0.8514285714285714,0.03428571428571429,0.0,0.11428571428571428
138,0.03571428571428571,0.03571428571428571,0.9285714285714286,0.0
139,0.31313131313131315,0.16161616161616163,0.0,0.5252525252525253
140,0.14285714285714285,0.43956043956043955,0.0,0.4175824175824176
141,0.6765625,0.303125,0.0,0.0203125
142,0.21875,0.34375,0.4375,0.0
143,0.10546875,0.75,0.14453125,0.0
144,0.03015075376884422,0.01507537688442211,0.9547738693467337,0.0
145,0.35294117647058826,0.0,0.5,0.14705882352941177
146,0.0,0.4069767441860465,0.37790697674418605,0.21511627906976744
147,0.27472527472527475,0.4175824175824176,0.3076923076923077,0.0
148,0.0,0.35678391959798994,0.15577889447236182,0.48743718592964824
149,0.04225352112676056,0.0,0.0647887323943662,0.8929577464788733
150,0.0,0.33962264150943394,0.5094339622641509,0.1509433962264151
151,0.11267605633802817,0.36619718309859156,0.5211267605633803,0.0
152,0.3021978021978022,0.5631868131868132,0.1346153846153846,0.0
153,0.0,0.08247422680412371,0.8350515463917526,0.08247422680412371
154,0.39111111111111113,0.4711111111111111,0.0,0.13777777777777778
155,0.1702127659574468,0.5212765957446809,0.30851063829787234,0.0
156,0.0,0.2950191570881226,0.6091954022988506,0.09578544061302682
157,0.34930139720558884,0.5568862275449101,0.0,0.09381237524950099
158,0.3475177304964539,0.44680851063829785,0.20567375886524822,0.0
159,0.0,0.18732782369146006,0.7245179063360881,0.0881542699724518
160,0.34523809523809523,0.5523809523809524,0.0,0.10238095238095238
161,0.2939189189189189,0.3783783783783784,0.3277027027027027,0.0
162,0.0,0.03309692671394799,0.8368794326241135,0.13002364066193853
163,0.37404580152671757,0.5572519083969466,0.0,0.06870229007633588
164,0.2730496453900709,0.475177304964539,0.25177304964539005,0.0
165,0.0,0.2701298701298701,0.4961038961038961,0.23376623376623376
166,0.234375,0.6704545454545454,0.0,0.09517045454545454
167,0.41509433962264153,0.41037735849056606,0.17452830188679244,0.0
168,0.1769436997319035,0.4718498659517426,0.3512064343163539,0.0
169,0.0,0.3031674208144796,0.07692307692307693,0.6199095022624435
170,0.1261682242990654,0.0,0.09813084112149532,0.7757009345794392
171,0.0,0.24324324324324326,0.4144144144144144,0.34234234234234234
172,0.14098360655737704,0.0,0.2,0.659016393442623
173,0.0,0.2230769230769231,0.35384615384615387,0.4230769230769231
174,0.0,0.26813880126182965,0.4637223974763407,0.26813880126182965
175,0.0,0.3,0.43125,0.26875
176,0.1493624772313297,0.0,0.3861566484517304,0.4644808743169399
177,0.2222222222222222,0.29914529914529914,0.47863247863247865,0.0
178,0.0,0.4,0.11666666666666667,0.48333333333333334
179,0.04504504504504504,0.0,0.02252252252252252,0.9324324324324325
180,0.5,0.10227272727272728,0.0,0.3977272727272727
181,0.21212121212121213,0.0,0.43434343434343436,0.35353535353535354
182,0.0,0.30714285714285716,0.4857142857142857,0.20714285714285716
183,0.5135135135135135,0.3783783783783784,0.0,0.10810810810810811
184,0.0,0.42857142857142855,0.5119047619047619,0.05952380952380952
185,0.16,0.0,0.46,0.38
186,0.13793103448275862,0.20689655172413793,0.6551724137931034,0.0
187,0.2692307692307692,0.0,0.11538461538461539,0.6153846153846154
188,0.19047619047619047,0.5476190476190477,0.2619047619047619,0.0
189,0.44,0.48,0.0,0.08
190,0.046511627906976744,0.3023255813953488,0.6511627906976745,0.0
191,0.29310344827586204,0.29310344827586204,0.0,0.41379310344827586
192,0.0,0.3939393939393939,0.5757575757575758,0.030303030303030304
193,0.0,0.08,0.888,0.032
194,0.41379310344827586,0.2413793103448276,0.0,0.3448275862068966
195,0.2962962962962963,0.3333333333333333,0.0,0.37037037037037035
196,0.6,0.2,0.0,0.2
197,0.4375,0.0,0.22916666666666666,0.3333333333333333
198,0.5882352941176471,0.0,0.23529411764705882,0.17647058823529413
199,0.631578947368421,0.15789473684210525,0.0,0.21052631578947367
200,0.0,0.49404761904761907,0.38095238095238093,0.125
201,0.140625,0.46875,0.390625,0.0
202,0.30434782608695654,0.08695652173913043,0.6086956521739131,0.0
203,0.23076923076923078,0.0,0.0,0.7692307692307693
204,0.0,0.10743801652892562,0.45454545454545453,0.4380165289256198
205,0.13114754098360656,0.0,0.28688524590163933,0.5819672131147541
206,0.21052631578947367,0.0,0.10526315789473684,0.6842105263157895
207,0.0,0.0658682634730539,0.9161676646706587,0.017964071856287425
208,0.22727272727272727,0.3409090909090909,0.4318181818181818,0.0
209,0.27007299270072993,0.0,0.2116788321167883,0.5182481751824818
210,0.21568627450980393,0.0784313725490196,0.7058823529411765,0.0
211,0.25806451612903225,0.0,0.0967741935483871,0.6451612903225806
212,0.3191489361702128,0.0,0.2765957446808511,0.40425531914893614
213,0.0,0.5581395348837209,0.2558139534883721,0.18604651162790697
214,0.5277777777777778,0.19444444444444445,0.0,0.2777777777777778
215,0.0,0.09923664122137404,0.8473282442748091,0.05343511450381679
216,0.30434782608695654,0.5217391304347826,0.0,0.17391304347826086
217,0.0,0.4,0.4,0.2
218,0.35714285714285715,0.0,0.32142857142857145,0.32142857142857145
219,0.0,0.09803921568627451,0.8431372549019608,0.058823529411764705
220,0.0,0.23684210526315788,0.5789473684210527,0.18421052631578946
221,0.1111111111111111,0.0,0.041666666666666664,0.8472222222222222
222,0.5909090909090909,0.07954545454545454,0.0,0.32954545454545453
223,0.31666666666666665,0.0,0.31666666666666665,0.36666666666666664
224,0.3181818181818182,0.0,0.45454545454545453,0.22727272727272727
225,0.0,0.3515151515151515,0.6121212121212121,0.03636363636363636
226,0.0,0.10497237569060773,0.850828729281768,0.04419889502762431
227,0.34196891191709844,0.5595854922279793,0.0,0.09844559585492228
228,0.0,0.2033898305084746,0.711864406779661,0.0847457627118644
229,0.0,0.11904761904761904,0.7738095238095238,0.10714285714285714
230,0.07209302325581396,0.0,0.2651162790697674,0.6627906976744186
231,0.580952380952381,0.05714285714285714,0.3619047619047619,0.0
232,0.09322033898305085,0.0,0.11016949152542373,0.7966101694915254
233,0.0,0.3696682464454976,0.24170616113744076,0.3886255924170616
234,0.12158054711246201,0.0,0.601823708206687,0.2765957446808511
235,0.4,0.2,0.4,0.0
236,0.309462915601023,0.41687979539641945,0.0,0.27365728900255754
237,0.2543859649122807,0.45614035087719296,0.2894736842105263,0.0
238,0.0,0.16393442622950818,0.01092896174863388,0.825136612021858
239,0.05263157894736842,0.7543859649122807,0.19298245614035087,0.0
240,0.09166666666666666,0.0,0.05,0.8583333333333333
241,0.0625,0.1875,0.75,0.0
242,0.5967741935483871,0.27741935483870966,0.0,0.12580645161290321
243,0.09917355371900827,0.0,0.859504132231405,0.04132231404958678
244,0.0,0.1388888888888889,0.3333333333333333,0.5277777777777778
245,0.0,0.38144329896907214,0.5979381443298969,0.020618556701030927
246,0.0,0.514018691588785,0.1308411214953271,0.35514018691588783
247,0.06666666666666667,0.13333333333333333,0.8,0.0
248,0.4146341463414634,0.5365853658536586,0.0,0.04878048780487805
249,0.0,0.22641509433962265,0.7594339622641509,0.014150943396226415
250,0.0,0.36666666666666664,0.5761904761904761,0.05714285714285714
251,0.1728395061728395,0.0,0.19135802469135801,0.6358024691358025
252,0.0,0.13953488372093023,0.7790697674418605,0.08139534883720931
253,0.8203883495145631,0.1553398058252427,0.0,0.024271844660194174
254,0.19327731092436976,0.0,0.13445378151260504,0.6722689075630253
255,0.06557377049180328,0.0,0.45901639344262296,0.47540983606557374
256,0.11764705882352941,0.11764705882352941,0.7647058823529411,0.0
257,0.273972602739726,0.547945205479452,0.0,0.1780821917808219
258,0.0,0.4787234042553192,0.48936170212765956,0.031914893617021274
259,0.11486486486486487,0.8648648648648649,0.0,0.02027027027027027
260,0.0,0.47368421052631576,0.49122807017543857,0.03508771929824561
261,0.3181818181818182,0.5909090909090909,0.0,0.09090909090909091
262,0.15352697095435686,0.0,0.08506224066390042,0.7614107883817427
263,0.20512820512820512,0.0,0.4358974358974359,0.358974358974359
264,0.18181818181818182,0.0,0.0,0.8181818181818182
265,0.0,0.4722222222222222,0.4722222222222222,0.05555555555555555
266,0.37130801687763715,0.510548523206751,0.0,0.11814345991561181
267,0.42857142857142855,0.14285714285714285,0.0,0.42857142857142855
268,0.0,0.5,0.3333333333333333,0.16666666666666666
269,0.05555555555555555,0.0,0.07407407407407407,0.8703703703703703
270,0.0,0.08888888888888889,0.3333333333333333,0.5777777777777777
271,0.3333333333333333,0.0,0.0,0.6666666666666666
272,0.5185185185185185,0.25925925925925924,0.0,0.2222222222222222
273,0.0,0.3333333333333333,0.0,0.6666666666666666
274,0.07352941176470588,0.0,0.8382352941176471,0.08823529411764706
275,0.44,0.0,0.44,0.12
276,0.6868686868686869,0.18181818181818182,0.0,0.13131313131313133
277,0.2553191489361702,0.5531914893617021,0.19148936170212766,0.0
278,0.30419977298524403,0.48354143019296253,0.0,0.2122587968217934
279,0.3333333333333333,0.0,0.6666666666666666,0.0
280,0.0,0.0625,0.0,0.9375
281,0.017094017094017096,0.8974358974358975,0.08547008547008547,0.0
282,0.2727272727272727,0.18181818181818182,0.5454545454545454,0.0
283,0.0,0.022988505747126436,0.0,0.9770114942528736
284,0.0034129692832764505,0.0,0.006825938566552901,0.9897610921501706
285,0.2,0.15,0.65,0.0
286,0.4166666666666667,0.16666666666666666,0.0,0.4166666666666667
287,0.014285714285714285,0.6857142857142857,0.3,0.0
288,0.6,0.02,0.0,0.38
289,0.03731343283582089,0.0,0.1865671641791045,0.7761194029850746
290,0.4117647058823529,0.39705882352941174,0.0,0.19117647058823528
291,0.0,0.7373737373737373,0.26262626262626265,0.0
292,0.6046511627906976,0.2558139534883721,0.0,0.13953488372093023
293,0.0,0.1724137931034483,0.7586206896551724,0.06896551724137931
294,0.17391304347826086,0.5942028985507246,0.0,0.2318840579710145
295,0.0,0.1111111111111111,0.05555555555555555,0.8333333333333334
296,0.0,0.8,0.2,0.0
297,0.18518518518518517,0.0,0.14814814814814814,0.6666666666666666
298,0.0,0.16666666666666666,0.8333333333333334,0.0
299,0.8888888888888888,0.0,0.1111111111111111,0.0
300,0.0,1.0,0.0,0.0
301,0.14285714285714285,0.0,0.42857142857142855,0.42857142857142855
302,0.0,0.0,0.0,1.0
303,0.0,0.0,1.0,0.0
304,,,,
305,,,,
306,,,,
307,,,,
308,,,,
309,,,,
310,,,,
311,,,,
312,,,,
313,,,,
314,,,,
315,,,,
