,A,C,G,T
0,,,,
1,,,,
2,1.0,0.0,0.0,0.0
3,0.8333333333333334,0.08333333333333333,0.0,0.08333333333333333
4,0.4117647058823529,0.11764705882352941,0.47058823529411764,0.0
5,0.0,0.11764705882352941,0.7352941176470589,0.14705882352941177
6,0.25,0.0,0.0,0.75
7,,,,
8,0.6111111111111112,0.3055555555555556,0.0,0.08333333333333333
9,0.0625,0.0,0.125,0.8125
10,,,,
11,0.5,0.125,0.0,0.375
12,0.2727272727272727,0.5454545454545454,0.0,0.18181818181818182
13,0.3333333333333333,0.16666666666666666,0.5,0.0
14,0.0,0.5,0.0,0.5
15,0.5,0.5,0.0,0.0
16,0.0,0.6666666666666666,0.0,0.3333333333333333
17,0.7142857142857143,0.0,0.0,0.2857142857142857
18,0.0,0.0,1.0,0.0
19,1.0,0.0,0.0,0.0
20,0.09090909090909091,0.18181818181818182,0.7272727272727273,0.0
21,0.0,0.0,0.0,1.0
22,,,,
23,,,,
24,0.0,0.0,0.0,1.0
25,0.0,0.0,0.0,1.0
26,0.0,0.2857142857142857,0.5714285714285714,0.14285714285714285
27,0.25,0.25,0.0,0.5
28,0.3333333333333333,0.6666666666666666,0.0,0.0
29,0.0,0.0,0.0,1.0
30,0.0,0.0,0.0,1.0
31,0.0,1.0,0.0,0.0
32,0.0,0.5,0.0,0.5
33,,,,
34,1.0,0.0,0.0,0.0
35,1.0,0.0,0.0,0.0
36,0.0,0.0,0.5,0.5
37,0.0,0.375,0.625,0.0
38,0.0,0.8333333333333334,0.0,0.16666666666666666
39,0.0,0.0,0.0,1.0
40,,,,
41,0.0,0.2,0.8,0.0
42,0.5,0.0,0.0,0.5
43,0.5,0.5,0.0,0.0
44,0.8,0.0,0.0,0.2
45,0.0,0.08333333333333333,0.9166666666666666,0.0
46,0.35,0.45,0.0,0.2
47,0.2,0.4,0.0,0.4
48,0.0,0.0,1.0,0.0
49,0.0,0.0,1.0,0.0
50,0.0,0.0,0.5,0.5
51,0.0,0.0,0.2,0.8
52,0.0,0.0,1.0,0.0
53,0.3076923076923077,0.6153846153846154,0.0,0.07692307692307693
54,0.0,0.0,1.0,0.0
55,0.4444444444444444,0.5555555555555556,0.0,0.0
56,0.0,0.42857142857142855,0.5,0.07142857142857142
57,0.6666666666666666,0.0,0.3333333333333333,0.0
58,0.0,1.0,0.0,0.0
59,0.0,0.0,1.0,0.0
60,0.0,0.3333333333333333,0.6666666666666666,0.0
61,1.0,0.0,0.0,0.0
62,0.15384615384615385,0.0,0.38461538461538464,0.46153846153846156
63,0.0,0.0,1.0,0.0
64,0.0,0.0,0.0,1.0
65,0.0,0.8888888888888888,0.1111111111111111,0.0
66,0.7272727272727273,0.09090909090909091,0.0,0.18181818181818182
67,0.3333333333333333,0.0,0.14285714285714285,0.5238095238095238
68,0.0,0.2,0.7,0.1
69,0.6666666666666666,0.16666666666666666,0.0,0.16666666666666666
70,0.08333333333333333,0.0,0.4166666666666667,0.5
71,0.08333333333333333,0.8333333333333334,0.0,0.08333333333333333
72,0.5,0.5,0.0,0.0
73,0.0,0.0,0.0,1.0
74,0.0,0.6666666666666666,0.3333333333333333,0.0
75,0.0,0.0,0.0,1.0
76,1.0,0.0,0.0,0.0
77,0.0,0.4166666666666667,0.25,0.3333333333333333
78,0.0,0.6,0.4,0.0
79,0.2,0.6,0.2,0.0
80,0.0,0.0,0.1111111111111111,0.8888888888888888
81,0.0,0.25,0.625,0.125
82,0.35555555555555557,0.0,0.4666666666666667,0.17777777777777778
83,0.1935483870967742,0.0,0.22580645161290322,0.5806451612903226
84,0.2857142857142857,0.5714285714285714,0.14285714285714285,0.0
85,0.6666666666666666,0.0,0.3333333333333333,0.0
86,0.25,0.0,0.0,0.75
87,0.0,0.6153846153846154,0.38461538461538464,0.0
88,0.8823529411764706,0.058823529411764705,0.0,0.058823529411764705
89,0.2,0.42857142857142855,0.37142857142857144,0.0
90,0.0,0.3888888888888889,0.4444444444444444,0.16666666666666666
91,0.5862068965517241,0.3275862068965517,0.0,0.08620689655172414
92,0.06451612903225806,0.0,0.12903225806451613,0.8064516129032258
93,0.18181818181818182,0.7272727272727273,0.09090909090909091,0.0
94,0.0,0.21739130434782608,0.0,0.782608695652174
95,0.0,1.0,0.0,0.0
96,,,,
97,0.13793103448275862,0.6896551724137931,0.0,0.1724137931034483
98,0.0,0.0,0.16666666666666666,0.8333333333333334
99,0.0,0.38461538461538464,0.0,0.6153846153846154
100,,,,
101,0.5333333333333333,0.3333333333333333,0.0,0.13333333333333333
102,0.7272727272727273,0.0,0.09090909090909091,0.18181818181818182
103,0.0,0.16666666666666666,0.8333333333333334,0.0
104,0.0,0.0,0.5,0.5
105,,,,
106,,,,
107,,,,
108,0.2857142857142857,0.2857142857142857,0.0,0.42857142857142855
109,0.0,0.6666666666666666,0.3333333333333333,0.0
110,0.0,0.0,0.0,1.0
111,,,,
112,,,,
113,0.0,0.0,1.0,0.0
114,0.0,0.0,1.0,0.0
115,0.0,0.0,0.5,0.5
116,,,,
117,0.8571428571428571,0.0,0.0,0.14285714285714285
118,0.0,0.0,0.0,1.0
119,0.8,0.2,0.0,0.0
120,0.0,0.0,1.0,0.0
121,0.0,0.0,1.0,0.0
122,0.0,0.0,0.4,0.6
123,,,,
124,0.3333333333333333,0.6666666666666666,0.0,0.0
125,0.5714285714285714,0.0,0.42857142857142855,0.0
126,0.0,0.25,0.75,0.0
127,0.0,0.1,0.6,0.3
128,,,,
129,1.0,0.0,0.0,0.0
130,,,,
131,0.6153846153846154,0.19230769230769232,0.0,0.19230769230769232
132,0.2222222222222222,0.0,0.3333333333333333,0.4444444444444444
133,0.0,0.75,0.25,0.0
134,0.25,0.25,0.0,0.5
135,0.25,0.75,0.0,0.0
136,0.0,0.5,0.5,0.0
137,0.7777777777777778,0.1111111111111111,0.0,0.1111111111111111
138,0.0,0.0,1.0,0.0
139,0.0,0.0,0.0,1.0
140,0.16666666666666666,0.0,0.0,0.8333333333333334
141,0.0,0.9230769230769231,0.0,0.07692307692307693
142,0.0,0.3333333333333333,0.6666666666666666,0.0
143,0.16666666666666666,0.0,0.0,0.8333333333333334
144,0.4444444444444444,0.1111111111111111,0.0,0.4444444444444444
145,0.1111111111111111,0.0,0.7777777777777778,0.1111111111111111
146,0.0,0.2608695652173913,0.34782608695652173,0.391304347826087
147,0.5882352941176471,0.17647058823529413,0.0,0.23529411764705882
148,0.0,0.7272727272727273,0.2727272727272727,0.0
149,0.043478260869565216,0.6521739130434783,0.30434782608695654,0.0
150,0.0,0.2857142857142857,0.7142857142857143,0.0
151,0.2857142857142857,0.5714285714285714,0.14285714285714285,0.0
152,0.0,0.22727272727272727,0.1590909090909091,0.6136363636363636
153,0.2857142857142857,0.2857142857142857,0.42857142857142855,0.0
154,0.2857142857142857,0.5714285714285714,0.0,0.14285714285714285
155,0.2631578947368421,0.42105263157894735,0.0,0.3157894736842105
156,0.21052631578947367,0.5263157894736842,0.2631578947368421,0.0
157,0.0,0.45454545454545453,0.24242424242424243,0.30303030303030304
158,0.1111111111111111,0.6111111111111112,0.2777777777777778,0.0
159,0.5,0.0,0.0,0.5
160,0.0,0.0,1.0,0.0
161,0.06666666666666667,0.6,0.3333333333333333,0.0
162,0.5,0.0,0.0,0.5
163,0.0,0.5,0.0,0.5
164,0.0,0.45454545454545453,0.45454545454545453,0.09090909090909091
165,0.0,0.4444444444444444,0.4444444444444444,0.1111111111111111
166,0.358974358974359,0.48717948717948717,0.0,0.15384615384615385
167,0.45,0.2,0.35,0.0
168,0.0,0.24,0.6,0.16
169,0.0,0.3333333333333333,0.4444444444444444,0.2222222222222222
170,0.2962962962962963,0.37037037037037035,0.3333333333333333,0.0
171,0.0,0.5238095238095238,0.47619047619047616,0.0
172,0.0,0.6111111111111112,0.2222222222222222,0.16666666666666666
173,0.0,0.2,0.7,0.1
174,0.4,0.4,0.2,0.0
175,0.0,0.14285714285714285,0.0,0.8571428571428571
176,0.15,0.0,0.175,0.675
177,0.5,0.0,0.5,0.0
178,0.0,0.0,0.0,1.0
179,0.06666666666666667,0.8666666666666667,0.06666666666666667,0.0
180,0.42857142857142855,0.14285714285714285,0.0,0.42857142857142855
181,0.125,0.0,0.5833333333333334,0.2916666666666667
182,0.0,0.1,0.8,0.1
183,0.0,1.0,0.0,0.0
184,0.0,0.5,0.5,0.0
185,0.08333333333333333,0.0,0.4166666666666667,0.5
186,0.1,0.1,0.8,0.0
187,0.0,0.0,0.0,1.0
188,0.07692307692307693,0.0,0.07692307692307693,0.8461538461538461
189,0.25,0.125,0.0,0.625
190,0.0,0.0,0.2545454545454545,0.7454545454545455
191,0.16666666666666666,0.0,0.0,0.8333333333333334
192,0.0,0.3333333333333333,0.6666666666666666,0.0
193,0.0,0.05263157894736842,0.8947368421052632,0.05263157894736842
194,1.0,0.0,0.0,0.0
195,0.5,0.0,0.0,0.5
196,1.0,0.0,0.0,0.0
197,0.5,0.0,0.0,0.5
198,,,,
199,0.0,1.0,0.0,0.0
200,0.0,0.17647058823529413,0.7647058823529411,0.058823529411764705
201,0.0,0.0,1.0,0.0
202,0.0,0.0,1.0,0.0
203,,,,
204,0.0,0.25,0.5,0.25
205,0.25,0.0,0.5,0.25
206,,,,
207,0.0,0.0,1.0,0.0
208,0.5,0.5,0.0,0.0
209,0.16666666666666666,0.0,0.0,0.8333333333333334
210,0.0,0.25,0.75,0.0
211,0.75,0.0,0.0,0.25
212,0.0,0.0,0.0,1.0
213,,,,
214,0.0,0.0,0.0,1.0
215,0.0,0.3333333333333333,0.6666666666666666,0.0
216,0.0,0.0,0.0,1.0
217,0.0,0.0,0.0,1.0
218,0.2,0.0,0.4,0.4
219,0.0,0.5,0.375,0.125
220,0.0,0.5294117647058824,0.058823529411764705,0.4117647058823529
221,0.17647058823529413,0.7647058823529411,0.058823529411764705,0.0
222,0.09090909090909091,0.2727272727272727,0.6363636363636364,0.0
223,0.0,0.0,0.0,1.0
224,0.0,0.0,0.5714285714285714,0.42857142857142855
225,0.0,0.36363636363636365,0.6363636363636364,0.0
226,0.6507936507936508,0.0,0.3492063492063492,0.0
227,0.6363636363636364,0.36363636363636365,0.0,0.0
228,0.0,0.0,1.0,0.0
229,0.0,0.0,1.0,0.0
230,0.1,0.0,0.0,0.9
231,0.0,0.0,0.5,0.5
232,0.0,0.0,0.26666666666666666,0.7333333333333333
233,0.68,0.2,0.0,0.12
234,0.24242424242424243,0.0,0.5757575757575758,0.18181818181818182
235,0.0,1.0,0.0,0.0
236,0.37037037037037035,0.3333333333333333,0.0,0.2962962962962963
237,0.0,1.0,0.0,0.0
238,0.7407407407407407,0.2222222222222222,0.037037037037037035,0.0
239,0.1111111111111111,0.4444444444444444,0.4444444444444444,0.0
240,0.0,0.0,0.2,0.8
241,0.0,0.0,1.0,0.0
242,0.7857142857142857,0.07142857142857142,0.0,0.14285714285714285
243,0.07142857142857142,0.0,0.8571428571428571,0.07142857142857142
244,0.0,0.0,0.5,0.5
245,0.0,0.5,0.2857142857142857,0.21428571428571427
246,0.0,0.5,0.16666666666666666,0.3333333333333333
247,0.0,0.0,1.0,0.0
248,0.6666666666666666,0.0,0.0,0.3333333333333333
249,0.0,0.18181818181818182,0.7272727272727273,0.09090909090909091
250,0.0,0.7,0.3,0.0
251,0.1,0.0,0.2,0.7
252,0.0,0.0,1.0,0.0
253,0.75,0.25,0.0,0.0
254,0.18181818181818182,0.0,0.09090909090909091,0.7272727272727273
255,0.0,0.0,1.0,0.0
256,0.0,0.5,0.5,0.0
257,0.14285714285714285,0.5714285714285714,0.0,0.2857142857142857
258,0.0,0.8888888888888888,0.1111111111111111,0.0
259,0.25,0.5833333333333334,0.0,0.16666666666666666
260,0.0,1.0,0.0,0.0
261,0.3076923076923077,0.6153846153846154,0.0,0.07692307692307693
262,0.21621621621621623,0.0,0.13513513513513514,0.6486486486486487
263,0.0,0.0,0.0,1.0
264,0.4,0.6,0.0,0.0
265,0.0,1.0,0.0,0.0
266,0.2777777777777778,0.6388888888888888,0.0,0.08333333333333333
267,,,,
268,,,,
269,0.1111111111111111,0.0,0.0,0.8888888888888888
270,0.0,0.0,0.5,0.5
271,,,,
272,0.5,0.0,0.0,0.5
273,0.0,1.0,0.0,0.0
274,0.0,0.0,1.0,0.0
275,0.1,0.9,0.0,0.0
276,0.6111111111111112,0.3611111111111111,0.0,0.027777777777777776
277,0.0,1.0,0.0,0.0
278,0.2857142857142857,0.3392857142857143,0.0,0.375
279,0.0,0.0,1.0,0.0
280,,,,
281,0.0,0.9333333333333333,0.06666666666666667,0.0
282,0.0,1.0,0.0,0.0
283,0.0,0.11764705882352941,0.0,0.8823529411764706
284,0.0,0.0,0.0,1.0
285,,,,
286,,,,
287,0.0,0.3333333333333333,0.6666666666666666,0.0
288,0.7777777777777778,0.0,0.0,0.2222222222222222
289,0.0,0.0,0.09090909090909091,0.9090909090909091
290,0.25,0.75,0.0,0.0
291,0.0,0.8,0.2,0.0
292,0.6666666666666666,0.3333333333333333,0.0,0.0
293,0.0,0.0,1.0,0.0
294,1.0,0.0,0.0,0.0
295,0.0,0.0,0.5,0.5
296,0.0,1.0,0.0,0.0
297,0.0,0.0,0.6666666666666666,0.3333333333333333
298,0.0,1.0,0.0,0.0
299,,,,
300,,,,
301,,,,
302,0.0,0.0,0.0,1.0
303,,,,
304,,,,
305,,,,
306,,,,
307,,,,
308,,,,
309,,,,
310,,,,
311,,,,
312,,,,
313,,,,
314,,,,
315,,,,
