,A,C,G,T
0,,,,
1,,,,
2,0.8275862068965517,0.16091954022988506,0.0,0.011494252873563218
3,0.07194244604316546,0.0,0.2733812949640288,0.6546762589928058
4,0.3333333333333333,0.6111111111111112,0.05555555555555555,0.0
5,0.3114754098360656,0.6065573770491803,0.0,0.08196721311475409
6,0.1111111111111111,0.0,0.8055555555555556,0.08333333333333333
7,0.0,0.061224489795918366,0.6326530612244898,0.30612244897959184
8,0.6461038961038961,0.262987012987013,0.0,0.09090909090909091
9,0.125,0.0,0.09615384615384616,0.7788461538461539
10,0.2222222222222222,0.7777777777777778,0.0,0.0
11,0.5737704918032787,0.2786885245901639,0.0,0.14754098360655737
12,0.3125,0.0,0.6875,0.0
13,0.0,0.20454545454545456,0.6590909090909091,0.13636363636363635
14,0.8080808080808081,0.10101010101010101,0.0,0.09090909090909091
15,0.03225806451612903,0.7419354838709677,0.0,0.22580645161290322
16,0.0,0.5789473684210527,0.3157894736842105,0.10526315789473684
17,0.3333333333333333,0.3333333333333333,0.0,0.3333333333333333
18,0.1,0.1,0.8,0.0
19,0.08,0.0,0.16,0.76
20,0.0,0.0,0.0,1.0
21,0.25,0.0,0.0,0.75
22,0.25,0.5,0.0,0.25
23,0.047619047619047616,0.0,0.6190476190476191,0.3333333333333333
24,0.23076923076923078,0.0,0.3076923076923077,0.46153846153846156
25,0.75,0.0,0.25,0.0
26,0.0,0.24528301886792453,0.6226415094339622,0.1320754716981132
27,0.5384615384615384,0.46153846153846156,0.0,0.0
28,0.3,0.7,0.0,0.0
29,0.0,0.3983739837398374,0.3983739837398374,0.2032520325203252
30,0.08196721311475409,0.0,0.8360655737704918,0.08196721311475409
31,0.36363636363636365,0.4090909090909091,0.22727272727272727,0.0
32,0.5869565217391305,0.13043478260869565,0.0,0.2826086956521739
33,0.10606060606060606,0.7272727272727273,0.0,0.16666666666666666
34,0.06666666666666667,0.6666666666666666,0.26666666666666666,0.0
35,0.3333333333333333,0.16666666666666666,0.0,0.5
36,0.0,0.6578947368421053,0.2631578947368421,0.07894736842105263
37,0.0,0.12096774193548387,0.7338709677419355,0.14516129032258066
38,0.7333333333333333,0.06666666666666667,0.0,0.2
39,0.19148936170212766,0.0,0.48936170212765956,0.3191489361702128
40,0.0,0.0,0.5714285714285714,0.42857142857142855
41,0.046296296296296294,0.7777777777777778,0.17592592592592593,0.0
42,0.041666666666666664,0.4166666666666667,0.5416666666666666,0.0
43,0.1875,0.0,0.3125,0.5
44,0.26666666666666666,0.5333333333333333,0.0,0.2
45,0.058823529411764705,0.5294117647058824,0.0,0.4117647058823529
46,0.0,0.2923076923076923,0.6923076923076923,0.015384615384615385
47,0.6875,0.125,0.0,0.1875
48,0.0,0.625,0.1875,0.1875
49,0.26666666666666666,0.0,0.4,0.3333333333333333
50,0.27450980392156865,0.0,0.19607843137254902,0.5294117647058824
51,0.21052631578947367,0.0,0.3684210526315789,0.42105263157894735
52,0.06597938144329897,0.0,0.05567010309278351,0.8783505154639175
53,0.1935483870967742,0.3387096774193548,0.0,0.46774193548387094
54,0.3,0.4,0.3,0.0
55,0.4666666666666667,0.0,0.13333333333333333,0.4
56,0.25609756097560976,0.0,0.25609756097560976,0.4878048780487805
57,0.2,0.0,0.5333333333333333,0.26666666666666666
58,0.0,0.6666666666666666,0.3333333333333333,0.0
59,0.2777777777777778,0.0,0.2777777777777778,0.4444444444444444
60,0.0,0.37735849056603776,0.37735849056603776,0.24528301886792453
61,0.125,0.0,0.5,0.375
62,0.17777777777777778,0.0,0.24444444444444444,0.5777777777777777
63,0.0,0.75,0.25,0.0
64,0.5714285714285714,0.14285714285714285,0.0,0.2857142857142857
65,0.03508771929824561,0.0,0.05263157894736842,0.9122807017543859
66,0.0,0.24731182795698925,0.2956989247311828,0.45698924731182794
67,0.19607843137254902,0.0,0.673202614379085,0.13071895424836602
68,0.47058823529411764,0.39215686274509803,0.13725490196078433,0.0
69,0.3137254901960784,0.45098039215686275,0.0,0.23529411764705882
70,0.0,0.7142857142857143,0.2857142857142857,0.0
71,0.06944444444444445,0.0,0.4861111111111111,0.4444444444444444
72,0.09333333333333334,0.7333333333333333,0.17333333333333334,0.0
73,0.2777777777777778,0.0,0.1111111111111111,0.6111111111111112
74,0.08333333333333333,0.8452380952380952,0.07142857142857142,0.0
75,0.7014925373134329,0.13432835820895522,0.0,0.16417910447761194
76,0.44776119402985076,0.2835820895522388,0.0,0.26865671641791045
77,0.18181818181818182,0.6818181818181818,0.13636363636363635,0.0
78,0.3103448275862069,0.06896551724137931,0.0,0.6206896551724138
79,0.4412470023980815,0.2038369304556355,0.0,0.354916067146283
80,0.06837606837606838,0.0,0.46153846153846156,0.4700854700854701
81,0.08333333333333333,0.6388888888888888,0.2777777777777778,0.0
82,0.2857142857142857,0.0,0.07142857142857142,0.6428571428571429
83,0.1388888888888889,0.0,0.1388888888888889,0.7222222222222222
84,0.0,0.16510903426791276,0.7133956386292835,0.12149532710280374
85,0.03225806451612903,0.8064516129032258,0.16129032258064516,0.0
86,0.4,0.0,0.31851851851851853,0.2814814814814815
87,0.0,0.30927835051546393,0.44329896907216493,0.24742268041237114
88,0.38108882521489973,0.5272206303724928,0.0,0.09169054441260745
89,0.17,0.0,0.105,0.725
90,0.0,0.27205882352941174,0.5882352941176471,0.13970588235294118
91,0.4252577319587629,0.5128865979381443,0.0,0.061855670103092786
92,0.1320754716981132,0.7075471698113207,0.16037735849056603,0.0
93,0.0,0.4375,0.44345238095238093,0.11904761904761904
94,0.37551020408163266,0.5653061224489796,0.0,0.05918367346938776
95,0.46474358974358976,0.34935897435897434,0.1858974358974359,0.0
96,0.0,0.4553072625698324,0.3715083798882682,0.17318435754189945
97,0.6033898305084746,0.30338983050847457,0.0,0.09322033898305085
98,0.41739130434782606,0.5217391304347826,0.06086956521739131,0.0
99,0.39104477611940297,0.5134328358208955,0.0955223880597015,0.0
100,0.0,0.3305785123966942,0.15702479338842976,0.512396694214876
101,0.007142857142857143,0.0,0.05714285714285714,0.9357142857142857
102,0.41836734693877553,0.5306122448979592,0.05102040816326531,0.0
103,0.0,0.26108374384236455,0.059113300492610835,0.6798029556650246
104,0.019801980198019802,0.0,0.0891089108910891,0.8910891089108911
105,0.1111111111111111,0.5,0.3888888888888889,0.0
106,0.041666666666666664,0.08333333333333333,0.0,0.875
107,0.07692307692307693,0.38461538461538464,0.0,0.5384615384615384
108,0.7027027027027027,0.13513513513513514,0.0,0.16216216216216217
109,0.0625,0.85,0.0,0.0875
110,0.08571428571428572,0.0,0.2571428571428571,0.6571428571428571
111,0.1,0.6,0.3,0.0
112,0.25,0.0,0.0,0.75
113,0.08695652173913043,0.6956521739130435,0.0,0.21739130434782608
114,0.0,0.11743772241992882,0.5231316725978647,0.3594306049822064
115,0.17647058823529413,0.5882352941176471,0.23529411764705882,0.0
116,0.2222222222222222,0.0,0.13333333333333333,0.6444444444444445
117,0.5,0.0,0.5,0.0
118,0.3333333333333333,0.3333333333333333,0.0,0.3333333333333333
119,0.10256410256410256,0.0,0.5256410256410257,0.3717948717948718
120,0.6666666666666666,0.0,0.1111111111111111,0.2222222222222222
121,0.0,0.2777777777777778,0.3888888888888889,0.3333333333333333
122,0.3,0.4,0.0,0.3
123,0.13553113553113552,0.0,0.18681318681318682,0.6776556776556777
124,0.25,0.0,0.5833333333333334,0.16666666666666666
125,0.19230769230769232,0.0,0.23076923076923078,0.5769230769230769
126,0.3333333333333333,0.0,0.3333333333333333,0.3333333333333333
127,0.5714285714285714,0.0,0.42857142857142855,0.0
128,0.0,0.6666666666666666,0.3145539906103286,0.018779342723004695
129,0.18181818181818182,0.7272727272727273,0.0,0.09090909090909091
130,0.8857142857142857,0.05714285714285714,0.0,0.05714285714285714
131,0.6176470588235294,0.3235294117647059,0.0,0.058823529411764705
132,0.0,0.7522123893805309,0.24778761061946902,0.0
133,0.0,0.18181818181818182,0.7272727272727273,0.09090909090909091
134,0.5833333333333334,0.08333333333333333,0.0,0.3333333333333333
135,0.575,0.325,0.0,0.1
136,0.3333333333333333,0.5185185185185185,0.0,0.14814814814814814
137,0.6074074074074074,0.24691358024691357,0.0,0.145679012345679
138,0.32142857142857145,0.0,0.03571428571428571,0.6428571428571429
139,0.0,1.0,0.0,0.0
140,0.5789473684210527,0.13157894736842105,0.0,0.2894736842105263
141,0.046511627906976744,0.8837209302325582,0.0,0.06976744186046512
142,0.0,0.21052631578947367,0.47368421052631576,0.3157894736842105
143,0.8773584905660378,0.08490566037735849,0.0,0.03773584905660377
144,0.25,0.375,0.375,0.0
145,0.6956521739130435,0.0,0.0,0.30434782608695654
146,0.0,0.7307692307692307,0.0,0.2692307692307692
147,0.0,0.2603550295857988,0.7337278106508875,0.005917159763313609
148,0.0,0.9130434782608695,0.08695652173913043,0.0
149,0.55,0.34,0.11,0.0
150,0.6666666666666666,0.25,0.0,0.08333333333333333
151,0.029850746268656716,0.917910447761194,0.0,0.05223880597014925
152,0.39747634069400634,0.555205047318612,0.0,0.0473186119873817
153,0.0,0.20588235294117646,0.38235294117647056,0.4117647058823529
154,0.38368580060422963,0.5166163141993958,0.0,0.09969788519637462
155,0.2033898305084746,0.7372881355932204,0.059322033898305086,0.0
156,0.0,0.14963503649635038,0.6788321167883211,0.17153284671532848
157,0.23076923076923078,0.5,0.2692307692307692,0.0
158,0.07586206896551724,0.0,0.25862068965517243,0.6655172413793103
159,0.28865979381443296,0.6134020618556701,0.0979381443298969,0.0
160,0.0,0.4891304347826087,0.06159420289855073,0.4492753623188406
161,0.049586776859504134,0.8842975206611571,0.06611570247933884,0.0
162,0.16666666666666666,0.7239583333333334,0.109375,0.0
163,0.0,0.45652173913043476,0.14492753623188406,0.39855072463768115
164,0.09821428571428571,0.8392857142857143,0.0625,0.0
165,0.0,0.1691542288557214,0.7611940298507462,0.06965174129353234
166,0.40789473684210525,0.5631578947368421,0.0,0.02894736842105263
167,0.24074074074074073,0.5648148148148148,0.19444444444444445,0.0
168,0.48484848484848486,0.30303030303030304,0.0,0.21212121212121213
169,0.5344827586206896,0.1724137931034483,0.0,0.29310344827586204
170,0.5675675675675675,0.3945945945945946,0.0,0.03783783783783784
171,0.0,0.5211267605633803,0.4225352112676056,0.056338028169014086
172,0.302491103202847,0.41459074733096085,0.0,0.28291814946619215
173,0.2094017094017094,0.0,0.20512820512820512,0.5854700854700855
174,0.0,0.2767857142857143,0.5267857142857143,0.19642857142857142
175,0.07920792079207921,0.0,0.5544554455445545,0.36633663366336633
176,0.24025974025974026,0.0,0.22077922077922077,0.538961038961039
177,0.22972972972972974,0.6036036036036037,0.16666666666666666,0.0
178,0.0,0.34146341463414637,0.0975609756097561,0.5609756097560976
179,0.0859375,0.0,0.09375,0.8203125
180,0.22033898305084745,0.1864406779661017,0.5932203389830508,0.0
181,0.0,0.5132743362831859,0.17699115044247787,0.30973451327433627
182,0.14634146341463414,0.0,0.10975609756097561,0.7439024390243902
183,0.0,0.5714285714285714,0.37142857142857144,0.05714285714285714
184,0.0,0.3167701863354037,0.6521739130434783,0.031055900621118012
185,0.05188679245283019,0.0,0.23113207547169812,0.7169811320754716
186,0.18309859154929578,0.0,0.18309859154929578,0.6338028169014085
187,0.48484848484848486,0.0,0.15151515151515152,0.36363636363636365
188,0.16279069767441862,0.46511627906976744,0.0,0.37209302325581395
189,0.12121212121212122,0.2878787878787879,0.5909090909090909,0.0
190,0.6153846153846154,0.0,0.0,0.38461538461538464
191,0.6363636363636364,0.0,0.1717171717171717,0.1919191919191919
192,0.08860759493670886,0.0,0.13924050632911392,0.7721518987341772
193,0.35,0.1,0.55,0.0
194,0.3,0.0,0.525,0.175
195,0.0,0.4864864864864865,0.46621621621621623,0.0472972972972973
196,0.0,0.12643678160919541,0.8045977011494253,0.06896551724137931
197,0.3898305084745763,0.4915254237288136,0.0,0.11864406779661017
198,0.0,0.13580246913580246,0.7160493827160493,0.14814814814814814
199,0.5555555555555556,0.37037037037037035,0.0,0.07407407407407407
200,0.04201680672268908,0.7394957983193278,0.2184873949579832,0.0
201,0.625,0.0,0.25,0.125
202,0.019801980198019802,0.9504950495049505,0.0,0.0297029702970297
203,0.0,0.37037037037037035,0.5925925925925926,0.037037037037037035
204,0.19889502762430938,0.7403314917127072,0.0,0.06077348066298342
205,0.04918032786885246,0.7377049180327869,0.21311475409836064,0.0
206,0.391304347826087,0.0,0.2391304347826087,0.3695652173913043
207,0.0,0.0546875,0.40625,0.5390625
208,0.075,0.0,0.3375,0.5875
209,0.21951219512195122,0.0,0.17073170731707318,0.6097560975609756
210,0.0,0.31333333333333335,0.37333333333333335,0.31333333333333335
211,0.20454545454545456,0.6363636363636364,0.1590909090909091,0.0
212,0.0,0.12681912681912683,0.5966735966735967,0.2765072765072765
213,0.21568627450980393,0.2549019607843137,0.5294117647058824,0.0
214,0.49019607843137253,0.0,0.11764705882352941,0.39215686274509803
215,0.12727272727272726,0.0,0.19090909090909092,0.6818181818181818
216,0.6902654867256637,0.12831858407079647,0.0,0.18141592920353983
217,0.16666666666666666,0.4473684210526316,0.38596491228070173,0.0
218,0.0,0.29389312977099236,0.4484732824427481,0.25763358778625955
219,0.3,0.4,0.0,0.3
220,0.0,0.6,0.3333333333333333,0.06666666666666667
221,0.3,0.0,0.43333333333333335,0.26666666666666666
222,0.0,0.21686746987951808,0.3855421686746988,0.39759036144578314
223,0.17391304347826086,0.0,0.3188405797101449,0.5072463768115942
224,0.34782608695652173,0.4782608695652174,0.0,0.17391304347826086
225,0.1323529411764706,0.4411764705882353,0.4264705882352941,0.0
226,0.64,0.0,0.16,0.2
227,0.6011904761904762,0.0,0.2976190476190476,0.10119047619047619
228,0.0,0.6627906976744186,0.27906976744186046,0.05813953488372093
229,0.0,0.28,0.56,0.16
230,0.39759036144578314,0.42168674698795183,0.0,0.18072289156626506
231,0.0,0.16,0.78,0.06
232,0.0,0.08771929824561403,0.7982456140350878,0.11403508771929824
233,0.09486166007905138,0.0,0.15019762845849802,0.7549407114624506
234,0.14782608695652175,0.0,0.808695652173913,0.043478260869565216
235,0.0,0.11363636363636363,0.5,0.38636363636363635
236,0.8374558303886925,0.07420494699646643,0.0,0.08833922261484099
237,0.25,0.16666666666666666,0.5833333333333334,0.0
238,0.25,0.041666666666666664,0.7083333333333334,0.0
239,0.01092896174863388,0.0,0.3114754098360656,0.6775956284153005
240,0.36666666666666664,0.1,0.5333333333333333,0.0
241,0.38461538461538464,0.0,0.038461538461538464,0.5769230769230769
242,0.4492753623188406,0.0,0.15942028985507245,0.391304347826087
243,0.08888888888888889,0.0,0.2,0.7111111111111111
244,0.1,0.1,0.8,0.0
245,0.2765957446808511,0.5531914893617021,0.0,0.1702127659574468
246,0.0,0.40384615384615385,0.5673076923076923,0.028846153846153848
247,0.0,0.1358695652173913,0.7554347826086957,0.10869565217391304
248,0.4372384937238494,0.28451882845188287,0.0,0.27824267782426776
249,0.09712230215827339,0.0,0.3057553956834532,0.5971223021582733
250,0.36363636363636365,0.18181818181818182,0.45454545454545453,0.0
251,0.2558139534883721,0.37209302325581395,0.0,0.37209302325581395
252,0.0,0.14917127071823205,0.8011049723756906,0.049723756906077346
253,0.34831460674157305,0.6254681647940075,0.0,0.026217228464419477
254,0.057065217391304345,0.0,0.6630434782608695,0.2798913043478261
255,0.0967741935483871,0.25806451612903225,0.6451612903225806,0.0
256,0.391304347826087,0.0,0.13043478260869565,0.4782608695652174
257,0.25675675675675674,0.5405405405405406,0.20270270270270271,0.0
258,0.4727272727272727,0.4,0.0,0.12727272727272726
259,0.03571428571428571,0.6785714285714286,0.2857142857142857,0.0
260,0.17307692307692307,0.6538461538461539,0.0,0.17307692307692307
261,0.0,0.13793103448275862,0.5862068965517241,0.27586206896551724
262,0.1891891891891892,0.0,0.43243243243243246,0.3783783783783784
263,0.2222222222222222,0.0,0.15555555555555556,0.6222222222222222
264,0.5652173913043478,0.30434782608695654,0.0,0.13043478260869565
265,0.058823529411764705,0.0,0.058823529411764705,0.8823529411764706
266,0.5555555555555556,0.0,0.3333333333333333,0.1111111111111111
267,0.6923076923076923,0.038461538461538464,0.0,0.2692307692307692
268,0.8275862068965517,0.0,0.034482758620689655,0.13793103448275862
269,0.0,0.3185840707964602,0.35398230088495575,0.3274336283185841
270,0.0,0.6666666666666666,0.0,0.3333333333333333
271,0.0,0.2857142857142857,0.7142857142857143,0.0
272,0.2903225806451613,0.0,0.06451612903225806,0.6451612903225806
273,0.0,0.058823529411764705,0.5882352941176471,0.35294117647058826
274,0.29411764705882354,0.0,0.17647058823529413,0.5294117647058824
275,0.38095238095238093,0.2857142857142857,0.0,0.3333333333333333
276,0.16,0.0,0.0,0.84
277,0.06818181818181818,0.0,0.9090909090909091,0.022727272727272728
278,0.25396825396825395,0.47619047619047616,0.2698412698412698,0.0
279,0.7325227963525835,0.1702127659574468,0.0,0.0972644376899696
280,0.22727272727272727,0.6136363636363636,0.1590909090909091,0.0
281,0.3136729222520107,0.44906166219839144,0.0,0.23726541554959785
282,0.2,0.0,0.8,0.0
283,0.0,0.0,0.04,0.96
284,0.0,0.9117647058823529,0.08823529411764706,0.0
285,0.02127659574468085,0.8723404255319149,0.10638297872340426,0.0
286,0.0,0.017543859649122806,0.014035087719298246,0.968421052631579
287,0.017341040462427744,0.0,0.017341040462427744,0.9653179190751445
288,0.15,0.15,0.7,0.0
289,0.2857142857142857,0.14285714285714285,0.0,0.5714285714285714
290,0.0,0.7358490566037735,0.2641509433962264,0.0
291,0.6086956521739131,0.0,0.0,0.391304347826087
292,0.045454545454545456,0.0,0.022727272727272728,0.9318181818181818
293,0.16666666666666666,0.6666666666666666,0.0,0.16666666666666666
294,0.7676767676767676,0.0,0.23232323232323232,0.0
295,0.7777777777777778,0.2222222222222222,0.0,0.0
296,0.13559322033898305,0.0,0.7796610169491526,0.0847457627118644
297,0.0,0.0,0.5,0.5
298,0.0,0.0,0.2,0.8
299,0.0,0.5,0.0,0.5
300,0.5,0.5,0.0,0.0
301,0.2,0.4,0.4,0.0
302,0.0,0.0,0.25,0.75
303,0.0,0.2,0.0,0.8
304,,,,
305,0.0,1.0,0.0,0.0
306,0.0,0.0,0.6666666666666666,0.3333333333333333
307,0.0,1.0,0.0,0.0
308,,,,
309,,,,
310,,,,
311,,,,
312,,,,
313,,,,
