,A,C,G,T
0,,,,
1,,,,
2,0.5267042144105651,0.3998834725189357,0.0,0.07341231307049913
3,0.6449390567037626,0.18018018018018017,0.0,0.17488076311605724
4,0.4511128775834658,0.34777424483306835,0.20111287758346583,0.0
5,0.5395593390085127,0.19354031046569856,0.0,0.2669003505257887
6,0.4,0.0,0.3759815242494226,0.22401847575057737
7,0.0,0.12968299711815562,0.5280979827089337,0.34221902017291067
8,0.7161106698437913,0.20207836907598623,0.0,0.0818109610802224
9,0.05987749728089759,0.0,0.1354971664090675,0.804625336310035
10,0.35294117647058826,0.33436532507739936,0.3126934984520124,0.0
11,0.6177309361438313,0.24327340359578425,0.0,0.13899566026038437
12,0.14134897360703813,0.8586510263929619,0.0,0.0
13,0.0692063492063492,0.7066666666666667,0.22412698412698412,0.0
14,0.539622641509434,0.17861635220125785,0.0,0.28176100628930817
15,0.04407514450867052,0.8395953757225434,0.0,0.11632947976878613
16,0.0,0.5379984951091046,0.24228743416102333,0.2197140707298721
17,0.7011070110701108,0.23216482164821647,0.0,0.06672816728167281
18,0.3421875,0.1984375,0.459375,0.0
19,0.4341801385681293,0.0,0.12702078521939955,0.4387990762124711
20,0.09643648077310248,0.18683309844976848,0.716730420777129,0.0
21,0.22332506203473945,0.1687344913151365,0.0,0.607940446650124
22,0.23934426229508196,0.2278688524590164,0.0,0.5327868852459017
23,0.3590243902439024,0.20390243902439023,0.0,0.4370731707317073
24,0.1853932584269663,0.10674157303370786,0.0,0.7078651685393258
25,0.2532347504621072,0.17929759704251386,0.0,0.5674676524953789
26,0.0,0.41399704287826516,0.4588467225234105,0.12715623459832429
27,0.7131486787647247,0.19356892709328238,0.0,0.09328239414199299
28,0.7033305345647914,0.2545946450228566,0.0,0.0420748204123519
29,0.19118745332337567,0.0,0.41187453323375656,0.39693801344286783
30,0.06762944698837618,0.7416343783022191,0.1907361747094047,0.0
31,0.07725321888412018,0.48129981606376454,0.4414469650521153,0.0
32,0.5652277605533031,0.31433341283090865,0.0,0.12043882661578822
33,0.710865993898146,0.17624970664163342,0.0,0.1128842994602206
34,0.2780309936189608,0.5756608933454876,0.1463081130355515,0.0
35,0.0,0.21747122762148338,0.4733056265984655,0.30922314578005117
36,0.4638515674984005,0.0,0.4472168905950096,0.08893154190658989
37,0.0,0.3940954342602128,0.5001716443529007,0.10573292138688638
38,0.5721630554535438,0.27947117150201983,0.0,0.1483657730444363
39,0.32473444613050073,0.0,0.17830045523520485,0.4969650986342944
40,0.22818181818181818,0.0,0.4536363636363636,0.3181818181818182
41,0.013389638479761046,0.03615202389535482,0.9504583376248841,0.0
42,0.5163120567375886,0.1049645390070922,0.0,0.37872340425531914
43,0.3300395256916996,0.17786561264822134,0.0,0.49209486166007904
44,0.5280303030303031,0.16136363636363638,0.0,0.3106060606060606
45,0.5355648535564853,0.1589958158995816,0.0,0.3054393305439331
46,0.7985347985347986,0.0956043956043956,0.0,0.10586080586080586
47,0.5850991114149009,0.1749829118250171,0.0,0.23991797676008203
48,0.16937669376693767,0.2953929539295393,0.535230352303523,0.0
49,0.46311475409836067,0.0,0.22404371584699453,0.3128415300546448
50,0.2599809885931559,0.0,0.2623574144486692,0.4776615969581749
51,0.22536287242169595,0.0,0.359816653934301,0.41482047364400304
52,0.30201342281879195,0.1890380313199105,0.5089485458612976,0.0
53,0.5040312093628089,0.33654096228868663,0.0,0.15942782834850455
54,0.0,0.7653606411398041,0.15672306322350846,0.07791629563668745
55,0.25407830342577487,0.6215334420880914,0.0,0.12438825448613376
56,0.0,0.4206383909051159,0.439877568867512,0.1394840402273721
57,0.3210241260462826,0.0,0.5977351058591827,0.08124076809453472
58,0.061342592592592594,0.5104166666666666,0.42824074074074076,0.0
59,0.13778348309798888,0.0,0.5057766367137355,0.35643988018827555
60,0.23848827106863596,0.3740225890529974,0.38748913987836664,0.0
61,0.45609436435124506,0.0,0.22018348623853212,0.3237221494102228
62,0.2901948842874543,0.0,0.20584652862362973,0.5039585870889159
63,0.07709750566893424,0.2789115646258503,0.6439909297052154,0.0
64,0.08227848101265822,0.17405063291139242,0.0,0.7436708860759493
65,0.0131731886865556,0.828361100348702,0.15846571096474235,0.0
66,0.6291286015460296,0.04392129304286718,0.0,0.3269501054111033
67,0.30384036144578314,0.0,0.11596385542168675,0.5801957831325302
68,0.0,0.3174931129476584,0.4393939393939394,0.24311294765840222
69,0.7162810999563509,0.12439982540375381,0.0,0.15931907463989525
70,0.06989515726410385,0.0,0.4097187552005325,0.5203860875353636
71,0.1727815699658703,0.0,0.49360068259385664,0.33361774744027306
72,0.20896328293736502,0.40982721382289417,0.38120950323974084,0.0
73,0.4106699751861042,0.0,0.20099255583126552,0.3883374689826303
74,0.23282828282828283,0.5075757575757576,0.2595959595959596,0.0
75,0.5461703650680029,0.2677165354330709,0.0,0.18611309949892627
76,0.6075640504270029,0.24969499796665312,0.0,0.14274095160634404
77,0.0,0.48445959494686186,0.3057950671746541,0.20974533787848407
78,0.22679324894514769,0.542457805907173,0.23074894514767932,0.0
79,0.2543940795559667,0.46808510638297873,0.27752081406105455,0.0
80,0.2056932966023875,0.0,0.12457912457912458,0.6697275788184879
81,0.0,0.44025157232704404,0.36251572327044024,0.19723270440251572
82,0.21216337889825654,0.0,0.42981091921093556,0.3580257018908079
83,0.19299181785841338,0.0,0.310298826040555,0.4967093561010317
84,0.23021335168616655,0.5158293186510667,0.2539573296627667,0.0
85,0.2506573181419807,0.5056967572304996,0.24364592462751972,0.0
86,0.06704750450992183,0.8232110643415514,0.10974143114852676,0.0
87,0.0,0.2536764705882353,0.6154641544117647,0.130859375
88,0.5397083805209513,0.3406710079275198,0.0,0.11962061155152888
89,0.17018916394208314,0.0,0.199556282111163,0.6302545539467539
90,0.0,0.204991562305711,0.6013855582200905,0.19362287947419843
91,0.6107944631848319,0.31490636268465744,0.0,0.07429917413051064
92,0.177040395713108,0.0,0.12640835394339103,0.696551250343501
93,0.24339319608702,0.6327931084829902,0.12381369542998978,0.0
94,0.0,0.2953295504146661,0.12361414229594064,0.5810563072893933
95,0.08130986856760972,0.7917130764089998,0.12697705502339052,0.0
96,0.3305439330543933,0.2965481171548117,0.0,0.372907949790795
97,0.19967011820764227,0.0,0.4446073490332631,0.35572253275909466
98,0.42283298097251587,0.0,0.20983086680761098,0.36733615221987315
99,0.0,0.4371269015983054,0.21471211245907953,0.3481609859426151
100,0.06531881804043546,0.4681181959564541,0.4665629860031104,0.0
101,0.2984070796460177,0.38902654867256636,0.0,0.31256637168141593
102,0.0,0.24868372719480838,0.6092812538263744,0.14203501897881718
103,0.3703173826286661,0.5748654041639999,0.0,0.05481721320733406
104,0.03816061411278417,0.0,0.1176557425450251,0.8441836433421908
105,0.07740585774058577,0.27405857740585776,0.6485355648535565,0.0
106,0.14201183431952663,0.1282051282051282,0.0,0.7297830374753451
107,0.08374384236453201,0.2684729064039409,0.0,0.6477832512315271
108,0.3498003992015968,0.17315369261477045,0.0,0.47704590818363274
109,0.07302709069493522,0.6431095406360424,0.2838633686690224,0.0
110,0.26028622540250446,0.0,0.1779964221824687,0.5617173524150268
111,0.41264559068219636,0.0,0.3261231281198003,0.2612312811980033
112,0.37894736842105264,0.24736842105263157,0.0,0.3736842105263158
113,0.22310570626753976,0.0,0.2885874649204864,0.4883068288119738
114,0.5661605206073753,0.0,0.210412147505423,0.22342733188720174
115,0.0,0.24501278772378515,0.4,0.3549872122762148
116,0.55249343832021,0.2952755905511811,0.0,0.15223097112860892
117,0.5334997919267582,0.2328339575530587,0.0,0.2336662505201831
118,0.05794587092297016,0.0,0.35912560721721026,0.5829285218598196
119,0.08305032417412782,0.620253164556962,0.29669651126891017,0.0
120,0.26203966005665724,0.0,0.42776203966005666,0.3101983002832861
121,0.6206896551724138,0.0,0.19348659003831417,0.18582375478927204
122,0.0,0.248786717752235,0.4983397190293742,0.25287356321839083
123,0.38153310104529614,0.38501742160278746,0.0,0.23344947735191637
124,0.5879556259904913,0.21236133122028525,0.0,0.19968304278922344
125,0.6669213139801375,0.16908581614463966,0.0,0.16399286987522282
126,0.0,0.41198501872659177,0.5498808307797072,0.03813415049370106
127,0.0,0.15008726003490402,0.7347294938917975,0.11518324607329843
128,0.4323583180987203,0.1453382084095064,0.0,0.42230347349177333
129,0.3385281385281385,0.22510822510822512,0.0,0.43636363636363634
130,0.2725793327908869,0.24979658258746948,0.0,0.47762408462164363
131,0.6187546409250027,0.25002651957144373,0.0,0.13121883950355362
132,0.30921273031825797,0.0,0.34003350083752093,0.3507537688442211
133,0.044626593806921674,0.5088038858530661,0.4465695203400121,0.0
134,0.4792169482434969,0.1887905604719764,0.0,0.3319924912845267
135,0.1768099221228728,0.6524372656475339,0.0,0.17075281222959332
136,0.0,0.12771447000645023,0.7708019780692325,0.10148355192431735
137,0.7114367729264239,0.13582112101525912,0.0,0.15274210605831698
138,0.07578065498857578,0.06854531607006854,0.8556740289413557,0.0
139,0.26787741203178206,0.10953461975028377,0.0,0.6225879682179342
140,0.1535029004908523,0.46630968317715304,0.0,0.38018741633199465
141,0.4625935162094763,0.3486284289276808,0.0,0.18877805486284288
142,0.09483322432962721,0.1144538914323087,0.7907128842380641,0.0
143,0.23168764117457244,0.0,0.3020329138431752,0.4662794449822523
144,0.05909725453699395,0.03489995346672871,0.9060027919962773,0.0
145,0.5451523545706372,0.0,0.28642659279778393,0.16842105263157894
146,0.0,0.29792229134874987,0.44113158821457915,0.260946120436671
147,0.6874565536417703,0.06321927859735846,0.0,0.24932416776087124
148,0.09295128142713079,0.0,0.6474597489306951,0.2595889696421741
149,0.3356331877729258,0.40034934497816593,0.2640174672489083,0.0
150,0.0,0.3435061153174141,0.5051834595224228,0.15131042516016308
151,0.10829990743597655,0.3316877506942302,0.5600123418697933,0.0
152,0.20324665785221097,0.5749228735125606,0.22183046863522843,0.0
153,0.0,0.21864886731391586,0.6793082524271845,0.10204288025889968
154,0.3263640999490056,0.533401325854156,0.0,0.14023457419683835
155,0.16526610644257703,0.49859943977591037,0.33613445378151263,0.0
156,0.5698305909054066,0.24268460727891708,0.0,0.18748480181567642
157,0.45095327472093255,0.43712338239652276,0.0,0.1119233428825447
158,0.33114060848114646,0.41377892634793845,0.2550804651709151,0.0
159,0.0,0.2111627906976744,0.6963100775193799,0.09252713178294573
160,0.47822046695318854,0.41381112788941804,0.0,0.10796840515739342
161,0.20728724089094888,0.49221063473670656,0.3005021243723445,0.0
162,0.7030752916224814,0.10586779780841286,0.0,0.1910569105691057
163,0.42259599424587807,0.45546088303640586,0.0,0.12194312271771605
164,0.31398115542019606,0.4603597601598934,0.22565908441991053,0.0
165,0.5733900865028148,0.2445420843059179,0.0,0.18206782919126732
166,0.5661212446351931,0.2661950107296137,0.0,0.16768374463519314
167,0.3261197455570857,0.4501934553085448,0.22368679913436948,0.0
168,0.0,0.20453449107573565,0.5970815243608297,0.19838398456343465
169,0.45987644338066436,0.3965455898049617,0.0,0.14357796681437396
170,0.24424085155960387,0.0,0.24884817031192077,0.5069109781284753
171,0.0,0.2163596628161099,0.4608179831408055,0.3228223540430846
172,0.2671666882193198,0.0,0.2160869002974266,0.5167464114832536
173,0.0,0.3164653722672374,0.3320593181470723,0.3514753095856903
174,0.29308362083127976,0.41744701823558406,0.2894693609331362,0.0
175,0.0,0.17173319235174905,0.1251211560489911,0.7031456515992599
176,0.07947827718870226,0.0,0.19864877545275406,0.7218729473585437
177,0.18569780853517878,0.48465974625144176,0.3296424452133795,0.0
178,0.0,0.4599001663893511,0.13477537437603992,0.40532445923460897
179,0.04299297230260438,0.0,0.04795369987598181,0.9090533278214138
180,0.5521611959701007,0.16135846603834905,0.0,0.2864803379915502
181,0.1429192006950478,0.0,0.44960903562119897,0.40747176368375326
182,0.0,0.21899460775787094,0.5338319707775265,0.24717342146460253
183,0.5609404990403071,0.2682341650671785,0.0,0.1708253358925144
184,0.0,0.45937106918238996,0.45761006289308176,0.0830188679245283
185,0.1843830717266044,0.0,0.4848003179018478,0.3308166103715478
186,0.13438148917235243,0.25986354197567485,0.6057549688519727,0.0
187,0.3059581320450886,0.0,0.11755233494363929,0.5764895330112721
188,0.23767228177641653,0.0,0.12036753445635529,0.6419601837672282
189,0.3669250645994832,0.3699397071490095,0.0,0.2631352282515073
190,0.05730050933786078,0.4295415959252971,0.5131578947368421,0.0
191,0.3628831814415907,0.2555923777961889,0.0,0.38152444076222036
192,0.0,0.4614027348919277,0.5152183502426114,0.02337891486546096
193,0.0,0.081146408839779,0.8691298342541437,0.049723756906077346
194,0.2842395044735031,0.40192704748795594,0.0,0.31383344803854096
195,0.29848078641644327,0.1840929401251117,0.0,0.517426273458445
196,0.5237691001697793,0.21816638370118846,0.0,0.25806451612903225
197,0.22138291690877396,0.0,0.41022661243463104,0.368390470656595
198,0.6392294220665499,0.0,0.1978984238178634,0.1628721541155867
199,0.5413105413105413,0.09876543209876543,0.0,0.3599240265906933
200,0.4021782178217822,0.5428382838283828,0.0,0.054983498349834986
201,0.19546247818499127,0.4075043630017452,0.3970331588132635,0.0
202,0.20967741935483872,0.2623089983022071,0.5280135823429541,0.0
203,0.37485970819304154,0.0,0.08024691358024691,0.5448933782267116
204,0.0,0.08304297328687572,0.5049361207897793,0.41202090592334495
205,0.11432736359850063,0.0,0.3202832153269471,0.5653894210745523
206,0.36261682242990656,0.0,0.2205607476635514,0.41682242990654206
207,0.0,0.10982211910286156,0.8337200309358082,0.05645784996133024
208,0.10329562223315297,0.5336940482046237,0.3630103295622233,0.0
209,0.1678734756097561,0.0,0.24866615853658536,0.5834603658536586
210,0.32144846796657384,0.0935933147632312,0.584958217270195,0.0
211,0.4507042253521127,0.0,0.08450704225352113,0.4647887323943662
212,0.3065953654188948,0.0,0.1681521093285799,0.5252525252525253
213,0.0,0.6092375366568915,0.33064516129032256,0.060117302052785926
214,0.5748752079866889,0.21963394342762063,0.0,0.20549084858569053
215,0.0,0.15401714830104796,0.7916798983804383,0.054302953318513814
216,0.4565916398713826,0.2395498392282958,0.0,0.30385852090032156
217,0.0,0.3517915309446254,0.3550488599348534,0.2931596091205212
218,0.4096654275092937,0.0,0.23271375464684016,0.3576208178438662
219,0.0,0.1674542232722977,0.647666863555818,0.18487891317188423
220,0.0,0.36952124072825354,0.39581928523263654,0.23465947403910992
221,0.07821501806464212,0.7871301630700127,0.1346548188653452,0.0
222,0.1470723835869064,0.256108805901337,0.5968188105117566,0.0
223,0.264,0.0,0.10833333333333334,0.6276666666666667
224,0.1685082872928177,0.0,0.5022099447513813,0.3292817679558011
225,0.0,0.43835874270656877,0.5319028797289667,0.02973837756446452
226,0.0,0.09579965549224857,0.7915728103882337,0.11262753411951769
227,0.3528272656855151,0.5406661502711076,0.0,0.10650658404337723
228,0.0,0.13712121212121212,0.7944444444444444,0.06843434343434343
229,0.0,0.16514245515300738,0.795990151248681,0.03886739359831164
230,0.14684765537356967,0.0,0.1360780794256226,0.7170742652008077
231,0.0,0.11179173047473201,0.4835375191424196,0.4046707503828484
232,0.11165327210103329,0.0,0.09859357060849598,0.7897531572904707
233,0.534943170645377,0.26935934243127385,0.0,0.1956974869233492
234,0.10243396638288584,0.0,0.5494433529796987,0.3481226806374154
235,0.30861244019138756,0.26435406698564595,0.4270334928229665,0.0
236,0.4417828537525957,0.3358053989913972,0.0,0.22241174725600713
237,0.17785977859778598,0.4905289052890529,0.33161131611316114,0.0
238,0.0,0.2307513914656772,0.034400123685837974,0.7348484848484849
239,0.04831093352706139,0.7104976389393389,0.2411914275335997,0.0
240,0.08521165475536009,0.0,0.1254810335349093,0.7893073117097307
241,0.16942148760330578,0.12603305785123967,0.7045454545454546,0.0
242,0.5301040243774299,0.28244194599138384,0.0,0.1874540296311863
243,0.1346749226006192,0.0,0.8118089340999558,0.053516143299425036
244,0.0,0.08463949843260188,0.5272727272727272,0.38808777429467084
245,0.0,0.3344059405940594,0.593440594059406,0.07215346534653465
246,0.0,0.35666271253459864,0.2890470541716093,0.354290233293792
247,0.10150891632373114,0.3401920438957476,0.5582990397805213,0.0
248,0.3501303214596003,0.4000868809730669,0.0,0.24978279756733276
249,0.0,0.18303170324733667,0.7620331151328456,0.05493518161981774
250,0.0,0.23457667258732978,0.6998223801065719,0.06560094730609828
251,0.09613893626918903,0.0,0.1804930997053807,0.7233679640254304
252,0.0,0.15824376857992226,0.7415961582437686,0.10016007317630916
253,0.6711498669819687,0.2636712976647946,0.0,0.06517883535323678
254,0.1692008486562942,0.0,0.13101131541725602,0.6997878359264498
255,0.1246376811594203,0.0,0.3671497584541063,0.5082125603864734
256,0.14502762430939226,0.26519337016574585,0.5897790055248618,0.0
257,0.30603613994617457,0.5163398692810458,0.0,0.1776239907727797
258,0.0,0.5009523809523809,0.4804761904761905,0.018571428571428572
259,0.28931830381105744,0.6532474503488996,0.0,0.05743424584004294
260,0.0,0.355776999730676,0.5343388095879343,0.10988419068138972
261,0.35619212962962965,0.5434027777777778,0.0,0.10040509259259259
262,0.10432922952430496,0.0,0.1529969365932605,0.7426738338824346
263,0.24262295081967214,0.0,0.2819672131147541,0.47540983606557374
264,0.3979848866498741,0.22418136020151133,0.0,0.3778337531486146
265,0.0,0.33363068688670827,0.6025869759143622,0.06378233719892953
266,0.3743413797328759,0.5645141526773679,0.0,0.061144467589756155
267,0.30344827586206896,0.18620689655172415,0.0,0.5103448275862069
268,0.0,0.3282051282051282,0.4256410256410256,0.24615384615384617
269,0.276525198938992,0.0,0.11604774535809019,0.6074270557029178
270,0.0,0.027018012008005337,0.395263509006004,0.5777184789859907
271,0.2764456981664316,0.0,0.1607898448519041,0.5627644569816643
272,0.4507042253521127,0.2676056338028169,0.0,0.28169014084507044
273,0.38095238095238093,0.08253968253968254,0.0,0.5365079365079365
274,0.13574351978171897,0.0,0.7974079126875853,0.06684856753069578
275,0.14363143631436315,0.0,0.08997289972899729,0.7663956639566396
276,0.643250746645354,0.25461658183653724,0.0,0.10213267151810877
277,0.1856717897868121,0.6462568170550322,0.16807139315815567,0.0
278,0.0,0.31808004478029667,0.26434368877693815,0.4175762664427652
279,0.11392405063291139,0.21308016877637131,0.6729957805907173,0.0
280,0.0,0.08152173913043478,0.08423913043478261,0.8342391304347826
281,0.011332840601133284,0.9194382852919438,0.06922887410692288,0.0
282,0.05364511691884457,0.7606602475928473,0.1856946354883081,0.0
283,0.0,0.0518783542039356,0.023118205586899684,0.9250034402091647
284,0.013487881981032667,0.0,0.01738672286617492,0.9691253951527924
285,0.15485564304461943,0.14173228346456693,0.7034120734908137,0.0
286,0.36150845253576075,0.16644993498049415,0.0,0.4720416124837451
287,0.002255639097744361,0.6672932330827067,0.3304511278195489,0.0
288,0.6767640769779045,0.043478260869565216,0.0,0.2797576621525303
289,0.09302729960006956,0.0,0.1245000869414015,0.7824726134585289
290,0.3872598584428716,0.43815301651499833,0.0,0.1745871250421301
291,0.0,0.6430317848410758,0.33863080684596575,0.018337408312958436
292,0.0,0.08282858873410054,0.8915808600847971,0.025590551181102362
293,0.0,0.05897658282740677,0.8759757155247181,0.06504770164787511
294,0.35022450288646567,0.3264913406029506,0.0,0.32328415651058373
295,0.0,0.2414431082331175,0.4902867715078631,0.2682701202590194
296,0.2513440860215054,0.5793010752688172,0.1693548387096774,0.0
297,0.3393829401088929,0.0,0.40834845735027225,0.25226860254083483
298,0.20454545454545456,0.375,0.42045454545454547,0.0
299,0.12915129151291513,0.4944649446494465,0.3763837638376384,0.0
300,0.36607142857142855,0.49107142857142855,0.14285714285714285,0.0
301,0.3711340206185567,0.0,0.4639175257731959,0.16494845360824742
302,0.2,0.28888888888888886,0.0,0.5111111111111111
303,0.03636363636363636,0.0,0.6545454545454545,0.3090909090909091
304,0.0,0.55,0.35,0.1
305,0.16666666666666666,0.0,0.3333333333333333,0.5
306,0.0,0.0,0.0,1.0
307,0.0,0.0,0.0,1.0
308,,,,
309,0.0,0.0,0.3333333333333333,0.6666666666666666
310,0.0,0.875,0.125,0.0
311,,,,
312,,,,
313,,,,
314,,,,
315,,,,
