,A,C,G,T
0,,,,
1,,,,
2,1.0,0.0,0.0,0.0
3,0.3333333333333333,0.6666666666666666,0.0,0.0
4,0.6666666666666666,0.0,0.3333333333333333,0.0
5,1.0,0.0,0.0,0.0
6,,,,
7,,,,
8,0.6,0.4,0.0,0.0
9,0.0,0.0,0.0,1.0
10,,,,
11,0.75,0.25,0.0,0.0
12,0.5,0.0,0.5,0.0
13,,,,
14,1.0,0.0,0.0,0.0
15,0.0,1.0,0.0,0.0
16,,,,
17,,,,
18,,,,
19,0.0,0.0,1.0,0.0
20,,,,
21,,,,
22,0.0,1.0,0.0,0.0
23,,,,
24,,,,
25,,,,
26,0.0,0.5,0.0,0.5
27,1.0,0.0,0.0,0.0
28,0.3333333333333333,0.6666666666666666,0.0,0.0
29,,,,
30,0.0,0.0,1.0,0.0
31,1.0,0.0,0.0,0.0
32,,,,
33,0.0,0.5,0.0,0.5
34,0.0,1.0,0.0,0.0
35,,,,
36,0.0,0.5,0.5,0.0
37,0.0,0.0,1.0,0.0
38,0.5,0.0,0.0,0.5
39,,,,
40,,,,
41,0.0,0.625,0.375,0.0
42,0.13333333333333333,0.0,0.0,0.8666666666666667
43,,,,
44,1.0,0.0,0.0,0.0
45,,,,
46,1.0,0.0,0.0,0.0
47,0.5,0.0,0.0,0.5
48,0.0,0.2,0.2,0.6
49,,,,
50,0.3333333333333333,0.0,0.6666666666666666,0.0
51,,,,
52,,,,
53,0.25,0.5,0.0,0.25
54,,,,
55,0.5,0.0,0.0,0.5
56,0.3333333333333333,0.0,0.3333333333333333,0.3333333333333333
57,0.0,0.0,1.0,0.0
58,,,,
59,,,,
60,0.0,1.0,0.0,0.0
61,1.0,0.0,0.0,0.0
62,0.14285714285714285,0.0,0.2857142857142857,0.5714285714285714
63,,,,
64,,,,
65,,,,
66,0.875,0.0,0.0,0.125
67,0.36363636363636365,0.0,0.36363636363636365,0.2727272727272727
68,0.0,1.0,0.0,0.0
69,,,,
70,,,,
71,0.5,0.0,0.5,0.0
72,0.0,1.0,0.0,0.0
73,0.0,0.0,0.0,1.0
74,0.5,0.5,0.0,0.0
75,0.0,1.0,0.0,0.0
76,0.0,0.0,0.0,1.0
77,0.6,0.2,0.2,0.0
78,0.0,0.0,0.0,1.0
79,0.4782608695652174,0.30434782608695654,0.0,0.21739130434782608
80,0.2,0.0,0.0,0.8
81,0.4,0.6,0.0,0.0
82,0.0,0.0,0.0,1.0
83,0.0,0.0,0.16666666666666666,0.8333333333333334
84,0.0,0.0,0.7,0.3
85,0.0,1.0,0.0,0.0
86,0.4,0.0,0.4,0.2
87,0.0,0.3333333333333333,0.6666666666666666,0.0
88,0.1111111111111111,0.6666666666666666,0.0,0.2222222222222222
89,0.16666666666666666,0.0,0.0,0.8333333333333334
90,0.0,0.0,1.0,0.0
91,0.7,0.3,0.0,0.0
92,0.4444444444444444,0.4444444444444444,0.1111111111111111,0.0
93,0.0,0.2631578947368421,0.6842105263157895,0.05263157894736842
94,0.5882352941176471,0.4117647058823529,0.0,0.0
95,0.5,0.25,0.25,0.0
96,0.0,0.3888888888888889,0.1111111111111111,0.5
97,0.0,0.5,0.16666666666666666,0.3333333333333333
98,0.14285714285714285,0.0,0.0,0.8571428571428571
99,0.0,1.0,0.0,0.0
100,1.0,0.0,0.0,0.0
101,0.0,1.0,0.0,0.0
102,1.0,0.0,0.0,0.0
103,0.0,0.0,0.0,1.0
104,,,,
105,0.0,0.0,1.0,0.0
106,0.0,0.9230769230769231,0.0,0.07692307692307693
107,0.0,1.0,0.0,0.0
108,,,,
109,,,,
110,,,,
111,0.75,0.08333333333333333,0.0,0.16666666666666666
112,,,,
113,1.0,0.0,0.0,0.0
114,,,,
115,,,,
116,0.0,0.0,0.5,0.5
117,,,,
118,0.0,0.0,0.5,0.5
119,,,,
120,0.17647058823529413,0.0,0.23529411764705882,0.5882352941176471
121,0.0,0.0,0.0,1.0
122,0.5,0.0,0.0,0.5
123,0.0,0.0,0.0,1.0
124,,,,
125,0.0,0.875,0.125,0.0
126,,,,
127,1.0,0.0,0.0,0.0
128,0.6666666666666666,0.0,0.0,0.3333333333333333
129,0.0,0.3333333333333333,0.6666666666666666,0.0
130,,,,
131,0.6666666666666666,0.0,0.0,0.3333333333333333
132,0.0,0.0,0.0,1.0
133,,,,
134,0.375,0.375,0.0,0.25
135,1.0,0.0,0.0,0.0
136,0.0,1.0,0.0,0.0
137,1.0,0.0,0.0,0.0
138,0.0,1.0,0.0,0.0
139,0.0,1.0,0.0,0.0
140,0.8333333333333334,0.0,0.0,0.16666666666666666
141,,,,
142,,,,
143,,,,
144,0.0,0.0,1.0,0.0
145,,,,
146,0.0,1.0,0.0,0.0
147,,,,
148,0.5,0.0,0.0,0.5
149,0.9333333333333333,0.0,0.0,0.06666666666666667
150,0.3,0.5,0.0,0.2
151,0.0,0.0,0.6666666666666666,0.3333333333333333
152,0.0,0.125,0.5,0.375
153,0.0,0.0,0.9333333333333333,0.06666666666666667
154,0.0,1.0,0.0,0.0
155,0.2,0.0,0.6,0.2
156,0.3333333333333333,0.5833333333333334,0.08333333333333333,0.0
157,0.0,0.5,0.125,0.375
158,0.0,1.0,0.0,0.0
159,0.2857142857142857,0.0,0.21428571428571427,0.5
160,0.0,0.25,0.5,0.25
161,0.125,0.625,0.25,0.0
162,0.0,0.2,0.8,0.0
163,0.3333333333333333,0.4444444444444444,0.0,0.2222222222222222
164,0.0,0.5,0.5,0.0
165,0.0,1.0,0.0,0.0
166,0.3333333333333333,0.3333333333333333,0.0,0.3333333333333333
167,0.3,0.4,0.0,0.3
168,0.0,0.0,1.0,0.0
169,0.2857142857142857,0.6428571428571429,0.0,0.07142857142857142
170,0.23529411764705882,0.0,0.29411764705882354,0.47058823529411764
171,0.0,0.08333333333333333,0.6666666666666666,0.25
172,0.125,0.0,0.25,0.625
173,0.0,0.0,0.75,0.25
174,0.0,0.4,0.1,0.5
175,0.0,0.6666666666666666,0.3333333333333333,0.0
176,0.0,0.0,0.0,1.0
177,0.25,0.0,0.75,0.0
178,0.0,0.5,0.0,0.5
179,0.0,0.0,0.3333333333333333,0.6666666666666666
180,0.0,0.0,0.0,1.0
181,0.0,0.0,1.0,0.0
182,0.14285714285714285,0.0,0.2857142857142857,0.5714285714285714
183,0.6,0.0,0.2,0.2
184,,,,
185,0.0,1.0,0.0,0.0
186,0.0,1.0,0.0,0.0
187,,,,
188,0.0,0.0,0.0,1.0
189,0.0,0.0,0.0,1.0
190,,,,
191,0.0,0.0,1.0,0.0
192,0.0,0.4,0.6,0.0
193,0.0,0.0,1.0,0.0
194,0.0,1.0,0.0,0.0
195,,,,
196,1.0,0.0,0.0,0.0
197,0.0,1.0,0.0,0.0
198,,,,
199,,,,
200,0.0,0.3333333333333333,0.5,0.16666666666666666
201,0.0,0.6666666666666666,0.0,0.3333333333333333
202,1.0,0.0,0.0,0.0
203,0.0,0.0,0.5,0.5
204,0.0,0.0,0.375,0.625
205,0.3,0.0,0.3,0.4
206,0.0,0.0,0.3333333333333333,0.6666666666666666
207,0.0,0.5,0.5,0.0
208,0.5,0.0,0.5,0.0
209,0.0,0.1,0.25,0.65
210,,,,
211,0.0,0.0,0.5,0.5
212,0.0,0.36363636363636365,0.45454545454545453,0.18181818181818182
213,0.6086956521739131,0.2608695652173913,0.0,0.13043478260869565
214,0.8,0.2,0.0,0.0
215,0.0,0.0,0.9285714285714286,0.07142857142857142
216,1.0,0.0,0.0,0.0
217,,,,
218,0.0,0.0,1.0,0.0
219,0.0,0.6666666666666666,0.3333333333333333,0.0
220,0.0,0.7058823529411765,0.17647058823529413,0.11764705882352941
221,0.0,0.6666666666666666,0.0,0.3333333333333333
222,0.0,1.0,0.0,0.0
223,0.0,0.0,0.0,1.0
224,0.0,0.0,0.75,0.25
225,0.0,0.5714285714285714,0.14285714285714285,0.2857142857142857
226,0.0,0.3333333333333333,0.3333333333333333,0.3333333333333333
227,0.0,0.8,0.0,0.2
228,,,,
229,0.0,0.0,0.3333333333333333,0.6666666666666666
230,0.18181818181818182,0.0,0.2727272727272727,0.5454545454545454
231,0.0,0.0,1.0,0.0
232,0.0,0.0,1.0,0.0
233,0.4166666666666667,0.5,0.0,0.08333333333333333
234,1.0,0.0,0.0,0.0
235,,,,
236,0.125,0.0,0.375,0.5
237,0.0,0.0,1.0,0.0
238,0.3333333333333333,0.0,0.0,0.6666666666666666
239,0.3333333333333333,0.0,0.0,0.6666666666666666
240,0.0,0.0,0.5,0.5
241,,,,
242,0.5,0.5,0.0,0.0
243,0.0,0.42857142857142855,0.5714285714285714,0.0
244,0.0,0.3076923076923077,0.6923076923076923,0.0
245,0.05555555555555555,0.7777777777777778,0.0,0.16666666666666666
246,0.2222222222222222,0.0,0.3333333333333333,0.4444444444444444
247,,,,
248,0.5,0.5,0.0,0.0
249,0.0,0.3333333333333333,0.4444444444444444,0.2222222222222222
250,0.2608695652173913,0.6521739130434783,0.0,0.08695652173913043
251,0.0,0.0,0.36363636363636365,0.6363636363636364
252,0.0,0.5,0.5,0.0
253,0.0,0.0,0.0,1.0
254,0.0,0.4,0.6,0.0
255,0.0,1.0,0.0,0.0
256,0.0,0.6666666666666666,0.3333333333333333,0.0
257,0.0,1.0,0.0,0.0
258,,,,
259,0.0,0.0,1.0,0.0
260,0.0,0.0,0.0,1.0
261,0.0,0.0,0.0,1.0
262,0.3333333333333333,0.0,0.0,0.6666666666666666
263,,,,
264,,,,
265,0.0,0.0,0.0,1.0
266,0.5,0.16666666666666666,0.0,0.3333333333333333
267,,,,
268,,,,
269,1.0,0.0,0.0,0.0
270,,,,
271,,,,
272,0.0,0.0,0.0,1.0
273,,,,
274,,,,
275,0.0,0.0,0.5,0.5
276,1.0,0.0,0.0,0.0
277,0.6,0.4,0.0,0.0
278,0.45,0.2,0.0,0.35
279,,,,
280,,,,
281,0.0,1.0,0.0,0.0
282,0.0,1.0,0.0,0.0
283,0.0,0.0,0.0,1.0
284,0.0,0.0,0.0,1.0
285,,,,
286,,,,
287,,,,
288,,,,
289,0.0,0.0,0.0,1.0
290,0.0,0.0,1.0,0.0
291,,,,
292,,,,
293,,,,
294,,,,
295,,,,
296,,,,
297,,,,
298,,,,
299,,,,
300,,,,
301,,,,
302,,,,
303,,,,
304,,,,
305,,,,
306,,,,
