,A,C,G,T
0,,,,
1,,,,
2,0.3333333333333333,0.2222222222222222,0.0,0.4444444444444444
3,0.7777777777777778,0.2222222222222222,0.0,0.0
4,0.4166666666666667,0.5,0.08333333333333333,0.0
5,0.09090909090909091,0.7272727272727273,0.0,0.18181818181818182
6,1.0,0.0,0.0,0.0
7,0.0,0.2,0.6,0.2
8,0.7894736842105263,0.15789473684210525,0.0,0.05263157894736842
9,0.0625,0.0,0.0625,0.875
10,0.0,0.0,1.0,0.0
11,0.5,0.0,0.0,0.5
12,0.09090909090909091,0.8181818181818182,0.0,0.09090909090909091
13,0.3333333333333333,0.6666666666666666,0.0,0.0
14,0.6666666666666666,0.0,0.0,0.3333333333333333
15,0.0,0.6666666666666666,0.0,0.3333333333333333
16,0.0,0.0,0.5,0.5
17,0.75,0.08333333333333333,0.0,0.16666666666666666
18,,,,
19,0.6,0.0,0.2,0.2
20,0.0,0.8333333333333334,0.16666666666666666,0.0
21,0.0,0.3333333333333333,0.0,0.6666666666666666
22,0.0,0.0,0.0,1.0
23,0.0,0.25,0.0,0.75
24,0.0,0.0,0.0,1.0
25,,,,
26,0.0,0.5,0.0,0.5
27,0.8620689655172413,0.13793103448275862,0.0,0.0
28,0.21951219512195122,0.7560975609756098,0.0,0.024390243902439025
29,0.2857142857142857,0.0,0.0,0.7142857142857143
30,0.0,0.0,1.0,0.0
31,0.3333333333333333,0.3333333333333333,0.3333333333333333,0.0
32,0.5833333333333334,0.16666666666666666,0.0,0.25
33,0.8,0.0,0.0,0.2
34,0.0,0.9090909090909091,0.09090909090909091,0.0
35,0.0,0.10714285714285714,0.6428571428571429,0.25
36,0.1,0.0,0.7,0.2
37,0.0,1.0,0.0,0.0
38,0.4,0.0,0.0,0.6
39,0.75,0.0,0.125,0.125
40,0.5,0.0,0.5,0.0
41,0.0,0.027777777777777776,0.9722222222222222,0.0
42,0.3333333333333333,0.0,0.0,0.6666666666666666
43,0.6666666666666666,0.0,0.0,0.3333333333333333
44,0.8,0.0,0.0,0.2
45,0.0,1.0,0.0,0.0
46,1.0,0.0,0.0,0.0
47,0.0,1.0,0.0,0.0
48,0.0,0.0,1.0,0.0
49,0.5,0.0,0.0,0.5
50,0.0,0.0,0.3333333333333333,0.6666666666666666
51,0.0,0.0,0.6666666666666666,0.3333333333333333
52,0.0,0.0,1.0,0.0
53,0.3333333333333333,0.0,0.0,0.6666666666666666
54,0.0,1.0,0.0,0.0
55,1.0,0.0,0.0,0.0
56,0.0,0.375,0.5,0.125
57,0.5,0.0,0.5,0.0
58,0.0,0.75,0.25,0.0
59,0.16666666666666666,0.0,0.8333333333333334,0.0
60,0.2,0.4,0.4,0.0
61,0.5,0.0,0.5,0.0
62,0.90625,0.0,0.03125,0.0625
63,0.0,0.6666666666666666,0.3333333333333333,0.0
64,0.0,0.25,0.0,0.75
65,0.0,0.75,0.25,0.0
66,0.3333333333333333,0.0,0.0,0.6666666666666666
67,0.7857142857142857,0.0,0.03571428571428571,0.17857142857142858
68,0.0,0.5,0.5,0.0
69,1.0,0.0,0.0,0.0
70,0.0,0.0,0.5238095238095238,0.47619047619047616
71,0.10526315789473684,0.0,0.0,0.8947368421052632
72,0.0,0.75,0.25,0.0
73,0.037037037037037035,0.0,0.9259259259259259,0.037037037037037035
74,0.0,0.47368421052631576,0.5263157894736842,0.0
75,0.5,0.5,0.0,0.0
76,0.7692307692307693,0.15384615384615385,0.0,0.07692307692307693
77,0.0,0.5789473684210527,0.15789473684210525,0.2631578947368421
78,0.3333333333333333,0.3333333333333333,0.3333333333333333,0.0
79,0.5,0.0,0.5,0.0
80,0.0,0.0,0.3333333333333333,0.6666666666666666
81,0.0,0.5454545454545454,0.09090909090909091,0.36363636363636365
82,0.5740740740740741,0.0,0.2777777777777778,0.14814814814814814
83,0.0,0.0,0.0,1.0
84,0.0,0.4,0.6,0.0
85,,,,
86,0.0,0.0,0.3333333333333333,0.6666666666666666
87,0.0,0.7142857142857143,0.14285714285714285,0.14285714285714285
88,0.6666666666666666,0.24444444444444444,0.0,0.08888888888888889
89,0.05555555555555555,0.6666666666666666,0.2777777777777778,0.0
90,0.0,0.16129032258064516,0.7096774193548387,0.12903225806451613
91,0.6170212765957447,0.3191489361702128,0.0,0.06382978723404255
92,0.15217391304347827,0.0,0.32608695652173914,0.5217391304347826
93,0.35,0.6,0.05,0.0
94,0.0,0.8461538461538461,0.0,0.15384615384615385
95,0.09090909090909091,0.0,0.18181818181818182,0.7272727272727273
96,0.4,0.0,0.0,0.6
97,0.0,0.1111111111111111,0.2222222222222222,0.6666666666666666
98,0.8333333333333334,0.0,0.16666666666666666,0.0
99,0.0,0.5714285714285714,0.0,0.42857142857142855
100,0.0,0.0,1.0,0.0
101,0.5833333333333334,0.25,0.0,0.16666666666666666
102,0.7272727272727273,0.0,0.18181818181818182,0.09090909090909091
103,0.0,0.8181818181818182,0.0,0.18181818181818182
104,0.2222222222222222,0.0,0.1111111111111111,0.6666666666666666
105,0.0,0.0,1.0,0.0
106,0.0,0.0,0.0,1.0
107,,,,
108,0.5,0.5,0.0,0.0
109,,,,
110,0.2,0.0,0.0,0.8
111,0.5,0.0,0.5,0.0
112,,,,
113,0.125,0.0,0.625,0.25
114,1.0,0.0,0.0,0.0
115,,,,
116,0.0,0.038461538461538464,0.8461538461538461,0.11538461538461539
117,0.35135135135135137,0.6216216216216216,0.0,0.02702702702702703
118,0.06329113924050633,0.0,0.17721518987341772,0.759493670886076
119,0.391304347826087,0.5217391304347826,0.08695652173913043,0.0
120,0.0,0.7708333333333334,0.10416666666666667,0.125
121,0.5,0.0,0.16666666666666666,0.3333333333333333
122,0.0,0.2,0.6,0.2
123,1.0,0.0,0.0,0.0
124,0.7777777777777778,0.1111111111111111,0.0,0.1111111111111111
125,0.0,0.041666666666666664,0.9583333333333334,0.0
126,0.0,0.2222222222222222,0.6666666666666666,0.1111111111111111
127,0.0,0.15384615384615385,0.8461538461538461,0.0
128,0.0,0.15384615384615385,0.8461538461538461,0.0
129,0.25,0.7142857142857143,0.0,0.03571428571428571
130,0.0,0.25,0.0,0.75
131,0.17647058823529413,0.058823529411764705,0.7647058823529411,0.0
132,0.26666666666666666,0.0,0.13333333333333333,0.6
133,0.14285714285714285,0.42857142857142855,0.42857142857142855,0.0
134,0.3333333333333333,0.16666666666666666,0.0,0.5
135,0.25,0.125,0.0,0.625
136,0.0,0.1,0.5666666666666667,0.3333333333333333
137,0.0,0.2,0.0,0.8
138,0.0,0.125,0.875,0.0
139,0.0,0.2,0.0,0.8
140,0.625,0.125,0.0,0.25
141,0.09523809523809523,0.5238095238095238,0.0,0.38095238095238093
142,0.16666666666666666,0.0,0.8333333333333334,0.0
143,0.13333333333333333,0.0,0.2,0.6666666666666666
144,0.05405405405405406,0.0,0.9459459459459459,0.0
145,0.75,0.0,0.25,0.0
146,0.0,0.25,0.4166666666666667,0.3333333333333333
147,0.55,0.075,0.0,0.375
148,0.046511627906976744,0.0,0.7209302325581395,0.23255813953488372
149,0.1111111111111111,0.8095238095238095,0.07936507936507936,0.0
150,0.0,0.2,0.4666666666666667,0.3333333333333333
151,0.0,0.1111111111111111,0.8888888888888888,0.0
152,0.1111111111111111,0.7777777777777778,0.1111111111111111,0.0
153,0.75,0.15,0.0,0.1
154,0.6363636363636364,0.3090909090909091,0.0,0.05454545454545454
155,0.35185185185185186,0.46296296296296297,0.18518518518518517,0.0
156,0.0,0.4230769230769231,0.4230769230769231,0.15384615384615385
157,0.12195121951219512,0.0,0.12195121951219512,0.7560975609756098
158,0.16666666666666666,0.6666666666666666,0.16666666666666666,0.0
159,0.5151515151515151,0.3333333333333333,0.0,0.15151515151515152
160,0.15789473684210525,0.0,0.7543859649122807,0.08771929824561403
161,0.22580645161290322,0.5483870967741935,0.22580645161290322,0.0
162,0.6666666666666666,0.25,0.0,0.08333333333333333
163,0.4838709677419355,0.41935483870967744,0.0,0.0967741935483871
164,0.14285714285714285,0.5714285714285714,0.2857142857142857,0.0
165,0.3793103448275862,0.10344827586206896,0.0,0.5172413793103449
166,0.0,0.6666666666666666,0.3333333333333333,0.0
167,0.13513513513513514,0.0,0.16216216216216217,0.7027027027027027
168,1.0,0.0,0.0,0.0
169,0.9166666666666666,0.0,0.0,0.08333333333333333
170,0.0,0.5714285714285714,0.35714285714285715,0.07142857142857142
171,0.6666666666666666,0.2708333333333333,0.0625,0.0
172,0.0,0.21212121212121213,0.09090909090909091,0.696969696969697
173,0.0,0.0,0.6136363636363636,0.38636363636363635
174,0.0,0.4444444444444444,0.5555555555555556,0.0
175,0.0,0.5,0.21428571428571427,0.2857142857142857
176,0.04,0.8,0.16,0.0
177,0.04411764705882353,0.0,0.2647058823529412,0.6911764705882353
178,0.14285714285714285,0.0,0.17857142857142858,0.6785714285714286
179,0.0,0.6818181818181818,0.3181818181818182,0.0
180,0.5714285714285714,0.42857142857142855,0.0,0.0
181,0.8064516129032258,0.14516129032258066,0.0,0.04838709677419355
182,0.09523809523809523,0.0,0.47619047619047616,0.42857142857142855
183,0.1111111111111111,0.05555555555555555,0.8333333333333334,0.0
184,0.9375,0.0,0.0,0.0625
185,0.5,0.0,0.0,0.5
186,0.25,0.25,0.0,0.5
187,0.14285714285714285,0.14285714285714285,0.7142857142857143,0.0
188,0.16666666666666666,0.5,0.0,0.3333333333333333
189,0.0,0.25,0.75,0.0
190,0.0,0.0625,0.875,0.0625
191,,,,
192,0.3,0.1,0.0,0.6
193,0.5,0.0,0.0,0.5
194,0.0,0.0,0.6666666666666666,0.3333333333333333
195,1.0,0.0,0.0,0.0
196,0.3333333333333333,0.0,0.0,0.6666666666666666
197,0.0,0.41379310344827586,0.5172413793103449,0.06896551724137931
198,0.8666666666666667,0.0,0.13333333333333333,0.0
199,0.0,0.0,1.0,0.0
200,0.14285714285714285,0.0,0.0,0.8571428571428571
201,0.0,0.25,0.75,0.0
202,0.06666666666666667,0.0,0.8,0.13333333333333333
203,1.0,0.0,0.0,0.0
204,0.0,0.22727272727272727,0.7727272727272727,0.0
205,0.3333333333333333,0.3333333333333333,0.3333333333333333,0.0
206,0.3333333333333333,0.0,0.5,0.16666666666666666
207,0.0,0.0,1.0,0.0
208,,,,
209,1.0,0.0,0.0,0.0
210,0.0,0.0,0.5,0.5
211,0.5,0.25,0.0,0.25
212,0.0,0.0,0.875,0.125
213,0.6153846153846154,0.38461538461538464,0.0,0.0
214,0.0,0.5,0.5,0.0
215,0.0,0.2692307692307692,0.47435897435897434,0.2564102564102564
216,0.0,0.04,0.88,0.08
217,0.0,0.2,0.1,0.7
218,0.038461538461538464,0.9230769230769231,0.038461538461538464,0.0
219,0.3333333333333333,0.0,0.0,0.6666666666666666
220,0.6470588235294118,0.0,0.35294117647058826,0.0
221,0.5,0.0,0.5,0.0
222,0.0,0.2857142857142857,0.2857142857142857,0.42857142857142855
223,0.0,0.17647058823529413,0.7941176470588235,0.029411764705882353
224,0.6,0.3333333333333333,0.0,0.06666666666666667
225,0.0,0.0,0.8,0.2
226,0.0,0.0,1.0,0.0
227,0.17142857142857143,0.0,0.5142857142857142,0.3142857142857143
228,0.8333333333333334,0.0,0.16666666666666666,0.0
229,0.5333333333333333,0.0,0.0,0.4666666666666667
230,0.24242424242424243,0.0,0.24242424242424243,0.5151515151515151
231,0.022727272727272728,0.36363636363636365,0.6136363636363636,0.0
232,0.0,0.25,0.75,0.0
233,0.44,0.48,0.0,0.08
234,0.6666666666666666,0.0,0.3333333333333333,0.0
235,0.0,0.6923076923076923,0.038461538461538464,0.2692307692307692
236,0.058823529411764705,0.5882352941176471,0.35294117647058826,0.0
237,0.125,0.0,0.125,0.75
238,0.0,0.0,1.0,0.0
239,0.2,0.28,0.52,0.0
240,0.020833333333333332,0.0,0.9791666666666666,0.0
241,0.0,0.0,1.0,0.0
242,0.0,0.3793103448275862,0.5862068965517241,0.034482758620689655
243,0.0,0.25,0.25,0.5
244,0.0,0.0,1.0,0.0
245,0.0,1.0,0.0,0.0
246,0.0,0.0,0.75,0.25
247,0.0,0.2608695652173913,0.7391304347826086,0.0
248,0.0,0.0,0.09090909090909091,0.9090909090909091
249,0.0,0.03571428571428571,0.7142857142857143,0.25
250,0.7755102040816326,0.20408163265306123,0.0,0.02040816326530612
251,0.15,0.0,0.05,0.8
252,0.09090909090909091,0.0,0.5454545454545454,0.36363636363636365
253,0.0,0.0,1.0,0.0
254,0.2,0.6,0.0,0.2
255,0.0,0.35294117647058826,0.6470588235294118,0.0
256,0.16666666666666666,0.7916666666666666,0.0,0.041666666666666664
257,0.0,0.5,0.375,0.125
258,0.0,0.9230769230769231,0.0,0.07692307692307693
259,0.6086956521739131,0.0,0.021739130434782608,0.3695652173913043
260,0.42857142857142855,0.0,0.0,0.5714285714285714
261,0.0,0.3333333333333333,0.0,0.6666666666666666
262,0.9655172413793104,0.0,0.0,0.034482758620689655
263,0.36,0.32,0.0,0.32
264,1.0,0.0,0.0,0.0
265,,,,
266,0.25,0.0,0.0,0.75
267,0.0,0.5,0.25,0.25
268,0.3333333333333333,0.0,0.3333333333333333,0.3333333333333333
269,,,,
270,0.0,0.0,0.0,1.0
271,0.6666666666666666,0.0,0.3333333333333333,0.0
272,0.0,1.0,0.0,0.0
273,0.7894736842105263,0.10526315789473684,0.0,0.10526315789473684
274,0.0,0.8333333333333334,0.16666666666666666,0.0
275,0.5060240963855421,0.3614457831325301,0.0,0.13253012048192772
276,0.0,0.0,1.0,0.0
277,,,,
278,0.1,0.6,0.3,0.0
279,0.0,0.0,1.0,0.0
280,0.0,0.0,0.0,1.0
281,0.0,0.0,0.043478260869565216,0.9565217391304348
282,0.2,0.0,0.8,0.0
283,0.5,0.3333333333333333,0.0,0.16666666666666666
284,0.0,0.8571428571428571,0.14285714285714285,0.0
285,0.9166666666666666,0.0,0.0,0.08333333333333333
286,0.06666666666666667,0.0,0.06666666666666667,0.8666666666666667
287,0.0,0.2,0.4,0.4
288,0.0,0.4,0.6,0.0
289,0.5833333333333334,0.3333333333333333,0.0,0.08333333333333333
290,0.0,0.5,0.5,0.0
291,0.0,1.0,0.0,0.0
292,,,,
293,0.25,0.25,0.5,0.0
294,1.0,0.0,0.0,0.0
295,0.0,1.0,0.0,0.0
296,,,,
297,0.0,0.5,0.5,0.0
298,,,,
299,,,,
300,,,,
301,,,,
302,,,,
303,,,,
304,,,,
305,,,,
306,,,,
307,,,,
308,,,,
309,,,,
310,,,,
311,,,,
312,,,,
