,A,C,G,T
0,,,,
1,,,,
2,0.0,1.0,0.0,0.0
3,0.0,1.0,0.0,0.0
4,0.0,0.0,1.0,0.0
5,0.0,0.0,0.0,1.0
6,,,,
7,0.0,0.0,1.0,0.0
8,0.5,0.25,0.0,0.25
9,0.0,0.0,0.5,0.5
10,,,,
11,0.0,0.0,0.0,1.0
12,1.0,0.0,0.0,0.0
13,1.0,0.0,0.0,0.0
14,0.3333333333333333,0.3333333333333333,0.0,0.3333333333333333
15,0.0,0.0,0.0,1.0
16,0.0,1.0,0.0,0.0
17,,,,
18,0.0,0.0,1.0,0.0
19,,,,
20,,,,
21,,,,
22,,,,
23,0.0,0.0,1.0,0.0
24,0.8333333333333334,0.16666666666666666,0.0,0.0
25,,,,
26,0.0,0.0,0.0,1.0
27,0.0,1.0,0.0,0.0
28,0.0,1.0,0.0,0.0
29,0.6666666666666666,0.3333333333333333,0.0,0.0
30,0.3333333333333333,0.16666666666666666,0.0,0.5
31,0.0,1.0,0.0,0.0
32,,,,
33,,,,
34,0.0,0.25,0.75,0.0
35,0.0,0.0,1.0,0.0
36,0.0,0.3333333333333333,0.6666666666666666,0.0
37,0.0,0.25,0.5,0.25
38,,,,
39,0.0,0.0,0.0,1.0
40,0.0,0.0,0.0,1.0
41,,,,
42,0.0,0.0,0.0,1.0
43,1.0,0.0,0.0,0.0
44,1.0,0.0,0.0,0.0
45,0.5,0.16666666666666666,0.0,0.3333333333333333
46,,,,
47,0.0,1.0,0.0,0.0
48,0.0,1.0,0.0,0.0
49,,,,
50,0.0,0.7142857142857143,0.2857142857142857,0.0
51,0.0,0.0,0.0,1.0
52,,,,
53,1.0,0.0,0.0,0.0
54,0.0,1.0,0.0,0.0
55,0.0,0.3333333333333333,0.6666666666666666,0.0
56,0.75,0.25,0.0,0.0
57,0.0,1.0,0.0,0.0
58,,,,
59,0.8571428571428571,0.0,0.0,0.14285714285714285
60,0.0,1.0,0.0,0.0
61,0.0,0.0,0.0,1.0
62,0.0,0.0,0.8,0.2
63,0.0,0.0,1.0,0.0
64,,,,
65,0.14285714285714285,0.8571428571428571,0.0,0.0
66,0.0,1.0,0.0,0.0
67,0.0,0.3333333333333333,0.3333333333333333,0.3333333333333333
68,0.0,0.0,0.0,1.0
69,0.6666666666666666,0.0,0.0,0.3333333333333333
70,0.13333333333333333,0.8666666666666667,0.0,0.0
71,0.16666666666666666,0.6666666666666666,0.16666666666666666,0.0
72,0.0,0.6666666666666666,0.3333333333333333,0.0
73,0.5,0.0,0.0,0.5
74,0.6,0.4,0.0,0.0
75,0.0,1.0,0.0,0.0
76,1.0,0.0,0.0,0.0
77,0.0,0.0,1.0,0.0
78,0.2,0.2,0.6,0.0
79,0.0,0.0,0.0,1.0
80,0.3333333333333333,0.0,0.0,0.6666666666666666
81,0.0,0.25,0.25,0.5
82,0.25,0.4166666666666667,0.0,0.3333333333333333
83,0.08333333333333333,0.0,0.16666666666666666,0.75
84,,,,
85,0.5,0.25,0.25,0.0
86,0.2857142857142857,0.42857142857142855,0.2857142857142857,0.0
87,0.0,0.15384615384615385,0.23076923076923078,0.6153846153846154
88,0.2727272727272727,0.0,0.6363636363636364,0.09090909090909091
89,0.14285714285714285,0.0,0.2857142857142857,0.5714285714285714
90,0.0,0.16666666666666666,0.6666666666666666,0.16666666666666666
91,0.5714285714285714,0.3333333333333333,0.0,0.09523809523809523
92,0.3333333333333333,0.0,0.0,0.6666666666666666
93,0.0,0.5714285714285714,0.42857142857142855,0.0
94,0.0,0.14285714285714285,0.42857142857142855,0.42857142857142855
95,0.08333333333333333,0.0,0.0,0.9166666666666666
96,1.0,0.0,0.0,0.0
97,0.0,0.5,0.0,0.5
98,1.0,0.0,0.0,0.0
99,0.0,0.0,0.25,0.75
100,0.5833333333333334,0.0,0.3333333333333333,0.08333333333333333
101,0.0,0.0,0.3333333333333333,0.6666666666666666
102,0.5,0.0,0.0,0.5
103,0.0,1.0,0.0,0.0
104,0.0,0.0,0.0,1.0
105,0.0,0.5,0.5,0.0
106,,,,
107,0.0,0.0,0.0,1.0
108,0.0,1.0,0.0,0.0
109,0.0,1.0,0.0,0.0
110,0.25,0.5,0.0,0.25
111,,,,
112,,,,
113,0.5,0.0,0.5,0.0
114,1.0,0.0,0.0,0.0
115,0.0,0.0,0.6666666666666666,0.3333333333333333
116,1.0,0.0,0.0,0.0
117,0.0,0.14285714285714285,0.5714285714285714,0.2857142857142857
118,0.3333333333333333,0.0,0.6666666666666666,0.0
119,0.5,0.5,0.0,0.0
120,0.0,0.0,0.0,1.0
121,,,,
122,0.0,0.0,1.0,0.0
123,,,,
124,,,,
125,1.0,0.0,0.0,0.0
126,0.0,0.5,0.5,0.0
127,0.0,0.0,1.0,0.0
128,0.0,0.0,1.0,0.0
129,0.5,0.0,0.0,0.5
130,0.3333333333333333,0.6666666666666666,0.0,0.0
131,0.3333333333333333,0.0,0.3333333333333333,0.3333333333333333
132,0.8,0.06666666666666667,0.13333333333333333,0.0
133,0.0,1.0,0.0,0.0
134,,,,
135,,,,
136,,,,
137,0.7142857142857143,0.0,0.0,0.2857142857142857
138,0.0,0.0,1.0,0.0
139,0.0,0.0,0.0,1.0
140,0.0,0.0,0.0,1.0
141,0.0,0.3333333333333333,0.6666666666666666,0.0
142,1.0,0.0,0.0,0.0
143,0.0,0.25,0.0,0.75
144,0.0,1.0,0.0,0.0
145,0.5,0.5,0.0,0.0
146,0.7368421052631579,0.21052631578947367,0.0,0.05263157894736842
147,0.0,0.5,0.16666666666666666,0.3333333333333333
148,0.1111111111111111,0.5555555555555556,0.3333333333333333,0.0
149,0.0,0.0,0.5714285714285714,0.42857142857142855
150,0.0,0.0,1.0,0.0
151,1.0,0.0,0.0,0.0
152,0.0,0.0,1.0,0.0
153,0.25,0.0,0.75,0.0
154,0.0,0.2857142857142857,0.14285714285714285,0.5714285714285714
155,0.16666666666666666,0.5,0.3333333333333333,0.0
156,0.3333333333333333,0.0,0.6666666666666666,0.0
157,0.0,0.0,0.375,0.625
158,0.0,0.75,0.25,0.0
159,0.14285714285714285,0.8571428571428571,0.0,0.0
160,0.5833333333333334,0.16666666666666666,0.0,0.25
161,0.0,1.0,0.0,0.0
162,0.6666666666666666,0.3333333333333333,0.0,0.0
163,0.0,0.4,0.6,0.0
164,0.0,0.0,0.0,1.0
165,0.6666666666666666,0.3333333333333333,0.0,0.0
166,0.0,0.0,0.0,1.0
167,0.0,1.0,0.0,0.0
168,0.0,1.0,0.0,0.0
169,0.0,0.5,0.0,0.5
170,0.46153846153846156,0.38461538461538464,0.15384615384615385,0.0
171,0.0,0.3333333333333333,0.6666666666666666,0.0
172,0.14285714285714285,0.0,0.0,0.8571428571428571
173,0.0,0.0,0.0,1.0
174,0.0,1.0,0.0,0.0
175,0.3333333333333333,0.5,0.0,0.16666666666666666
176,,,,
177,0.0,0.0,1.0,0.0
178,0.0,0.0,0.0,1.0
179,0.0,0.0,0.0,1.0
180,,,,
181,0.2857142857142857,0.7142857142857143,0.0,0.0
182,0.08333333333333333,0.0,0.0,0.9166666666666666
183,,,,
184,,,,
185,,,,
186,0.5,0.5,0.0,0.0
187,0.0,0.0,0.0,1.0
188,0.0,0.0,0.5,0.5
189,,,,
190,0.0,1.0,0.0,0.0
191,0.0,0.0,0.0,1.0
192,0.125,0.0,0.875,0.0
193,0.0,0.0,1.0,0.0
194,0.0,0.3333333333333333,0.6666666666666666,0.0
195,,,,
196,,,,
197,,,,
198,1.0,0.0,0.0,0.0
199,0.0,0.0,0.875,0.125
200,0.0,0.8333333333333334,0.0,0.16666666666666666
201,1.0,0.0,0.0,0.0
202,0.0,1.0,0.0,0.0
203,0.0,0.0,1.0,0.0
204,0.0,0.0,0.5,0.5
205,,,,
206,0.0,0.0,0.6666666666666666,0.3333333333333333
207,0.0,0.2,0.2,0.6
208,1.0,0.0,0.0,0.0
209,0.0,0.0,0.875,0.125
210,0.5,0.0,0.5,0.0
211,,,,
212,0.0,0.125,0.75,0.125
213,0.75,0.0,0.0,0.25
214,0.0,0.0,0.0,1.0
215,0.5,0.0,0.0,0.5
216,,,,
217,,,,
218,0.0,0.0,1.0,0.0
219,0.0,0.0,1.0,0.0
220,0.0,1.0,0.0,0.0
221,0.0,1.0,0.0,0.0
222,0.0,0.0,1.0,0.0
223,,,,
224,0.5,0.0,0.0,0.5
225,0.0,0.0,0.6666666666666666,0.3333333333333333
226,0.1111111111111111,0.7777777777777778,0.1111111111111111,0.0
227,0.5,0.0,0.0,0.5
228,0.0,0.0,0.8888888888888888,0.1111111111111111
229,0.6875,0.25,0.0,0.0625
230,0.23076923076923078,0.0,0.07692307692307693,0.6923076923076923
231,,,,
232,0.5,0.0,0.0,0.5
233,,,,
234,1.0,0.0,0.0,0.0
235,0.0,0.0,0.0,1.0
236,,,,
237,0.0,1.0,0.0,0.0
238,0.0,0.0,0.0,1.0
239,0.0,0.0,0.0,1.0
240,0.0,0.0,0.16666666666666666,0.8333333333333334
241,,,,
242,0.5,0.5,0.0,0.0
243,0.5,0.0,0.5,0.0
244,0.0,0.0,0.6666666666666666,0.3333333333333333
245,0.5,0.25,0.0,0.25
246,0.0,1.0,0.0,0.0
247,0.0,0.0,0.0,1.0
248,0.0,1.0,0.0,0.0
249,0.0,0.5,0.5,0.0
250,0.5454545454545454,0.45454545454545453,0.0,0.0
251,0.3333333333333333,0.0,0.0,0.6666666666666666
252,0.0,0.0,1.0,0.0
253,0.6,0.4,0.0,0.0
254,0.0,0.0,0.0,1.0
255,,,,
256,,,,
257,0.0,0.0,0.0,1.0
258,0.0,0.3333333333333333,0.6666666666666666,0.0
259,0.0,0.3333333333333333,0.6666666666666666,0.0
260,1.0,0.0,0.0,0.0
261,1.0,0.0,0.0,0.0
262,0.0,0.0,0.0,1.0
263,,,,
264,,,,
265,,,,
266,0.0,1.0,0.0,0.0
267,,,,
268,0.0,0.0,1.0,0.0
269,,,,
270,0.0,0.0,1.0,0.0
271,0.0,0.0,1.0,0.0
272,0.0,0.0,0.0,1.0
273,1.0,0.0,0.0,0.0
274,0.0,0.0,1.0,0.0
275,,,,
276,0.0,0.3333333333333333,0.6666666666666666,0.0
277,0.2,0.8,0.0,0.0
278,0.3333333333333333,0.3888888888888889,0.0,0.2777777777777778
279,,,,
280,,,,
281,0.0,1.0,0.0,0.0
282,,,,
283,0.0,0.0,0.1111111111111111,0.8888888888888888
284,0.0,0.0,0.0,1.0
285,,,,
286,,,,
287,0.0,1.0,0.0,0.0
288,0.75,0.0,0.0,0.25
289,0.0,0.0,0.5,0.5
290,0.0,1.0,0.0,0.0
291,0.0,1.0,0.0,0.0
292,,,,
293,,,,
294,0.0,0.0,0.0,1.0
295,0.0,0.0,1.0,0.0
296,0.0,0.0,1.0,0.0
297,,,,
298,,,,
299,1.0,0.0,0.0,0.0
300,,,,
301,,,,
302,,,,
303,,,,
304,,,,
305,,,,
306,,,,
307,,,,
308,,,,
309,,,,
310,,,,
311,,,,
312,,,,
313,,,,
314,,,,
315,,,,
