,A,C,G,T
0,,,,
1,,,,
2,0.567741935483871,0.24516129032258063,0.0,0.1870967741935484
3,0.0,0.18469656992084432,0.7018469656992085,0.11345646437994723
4,0.1044776119402985,0.5373134328358209,0.3582089552238806,0.0
5,0.3716216216216216,0.0,0.25,0.3783783783783784
6,0.0,0.11988304093567251,0.4269005847953216,0.45321637426900585
7,0.2571428571428571,0.0,0.34285714285714286,0.4
8,0.14285714285714285,0.0,0.5067385444743935,0.3504043126684636
9,0.026415094339622643,0.8886792452830189,0.08490566037735849,0.0
10,0.17857142857142858,0.5357142857142857,0.2857142857142857,0.0
11,0.8102893890675241,0.06430868167202572,0.0,0.12540192926045016
12,0.0,0.38212435233160624,0.5505181347150259,0.06735751295336788
13,0.0,0.12479338842975207,0.8148760330578513,0.0603305785123967
14,0.5038363171355499,0.2071611253196931,0.0,0.289002557544757
15,0.2962962962962963,0.43209876543209874,0.0,0.2716049382716049
16,0.0,0.549618320610687,0.31297709923664124,0.13740458015267176
17,0.8701754385964913,0.02456140350877193,0.0,0.10526315789473684
18,0.6405529953917051,0.11981566820276497,0.23963133640552994,0.0
19,0.4,0.0,0.01818181818181818,0.5818181818181818
20,0.2543859649122807,0.5175438596491229,0.22807017543859648,0.0
21,0.3023255813953488,0.16279069767441862,0.0,0.5348837209302325
22,0.2571428571428571,0.35714285714285715,0.0,0.38571428571428573
23,0.16601815823605706,0.5797665369649806,0.25421530479896237,0.0
24,0.4444444444444444,0.0,0.16161616161616163,0.3939393939393939
25,0.19480519480519481,0.0,0.2727272727272727,0.5324675324675324
26,0.3399612027158099,0.3700290979631426,0.29000969932104753,0.0
27,0.0,0.1833729216152019,0.5923990498812352,0.22422802850356294
28,0.14555256064690028,0.0,0.18059299191374664,0.6738544474393531
29,0.6425,0.24625,0.0,0.11125
30,0.05070250458155162,0.0,0.6267562614538791,0.32254123396456935
31,0.3875,0.22916666666666666,0.38333333333333336,0.0
32,0.6206896551724138,0.11494252873563218,0.0,0.26436781609195403
33,0.38509316770186336,0.4767080745341615,0.0,0.13819875776397517
34,0.1206896551724138,0.8189655172413793,0.0603448275862069,0.0
35,0.4819277108433735,0.1982475355969332,0.0,0.3198247535596933
36,0.0,0.3624161073825503,0.6040268456375839,0.03355704697986577
37,0.0,0.1504491017964072,0.7919161676646707,0.05763473053892216
38,0.0,0.04836415362731152,0.6851588430535799,0.26647700331910856
39,0.08771929824561403,0.0,0.49122807017543857,0.42105263157894735
40,0.13807531380753138,0.0,0.6108786610878661,0.2510460251046025
41,0.1576923076923077,0.0,0.4269230769230769,0.4153846153846154
42,0.0,0.05668016194331984,0.6538461538461539,0.2894736842105263
43,0.26498422712933756,0.0,0.6782334384858044,0.056782334384858045
44,0.0,0.21739130434782608,0.45841209829867674,0.32419659735349715
45,0.022708158116063918,0.0,0.95878889823381,0.018502943650126155
46,0.0,0.525,0.3625,0.1125
47,0.22794117647058823,0.5073529411764706,0.0,0.2647058823529412
48,0.0,0.4375,0.275,0.2875
49,0.41517857142857145,0.0,0.46875,0.11607142857142858
50,0.32558139534883723,0.0,0.12790697674418605,0.5465116279069767
51,0.17427385892116182,0.0,0.7095435684647303,0.11618257261410789
52,0.03937007874015748,0.7165354330708661,0.2440944881889764,0.0
53,0.2736842105263158,0.0,0.5263157894736842,0.2
54,0.0,0.38666666666666666,0.36333333333333334,0.25
55,0.15217391304347827,0.0,0.4673913043478261,0.3804347826086957
56,0.6571576763485477,0.14315352697095435,0.0,0.19968879668049794
57,0.08196721311475409,0.0,0.32650273224043713,0.5915300546448088
58,0.4225352112676056,0.4084507042253521,0.16901408450704225,0.0
59,0.2916666666666667,0.30416666666666664,0.0,0.4041666666666667
60,0.0,0.22033898305084745,0.5677966101694916,0.211864406779661
61,0.3247863247863248,0.0,0.3418803418803419,0.3333333333333333
62,0.11428571428571428,0.0,0.42678571428571427,0.4589285714285714
63,0.19230769230769232,0.5,0.3076923076923077,0.0
64,0.29375,0.15625,0.0,0.55
65,0.049586776859504134,0.0,0.013774104683195593,0.9366391184573003
66,0.0,0.0740572467060427,0.3598364379827351,0.5661063153112221
67,0.18676470588235294,0.0,0.6465686274509804,0.16666666666666666
68,0.1810966810966811,0.0,0.4163059163059163,0.4025974025974026
69,0.09687123947051744,0.35679903730445245,0.54632972322503,0.0
70,0.28482328482328484,0.19334719334719336,0.5218295218295218,0.0
71,0.0960820895522388,0.0,0.34794776119402987,0.5559701492537313
72,0.2009132420091324,0.589041095890411,0.2100456621004566,0.0
73,0.5042735042735043,0.0,0.18803418803418803,0.3076923076923077
74,0.1969465648854962,0.35572519083969467,0.44732824427480916,0.0
75,0.2821576763485477,0.25311203319502074,0.0,0.46473029045643155
76,0.3280757097791798,0.24605678233438485,0.0,0.42586750788643535
77,0.631287905815198,0.2884409561184445,0.0,0.08027113806635748
78,0.3422222222222222,0.2414814814814815,0.4162962962962963,0.0
79,0.3020408163265306,0.5836734693877551,0.11428571428571428,0.0
80,0.030612244897959183,0.0,0.24489795918367346,0.7244897959183674
81,0.16862745098039217,0.4176470588235294,0.4137254901960784,0.0
82,0.24770642201834864,0.0,0.1651376146788991,0.5871559633027523
83,0.0,0.39737654320987653,0.3279320987654321,0.27469135802469136
84,0.22352315061202768,0.0,0.30228845130388504,0.4741883980840873
85,0.0903954802259887,0.7598870056497176,0.1497175141242938,0.0
86,0.140625,0.0,0.4330357142857143,0.4263392857142857
87,0.0,0.18535735037768739,0.5758280069726903,0.23881464264962232
88,0.30450177035913,0.6599645928174,0.0,0.035533636823469904
89,0.163569746139754,0.0,0.18345982727034807,0.6529704265898979
90,0.0,0.12161632012553943,0.3970184386033739,0.4813652412710867
91,0.24177949709864605,0.0,0.6223404255319149,0.13588007736943908
92,0.23883237505528526,0.5267580716497126,0.2344095532950022,0.0
93,0.0,0.4555468135326515,0.43843430369787567,0.10601888276947286
94,0.45129036616673424,0.4500743142818538,0.0,0.09863531955141197
95,0.31780055917986955,0.4063373718546132,0.27586206896551724,0.0
96,0.6069364161849711,0.2171758876961189,0.0,0.17588769611891
97,0.4024335286164939,0.533573681838666,0.0,0.06399278954484001
98,0.0,0.4605532786885246,0.36116803278688525,0.17827868852459017
99,0.5537432036804685,0.2956921790046006,0.0,0.15056461731493098
100,0.6480117820324006,0.23858615611192932,0.1134020618556701,0.0
101,0.4433164128595601,0.2876480541455161,0.0,0.26903553299492383
102,0.706821480406386,0.16545718432510886,0.0,0.12772133526850507
103,0.05111524163568773,0.9120198265179678,0.0,0.036864931846344484
104,0.3534798534798535,0.49633699633699635,0.15018315018315018,0.0
105,0.29318181818181815,0.34545454545454546,0.0,0.3613636363636364
106,0.039603960396039604,0.7128712871287128,0.24752475247524752,0.0
107,0.36627906976744184,0.26356589147286824,0.0,0.3701550387596899
108,0.6681922196796338,0.14645308924485126,0.0,0.1853546910755149
109,0.07124681933842239,0.8861323155216285,0.0,0.04262086513994911
110,0.1288981288981289,0.0,0.38461538461538464,0.4864864864864865
111,0.11904761904761904,0.35714285714285715,0.5238095238095238,0.0
112,0.1111111111111111,0.10256410256410256,0.0,0.7863247863247863
113,0.0821917808219178,0.6164383561643836,0.0,0.3013698630136986
114,0.0,0.18958031837916064,0.5938253738543174,0.21659430776652194
115,0.1986754966887417,0.5364238410596026,0.26490066225165565,0.0
116,0.1588089330024814,0.0,0.08064516129032258,0.760545905707196
117,0.3157894736842105,0.0,0.3157894736842105,0.3684210526315789
118,0.3246753246753247,0.09090909090909091,0.0,0.5844155844155844
119,0.1069182389937107,0.6190476190476191,0.27403414195867026,0.0
120,0.8053691275167785,0.0,0.06040268456375839,0.1342281879194631
121,0.0,0.2756756756756757,0.4864864864864865,0.23783783783783785
122,0.7349726775956285,0.1830601092896175,0.0,0.08196721311475409
123,0.3024630541871921,0.0,0.28620689655172415,0.41133004926108374
124,0.2413793103448276,0.0,0.2896551724137931,0.4689655172413793
125,0.29545454545454547,0.0,0.2409090909090909,0.4636363636363636
126,0.17073170731707318,0.0,0.0975609756097561,0.7317073170731707
127,0.7948717948717948,0.0,0.07692307692307693,0.1282051282051282
128,0.0,0.7239709443099274,0.15012106537530268,0.12590799031476999
129,0.7142857142857143,0.18272425249169436,0.0,0.10299003322259136
130,0.6370023419203747,0.30210772833723654,0.0,0.06088992974238876
131,0.0,0.2656943563728599,0.6772352568167407,0.05707038681039949
132,0.0,0.3609794628751975,0.6350710900473934,0.0039494470774091624
133,0.0,0.17352185089974292,0.7789203084832905,0.04755784061696658
134,0.6748768472906403,0.1477832512315271,0.0,0.17733990147783252
135,0.4248985115020298,0.37483085250338294,0.0,0.20027063599458728
136,0.1576923076923077,0.0,0.6923076923076923,0.15
137,0.5882352941176471,0.0,0.15294117647058825,0.25882352941176473
138,0.35344827586206895,0.0,0.3017241379310345,0.3448275862068966
139,0.005994005994005994,0.9790209790209791,0.014985014985014986,0.0
140,0.6802788844621513,0.15737051792828685,0.0,0.16235059760956175
141,0.056666666666666664,0.84,0.0,0.10333333333333333
142,0.0,0.5321100917431193,0.27522935779816515,0.1926605504587156
143,0.9069767441860465,0.0652297220646625,0.0,0.027793533749290982
144,0.0625,0.140625,0.796875,0.0
145,0.18617021276595744,0.22340425531914893,0.0,0.5904255319148937
146,0.04645161290322581,0.6632258064516129,0.0,0.2903225806451613
147,0.18958333333333333,0.0,0.7458333333333333,0.06458333333333334
148,0.0967741935483871,0.3709677419354839,0.532258064516129,0.0
149,0.26405451448040884,0.510221465076661,0.22572402044293016,0.0
150,0.5732860520094563,0.014184397163120567,0.0,0.41252955082742315
151,0.023634453781512604,0.0,0.8965336134453782,0.07983193277310924
152,0.0,0.2107947301317467,0.35061623459413516,0.43858903527411813
153,0.4511407662505381,0.0,0.38312526904864397,0.16573396470081792
154,0.4299835255354201,0.4415156507413509,0.128500823723229,0.0
155,0.1001150747986191,0.0,0.5558112773302647,0.3440736478711162
156,0.0,0.2234192037470726,0.6936768149882904,0.08290398126463701
157,0.16666666666666666,0.6484375,0.18489583333333334,0.0
158,0.19059107358262967,0.6357056694813028,0.17370325693606756,0.0
159,0.08604206500956023,0.7017208413001912,0.21223709369024857,0.0
160,0.0,0.16892207186187588,0.03826411572561829,0.7928138124125058
161,0.0363382250174703,0.9259259259259259,0.03773584905660377,0.0
162,0.15851602023608768,0.06239460370994941,0.7790893760539629,0.0
163,0.45251396648044695,0.3770949720670391,0.0,0.17039106145251395
164,0.247557003257329,0.4788273615635179,0.0,0.2736156351791531
165,1.0,0.0,0.0,0.0
166,0.0,0.3474178403755869,0.5868544600938967,0.06572769953051644
167,0.07776261937244201,0.8240109140518418,0.09822646657571624,0.0
168,0.8250688705234159,0.03305785123966942,0.0,0.1418732782369146
169,0.0,0.1069620253164557,0.879746835443038,0.013291139240506329
170,0.3122112211221122,0.5828382838283829,0.10495049504950495,0.0
171,0.5085675119945168,0.25017135023989034,0.0,0.24126113776559288
172,0.0,0.5037531276063386,0.2493744787322769,0.2468723936613845
173,0.3265617064499746,0.4134078212290503,0.2600304723209751,0.0
174,0.0,0.336455893832943,0.6174863387978142,0.04605776736924278
175,0.0,0.36242535599448783,0.468994028479559,0.16858061552595316
176,0.5986121256391527,0.2947406866325785,0.0,0.10664718772826881
177,0.3956546598056032,0.0,0.21612349914236706,0.3882218410520297
178,0.648191823899371,0.07861635220125786,0.0,0.2731918238993711
179,0.1433048433048433,0.0,0.2584045584045584,0.5982905982905983
180,0.259946949602122,0.6445623342175066,0.09549071618037135,0.0
181,0.0,0.10734463276836158,0.07250470809792843,0.82015065913371
182,0.06286127167630058,0.0,0.013728323699421965,0.9234104046242775
183,0.0,0.6889763779527559,0.0,0.3110236220472441
184,0.7647420147420148,0.17291154791154792,0.0,0.06234643734643735
185,0.08085392502941671,0.0,0.17229786518742646,0.7468482097831568
186,0.2852263023057216,0.0,0.27327070879590093,0.44150298889837747
187,0.6449864498644986,0.0,0.2140921409214092,0.14092140921409213
188,0.0,0.2945990180032733,0.4439443535188216,0.2614566284779051
189,0.23835125448028674,0.16308243727598568,0.5985663082437276,0.0
190,0.39920424403183025,0.0,0.13395225464190982,0.46684350132625996
191,0.19123020706455543,0.30450669914738127,0.5042630937880633,0.0
192,0.15130023640661938,0.0,0.27423167848699764,0.574468085106383
193,0.34962406015037595,0.18045112781954886,0.4699248120300752,0.0
194,0.45054945054945056,0.3120879120879121,0.0,0.23736263736263735
195,0.0,0.3677685950413223,0.6167355371900827,0.015495867768595042
196,0.0,0.055281882868089764,0.8579638752052545,0.08675424192665572
197,0.480219111381619,0.3944004869141814,0.0,0.12538040170419965
198,0.0,0.1762799740764744,0.7103046014257939,0.11341542449773169
199,0.5850047755491882,0.40305635148042024,0.0,0.011938872970391595
200,0.15200330441966128,0.0,0.19785212722015696,0.6501445683601818
201,0.0,0.8768472906403941,0.09852216748768473,0.024630541871921183
202,0.5850144092219021,0.12103746397694524,0.0,0.29394812680115273
203,0.94324280370792,0.040494389331598636,0.0,0.01626280696048138
204,0.28807339449541286,0.0,0.6269113149847095,0.08501529051987768
205,0.1649746192893401,0.3629441624365482,0.4720812182741117,0.0
206,0.42111801242236024,0.0,0.2782608695652174,0.30062111801242236
207,0.0,0.05354659248956885,0.46801112656467314,0.47844228094575797
208,0.22024188415022278,0.0,0.5327816677275621,0.24697644812221514
209,0.2041343669250646,0.0,0.33204134366925064,0.46382428940568476
210,0.0,0.23374415639609009,0.7148321291967701,0.051423714407139824
211,0.17933130699088146,0.26443768996960487,0.5562310030395137,0.0
212,0.38294993234100133,0.0,0.11907983761840325,0.4979702300405954
213,0.0,0.0658578856152513,0.6377816291161178,0.29636048526863085
214,0.37285491419656785,0.0,0.35101404056162244,0.27613104524180965
215,0.15166548547129696,0.0,0.44011339475549255,0.40822111977321046
216,0.0,0.4704,0.432,0.0976
217,0.0,0.11906816220880069,0.8140638481449526,0.06686798964624677
218,0.6780487804878049,0.15853658536585366,0.0,0.16341463414634147
219,0.3854748603351955,0.19553072625698323,0.0,0.41899441340782123
220,0.0,0.40041928721174,0.42557651991614254,0.1740041928721174
221,0.5452196382428941,0.0,0.15762273901808785,0.2971576227390181
222,0.0,0.2975528364849833,0.42157953281423804,0.28086763070077864
223,0.3121597096188748,0.0,0.20054446460980035,0.48729582577132485
224,0.15813168261114238,0.0,0.3674732695554305,0.4743950478334271
225,0.17258464079273328,0.39719240297274977,0.43022295623451695,0.0
226,0.41899441340782123,0.0,0.16573556797020483,0.41527001862197394
227,0.32769044740024184,0.0,0.2478839177750907,0.4244256348246675
228,0.0,0.22770398481973433,0.681214421252372,0.09108159392789374
229,0.0,0.16646464646464645,0.8024242424242424,0.03111111111111111
230,0.0,0.156786941580756,0.720360824742268,0.12285223367697594
231,0.0,0.20539254559873116,0.7446471054718478,0.0499603489294211
232,0.0,0.21872713972201902,0.7249451353328457,0.056327724945135334
233,0.06592987804878049,0.0,0.19092987804878048,0.743140243902439
234,0.19258202567760344,0.0,0.738944365192582,0.06847360912981455
235,0.0,0.1331923890063425,0.5687103594080338,0.29809725158562367
236,0.657314629258517,0.24248496993987975,0.0,0.10020040080160321
237,0.3170731707317073,0.3463414634146341,0.0,0.33658536585365856
238,0.13658536585365855,0.5073170731707317,0.35609756097560974,0.0
239,0.4275109170305677,0.20786026200873362,0.0,0.3646288209606987
240,0.500615763546798,0.21182266009852216,0.0,0.2875615763546798
241,0.09671532846715329,0.6332116788321168,0.27007299270072993,0.0
242,0.3900862068965517,0.0,0.21982758620689655,0.3900862068965517
243,0.2196969696969697,0.0,0.08901515151515152,0.6912878787878788
244,0.16666666666666666,0.12626262626262627,0.7070707070707071,0.0
245,0.308535447761194,0.36263992537313433,0.32882462686567165,0.0
246,0.0,0.0921595598349381,0.4140302613480055,0.4938101788170564
247,0.2558139534883721,0.0,0.37254901960784315,0.37163702690378475
248,0.0,0.3218928757150286,0.5657826313052522,0.11232449297971919
249,0.0,0.43444730077120824,0.3287632105112825,0.2367894887175093
250,0.24102564102564103,0.19487179487179487,0.5641025641025641,0.0
251,0.15128593040847202,0.2344931921331316,0.0,0.6142208774583964
252,0.0,0.08170914542728636,0.760119940029985,0.15817091454272864
253,0.20790816326530612,0.0,0.4145408163265306,0.37755102040816324
254,0.1965909090909091,0.0,0.4420454545454545,0.3613636363636364
255,0.0,0.10564159292035398,0.7765486725663717,0.11780973451327434
256,0.0,0.4575098814229249,0.49308300395256915,0.04940711462450593
257,0.1348238482384824,0.0,0.1524390243902439,0.7127371273712737
258,0.0,0.06970580439968195,0.7460906440498277,0.1842035515504903
259,0.08727272727272728,0.5418181818181819,0.3709090909090909,0.0
260,0.41811175337186895,0.2138728323699422,0.0,0.36801541425818884
261,0.48148148148148145,0.28703703703703703,0.0,0.23148148148148148
262,0.0,0.35607008760951186,0.6182728410513142,0.025657071339173967
263,0.21034180543382996,0.0,0.32340052585451357,0.4662576687116564
264,0.23619271445358403,0.0,0.408930669800235,0.35487661574618096
265,0.40765765765765766,0.0,0.24324324324324326,0.3490990990990991
266,0.27616926503340755,0.41202672605790647,0.311804008908686,0.0
267,0.4532119372787051,0.2994436014162873,0.0,0.2473444613050076
268,0.22581792318634425,0.653271692745377,0.12091038406827881,0.0
269,0.472289156626506,0.3224899598393574,0.0,0.20522088353413653
270,0.2706766917293233,0.3082706766917293,0.0,0.42105263157894735
271,0.0,0.3541666666666667,0.4375,0.20833333333333334
272,0.32917705735660846,0.0,0.13216957605985039,0.5386533665835411
273,0.0,0.05555555555555555,0.29411764705882354,0.6503267973856209
274,0.3915343915343915,0.0,0.37037037037037035,0.23809523809523808
275,0.0,0.25034965034965034,0.5335664335664335,0.21608391608391608
276,0.26785714285714285,0.07142857142857142,0.0,0.6607142857142857
277,0.013803302933201873,0.0,0.9751047572097609,0.01109193985703722
278,0.5506912442396313,0.0,0.24193548387096775,0.2073732718894009
279,0.0,0.17647058823529413,0.43790849673202614,0.38562091503267976
280,0.3181818181818182,0.0,0.32575757575757575,0.3560606060606061
281,0.0,0.5,0.158599827139153,0.341400172860847
282,0.07407407407407407,0.15555555555555556,0.7703703703703704,0.0
283,0.0,0.1328125,0.234375,0.6328125
284,0.00681044267877412,0.923950056753689,0.06923950056753689,0.0
285,0.04861111111111111,0.5381944444444444,0.4131944444444444,0.0
286,0.0,0.04099119962945808,0.02524316813339509,0.9337656322371468
287,0.014727540500736377,0.0,0.03865979381443299,0.9466126656848306
288,0.14335060449050085,0.17271157167530224,0.6839378238341969,0.0
289,0.2646239554317549,0.16434540389972144,0.0,0.5710306406685237
290,0.0008257638315441783,0.7679603633360859,0.23121387283236994,0.0
291,0.44514959202175886,0.043517679057116954,0.0,0.5113327289211242
292,0.1386509635974304,0.0,0.17987152034261242,0.6814775160599572
293,0.0,0.3128329297820823,0.45036319612590797,0.23680387409200968
294,0.2901353965183752,0.0,0.09477756286266925,0.6150870406189555
295,0.0,0.13756281407035176,0.7267587939698492,0.135678391959799
296,0.2571428571428571,0.0,0.362406015037594,0.3804511278195489
297,0.0,0.5911214953271028,0.397196261682243,0.011682242990654205
298,0.5292096219931272,0.16494845360824742,0.0,0.30584192439862545
299,0.0,0.32983193277310924,0.19117647058823528,0.4789915966386555
300,0.4050632911392405,0.0,0.36075949367088606,0.23417721518987342
301,0.2682926829268293,0.43414634146341463,0.0,0.2975609756097561
302,0.5048543689320388,0.2912621359223301,0.20388349514563106,0.0
303,0.14754098360655737,0.0,0.639344262295082,0.21311475409836064
304,0.2777777777777778,0.3888888888888889,0.3333333333333333,0.0
305,0.17857142857142858,0.6428571428571429,0.0,0.17857142857142858
306,0.23809523809523808,0.14285714285714285,0.6190476190476191,0.0
307,0.4444444444444444,0.1111111111111111,0.0,0.4444444444444444
308,0.07692307692307693,0.07692307692307693,0.8461538461538461,0.0
309,0.8,0.13333333333333333,0.0,0.06666666666666667
310,0.09090909090909091,0.0,0.9090909090909091,0.0
311,0.0,0.0,1.0,0.0
312,,,,
313,,,,
314,,,,
315,0.0,0.0,1.0,0.0
316,0.0,0.0,0.0,1.0
317,,,,
318,,,,
319,,,,
320,,,,
