,A,C,G,T
0,,,,
1,,,,
2,1.0,0.0,0.0,0.0
3,0.01483679525222552,0.9332344213649851,0.0,0.05192878338278932
4,0.3333333333333333,0.6666666666666666,0.0,0.0
5,0.13333333333333333,0.26666666666666666,0.0,0.6
6,0.09090909090909091,0.0,0.7272727272727273,0.18181818181818182
7,0.0,0.11764705882352941,0.35294117647058826,0.5294117647058824
8,0.10601719197707736,0.8481375358166189,0.0,0.045845272206303724
9,0.05714285714285714,0.0,0.05714285714285714,0.8857142857142857
10,,,,
11,0.8919753086419753,0.04938271604938271,0.0,0.05864197530864197
12,0.045454545454545456,0.0,0.045454545454545456,0.9090909090909091
13,0.0,0.0,0.8,0.2
14,0.38461538461538464,0.5641025641025641,0.0,0.05128205128205128
15,0.0,0.8181818181818182,0.0,0.18181818181818182
16,0.0,0.3888888888888889,0.2777777777777778,0.3333333333333333
17,0.5,0.5,0.0,0.0
18,0.25,0.5,0.25,0.0
19,0.0,0.0,1.0,0.0
20,0.5,0.0,0.0,0.5
21,0.0,0.3333333333333333,0.0,0.6666666666666666
22,0.0,0.3333333333333333,0.0,0.6666666666666666
23,0.0,0.0,0.8181818181818182,0.18181818181818182
24,0.3,0.0,0.6,0.1
25,0.6666666666666666,0.0,0.0,0.3333333333333333
26,0.0,0.46153846153846156,0.46153846153846156,0.07692307692307693
27,0.7777777777777778,0.1111111111111111,0.0,0.1111111111111111
28,0.75,0.25,0.0,0.0
29,0.0,0.2619047619047619,0.14285714285714285,0.5952380952380952
30,0.5714285714285714,0.0,0.2857142857142857,0.14285714285714285
31,0.9923664122137404,0.007633587786259542,0.0,0.0
32,0.25,0.5,0.0,0.25
33,0.5909090909090909,0.09090909090909091,0.0,0.3181818181818182
34,0.0,0.5454545454545454,0.45454545454545453,0.0
35,0.2,0.2,0.0,0.6
36,0.0,0.4666666666666667,0.4666666666666667,0.06666666666666667
37,0.0,0.09090909090909091,0.8863636363636364,0.022727272727272728
38,0.6666666666666666,0.16666666666666666,0.0,0.16666666666666666
39,0.05084745762711865,0.0,0.8305084745762712,0.11864406779661017
40,,,,
41,0.06521739130434782,0.8478260869565217,0.08695652173913043,0.0
42,0.2,0.8,0.0,0.0
43,0.0,0.0,1.0,0.0
44,0.14285714285714285,0.6,0.0,0.2571428571428571
45,0.14285714285714285,0.42857142857142855,0.0,0.42857142857142855
46,0.0,0.36363636363636365,0.5454545454545454,0.09090909090909091
47,0.3,0.2,0.0,0.5
48,0.0,0.8333333333333334,0.16666666666666666,0.0
49,0.16666666666666666,0.0,0.8333333333333334,0.0
50,0.4,0.0,0.4,0.2
51,0.42105263157894735,0.0,0.5263157894736842,0.05263157894736842
52,1.0,0.0,0.0,0.0
53,0.25,0.125,0.0,0.625
54,0.7333333333333333,0.13333333333333333,0.13333333333333333,0.0
55,0.42857142857142855,0.0,0.2857142857142857,0.2857142857142857
56,0.42105263157894735,0.0,0.10526315789473684,0.47368421052631576
57,0.14285714285714285,0.0,0.8571428571428571,0.0
58,0.0,0.75,0.25,0.0
59,0.25,0.0,0.75,0.0
60,0.0,0.5,0.5,0.0
61,0.02018348623853211,0.0,0.012844036697247707,0.9669724770642202
62,0.024179620034542316,0.0,0.03281519861830743,0.9430051813471503
63,,,,
64,0.0,0.0,0.0,1.0
65,0.09090909090909091,0.0,0.0,0.9090909090909091
66,0.0,0.12162162162162163,0.6351351351351351,0.24324324324324326
67,0.29213483146067415,0.0,0.5393258426966292,0.16853932584269662
68,0.8095238095238095,0.09523809523809523,0.09523809523809523,0.0
69,0.3,0.575,0.0,0.125
70,0.0,1.0,0.0,0.0
71,0.6470588235294118,0.0,0.1568627450980392,0.19607843137254902
72,0.23529411764705882,0.5882352941176471,0.17647058823529413,0.0
73,0.6666666666666666,0.0,0.16666666666666666,0.16666666666666666
74,0.5285714285714286,0.44285714285714284,0.02857142857142857,0.0
75,0.5,0.23076923076923078,0.0,0.2692307692307692
76,0.48148148148148145,0.3333333333333333,0.0,0.18518518518518517
77,0.006666666666666667,0.99,0.0033333333333333335,0.0
78,0.5454545454545454,0.045454545454545456,0.0,0.4090909090909091
79,0.6239316239316239,0.29914529914529914,0.0,0.07692307692307693
80,0.375,0.0,0.4583333333333333,0.16666666666666666
81,0.08108108108108109,0.7027027027027027,0.21621621621621623,0.0
82,0.08333333333333333,0.0,0.08333333333333333,0.8333333333333334
83,0.14285714285714285,0.0,0.23809523809523808,0.6190476190476191
84,0.0,0.3411764705882353,0.35294117647058826,0.3058823529411765
85,0.07142857142857142,0.5,0.42857142857142855,0.0
86,0.37662337662337664,0.0,0.3246753246753247,0.2987012987012987
87,0.0,0.42857142857142855,0.42857142857142855,0.14285714285714285
88,0.46601941747572817,0.4563106796116505,0.0,0.07766990291262135
89,0.03106508875739645,0.9556213017751479,0.013313609467455622,0.0
90,0.0,0.3300970873786408,0.6310679611650486,0.038834951456310676
91,0.7147058823529412,0.27647058823529413,0.0,0.008823529411764706
92,0.5333333333333333,0.36666666666666664,0.1,0.0
93,0.8568904593639576,0.08657243816254417,0.05653710247349823,0.0
94,0.0,0.10479573712255773,0.866785079928952,0.028419182948490232
95,0.057803468208092484,0.0,0.37572254335260113,0.5664739884393064
96,0.35294117647058826,0.4411764705882353,0.20588235294117646,0.0
97,0.0,0.26506024096385544,0.1566265060240964,0.5783132530120482
98,0.06428571428571428,0.0,0.04285714285714286,0.8928571428571429
99,0.14285714285714285,0.7142857142857143,0.14285714285714285,0.0
100,0.940983606557377,0.021311475409836064,0.0,0.03770491803278689
101,0.0064,0.9504,0.0,0.0432
102,0.0,0.038028169014084505,0.14366197183098592,0.8183098591549296
103,0.5511811023622047,0.30708661417322836,0.0,0.14173228346456693
104,0.12048192771084337,0.0,0.10843373493975904,0.7710843373493976
105,0.016822429906542057,0.013084112149532711,0.9700934579439252,0.0
106,0.0,0.125,0.0,0.875
107,0.0,0.9587628865979382,0.0,0.041237113402061855
108,0.0,0.827217125382263,0.16819571865443425,0.0045871559633027525
109,0.15702479338842976,0.05785123966942149,0.7851239669421488,0.0
110,0.0018248175182481751,0.0,0.9726277372262774,0.025547445255474453
111,0.025157232704402517,0.0,0.8270440251572327,0.14779874213836477
112,0.9296028880866426,0.021660649819494584,0.0,0.048736462093862815
113,0.023323615160349854,0.17201166180758018,0.0,0.8046647230320699
114,0.09523809523809523,0.0,0.7619047619047619,0.14285714285714285
115,0.0,0.9566787003610109,0.02527075812274368,0.018050541516245487
116,0.027522935779816515,0.09174311926605505,0.0,0.8807339449541285
117,0.1038961038961039,0.0,0.12987012987012986,0.7662337662337663
118,0.625,0.0,0.25,0.125
119,0.033707865168539325,0.8876404494382022,0.0,0.07865168539325842
120,0.4,0.0,0.26666666666666666,0.3333333333333333
121,0.5555555555555556,0.0,0.0,0.4444444444444444
122,0.7887931034482759,0.2025862068965517,0.0,0.008620689655172414
123,0.036036036036036036,0.8738738738738738,0.0,0.09009009009009009
124,0.0015552099533437014,0.9922239502332815,0.0,0.006220839813374806
125,0.009244992295839754,0.9861325115562404,0.0,0.004622496147919877
126,0.0,0.9635258358662614,0.031914893617021274,0.004559270516717325
127,0.0,0.29577464788732394,0.6056338028169014,0.09859154929577464
128,0.7058823529411765,0.11764705882352941,0.0,0.17647058823529413
129,0.18518518518518517,0.7777777777777778,0.0,0.037037037037037035
130,0.39655172413793105,0.5517241379310345,0.0,0.05172413793103448
131,0.0,0.09701492537313433,0.8582089552238806,0.04477611940298507
132,0.9735202492211839,0.0,0.02336448598130841,0.003115264797507788
133,0.010736196319018405,0.018404907975460124,0.9708588957055214,0.0
134,0.7894736842105263,0.15789473684210525,0.0,0.05263157894736842
135,0.034482758620689655,0.9310344827586207,0.0,0.034482758620689655
136,0.0,0.01867572156196944,0.831918505942275,0.1494057724957555
137,0.04783258594917788,0.9491778774289985,0.0,0.0029895366218236174
138,0.0,1.0,0.0,0.0
139,0.3333333333333333,0.3333333333333333,0.0,0.3333333333333333
140,0.058823529411764705,0.7647058823529411,0.0,0.17647058823529413
141,0.0,0.14705882352941177,0.8529411764705882,0.0
142,0.026687598116169546,0.004709576138147566,0.9686028257456829,0.0
143,0.08333333333333333,0.5,0.4166666666666667,0.0
144,1.0,0.0,0.0,0.0
145,0.21428571428571427,0.6428571428571429,0.0,0.14285714285714285
146,0.1388888888888889,0.16666666666666666,0.0,0.6944444444444444
147,0.3163716814159292,0.0,0.4889380530973451,0.19469026548672566
148,0.3,0.32857142857142857,0.0,0.37142857142857144
149,0.013677811550151976,0.7036474164133738,0.2826747720364742,0.0
150,0.0,0.1286549707602339,0.7309941520467836,0.14035087719298245
151,0.5147679324894515,0.27848101265822783,0.20675105485232068,0.0
152,0.3397129186602871,0.0,0.3875598086124402,0.2727272727272727
153,0.5076923076923077,0.4153846153846154,0.07692307692307693,0.0
154,0.0,0.18181818181818182,0.11616161616161616,0.702020202020202
155,0.04878048780487805,0.7682926829268293,0.18292682926829268,0.0
156,0.3717948717948718,0.46153846153846156,0.16666666666666666,0.0
157,0.0,0.38372093023255816,0.1511627906976744,0.46511627906976744
158,0.030303030303030304,0.9090909090909091,0.06060606060606061,0.0
159,0.0,0.04647160068846816,0.06884681583476764,0.8846815834767642
160,0.8402555910543131,0.12460063897763578,0.0,0.03514376996805112
161,0.3125,0.6375,0.05,0.0
162,0.9416342412451362,0.027237354085603113,0.0,0.0311284046692607
163,0.7603092783505154,0.19072164948453607,0.0,0.04896907216494845
164,0.02768166089965398,0.8252595155709342,0.0,0.14705882352941177
165,0.0,0.5263157894736842,0.42105263157894735,0.05263157894736842
166,0.11232449297971919,0.8642745709828393,0.0,0.0234009360374415
167,0.20454545454545456,0.0,0.09848484848484848,0.696969696969697
168,0.0,0.04843304843304843,0.8717948717948718,0.07977207977207977
169,0.3829787234042553,0.0,0.19148936170212766,0.425531914893617
170,0.13636363636363635,0.0,0.5,0.36363636363636365
171,0.4878048780487805,0.2682926829268293,0.24390243902439024,0.0
172,0.0,0.36,0.37333333333333335,0.26666666666666666
173,0.07758620689655173,0.0,0.22413793103448276,0.6982758620689655
174,0.15151515151515152,0.5151515151515151,0.3333333333333333,0.0
175,0.0,0.5217391304347826,0.08695652173913043,0.391304347826087
176,0.09523809523809523,0.0,0.11904761904761904,0.7857142857142857
177,0.0,0.8571428571428571,0.10204081632653061,0.04081632653061224
178,0.0,0.6153846153846154,0.37362637362637363,0.01098901098901099
179,0.035398230088495575,0.0,0.21238938053097345,0.7522123893805309
180,0.25,0.0,0.125,0.625
181,0.6153846153846154,0.0,0.15384615384615385,0.23076923076923078
182,0.125,0.7083333333333334,0.0,0.16666666666666666
183,0.03333333333333333,0.1,0.8666666666666667,0.0
184,0.8333333333333334,0.0,0.0,0.16666666666666666
185,0.3888888888888889,0.0,0.16666666666666666,0.4444444444444444
186,0.2,0.0,0.2,0.6
187,0.058823529411764705,0.11764705882352941,0.8235294117647058,0.0
188,0.010968921389396709,0.0,0.9579524680073126,0.031078610603290677
189,0.0,0.27472527472527475,0.7142857142857143,0.01098901098901099
190,0.0,0.08518518518518518,0.9037037037037037,0.011111111111111112
191,0.23076923076923078,0.6153846153846154,0.0,0.15384615384615385
192,0.0,0.2,0.74,0.06
193,0.6428571428571429,0.25,0.0,0.10714285714285714
194,0.14285714285714285,0.6071428571428571,0.25,0.0
195,0.2222222222222222,0.0,0.2222222222222222,0.5555555555555556
196,0.3333333333333333,0.3333333333333333,0.0,0.3333333333333333
197,0.0,0.45454545454545453,0.4318181818181818,0.11363636363636363
198,0.15384615384615385,0.8076923076923077,0.0,0.038461538461538464
199,0.047619047619047616,0.47619047619047616,0.47619047619047616,0.0
200,0.6818181818181818,0.0,0.18181818181818182,0.13636363636363635
201,0.0,0.13559322033898305,0.4915254237288136,0.3728813559322034
202,0.1935483870967742,0.0,0.3548387096774194,0.45161290322580644
203,0.3125,0.0,0.25,0.4375
204,0.0,0.603448275862069,0.22413793103448276,0.1724137931034483
205,0.16666666666666666,0.25,0.5833333333333334,0.0
206,0.0,0.0488997555012225,0.7555012224938875,0.19559902200489
207,0.38461538461538464,0.3076923076923077,0.3076923076923077,0.0
208,0.20634920634920634,0.0,0.015873015873015872,0.7777777777777778
209,0.5714285714285714,0.0,0.12244897959183673,0.30612244897959184
210,0.9511343804537522,0.038394415357766144,0.0,0.010471204188481676
211,0.23214285714285715,0.6607142857142857,0.10714285714285714,0.0
212,0.0,0.18248175182481752,0.7518248175182481,0.06569343065693431
213,0.0,0.75,0.0,0.25
214,0.0,1.0,0.0,0.0
215,0.6666666666666666,0.0,0.08333333333333333,0.25
216,0.0,0.14414414414414414,0.17117117117117117,0.6846846846846847
217,0.15151515151515152,0.0,0.36363636363636365,0.48484848484848486
218,0.16279069767441862,0.7209302325581395,0.0,0.11627906976744186
219,0.09090909090909091,0.45454545454545453,0.45454545454545453,0.0
220,0.8,0.0,0.2,0.0
221,0.10204081632653061,0.0,0.7346938775510204,0.16326530612244897
222,0.0,0.4782608695652174,0.5217391304347826,0.0
223,0.0,0.225,0.75,0.025
224,0.4444444444444444,0.4166666666666667,0.0,0.1388888888888889
225,0.0,0.42857142857142855,0.42857142857142855,0.14285714285714285
226,0.0,0.1794871794871795,0.46153846153846156,0.358974358974359
227,0.06397306397306397,0.0,0.7912457912457912,0.1447811447811448
228,0.9642105263157895,0.0,0.031578947368421054,0.004210526315789474
229,0.0,0.9666666666666667,0.00980392156862745,0.023529411764705882
230,0.08241758241758242,0.8992673992673993,0.0,0.018315018315018316
231,0.08695652173913043,0.5217391304347826,0.391304347826087,0.0
232,0.125,0.375,0.5,0.0
233,0.0196078431372549,0.0,0.5882352941176471,0.39215686274509803
234,0.2,0.3,0.5,0.0
235,0.4,0.0,0.02857142857142857,0.5714285714285714
236,0.08333333333333333,0.0,0.1111111111111111,0.8055555555555556
237,0.09523809523809523,0.0,0.38095238095238093,0.5238095238095238
238,0.0,0.25,0.75,0.0
239,0.5454545454545454,0.15151515151515152,0.0,0.30303030303030304
240,0.0,0.3225806451612903,0.6129032258064516,0.06451612903225806
241,0.0,0.28378378378378377,0.6283783783783784,0.08783783783783784
242,0.3787878787878788,0.4166666666666667,0.0,0.20454545454545456
243,0.021848739495798318,0.0,0.05042016806722689,0.9277310924369748
244,0.07142857142857142,0.0,0.9285714285714286,0.0
245,0.3333333333333333,0.4166666666666667,0.0,0.25
246,0.0,0.15,0.65,0.2
247,0.17579250720461095,0.7953890489913544,0.0,0.02881844380403458
248,0.008143322475570033,0.0,0.9169381107491856,0.0749185667752443
249,0.5,0.09523809523809523,0.40476190476190477,0.0
250,0.10526315789473684,0.0,0.5789473684210527,0.3157894736842105
251,0.17391304347826086,0.34782608695652173,0.4782608695652174,0.0
252,0.14893617021276595,0.6808510638297872,0.0,0.1702127659574468
253,0.0625,0.5625,0.375,0.0
254,0.10714285714285714,0.07142857142857142,0.0,0.8214285714285714
255,0.0,0.07894736842105263,0.3684210526315789,0.5526315789473685
256,0.025,0.0,0.325,0.65
257,0.6956521739130435,0.0,0.17391304347826086,0.13043478260869565
258,0.2727272727272727,0.7272727272727273,0.0,0.0
259,0.4444444444444444,0.0,0.2222222222222222,0.3333333333333333
260,0.15384615384615385,0.0,0.6153846153846154,0.23076923076923078
261,0.7741935483870968,0.06451612903225806,0.0,0.16129032258064516
262,0.8333333333333334,0.0,0.08333333333333333,0.08333333333333333
263,0.0,0.0967741935483871,0.8064516129032258,0.0967741935483871
264,,,,
265,0.0,0.5,0.5,0.0
266,0.3181818181818182,0.0,0.0,0.6818181818181818
267,0.0,0.0,0.5833333333333334,0.4166666666666667
268,0.125,0.0,0.6875,0.1875
269,0.6666666666666666,0.25,0.0,0.08333333333333333
270,0.02608695652173913,0.008695652173913044,0.0,0.9652173913043478
271,0.0,0.0,1.0,0.0
272,0.08771929824561403,0.8245614035087719,0.08771929824561403,0.0
273,0.7663551401869159,0.17757009345794392,0.0,0.056074766355140186
274,0.07142857142857142,0.5,0.42857142857142855,0.0
275,0.25862068965517243,0.5172413793103449,0.0,0.22413793103448276
276,0.0,0.0,1.0,0.0
277,0.0,0.1,0.1,0.8
278,0.0,0.9375,0.0625,0.0
279,0.0,0.75,0.25,0.0
280,0.0,0.0,0.011363636363636364,0.9886363636363636
281,0.00558659217877095,0.0,0.0223463687150838,0.9720670391061452
282,0.07692307692307693,0.23076923076923078,0.6923076923076923,0.0
283,1.0,0.0,0.0,0.0
284,0.0,0.6206896551724138,0.3793103448275862,0.0
285,0.17647058823529413,0.0,0.0,0.8235294117647058
286,0.0,0.0,0.0,1.0
287,0.5,0.5,0.0,0.0
288,0.958904109589041,0.0,0.0410958904109589,0.0
289,0.0,0.0,0.0,1.0
290,0.0,0.0,1.0,0.0
291,0.0,0.0,0.5,0.5
292,0.0,0.0,0.0,1.0
293,0.0,0.0,0.3333333333333333,0.6666666666666666
294,0.875,0.0,0.0,0.125
295,0.0,0.0,1.0,0.0
296,0.0,0.0,0.5,0.5
297,0.0,0.5,0.0,0.5
298,,,,
299,,,,
300,,,,
301,,,,
302,,,,
303,,,,
304,,,,
305,,,,
306,,,,
307,,,,
