,A,C,G,T
0,,,,
1,,,,
2,0.5256410256410257,0.41025641025641024,0.0,0.0641025641025641
3,0.5757575757575758,0.12121212121212122,0.0,0.30303030303030304
4,0.4375,0.453125,0.109375,0.0
5,0.47619047619047616,0.31746031746031744,0.0,0.20634920634920634
6,0.3333333333333333,0.0,0.5,0.16666666666666666
7,0.0,0.13432835820895522,0.5522388059701493,0.31343283582089554
8,0.6875,0.21875,0.0,0.09375
9,0.004464285714285714,0.0,0.29464285714285715,0.7008928571428571
10,0.0,0.6666666666666666,0.3333333333333333,0.0
11,0.23076923076923078,0.5673076923076923,0.0,0.20192307692307693
12,0.05226480836236934,0.04529616724738676,0.0,0.9024390243902439
13,0.2608695652173913,0.6086956521739131,0.13043478260869565,0.0
14,0.4230769230769231,0.0,0.0,0.5769230769230769
15,0.07142857142857142,0.9285714285714286,0.0,0.0
16,0.0,0.6428571428571429,0.07142857142857142,0.2857142857142857
17,0.6938775510204082,0.10204081632653061,0.0,0.20408163265306123
18,0.6666666666666666,0.0,0.3333333333333333,0.0
19,0.2222222222222222,0.0,0.2222222222222222,0.5555555555555556
20,0.0,0.36,0.64,0.0
21,0.3333333333333333,0.16666666666666666,0.0,0.5
22,0.1,0.1,0.0,0.8
23,0.6666666666666666,0.16666666666666666,0.0,0.16666666666666666
24,0.0,0.125,0.0,0.875
25,0.0,0.0,0.0,1.0
26,0.0,0.22077922077922077,0.6493506493506493,0.12987012987012986
27,0.45161290322580644,0.16129032258064516,0.0,0.3870967741935484
28,0.7931034482758621,0.1781609195402299,0.0,0.028735632183908046
29,0.22727272727272727,0.0,0.45454545454545453,0.3181818181818182
30,0.21333333333333335,0.6133333333333333,0.17333333333333334,0.0
31,0.0625,0.375,0.5625,0.0
32,0.5319148936170213,0.425531914893617,0.0,0.0425531914893617
33,0.6190476190476191,0.23809523809523808,0.0,0.14285714285714285
34,0.02857142857142857,0.9142857142857143,0.05714285714285714,0.0
35,0.8039867109634552,0.0,0.08637873754152824,0.10963455149501661
36,0.5357142857142857,0.0,0.39285714285714285,0.07142857142857142
37,0.0,0.45161290322580644,0.4838709677419355,0.06451612903225806
38,0.14285714285714285,0.6428571428571429,0.0,0.21428571428571427
39,0.23809523809523808,0.0,0.14285714285714285,0.6190476190476191
40,0.2857142857142857,0.0,0.5714285714285714,0.14285714285714285
41,0.005249343832020997,0.031496062992125984,0.963254593175853,0.0
42,0.0,0.3333333333333333,0.0,0.6666666666666666
43,0.0,0.3333333333333333,0.0,0.6666666666666666
44,0.4,0.43333333333333335,0.0,0.16666666666666666
45,0.2222222222222222,0.2222222222222222,0.0,0.5555555555555556
46,0.7142857142857143,0.21428571428571427,0.0,0.07142857142857142
47,0.5625,0.15625,0.0,0.28125
48,0.25,0.5,0.25,0.0
49,0.4,0.0,0.4,0.2
50,0.29411764705882354,0.0,0.0,0.7058823529411765
51,0.1875,0.0,0.3125,0.5
52,0.4,0.0,0.6,0.0
53,0.5652173913043478,0.13043478260869565,0.0,0.30434782608695654
54,0.0,0.5882352941176471,0.4117647058823529,0.0
55,0.4,0.4857142857142857,0.0,0.11428571428571428
56,0.0,0.6666666666666666,0.06666666666666667,0.26666666666666666
57,0.27586206896551724,0.0,0.5862068965517241,0.13793103448275862
58,0.0,0.46153846153846156,0.5384615384615384,0.0
59,0.3111111111111111,0.0,0.4444444444444444,0.24444444444444444
60,0.1,0.3333333333333333,0.5666666666666667,0.0
61,0.5,0.0,0.4,0.1
62,0.576271186440678,0.0,0.288135593220339,0.13559322033898305
63,0.0,0.2,0.8,0.0
64,0.0,0.0,0.0,1.0
65,0.03333333333333333,0.7666666666666667,0.2,0.0
66,0.7171717171717171,0.050505050505050504,0.0,0.23232323232323232
67,0.2446043165467626,0.0,0.08633093525179857,0.6690647482014388
68,0.0,0.22916666666666666,0.4166666666666667,0.3541666666666667
69,0.6129032258064516,0.1935483870967742,0.0,0.1935483870967742
70,0.01282051282051282,0.0,0.33974358974358976,0.6474358974358975
71,0.1,0.0,0.6,0.3
72,0.058823529411764705,0.47058823529411764,0.47058823529411764,0.0
73,0.4,0.0,0.0,0.6
74,0.12857142857142856,0.4857142857142857,0.38571428571428573,0.0
75,0.7692307692307693,0.07692307692307693,0.0,0.15384615384615385
76,0.48333333333333334,0.48333333333333334,0.0,0.03333333333333333
77,0.0,0.4838709677419355,0.41935483870967744,0.0967741935483871
78,0.4315068493150685,0.4315068493150685,0.136986301369863,0.0
79,0.2857142857142857,0.5714285714285714,0.14285714285714285,0.0
80,0.2222222222222222,0.0,0.4603174603174603,0.31746031746031744
81,0.0,0.5625,0.14583333333333334,0.2916666666666667
82,0.10964912280701754,0.0,0.5482456140350878,0.34210526315789475
83,0.1375,0.0,0.275,0.5875
84,0.10326086956521739,0.09782608695652174,0.0,0.7989130434782609
85,0.06451612903225806,0.2903225806451613,0.6451612903225806,0.0
86,0.022988505747126436,0.0,0.1111111111111111,0.8659003831417624
87,0.0,0.06206896551724138,0.8068965517241379,0.1310344827586207
88,0.39896373056994816,0.41968911917098445,0.0,0.18134715025906736
89,0.09631728045325778,0.8016997167138811,0.10198300283286119,0.0
90,0.0,0.23809523809523808,0.6243386243386243,0.13756613756613756
91,0.6728016359918201,0.28016359918200406,0.0,0.04703476482617587
92,0.15263157894736842,0.0,0.3157894736842105,0.531578947368421
93,0.0,0.18051575931232092,0.12320916905444126,0.6962750716332379
94,0.0,0.26143790849673204,0.38562091503267976,0.35294117647058826
95,0.04918032786885246,0.0,0.04371584699453552,0.907103825136612
96,0.028070175438596492,0.18596491228070175,0.7859649122807018,0.0
97,0.0,0.6547314578005116,0.16879795396419436,0.17647058823529413
98,0.09433962264150944,0.0,0.3018867924528302,0.6037735849056604
99,0.0,0.3064516129032258,0.4274193548387097,0.2661290322580645
100,0.058823529411764705,0.29411764705882354,0.6470588235294118,0.0
101,0.3942307692307692,0.1346153846153846,0.0,0.47115384615384615
102,0.0,0.2824427480916031,0.48091603053435117,0.2366412213740458
103,0.3660130718954248,0.5490196078431373,0.0,0.08496732026143791
104,0.09696969696969697,0.0,0.17575757575757575,0.7272727272727273
105,0.0,0.3333333333333333,0.6666666666666666,0.0
106,0.1,0.2,0.0,0.7
107,0.0,0.6666666666666666,0.0,0.3333333333333333
108,0.07142857142857142,0.32142857142857145,0.0,0.6071428571428571
109,0.0,0.7142857142857143,0.2857142857142857,0.0
110,0.12903225806451613,0.0,0.0967741935483871,0.7741935483870968
111,0.42857142857142855,0.0,0.42857142857142855,0.14285714285714285
112,1.0,0.0,0.0,0.0
113,0.2833333333333333,0.0,0.3333333333333333,0.38333333333333336
114,0.3333333333333333,0.0,0.5,0.16666666666666666
115,0.0,0.08,0.2,0.72
116,0.6756756756756757,0.2972972972972973,0.0,0.02702702702702703
117,0.51,0.46,0.0,0.03
118,0.16666666666666666,0.0,0.4166666666666667,0.4166666666666667
119,0.21428571428571427,0.5,0.2857142857142857,0.0
120,0.375,0.0,0.625,0.0
121,0.625,0.0,0.25,0.125
122,0.0,0.21739130434782608,0.4927536231884058,0.2898550724637681
123,0.125,0.6875,0.0,0.1875
124,0.45454545454545453,0.0,0.0,0.5454545454545454
125,0.7529411764705882,0.10588235294117647,0.0,0.1411764705882353
126,0.0,0.48484848484848486,0.5151515151515151,0.0
127,0.0,0.45454545454545453,0.44545454545454544,0.1
128,0.5,0.0,0.0,0.5
129,0.17647058823529413,0.6470588235294118,0.0,0.17647058823529413
130,0.35,0.1,0.0,0.55
131,0.6989247311827957,0.21505376344086022,0.0,0.08602150537634409
132,0.38235294117647056,0.0,0.29411764705882354,0.3235294117647059
133,0.038461538461538464,0.46153846153846156,0.5,0.0
134,0.45652173913043476,0.17391304347826086,0.0,0.3695652173913043
135,0.07407407407407407,0.8148148148148148,0.0,0.1111111111111111
136,0.0,0.13043478260869565,0.7101449275362319,0.15942028985507245
137,0.6428571428571429,0.2,0.0,0.15714285714285714
138,0.018867924528301886,0.03773584905660377,0.9433962264150944,0.0
139,0.22580645161290322,0.1935483870967742,0.0,0.5806451612903226
140,0.07692307692307693,0.49230769230769234,0.0,0.4307692307692308
141,0.5223880597014925,0.2835820895522388,0.0,0.19402985074626866
142,0.25,0.25,0.5,0.0
143,0.29545454545454547,0.0,0.3409090909090909,0.36363636363636365
144,0.12030075187969924,0.0,0.8796992481203008,0.0
145,0.5777777777777777,0.0,0.24444444444444444,0.17777777777777778
146,0.0,0.16822429906542055,0.4485981308411215,0.38317757009345793
147,0.5495978552278821,0.4075067024128686,0.0,0.04289544235924933
148,0.13313609467455623,0.6124260355029586,0.25443786982248523,0.0
149,0.140625,0.6822916666666666,0.17708333333333334,0.0
150,0.0,0.6341463414634146,0.27439024390243905,0.09146341463414634
151,0.10714285714285714,0.5,0.39285714285714285,0.0
152,0.10416666666666667,0.5347222222222222,0.3611111111111111,0.0
153,0.5368098159509203,0.20245398773006135,0.2607361963190184,0.0
154,0.0,0.34317343173431736,0.47232472324723246,0.18450184501845018
155,0.211340206185567,0.6855670103092784,0.10309278350515463,0.0
156,0.0,0.13074204946996468,0.6996466431095406,0.1696113074204947
157,0.3673469387755102,0.36054421768707484,0.0,0.272108843537415
158,0.1172069825436409,0.0,0.057356608478802994,0.8254364089775561
159,0.7761194029850746,0.12437810945273632,0.0,0.09950248756218906
160,0.7972027972027972,0.15384615384615385,0.0,0.04895104895104895
161,0.0851063829787234,0.5460992907801419,0.36879432624113473,0.0
162,0.47368421052631576,0.18421052631578946,0.0,0.34210526315789475
163,0.7611940298507462,0.14925373134328357,0.0,0.08955223880597014
164,0.25213675213675213,0.4188034188034188,0.32905982905982906,0.0
165,0.0,0.22761194029850745,0.6902985074626866,0.08208955223880597
166,0.55625,0.3458333333333333,0.0,0.09791666666666667
167,0.18272425249169436,0.0,0.16943521594684385,0.6478405315614618
168,0.0,0.3409090909090909,0.3409090909090909,0.3181818181818182
169,0.27472527472527475,0.0,0.17582417582417584,0.5494505494505495
170,0.0,0.24719101123595505,0.4606741573033708,0.29213483146067415
171,0.11406844106463879,0.5361216730038023,0.34980988593155893,0.0
172,0.0,0.2613065326633166,0.19095477386934673,0.5477386934673367
173,0.12435233160621761,0.0,0.13471502590673576,0.7409326424870466
174,0.11320754716981132,0.6792452830188679,0.20754716981132076,0.0
175,0.0,0.3225806451612903,0.12903225806451613,0.5483870967741935
176,0.07692307692307693,0.0,0.03296703296703297,0.8901098901098901
177,0.7422680412371134,0.05154639175257732,0.0,0.20618556701030927
178,0.08771929824561403,0.0,0.2982456140350877,0.6140350877192983
179,0.0,0.15126050420168066,0.5798319327731093,0.2689075630252101
180,0.38636363636363635,0.5,0.0,0.11363636363636363
181,0.0,0.4536082474226804,0.25773195876288657,0.28865979381443296
182,0.1746031746031746,0.0,0.5714285714285714,0.25396825396825395
183,0.15,0.325,0.525,0.0
184,0.4,0.0,0.05,0.55
185,0.25,0.0,0.05555555555555555,0.6944444444444444
186,0.3181818181818182,0.45454545454545453,0.0,0.22727272727272727
187,0.02702702702702703,0.35135135135135137,0.6216216216216216,0.0
188,0.425531914893617,0.1276595744680851,0.0,0.44680851063829785
189,0.0,0.42045454545454547,0.5,0.07954545454545454
190,0.0,0.05217391304347826,0.8347826086956521,0.11304347826086956
191,0.24324324324324326,0.5945945945945946,0.0,0.16216216216216217
192,0.125,0.4375,0.0,0.4375
193,0.7971014492753623,0.14492753623188406,0.0,0.057971014492753624
194,0.6785714285714286,0.0,0.17857142857142858,0.14285714285714285
195,0.0,0.9828080229226361,0.011461318051575931,0.0057306590257879654
196,0.0,0.0,0.0,1.0
197,0.0,0.2765151515151515,0.7045454545454546,0.01893939393939394
198,0.4166666666666667,0.25,0.3333333333333333,0.0
199,0.1,0.1,0.8,0.0
200,0.16326530612244897,0.0,0.14285714285714285,0.6938775510204082
201,0.0,0.08695652173913043,0.6666666666666666,0.2463768115942029
202,0.06111111111111111,0.0,0.37777777777777777,0.5611111111111111
203,0.15555555555555556,0.0,0.022222222222222223,0.8222222222222222
204,0.0,0.13385826771653545,0.7795275590551181,0.08661417322834646
205,0.125,0.53125,0.34375,0.0
206,0.14457831325301204,0.0,0.5783132530120482,0.27710843373493976
207,0.41379310344827586,0.10344827586206896,0.4827586206896552,0.0
208,0.4375,0.0,0.125,0.4375
209,0.3225806451612903,0.0,0.22580645161290322,0.45161290322580644
210,0.0,0.5066666666666667,0.48,0.013333333333333334
211,0.6097560975609756,0.2926829268292683,0.0,0.0975609756097561
212,0.0,0.2558139534883721,0.6395348837209303,0.10465116279069768
213,0.5454545454545454,0.2727272727272727,0.0,0.18181818181818182
214,0.0,0.07142857142857142,0.5,0.42857142857142855
215,0.2,0.0,0.13333333333333333,0.6666666666666666
216,0.0,0.3157894736842105,0.37894736842105264,0.30526315789473685
217,0.0,0.46096654275092935,0.3903345724907063,0.14869888475836432
218,0.2616279069767442,0.6395348837209303,0.09883720930232558,0.0
219,0.22988505747126436,0.16091954022988506,0.6091954022988506,0.0
220,0.5121951219512195,0.0,0.14634146341463414,0.34146341463414637
221,0.21052631578947367,0.0,0.3684210526315789,0.42105263157894735
222,0.0,0.42016806722689076,0.5714285714285714,0.008403361344537815
223,0.0,0.24603174603174602,0.6984126984126984,0.05555555555555555
224,0.47435897435897434,0.358974358974359,0.0,0.16666666666666666
225,0.0,0.02127659574468085,0.9787234042553191,0.0
226,0.0,0.11764705882352941,0.8627450980392157,0.0196078431372549
227,0.11764705882352941,0.0,0.049019607843137254,0.8333333333333334
228,0.0,0.030303030303030304,0.3939393939393939,0.5757575757575758
229,0.16216216216216217,0.0,0.24324324324324326,0.5945945945945946
230,0.5882352941176471,0.28705882352941176,0.0,0.12470588235294118
231,0.05405405405405406,0.0,0.6783783783783783,0.26756756756756755
232,0.0,0.2,0.8,0.0
233,0.40350877192982454,0.28654970760233917,0.0,0.30994152046783624
234,0.1553398058252427,0.5145631067961165,0.3300970873786408,0.0
235,0.0,0.33816425120772947,0.07246376811594203,0.5893719806763285
236,0.05263157894736842,0.631578947368421,0.3157894736842105,0.0
237,0.3225806451612903,0.0,0.0967741935483871,0.5806451612903226
238,0.25,0.0,0.75,0.0
239,0.07222222222222222,0.11666666666666667,0.8111111111111111,0.0
240,0.18181818181818182,0.0,0.7954545454545454,0.022727272727272728
241,0.0,0.16666666666666666,0.3333333333333333,0.5
242,0.0,0.22794117647058823,0.7573529411764706,0.014705882352941176
243,0.0,0.22,0.46,0.32
244,0.09090909090909091,0.0,0.9090909090909091,0.0
245,0.14285714285714285,0.38095238095238093,0.0,0.47619047619047616
246,0.0,0.11711711711711711,0.8108108108108109,0.07207207207207207
247,0.0,0.22340425531914893,0.6702127659574468,0.10638297872340426
248,0.03773584905660377,0.0,0.22641509433962265,0.7358490566037735
249,0.0,0.23943661971830985,0.5633802816901409,0.19718309859154928
250,0.6623376623376623,0.3181818181818182,0.0,0.01948051948051948
251,0.018691588785046728,0.0,0.16822429906542055,0.8130841121495327
252,0.1,0.0,0.475,0.425
253,0.16666666666666666,0.4166666666666667,0.4166666666666667,0.0
254,0.5,0.3409090909090909,0.0,0.1590909090909091
255,0.0,0.6410256410256411,0.3333333333333333,0.02564102564102564
256,0.3013698630136986,0.6438356164383562,0.0,0.0547945205479452
257,0.0,0.25,0.6944444444444444,0.05555555555555555
258,0.5446428571428571,0.41964285714285715,0.0,0.03571428571428571
259,0.16602316602316602,0.0,0.1274131274131274,0.7065637065637066
260,0.1111111111111111,0.0,0.16666666666666666,0.7222222222222222
261,0.3333333333333333,0.0,0.0,0.6666666666666666
262,0.0,0.7291666666666666,0.2708333333333333,0.0
263,0.3728813559322034,0.5127118644067796,0.0,0.11440677966101695
264,0.5,0.25,0.0,0.25
265,0.0,0.5,0.0,0.5
266,0.2857142857142857,0.0,0.0,0.7142857142857143
267,0.0,0.10810810810810811,0.24324324324324326,0.6486486486486487
268,0.14285714285714285,0.0,0.0,0.8571428571428571
269,0.375,0.0625,0.0,0.5625
270,0.16666666666666666,0.16666666666666666,0.0,0.6666666666666666
271,0.09302325581395349,0.0,0.8837209302325582,0.023255813953488372
272,0.044270833333333336,0.9375,0.018229166666666668,0.0
273,0.6244897959183674,0.2897959183673469,0.0,0.08571428571428572
274,0.40540540540540543,0.43243243243243246,0.16216216216216217,0.0
275,0.48928571428571427,0.2982142857142857,0.0,0.2125
276,0.0,0.0,1.0,0.0
277,0.0,0.0,0.2,0.8
278,0.01639344262295082,0.9836065573770492,0.0,0.0
279,0.058823529411764705,0.8823529411764706,0.058823529411764705,0.0
280,0.0,0.03125,0.03125,0.9375
281,0.012195121951219513,0.0,0.0,0.9878048780487805
282,0.22727272727272727,0.18181818181818182,0.5909090909090909,0.0
283,0.5,0.3,0.0,0.2
284,0.009900990099009901,0.7920792079207921,0.19801980198019803,0.0
285,0.6901408450704225,0.028169014084507043,0.0,0.28169014084507044
286,0.1414141414141414,0.0,0.1414141414141414,0.7171717171717171
287,0.4868421052631579,0.32894736842105265,0.0,0.18421052631578946
288,0.0,0.2903225806451613,0.6129032258064516,0.0967741935483871
289,0.7309417040358744,0.23766816143497757,0.0,0.03139013452914798
290,0.0,0.375,0.36363636363636365,0.26136363636363635
291,0.6428571428571429,0.0,0.05714285714285714,0.3
292,0.0,0.25,0.38333333333333336,0.36666666666666664
293,0.34285714285714286,0.11428571428571428,0.5428571428571428,0.0
294,0.8,0.0,0.0,0.2
295,0.48148148148148145,0.2962962962962963,0.2222222222222222,0.0
296,0.0,0.0,0.5555555555555556,0.4444444444444444
297,0.5,0.5,0.0,0.0
298,0.1111111111111111,0.0,0.7777777777777778,0.1111111111111111
299,,,,
300,0.0,0.0,0.0,1.0
301,,,,
302,0.0,0.0,0.0,1.0
303,,,,
304,,,,
305,,,,
306,,,,
307,,,,
308,,,,
309,,,,
310,,,,
311,,,,
312,,,,
