,A,C,G,T
0,,,,
1,,,,
2,0.3333333333333333,0.6666666666666666,0.0,0.0
3,0.0,0.8333333333333334,0.0,0.16666666666666666
4,,,,
5,,,,
6,0.0,0.07142857142857142,0.42857142857142855,0.5
7,,,,
8,1.0,0.0,0.0,0.0
9,0.0,0.9473684210526315,0.05263157894736842,0.0
10,,,,
11,0.0,0.0,0.0,1.0
12,0.0,0.8333333333333334,0.08333333333333333,0.08333333333333333
13,0.0,1.0,0.0,0.0
14,0.3333333333333333,0.0,0.0,0.6666666666666666
15,,,,
16,,,,
17,0.9743589743589743,0.0,0.0,0.02564102564102564
18,1.0,0.0,0.0,0.0
19,1.0,0.0,0.0,0.0
20,0.0,0.5625,0.4375,0.0
21,,,,
22,,,,
23,0.0,1.0,0.0,0.0
24,1.0,0.0,0.0,0.0
25,,,,
26,0.5,0.038461538461538464,0.46153846153846156,0.0
27,1.0,0.0,0.0,0.0
28,1.0,0.0,0.0,0.0
29,1.0,0.0,0.0,0.0
30,0.2857142857142857,0.0,0.0,0.7142857142857143
31,0.5,0.0,0.5,0.0
32,0.4074074074074074,0.037037037037037035,0.0,0.5555555555555556
33,0.0,0.5,0.0,0.5
34,,,,
35,0.9722222222222222,0.0,0.0,0.027777777777777776
36,0.0,0.15384615384615385,0.8461538461538461,0.0
37,0.0,0.0,1.0,0.0
38,0.0,0.0,0.92,0.08
39,0.0,0.0,0.2857142857142857,0.7142857142857143
40,0.25,0.0,0.5,0.25
41,0.3333333333333333,0.0,0.3333333333333333,0.3333333333333333
42,0.0,0.0,0.09090909090909091,0.9090909090909091
43,1.0,0.0,0.0,0.0
44,0.0,0.375,0.0,0.625
45,0.0,0.0,1.0,0.0
46,0.0,0.0,1.0,0.0
47,0.7142857142857143,0.0,0.0,0.2857142857142857
48,,,,
49,,,,
50,0.5833333333333334,0.0,0.0,0.4166666666666667
51,0.0,0.0,1.0,0.0
52,0.0,1.0,0.0,0.0
53,0.11764705882352941,0.0,0.0,0.8823529411764706
54,0.0,0.42857142857142855,0.42857142857142855,0.14285714285714285
55,0.0,0.0,0.5,0.5
56,0.0,0.0,0.5333333333333333,0.4666666666666667
57,0.0,0.0,0.5625,0.4375
58,,,,
59,0.0,0.0,0.0,1.0
60,0.0,1.0,0.0,0.0
61,0.8,0.0,0.0,0.2
62,0.6666666666666666,0.0,0.3333333333333333,0.0
63,,,,
64,0.0,0.0,0.0,1.0
65,0.0,0.0,0.0,1.0
66,0.0,0.023809523809523808,0.6428571428571429,0.3333333333333333
67,0.5757575757575758,0.0,0.36363636363636365,0.06060606060606061
68,0.0,0.0,0.8148148148148148,0.18518518518518517
69,0.0,0.4,0.6,0.0
70,0.5,0.0,0.5,0.0
71,0.125,0.0,0.375,0.5
72,0.15384615384615385,0.46153846153846156,0.38461538461538464,0.0
73,1.0,0.0,0.0,0.0
74,0.2,0.36,0.44,0.0
75,0.25,0.5,0.0,0.25
76,0.2857142857142857,0.0,0.0,0.7142857142857143
77,0.7564102564102564,0.16666666666666666,0.0,0.07692307692307693
78,0.55,0.25,0.2,0.0
79,0.0,1.0,0.0,0.0
80,0.0,0.0,0.2,0.8
81,0.4166666666666667,0.16666666666666666,0.4166666666666667,0.0
82,0.0,0.0,0.5,0.5
83,0.0,0.4166666666666667,0.4166666666666667,0.16666666666666666
84,0.19230769230769232,0.0,0.5384615384615384,0.2692307692307692
85,0.0,1.0,0.0,0.0
86,0.0,0.0,0.875,0.125
87,0.0,0.15217391304347827,0.5,0.34782608695652173
88,0.21395348837209302,0.7116279069767442,0.0,0.07441860465116279
89,0.2727272727272727,0.0,0.03636363636363636,0.6909090909090909
90,0.0,0.0,0.30357142857142855,0.6964285714285714
91,0.23529411764705882,0.0,0.7058823529411765,0.058823529411764705
92,0.125,0.6607142857142857,0.21428571428571427,0.0
93,0.0,0.3918918918918919,0.44594594594594594,0.16216216216216217
94,0.16296296296296298,0.5925925925925926,0.0,0.24444444444444444
95,0.34210526315789475,0.5,0.15789473684210525,0.0
96,0.43478260869565216,0.391304347826087,0.0,0.17391304347826086
97,0.5862068965517241,0.3103448275862069,0.0,0.10344827586206896
98,0.0,0.16,0.84,0.0
99,0.0,0.15492957746478872,0.8169014084507042,0.028169014084507043
100,0.6470588235294118,0.35294117647058826,0.0,0.0
101,0.35714285714285715,0.35714285714285715,0.0,0.2857142857142857
102,0.07142857142857142,0.0,0.9285714285714286,0.0
103,0.03278688524590164,0.9344262295081968,0.0,0.03278688524590164
104,0.3333333333333333,0.0,0.6666666666666666,0.0
105,0.0,0.5,0.0,0.5
106,0.0,1.0,0.0,0.0
107,0.7407407407407407,0.0,0.0,0.25925925925925924
108,0.0,0.21428571428571427,0.7857142857142857,0.0
109,0.366412213740458,0.6259541984732825,0.0,0.007633587786259542
110,0.0,0.0,0.0,1.0
111,0.0,0.0,1.0,0.0
112,,,,
113,,,,
114,0.0,0.018867924528301886,0.9811320754716981,0.0
115,0.0,1.0,0.0,0.0
116,0.6666666666666666,0.0,0.2857142857142857,0.047619047619047616
117,,,,
118,,,,
119,0.0,0.7,0.3,0.0
120,0.0,0.0,0.0,1.0
121,0.0,1.0,0.0,0.0
122,0.7777777777777778,0.0,0.0,0.2222222222222222
123,0.0,0.0,0.40540540540540543,0.5945945945945946
124,0.14285714285714285,0.0,0.7142857142857143,0.14285714285714285
125,0.0,0.0,0.6666666666666666,0.3333333333333333
126,0.0,0.0,0.0,1.0
127,,,,
128,0.0,0.8666666666666667,0.03333333333333333,0.1
129,0.0,0.0,0.0,1.0
130,,,,
131,0.9642857142857143,0.0,0.0,0.03571428571428571
132,0.0,0.5,0.5,0.0
133,0.0,0.2,0.8,0.0
134,,,,
135,0.06666666666666667,0.5333333333333333,0.0,0.4
136,0.0,0.0,1.0,0.0
137,0.0,0.0,0.0,1.0
138,,,,
139,0.0,1.0,0.0,0.0
140,0.6923076923076923,0.3076923076923077,0.0,0.0
141,0.16666666666666666,0.5,0.0,0.3333333333333333
142,0.0,1.0,0.0,0.0
143,0.8333333333333334,0.16666666666666666,0.0,0.0
144,0.0,0.0,1.0,0.0
145,0.0,0.0,0.0,1.0
146,0.0,0.5,0.0,0.5
147,0.0,0.0,0.875,0.125
148,,,,
149,0.037037037037037035,0.0,0.9629629629629629,0.0
150,0.3333333333333333,0.0,0.0,0.6666666666666666
151,0.0,0.0,0.92,0.08
152,0.0,0.23529411764705882,0.7647058823529411,0.0
153,0.3333333333333333,0.0,0.3333333333333333,0.3333333333333333
154,0.0,1.0,0.0,0.0
155,0.12121212121212122,0.0,0.5454545454545454,0.3333333333333333
156,0.0,0.0967741935483871,0.3870967741935484,0.5161290322580645
157,,,,
158,0.36363636363636365,0.5909090909090909,0.045454545454545456,0.0
159,0.8333333333333334,0.0,0.0,0.16666666666666666
160,0.0,0.8333333333333334,0.0,0.16666666666666666
161,0.058823529411764705,0.9411764705882353,0.0,0.0
162,,,,
163,0.6666666666666666,0.16666666666666666,0.0,0.16666666666666666
164,0.0,1.0,0.0,0.0
165,0.38461538461538464,0.5384615384615384,0.0,0.07692307692307693
166,0.0,0.7777777777777778,0.16666666666666666,0.05555555555555555
167,0.3170731707317073,0.024390243902439025,0.6585365853658537,0.0
168,0.7,0.0,0.0,0.3
169,0.0,0.0,0.95,0.05
170,0.4772727272727273,0.20454545454545456,0.3181818181818182,0.0
171,0.75,0.25,0.0,0.0
172,0.0,0.6,0.24,0.16
173,0.37681159420289856,0.3333333333333333,0.2898550724637681,0.0
174,0.0,0.36486486486486486,0.6351351351351351,0.0
175,0.0,0.74,0.1,0.16
176,0.0,0.0,0.875,0.125
177,0.2857142857142857,0.0,0.7142857142857143,0.0
178,1.0,0.0,0.0,0.0
179,0.0,0.0,0.02631578947368421,0.9736842105263158
180,,,,
181,0.0,0.0,0.0,1.0
182,0.0,0.0,0.0,1.0
183,0.0,0.2608695652173913,0.6956521739130435,0.043478260869565216
184,0.6086956521739131,0.36231884057971014,0.0,0.028985507246376812
185,0.09375,0.0,0.05,0.85625
186,0.0,0.5952380952380952,0.07142857142857142,0.3333333333333333
187,0.5,0.0,0.0,0.5
188,0.0,0.2619047619047619,0.4880952380952381,0.25
189,0.125,0.375,0.5,0.0
190,0.07692307692307693,0.0,0.23076923076923078,0.6923076923076923
191,0.21428571428571427,0.14285714285714285,0.6428571428571429,0.0
192,0.38095238095238093,0.0,0.19047619047619047,0.42857142857142855
193,0.25,0.125,0.625,0.0
194,0.6666666666666666,0.16666666666666666,0.0,0.16666666666666666
195,0.0,0.28,0.72,0.0
196,0.0,0.17582417582417584,0.8131868131868132,0.01098901098901099
197,1.0,0.0,0.0,0.0
198,0.0,0.6756756756756757,0.2702702702702703,0.05405405405405406
199,0.8333333333333334,0.0,0.16666666666666666,0.0
200,0.3902439024390244,0.0,0.14634146341463414,0.4634146341463415
201,0.0,0.625,0.0,0.375
202,0.2,0.6,0.0,0.2
203,0.9642857142857143,0.0,0.0,0.03571428571428571
204,0.2727272727272727,0.0,0.7272727272727273,0.0
205,0.16666666666666666,0.3333333333333333,0.5,0.0
206,0.8,0.0,0.2,0.0
207,0.0,0.0,0.25,0.75
208,0.11764705882352941,0.0,0.4117647058823529,0.47058823529411764
209,0.5555555555555556,0.0,0.4444444444444444,0.0
210,0.0,0.2647058823529412,0.7352941176470589,0.0
211,0.0,0.0,1.0,0.0
212,0.5555555555555556,0.0,0.2222222222222222,0.2222222222222222
213,0.0,0.21428571428571427,0.7857142857142857,0.0
214,1.0,0.0,0.0,0.0
215,0.2857142857142857,0.0,0.42857142857142855,0.2857142857142857
216,0.0,0.2727272727272727,0.6363636363636364,0.09090909090909091
217,0.0,0.015384615384615385,0.9692307692307692,0.015384615384615385
218,0.4,0.2,0.0,0.4
219,0.375,0.125,0.0,0.5
220,0.0,0.05,0.9,0.05
221,0.35714285714285715,0.0,0.5714285714285714,0.07142857142857142
222,0.0,0.0,1.0,0.0
223,0.2222222222222222,0.0,0.05555555555555555,0.7222222222222222
224,0.22807017543859648,0.0,0.543859649122807,0.22807017543859648
225,0.0,0.14285714285714285,0.8571428571428571,0.0
226,0.9,0.0,0.03333333333333333,0.06666666666666667
227,0.25,0.0,0.25,0.5
228,0.0,0.0,0.9354838709677419,0.06451612903225806
229,0.0,0.047619047619047616,0.9047619047619048,0.047619047619047616
230,0.0,0.09375,0.875,0.03125
231,0.0,0.2916666666666667,0.6666666666666666,0.041666666666666664
232,0.0,0.11428571428571428,0.8571428571428571,0.02857142857142857
233,0.08928571428571429,0.0,0.21428571428571427,0.6964285714285714
234,0.125,0.0,0.875,0.0
235,0.0,0.0,0.8571428571428571,0.14285714285714285
236,0.375,0.125,0.0,0.5
237,1.0,0.0,0.0,0.0
238,0.0,0.0,1.0,0.0
239,0.3333333333333333,0.024691358024691357,0.0,0.6419753086419753
240,0.05555555555555555,0.4722222222222222,0.0,0.4722222222222222
241,0.0,0.0,1.0,0.0
242,0.0,0.0,0.29411764705882354,0.7058823529411765
243,0.125,0.0,0.0,0.875
244,0.5,0.5,0.0,0.0
245,0.1111111111111111,0.10101010101010101,0.7878787878787878,0.0
246,0.0,0.0,1.0,0.0
247,0.576271186440678,0.0,0.3728813559322034,0.05084745762711865
248,0.0,0.29411764705882354,0.6666666666666666,0.0392156862745098
249,0.0,0.3,0.575,0.125
250,0.0,0.5,0.5,0.0
251,,,,
252,0.0,0.045454545454545456,0.5909090909090909,0.36363636363636365
253,0.0,0.0,1.0,0.0
254,1.0,0.0,0.0,0.0
255,0.0,0.08333333333333333,0.8333333333333334,0.08333333333333333
256,0.0,0.16666666666666666,0.8333333333333334,0.0
257,0.06451612903225806,0.0,0.12903225806451613,0.8064516129032258
258,0.0,0.0136986301369863,0.7808219178082192,0.2054794520547945
259,0.0,0.9166666666666666,0.08333333333333333,0.0
260,0.25,0.0,0.0,0.75
261,0.4,0.4,0.0,0.2
262,0.0,0.23809523809523808,0.7142857142857143,0.047619047619047616
263,0.16666666666666666,0.0,0.13333333333333333,0.7
264,0.22580645161290322,0.0,0.7741935483870968,0.0
265,0.0,0.0,0.19230769230769232,0.8076923076923077
266,0.463768115942029,0.5072463768115942,0.028985507246376812,0.0
267,0.7333333333333333,0.06666666666666667,0.0,0.2
268,0.18421052631578946,0.6842105263157895,0.13157894736842105,0.0
269,0.20689655172413793,0.6896551724137931,0.0,0.10344827586206896
270,0.5,0.0,0.0,0.5
271,0.0,0.0,0.5,0.5
272,0.8571428571428571,0.0,0.0,0.14285714285714285
273,0.0,0.3333333333333333,0.3333333333333333,0.3333333333333333
274,0.5,0.0,0.5,0.0
275,0.0,0.3333333333333333,0.6190476190476191,0.047619047619047616
276,1.0,0.0,0.0,0.0
277,0.0196078431372549,0.0,0.9705882352941176,0.00980392156862745
278,0.4,0.0,0.0,0.6
279,0.0,1.0,0.0,0.0
280,0.0,0.0,0.6666666666666666,0.3333333333333333
281,0.38405797101449274,0.4057971014492754,0.0,0.21014492753623187
282,0.0,0.0,1.0,0.0
283,0.0,0.0,0.09090909090909091,0.9090909090909091
284,0.0,0.918918918918919,0.08108108108108109,0.0
285,0.1,0.7,0.2,0.0
286,0.0,0.024390243902439025,0.024390243902439025,0.9512195121951219
287,0.013513513513513514,0.0,0.013513513513513514,0.972972972972973
288,0.0,0.1,0.9,0.0
289,0.2222222222222222,0.2222222222222222,0.0,0.5555555555555556
290,0.0,0.5,0.5,0.0
291,0.75,0.0,0.0,0.25
292,0.3333333333333333,0.0,0.125,0.5416666666666666
293,0.0,0.2037037037037037,0.6481481481481481,0.14814814814814814
294,0.4,0.0,0.2,0.4
295,0.45454545454545453,0.18181818181818182,0.0,0.36363636363636365
296,0.11904761904761904,0.8333333333333334,0.0,0.047619047619047616
297,,,,
298,0.0,1.0,0.0,0.0
299,0.0,0.0,0.16666666666666666,0.8333333333333334
300,0.3333333333333333,0.0,0.6666666666666666,0.0
301,,,,
302,,,,
303,,,,
304,,,,
305,,,,
306,,,,
307,,,,
308,,,,
309,,,,
310,,,,
311,,,,
312,,,,
313,,,,
314,,,,
315,,,,
316,,,,
317,,,,
318,,,,
319,,,,
320,,,,
