,A,C,G,T
0,,,,
1,,,,
2,0.8,0.0,0.0,0.2
3,0.0,0.6666666666666666,0.0,0.3333333333333333
4,0.4166666666666667,0.3333333333333333,0.25,0.0
5,0.625,0.125,0.0,0.25
6,0.2,0.0,0.2,0.6
7,0.0,0.14285714285714285,0.5714285714285714,0.2857142857142857
8,0.5777777777777777,0.3111111111111111,0.0,0.1111111111111111
9,0.03571428571428571,0.0,0.07142857142857142,0.8928571428571429
10,,,,
11,1.0,0.0,0.0,0.0
12,0.5,0.25,0.0,0.25
13,0.5714285714285714,0.42857142857142855,0.0,0.0
14,0.5,0.25,0.0,0.25
15,0.0,1.0,0.0,0.0
16,0.0,1.0,0.0,0.0
17,1.0,0.0,0.0,0.0
18,0.0,1.0,0.0,0.0
19,,,,
20,0.0,0.06666666666666667,0.9333333333333333,0.0
21,0.0,0.0,0.0,1.0
22,,,,
23,0.0,0.5,0.0,0.5
24,0.0,0.0,0.0,1.0
25,,,,
26,0.0,0.6,0.4,0.0
27,0.42857142857142855,0.42857142857142855,0.0,0.14285714285714285
28,0.6,0.2,0.0,0.2
29,0.25,0.0,0.0,0.75
30,0.5,0.5,0.0,0.0
31,0.0,0.5,0.5,0.0
32,0.5555555555555556,0.2222222222222222,0.0,0.2222222222222222
33,1.0,0.0,0.0,0.0
34,0.0,1.0,0.0,0.0
35,0.0,0.0,1.0,0.0
36,0.4,0.0,0.4,0.2
37,0.0,0.4,0.4,0.2
38,0.0,1.0,0.0,0.0
39,0.125,0.0,0.25,0.625
40,,,,
41,0.08333333333333333,0.4166666666666667,0.5,0.0
42,0.0,0.0,0.0,1.0
43,0.5,0.0,0.0,0.5
44,0.0,0.5,0.0,0.5
45,0.0,0.3181818181818182,0.6818181818181818,0.0
46,0.5294117647058824,0.29411764705882354,0.0,0.17647058823529413
47,0.2,0.2,0.0,0.6
48,0.10526315789473684,0.8421052631578947,0.05263157894736842,0.0
49,,,,
50,0.2,0.0,0.1,0.7
51,0.0,0.0,1.0,0.0
52,0.0,0.0,1.0,0.0
53,0.0,0.6666666666666666,0.0,0.3333333333333333
54,0.0,0.5714285714285714,0.42857142857142855,0.0
55,0.14285714285714285,0.7142857142857143,0.0,0.14285714285714285
56,,,,
57,0.25,0.0,0.25,0.5
58,0.0,0.6666666666666666,0.3333333333333333,0.0
59,0.07692307692307693,0.0,0.23076923076923078,0.6923076923076923
60,0.0,1.0,0.0,0.0
61,1.0,0.0,0.0,0.0
62,0.14285714285714285,0.0,0.42857142857142855,0.42857142857142855
63,,,,
64,0.0,0.5,0.0,0.5
65,0.0,0.8333333333333334,0.16666666666666666,0.0
66,0.5,0.125,0.0,0.375
67,0.6216216216216216,0.0,0.02702702702702703,0.35135135135135137
68,0.0,0.5454545454545454,0.36363636363636365,0.09090909090909091
69,0.3333333333333333,0.0,0.0,0.6666666666666666
70,0.15384615384615385,0.0,0.38461538461538464,0.46153846153846156
71,0.0,0.0,0.75,0.25
72,0.0,0.6666666666666666,0.3333333333333333,0.0
73,0.0,0.0,0.6666666666666666,0.3333333333333333
74,0.375,0.375,0.25,0.0
75,1.0,0.0,0.0,0.0
76,0.4,0.2,0.0,0.4
77,0.0,0.6666666666666666,0.1111111111111111,0.2222222222222222
78,0.45454545454545453,0.5454545454545454,0.0,0.0
79,0.6,0.0,0.4,0.0
80,0.0,0.0,0.6666666666666666,0.3333333333333333
81,0.0,0.6153846153846154,0.3076923076923077,0.07692307692307693
82,0.15789473684210525,0.0,0.6578947368421053,0.18421052631578946
83,0.2608695652173913,0.0,0.34782608695652173,0.391304347826087
84,0.1111111111111111,0.7777777777777778,0.1111111111111111,0.0
85,0.0,0.6666666666666666,0.3333333333333333,0.0
86,0.18181818181818182,0.0,0.18181818181818182,0.6363636363636364
87,0.0,0.125,0.75,0.125
88,0.6451612903225806,0.1935483870967742,0.0,0.16129032258064516
89,0.37037037037037035,0.3333333333333333,0.2962962962962963,0.0
90,0.0,0.18,0.66,0.16
91,0.5737704918032787,0.2459016393442623,0.0,0.18032786885245902
92,0.11842105263157894,0.0,0.2631578947368421,0.618421052631579
93,0.1388888888888889,0.8611111111111112,0.0,0.0
94,0.0,0.125,0.0625,0.8125
95,0.06060606060606061,0.9090909090909091,0.030303030303030304,0.0
96,0.3333333333333333,0.0,0.0,0.6666666666666666
97,0.38461538461538464,0.46153846153846156,0.0,0.15384615384615385
98,0.625,0.0,0.375,0.0
99,0.0,0.4444444444444444,0.4444444444444444,0.1111111111111111
100,0.0,0.25,0.75,0.0
101,0.35294117647058826,0.4117647058823529,0.0,0.23529411764705882
102,0.25,0.0,0.0,0.75
103,0.0,0.3333333333333333,0.16666666666666666,0.5
104,0.0,0.0,0.2857142857142857,0.7142857142857143
105,0.0,1.0,0.0,0.0
106,0.0,0.5,0.0,0.5
107,1.0,0.0,0.0,0.0
108,0.0,0.6,0.0,0.4
109,,,,
110,0.0,0.0,0.3333333333333333,0.6666666666666666
111,0.3333333333333333,0.0,0.3333333333333333,0.3333333333333333
112,0.5,0.5,0.0,0.0
113,0.2,0.0,0.2,0.6
114,,,,
115,0.0,0.0,0.0,1.0
116,1.0,0.0,0.0,0.0
117,0.8571428571428571,0.09523809523809523,0.0,0.047619047619047616
118,0.0,0.0,0.0,1.0
119,0.1111111111111111,0.5555555555555556,0.3333333333333333,0.0
120,0.0,0.0,1.0,0.0
121,0.0,0.0,0.0,1.0
122,0.0,0.8333333333333334,0.05555555555555555,0.1111111111111111
123,0.0,0.0,0.0,1.0
124,0.4,0.0,0.0,0.6
125,0.6,0.0,0.2,0.2
126,0.0,0.6,0.4,0.0
127,0.0,0.25,0.75,0.0
128,0.25,0.0,0.0,0.75
129,0.4,0.0,0.0,0.6
130,0.0,0.5,0.0,0.5
131,0.7037037037037037,0.2222222222222222,0.0,0.07407407407407407
132,0.45454545454545453,0.0,0.2727272727272727,0.2727272727272727
133,0.08333333333333333,0.3333333333333333,0.5833333333333334,0.0
134,0.0,0.07692307692307693,0.4358974358974359,0.48717948717948717
135,0.14285714285714285,0.42857142857142855,0.0,0.42857142857142855
136,0.0,0.125,0.625,0.25
137,0.8235294117647058,0.0,0.0,0.17647058823529413
138,0.3333333333333333,0.0,0.6666666666666666,0.0
139,0.4444444444444444,0.1111111111111111,0.0,0.4444444444444444
140,0.375,0.125,0.0,0.5
141,0.3157894736842105,0.3157894736842105,0.0,0.3684210526315789
142,0.0,0.0,1.0,0.0
143,0.3076923076923077,0.3076923076923077,0.0,0.38461538461538464
144,0.5384615384615384,0.0,0.0,0.46153846153846156
145,0.45454545454545453,0.0,0.45454545454545453,0.09090909090909091
146,0.0,0.25925925925925924,0.4074074074074074,0.3333333333333333
147,0.2692307692307692,0.38461538461538464,0.0,0.34615384615384615
148,0.1794871794871795,0.5641025641025641,0.2564102564102564,0.0
149,0.24,0.36,0.4,0.0
150,0.0,0.125,0.75,0.125
151,0.09090909090909091,0.45454545454545453,0.45454545454545453,0.0
152,0.0,0.3148148148148148,0.12962962962962962,0.5555555555555556
153,0.14285714285714285,0.0,0.8571428571428571,0.0
154,0.5454545454545454,0.0,0.18181818181818182,0.2727272727272727
155,0.0,0.4090909090909091,0.45454545454545453,0.13636363636363635
156,0.2777777777777778,0.5555555555555556,0.16666666666666666,0.0
157,0.0,0.45,0.1,0.45
158,0.2222222222222222,0.5,0.2777777777777778,0.0
159,0.45454545454545453,0.18181818181818182,0.0,0.36363636363636365
160,0.0,0.4,0.6,0.0
161,0.0,0.84375,0.15625,0.0
162,0.5,0.07142857142857142,0.0,0.42857142857142855
163,0.17647058823529413,0.5882352941176471,0.0,0.23529411764705882
164,0.0,0.24242424242424243,0.6666666666666666,0.09090909090909091
165,0.0,0.15384615384615385,0.5,0.34615384615384615
166,0.38181818181818183,0.509090909090909,0.0,0.10909090909090909
167,0.29411764705882354,0.38235294117647056,0.3235294117647059,0.0
168,0.0,0.2222222222222222,0.4222222222222222,0.35555555555555557
169,0.0,0.325,0.1,0.575
170,0.4146341463414634,0.36585365853658536,0.21951219512195122,0.0
171,0.0,0.23529411764705882,0.6764705882352942,0.08823529411764706
172,0.0,0.7636363636363637,0.2,0.03636363636363636
173,0.0,0.13636363636363635,0.6363636363636364,0.22727272727272727
174,0.04878048780487805,0.7073170731707317,0.24390243902439024,0.0
175,0.0,0.14285714285714285,0.2857142857142857,0.5714285714285714
176,0.10344827586206896,0.0,0.13793103448275862,0.7586206896551724
177,0.3333333333333333,0.3333333333333333,0.3333333333333333,0.0
178,0.0,0.16666666666666666,0.16666666666666666,0.6666666666666666
179,0.06666666666666667,0.0,0.0,0.9333333333333333
180,0.6808510638297872,0.1276595744680851,0.0,0.19148936170212766
181,0.029411764705882353,0.0,0.20588235294117646,0.7647058823529411
182,0.0,0.3076923076923077,0.38461538461538464,0.3076923076923077
183,0.0,0.0,0.0,1.0
184,0.0,0.7777777777777778,0.1111111111111111,0.1111111111111111
185,0.07692307692307693,0.0,0.38461538461538464,0.5384615384615384
186,0.2857142857142857,0.14285714285714285,0.5714285714285714,0.0
187,0.6666666666666666,0.0,0.0,0.3333333333333333
188,0.2,0.0,0.1,0.7
189,0.5,0.16666666666666666,0.0,0.3333333333333333
190,0.0,0.0,1.0,0.0
191,0.4,0.0,0.0,0.6
192,0.0,0.3333333333333333,0.6666666666666666,0.0
193,0.0,0.06666666666666667,0.8666666666666667,0.06666666666666667
194,0.6,0.2,0.0,0.2
195,0.5,0.0,0.0,0.5
196,0.6666666666666666,0.3333333333333333,0.0,0.0
197,0.4,0.0,0.4,0.2
198,0.5,0.0,0.0,0.5
199,0.5,0.0,0.0,0.5
200,0.0,0.5757575757575758,0.3939393939393939,0.030303030303030304
201,0.18181818181818182,0.2727272727272727,0.5454545454545454,0.0
202,,,,
203,0.10526315789473684,0.0,0.10526315789473684,0.7894736842105263
204,0.0,0.0,0.6,0.4
205,0.07692307692307693,0.0,0.46153846153846156,0.46153846153846156
206,1.0,0.0,0.0,0.0
207,0.0,0.05263157894736842,0.8947368421052632,0.05263157894736842
208,0.6666666666666666,0.3333333333333333,0.0,0.0
209,0.4444444444444444,0.0,0.1111111111111111,0.4444444444444444
210,0.5,0.0,0.5,0.0
211,0.75,0.0,0.0,0.25
212,0.0,0.0,0.5,0.5
213,0.0,1.0,0.0,0.0
214,1.0,0.0,0.0,0.0
215,0.0,0.1111111111111111,0.7777777777777778,0.1111111111111111
216,0.3333333333333333,0.0,0.0,0.6666666666666666
217,0.0,0.5,0.25,0.25
218,0.4,0.0,0.0,0.6
219,0.0,0.0,0.9230769230769231,0.07692307692307693
220,0.0,0.0,0.6666666666666666,0.3333333333333333
221,0.030303030303030304,0.8181818181818182,0.15151515151515152,0.0
222,0.2,0.3,0.5,0.0
223,0.0,0.0,0.16666666666666666,0.8333333333333334
224,0.2,0.0,0.2,0.6
225,0.0,0.5333333333333333,0.36666666666666664,0.1
226,0.0,0.14285714285714285,0.8571428571428571,0.0
227,0.26666666666666666,0.6,0.0,0.13333333333333333
228,0.0,0.1111111111111111,0.8888888888888888,0.0
229,0.0,0.36363636363636365,0.45454545454545453,0.18181818181818182
230,0.13043478260869565,0.0,0.2608695652173913,0.6086956521739131
231,0.0,0.3076923076923077,0.15384615384615385,0.5384615384615384
232,0.0,0.0,0.0,1.0
233,0.3333333333333333,0.30864197530864196,0.0,0.35802469135802467
234,0.10810810810810811,0.0,0.4594594594594595,0.43243243243243246
235,0.125,0.375,0.5,0.0
236,0.36363636363636365,0.15151515151515152,0.0,0.48484848484848486
237,0.2,0.3,0.5,0.0
238,0.0,0.26666666666666666,0.1,0.6333333333333333
239,0.0,0.5833333333333334,0.4166666666666667,0.0
240,0.08333333333333333,0.0,0.08333333333333333,0.8333333333333334
241,0.0,0.0,1.0,0.0
242,0.3333333333333333,0.4444444444444444,0.0,0.2222222222222222
243,0.1,0.0,0.9,0.0
244,0.0,0.3333333333333333,0.0,0.6666666666666666
245,0.0,0.3888888888888889,0.3888888888888889,0.2222222222222222
246,0.0,0.45454545454545453,0.36363636363636365,0.18181818181818182
247,0.0,0.8,0.2,0.0
248,0.5,0.16666666666666666,0.0,0.3333333333333333
249,0.0,0.1111111111111111,0.8888888888888888,0.0
250,0.0,0.14705882352941177,0.8235294117647058,0.029411764705882353
251,0.15384615384615385,0.0,0.07692307692307693,0.7692307692307693
252,0.0,0.3076923076923077,0.6923076923076923,0.0
253,0.5,0.5,0.0,0.0
254,0.08333333333333333,0.0,0.0,0.9166666666666666
255,0.2,0.0,0.6,0.2
256,,,,
257,0.3333333333333333,0.3333333333333333,0.0,0.3333333333333333
258,0.0,0.4,0.5333333333333333,0.06666666666666667
259,0.125,0.75,0.0,0.125
260,0.0,0.05263157894736842,0.8947368421052632,0.05263157894736842
261,0.20967741935483872,0.7258064516129032,0.0,0.06451612903225806
262,0.10344827586206896,0.0,0.1896551724137931,0.7068965517241379
263,0.3076923076923077,0.5384615384615384,0.15384615384615385,0.0
264,0.0,0.0,0.0,1.0
265,0.0,0.0,0.5,0.5
266,0.6530612244897959,0.30612244897959184,0.0,0.04081632653061224
267,0.6666666666666666,0.3333333333333333,0.0,0.0
268,0.9636363636363636,0.00909090909090909,0.0,0.02727272727272727
269,0.375,0.0,0.25,0.375
270,0.0,0.2,0.2,0.6
271,1.0,0.0,0.0,0.0
272,0.0,0.5,0.0,0.5
273,0.4,0.0,0.0,0.6
274,0.11764705882352941,0.0,0.8823529411764706,0.0
275,1.0,0.0,0.0,0.0
276,0.40425531914893614,0.5319148936170213,0.0,0.06382978723404255
277,0.0,0.8571428571428571,0.14285714285714285,0.0
278,0.30952380952380953,0.2261904761904762,0.0,0.4642857142857143
279,0.0,0.0,1.0,0.0
280,,,,
281,0.0,1.0,0.0,0.0
282,0.0,0.9166666666666666,0.08333333333333333,0.0
283,0.0,0.0,0.0,1.0
284,0.0,0.0,0.0625,0.9375
285,0.3333333333333333,0.0,0.6666666666666666,0.0
286,0.0,0.0,0.0,1.0
287,0.0,1.0,0.0,0.0
288,0.75,0.0,0.0,0.25
289,0.09090909090909091,0.0,0.18181818181818182,0.7272727272727273
290,0.625,0.25,0.0,0.125
291,0.0,1.0,0.0,0.0
292,0.6875,0.3125,0.0,0.0
293,0.0,0.0,0.0,1.0
294,1.0,0.0,0.0,0.0
295,,,,
296,0.75,0.25,0.0,0.0
297,0.0,0.0,0.6666666666666666,0.3333333333333333
298,,,,
299,,,,
300,,,,
301,,,,
302,,,,
303,,,,
304,,,,
305,,,,
306,,,,
307,,,,
308,,,,
309,,,,
310,,,,
311,,,,
312,,,,
313,,,,
314,,,,
315,,,,
