,A,C,G,T
0,,,,
1,,,,
2,0.41935483870967744,0.5483870967741935,0.0,0.03225806451612903
3,0.5652173913043478,0.17391304347826086,0.0,0.2608695652173913
4,0.045454545454545456,0.6363636363636364,0.3181818181818182,0.0
5,0.37037037037037035,0.14814814814814814,0.0,0.48148148148148145
6,0.5217391304347826,0.0,0.34782608695652173,0.13043478260869565
7,0.0,0.1595744680851064,0.4574468085106383,0.3829787234042553
8,0.6852300242130751,0.23728813559322035,0.0,0.0774818401937046
9,0.06944444444444445,0.0,0.35185185185185186,0.5787037037037037
10,0.0,0.0,1.0,0.0
11,0.32432432432432434,0.16216216216216217,0.0,0.5135135135135135
12,0.25,0.25,0.0,0.5
13,0.4358974358974359,0.5641025641025641,0.0,0.0
14,0.48484848484848486,0.2727272727272727,0.0,0.24242424242424243
15,0.0,1.0,0.0,0.0
16,0.0,0.6666666666666666,0.041666666666666664,0.2916666666666667
17,0.7310344827586207,0.23448275862068965,0.0,0.034482758620689655
18,0.5357142857142857,0.21428571428571427,0.25,0.0
19,0.1875,0.0,0.25,0.5625
20,0.05825242718446602,0.42718446601941745,0.5145631067961165,0.0
21,0.4444444444444444,0.2222222222222222,0.0,0.3333333333333333
22,0.3,0.0,0.0,0.7
23,0.8648648648648649,0.04054054054054054,0.0,0.0945945945945946
24,0.18181818181818182,0.18181818181818182,0.0,0.6363636363636364
25,0.4444444444444444,0.1111111111111111,0.0,0.4444444444444444
26,0.0,0.3157894736842105,0.6578947368421053,0.02631578947368421
27,0.5217391304347826,0.2608695652173913,0.0,0.21739130434782608
28,0.8128654970760234,0.15204678362573099,0.0,0.03508771929824561
29,0.5135135135135135,0.0,0.35135135135135137,0.13513513513513514
30,0.024193548387096774,0.8548387096774194,0.12096774193548387,0.0
31,0.02040816326530612,0.7142857142857143,0.2653061224489796,0.0
32,0.6761363636363636,0.2784090909090909,0.0,0.045454545454545456
33,0.7972972972972973,0.13513513513513514,0.0,0.06756756756756757
34,0.4,0.5636363636363636,0.03636363636363636,0.0
35,0.0,0.486646884272997,0.2997032640949555,0.21364985163204747
36,0.0,0.6,0.38181818181818183,0.01818181818181818
37,0.0,0.5567010309278351,0.3402061855670103,0.10309278350515463
38,0.18,0.7,0.0,0.12
39,0.34285714285714286,0.0,0.11428571428571428,0.5428571428571428
40,0.53125,0.0,0.28125,0.1875
41,0.011467889908256881,0.05504587155963303,0.9334862385321101,0.0
42,0.2,0.1,0.0,0.7
43,0.2631578947368421,0.3157894736842105,0.0,0.42105263157894735
44,0.40350877192982454,0.2807017543859649,0.0,0.3157894736842105
45,0.4444444444444444,0.2222222222222222,0.0,0.3333333333333333
46,0.9058823529411765,0.047058823529411764,0.0,0.047058823529411764
47,0.6842105263157895,0.23684210526315788,0.0,0.07894736842105263
48,0.6111111111111112,0.2222222222222222,0.16666666666666666,0.0
49,0.55,0.0,0.3,0.15
50,0.5416666666666666,0.0,0.125,0.3333333333333333
51,0.18421052631578946,0.0,0.23684210526315788,0.5789473684210527
52,0.42105263157894735,0.21052631578947367,0.3684210526315789,0.0
53,0.13440860215053763,0.4381720430107527,0.4274193548387097,0.0
54,0.0,0.4915254237288136,0.4406779661016949,0.06779661016949153
55,0.1506849315068493,0.7123287671232876,0.0,0.136986301369863
56,0.0,0.5625,0.28125,0.15625
57,0.30357142857142855,0.0,0.4642857142857143,0.23214285714285715
58,0.10526315789473684,0.47368421052631576,0.42105263157894735,0.0
59,0.1875,0.0,0.6041666666666666,0.20833333333333334
60,0.16666666666666666,0.5208333333333334,0.3125,0.0
61,0.6470588235294118,0.0,0.17647058823529413,0.17647058823529413
62,0.23655913978494625,0.0,0.13978494623655913,0.6236559139784946
63,0.14285714285714285,0.2857142857142857,0.5714285714285714,0.0
64,0.125,0.125,0.0,0.75
65,0.0,0.7924528301886793,0.20754716981132076,0.0
66,0.6481481481481481,0.037037037037037035,0.0,0.3148148148148148
67,0.13414634146341464,0.0,0.14329268292682926,0.7225609756097561
68,0.0,0.27522935779816515,0.5045871559633027,0.22018348623853212
69,0.640625,0.140625,0.0,0.21875
70,0.04979253112033195,0.0,0.34024896265560167,0.6099585062240664
71,0.07777777777777778,0.0,0.6555555555555556,0.26666666666666666
72,0.1956521739130435,0.30434782608695654,0.5,0.0
73,0.6666666666666666,0.0,0.047619047619047616,0.2857142857142857
74,0.08791208791208792,0.510989010989011,0.4010989010989011,0.0
75,0.6666666666666666,0.1794871794871795,0.0,0.15384615384615385
76,0.7636363636363637,0.14545454545454545,0.0,0.09090909090909091
77,0.46321525885558584,0.3814713896457766,0.1553133514986376,0.0
78,0.13100436681222707,0.7117903930131004,0.1572052401746725,0.0
79,0.5,0.36,0.14,0.0
80,0.2988505747126437,0.0,0.2988505747126437,0.40229885057471265
81,0.0,0.4857142857142857,0.4,0.11428571428571428
82,0.1717557251908397,0.0,0.5706106870229007,0.25763358778625955
83,0.08713692946058091,0.8298755186721992,0.08298755186721991,0.0
84,0.11842105263157894,0.19736842105263158,0.6842105263157895,0.0
85,0.1,0.5,0.4,0.0
86,0.15656565656565657,0.0,0.10101010101010101,0.7424242424242424
87,0.0,0.42168674698795183,0.45180722891566266,0.12650602409638553
88,0.42645074224021595,0.5168690958164642,0.0,0.05668016194331984
89,0.2745762711864407,0.4847457627118644,0.24067796610169492,0.0
90,0.0,0.1943231441048035,0.7183406113537117,0.08733624454148471
91,0.0,0.26666666666666666,0.5087719298245614,0.22456140350877193
92,0.09198813056379822,0.0,0.3293768545994065,0.5786350148367952
93,0.35714285714285715,0.125,0.0,0.5178571428571429
94,0.38,0.0,0.21,0.41
95,0.31092436974789917,0.0,0.3865546218487395,0.3025210084033613
96,0.546875,0.1875,0.265625,0.0
97,0.3211009174311927,0.3302752293577982,0.0,0.3486238532110092
98,0.05357142857142857,0.8035714285714286,0.0,0.14285714285714285
99,0.0,0.6208791208791209,0.2032967032967033,0.17582417582417584
100,0.029411764705882353,0.23529411764705882,0.7352941176470589,0.0
101,0.5432098765432098,0.19753086419753085,0.0,0.25925925925925924
102,0.0,0.7385321100917431,0.19724770642201836,0.06422018348623854
103,0.0,0.621301775147929,0.3076923076923077,0.07100591715976332
104,0.04838709677419355,0.0,0.06451612903225806,0.8870967741935484
105,0.0,0.23529411764705882,0.7647058823529411,0.0
106,0.0,0.15384615384615385,0.0,0.8461538461538461
107,0.3,0.3,0.0,0.4
108,0.47297297297297297,0.14864864864864866,0.0,0.3783783783783784
109,0.16666666666666666,0.375,0.4583333333333333,0.0
110,0.29411764705882354,0.0,0.27450980392156865,0.43137254901960786
111,0.5517241379310345,0.0,0.20689655172413793,0.2413793103448276
112,0.2727272727272727,0.36363636363636365,0.0,0.36363636363636365
113,0.2777777777777778,0.0,0.4444444444444444,0.2777777777777778
114,0.6190476190476191,0.0,0.09523809523809523,0.2857142857142857
115,0.0,0.5087719298245614,0.3684210526315789,0.12280701754385964
116,0.8913043478260869,0.06521739130434782,0.0,0.043478260869565216
117,0.6590909090909091,0.09090909090909091,0.0,0.25
118,0.12745098039215685,0.0,0.24509803921568626,0.6274509803921569
119,0.03571428571428571,0.7142857142857143,0.25,0.0
120,0.4166666666666667,0.0,0.25,0.3333333333333333
121,0.5625,0.0,0.3125,0.125
122,0.0,0.3137254901960784,0.4019607843137255,0.28431372549019607
123,0.3,0.2,0.0,0.5
124,0.42857142857142855,0.35714285714285715,0.0,0.21428571428571427
125,0.7341772151898734,0.06329113924050633,0.0,0.20253164556962025
126,0.0,0.6052631578947368,0.3684210526315789,0.02631578947368421
127,0.0,0.13592233009708737,0.8155339805825242,0.04854368932038835
128,0.7758620689655172,0.017241379310344827,0.0,0.20689655172413793
129,0.1875,0.3125,0.0,0.5
130,0.2727272727272727,0.36363636363636365,0.0,0.36363636363636365
131,0.4942528735632184,0.3563218390804598,0.0,0.14942528735632185
132,0.3103448275862069,0.0,0.41379310344827586,0.27586206896551724
133,0.06097560975609756,0.32926829268292684,0.6097560975609756,0.0
134,0.51,0.26,0.0,0.23
135,0.1,0.6,0.0,0.3
136,0.0,0.10891089108910891,0.7524752475247525,0.13861386138613863
137,0.7741935483870968,0.03225806451612903,0.0,0.1935483870967742
138,0.09090909090909091,0.05454545454545454,0.8545454545454545,0.0
139,0.10526315789473684,0.22807017543859648,0.0,0.6666666666666666
140,0.14285714285714285,0.25,0.0,0.6071428571428571
141,0.4418604651162791,0.3488372093023256,0.0,0.20930232558139536
142,0.1,0.06666666666666667,0.8333333333333334,0.0
143,0.10404624277456648,0.0,0.2254335260115607,0.6705202312138728
144,0.07407407407407407,0.037037037037037035,0.0,0.8888888888888888
145,0.05235602094240838,0.6649214659685864,0.0,0.28272251308900526
146,0.5862068965517241,0.0,0.1206896551724138,0.29310344827586204
147,0.7654320987654321,0.0,0.19753086419753085,0.037037037037037035
148,0.4742857142857143,0.06857142857142857,0.0,0.45714285714285713
149,0.1793103448275862,0.4586206896551724,0.3620689655172414,0.0
150,0.0,0.22602739726027396,0.6506849315068494,0.1232876712328767
151,0.31868131868131866,0.12087912087912088,0.5604395604395604,0.0
152,0.23809523809523808,0.5357142857142857,0.2261904761904762,0.0
153,0.0,0.18548387096774194,0.3548387096774194,0.4596774193548387
154,0.0,0.17346938775510204,0.5816326530612245,0.24489795918367346
155,0.0,0.15315315315315314,0.6126126126126126,0.23423423423423423
156,0.0,0.15753424657534246,0.5342465753424658,0.3082191780821918
157,0.2166172106824926,0.6409495548961425,0.0,0.142433234421365
158,0.08571428571428572,0.0,0.2693877551020408,0.6448979591836734
159,0.0,0.3073770491803279,0.5942622950819673,0.09836065573770492
160,0.0,0.1791530944625407,0.6221498371335505,0.1986970684039088
161,0.0,0.2,0.4839506172839506,0.3160493827160494
162,0.0,0.09208103130755065,0.7642725598526704,0.143646408839779
163,0.18231046931407943,0.0,0.44223826714801445,0.37545126353790614
164,0.3259668508287293,0.24861878453038674,0.425414364640884,0.0
165,0.44148936170212766,0.324468085106383,0.0,0.23404255319148937
166,0.0,0.3157894736842105,0.6,0.08421052631578947
167,0.34974093264248707,0.40932642487046633,0.24093264248704663,0.0
168,0.43478260869565216,0.21739130434782608,0.0,0.34782608695652173
169,0.5454545454545454,0.3140495867768595,0.0,0.14049586776859505
170,0.3434343434343434,0.35353535353535354,0.30303030303030304,0.0
171,0.75,0.08928571428571429,0.0,0.16071428571428573
172,0.7715736040609137,0.1751269035532995,0.0,0.0532994923857868
173,0.3756345177664975,0.34517766497461927,0.0,0.27918781725888325
174,0.0,0.09049773755656108,0.8054298642533937,0.10407239819004525
175,0.46774193548387094,0.0,0.20967741935483872,0.3225806451612903
176,0.0,0.2430939226519337,0.36464088397790057,0.39226519337016574
177,0.0,0.10900473933649289,0.8056872037914692,0.08530805687203792
178,0.05621301775147929,0.0,0.23668639053254437,0.7071005917159763
179,0.0,0.25161290322580643,0.49032258064516127,0.25806451612903225
180,0.2318840579710145,0.26811594202898553,0.0,0.5
181,0.0,0.4791666666666667,0.2604166666666667,0.2604166666666667
182,0.22807017543859648,0.0,0.5745614035087719,0.19736842105263158
183,0.125,0.39285714285714285,0.48214285714285715,0.0
184,0.0,0.28378378378378377,0.13513513513513514,0.581081081081081
185,0.10852713178294573,0.0,0.03875968992248062,0.8527131782945736
186,0.5241379310344828,0.19310344827586207,0.0,0.2827586206896552
187,0.3178294573643411,0.0,0.4263565891472868,0.2558139534883721
188,0.5416666666666666,0.2569444444444444,0.2013888888888889,0.0
189,0.5923076923076923,0.23076923076923078,0.0,0.17692307692307693
190,0.2631578947368421,0.0,0.35964912280701755,0.37719298245614036
191,0.0,0.3424657534246575,0.4178082191780822,0.23972602739726026
192,0.19704433497536947,0.0,0.3891625615763547,0.41379310344827586
193,0.18518518518518517,0.0,0.2222222222222222,0.5925925925925926
194,0.1206896551724138,0.0,0.3793103448275862,0.5
195,0.35353535353535354,0.5858585858585859,0.0,0.06060606060606061
196,0.02,0.56,0.42,0.0
197,0.5023255813953489,0.19069767441860466,0.0,0.30697674418604654
198,0.0,0.5447154471544715,0.3983739837398374,0.056910569105691054
199,0.0,0.06607929515418502,0.8810572687224669,0.05286343612334802
200,0.0,0.15234375,0.67578125,0.171875
201,0.4166666666666667,0.041666666666666664,0.0,0.5416666666666666
202,0.90625,0.057291666666666664,0.0,0.036458333333333336
203,0.4578313253012048,0.0,0.27710843373493976,0.26506024096385544
204,0.0,0.9291338582677166,0.031496062992125984,0.03937007874015748
205,0.2222222222222222,0.3333333333333333,0.0,0.4444444444444444
206,0.0,0.1956521739130435,0.8043478260869565,0.0
207,0.34782608695652173,0.043478260869565216,0.6086956521739131,0.0
208,0.1111111111111111,0.0,0.8888888888888888,0.0
209,0.17894736842105263,0.0,0.05263157894736842,0.7684210526315789
210,0.0,0.05042016806722689,0.29411764705882354,0.6554621848739496
211,0.05286343612334802,0.0,0.2687224669603524,0.6784140969162996
212,0.4146341463414634,0.0,0.0975609756097561,0.4878048780487805
213,0.0,0.2571428571428571,0.638095238095238,0.10476190476190476
214,0.13793103448275862,0.034482758620689655,0.8275862068965517,0.0
215,0.061224489795918366,0.0,0.24489795918367346,0.6938775510204082
216,0.38461538461538464,0.038461538461538464,0.5769230769230769,0.0
217,0.21875,0.0,0.09375,0.6875
218,0.0,0.6774193548387096,0.16129032258064516,0.16129032258064516
219,0.0,0.46,0.52,0.02
220,0.48148148148148145,0.07407407407407407,0.0,0.4444444444444444
221,0.0,0.0963855421686747,0.8192771084337349,0.08433734939759036
222,0.625,0.1875,0.0,0.1875
223,0.0,0.2222222222222222,0.3333333333333333,0.4444444444444444
224,0.07027027027027027,0.8108108108108109,0.11891891891891893,0.0
225,0.8428571428571429,0.02857142857142857,0.0,0.12857142857142856
226,0.0,0.2682926829268293,0.43902439024390244,0.2926829268292683
227,0.06048387096774194,0.8669354838709677,0.07258064516129033,0.0
228,0.024390243902439025,0.3048780487804878,0.6707317073170732,0.0
229,0.2553191489361702,0.0,0.19148936170212766,0.5531914893617021
230,0.0,0.4880382775119617,0.37799043062200954,0.1339712918660287
231,0.0,0.49246231155778897,0.48743718592964824,0.020100502512562814
232,0.0,0.2897196261682243,0.6074766355140186,0.102803738317757
233,0.0,0.12286689419795221,0.8464163822525598,0.030716723549488054
234,0.0,0.1875,0.69375,0.11875
235,0.0,0.35502958579881655,0.6035502958579881,0.04142011834319527
236,0.09621993127147767,0.0,0.13745704467353953,0.7663230240549829
237,0.0,0.13793103448275862,0.6206896551724138,0.2413793103448276
238,0.052980132450331126,0.0,0.059602649006622516,0.8874172185430463
239,0.5623869801084991,0.2513562386980108,0.0,0.18625678119349007
240,0.12550607287449392,0.0,0.6417004048582996,0.23279352226720648
241,0.08823529411764706,0.4117647058823529,0.5,0.0
242,0.5065616797900262,0.2388451443569554,0.0,0.2545931758530184
243,0.14666666666666667,0.3466666666666667,0.5066666666666667,0.0
244,0.0,0.23954372623574144,0.019011406844106463,0.7414448669201521
245,0.0625,0.75,0.1875,0.0
246,0.04477611940298507,0.0,0.04477611940298507,0.9104477611940298
247,0.3333333333333333,0.26666666666666666,0.4,0.0
248,0.42585551330798477,0.12167300380228137,0.0,0.4524714828897338
249,0.1111111111111111,0.0,0.7555555555555555,0.13333333333333333
250,0.0,0.043478260869565216,0.30434782608695654,0.6521739130434783
251,0.0,0.42567567567567566,0.4864864864864865,0.08783783783783784
252,0.0,0.208955223880597,0.29850746268656714,0.4925373134328358
253,0.18181818181818182,0.09090909090909091,0.7272727272727273,0.0
254,0.4117647058823529,0.29411764705882354,0.0,0.29411764705882354
255,0.0,0.1724137931034483,0.7862068965517242,0.041379310344827586
256,0.0,0.25133689839572193,0.6951871657754011,0.053475935828877004
257,0.025510204081632654,0.0,0.21428571428571427,0.7602040816326531
258,0.0,0.016,0.904,0.08
259,0.7463768115942029,0.21014492753623187,0.0,0.043478260869565216
260,0.1717171717171717,0.0,0.12121212121212122,0.7070707070707071
261,0.18518518518518517,0.0,0.5925925925925926,0.2222222222222222
262,0.15789473684210525,0.47368421052631576,0.3684210526315789,0.0
263,0.6702127659574468,0.18085106382978725,0.0,0.14893617021276595
264,0.0,0.48514851485148514,0.49504950495049505,0.019801980198019802
265,0.0,0.14383561643835616,0.839041095890411,0.017123287671232876
266,0.0,0.07766990291262135,0.8252427184466019,0.0970873786407767
267,0.0,0.16444444444444445,0.76,0.07555555555555556
268,0.06208425720620843,0.0,0.2749445676274945,0.6629711751662971
269,0.044444444444444446,0.0,0.5,0.45555555555555555
270,0.2,0.0,0.0,0.8
271,0.0,0.4473684210526316,0.5263157894736842,0.02631578947368421
272,0.4738675958188153,0.46689895470383275,0.0,0.059233449477351915
273,0.0,0.0,0.0,1.0
274,0.0,0.4,0.2,0.4
275,0.35714285714285715,0.0,0.03571428571428571,0.6071428571428571
276,0.0,0.0,0.15517241379310345,0.8448275862068966
277,0.6153846153846154,0.0,0.3076923076923077,0.07692307692307693
278,0.0,0.15920398009950248,0.6766169154228856,0.16417910447761194
279,0.2857142857142857,0.0,0.0,0.7142857142857143
280,0.01764705882352941,0.0,0.9647058823529412,0.01764705882352941
281,0.11290322580645161,0.0,0.12903225806451613,0.7580645161290323
282,0.6590909090909091,0.275974025974026,0.0,0.06493506493506493
283,0.3125,0.40625,0.28125,0.0
284,0.20162381596752368,0.5832205683355887,0.0,0.21515561569688768
285,0.0,0.18181818181818182,0.8181818181818182,0.0
286,0.0,0.0,0.3333333333333333,0.6666666666666666
287,0.0,0.9357798165137615,0.06422018348623854,0.0
288,0.0,0.85,0.15,0.0
289,0.0,0.007142857142857143,0.02857142857142857,0.9642857142857143
290,0.00683371298405467,0.0,0.02050113895216401,0.9726651480637813
291,0.2608695652173913,0.17391304347826086,0.5652173913043478,0.0
292,0.6111111111111112,0.1111111111111111,0.0,0.2777777777777778
293,0.0,0.8701298701298701,0.12987012987012986,0.0
294,0.0,0.013793103448275862,0.7482758620689656,0.23793103448275862
295,0.2823529411764706,0.0,0.21764705882352942,0.5
296,0.44516129032258067,0.0,0.2129032258064516,0.3419354838709677
297,0.0,0.10101010101010101,0.5252525252525253,0.37373737373737376
298,0.2916666666666667,0.0,0.25,0.4583333333333333
299,0.0,0.40625,0.125,0.46875
300,0.6666666666666666,0.13333333333333333,0.0,0.2
301,0.0,0.2,0.6,0.2
302,0.4230769230769231,0.11538461538461539,0.46153846153846156,0.0
303,0.35714285714285715,0.0,0.42857142857142855,0.21428571428571427
304,0.35714285714285715,0.14285714285714285,0.5,0.0
305,0.6666666666666666,0.047619047619047616,0.0,0.2857142857142857
306,0.05,0.2,0.75,0.0
307,0.0,0.0,0.0,1.0
308,0.6666666666666666,0.3333333333333333,0.0,0.0
309,0.0,0.16666666666666666,0.8333333333333334,0.0
310,0.0,0.0,0.5,0.5
311,0.0,0.0,0.0,1.0
312,,,,
313,,,,
314,,,,
315,0.0,0.0,0.0,1.0
316,0.0,1.0,0.0,0.0
317,,,,
318,,,,
319,,,,
320,,,,
321,,,,
