,A,C,G,T
0,,,,
1,,,,
2,0.43601895734597157,0.509478672985782,0.0,0.054502369668246446
3,0.6887755102040817,0.09183673469387756,0.0,0.2193877551020408
4,0.8592920353982301,0.09469026548672567,0.04601769911504425,0.0
5,0.5941422594142259,0.14225941422594143,0.0,0.26359832635983266
6,0.5524475524475524,0.0,0.2097902097902098,0.23776223776223776
7,0.0,0.12260536398467432,0.6781609195402298,0.19923371647509577
8,0.8103727714748784,0.14640734737979472,0.0,0.04321988114532685
9,0.06993006993006994,0.0,0.2680652680652681,0.662004662004662
10,0.2777777777777778,0.2777777777777778,0.4444444444444444,0.0
11,0.8621794871794872,0.0625,0.0,0.07532051282051282
12,0.15441176470588236,0.12254901960784313,0.0,0.7230392156862745
13,0.5019607843137255,0.48627450980392156,0.011764705882352941,0.0
14,0.5985401459854015,0.051094890510948905,0.0,0.35036496350364965
15,0.02702702702702703,0.8648648648648649,0.0,0.10810810810810811
16,0.0,0.7708333333333334,0.09375,0.13541666666666666
17,0.8060836501901141,0.07984790874524715,0.0,0.11406844106463879
18,0.23529411764705882,0.10294117647058823,0.6617647058823529,0.0
19,0.5087719298245614,0.0,0.14035087719298245,0.3508771929824561
20,0.18181818181818182,0.0,0.4393939393939394,0.3787878787878788
21,0.22641509433962265,0.22641509433962265,0.0,0.5471698113207547
22,0.14035087719298245,0.19298245614035087,0.0,0.6666666666666666
23,0.3798449612403101,0.13953488372093023,0.0,0.4806201550387597
24,0.2153846153846154,0.16923076923076924,0.0,0.6153846153846154
25,0.234375,0.171875,0.0,0.59375
26,0.0,0.4277456647398844,0.43352601156069365,0.13872832369942195
27,0.5451127819548872,0.2857142857142857,0.0,0.16917293233082706
28,0.5979843225083986,0.3404255319148936,0.0,0.06159014557670773
29,0.29537366548042704,0.0,0.27402135231316727,0.4306049822064057
30,0.13359528487229863,0.6620825147347741,0.2043222003929273,0.0
31,0.015789473684210527,0.8421052631578947,0.14210526315789473,0.0
32,0.0,0.1603563474387528,0.7015590200445434,0.13808463251670378
33,0.6407035175879398,0.26884422110552764,0.0,0.09045226130653267
34,0.028409090909090908,0.8125,0.1590909090909091,0.0
35,0.09486166007905138,0.5849802371541502,0.3201581027667984,0.0
36,0.6032608695652174,0.0,0.23369565217391305,0.16304347826086957
37,0.0,0.3352601156069364,0.5202312138728323,0.14450867052023122
38,0.24302788844621515,0.6733067729083665,0.0,0.08366533864541832
39,0.24444444444444444,0.0,0.17037037037037037,0.5851851851851851
40,0.3238095238095238,0.0,0.20952380952380953,0.4666666666666667
41,0.0010723860589812334,0.08150134048257372,0.9174262734584451,0.0
42,0.15873015873015872,0.09523809523809523,0.0,0.746031746031746
43,0.23880597014925373,0.19402985074626866,0.0,0.5671641791044776
44,0.28846153846153844,0.22115384615384615,0.0,0.49038461538461536
45,0.4789915966386555,0.15126050420168066,0.0,0.3697478991596639
46,0.9487922705314009,0.022222222222222223,0.0,0.028985507246376812
47,0.07167630057803469,0.7872832369942196,0.0,0.14104046242774568
48,0.09836065573770492,0.5409836065573771,0.36065573770491804,0.0
49,0.4666666666666667,0.0,0.13333333333333333,0.4
50,0.22614840989399293,0.0,0.24734982332155478,0.5265017667844523
51,0.1896551724137931,0.0,0.47701149425287354,0.3333333333333333
52,0.18518518518518517,0.25925925925925924,0.5555555555555556,0.0
53,0.5675675675675675,0.22635135135135134,0.0,0.20608108108108109
54,0.0,0.8461538461538461,0.07692307692307693,0.07692307692307693
55,0.2857142857142857,0.6257142857142857,0.0,0.08857142857142856
56,0.0,0.6417112299465241,0.2727272727272727,0.0855614973262032
57,0.3739130434782609,0.0,0.5391304347826087,0.08695652173913043
58,0.04411764705882353,0.5294117647058824,0.4264705882352941,0.0
59,0.19718309859154928,0.0,0.39436619718309857,0.4084507042253521
60,0.12562814070351758,0.49748743718592964,0.3768844221105528,0.0
61,0.625,0.0,0.1875,0.1875
62,0.18151815181518152,0.0,0.2607260726072607,0.5577557755775577
63,0.07407407407407407,0.37037037037037035,0.5555555555555556,0.0
64,0.1,0.2,0.0,0.7
65,0.007772020725388601,0.9715025906735751,0.02072538860103627,0.0
66,0.5852417302798982,0.08396946564885496,0.0,0.33078880407124683
67,0.2879137798306389,0.0,0.0800615858352579,0.6320246343341032
68,0.0,0.3069544364508393,0.5011990407673861,0.19184652278177458
69,0.6902173913043478,0.14130434782608695,0.0,0.16847826086956522
70,0.07496463932107496,0.0,0.4002828854314003,0.5247524752475248
71,0.0948905109489051,0.0,0.42700729927007297,0.4781021897810219
72,0.22535211267605634,0.4225352112676056,0.352112676056338,0.0
73,0.48214285714285715,0.0,0.30357142857142855,0.21428571428571427
74,0.23429951690821257,0.5869565217391305,0.178743961352657,0.0
75,0.6344086021505376,0.08602150537634409,0.0,0.27956989247311825
76,0.5737704918032787,0.2568306010928962,0.0,0.16939890710382513
77,0.0,0.357630979498861,0.47380410022779046,0.16856492027334852
78,0.2677725118483412,0.5521327014218009,0.18009478672985782,0.0
79,0.27631578947368424,0.4407894736842105,0.28289473684210525,0.0
80,0.18421052631578946,0.0,0.11278195488721804,0.7030075187969925
81,0.0,0.4054669703872437,0.3826879271070615,0.21184510250569477
82,0.18356164383561643,0.0,0.5438356164383562,0.2726027397260274
83,0.18421052631578946,0.0,0.41118421052631576,0.40460526315789475
84,0.1648148148148148,0.6388888888888888,0.1962962962962963,0.0
85,0.3076923076923077,0.5307692307692308,0.16153846153846155,0.0
86,0.31160896130346233,0.0,0.12423625254582485,0.5641547861507128
87,0.0,0.22281639928698752,0.5953654188948306,0.18181818181818182
88,0.4892933618843683,0.39721627408993576,0.0,0.11349036402569593
89,0.21838177533385703,0.5498821681068342,0.2317360565593087,0.0
90,0.0,0.20227380388441496,0.5182378019895784,0.2794883941260066
91,0.5961134453781513,0.3637079831932773,0.0,0.04017857142857143
92,0.13395348837209303,0.0,0.23627906976744187,0.6297674418604651
93,0.23215898825654924,0.6711833785004516,0.0966576332429991,0.0
94,0.0,0.31797235023041476,0.06605222734254992,0.6159754224270353
95,0.02220324508966695,0.0,0.04867634500426986,0.9291204099060631
96,0.0893854748603352,0.36312849162011174,0.547486033519553,0.0
97,0.5104602510460251,0.16317991631799164,0.0,0.3263598326359833
98,0.05675675675675676,0.5108108108108108,0.0,0.43243243243243246
99,0.0,0.46865671641791046,0.1701492537313433,0.3611940298507463
100,0.07317073170731707,0.4024390243902439,0.524390243902439,0.0
101,0.5639412997903563,0.259958071278826,0.0,0.1761006289308176
102,0.6789250353606789,0.0,0.1173974540311174,0.2036775106082037
103,0.0,0.48130841121495327,0.17289719626168223,0.34579439252336447
104,0.05707762557077625,0.0,0.3287671232876712,0.6141552511415526
105,0.12,0.28,0.6,0.0
106,0.17647058823529413,0.11764705882352941,0.0,0.7058823529411765
107,0.12,0.2,0.0,0.68
108,0.3698630136986301,0.2922374429223744,0.0,0.3378995433789954
109,0.031914893617021274,0.8191489361702128,0.14893617021276595,0.0
110,0.23943661971830985,0.0,0.3380281690140845,0.4225352112676056
111,0.5384615384615384,0.0,0.41025641025641024,0.05128205128205128
112,0.5277777777777778,0.25,0.0,0.2222222222222222
113,0.27741935483870966,0.0,0.1935483870967742,0.5290322580645161
114,0.49019607843137253,0.0,0.27450980392156865,0.23529411764705882
115,0.0,0.24390243902439024,0.45528455284552843,0.3008130081300813
116,0.0,0.16666666666666666,0.780952380952381,0.05238095238095238
117,0.468562874251497,0.344311377245509,0.0,0.18712574850299402
118,0.06655192197360872,0.0,0.18473895582329317,0.7487091222030982
119,0.07922912205567452,0.6745182012847966,0.2462526766595289,0.0
120,0.3228346456692913,0.0,0.3228346456692913,0.3543307086614173
121,0.7931034482758621,0.0,0.05172413793103448,0.15517241379310345
122,0.0,0.39577836411609496,0.46437994722955145,0.13984168865435356
123,0.3,0.3,0.0,0.4
124,0.7650602409638554,0.0963855421686747,0.0,0.13855421686746988
125,0.6685499058380414,0.2222222222222222,0.0,0.10922787193973635
126,0.0,0.43737166324435317,0.5503080082135524,0.012320328542094456
127,0.0,0.20058997050147492,0.6814159292035398,0.11799410029498525
128,0.4533333333333333,0.41333333333333333,0.0,0.13333333333333333
129,0.5098039215686274,0.23529411764705882,0.0,0.2549019607843137
130,0.8,0.02,0.0,0.18
131,0.406563354603464,0.5195989061075661,0.0,0.07383773928896992
132,0.23880597014925373,0.0,0.19402985074626866,0.5671641791044776
133,0.004201680672268907,0.9621848739495799,0.03361344537815126,0.0
134,0.6696696696696697,0.13213213213213212,0.0,0.1981981981981982
135,0.29961832061068705,0.6564885496183206,0.0,0.04389312977099236
136,0.7040498442367601,0.08826583592938733,0.20768431983385255,0.0
137,0.35337423312883437,0.2920245398773006,0.0,0.35460122699386504
138,0.04105571847507331,0.04398826979472141,0.9149560117302052,0.0
139,0.34375,0.07291666666666667,0.0,0.5833333333333334
140,0.149812734082397,0.4307116104868914,0.0,0.41947565543071164
141,0.34991423670668953,0.4305317324185249,0.0,0.2195540308747856
142,0.08518518518518518,0.08888888888888889,0.825925925925926,0.0
143,0.1943127962085308,0.0,0.4194312796208531,0.3862559241706161
144,0.03543647363872083,0.03543647363872083,0.9291270527225584,0.0
145,0.6601307189542484,0.0,0.22657952069716775,0.11328976034858387
146,0.0,0.31561996779388085,0.5152979066022544,0.16908212560386474
147,0.2601246105919003,0.0,0.43457943925233644,0.3052959501557632
148,0.6438356164383562,0.08036529680365297,0.0,0.27579908675799086
149,0.2403770620581304,0.40219952867242736,0.35742340926944227,0.0
150,0.0,0.3337515683814304,0.5570890840652447,0.10915934755332497
151,0.09283819628647215,0.27055702917771884,0.636604774535809,0.0
152,0.21272885789014823,0.4664341761115955,0.32083696599825634,0.0
153,0.0,0.20591133004926107,0.6157635467980296,0.17832512315270935
154,0.0,0.12740046838407496,0.7817330210772834,0.09086651053864168
155,0.20779976717112922,0.430151338766007,0.3620488940628638,0.0
156,0.0,0.40615517988729954,0.5097529258777633,0.08409189423493715
157,0.36624416277518346,0.5126751167444963,0.0,0.12108072048032022
158,0.2826249067859806,0.4235645041014168,0.29381058911260255,0.0
159,0.4630071599045346,0.2720763723150358,0.0,0.2649164677804296
160,0.0,0.3282275711159737,0.5120350109409191,0.15973741794310722
161,0.2866323907455013,0.41131105398457585,0.30205655526992287,0.0
162,0.3582089552238806,0.16417910447761194,0.0,0.47761194029850745
163,0.39196675900277006,0.5166204986149584,0.0,0.09141274238227147
164,0.3253644314868805,0.6431486880466473,0.0,0.0314868804664723
165,0.0,0.21003134796238246,0.6598746081504702,0.13009404388714735
166,0.1724137931034483,0.7066392177045805,0.0,0.12094698919197118
167,0.22852983988355166,0.433042212518195,0.3384279475982533,0.0
168,0.0,0.11627906976744186,0.7274418604651163,0.15627906976744185
169,0.4111111111111111,0.33306233062330626,0.0,0.25582655826558265
170,0.18057234985892784,0.0,0.24143490528012898,0.5779927448609432
171,0.0,0.13652482269503546,0.5079787234042553,0.3554964539007092
172,0.2014388489208633,0.0,0.19352517985611511,0.6050359712230216
173,0.0,0.27229299363057324,0.3996815286624204,0.32802547770700635
174,0.0,0.12190812720848057,0.6413427561837456,0.23674911660777384
175,0.6388725778038755,0.0,0.0,0.3611274221961245
176,0.25721561969439727,0.0012733446519524619,0.0,0.7415110356536503
177,0.25609756097560976,0.21951219512195122,0.524390243902439,0.0
178,0.0,0.5728643216080402,0.1507537688442211,0.27638190954773867
179,0.0463980463980464,0.0,0.05128205128205128,0.9023199023199023
180,0.3381294964028777,0.2589928057553957,0.0,0.4028776978417266
181,0.18289085545722714,0.0,0.4247787610619469,0.39233038348082594
182,0.423728813559322,0.2937853107344633,0.0,0.2824858757062147
183,0.43434343434343436,0.23232323232323232,0.0,0.3333333333333333
184,0.0,0.3803680981595092,0.5674846625766872,0.05214723926380368
185,0.1902834008097166,0.0,0.4716599190283401,0.33805668016194335
186,0.10245901639344263,0.24795081967213115,0.6495901639344263,0.0
187,0.16953316953316952,0.0,0.04914004914004914,0.7813267813267813
188,0.33724340175953077,0.0,0.09970674486803519,0.5630498533724341
189,0.3620689655172414,0.3017241379310345,0.0,0.33620689655172414
190,0.06070287539936102,0.46006389776357826,0.4792332268370607,0.0
191,0.28651685393258425,0.2303370786516854,0.0,0.48314606741573035
192,0.0,0.28028933092224234,0.7034358047016275,0.0162748643761302
193,0.0,0.054679284963196635,0.8727655099894848,0.07255520504731862
194,0.5298507462686567,0.27238805970149255,0.0,0.19776119402985073
195,0.32666666666666666,0.14,0.0,0.5333333333333333
196,0.5045045045045045,0.18018018018018017,0.0,0.3153153153153153
197,0.225130890052356,0.0,0.24607329842931938,0.5287958115183246
198,0.5797101449275363,0.0,0.2608695652173913,0.15942028985507245
199,0.3181818181818182,0.1590909090909091,0.0,0.5227272727272727
200,0.0,0.27104532839962997,0.2543940795559667,0.4745605920444033
201,0.199203187250996,0.3705179282868526,0.4302788844621514,0.0
202,0.2727272727272727,0.12727272727272726,0.6,0.0
203,0.27983539094650206,0.0,0.06584362139917696,0.654320987654321
204,0.0,0.13026819923371646,0.5517241379310345,0.31800766283524906
205,0.11083743842364532,0.0,0.29310344827586204,0.5960591133004927
206,0.36423841059602646,0.0,0.23178807947019867,0.40397350993377484
207,0.0,0.07210884353741497,0.8789115646258503,0.04897959183673469
208,0.1423728813559322,0.4576271186440678,0.4,0.0
209,0.15064935064935064,0.0,0.2857142857142857,0.5636363636363636
210,0.24890829694323144,0.09606986899563319,0.6550218340611353,0.0
211,0.6025641025641025,0.0,0.10897435897435898,0.28846153846153844
212,0.2558139534883721,0.0,0.16279069767441862,0.5813953488372093
213,0.0,0.625,0.3625,0.0125
214,0.6153846153846154,0.19230769230769232,0.0,0.19230769230769232
215,0.0,0.20132013201320131,0.735973597359736,0.0627062706270627
216,0.5185185185185185,0.12345679012345678,0.0,0.35802469135802467
217,0.0,0.29333333333333333,0.49333333333333335,0.21333333333333335
218,0.5378151260504201,0.0,0.18487394957983194,0.2773109243697479
219,0.0,0.08741258741258741,0.7692307692307693,0.14335664335664336
220,0.0,0.32323232323232326,0.5757575757575758,0.10101010101010101
221,0.16022099447513813,0.0,0.06906077348066299,0.7707182320441989
222,0.5113924050632911,0.053164556962025315,0.0,0.43544303797468353
223,0.15829145728643215,0.0,0.44974874371859297,0.39195979899497485
224,0.32919254658385094,0.0,0.19875776397515527,0.4720496894409938
225,0.0,0.27419354838709675,0.6981566820276498,0.027649769585253458
226,0.0,0.042008196721311473,0.8934426229508197,0.06454918032786885
227,0.6182136602451839,0.2714535901926445,0.0,0.11033274956217162
228,0.0,0.10256410256410256,0.8021978021978022,0.09523809523809523
229,0.0,0.11494252873563218,0.8199233716475096,0.06513409961685823
230,0.15159235668789808,0.0,0.15286624203821655,0.6955414012738853
231,0.0,0.08558558558558559,0.5540540540540541,0.36036036036036034
232,0.17857142857142858,0.0,0.0935374149659864,0.7278911564625851
233,0.6768929503916449,0.23302872062663185,0.0,0.09007832898172324
234,0.06382978723404255,0.0,0.6595744680851063,0.2765957446808511
235,0.175,0.35833333333333334,0.4666666666666667,0.0
236,0.5336676217765043,0.2628939828080229,0.0,0.2034383954154728
237,0.20903954802259886,0.6045197740112994,0.1864406779661017,0.0
238,0.0,0.2252173913043478,0.0391304347826087,0.7356521739130435
239,0.07357859531772576,0.7357859531772575,0.19063545150501673,0.0
240,0.08891454965357967,0.0,0.08083140877598152,0.8302540415704388
241,0.13725490196078433,0.1568627450980392,0.7058823529411765,0.0
242,0.4912075029308324,0.2790152403282532,0.0,0.22977725674091443
243,0.14767932489451477,0.0,0.8080168776371308,0.04430379746835443
244,0.0,0.09174311926605505,0.6330275229357798,0.27522935779816515
245,0.0,0.22157772621809746,0.6508120649651972,0.12761020881670534
246,0.0,0.23875432525951557,0.29411764705882354,0.4671280276816609
247,0.1095890410958904,0.1917808219178082,0.6986301369863014,0.0
248,0.3629032258064516,0.20967741935483872,0.0,0.4274193548387097
249,0.0,0.16687737041719342,0.8015170670037927,0.0316055625790139
250,0.0,0.24793388429752067,0.6434474616292798,0.10861865407319952
251,0.32893289328932895,0.0,0.15951595159515952,0.5115511551155115
252,0.0,0.22137404580152673,0.6590330788804071,0.11959287531806616
253,0.676056338028169,0.2676056338028169,0.0,0.056338028169014086
254,0.45127304653204564,0.2721685689201054,0.276558384547849,0.0
255,0.0970873786407767,0.0,0.6262135922330098,0.2766990291262136
256,0.1095890410958904,0.0684931506849315,0.821917808219178,0.0
257,0.2765957446808511,0.574468085106383,0.0,0.14893617021276595
258,0.0,0.5088062622309197,0.4735812133072407,0.01761252446183953
259,0.18630573248407642,0.7818471337579618,0.0,0.03184713375796178
260,0.0,0.43884892086330934,0.42685851318944845,0.1342925659472422
261,0.2664835164835165,0.6208791208791209,0.0,0.11263736263736264
262,0.09217758985200845,0.0,0.12727272727272726,0.7805496828752643
263,0.19548872180451127,0.0,0.22556390977443608,0.5789473684210527
264,0.2727272727272727,0.30303030303030304,0.0,0.42424242424242425
265,0.0,0.38596491228070173,0.5701754385964912,0.043859649122807015
266,0.381082558775287,0.5784581738655002,0.0,0.04045926735921269
267,0.3333333333333333,0.12121212121212122,0.0,0.5454545454545454
268,0.0,0.3181818181818182,0.45454545454545453,0.22727272727272727
269,0.21978021978021978,0.0,0.05128205128205128,0.7289377289377289
270,0.0,0.00641025641025641,0.23717948717948717,0.7564102564102564
271,0.2077922077922078,0.0,0.15584415584415584,0.6363636363636364
272,0.42292490118577075,0.30039525691699603,0.0,0.2766798418972332
273,0.21818181818181817,0.05454545454545454,0.0,0.7272727272727273
274,0.03333333333333333,0.0,0.9523809523809523,0.014285714285714285
275,0.22593320235756384,0.6129666011787819,0.16110019646365423,0.0
276,0.6171516079632465,0.32465543644716693,0.0,0.05819295558958652
277,0.13793103448275862,0.6206896551724138,0.2413793103448276,0.0
278,0.27322107550244434,0.44975556762629004,0.0,0.2770233568712656
279,0.1111111111111111,0.2222222222222222,0.6666666666666666,0.0
280,0.0,0.25,0.020833333333333332,0.7291666666666666
281,0.008733624454148471,0.9213973799126638,0.06986899563318777,0.0
282,0.08666666666666667,0.7466666666666667,0.16666666666666666,0.0
283,0.0,0.053738317757009345,0.02336448598130841,0.9228971962616822
284,0.010480887792848335,0.0,0.01972872996300863,0.969790382244143
285,0.11702127659574468,0.18085106382978725,0.7021276595744681,0.0
286,0.38461538461538464,0.08974358974358974,0.0,0.5256410256410257
287,0.0,0.7452229299363057,0.25477707006369427,0.0
288,0.726148409893993,0.044169611307420496,0.0,0.22968197879858657
289,0.03125,0.0,0.12946428571428573,0.8392857142857143
290,0.0,0.18063583815028902,0.6517341040462428,0.1676300578034682
291,0.0,0.6604651162790698,0.3395348837209302,0.0
292,0.5120643431635389,0.3109919571045576,0.0,0.1769436997319035
293,0.0,0.1881720430107527,0.6129032258064516,0.1989247311827957
294,0.4222222222222222,0.08888888888888889,0.0,0.4888888888888889
295,0.0,0.2079207920792079,0.36633663366336633,0.42574257425742573
296,0.08139534883720931,0.8488372093023255,0.06976744186046512,0.0
297,0.09722222222222222,0.0,0.3888888888888889,0.5138888888888888
298,0.2962962962962963,0.5925925925925926,0.1111111111111111,0.0
299,0.43478260869565216,0.0,0.21739130434782608,0.34782608695652173
300,0.0,0.5,0.5,0.0
301,0.3333333333333333,0.0,0.6666666666666666,0.0
302,1.0,0.0,0.0,0.0
303,0.0,0.0,0.0,1.0
304,0.0,0.0,1.0,0.0
305,0.0,0.0,0.6666666666666666,0.3333333333333333
306,0.0,0.0,1.0,0.0
307,,,,
308,,,,
309,,,,
310,0.0,0.3333333333333333,0.3333333333333333,0.3333333333333333
311,,,,
312,,,,
313,,,,
314,,,,
315,,,,
