,A,C,G,T
0,,,,
1,,,,
2,1.0,0.0,0.0,0.0
3,0.2222222222222222,0.6666666666666666,0.0,0.1111111111111111
4,0.0,1.0,0.0,0.0
5,0.9090909090909091,0.0,0.0,0.09090909090909091
6,0.0,0.0,0.0,1.0
7,0.0,0.0,0.8,0.2
8,0.6521739130434783,0.21739130434782608,0.0,0.13043478260869565
9,0.0,0.0,0.0,1.0
10,,,,
11,0.5833333333333334,0.4166666666666667,0.0,0.0
12,0.07142857142857142,0.0,0.9285714285714286,0.0
13,0.0,0.1111111111111111,0.7777777777777778,0.1111111111111111
14,0.6,0.4,0.0,0.0
15,,,,
16,0.0,1.0,0.0,0.0
17,0.5,0.5,0.0,0.0
18,0.0,0.6,0.4,0.0
19,0.0,0.0,0.0,1.0
20,0.0,0.0,0.0,1.0
21,,,,
22,,,,
23,0.0,0.0,1.0,0.0
24,,,,
25,1.0,0.0,0.0,0.0
26,0.0,0.4375,0.5,0.0625
27,0.4074074074074074,0.5925925925925926,0.0,0.0
28,0.0,1.0,0.0,0.0
29,0.0,0.1,0.9,0.0
30,0.08333333333333333,0.0,0.75,0.16666666666666666
31,0.8571428571428571,0.14285714285714285,0.0,0.0
32,0.7,0.1,0.0,0.2
33,0.0,0.5,0.0,0.5
34,1.0,0.0,0.0,0.0
35,0.0,0.3333333333333333,0.0,0.6666666666666666
36,0.0,0.05,0.85,0.1
37,0.0,0.23076923076923078,0.7307692307692307,0.038461538461538464
38,1.0,0.0,0.0,0.0
39,0.15384615384615385,0.0,0.3076923076923077,0.5384615384615384
40,0.0,0.0,0.0,1.0
41,0.0,0.2857142857142857,0.7142857142857143,0.0
42,0.0,0.0,1.0,0.0
43,0.0,0.0,0.0,1.0
44,0.0,0.2777777777777778,0.6666666666666666,0.05555555555555555
45,0.0,0.0,0.9629629629629629,0.037037037037037035
46,0.0,0.5,0.5,0.0
47,0.8571428571428571,0.0,0.0,0.14285714285714285
48,0.0,0.16666666666666666,0.8333333333333334,0.0
49,0.25,0.0,0.0,0.75
50,0.6666666666666666,0.0,0.3333333333333333,0.0
51,0.0,0.0,0.0,1.0
52,,,,
53,0.0,1.0,0.0,0.0
54,1.0,0.0,0.0,0.0
55,,,,
56,0.5,0.0,0.0,0.5
57,0.2222222222222222,0.0,0.5555555555555556,0.2222222222222222
58,0.25,0.5,0.25,0.0
59,0.375,0.0,0.375,0.25
60,0.0,0.5789473684210527,0.3157894736842105,0.10526315789473684
61,0.1111111111111111,0.0,0.2222222222222222,0.6666666666666666
62,0.06666666666666667,0.0,0.13333333333333333,0.8
63,1.0,0.0,0.0,0.0
64,,,,
65,0.0,0.0,0.0,1.0
66,0.0,0.375,0.25,0.375
67,0.09302325581395349,0.0,0.7906976744186046,0.11627906976744186
68,0.0,0.6666666666666666,0.3333333333333333,0.0
69,0.3125,0.5625,0.0,0.125
70,0.0,0.5,0.5,0.0
71,0.18181818181818182,0.0,0.6363636363636364,0.18181818181818182
72,0.038461538461538464,0.34615384615384615,0.6153846153846154,0.0
73,0.5,0.0,0.0,0.5
74,0.08333333333333333,0.7083333333333334,0.20833333333333334,0.0
75,0.5294117647058824,0.4117647058823529,0.0,0.058823529411764705
76,0.9166666666666666,0.08333333333333333,0.0,0.0
77,0.631578947368421,0.3157894736842105,0.05263157894736842,0.0
78,0.7333333333333333,0.13333333333333333,0.0,0.13333333333333333
79,0.3709677419354839,0.41935483870967744,0.0,0.20967741935483872
80,0.0,0.0,0.09090909090909091,0.9090909090909091
81,0.09090909090909091,0.8181818181818182,0.09090909090909091,0.0
82,1.0,0.0,0.0,0.0
83,0.2857142857142857,0.0,0.14285714285714285,0.5714285714285714
84,0.0,0.17647058823529413,0.6862745098039216,0.13725490196078433
85,0.0,1.0,0.0,0.0
86,0.12,0.0,0.48,0.4
87,0.0,0.3125,0.40625,0.28125
88,0.5232558139534884,0.4186046511627907,0.0,0.05813953488372093
89,0.13953488372093023,0.0,0.046511627906976744,0.813953488372093
90,0.0,0.4666666666666667,0.4666666666666667,0.06666666666666667
91,0.3617021276595745,0.574468085106383,0.0,0.06382978723404255
92,0.1,0.6,0.3,0.0
93,0.7777777777777778,0.1111111111111111,0.0,0.1111111111111111
94,0.5625,0.328125,0.0,0.109375
95,0.16,0.72,0.12,0.0
96,0.5,0.13157894736842105,0.0,0.3684210526315789
97,0.5393258426966292,0.3595505617977528,0.0,0.10112359550561797
98,0.15151515151515152,0.7575757575757576,0.09090909090909091,0.0
99,0.14634146341463414,0.5853658536585366,0.2682926829268293,0.0
100,0.0,0.2413793103448276,0.034482758620689655,0.7241379310344828
101,0.034482758620689655,0.0,0.10344827586206896,0.8620689655172413
102,0.125,0.875,0.0,0.0
103,0.0,0.14814814814814814,0.18518518518518517,0.6666666666666666
104,0.0,0.0,0.05,0.95
105,0.0,0.0,1.0,0.0
106,0.0,0.0,0.0,1.0
107,0.5,0.5,0.0,0.0
108,0.0,0.18518518518518517,0.6666666666666666,0.14814814814814814
109,0.40860215053763443,0.5698924731182796,0.0,0.021505376344086023
110,0.0,0.0,0.0,1.0
111,1.0,0.0,0.0,0.0
112,0.0,0.0,0.0,1.0
113,0.0,1.0,0.0,0.0
114,0.0,0.25,0.625,0.125
115,0.0,1.0,0.0,0.0
116,0.07142857142857142,0.0,0.14285714285714285,0.7857142857142857
117,0.0,0.0,1.0,0.0
118,0.0,0.0,0.0,1.0
119,0.0,0.0,0.47368421052631576,0.5263157894736842
120,,,,
121,0.0,0.1111111111111111,0.1111111111111111,0.7777777777777778
122,0.5689655172413793,0.3620689655172414,0.0,0.06896551724137931
123,0.16279069767441862,0.0,0.5581395348837209,0.27906976744186046
124,0.0,0.3194444444444444,0.3194444444444444,0.3611111111111111
125,0.16666666666666666,0.0,0.3333333333333333,0.5
126,0.2857142857142857,0.0,0.2857142857142857,0.42857142857142855
127,0.0,0.0,0.0,1.0
128,0.0,0.8421052631578947,0.13157894736842105,0.02631578947368421
129,0.3333333333333333,0.6666666666666666,0.0,0.0
130,0.5238095238095238,0.2857142857142857,0.0,0.19047619047619047
131,0.5945945945945946,0.2972972972972973,0.0,0.10810810810810811
132,0.0,0.23076923076923078,0.6153846153846154,0.15384615384615385
133,0.0,0.0,0.8,0.2
134,0.0,1.0,0.0,0.0
135,,,,
136,0.2222222222222222,0.7777777777777778,0.0,0.0
137,0.2,0.0,0.24,0.56
138,0.0,0.0,0.0,1.0
139,0.0,0.0,1.0,0.0
140,0.7222222222222222,0.1111111111111111,0.0,0.16666666666666666
141,0.16666666666666666,0.8333333333333334,0.0,0.0
142,0.0,0.8,0.2,0.0
143,0.7647058823529411,0.17647058823529413,0.0,0.058823529411764705
144,,,,
145,0.1,0.5,0.0,0.4
146,0.0,0.6666666666666666,0.0,0.3333333333333333
147,0.0,0.5,0.5,0.0
148,0.0,0.0,1.0,0.0
149,0.5,0.4375,0.0625,0.0
150,1.0,0.0,0.0,0.0
151,0.0,0.8888888888888888,0.0,0.1111111111111111
152,0.6095238095238096,0.2761904761904762,0.0,0.11428571428571428
153,0.2638888888888889,0.5416666666666666,0.19444444444444445,0.0
154,0.0,0.35294117647058826,0.29411764705882354,0.35294117647058826
155,0.21212121212121213,0.0,0.030303030303030304,0.7575757575757576
156,0.0,0.13043478260869565,0.8260869565217391,0.043478260869565216
157,0.0,0.7142857142857143,0.2857142857142857,0.0
158,0.0,0.0,0.3125,0.6875
159,0.13157894736842105,0.6842105263157895,0.18421052631578946,0.0
160,0.0,0.5522388059701493,0.029850746268656716,0.417910447761194
161,0.1,0.6333333333333333,0.26666666666666666,0.0
162,0.02109704641350211,0.9493670886075949,0.029535864978902954,0.0
163,0.0,0.20588235294117646,0.35294117647058826,0.4411764705882353
164,0.06103286384976526,0.0,0.03755868544600939,0.9014084507042254
165,0.0,0.08333333333333333,0.7916666666666666,0.125
166,0.2692307692307692,0.5576923076923077,0.0,0.17307692307692307
167,0.13333333333333333,0.7333333333333333,0.13333333333333333,0.0
168,0.0,0.3333333333333333,0.0,0.6666666666666666
169,0.2222222222222222,0.7222222222222222,0.0,0.05555555555555555
170,0.5409836065573771,0.39344262295081966,0.0,0.06557377049180328
171,0.0,0.32432432432432434,0.5405405405405406,0.13513513513513514
172,0.46153846153846156,0.4076923076923077,0.0,0.13076923076923078
173,0.4,0.0,0.0,0.6
174,0.0,0.14814814814814814,0.48148148148148145,0.37037037037037035
175,0.18181818181818182,0.0,0.7272727272727273,0.09090909090909091
176,0.5517241379310345,0.0,0.3103448275862069,0.13793103448275862
177,0.3333333333333333,0.3333333333333333,0.3333333333333333,0.0
178,0.0,0.5957446808510638,0.10638297872340426,0.2978723404255319
179,0.21052631578947367,0.0,0.21052631578947367,0.5789473684210527
180,0.18181818181818182,0.09090909090909091,0.7272727272727273,0.0
181,0.0,0.7,0.1,0.2
182,0.03225806451612903,0.0,0.03225806451612903,0.9354838709677419
183,0.0,0.6,0.4,0.0
184,0.0,0.06818181818181818,0.8636363636363636,0.06818181818181818
185,0.028169014084507043,0.0,0.056338028169014086,0.9154929577464789
186,0.038461538461538464,0.0,0.8076923076923077,0.15384615384615385
187,,,,
188,0.0,0.8,0.0,0.2
189,0.0,0.25,0.75,0.0
190,0.0,0.0,0.5,0.5
191,0.0,0.0,0.0,1.0
192,0.0,0.0,0.16666666666666666,0.8333333333333334
193,0.1111111111111111,0.6666666666666666,0.2222222222222222,0.0
194,0.13333333333333333,0.0,0.4,0.4666666666666667
195,0.0,0.2926829268292683,0.7073170731707317,0.0
196,0.0,0.15384615384615385,0.8205128205128205,0.02564102564102564
197,0.35294117647058826,0.5294117647058824,0.0,0.11764705882352941
198,0.0,0.23076923076923078,0.7692307692307693,0.0
199,0.5833333333333334,0.4166666666666667,0.0,0.0
200,0.0,0.26666666666666666,0.7333333333333333,0.0
201,1.0,0.0,0.0,0.0
202,0.25,0.5,0.0,0.25
203,0.0,0.5675675675675675,0.3783783783783784,0.05405405405405406
204,0.15151515151515152,0.6666666666666666,0.0,0.18181818181818182
205,0.06060606060606061,0.696969696969697,0.24242424242424243,0.0
206,0.0036363636363636364,0.9672727272727273,0.02909090909090909,0.0
207,0.0,0.05714285714285714,0.5428571428571428,0.4
208,0.11363636363636363,0.0,0.20454545454545456,0.6818181818181818
209,0.47368421052631576,0.0,0.10526315789473684,0.42105263157894735
210,0.0,0.625,0.1875,0.1875
211,0.14285714285714285,0.14285714285714285,0.7142857142857143,0.0
212,0.0,0.23423423423423423,0.46846846846846846,0.2972972972972973
213,0.0,0.16666666666666666,0.8333333333333334,0.0
214,0.0,0.0,0.3333333333333333,0.6666666666666666
215,0.0,0.3142857142857143,0.22857142857142856,0.45714285714285713
216,0.5221238938053098,0.39823008849557523,0.0,0.07964601769911504
217,0.1875,0.5,0.3125,0.0
218,0.0,0.14285714285714285,0.6190476190476191,0.23809523809523808
219,0.0,0.875,0.0,0.125
220,0.0,0.0,0.8571428571428571,0.14285714285714285
221,0.1111111111111111,0.0,0.4444444444444444,0.4444444444444444
222,0.0,0.3125,0.3125,0.375
223,0.0,0.1277533039647577,0.8370044052863436,0.03524229074889868
224,0.25,0.7083333333333334,0.0,0.041666666666666664
225,0.1111111111111111,0.3333333333333333,0.5555555555555556,0.0
226,0.0,0.0,1.0,0.0
227,0.05,0.0,0.3,0.65
228,0.0,0.22580645161290322,0.7741935483870968,0.0
229,0.0,0.5277777777777778,0.4722222222222222,0.0
230,0.16129032258064516,0.7741935483870968,0.0,0.06451612903225806
231,,,,
232,0.0,0.13636363636363635,0.8636363636363636,0.0
233,0.0,0.0,0.2682926829268293,0.7317073170731707
234,0.5,0.0,0.5,0.0
235,0.0,0.0,0.7333333333333333,0.26666666666666666
236,0.46296296296296297,0.46296296296296297,0.0,0.07407407407407407
237,0.38461538461538464,0.23076923076923078,0.38461538461538464,0.0
238,0.0,0.0,1.0,0.0
239,0.1111111111111111,0.0,0.6296296296296297,0.25925925925925924
240,0.0,0.0,1.0,0.0
241,0.2,0.0,0.0,0.8
242,0.3684210526315789,0.0,0.3684210526315789,0.2631578947368421
243,0.15384615384615385,0.0,0.15384615384615385,0.6923076923076923
244,0.3333333333333333,0.0,0.6666666666666666,0.0
245,0.09090909090909091,0.8181818181818182,0.0,0.09090909090909091
246,0.0,0.5333333333333333,0.4666666666666667,0.0
247,0.0,0.14285714285714285,0.8311688311688312,0.025974025974025976
248,0.24761904761904763,0.5333333333333333,0.0,0.21904761904761905
249,0.13043478260869565,0.0,0.11594202898550725,0.7536231884057971
250,0.0,0.0,1.0,0.0
251,0.625,0.375,0.0,0.0
252,0.0,0.14285714285714285,0.5714285714285714,0.2857142857142857
253,0.48314606741573035,0.4887640449438202,0.0,0.028089887640449437
254,0.04395604395604396,0.0,0.46153846153846156,0.4945054945054945
255,0.0,0.2,0.8,0.0
256,0.6666666666666666,0.0,0.1111111111111111,0.2222222222222222
257,0.2631578947368421,0.47368421052631576,0.2631578947368421,0.0
258,0.6,0.4,0.0,0.0
259,0.0,0.6,0.4,0.0
260,0.4444444444444444,0.4444444444444444,0.0,0.1111111111111111
261,0.0,0.0,1.0,0.0
262,0.25,0.0,0.5,0.25
263,0.037037037037037035,0.0,0.4444444444444444,0.5185185185185185
264,0.6666666666666666,0.0,0.0,0.3333333333333333
265,0.0,0.0,0.0,1.0
266,0.0,0.0,0.4,0.6
267,0.5,0.0,0.0,0.5
268,,,,
269,0.45454545454545453,0.13636363636363635,0.0,0.4090909090909091
270,1.0,0.0,0.0,0.0
271,,,,
272,0.5,0.0,0.0,0.5
273,0.0,0.3333333333333333,0.3333333333333333,0.3333333333333333
274,0.0,0.0,0.6666666666666666,0.3333333333333333
275,0.0,0.0,0.0,1.0
276,1.0,0.0,0.0,0.0
277,0.0,0.0,0.9375,0.0625
278,0.0,0.0,0.0,1.0
279,0.6440677966101694,0.3559322033898305,0.0,0.0
280,0.2,0.2,0.6,0.0
281,0.3225806451612903,0.29838709677419356,0.0,0.3790322580645161
282,0.0,0.0,1.0,0.0
283,0.0,0.0,0.0,1.0
284,0.0,0.9142857142857143,0.08571428571428572,0.0
285,0.0,0.5,0.5,0.0
286,0.0,0.047619047619047616,0.0,0.9523809523809523
287,0.0,0.0,0.0,1.0
288,,,,
289,,,,
290,0.0,0.0,0.0,1.0
291,,,,
292,0.0,1.0,0.0,0.0
293,0.0,0.0,1.0,0.0
294,,,,
295,,,,
296,,,,
297,,,,
298,,,,
299,,,,
300,,,,
301,,,,
302,0.0,0.0,0.0,1.0
303,,,,
304,0.0,0.0,1.0,0.0
305,,,,
306,,,,
307,,,,
308,,,,
309,,,,
