,A,C,G,T
0,,,,
1,,,,
2,0.46614173228346456,0.43622047244094486,0.0,0.09763779527559055
3,0.6210526315789474,0.20350877192982456,0.0,0.17543859649122806
4,0.4611973392461197,0.376940133037694,0.16186252771618626,0.0
5,0.6152304609218436,0.1903807615230461,0.0,0.19438877755511022
6,0.4827586206896552,0.0,0.35919540229885055,0.15804597701149425
7,0.0,0.09230769230769231,0.6564102564102564,0.2512820512820513
8,0.7007376185458377,0.22391991570073763,0.0,0.07534246575342465
9,0.048411497730711045,0.0,0.18305597579425115,0.7685325264750378
10,0.3684210526315789,0.2631578947368421,0.3684210526315789,0.0
11,0.38485804416403785,0.3722397476340694,0.0,0.24290220820189273
12,0.3652173913043478,0.263768115942029,0.0,0.3710144927536232
13,0.36538461538461536,0.5653846153846154,0.06923076923076923,0.0
14,0.44140625,0.1328125,0.0,0.42578125
15,0.015503875968992248,0.7751937984496124,0.0,0.20930232558139536
16,0.0,0.5114155251141552,0.2465753424657534,0.2420091324200913
17,0.7622820919175911,0.1347068145800317,0.0,0.10301109350237718
18,0.1761006289308176,0.18238993710691823,0.6415094339622641,0.0
19,0.3958333333333333,0.0,0.1875,0.4166666666666667
20,0.03951367781155015,0.2629179331306991,0.6975683890577508,0.0
21,0.26744186046511625,0.18604651162790697,0.0,0.5465116279069767
22,0.18269230769230768,0.1346153846153846,0.0,0.6826923076923077
23,0.31862745098039214,0.22058823529411764,0.0,0.46078431372549017
24,0.23404255319148937,0.10638297872340426,0.0,0.6595744680851063
25,0.12987012987012986,0.2077922077922078,0.0,0.6623376623376623
26,0.0,0.38461538461538464,0.4153846153846154,0.2
27,0.5655526992287918,0.3033419023136247,0.0,0.13110539845758354
28,0.506578947368421,0.4095394736842105,0.0,0.08388157894736842
29,0.17703349282296652,0.0,0.423444976076555,0.39952153110047844
30,0.05520702634880803,0.8143036386449184,0.13048933500627352,0.0
31,0.04950495049504951,0.6237623762376238,0.32673267326732675,0.0
32,0.5466666666666666,0.32666666666666666,0.0,0.12666666666666668
33,0.6861313868613139,0.14051094890510948,0.0,0.17335766423357665
34,0.30701754385964913,0.6074561403508771,0.08552631578947369,0.0
35,0.0,0.22965116279069767,0.42848837209302326,0.34186046511627904
36,0.6039215686274509,0.0,0.3137254901960784,0.08235294117647059
37,0.0,0.2572944297082228,0.6472148541114059,0.09549071618037135
38,0.6704805491990846,0.16247139588100687,0.0,0.16704805491990846
39,0.3756906077348066,0.0,0.15469613259668508,0.4696132596685083
40,0.19413919413919414,0.0,0.673992673992674,0.13186813186813187
41,0.016122840690978888,0.02802303262955854,0.9558541266794626,0.0
42,0.1016949152542373,0.1694915254237288,0.0,0.7288135593220338
43,0.20833333333333334,0.16666666666666666,0.0,0.625
44,0.5743589743589743,0.13333333333333333,0.0,0.2923076923076923
45,0.3819444444444444,0.20833333333333334,0.0,0.4097222222222222
46,0.6946308724832215,0.13758389261744966,0.0,0.16778523489932887
47,0.5526315789473685,0.14736842105263157,0.0,0.3
48,0.5116279069767442,0.24031007751937986,0.24806201550387597,0.0
49,0.5078125,0.0,0.1640625,0.328125
50,0.2195945945945946,0.0,0.22635135135135134,0.5540540540540541
51,0.2857142857142857,0.0,0.32275132275132273,0.3915343915343915
52,0.12149532710280374,0.22429906542056074,0.6542056074766355,0.0
53,0.4194214876033058,0.24793388429752067,0.0,0.33264462809917356
54,0.0,0.7427536231884058,0.19202898550724637,0.06521739130434782
55,0.45228215767634855,0.4024896265560166,0.0,0.14522821576763487
56,0.0,0.4444444444444444,0.42063492063492064,0.1349206349206349
57,0.3691275167785235,0.0,0.5033557046979866,0.12751677852348994
58,0.07142857142857142,0.44285714285714284,0.4857142857142857,0.0
59,0.12323943661971831,0.0,0.49295774647887325,0.38380281690140844
60,0.31283422459893045,0.32620320855614976,0.3609625668449198,0.0
61,0.4056603773584906,0.0,0.16037735849056603,0.4339622641509434
62,0.2183406113537118,0.0,0.13973799126637554,0.6419213973799127
63,0.07317073170731707,0.2073170731707317,0.7195121951219512,0.0
64,0.05454545454545454,0.2,0.0,0.7454545454545455
65,0.026706231454005934,0.7863501483679525,0.18694362017804153,0.0
66,0.5902688860435339,0.04481434058898848,0.0,0.3649167733674776
67,0.31140861466821884,0.0,0.07217694994179279,0.6164144353899884
68,0.0,0.29296875,0.537109375,0.169921875
69,0.6873156342182891,0.11504424778761062,0.0,0.1976401179941003
70,0.14064362336114422,0.0,0.43504171632896305,0.42431466030989273
71,0.22712933753943218,0.0,0.3627760252365931,0.41009463722397477
72,0.21226415094339623,0.4481132075471698,0.33962264150943394,0.0
73,0.28125,0.0,0.1171875,0.6015625
74,0.2777777777777778,0.4212962962962963,0.30092592592592593,0.0
75,0.4791666666666667,0.39166666666666666,0.0,0.12916666666666668
76,0.7487437185929648,0.14824120603015076,0.0,0.10301507537688442
77,0.0,0.5336617405582923,0.2955665024630542,0.17077175697865354
78,0.25,0.558252427184466,0.19174757281553398,0.0
79,0.30493273542600896,0.4663677130044843,0.22869955156950672,0.0
80,0.1729490022172949,0.0,0.23725055432372505,0.5898004434589801
81,0.0,0.3790523690773067,0.5029093931837074,0.11803823773898586
82,0.25770308123249297,0.0,0.4327731092436975,0.30952380952380953
83,0.15741935483870967,0.0,0.2696774193548387,0.5729032258064516
84,0.12207357859531773,0.7224080267558528,0.15551839464882944,0.0
85,0.21019108280254778,0.4840764331210191,0.3057324840764331,0.0
86,0.18406593406593408,0.0,0.14148351648351648,0.6744505494505495
87,0.0,0.30036630036630035,0.5970695970695971,0.10256410256410256
88,0.6601218686526743,0.26811103588354773,0.0,0.07176709546377792
89,0.2735095267363245,0.4947756607252612,0.23171481253841425,0.0
90,0.0,0.17378048780487804,0.5923344947735192,0.23388501742160278
91,0.3604757548032937,0.5173833485818847,0.0,0.1221408966148216
92,0.16559691912708602,0.0,0.06001283697047497,0.774390243902439
93,0.201,0.574,0.225,0.0
94,0.0,0.36363636363636365,0.15830721003134796,0.4780564263322884
95,0.13658536585365855,0.7551219512195122,0.10829268292682927,0.0
96,0.0,0.16881827209533268,0.7348560079443893,0.09632571996027806
97,0.47687667560321717,0.4624664879356568,0.0,0.060656836461126004
98,0.06573589296102385,0.0,0.07737056428155904,0.8568935427574171
99,0.0,0.3967391304347826,0.17119565217391305,0.4320652173913043
100,0.05194805194805195,0.2987012987012987,0.6493506493506493,0.0
101,0.38028169014084506,0.3855633802816901,0.0,0.23415492957746478
102,0.0,0.5208333333333334,0.38235294117647056,0.09681372549019608
103,0.0,0.4190330007674597,0.39293937068303914,0.18802762854950114
104,0.028985507246376812,0.0,0.09799861973775018,0.873015873015873
105,0.05,0.3,0.65,0.0
106,0.15384615384615385,0.1346153846153846,0.0,0.7115384615384616
107,0.11764705882352941,0.19607843137254902,0.0,0.6862745098039216
108,0.36666666666666664,0.20277777777777778,0.0,0.4305555555555556
109,0.08139534883720931,0.7093023255813954,0.20930232558139536,0.0
110,0.3048128342245989,0.0,0.13903743315508021,0.5561497326203209
111,0.3925233644859813,0.0,0.45794392523364486,0.14953271028037382
112,0.3269230769230769,0.21153846153846154,0.0,0.46153846153846156
113,0.24285714285714285,0.0,0.18214285714285713,0.575
114,0.5952380952380952,0.0,0.21428571428571427,0.19047619047619047
115,0.0,0.18359375,0.390625,0.42578125
116,0.3974358974358974,0.38461538461538464,0.0,0.21794871794871795
117,0.6451016635859519,0.14972273567467653,0.0,0.20517560073937152
118,0.07547169811320754,0.0,0.29559748427672955,0.6289308176100629
119,0.11653116531165311,0.5934959349593496,0.2899728997289973,0.0
120,0.26436781609195403,0.0,0.5747126436781609,0.16091954022988506
121,0.7169811320754716,0.0,0.1320754716981132,0.1509433962264151
122,0.0,0.15441176470588236,0.6715686274509803,0.17401960784313725
123,0.2608695652173913,0.43478260869565216,0.0,0.30434782608695654
124,0.564625850340136,0.19047619047619047,0.0,0.24489795918367346
125,0.6799116997792495,0.2119205298013245,0.0,0.10816777041942605
126,0.0,0.42292490118577075,0.5098814229249012,0.06719367588932806
127,0.0,0.10559006211180125,0.8385093167701864,0.055900621118012424
128,0.43352601156069365,0.08670520231213873,0.0,0.4797687861271676
129,0.2818181818181818,0.2590909090909091,0.0,0.4590909090909091
130,0.32646048109965636,0.15807560137457044,0.0,0.5154639175257731
131,0.5587213342599027,0.3064628214037526,0.0,0.1348158443363447
132,0.28125,0.0,0.4166666666666667,0.3020833333333333
133,0.04054054054054054,0.5900900900900901,0.36936936936936937,0.0
134,0.37601626016260165,0.10772357723577236,0.0,0.516260162601626
135,0.1661631419939577,0.5166163141993958,0.0,0.31722054380664655
136,0.0,0.16404494382022472,0.6966292134831461,0.1393258426966292
137,0.7765843179377014,0.0966702470461869,0.0,0.1267454350161117
138,0.0891089108910891,0.034653465346534656,0.8762376237623762,0.0
139,0.18731117824773413,0.11782477341389729,0.0,0.6948640483383686
140,0.36789297658862874,0.2709030100334448,0.0,0.3612040133779264
141,0.6252499285918309,0.3464724364467295,0.0,0.028277634961439587
142,0.09042553191489362,0.1276595744680851,0.7819148936170213,0.0
143,0.08680851063829788,0.7148936170212766,0.19829787234042554,0.0
144,0.03676470588235294,0.013786764705882353,0.9494485294117647,0.0
145,0.5306122448979592,0.0,0.22448979591836735,0.24489795918367346
146,0.0,0.3241025641025641,0.4676923076923077,0.2082051282051282
147,0.3178378378378378,0.5081081081081081,0.17405405405405405,0.0
148,0.0,0.22180094786729856,0.10995260663507109,0.6682464454976303
149,0.07769703745109,0.0,0.06763555058692007,0.8546674119619899
150,0.0,0.2526041666666667,0.4765625,0.2708333333333333
151,0.16158536585365854,0.20426829268292682,0.6341463414634146,0.0
152,0.23288590604026846,0.6201342281879194,0.14697986577181207,0.0
153,0.0,0.21120293847566574,0.6813590449954087,0.10743801652892562
154,0.4868208714362561,0.44647660032275416,0.0,0.06670252824098978
155,0.21558988764044945,0.42064606741573035,0.3637640449438202,0.0
156,0.0,0.2593843843843844,0.566066066066066,0.17454954954954954
157,0.28379478827361565,0.5374592833876222,0.0,0.1787459283387622
158,0.316374269005848,0.36257309941520466,0.32105263157894737,0.0
159,0.0,0.14991961414790997,0.752411575562701,0.09766881028938906
160,0.397244094488189,0.5137795275590551,0.0,0.08897637795275591
161,0.3045267489711934,0.4808935920047031,0.21457965902410348,0.0
162,0.0,0.09090909090909091,0.8360715589631252,0.07301935012778386
163,0.2747068676716918,0.507537688442211,0.0,0.21775544388609716
164,0.29636048526863085,0.4581166955517042,0.24552281917966493,0.0
165,0.0,0.16807432432432431,0.6913006756756757,0.140625
166,0.4694576092680358,0.4452343338599263,0.0,0.08530805687203792
167,0.3753943217665615,0.41692954784437436,0.20767613038906416,0.0
168,0.0,0.2652284263959391,0.4699661590524535,0.26480541455160744
169,0.3711059190031153,0.0,0.21261682242990654,0.41627725856697817
170,0.22654462242562928,0.0,0.40503432494279173,0.3684210526315789
171,0.0,0.16508313539192399,0.6520190023752969,0.1828978622327791
172,0.2665544332210999,0.5510662177328844,0.18237934904601572,0.0
173,0.0,0.35964912280701755,0.36293859649122806,0.2774122807017544
174,0.21370558375634519,0.567005076142132,0.21928934010152284,0.0
175,0.0,0.24851367419738407,0.133769322235434,0.617717003567182
176,0.07712215320910973,0.0,0.2644927536231884,0.6583850931677019
177,0.18446601941747573,0.30339805825242716,0.5121359223300971,0.0
178,0.0,0.34913793103448276,0.19827586206896552,0.4525862068965517
179,0.0684062059238364,0.0,0.029619181946403384,0.9019746121297603
180,0.5062893081761006,0.139937106918239,0.0,0.35377358490566035
181,0.26652452025586354,0.0,0.44349680170575695,0.2899786780383795
182,0.0,0.2800982800982801,0.4914004914004914,0.2285012285012285
183,0.546875,0.22395833333333334,0.0,0.22916666666666666
184,0.0,0.48614609571788414,0.3224181360201511,0.19143576826196473
185,0.1893687707641196,0.0,0.5647840531561462,0.24584717607973422
186,0.17272727272727273,0.14242424242424243,0.6848484848484848,0.0
187,0.3008849557522124,0.0,0.2345132743362832,0.4646017699115044
188,0.21237113402061855,0.38969072164948454,0.3979381443298969,0.0
189,0.4453125,0.3151041666666667,0.0,0.23958333333333334
190,0.08860759493670886,0.39556962025316456,0.5158227848101266,0.0
191,0.45964912280701753,0.23508771929824562,0.0,0.30526315789473685
192,0.0,0.3905579399141631,0.5836909871244635,0.02575107296137339
193,0.0,0.05027932960893855,0.8978451715881883,0.05187549880287311
194,0.37012987012987014,0.33766233766233766,0.0,0.2922077922077922
195,0.32386363636363635,0.2159090909090909,0.0,0.4602272727272727
196,0.529126213592233,0.21844660194174756,0.0,0.2524271844660194
197,0.2703862660944206,0.0,0.39914163090128757,0.33047210300429186
198,0.7555555555555555,0.0,0.11851851851851852,0.1259259259259259
199,0.3944954128440367,0.11926605504587157,0.0,0.48623853211009177
200,0.0,0.4831932773109244,0.41316526610644255,0.10364145658263306
201,0.16455696202531644,0.37130801687763715,0.4641350210970464,0.0
202,0.21,0.15,0.64,0.0
203,0.4244604316546763,0.0,0.09352517985611511,0.48201438848920863
204,0.0,0.10248447204968944,0.546583850931677,0.35093167701863354
205,0.14168377823408623,0.0,0.30390143737166325,0.5544147843942505
206,0.3893129770992366,0.0,0.183206106870229,0.42748091603053434
207,0.0,0.06939163498098859,0.905893536121673,0.024714828897338403
208,0.09763313609467456,0.5088757396449705,0.39349112426035504,0.0
209,0.19400352733686066,0.0,0.2716049382716049,0.5343915343915344
210,0.3272058823529412,0.0625,0.6102941176470589,0.0
211,0.4293785310734463,0.0,0.15819209039548024,0.4124293785310734
212,0.3508771929824561,0.0,0.09649122807017543,0.5526315789473685
213,0.0,0.40555555555555556,0.45555555555555555,0.1388888888888889
214,0.42657342657342656,0.34965034965034963,0.0,0.22377622377622378
215,0.0,0.18201754385964913,0.7653508771929824,0.05263157894736842
216,0.6415094339622641,0.1320754716981132,0.0,0.22641509433962265
217,0.0,0.3627450980392157,0.5,0.13725490196078433
218,0.3524904214559387,0.0,0.19157088122605365,0.4559386973180077
219,0.0,0.05972045743329098,0.8881829733163914,0.052096569250317665
220,0.0,0.3862559241706161,0.48104265402843605,0.13270142180094788
221,0.07609668755595345,0.7985675917636527,0.12533572068039392,0.0
222,0.40487804878048783,0.11707317073170732,0.0,0.47804878048780486
223,0.2822857142857143,0.0,0.4045714285714286,0.31314285714285717
224,0.6304347826086957,0.0,0.2028985507246377,0.16666666666666666
225,0.0,0.4095022624434389,0.5610859728506787,0.029411764705882353
226,0.0,0.1099815157116451,0.8086876155268022,0.08133086876155268
227,0.476831091180867,0.40657698056801195,0.0,0.11659192825112108
228,0.0,0.19680851063829788,0.7677304964539007,0.03546099290780142
229,0.0,0.14524207011686144,0.7863105175292153,0.06844741235392321
230,0.10365135453474676,0.0,0.26325088339222613,0.633097762073027
231,0.4366576819407008,0.0673854447439353,0.49595687331536387,0.0
232,0.225,0.0,0.08055555555555556,0.6944444444444444
233,0.0,0.3284313725490196,0.35375816993464054,0.31781045751633985
234,0.08737283064033513,0.0,0.6002393776181927,0.3123877917414722
235,0.2828282828282828,0.20202020202020202,0.5151515151515151,0.0
236,0.46551724137931033,0.2774294670846395,0.0,0.25705329153605017
237,0.3370473537604457,0.38440111420612816,0.2785515320334262,0.0
238,0.0,0.2750252780586451,0.03286147623862487,0.69211324570273
239,0.061971830985915494,0.6676056338028169,0.2704225352112676,0.0
240,0.08,0.0,0.05,0.87
241,0.20430107526881722,0.15053763440860216,0.6451612903225806,0.0
242,0.612410986775178,0.22380467955239064,0.0,0.16378433367243134
243,0.23177083333333334,0.0,0.6927083333333334,0.07552083333333333
244,0.0,0.14084507042253522,0.49295774647887325,0.36619718309859156
245,0.0,0.2839506172839506,0.6234567901234568,0.09259259259259259
246,0.0,0.34726688102893893,0.24115755627009647,0.4115755627009646
247,0.19318181818181818,0.17045454545454544,0.6363636363636364,0.0
248,0.18503937007874016,0.421259842519685,0.0,0.3937007874015748
249,0.0,0.18261826182618263,0.7755775577557755,0.041804180418041806
250,0.0,0.25665236051502144,0.6927038626609442,0.050643776824034335
251,0.11970802919708029,0.0,0.16496350364963502,0.7153284671532847
252,0.0,0.1195840554592721,0.7868284228769498,0.09358752166377816
253,0.756797583081571,0.2084592145015106,0.0,0.03474320241691843
254,0.19078947368421054,0.0,0.20230263157894737,0.6069078947368421
255,0.22077922077922077,0.0,0.354978354978355,0.42424242424242425
256,0.22018348623853212,0.1559633027522936,0.6238532110091743,0.0
257,0.3238341968911917,0.5103626943005182,0.0,0.16580310880829016
258,0.0,0.5249110320284698,0.4430604982206406,0.03202846975088968
259,0.35584415584415585,0.5506493506493506,0.0,0.09350649350649351
260,0.0,0.29896907216494845,0.6185567010309279,0.08247422680412371
261,0.2805755395683453,0.6402877697841727,0.0,0.07913669064748201
262,0.0,1.0,0.0,0.0
263,0.1977401129943503,0.0,0.7401129943502824,0.062146892655367235
264,0.6,0.14666666666666667,0.0,0.25333333333333335
265,0.0,0.49795918367346936,0.46938775510204084,0.0326530612244898
266,0.2704960835509138,0.6731070496083551,0.0,0.05639686684073107
267,0.3617021276595745,0.10638297872340426,0.0,0.5319148936170213
268,0.0,0.25,0.45,0.3
269,0.36086956521739133,0.0,0.07391304347826087,0.5652173913043478
270,0.0,0.03214285714285714,0.45714285714285713,0.5107142857142857
271,0.17857142857142858,0.0,0.15178571428571427,0.6696428571428571
272,0.35436893203883496,0.3058252427184466,0.0,0.33980582524271846
273,0.28378378378378377,0.05405405405405406,0.0,0.6621621621621622
274,0.06571428571428571,0.0,0.8942857142857142,0.04
275,0.23733333333333334,0.49333333333333335,0.2693333333333333,0.0
276,0.612094395280236,0.2935103244837758,0.0,0.0943952802359882
277,0.13302752293577982,0.5779816513761468,0.2889908256880734,0.0
278,0.36416477129138236,0.41546626231993933,0.0,0.22036896638867828
279,0.125,0.05357142857142857,0.8214285714285714,0.0
280,0.0,0.11764705882352941,0.20588235294117646,0.6764705882352942
281,0.014970059880239521,0.9236526946107785,0.061377245508982034,0.0
282,0.06666666666666667,0.6,0.3333333333333333,0.0
283,0.0,0.04336734693877551,0.044642857142857144,0.9119897959183674
284,0.015425888665325285,0.0,0.022132796780684104,0.9624413145539906
285,0.14814814814814814,0.16049382716049382,0.691358024691358,0.0
286,0.3559322033898305,0.16101694915254236,0.0,0.4830508474576271
287,0.0,0.612565445026178,0.387434554973822,0.0
288,0.7283702213279678,0.022132796780684104,0.0,0.24949698189134809
289,0.10268714011516315,0.0,0.08061420345489444,0.8166986564299424
290,0.28668941979522183,0.3993174061433447,0.0,0.31399317406143346
291,0.0,0.6457564575645757,0.35239852398523985,0.0018450184501845018
292,0.49747474747474746,0.3838383838383838,0.0,0.11868686868686869
293,0.0,0.07924528301886792,0.7924528301886793,0.12830188679245283
294,0.519774011299435,0.15254237288135594,0.0,0.327683615819209
295,0.0,0.2677165354330709,0.5511811023622047,0.18110236220472442
296,0.27586206896551724,0.42528735632183906,0.2988505747126437,0.0
297,0.078125,0.0,0.390625,0.53125
298,0.203125,0.703125,0.09375,0.0
299,0.27906976744186046,0.0,0.32558139534883723,0.3953488372093023
300,0.2,0.52,0.28,0.0
301,0.05,0.0,0.95,0.0
302,0.13157894736842105,0.8157894736842105,0.0,0.05263157894736842
303,0.14285714285714285,0.0,0.2857142857142857,0.5714285714285714
304,,,,
305,0.0,0.0,0.0,1.0
306,,,,
307,0.5,0.0,0.0,0.5
308,,,,
309,,,,
310,0.0,1.0,0.0,0.0
311,,,,
312,,,,
313,,,,
314,,,,
315,,,,
