,A,C,G,T
0,,,,
1,,,,
2,0.0,0.15359477124183007,0.7810457516339869,0.06535947712418301
3,0.5428571428571428,0.4,0.0,0.05714285714285714
4,0.4,0.2,0.4,0.0
5,0.5961538461538461,0.2403846153846154,0.0,0.16346153846153846
6,0.21818181818181817,0.0,0.2727272727272727,0.509090909090909
7,0.0,0.08928571428571429,0.4642857142857143,0.44642857142857145
8,0.6756756756756757,0.28378378378378377,0.0,0.04054054054054054
9,0.06363636363636363,0.0,0.13636363636363635,0.8
10,0.14285714285714285,0.42857142857142855,0.42857142857142855,0.0
11,0.5454545454545454,0.2597402597402597,0.0,0.19480519480519481
12,0.2748091603053435,0.5190839694656488,0.0,0.20610687022900764
13,0.6160714285714286,0.29464285714285715,0.08928571428571429,0.0
14,0.7107438016528925,0.15702479338842976,0.0,0.1322314049586777
15,0.2,0.0,0.26666666666666666,0.5333333333333333
16,0.0,0.45,0.15,0.4
17,0.058823529411764705,0.11764705882352941,0.0,0.8235294117647058
18,0.1111111111111111,0.2962962962962963,0.5925925925925926,0.0
19,0.45,0.0,0.05,0.5
20,,,,
21,0.42857142857142855,0.08571428571428572,0.0,0.4857142857142857
22,0.2891566265060241,0.5301204819277109,0.0,0.18072289156626506
23,0.0,0.2727272727272727,0.4818181818181818,0.24545454545454545
24,0.38095238095238093,0.48717948717948717,0.0,0.13186813186813187
25,0.12195121951219512,0.0,0.47560975609756095,0.4024390243902439
26,0.0,0.2,0.4666666666666667,0.3333333333333333
27,0.049586776859504134,0.8429752066115702,0.0,0.10743801652892562
28,0.0,0.6187050359712231,0.05755395683453238,0.3237410071942446
29,0.8643617021276596,0.06914893617021277,0.0,0.06648936170212766
30,0.42048517520215634,0.3045822102425876,0.0,0.2749326145552561
31,0.06329113924050633,0.379746835443038,0.5569620253164557,0.0
32,0.3888888888888889,0.42063492063492064,0.0,0.19047619047619047
33,0.0,0.7849462365591398,0.16129032258064516,0.053763440860215055
34,0.0,0.1674641148325359,0.69377990430622,0.13875598086124402
35,0.0,0.18018018018018017,0.8018018018018018,0.018018018018018018
36,0.0,0.3219178082191781,0.5958904109589042,0.0821917808219178
37,0.0,0.1836734693877551,0.6870748299319728,0.1292517006802721
38,0.31746031746031744,0.07936507936507936,0.0,0.6031746031746031
39,0.27058823529411763,0.0,0.3764705882352941,0.35294117647058826
40,0.525,0.0,0.075,0.4
41,0.35714285714285715,0.0,0.25,0.39285714285714285
42,0.25925925925925924,0.37037037037037035,0.0,0.37037037037037035
43,0.1,0.275,0.0,0.625
44,0.7525773195876289,0.13917525773195877,0.0,0.10824742268041238
45,0.4864864864864865,0.2972972972972973,0.0,0.21621621621621623
46,0.0,0.64,0.26,0.1
47,0.3826086956521739,0.391304347826087,0.0,0.22608695652173913
48,0.08064516129032258,0.6451612903225806,0.27419354838709675,0.0
49,0.25806451612903225,0.0,0.12903225806451613,0.6129032258064516
50,0.06741573033707865,0.5393258426966292,0.39325842696629215,0.0
51,0.10666666666666667,0.0,0.6533333333333333,0.24
52,0.11428571428571428,0.37142857142857144,0.5142857142857142,0.0
53,0.26744186046511625,0.37209302325581395,0.0,0.36046511627906974
54,0.0,0.7631578947368421,0.11842105263157894,0.11842105263157894
55,0.3915343915343915,0.5679012345679012,0.0,0.04056437389770723
56,0.655,0.09,0.0,0.255
57,0.0,0.6470588235294118,0.2823529411764706,0.07058823529411765
58,0.41935483870967744,0.3548387096774194,0.22580645161290322,0.0
59,0.10655737704918032,0.0,0.04918032786885246,0.8442622950819673
60,0.3068181818181818,0.4318181818181818,0.26136363636363635,0.0
61,0.47058823529411764,0.0,0.23529411764705882,0.29411764705882354
62,0.2727272727272727,0.0,0.10909090909090909,0.6181818181818182
63,0.1111111111111111,0.2777777777777778,0.6111111111111112,0.0
64,0.16666666666666666,0.25,0.0,0.5833333333333334
65,0.030303030303030304,0.8787878787878788,0.09090909090909091,0.0
66,0.0,0.6554712892741061,0.3174431202600217,0.027085590465872156
67,0.0,0.35526315789473684,0.5953947368421053,0.049342105263157895
68,0.6041666666666666,0.28125,0.0,0.11458333333333333
69,0.83399209486166,0.08300395256916997,0.0,0.08300395256916997
70,0.040123456790123455,0.8199588477366255,0.0,0.13991769547325103
71,0.09312638580931264,0.6807095343680709,0.2261640798226164,0.0
72,0.27058823529411763,0.3176470588235294,0.4117647058823529,0.0
73,0.12121212121212122,0.0,0.0707070707070707,0.8080808080808081
74,0.09154929577464789,0.8028169014084507,0.1056338028169014,0.0
75,0.24,0.44,0.0,0.32
76,0.7014925373134329,0.15671641791044777,0.0,0.1417910447761194
77,0.0,0.40764331210191085,0.31210191082802546,0.2802547770700637
78,0.23255813953488372,0.42441860465116277,0.3430232558139535,0.0
79,0.0,0.16363636363636364,0.04242424242424243,0.793939393939394
80,0.07106598984771574,0.0,0.17766497461928935,0.751269035532995
81,0.0,0.2440677966101695,0.6440677966101694,0.11186440677966102
82,0.39100346020761245,0.4449826989619377,0.0,0.16401384083044981
83,0.1929611650485437,0.0,0.21723300970873785,0.5898058252427184
84,0.20512820512820512,0.358974358974359,0.4358974358974359,0.0
85,0.05,0.55,0.4,0.0
86,0.030470914127423823,0.9002770083102493,0.06925207756232687,0.0
87,0.0,0.19610570236439498,0.45479833101529904,0.34909596662030595
88,0.3073770491803279,0.0,0.43579234972677594,0.2568306010928962
89,0.12903225806451613,0.0,0.47096774193548385,0.4
90,0.0,0.07614213197969544,0.8299492385786802,0.09390862944162437
91,0.6024402643619725,0.36858159633960347,0.0,0.028978139298423997
92,0.18506998444790046,0.0,0.19440124416796267,0.6205287713841369
93,0.3228511530398323,0.610062893081761,0.06708595387840671,0.0
94,0.0,0.3201058201058201,0.018518518518518517,0.6613756613756614
95,0.0076481835564053535,0.0,0.0841300191204589,0.9082217973231358
96,0.41379310344827586,0.29310344827586204,0.29310344827586204,0.0
97,0.44339622641509435,0.17452830188679244,0.0,0.38207547169811323
98,0.19607843137254902,0.7009803921568627,0.0,0.10294117647058823
99,0.0,0.4794520547945205,0.3219178082191781,0.19863013698630136
100,0.25,0.3958333333333333,0.3541666666666667,0.0
101,0.18285714285714286,0.0,0.045714285714285714,0.7714285714285715
102,0.0,0.2904761904761905,0.22380952380952382,0.4857142857142857
103,0.42504409171075835,0.48912404467960025,0.0,0.08583186360964139
104,0.031496062992125984,0.0,0.04094488188976378,0.9275590551181102
105,0.13636363636363635,0.36363636363636365,0.5,0.0
106,0.09090909090909091,0.09090909090909091,0.0,0.8181818181818182
107,0.1111111111111111,0.16666666666666666,0.0,0.7222222222222222
108,0.3153153153153153,0.2972972972972973,0.0,0.38738738738738737
109,0.0625,0.1875,0.75,0.0
110,0.17721518987341772,0.34177215189873417,0.0,0.4810126582278481
111,0.4,0.0,0.25,0.35
112,0.42857142857142855,0.2857142857142857,0.0,0.2857142857142857
113,0.25,0.0,0.14583333333333334,0.6041666666666666
114,0.4782608695652174,0.0,0.13043478260869565,0.391304347826087
115,0.0,0.1206896551724138,0.39655172413793105,0.4827586206896552
116,0.38345864661654133,0.556390977443609,0.0,0.06015037593984962
117,0.0,0.2776349614395887,0.609254498714653,0.11311053984575835
118,0.30919220055710306,0.5181058495821727,0.17270194986072424,0.0
119,0.46551724137931033,0.3448275862068966,0.0,0.1896551724137931
120,0.19607843137254902,0.0,0.5882352941176471,0.21568627450980393
121,0.5,0.0,0.0625,0.4375
122,0.3448275862068966,0.0,0.3448275862068966,0.3103448275862069
123,0.2727272727272727,0.18181818181818182,0.0,0.5454545454545454
124,0.8571428571428571,0.061224489795918366,0.0,0.08163265306122448
125,0.4968553459119497,0.37735849056603776,0.0,0.12578616352201258
126,0.0,0.5247524752475248,0.43564356435643564,0.039603960396039604
127,0.0,0.050314465408805034,0.9371069182389937,0.012578616352201259
128,0.0,0.057803468208092484,0.838150289017341,0.10404624277456648
129,0.3333333333333333,0.3333333333333333,0.0,0.3333333333333333
130,0.14666666666666667,0.7733333333333333,0.0,0.08
131,0.423728813559322,0.0,0.03389830508474576,0.5423728813559322
132,0.7407407407407407,0.0,0.018518518518518517,0.24074074074074073
133,0.04,0.78,0.18,0.0
134,0.7038461538461539,0.1346153846153846,0.0,0.16153846153846155
135,0.07692307692307693,0.6153846153846154,0.0,0.3076923076923077
136,0.0,0.46875,0.4375,0.09375
137,0.9198473282442748,0.05725190839694656,0.0,0.022900763358778626
138,0.14285714285714285,0.14285714285714285,0.7142857142857143,0.0
139,0.5535714285714286,0.10714285714285714,0.0,0.3392857142857143
140,0.0,0.6190476190476191,0.0,0.38095238095238093
141,0.0,0.40532544378698226,0.41124260355029585,0.1834319526627219
142,0.1,0.1,0.8,0.0
143,0.34782608695652173,0.11594202898550725,0.0,0.5362318840579711
144,0.30434782608695654,0.21739130434782608,0.0,0.4782608695652174
145,0.0738255033557047,0.7315436241610739,0.0,0.19463087248322147
146,0.7355555555555555,0.11777777777777777,0.0,0.14666666666666667
147,0.0,0.47305389221556887,0.3772455089820359,0.1497005988023952
148,0.6594885598923284,0.21668909825033647,0.0,0.12382234185733512
149,0.7370242214532872,0.1643598615916955,0.0,0.0986159169550173
150,0.0,0.24796747967479674,0.5528455284552846,0.1991869918699187
151,0.2125,0.2375,0.55,0.0
152,0.18032786885245902,0.453551912568306,0.366120218579235,0.0
153,0.42152466367713004,0.29596412556053814,0.0,0.2825112107623318
154,0.0,0.3831417624521073,0.367816091954023,0.24904214559386972
155,0.13058419243986255,0.5120274914089347,0.35738831615120276,0.0
156,0.1875,0.0,0.5104166666666666,0.3020833333333333
157,0.06422018348623854,0.0,0.1743119266055046,0.7614678899082569
158,0.1394700139470014,0.6080892608089261,0.2524407252440725,0.0
159,0.0,0.3373702422145329,0.5121107266435986,0.15051903114186851
160,0.3096385542168675,0.5674698795180723,0.0,0.12289156626506025
161,0.3904761904761905,0.26031746031746034,0.3492063492063492,0.0
162,0.47619047619047616,0.2328042328042328,0.0,0.291005291005291
163,0.0,0.3813559322033898,0.5338983050847458,0.0847457627118644
164,0.13656387665198239,0.0,0.3832599118942731,0.4801762114537445
165,0.14150943396226415,0.2358490566037736,0.6226415094339622,0.0
166,0.44387755102040816,0.0,0.15816326530612246,0.3979591836734694
167,0.18181818181818182,0.6511056511056511,0.16707616707616707,0.0
168,0.23376623376623376,0.38961038961038963,0.37662337662337664,0.0
169,0.0,0.5905292479108635,0.10863509749303621,0.3008356545961003
170,0.26884422110552764,0.6055276381909548,0.12562814070351758,0.0
171,0.0,0.10677618069815195,0.728952772073922,0.16427104722792607
172,0.0968208092485549,0.0,0.2832369942196532,0.619942196531792
173,0.39069767441860465,0.0,0.4186046511627907,0.19069767441860466
174,0.0,0.2128,0.6288,0.1584
175,0.0,0.46615384615384614,0.3953846153846154,0.13846153846153847
176,0.24217961654894046,0.0,0.3057517658930373,0.4520686175580222
177,0.4139344262295082,0.3073770491803279,0.2786885245901639,0.0
178,0.0,0.28776978417266186,0.08633093525179857,0.6258992805755396
179,0.028747433264887063,0.0,0.0944558521560575,0.8767967145790554
180,0.0,0.22038567493112948,0.6088154269972452,0.17079889807162535
181,0.8294117647058824,0.0392156862745098,0.0,0.13137254901960785
182,0.026875699888017916,0.0,0.055991041433370664,0.9171332586786114
183,0.15254237288135594,0.0,0.3559322033898305,0.4915254237288136
184,0.3627450980392157,0.0,0.5490196078431373,0.08823529411764706
185,0.22641509433962265,0.29245283018867924,0.0,0.4811320754716981
186,0.10945273631840796,0.19402985074626866,0.6965174129353234,0.0
187,0.7586206896551724,0.0,0.10344827586206896,0.13793103448275862
188,0.2052980132450331,0.0,0.48344370860927155,0.31125827814569534
189,0.0735930735930736,0.4675324675324675,0.4588744588744589,0.0
190,0.264,0.352,0.384,0.0
191,0.11764705882352941,0.0,0.10160427807486631,0.7807486631016043
192,0.11889250814332247,0.0,0.8713355048859935,0.009771986970684038
193,0.0,0.09505703422053231,0.8250950570342205,0.07984790874524715
194,0.0,0.31788079470198677,0.6390728476821192,0.04304635761589404
195,0.2727272727272727,0.4090909090909091,0.0,0.3181818181818182
196,0.589041095890411,0.1506849315068493,0.0,0.2602739726027397
197,0.17261904761904762,0.0,0.7142857142857143,0.1130952380952381
198,0.6049382716049383,0.0,0.14814814814814814,0.24691358024691357
199,0.0,0.04044117647058824,0.8823529411764706,0.07720588235294118
200,0.32954545454545453,0.0,0.1590909090909091,0.5113636363636364
201,0.6666666666666666,0.1858974358974359,0.0,0.14743589743589744
202,0.12727272727272726,0.21818181818181817,0.6545454545454545,0.0
203,0.5068493150684932,0.0,0.1780821917808219,0.3150684931506849
204,0.0,0.19047619047619047,0.31932773109243695,0.49019607843137253
205,0.043689320388349516,0.0,0.44902912621359226,0.5072815533980582
206,0.25517241379310346,0.0,0.18620689655172415,0.5586206896551724
207,0.0,0.2322357019064125,0.1663778162911612,0.6013864818024264
208,0.2375,0.075,0.6875,0.0
209,0.06896551724137931,0.0,0.5823754789272031,0.3486590038314176
210,0.4819277108433735,0.12650602409638553,0.39156626506024095,0.0
211,0.43333333333333335,0.0,0.23333333333333334,0.3333333333333333
212,0.0,0.4197860962566845,0.3422459893048128,0.23796791443850268
213,0.6853932584269663,0.10272873194221509,0.0,0.21187800963081863
214,0.017485428809325562,0.0,0.11323896752706078,0.8692756036636137
215,0.30855018587360594,0.3903345724907063,0.30111524163568776,0.0
216,0.45,0.125,0.0,0.425
217,0.0,0.34782608695652173,0.2826086956521739,0.3695652173913043
218,0.19852941176470587,0.0,0.4485294117647059,0.35294117647058826
219,0.0,0.4117647058823529,0.47058823529411764,0.11764705882352941
220,0.0,0.4213197969543147,0.5093062605752962,0.06937394247038917
221,0.1797752808988764,0.6910112359550562,0.0,0.12921348314606743
222,0.21568627450980393,0.09803921568627451,0.6862745098039216,0.0
223,0.5909090909090909,0.0,0.045454545454545456,0.36363636363636365
224,0.3308270676691729,0.0,0.09774436090225563,0.5714285714285714
225,0.0,0.26326530612244897,0.5816326530612245,0.15510204081632653
226,0.13253012048192772,0.6041308089500861,0.2633390705679862,0.0
227,0.2145214521452145,0.0,0.19801980198019803,0.5874587458745875
228,0.0,0.03305785123966942,0.5619834710743802,0.4049586776859504
229,0.5194290245836638,0.4536082474226804,0.0,0.02696272799365583
230,0.11177884615384616,0.0,0.07692307692307693,0.8112980769230769
231,0.0,0.12605042016806722,0.5714285714285714,0.3025210084033613
232,0.15517241379310345,0.0,0.3103448275862069,0.5344827586206896
233,0.2831050228310502,0.4520547945205479,0.2648401826484018,0.0
234,0.5058823529411764,0.023529411764705882,0.0,0.47058823529411764
235,0.038202247191011236,0.0,0.07191011235955057,0.8898876404494382
236,0.13043478260869565,0.0,0.2782608695652174,0.591304347826087
237,0.05442176870748299,0.7074829931972789,0.23809523809523808,0.0
238,0.0,0.21843003412969283,0.017064846416382253,0.764505119453925
239,0.029166666666666667,0.0,0.025,0.9458333333333333
240,0.06913996627318718,0.0,0.1736930860033727,0.7571669477234402
241,0.06382978723404255,0.0851063829787234,0.851063829787234,0.0
242,0.5431893687707641,0.30398671096345514,0.0,0.15282392026578073
243,0.15976331360946747,0.0,0.7633136094674556,0.07692307692307693
244,0.0,0.16049382716049382,0.3950617283950617,0.4444444444444444
245,0.3805970149253731,0.46766169154228854,0.0,0.1517412935323383
246,0.14634146341463414,0.24390243902439024,0.6097560975609756,0.0
247,0.03870967741935484,0.04516129032258064,0.0,0.9161290322580645
248,0.28688524590163933,0.6065573770491803,0.0,0.10655737704918032
249,0.0,0.2549019607843137,0.6601307189542484,0.08496732026143791
250,0.6328671328671329,0.331002331002331,0.0,0.03613053613053613
251,0.17718446601941748,0.0,0.30097087378640774,0.5218446601941747
252,0.0,0.12195121951219512,0.7987804878048781,0.07926829268292683
253,0.5522875816993464,0.3954248366013072,0.0,0.05228758169934641
254,0.08670520231213873,0.0,0.05009633911368015,0.8631984585741811
255,0.11494252873563218,0.0,0.3448275862068966,0.5402298850574713
256,0.125,0.0625,0.8125,0.0
257,0.24561403508771928,0.42105263157894735,0.0,0.3333333333333333
258,0.0,0.41964285714285715,0.5736607142857143,0.006696428571428571
259,0.0,0.22986577181208054,0.7281879194630873,0.04194630872483222
260,0.18,0.46,0.0,0.36
261,0.7853403141361257,0.14659685863874344,0.0,0.06806282722513089
262,0.5324675324675324,0.0,0.12987012987012986,0.33766233766233766
263,0.20588235294117646,0.0,0.5,0.29411764705882354
264,0.1744186046511628,0.20930232558139536,0.6162790697674418,0.0
265,0.6296296296296297,0.0,0.14814814814814814,0.2222222222222222
266,0.2393617021276596,0.6968085106382979,0.0,0.06382978723404255
267,0.27586206896551724,0.41379310344827586,0.0,0.3103448275862069
268,0.0,0.29411764705882354,0.5294117647058824,0.17647058823529413
269,0.25,0.0,0.2222222222222222,0.5277777777777778
270,0.0,0.0392156862745098,0.27450980392156865,0.6862745098039216
271,0.06237816764132553,0.0,0.884990253411306,0.05263157894736842
272,0.15568862275449102,0.0,0.12574850299401197,0.718562874251497
273,0.5,0.0,0.0,0.5
274,0.04678362573099415,0.0,0.9122807017543859,0.04093567251461988
275,0.7307692307692307,0.0,0.07692307692307693,0.19230769230769232
276,0.0,0.25245901639344265,0.5016393442622951,0.2459016393442623
277,0.10679611650485436,0.8155339805825242,0.07766990291262135,0.0
278,0.4014895057549086,0.34664861205145564,0.0,0.25186188219363576
279,0.0,0.07692307692307693,0.9230769230769231,0.0
280,0.0,0.05,0.125,0.825
281,0.0,0.9375,0.0625,0.0
282,0.0,0.16666666666666666,0.8333333333333334,0.0
283,0.0,0.0,0.01873536299765808,0.9812646370023419
284,0.009569377990430622,0.0,0.007974481658692184,0.9824561403508771
285,0.10204081632653061,0.14285714285714285,0.7551020408163265,0.0
286,0.28,0.16,0.0,0.56
287,0.0,0.5128205128205128,0.48717948717948717,0.0
288,0.5503875968992248,0.03875968992248062,0.0,0.4108527131782946
289,0.14432989690721648,0.0,0.17010309278350516,0.6855670103092784
290,0.336283185840708,0.39823008849557523,0.0,0.26548672566371684
291,0.0,0.6687116564417178,0.3312883435582822,0.0
292,0.125,0.5625,0.0,0.3125
293,0.0,0.0,0.7878787878787878,0.21212121212121213
294,0.045454545454545456,0.8787878787878788,0.07575757575757576,0.0
295,0.75,0.0,0.15,0.1
296,0.38095238095238093,0.6190476190476191,0.0,0.0
297,0.0,0.0,0.9130434782608695,0.08695652173913043
298,0.5,0.3333333333333333,0.0,0.16666666666666666
299,0.0,0.0,0.25,0.75
300,0.0,1.0,0.0,0.0
301,0.1111111111111111,0.0,0.0,0.8888888888888888
302,0.0,0.0,0.0,1.0
303,1.0,0.0,0.0,0.0
304,,,,
305,,,,
306,0.0,1.0,0.0,0.0
307,,,,
308,,,,
309,,,,
310,,,,
311,,,,
312,,,,
313,,,,
