,A,C,G,T
0,,,,
1,,,,
2,0.6875,0.125,0.0,0.1875
3,0.4166666666666667,0.3333333333333333,0.0,0.25
4,0.2714285714285714,0.6714285714285714,0.05714285714285714,0.0
5,0.5555555555555556,0.2857142857142857,0.0,0.15873015873015872
6,0.696969696969697,0.0,0.24242424242424243,0.06060606060606061
7,0.0,0.12698412698412698,0.6507936507936508,0.2222222222222222
8,0.6332574031890661,0.24829157175398633,0.0,0.11845102505694761
9,0.10476190476190476,0.0,0.11904761904761904,0.7761904761904762
10,0.0,0.0,1.0,0.0
11,0.4939759036144578,0.07228915662650602,0.0,0.43373493975903615
12,0.36082474226804123,0.4845360824742268,0.0,0.15463917525773196
13,0.8539325842696629,0.07865168539325842,0.06741573033707865,0.0
14,0.7155172413793104,0.02586206896551724,0.0,0.25862068965517243
15,0.5,0.0,0.0,0.5
16,0.0,0.15789473684210525,0.6842105263157895,0.15789473684210525
17,0.91,0.01,0.0,0.08
18,0.16666666666666666,0.3888888888888889,0.4444444444444444,0.0
19,0.26666666666666666,0.0,0.6,0.13333333333333333
20,0.2786885245901639,0.5081967213114754,0.21311475409836064,0.0
21,0.4,0.4,0.0,0.2
22,0.14814814814814814,0.5185185185185185,0.0,0.3333333333333333
23,0.5294117647058824,0.11764705882352941,0.0,0.35294117647058826
24,0.49101796407185627,0.4251497005988024,0.0,0.08383233532934131
25,0.3333333333333333,0.0,0.3333333333333333,0.3333333333333333
26,0.28125,0.53125,0.1875,0.0
27,0.3,0.45,0.0,0.25
28,0.0,0.5531914893617021,0.3404255319148936,0.10638297872340426
29,0.7463768115942029,0.15942028985507245,0.0,0.09420289855072464
30,0.46153846153846156,0.23076923076923078,0.0,0.3076923076923077
31,0.21739130434782608,0.391304347826087,0.391304347826087,0.0
32,0.3548387096774194,0.2903225806451613,0.0,0.3548387096774194
33,0.0,0.4492753623188406,0.5362318840579711,0.014492753623188406
34,0.0,0.125,0.75,0.125
35,0.17391304347826086,0.2608695652173913,0.0,0.5652173913043478
36,0.0,0.3176470588235294,0.6352941176470588,0.047058823529411764
37,0.0,0.12962962962962962,0.8024691358024691,0.06790123456790123
38,0.780952380952381,0.09523809523809523,0.0,0.12380952380952381
39,0.2222222222222222,0.0,0.3333333333333333,0.4444444444444444
40,0.625,0.0,0.125,0.25
41,0.21153846153846154,0.5961538461538461,0.19230769230769232,0.0
42,0.42857142857142855,0.14285714285714285,0.0,0.42857142857142855
43,0.18181818181818182,0.09090909090909091,0.0,0.7272727272727273
44,0.45,0.0,0.0,0.55
45,0.6222222222222222,0.06666666666666667,0.0,0.3111111111111111
46,0.8333333333333334,0.0,0.08333333333333333,0.08333333333333333
47,0.03571428571428571,0.0,0.9285714285714286,0.03571428571428571
48,0.3157894736842105,0.15789473684210525,0.5263157894736842,0.0
49,0.4,0.0,0.2,0.4
50,0.0,0.3888888888888889,0.15555555555555556,0.45555555555555555
51,0.6271186440677966,0.2711864406779661,0.0,0.1016949152542373
52,0.047619047619047616,0.47619047619047616,0.47619047619047616,0.0
53,0.2857142857142857,0.4142857142857143,0.0,0.3
54,0.0,0.6444444444444445,0.28888888888888886,0.06666666666666667
55,0.0,0.42152466367713004,0.4977578475336323,0.08071748878923767
56,0.6779661016949152,0.1864406779661017,0.0,0.13559322033898305
57,0.6009615384615384,0.34134615384615385,0.0,0.057692307692307696
58,0.13333333333333333,0.4,0.4666666666666667,0.0
59,0.216,0.584,0.2,0.0
60,0.13043478260869565,0.391304347826087,0.4782608695652174,0.0
61,0.4166666666666667,0.0,0.08333333333333333,0.5
62,0.22535211267605634,0.0,0.29577464788732394,0.4788732394366197
63,0.5,0.5,0.0,0.0
64,0.0,0.21428571428571427,0.0,0.7857142857142857
65,0.047619047619047616,0.0,0.023809523809523808,0.9285714285714286
66,0.0,0.5614973262032086,0.40641711229946526,0.03208556149732621
67,0.0,0.17582417582417584,0.7362637362637363,0.08791208791208792
68,0.375,0.375,0.0,0.25
69,0.6336633663366337,0.19801980198019803,0.0,0.16831683168316833
70,0.30434782608695654,0.0,0.13043478260869565,0.5652173913043478
71,0.0,0.3744292237442922,0.3470319634703196,0.2785388127853881
72,0.3050847457627119,0.3898305084745763,0.3050847457627119,0.0
73,0.19101123595505617,0.0,0.07865168539325842,0.7303370786516854
74,0.25675675675675674,0.44594594594594594,0.2972972972972973,0.0
75,0.34375,0.125,0.0,0.53125
76,0.6551724137931034,0.27586206896551724,0.0,0.06896551724137931
77,0.0,0.3829787234042553,0.43617021276595747,0.18085106382978725
78,0.19811320754716982,0.25471698113207547,0.5471698113207547,0.0
79,0.0,0.34579439252336447,0.056074766355140186,0.5981308411214953
80,0.3088235294117647,0.0,0.07352941176470588,0.6176470588235294
81,0.0,0.46938775510204084,0.36054421768707484,0.17006802721088435
82,0.40594059405940597,0.0,0.25742574257425743,0.33663366336633666
83,0.16216216216216217,0.0,0.30067567567567566,0.5371621621621622
84,0.05128205128205128,0.8076923076923077,0.14102564102564102,0.0
85,0.2765957446808511,0.6170212765957447,0.10638297872340426,0.0
86,0.1774193548387097,0.0,0.14516129032258066,0.6774193548387096
87,0.0,0.2826086956521739,0.5489130434782609,0.16847826086956522
88,,,,
89,0.20363636363636364,0.0,0.14181818181818182,0.6545454545454545
90,0.0,0.13953488372093023,0.5348837209302325,0.32558139534883723
91,0.5168236877523553,0.3122476446837147,0.0,0.17092866756393002
92,0.18,0.0,0.0975,0.7225
93,0.20454545454545456,0.5075757575757576,0.2878787878787879,0.0
94,0.0,0.2545454545454545,0.048484848484848485,0.696969696969697
95,0.09844559585492228,0.0,0.03626943005181347,0.8652849740932642
96,0.21875,0.58125,0.2,0.0
97,0.0,0.2640449438202247,0.06179775280898876,0.6741573033707865
98,0.06374501992031872,0.8167330677290837,0.11952191235059761,0.0
99,0.0,0.15352697095435686,0.45228215767634855,0.3941908713692946
100,0.21428571428571427,0.5714285714285714,0.21428571428571427,0.0
101,0.6102150537634409,0.2647849462365591,0.0,0.125
102,0.5227272727272727,0.0,0.0,0.4772727272727273
103,0.0,0.5,0.13636363636363635,0.36363636363636365
104,0.036,0.0,0.16,0.804
105,0.2,0.2,0.6,0.0
106,0.1,0.1,0.0,0.8
107,0.18181818181818182,0.45454545454545453,0.0,0.36363636363636365
108,0.425531914893617,0.44680851063829785,0.0,0.1276595744680851
109,0.0,0.8275862068965517,0.1724137931034483,0.0
110,0.4861111111111111,0.25,0.0,0.2638888888888889
111,0.6666666666666666,0.0,0.13333333333333333,0.2
112,0.2857142857142857,0.14285714285714285,0.0,0.5714285714285714
113,0.0,0.4496124031007752,0.49612403100775193,0.05426356589147287
114,0.5454545454545454,0.0,0.09090909090909091,0.36363636363636365
115,0.0,0.1506849315068493,0.3287671232876712,0.5205479452054794
116,0.3157894736842105,0.21052631578947367,0.0,0.47368421052631576
117,0.4444444444444444,0.05555555555555555,0.0,0.5
118,0.075,0.0,0.3,0.625
119,0.20689655172413793,0.0,0.3448275862068966,0.4482758620689655
120,0.21428571428571427,0.0,0.42857142857142855,0.35714285714285715
121,1.0,0.0,0.0,0.0
122,0.35526315789473684,0.6052631578947368,0.039473684210526314,0.0
123,0.6666666666666666,0.2222222222222222,0.0,0.1111111111111111
124,0.5714285714285714,0.2857142857142857,0.0,0.14285714285714285
125,0.0,0.14942528735632185,0.7011494252873564,0.14942528735632185
126,0.24242424242424243,0.0,0.5151515151515151,0.24242424242424243
127,0.0,0.2682926829268293,0.6341463414634146,0.0975609756097561
128,0.0,0.20833333333333334,0.7321428571428571,0.05952380952380952
129,0.5,0.4,0.0,0.1
130,0.75,0.25,0.0,0.0
131,0.39622641509433965,0.44339622641509435,0.0,0.16037735849056603
132,0.6,0.0,0.0,0.4
133,0.0,0.9864864864864865,0.013513513513513514,0.0
134,0.1111111111111111,0.4,0.4888888888888889,0.0
135,0.037037037037037035,0.9382716049382716,0.0,0.024691358024691357
136,0.0,0.1111111111111111,0.5555555555555556,0.3333333333333333
137,0.6458333333333334,0.19791666666666666,0.0,0.15625
138,0.0,0.0,1.0,0.0
139,0.8043478260869565,0.06521739130434782,0.0,0.13043478260869565
140,0.025,0.325,0.0,0.65
141,0.0,0.352112676056338,0.5727699530516432,0.07511737089201878
142,0.16666666666666666,0.4444444444444444,0.3888888888888889,0.0
143,0.3404255319148936,0.0851063829787234,0.0,0.574468085106383
144,0.5789473684210527,0.10526315789473684,0.0,0.3157894736842105
145,0.05263157894736842,0.7684210526315789,0.0,0.17894736842105263
146,0.0,0.32211538461538464,0.38461538461538464,0.2932692307692308
147,0.0,0.26721763085399447,0.5068870523415978,0.22589531680440772
148,0.1286549707602339,0.40350877192982454,0.4678362573099415,0.0
149,0.0,0.20565552699228792,0.6066838046272494,0.18766066838046272
150,0.0,0.24789915966386555,0.38235294117647056,0.3697478991596639
151,0.08256880733944955,0.7064220183486238,0.21100917431192662,0.0
152,0.13178294573643412,0.0,0.3875968992248062,0.4806201550387597
153,0.0,0.23414634146341465,0.36585365853658536,0.4
154,0.0,0.28104575163398693,0.43790849673202614,0.28104575163398693
155,0.14772727272727273,0.0,0.18181818181818182,0.6704545454545454
156,0.42424242424242425,0.0,0.37373737373737376,0.20202020202020202
157,0.0425531914893617,0.0,0.2765957446808511,0.6808510638297872
158,0.16176470588235295,0.5441176470588235,0.29411764705882354,0.0
159,0.0,0.2564935064935065,0.6136363636363636,0.12987012987012986
160,0.3941798941798942,0.5185185185185185,0.0,0.0873015873015873
161,0.20532319391634982,0.4790874524714829,0.3155893536121673,0.0
162,0.7239263803680982,0.1411042944785276,0.0,0.13496932515337423
163,0.5164319248826291,0.24413145539906103,0.0,0.23943661971830985
164,0.31862745098039214,0.3872549019607843,0.29411764705882354,0.0
165,0.3217821782178218,0.2623762376237624,0.0,0.4158415841584158
166,0.5137362637362637,0.40384615384615385,0.0,0.08241758241758242
167,0.33966745843230406,0.43705463182897863,0.22327790973871733,0.0
168,0.0,0.15056818181818182,0.6875,0.16193181818181818
169,0.3044397463002114,0.5517970401691332,0.0,0.14376321353065538
170,0.1694915254237288,0.0,0.2576271186440678,0.5728813559322034
171,0.0,0.27177700348432055,0.45993031358885017,0.2682926829268293
172,0.25274725274725274,0.0,0.2967032967032967,0.45054945054945056
173,0.0,0.22566371681415928,0.5530973451327433,0.22123893805309736
174,0.0,0.11244979919678715,0.6626506024096386,0.2248995983935743
175,0.26639892904953144,0.536813922356091,0.0,0.19678714859437751
176,0.19543147208121828,0.0,0.43147208121827413,0.3730964467005076
177,0.25471698113207547,0.5471698113207547,0.19811320754716982,0.0
178,0.0,0.6,0.08,0.32
179,0.041379310344827586,0.0,0.1103448275862069,0.8482758620689655
180,0.3333333333333333,0.3,0.0,0.36666666666666664
181,0.5294117647058824,0.0,0.22549019607843138,0.24509803921568626
182,0.0,0.1337579617834395,0.7006369426751592,0.16560509554140126
183,0.1721311475409836,0.0,0.8032786885245902,0.02459016393442623
184,0.0,0.5963302752293578,0.26605504587155965,0.13761467889908258
185,0.5813953488372093,0.313953488372093,0.0,0.10465116279069768
186,0.0,0.6204379562043796,0.32116788321167883,0.058394160583941604
187,0.0,0.26141078838174275,0.6390041493775933,0.0995850622406639
188,0.4161849710982659,0.3699421965317919,0.0,0.2138728323699422
189,0.38271604938271603,0.3950617283950617,0.2222222222222222,0.0
190,0.3055555555555556,0.16666666666666666,0.5277777777777778,0.0
191,0.1036036036036036,0.0,0.28378378378378377,0.6126126126126126
192,0.6071428571428571,0.0,0.36904761904761907,0.023809523809523808
193,0.0,0.055944055944055944,0.7902097902097902,0.15384615384615385
194,0.4489795918367347,0.2653061224489796,0.0,0.2857142857142857
195,0.47368421052631576,0.2631578947368421,0.0,0.2631578947368421
196,0.7985074626865671,0.1417910447761194,0.0,0.05970149253731343
197,0.2835820895522388,0.0,0.16417910447761194,0.5522388059701493
198,0.0,0.6470588235294118,0.27450980392156865,0.0784313725490196
199,0.7619047619047619,0.19047619047619047,0.0,0.047619047619047616
200,0.0,0.14,0.84,0.02
201,0.352059925093633,0.550561797752809,0.0,0.09737827715355805
202,0.03125,0.21875,0.75,0.0
203,0.2777777777777778,0.0,0.25925925925925924,0.46296296296296297
204,0.0,0.039735099337748346,0.2251655629139073,0.7350993377483444
205,0.25,0.0,0.41,0.34
206,0.23577235772357724,0.0,0.1951219512195122,0.5691056910569106
207,0.0,0.246875,0.3125,0.440625
208,0.05263157894736842,0.2631578947368421,0.6842105263157895,0.0
209,0.1891891891891892,0.4864864864864865,0.0,0.32432432432432434
210,0.0,0.109375,0.421875,0.46875
211,0.2727272727272727,0.0,0.4393939393939394,0.2878787878787879
212,0.125,0.0,0.2916666666666667,0.5833333333333334
213,0.0,0.1038961038961039,0.6103896103896104,0.2857142857142857
214,0.15306122448979592,0.7142857142857143,0.0,0.1326530612244898
215,0.27548209366391185,0.5564738292011019,0.0,0.16804407713498623
216,0.5,0.25,0.0,0.25
217,0.0,0.4375,0.1875,0.375
218,0.3333333333333333,0.0,0.35294117647058826,0.3137254901960784
219,0.0,0.32,0.17,0.51
220,0.2891566265060241,0.0,0.3253012048192771,0.3855421686746988
221,0.46153846153846156,0.4230769230769231,0.0,0.11538461538461539
222,0.29310344827586204,0.1724137931034483,0.5344827586206896,0.0
223,0.55,0.0,0.05,0.4
224,0.4,0.0,0.22666666666666666,0.37333333333333335
225,0.0,0.029411764705882353,0.5735294117647058,0.39705882352941174
226,0.5416666666666666,0.0,0.16666666666666666,0.2916666666666667
227,0.4742268041237113,0.36082474226804123,0.0,0.16494845360824742
228,0.0,0.026490066225165563,0.9536423841059603,0.019867549668874173
229,0.6195652173913043,0.36684782608695654,0.0,0.01358695652173913
230,0.28936170212765955,0.0,0.28085106382978725,0.4297872340425532
231,0.0,0.10810810810810811,0.3783783783783784,0.5135135135135135
232,0.41304347826086957,0.0,0.2391304347826087,0.34782608695652173
233,0.0,0.19487179487179487,0.38974358974358975,0.4153846153846154
234,0.3333333333333333,0.35353535353535354,0.0,0.31313131313131315
235,0.15753424657534246,0.6917808219178082,0.1506849315068493,0.0
236,0.10372340425531915,0.0,0.3829787234042553,0.5132978723404256
237,0.08450704225352113,0.8028169014084507,0.11267605633802817,0.0
238,0.0,0.14534883720930233,0.029069767441860465,0.8255813953488372
239,0.038461538461538464,0.0,0.01098901098901099,0.9505494505494505
240,0.0,0.43455497382198954,0.1099476439790576,0.45549738219895286
241,0.0,0.0,1.0,0.0
242,0.7222222222222222,0.08333333333333333,0.0,0.19444444444444445
243,0.1368421052631579,0.7789473684210526,0.0,0.08421052631578947
244,0.0,0.23404255319148937,0.3617021276595745,0.40425531914893614
245,0.6458715596330276,0.20917431192660552,0.0,0.14495412844036698
246,0.11528822055137844,0.0,0.15288220551378445,0.731829573934837
247,0.14285714285714285,0.2857142857142857,0.5714285714285714,0.0
248,0.3411764705882353,0.4117647058823529,0.0,0.24705882352941178
249,0.0,0.3310810810810811,0.47297297297297297,0.19594594594594594
250,0.3872053872053872,0.4511784511784512,0.0,0.16161616161616163
251,0.1774193548387097,0.0,0.14838709677419354,0.6741935483870968
252,0.0,0.03896103896103896,0.8116883116883117,0.14935064935064934
253,0.5158730158730159,0.4444444444444444,0.0,0.03968253968253968
254,0.26146788990825687,0.0,0.15137614678899083,0.5871559633027523
255,0.06521739130434782,0.0,0.21739130434782608,0.717391304347826
256,0.125,0.125,0.75,0.0
257,0.4491525423728814,0.5,0.0,0.05084745762711865
258,0.0,0.2891566265060241,0.6746987951807228,0.03614457831325301
259,0.20512820512820512,0.7564102564102564,0.0,0.038461538461538464
260,0.0,0.352,0.44,0.208
261,0.22535211267605634,0.5070422535211268,0.2676056338028169,0.0
262,0.41605839416058393,0.0,0.043795620437956206,0.5401459854014599
263,0.2222222222222222,0.5432098765432098,0.2345679012345679,0.0
264,0.3333333333333333,0.4166666666666667,0.0,0.25
265,0.0,0.65,0.325,0.025
266,0.40655105973025046,0.5086705202312138,0.0,0.08477842003853564
267,0.0,0.0,0.0,1.0
268,0.0,0.75,0.25,0.0
269,0.2916666666666667,0.0,0.0,0.7083333333333334
270,0.0,0.0,0.14893617021276595,0.851063829787234
271,0.2857142857142857,0.0,0.2857142857142857,0.42857142857142855
272,0.14285714285714285,0.6190476190476191,0.0,0.23809523809523808
273,0.6666666666666666,0.0,0.0,0.3333333333333333
274,0.11764705882352941,0.0,0.8823529411764706,0.0
275,0.2222222222222222,0.0,0.2777777777777778,0.5
276,0.7492957746478873,0.17464788732394365,0.0,0.07605633802816901
277,0.16,0.74,0.1,0.0
278,0.2951977401129944,0.4011299435028249,0.0,0.3036723163841808
279,0.0,0.375,0.625,0.0
280,0.0,0.0,0.06976744186046512,0.9302325581395349
281,0.007462686567164179,0.9402985074626866,0.05223880597014925,0.0
282,0.15384615384615385,0.3076923076923077,0.5384615384615384,0.0
283,0.0,0.01020408163265306,0.015306122448979591,0.9744897959183674
284,0.0029585798816568047,0.0,0.011834319526627219,0.985207100591716
285,0.05555555555555555,0.05555555555555555,0.8888888888888888,0.0
286,0.2727272727272727,0.2727272727272727,0.0,0.45454545454545453
287,0.0,0.7246376811594203,0.2753623188405797,0.0
288,0.5,0.058823529411764705,0.0,0.4411764705882353
289,0.0967741935483871,0.0,0.20430107526881722,0.6989247311827957
290,0.07692307692307693,0.6307692307692307,0.0,0.2923076923076923
291,0.0,0.8850574712643678,0.11494252873563218,0.0
292,0.21621621621621623,0.5945945945945946,0.0,0.1891891891891892
293,0.0,0.06896551724137931,0.9310344827586207,0.0
294,0.19047619047619047,0.5714285714285714,0.0,0.23809523809523808
295,0.0,0.16666666666666666,0.6666666666666666,0.16666666666666666
296,0.42857142857142855,0.35714285714285715,0.21428571428571427,0.0
297,0.38461538461538464,0.0,0.38461538461538464,0.23076923076923078
298,0.5,0.5,0.0,0.0
299,0.2,0.0,0.6,0.2
300,,,,
301,1.0,0.0,0.0,0.0
302,0.0,1.0,0.0,0.0
303,0.5,0.0,0.5,0.0
304,,,,
305,0.0,0.0,0.0,1.0
306,,,,
307,,,,
308,,,,
309,,,,
310,,,,
311,,,,
312,,,,
313,,,,
314,,,,
315,,,,
