,A,C,G,T
0,,,,
1,,,,
2,,,,
3,,,,
4,,,,
5,,,,
6,,,,
7,,,,
8,,,,
9,,,,
10,,,,
11,,,,
12,,,,
13,,,,
14,,,,
15,,,,
16,,,,
17,,,,
18,,,,
19,,,,
20,,,,
21,,,,
22,,,,
23,,,,
24,,,,
25,,,,
26,,,,
27,,,,
28,,,,
29,,,,
30,,,,
31,,,,
32,,,,
33,,,,
34,,,,
35,0.0,0.0,0.0,1.0
36,,,,
37,,,,
38,,,,
39,,,,
40,,,,
41,,,,
42,,,,
43,,,,
44,,,,
45,,,,
46,,,,
47,,,,
48,,,,
49,,,,
50,,,,
51,0.0,0.0,1.0,0.0
52,,,,
53,,,,
54,,,,
55,0.0,0.0,1.0,0.0
56,,,,
57,,,,
58,,,,
59,,,,
60,,,,
61,,,,
62,,,,
63,,,,
64,,,,
65,,,,
66,,,,
67,,,,
68,,,,
69,0.0,1.0,0.0,0.0
70,,,,
71,,,,
72,,,,
73,,,,
74,,,,
75,,,,
76,,,,
77,0.0,0.3333333333333333,0.0,0.6666666666666666
78,1.0,0.0,0.0,0.0
79,,,,
80,,,,
81,,,,
82,,,,
83,0.0,0.5,0.5,0.0
84,,,,
85,,,,
86,,,,
87,,,,
88,0.0,1.0,0.0,0.0
89,0.0,0.0,0.0,1.0
90,0.0,0.0,1.0,0.0
91,,,,
92,,,,
93,0.0,0.6666666666666666,0.3333333333333333,0.0
94,1.0,0.0,0.0,0.0
95,,,,
96,,,,
97,,,,
98,,,,
99,0.0,0.0,1.0,0.0
100,,,,
101,,,,
102,,,,
103,,,,
104,,,,
105,,,,
106,,,,
107,,,,
108,0.0,0.0,1.0,0.0
109,,,,
110,0.0,0.0,0.0,1.0
111,,,,
112,,,,
113,,,,
114,0.0,1.0,0.0,0.0
115,,,,
116,,,,
117,,,,
118,,,,
119,,,,
120,,,,
121,,,,
122,,,,
123,,,,
124,,,,
125,,,,
126,,,,
127,,,,
128,,,,
129,,,,
130,,,,
131,1.0,0.0,0.0,0.0
132,,,,
133,,,,
134,,,,
135,,,,
136,,,,
137,,,,
138,,,,
139,0.0,1.0,0.0,0.0
140,,,,
141,,,,
142,,,,
143,1.0,0.0,0.0,0.0
144,,,,
145,,,,
146,,,,
147,,,,
148,,,,
149,,,,
150,,,,
151,,,,
152,,,,
153,,,,
154,0.0,0.0,1.0,0.0
155,,,,
156,,,,
157,,,,
158,,,,
159,,,,
160,,,,
161,,,,
162,,,,
163,,,,
164,,,,
165,,,,
166,,,,
167,,,,
168,,,,
169,0.0,0.0,1.0,0.0
170,,,,
171,,,,
172,,,,
173,,,,
174,0.0,1.0,0.0,0.0
175,,,,
176,,,,
177,0.0,1.0,0.0,0.0
178,,,,
179,0.3333333333333333,0.0,0.0,0.6666666666666666
180,,,,
181,,,,
182,,,,
183,,,,
184,1.0,0.0,0.0,0.0
185,0.0,0.0,0.6666666666666666,0.3333333333333333
186,0.0,0.0,1.0,0.0
187,1.0,0.0,0.0,0.0
188,,,,
189,,,,
190,,,,
191,,,,
192,,,,
193,,,,
194,,,,
195,,,,
196,,,,
197,,,,
198,,,,
199,,,,
200,,,,
201,,,,
202,,,,
203,1.0,0.0,0.0,0.0
204,,,,
205,,,,
206,,,,
207,0.0,0.0,0.0,1.0
208,0.0,0.0,1.0,0.0
209,,,,
210,,,,
211,,,,
212,,,,
213,,,,
214,,,,
215,,,,
216,,,,
217,0.0,0.0,0.0,1.0
218,,,,
219,,,,
220,,,,
221,,,,
222,,,,
223,,,,
224,0.0,0.0,0.6666666666666666,0.3333333333333333
225,,,,
226,,,,
227,,,,
228,,,,
229,0.0,1.0,0.0,0.0
230,0.0,0.0,1.0,0.0
231,,,,
232,0.0,0.0,1.0,0.0
233,,,,
234,1.0,0.0,0.0,0.0
235,,,,
236,,,,
237,,,,
238,,,,
239,0.0,1.0,0.0,0.0
240,0.0,0.0,0.0,1.0
241,,,,
242,,,,
243,1.0,0.0,0.0,0.0
244,,,,
245,0.0,0.0,1.0,0.0
246,0.0,0.0,0.5,0.5
247,0.5,0.0,0.0,0.5
248,0.0,0.0,1.0,0.0
249,0.0,0.5,0.0,0.5
250,,,,
251,,,,
252,,,,
253,0.0,0.0,1.0,0.0
254,,,,
255,,,,
256,0.0,0.0,1.0,0.0
257,,,,
258,0.0,1.0,0.0,0.0
259,,,,
260,,,,
261,,,,
262,,,,
263,,,,
264,0.0,0.0,0.0,1.0
265,,,,
266,0.0,1.0,0.0,0.0
267,,,,
268,0.5,0.5,0.0,0.0
269,0.0,1.0,0.0,0.0
270,,,,
271,,,,
272,,,,
273,,,,
274,,,,
275,,,,
276,,,,
277,,,,
278,0.0,0.0,0.0,1.0
279,,,,
280,,,,
281,0.0,1.0,0.0,0.0
282,,,,
283,,,,
284,,,,
285,,,,
286,,,,
287,,,,
288,,,,
289,,,,
290,,,,
291,,,,
292,,,,
293,,,,
294,,,,
295,,,,
296,,,,
297,,,,
298,,,,
299,,,,
300,,,,
301,,,,
302,,,,
303,,,,
304,,,,
305,,,,
306,,,,
307,,,,
308,,,,
309,,,,
