,A,C,G,T
0,,,,
1,,,,
2,0.5654008438818565,0.3628691983122363,0.0,0.07172995780590717
3,0.4233576642335766,0.44525547445255476,0.0,0.13138686131386862
4,0.3523809523809524,0.42857142857142855,0.21904761904761905,0.0
5,0.6215139442231076,0.12749003984063745,0.0,0.250996015936255
6,0.515625,0.0,0.1640625,0.3203125
7,0.0,0.059880239520958084,0.5508982035928144,0.38922155688622756
8,0.7935349322210636,0.16475495307612095,0.0,0.04171011470281543
9,0.029940119760479042,0.0,0.16666666666666666,0.8033932135728543
10,0.125,0.25,0.625,0.0
11,0.5982905982905983,0.28205128205128205,0.0,0.11965811965811966
12,0.08349514563106795,0.09902912621359224,0.0,0.8174757281553398
13,0.33458646616541354,0.6541353383458647,0.011278195488721804,0.0
14,0.37254901960784315,0.13725490196078433,0.0,0.49019607843137253
15,0.036231884057971016,0.8478260869565217,0.0,0.11594202898550725
16,0.0,0.6885245901639344,0.08196721311475409,0.22950819672131148
17,0.8295454545454546,0.10984848484848485,0.0,0.06060606060606061
18,0.2222222222222222,0.3333333333333333,0.4444444444444444,0.0
19,0.5555555555555556,0.0,0.1111111111111111,0.3333333333333333
20,0.03745318352059925,0.4681647940074906,0.4943820224719101,0.0
21,0.4,0.05,0.0,0.55
22,0.16666666666666666,0.125,0.0,0.7083333333333334
23,0.33613445378151263,0.3277310924369748,0.0,0.33613445378151263
24,0.19230769230769232,0.11538461538461539,0.0,0.6923076923076923
25,0.2692307692307692,0.11538461538461539,0.0,0.6153846153846154
26,0.0,0.7583333333333333,0.19166666666666668,0.05
27,0.7168141592920354,0.20353982300884957,0.0,0.07964601769911504
28,0.7696969696969697,0.2015151515151515,0.0,0.02878787878787879
29,0.1565217391304348,0.0,0.1391304347826087,0.7043478260869566
30,0.015463917525773196,0.8436426116838488,0.140893470790378,0.0
31,0.016,0.376,0.608,0.0
32,0.7834394904458599,0.12101910828025478,0.0,0.09554140127388536
33,0.5849056603773585,0.1320754716981132,0.0,0.2830188679245283
34,0.07,0.84,0.09,0.0
35,0.6828478964401294,0.0,0.11974110032362459,0.19741100323624594
36,0.7543859649122807,0.0,0.14035087719298245,0.10526315789473684
37,0.0,0.30434782608695654,0.5760869565217391,0.11956521739130435
38,0.29577464788732394,0.6267605633802817,0.0,0.07746478873239436
39,0.1111111111111111,0.0,0.05185185185185185,0.837037037037037
40,0.32608695652173914,0.0,0.2826086956521739,0.391304347826087
41,0.015197568389057751,0.019250253292806486,0.9655521783181358,0.0
42,0.1111111111111111,0.18518518518518517,0.0,0.7037037037037037
43,0.2,0.12,0.0,0.68
44,0.6826923076923077,0.15384615384615385,0.0,0.16346153846153846
45,0.6119402985074627,0.1044776119402985,0.0,0.2835820895522388
46,0.7590361445783133,0.12048192771084337,0.0,0.12048192771084337
47,0.7721518987341772,0.1240506329113924,0.0,0.10379746835443038
48,0.27586206896551724,0.20689655172413793,0.5172413793103449,0.0
49,0.4,0.0,0.28,0.32
50,0.30057803468208094,0.0,0.1791907514450867,0.5202312138728323
51,0.32432432432432434,0.0,0.33783783783783783,0.33783783783783783
52,0.1891891891891892,0.10810810810810811,0.7027027027027027,0.0
53,0.47530864197530864,0.345679012345679,0.0,0.17901234567901234
54,0.0,0.7647058823529411,0.16470588235294117,0.07058823529411765
55,0.4410480349344978,0.5065502183406113,0.0,0.05240174672489083
56,0.0,0.4935064935064935,0.33766233766233766,0.16883116883116883
57,0.6394230769230769,0.0,0.3076923076923077,0.052884615384615384
58,0.0,0.5,0.5,0.0
59,0.06666666666666667,0.0,0.2904761904761905,0.6428571428571429
60,0.08888888888888889,0.45555555555555555,0.45555555555555555,0.0
61,0.5277777777777778,0.0,0.19444444444444445,0.2777777777777778
62,0.06481481481481481,0.0,0.11419753086419752,0.8209876543209876
63,0.09375,0.25,0.65625,0.0
64,0.18181818181818182,0.18181818181818182,0.0,0.6363636363636364
65,0.019736842105263157,0.8355263157894737,0.14473684210526316,0.0
66,0.24611973392461198,0.028824833702882482,0.0,0.7250554323725056
67,0.28322440087145967,0.0,0.06318082788671024,0.6535947712418301
68,0.0,0.5545851528384279,0.3056768558951965,0.13973799126637554
69,0.8014705882352942,0.15808823529411764,0.0,0.04044117647058824
70,0.010526315789473684,0.0,0.14526315789473684,0.8442105263157895
71,0.09302325581395349,0.0,0.292358803986711,0.6146179401993356
72,0.27848101265822783,0.3291139240506329,0.3924050632911392,0.0
73,0.25,0.0,0.1875,0.5625
74,0.3359375,0.46875,0.1953125,0.0
75,0.5370370370370371,0.12962962962962962,0.0,0.3333333333333333
76,0.6473429951690821,0.26570048309178745,0.0,0.08695652173913043
77,0.0,0.5475285171102662,0.23574144486692014,0.21673003802281368
78,0.3089770354906054,0.36116910229645094,0.3298538622129436,0.0
79,0.057971014492753624,0.5362318840579711,0.4057971014492754,0.0
80,0.2822966507177033,0.0,0.12440191387559808,0.5933014354066986
81,0.0,0.2109375,0.278125,0.5109375
82,0.1487513572204126,0.0,0.5754614549402823,0.2757871878393051
83,0.2144927536231884,0.0,0.10144927536231885,0.6840579710144927
84,0.20604395604395603,0.06593406593406594,0.0,0.728021978021978
85,0.1,0.4714285714285714,0.42857142857142855,0.0
86,0.05263157894736842,0.0,0.06178489702517163,0.88558352402746
87,0.0,0.2359249329758713,0.5415549597855228,0.2225201072386059
88,0.3517647058823529,0.5752941176470588,0.0,0.07294117647058823
89,0.11843575418994413,0.6324022346368715,0.24916201117318434,0.0
90,0.0,0.19718309859154928,0.6788732394366197,0.12394366197183099
91,0.6855614973262032,0.24545454545454545,0.0,0.06898395721925134
92,0.14882032667876588,0.0,0.26860254083484575,0.5825771324863884
93,0.0,0.18960244648318042,0.2599388379204893,0.5504587155963303
94,0.0,0.618801652892562,0.20764462809917356,0.17355371900826447
95,0.07701283547257877,0.0,0.176196032672112,0.7467911318553092
96,0.06758832565284179,0.34715821812596004,0.5852534562211982,0.0
97,0.0,0.575136612021858,0.20218579234972678,0.2226775956284153
98,0.09037900874635568,0.0,0.26239067055393583,0.6472303206997084
99,0.0,0.39776951672862454,0.39776951672862454,0.20446096654275092
100,0.30303030303030304,0.21212121212121213,0.48484848484848486,0.0
101,0.22929936305732485,0.5668789808917197,0.0,0.20382165605095542
102,0.0,0.330188679245283,0.5400943396226415,0.12971698113207547
103,0.40426829268292686,0.5560975609756098,0.0,0.039634146341463415
104,0.04727272727272727,0.0,0.08969696969696969,0.863030303030303
105,0.1111111111111111,0.3333333333333333,0.5555555555555556,0.0
106,0.045454545454545456,0.3181818181818182,0.0,0.6363636363636364
107,0.125,0.5,0.0,0.375
108,0.675,0.175,0.0,0.15
109,0.03333333333333333,0.7333333333333333,0.23333333333333334,0.0
110,0.1590909090909091,0.0,0.29545454545454547,0.5454545454545454
111,0.4090909090909091,0.0,0.45454545454545453,0.13636363636363635
112,0.625,0.125,0.0,0.25
113,0.07258064516129033,0.0,0.45161290322580644,0.47580645161290325
114,0.40540540540540543,0.0,0.43243243243243246,0.16216216216216217
115,0.0,0.29411764705882354,0.4411764705882353,0.2647058823529412
116,0.7934782608695652,0.16304347826086957,0.0,0.043478260869565216
117,0.5877437325905293,0.2200557103064067,0.0,0.19220055710306408
118,0.032520325203252036,0.0,0.21138211382113822,0.7560975609756098
119,0.04519774011299435,0.7062146892655368,0.24858757062146894,0.0
120,0.22580645161290322,0.0,0.45161290322580644,0.3225806451612903
121,0.4727272727272727,0.0,0.2909090909090909,0.23636363636363636
122,0.0,0.18604651162790697,0.5348837209302325,0.27906976744186046
123,0.5142857142857142,0.37142857142857144,0.0,0.11428571428571428
124,0.6323529411764706,0.08823529411764706,0.0,0.27941176470588236
125,0.7580071174377224,0.199288256227758,0.0,0.042704626334519574
126,0.0,0.330188679245283,0.6509433962264151,0.018867924528301886
127,0.0,0.16776315789473684,0.7532894736842105,0.07894736842105263
128,0.15217391304347827,0.021739130434782608,0.0,0.8260869565217391
129,0.3225806451612903,0.12903225806451613,0.0,0.5483870967741935
130,0.15384615384615385,0.3230769230769231,0.0,0.5230769230769231
131,0.33872832369942196,0.5479768786127167,0.0,0.11329479768786127
132,0.19148936170212766,0.0,0.40425531914893614,0.40425531914893614
133,0.041176470588235294,0.5,0.4588235294117647,0.0
134,0.3700440528634361,0.05726872246696035,0.0,0.5726872246696035
135,0.4633333333333333,0.44666666666666666,0.0,0.09
136,0.0,0.14925373134328357,0.6194029850746269,0.23134328358208955
137,0.49643705463182897,0.13064133016627077,0.0,0.37292161520190026
138,0.030303030303030304,0.07575757575757576,0.8939393939393939,0.0
139,0.6540284360189573,0.0924170616113744,0.0,0.25355450236966826
140,0.039735099337748346,0.7439293598233996,0.0,0.2163355408388521
141,0.7549909255898367,0.18330308529945555,0.0,0.06170598911070781
142,0.18666666666666668,0.10666666666666667,0.7066666666666667,0.0
143,0.25157232704402516,0.0,0.3333333333333333,0.41509433962264153
144,0.0488997555012225,0.017114914425427872,0.9339853300733496,0.0
145,0.45038167938931295,0.0,0.33587786259541985,0.21374045801526717
146,0.0,0.35908141962421714,0.33194154488517746,0.3089770354906054
147,0.45968992248062013,0.42713178294573645,0.0,0.11317829457364341
148,0.11396468699839486,0.4317817014446228,0.45425361155698235,0.0
149,0.16943521594684385,0.5664451827242525,0.26411960132890366,0.0
150,0.0,0.5412844036697247,0.28073394495412846,0.1779816513761468
151,0.07399103139013453,0.6838565022421524,0.242152466367713,0.0
152,0.1182170542635659,0.4903100775193798,0.39147286821705424,0.0
153,0.4398826979472141,0.2404692082111437,0.3196480938416422,0.0
154,0.0,0.310948905109489,0.3182481751824818,0.3708029197080292
155,0.11238095238095239,0.6228571428571429,0.26476190476190475,0.0
156,0.0,0.15840779853777417,0.7595450852965069,0.08204711616571893
157,0.4253731343283582,0.41127694859038144,0.0,0.16334991708126037
158,0.16952209197475204,0.0,0.12894499549143373,0.7015329125338142
159,0.7837116154873164,0.10146862483311081,0.0,0.11481975967957277
160,0.6623134328358209,0.2416044776119403,0.0,0.0960820895522388
161,0.18036072144288579,0.6192384769539078,0.20040080160320642,0.0
162,0.22009569377990432,0.07416267942583732,0.0,0.7057416267942583
163,0.3894899536321484,0.5146831530139103,0.0,0.09582689335394126
164,0.30690010298661174,0.3903192584963955,0.3027806385169928,0.0
165,0.0,0.14469078179696615,0.6312718786464411,0.22403733955659277
166,0.35348583877995643,0.5648148148148148,0.0,0.08169934640522876
167,0.1481203007518797,0.0,0.19473684210526315,0.6571428571428571
168,0.0,0.1388888888888889,0.45726495726495725,0.40384615384615385
169,0.3510204081632653,0.0,0.2,0.4489795918367347
170,0.0,0.2724795640326976,0.38419618528610355,0.34332425068119893
171,0.28210757409440174,0.38419319429198684,0.3336992316136114,0.0
172,0.0,0.22372881355932203,0.10677966101694915,0.6694915254237288
173,0.11160058737151249,0.0,0.24669603524229075,0.6417033773861968
174,0.3076923076923077,0.3755656108597285,0.3167420814479638,0.0
175,0.0,0.5337837837837838,0.10810810810810811,0.3581081081081081
176,0.022573363431151242,0.0,0.01805869074492099,0.9593679458239278
177,0.47041420118343197,0.19230769230769232,0.0,0.33727810650887574
178,0.2674897119341564,0.0,0.34156378600823045,0.39094650205761317
179,0.0,0.14580031695721077,0.7797147385103012,0.07448494453248812
180,0.49038461538461536,0.3076923076923077,0.0,0.20192307692307693
181,0.0,0.3470319634703196,0.5068493150684932,0.1461187214611872
182,0.23452768729641693,0.0,0.46905537459283386,0.2964169381107492
183,0.14210526315789473,0.18421052631578946,0.6736842105263158,0.0
184,0.36046511627906974,0.0,0.05813953488372093,0.5813953488372093
185,0.14,0.0,0.115,0.745
186,0.20238095238095238,0.4880952380952381,0.0,0.30952380952380953
187,0.058823529411764705,0.3697478991596639,0.5714285714285714,0.0
188,0.2318840579710145,0.12318840579710146,0.0,0.644927536231884
189,0.0,0.2903225806451613,0.6972704714640199,0.01240694789081886
190,0.0,0.07042253521126761,0.8511066398390342,0.07847082494969819
191,0.2413793103448276,0.3275862068965517,0.0,0.43103448275862066
192,0.2727272727272727,0.2,0.0,0.5272727272727272
193,0.37037037037037035,0.2962962962962963,0.0,0.3333333333333333
194,0.18309859154929578,0.0,0.4507042253521127,0.36619718309859156
195,0.7931034482758621,0.0,0.034482758620689655,0.1724137931034483
196,0.3333333333333333,0.10256410256410256,0.0,0.5641025641025641
197,0.0,0.2138364779874214,0.6918238993710691,0.09433962264150944
198,0.18248175182481752,0.2846715328467153,0.5328467153284672,0.0
199,0.12,0.34,0.54,0.0
200,0.3394495412844037,0.0,0.09174311926605505,0.5688073394495413
201,0.0,0.05853658536585366,0.5024390243902439,0.43902439024390244
202,0.06276150627615062,0.0,0.5920502092050209,0.34518828451882844
203,0.13442622950819672,0.0,0.01639344262295082,0.8491803278688524
204,0.0,0.08481262327416174,0.883629191321499,0.03155818540433925
205,0.08108108108108109,0.5585585585585585,0.36036036036036034,0.0
206,0.14102564102564102,0.0,0.32051282051282054,0.5384615384615384
207,0.2777777777777778,0.05555555555555555,0.6666666666666666,0.0
208,0.0778816199376947,0.0,0.040498442367601244,0.881619937694704
209,0.7570621468926554,0.0,0.0903954802259887,0.15254237288135594
210,0.0,0.7471264367816092,0.21839080459770116,0.034482758620689655
211,0.3974358974358974,0.46153846153846156,0.0,0.14102564102564102
212,0.0,0.1111111111111111,0.8395061728395061,0.04938271604938271
213,0.5102040816326531,0.2653061224489796,0.0,0.22448979591836735
214,0.0,0.17647058823529413,0.49019607843137253,0.3333333333333333
215,0.20491803278688525,0.0,0.13934426229508196,0.6557377049180327
216,0.0,0.3314285714285714,0.58,0.08857142857142856
217,0.0,0.4167650531286895,0.40731995277449823,0.17591499409681227
218,0.1490066225165563,0.7301324503311258,0.12086092715231789,0.0
219,0.14545454545454545,0.14545454545454545,0.7090909090909091,0.0
220,0.28169014084507044,0.0,0.2112676056338028,0.5070422535211268
221,0.2600732600732601,0.0,0.4468864468864469,0.29304029304029305
222,0.0,0.40327868852459015,0.5836065573770491,0.013114754098360656
223,0.0,0.14414414414414414,0.786036036036036,0.06981981981981981
224,0.31896551724137934,0.4367816091954023,0.0,0.2442528735632184
225,0.0,0.23,0.65,0.12
226,0.0,0.7287234042553191,0.24202127659574468,0.02925531914893617
227,0.10749185667752444,0.0,0.06840390879478828,0.8241042345276873
228,0.0,0.0625,0.625,0.3125
229,0.1263537906137184,0.0,0.07581227436823104,0.7978339350180506
230,0.4284741144414169,0.4257493188010899,0.0,0.14577656675749318
231,0.1308016877637131,0.0,0.6413502109704642,0.22784810126582278
232,0.3,0.1,0.6,0.0
233,0.4583333333333333,0.3498062015503876,0.0,0.19186046511627908
234,0.11888111888111888,0.6293706293706294,0.2517482517482518,0.0
235,0.0,0.25587828492392806,0.04426002766251729,0.6998616874135546
236,0.09166666666666666,0.55,0.35833333333333334,0.0
237,0.1650485436893204,0.0,0.06796116504854369,0.7669902912621359
238,0.13793103448275862,0.06896551724137931,0.7931034482758621,0.0
239,0.10754189944134078,0.16061452513966482,0.7318435754189944,0.0
240,0.18333333333333332,0.0,0.7611111111111111,0.05555555555555555
241,0.0,0.3142857142857143,0.3142857142857143,0.37142857142857144
242,0.0,0.21505376344086022,0.7342549923195084,0.05069124423963134
243,0.0,0.5721649484536082,0.15979381443298968,0.26804123711340205
244,0.24242424242424243,0.30303030303030304,0.45454545454545453,0.0
245,0.20689655172413793,0.3620689655172414,0.0,0.43103448275862066
246,0.0,0.13043478260869565,0.7142857142857143,0.15527950310559005
247,0.0,0.35064935064935066,0.5865800865800865,0.06277056277056277
248,0.06622516556291391,0.0,0.17549668874172186,0.7582781456953642
249,0.0,0.09047619047619047,0.8571428571428571,0.05238095238095238
250,0.6666666666666666,0.08040201005025126,0.0,0.2529313232830821
251,0.13003901170351106,0.0,0.31469440832249673,0.5552665799739922
252,0.26515151515151514,0.0,0.4621212121212121,0.2727272727272727
253,0.0,0.5348837209302325,0.46511627906976744,0.0
254,0.48066298342541436,0.281767955801105,0.0,0.23756906077348067
255,0.0,0.4626865671641791,0.5223880597014925,0.014925373134328358
256,0.31095406360424027,0.6466431095406361,0.0,0.04240282685512368
257,0.0,0.3262411347517731,0.5673758865248227,0.10638297872340426
258,0.2999420961204401,0.6525767226404169,0.0,0.04748118123914302
259,0.0947265625,0.0,0.1748046875,0.73046875
260,0.1958762886597938,0.6329896907216495,0.1711340206185567,0.0
261,0.21428571428571427,0.5,0.0,0.2857142857142857
262,0.0,0.44086021505376344,0.45161290322580644,0.10752688172043011
263,0.36928386540120794,0.3451251078515962,0.0,0.28559102674719583
264,0.23529411764705882,0.23529411764705882,0.0,0.5294117647058824
265,0.0,0.3333333333333333,0.5555555555555556,0.1111111111111111
266,0.21782178217821782,0.0,0.0594059405940594,0.7227722772277227
267,0.0,0.029585798816568046,0.2485207100591716,0.7218934911242604
268,0.3333333333333333,0.0,0.3,0.36666666666666664
269,0.36231884057971014,0.2318840579710145,0.0,0.4057971014492754
270,0.20454545454545456,0.11363636363636363,0.0,0.6818181818181818
271,0.051643192488262914,0.0,0.9342723004694836,0.014084507042253521
272,0.05913978494623656,0.8830645161290323,0.05779569892473118,0.0
273,0.682219419924338,0.19798234552332913,0.0,0.11979823455233292
274,0.140625,0.6484375,0.2109375,0.0
275,0.45590361445783134,0.3320481927710843,0.0,0.21204819277108433
276,0.07692307692307693,0.15384615384615385,0.7692307692307693,0.0
277,0.0,0.06666666666666667,0.06666666666666667,0.8666666666666667
278,0.021660649819494584,0.924187725631769,0.05415162454873646,0.0
279,0.038461538461538464,0.7435897435897436,0.21794871794871795,0.0
280,0.0,0.05336426914153132,0.04408352668213457,0.9025522041763341
281,0.008517887563884156,0.0,0.020442930153321975,0.9710391822827938
282,0.09090909090909091,0.3181818181818182,0.5909090909090909,0.0
283,0.3076923076923077,0.20512820512820512,0.0,0.48717948717948717
284,0.0,0.7679324894514767,0.2320675105485232,0.0
285,0.49640287769784175,0.02877697841726619,0.0,0.4748201438848921
286,0.08208955223880597,0.0,0.20522388059701493,0.7126865671641791
287,0.638095238095238,0.12380952380952381,0.0,0.23809523809523808
288,0.0,0.7639484978540773,0.23605150214592274,0.0
289,0.9295154185022027,0.06167400881057269,0.0,0.00881057268722467
290,0.0,0.02564102564102564,0.8717948717948718,0.10256410256410256
291,0.1566265060240964,0.10843373493975904,0.7349397590361446,0.0
292,0.5964912280701754,0.0,0.19298245614035087,0.21052631578947367
293,0.39285714285714285,0.5357142857142857,0.07142857142857142,0.0
294,0.13333333333333333,0.0,0.8,0.06666666666666667
295,0.0,0.8571428571428571,0.0,0.14285714285714285
296,0.15,0.0,0.6,0.25
297,0.0,0.875,0.0,0.125
298,0.25,0.0,0.0,0.75
299,0.0,0.0,0.0,1.0
300,,,,
301,,,,
302,,,,
303,0.0,0.0,0.0,1.0
304,,,,
305,,,,
306,,,,
307,,,,
308,,,,
309,,,,
310,,,,
