,A,C,G,T
0,,,,
1,,,,
2,,,,
3,0.0,0.0,0.0,1.0
4,,,,
5,0.5,0.5,0.0,0.0
6,,,,
7,0.0,0.0,1.0,0.0
8,0.6666666666666666,0.3333333333333333,0.0,0.0
9,0.0,0.0,0.0,1.0
10,0.0,1.0,0.0,0.0
11,0.0,0.0,0.0,1.0
12,1.0,0.0,0.0,0.0
13,,,,
14,1.0,0.0,0.0,0.0
15,,,,
16,,,,
17,,,,
18,,,,
19,,,,
20,0.5,0.5,0.0,0.0
21,,,,
22,,,,
23,,,,
24,,,,
25,,,,
26,0.0,1.0,0.0,0.0
27,0.0,1.0,0.0,0.0
28,,,,
29,1.0,0.0,0.0,0.0
30,0.5,0.0,0.0,0.5
31,,,,
32,,,,
33,,,,
34,0.0,0.0,1.0,0.0
35,,,,
36,,,,
37,0.0,0.0,0.0,1.0
38,,,,
39,,,,
40,0.0,0.0,1.0,0.0
41,1.0,0.0,0.0,0.0
42,,,,
43,,,,
44,,,,
45,0.0,0.0,0.0,1.0
46,,,,
47,,,,
48,,,,
49,,,,
50,0.0,0.0,1.0,0.0
51,,,,
52,,,,
53,,,,
54,,,,
55,0.0,0.0,1.0,0.0
56,0.5,0.5,0.0,0.0
57,1.0,0.0,0.0,0.0
58,,,,
59,0.0,0.0,0.5,0.5
60,,,,
61,,,,
62,1.0,0.0,0.0,0.0
63,,,,
64,,,,
65,0.0,0.0,0.0,1.0
66,0.0,1.0,0.0,0.0
67,0.0,1.0,0.0,0.0
68,,,,
69,1.0,0.0,0.0,0.0
70,,,,
71,0.5,0.5,0.0,0.0
72,0.0,0.0,1.0,0.0
73,1.0,0.0,0.0,0.0
74,0.0,1.0,0.0,0.0
75,,,,
76,,,,
77,,,,
78,0.0,0.0,1.0,0.0
79,0.0,0.0,1.0,0.0
80,0.0,0.0,0.0,1.0
81,0.0,0.0,0.6666666666666666,0.3333333333333333
82,0.0,0.6666666666666666,0.3333333333333333,0.0
83,,,,
84,,,,
85,,,,
86,,,,
87,,,,
88,0.0,0.0,1.0,0.0
89,,,,
90,0.6666666666666666,0.3333333333333333,0.0,0.0
91,0.0,0.0,1.0,0.0
92,0.0,0.0,0.0,1.0
93,0.5,0.5,0.0,0.0
94,0.0,0.0,0.0,1.0
95,0.0,0.0,0.5,0.5
96,,,,
97,0.0,0.0,0.0,1.0
98,,,,
99,0.0,0.0,0.5,0.5
100,,,,
101,1.0,0.0,0.0,0.0
102,1.0,0.0,0.0,0.0
103,,,,
104,0.3333333333333333,0.0,0.0,0.6666666666666666
105,,,,
106,,,,
107,1.0,0.0,0.0,0.0
108,0.0,1.0,0.0,0.0
109,,,,
110,0.0,1.0,0.0,0.0
111,,,,
112,,,,
113,0.0,0.3333333333333333,0.6666666666666666,0.0
114,,,,
115,,,,
116,,,,
117,,,,
118,1.0,0.0,0.0,0.0
119,,,,
120,,,,
121,,,,
122,0.0,1.0,0.0,0.0
123,,,,
124,,,,
125,0.0,0.0,1.0,0.0
126,,,,
127,,,,
128,0.0,0.0,1.0,0.0
129,,,,
130,0.0,0.0,1.0,0.0
131,0.0,1.0,0.0,0.0
132,,,,
133,0.0,1.0,0.0,0.0
134,,,,
135,0.0,1.0,0.0,0.0
136,1.0,0.0,0.0,0.0
137,1.0,0.0,0.0,0.0
138,,,,
139,,,,
140,,,,
141,0.0,0.0,1.0,0.0
142,,,,
143,,,,
144,0.0,0.0,0.0,1.0
145,0.0,1.0,0.0,0.0
146,0.0,0.0,1.0,0.0
147,0.375,0.0,0.125,0.5
148,0.6666666666666666,0.0,0.0,0.3333333333333333
149,0.3333333333333333,0.3333333333333333,0.0,0.3333333333333333
150,0.0,0.0,1.0,0.0
151,,,,
152,0.0,0.0,0.0,1.0
153,0.0,0.25,0.25,0.5
154,0.0,0.0,0.5,0.5
155,0.0,0.0,0.0,1.0
156,,,,
157,,,,
158,0.0,1.0,0.0,0.0
159,0.0,0.0,1.0,0.0
160,0.0,0.0,0.3333333333333333,0.6666666666666666
161,0.0,0.0,0.2,0.8
162,0.0,0.0,0.0,1.0
163,0.6666666666666666,0.3333333333333333,0.0,0.0
164,0.0,1.0,0.0,0.0
165,1.0,0.0,0.0,0.0
166,1.0,0.0,0.0,0.0
167,,,,
168,,,,
169,0.5,0.0,0.0,0.5
170,0.0,0.0,1.0,0.0
171,0.0,0.0,0.0,1.0
172,,,,
173,,,,
174,0.0,0.5,0.5,0.0
175,0.0,0.0,0.6666666666666666,0.3333333333333333
176,0.5,0.0,0.0,0.5
177,0.0,1.0,0.0,0.0
178,0.0,0.5,0.0,0.5
179,0.0,1.0,0.0,0.0
180,0.0,0.5,0.0,0.5
181,0.0,0.0,0.5,0.5
182,0.0,0.0,1.0,0.0
183,,,,
184,0.0,0.0,1.0,0.0
185,0.0,1.0,0.0,0.0
186,,,,
187,0.0,0.0,1.0,0.0
188,1.0,0.0,0.0,0.0
189,,,,
190,1.0,0.0,0.0,0.0
191,0.0,1.0,0.0,0.0
192,,,,
193,0.0,0.0,0.0,1.0
194,1.0,0.0,0.0,0.0
195,0.0,0.0,0.0,1.0
196,0.5,0.0,0.0,0.5
197,,,,
198,,,,
199,,,,
200,0.0,0.0,1.0,0.0
201,1.0,0.0,0.0,0.0
202,,,,
203,0.5,0.0,0.0,0.5
204,0.0,0.0,0.0,1.0
205,1.0,0.0,0.0,0.0
206,0.5,0.0,0.5,0.0
207,0.0,0.0,0.3333333333333333,0.6666666666666666
208,,,,
209,0.5,0.0,0.0,0.5
210,,,,
211,,,,
212,,,,
213,0.0,0.0,1.0,0.0
214,0.0,1.0,0.0,0.0
215,0.3333333333333333,0.3333333333333333,0.0,0.3333333333333333
216,,,,
217,,,,
218,,,,
219,,,,
220,,,,
221,1.0,0.0,0.0,0.0
222,,,,
223,,,,
224,,,,
225,,,,
226,0.0,1.0,0.0,0.0
227,0.0,0.0,0.6666666666666666,0.3333333333333333
228,0.0,0.0,1.0,0.0
229,1.0,0.0,0.0,0.0
230,0.0,0.0,0.5,0.5
231,0.0,0.0,0.0,1.0
232,,,,
233,0.0,0.0,1.0,0.0
234,,,,
235,0.2,0.0,0.0,0.8
236,1.0,0.0,0.0,0.0
237,,,,
238,,,,
239,,,,
240,0.0,0.0,0.0,1.0
241,0.0,0.0,0.0,1.0
242,,,,
243,0.0,1.0,0.0,0.0
244,,,,
245,0.8,0.2,0.0,0.0
246,0.5,0.0,0.0,0.5
247,,,,
248,,,,
249,0.0,0.0,1.0,0.0
250,1.0,0.0,0.0,0.0
251,0.0,0.0,0.6666666666666666,0.3333333333333333
252,0.0,0.5,0.5,0.0
253,1.0,0.0,0.0,0.0
254,0.2,0.0,0.2,0.6
255,0.0,0.0,0.0,1.0
256,,,,
257,0.0,1.0,0.0,0.0
258,0.0,0.0,1.0,0.0
259,0.16666666666666666,0.6666666666666666,0.0,0.16666666666666666
260,0.0,0.0,1.0,0.0
261,,,,
262,0.5,0.0,0.0,0.5
263,,,,
264,,,,
265,,,,
266,0.0,0.8333333333333334,0.0,0.16666666666666666
267,,,,
268,,,,
269,0.0,0.0,0.0,1.0
270,,,,
271,,,,
272,0.0,0.0,1.0,0.0
273,,,,
274,,,,
275,,,,
276,0.0,0.0,1.0,0.0
277,0.0,0.0,0.0,1.0
278,0.25,0.375,0.0,0.375
279,,,,
280,,,,
281,,,,
282,,,,
283,0.0,0.0,0.0,1.0
284,0.0,0.0,0.0,1.0
285,,,,
286,,,,
287,,,,
288,,,,
289,0.0,0.0,0.0,1.0
290,,,,
291,,,,
292,,,,
293,0.0,0.0,1.0,0.0
294,,,,
295,0.0,0.0,1.0,0.0
296,,,,
297,,,,
298,,,,
299,,,,
300,,,,
301,,,,
302,,,,
303,,,,
304,,,,
305,,,,
306,,,,
307,,,,
308,,,,
309,,,,
310,,,,
311,,,,
312,,,,
313,,,,
314,,,,
315,,,,
