,A,C,G,T
0,,,,
1,,,,
2,0.7884615384615384,0.15384615384615385,0.0,0.057692307692307696
3,0.2903225806451613,0.5161290322580645,0.0,0.1935483870967742
4,0.25,0.75,0.0,0.0
5,0.5,0.21428571428571427,0.0,0.2857142857142857
6,0.3333333333333333,0.0,0.16666666666666666,0.5
7,0.0,0.11428571428571428,0.45714285714285713,0.42857142857142855
8,0.6115702479338843,0.3305785123966942,0.0,0.05785123966942149
9,0.0,0.0,0.045454545454545456,0.9545454545454546
10,0.0,1.0,0.0,0.0
11,0.5,0.34146341463414637,0.0,0.15853658536585366
12,0.14285714285714285,0.0,0.7142857142857143,0.14285714285714285
13,0.0,0.0967741935483871,0.7419354838709677,0.16129032258064516
14,0.6842105263157895,0.21052631578947367,0.0,0.10526315789473684
15,0.0,0.8888888888888888,0.0,0.1111111111111111
16,0.0,0.47368421052631576,0.3157894736842105,0.21052631578947367
17,0.75,0.25,0.0,0.0
18,0.16666666666666666,0.16666666666666666,0.6666666666666666,0.0
19,0.0,0.0,0.5,0.5
20,0.5714285714285714,0.14285714285714285,0.0,0.2857142857142857
21,0.0,0.5,0.0,0.5
22,0.125,0.375,0.0,0.5
23,0.04,0.0,0.76,0.2
24,0.42857142857142855,0.0,0.14285714285714285,0.42857142857142855
25,0.25,0.0,0.25,0.5
26,0.0,0.21428571428571427,0.6785714285714286,0.10714285714285714
27,0.3333333333333333,0.6111111111111112,0.0,0.05555555555555555
28,0.7692307692307693,0.23076923076923078,0.0,0.0
29,0.0,0.2972972972972973,0.5675675675675675,0.13513513513513514
30,0.09523809523809523,0.0,0.7857142857142857,0.11904761904761904
31,0.5,0.1,0.4,0.0
32,0.3793103448275862,0.10344827586206896,0.0,0.5172413793103449
33,0.4,0.43333333333333335,0.0,0.16666666666666666
34,0.0,0.8571428571428571,0.14285714285714285,0.0
35,0.5862068965517241,0.10344827586206896,0.0,0.3103448275862069
36,0.0,0.5263157894736842,0.42105263157894735,0.05263157894736842
37,0.0,0.13043478260869565,0.7681159420289855,0.10144927536231885
38,0.7647058823529411,0.058823529411764705,0.0,0.17647058823529413
39,0.22727272727272727,0.0,0.5,0.2727272727272727
40,0.6,0.0,0.2,0.2
41,0.07142857142857142,0.7619047619047619,0.16666666666666666,0.0
42,0.2727272727272727,0.09090909090909091,0.6363636363636364,0.0
43,0.043478260869565216,0.0,0.043478260869565216,0.9130434782608695
44,0.0,0.1875,0.75,0.0625
45,0.010638297872340425,0.0,0.9787234042553191,0.010638297872340425
46,0.0,0.3333333333333333,0.4444444444444444,0.2222222222222222
47,0.6666666666666666,0.0,0.0,0.3333333333333333
48,0.0,0.35294117647058826,0.6470588235294118,0.0
49,0.2727272727272727,0.0,0.09090909090909091,0.6363636363636364
50,0.11627906976744186,0.0,0.20930232558139536,0.6744186046511628
51,0.2631578947368421,0.0,0.2631578947368421,0.47368421052631576
52,0.3333333333333333,0.3333333333333333,0.3333333333333333,0.0
53,0.43333333333333335,0.23333333333333334,0.0,0.3333333333333333
54,0.3076923076923077,0.15384615384615385,0.5384615384615384,0.0
55,0.36363636363636365,0.0,0.18181818181818182,0.45454545454545453
56,0.2631578947368421,0.0,0.02631578947368421,0.7105263157894737
57,0.2857142857142857,0.0,0.7142857142857143,0.0
58,0.5,0.5,0.0,0.0
59,0.17857142857142858,0.0,0.25,0.5714285714285714
60,0.0,0.4146341463414634,0.24390243902439024,0.34146341463414637
61,0.1527777777777778,0.0,0.3194444444444444,0.5277777777777778
62,0.10185185185185185,0.0,0.35185185185185186,0.5462962962962963
63,0.5,0.5,0.0,0.0
64,0.16666666666666666,0.3333333333333333,0.0,0.5
65,0.17391304347826086,0.0,0.0,0.8260869565217391
66,0.0,0.2,0.30434782608695654,0.4956521739130435
67,0.16666666666666666,0.0,0.6666666666666666,0.16666666666666666
68,0.37142857142857144,0.6,0.02857142857142857,0.0
69,0.23529411764705882,0.47058823529411764,0.0,0.29411764705882354
70,0.125,0.625,0.25,0.0
71,0.0,0.0,0.7804878048780488,0.21951219512195122
72,0.3333333333333333,0.5777777777777777,0.08888888888888889,0.0
73,0.2857142857142857,0.0,0.2857142857142857,0.42857142857142855
74,0.23214285714285715,0.5714285714285714,0.19642857142857142,0.0
75,0.5277777777777778,0.2777777777777778,0.0,0.19444444444444445
76,0.6666666666666666,0.2777777777777778,0.0,0.05555555555555555
77,0.19047619047619047,0.6031746031746031,0.20634920634920634,0.0
78,0.125,0.4583333333333333,0.0,0.4166666666666667
79,0.4774436090225564,0.39097744360902253,0.0,0.13157894736842105
80,0.0,0.0,0.43478260869565216,0.5652173913043478
81,0.10256410256410256,0.5128205128205128,0.38461538461538464,0.0
82,0.3,0.0,0.0,0.7
83,0.30434782608695654,0.0,0.08695652173913043,0.6086956521739131
84,0.0,0.24242424242424243,0.6515151515151515,0.10606060606060606
85,0.0625,0.875,0.0625,0.0
86,0.2808988764044944,0.0,0.2808988764044944,0.43820224719101125
87,0.0,0.21311475409836064,0.6557377049180327,0.13114754098360656
88,0.5359712230215827,0.41007194244604317,0.0,0.0539568345323741
89,0.11956521739130435,0.0,0.06521739130434782,0.8152173913043478
90,0.0,0.2708333333333333,0.625,0.10416666666666667
91,0.4551282051282051,0.47435897435897434,0.0,0.07051282051282051
92,0.34210526315789475,0.4605263157894737,0.19736842105263158,0.0
93,0.5757575757575758,0.3434343434343434,0.0,0.08080808080808081
94,0.4127906976744186,0.42441860465116277,0.0,0.16279069767441862
95,0.40869565217391307,0.4260869565217391,0.16521739130434782,0.0
96,0.5240174672489083,0.32751091703056767,0.0,0.14847161572052403
97,0.5570652173913043,0.37228260869565216,0.0,0.07065217391304347
98,0.16666666666666666,0.6764705882352942,0.1568627450980392,0.0
99,0.26595744680851063,0.6170212765957447,0.11702127659574468,0.0
100,0.0,0.3181818181818182,0.03636363636363636,0.6454545454545455
101,0.06306306306306306,0.0,0.06306306306306306,0.8738738738738738
102,0.058823529411764705,0.9411764705882353,0.0,0.0
103,0.0,0.23684210526315788,0.08771929824561403,0.6754385964912281
104,0.0,0.0,0.06060606060606061,0.9393939393939394
105,,,,
106,0.6363636363636364,0.0,0.0,0.36363636363636365
107,0.0,0.8,0.0,0.2
108,0.0,0.13793103448275862,0.8103448275862069,0.05172413793103448
109,0.37091988130563797,0.6112759643916914,0.0,0.017804154302670624
110,0.052083333333333336,0.0,0.041666666666666664,0.90625
111,0.0,0.5,0.5,0.0
112,0.3333333333333333,0.0,0.0,0.6666666666666666
113,0.0,0.3333333333333333,0.0,0.6666666666666666
114,0.0,0.248,0.568,0.184
115,0.0,0.875,0.125,0.0
116,0.38095238095238093,0.0,0.09523809523809523,0.5238095238095238
117,0.75,0.0,0.0,0.25
118,0.7777777777777778,0.2222222222222222,0.0,0.0
119,0.11940298507462686,0.0,0.3582089552238806,0.5223880597014925
120,0.5,0.0,0.16666666666666666,0.3333333333333333
121,0.0,0.2,0.4,0.4
122,0.5363636363636364,0.35454545454545455,0.0,0.10909090909090909
123,0.2872340425531915,0.0,0.1702127659574468,0.5425531914893617
124,0.0,0.22807017543859648,0.34649122807017546,0.42543859649122806
125,0.13432835820895522,0.0,0.26865671641791045,0.5970149253731343
126,0.1875,0.0,0.0625,0.75
127,0.8333333333333334,0.0,0.16666666666666666,0.0
128,0.0,0.6176470588235294,0.2647058823529412,0.11764705882352941
129,0.41935483870967744,0.45161290322580644,0.0,0.12903225806451613
130,0.813953488372093,0.09302325581395349,0.0,0.09302325581395349
131,0.6590909090909091,0.2727272727272727,0.0,0.06818181818181818
132,0.0,0.4383561643835616,0.5616438356164384,0.0
133,0.0,0.10465116279069768,0.8372093023255814,0.05813953488372093
134,0.0,0.2857142857142857,0.0,0.7142857142857143
135,0.625,0.25,0.0,0.125
136,0.64,0.32,0.0,0.04
137,0.25,0.0,0.5,0.25
138,0.42857142857142855,0.0,0.14285714285714285,0.42857142857142855
139,0.0,1.0,0.0,0.0
140,0.41935483870967744,0.41935483870967744,0.0,0.16129032258064516
141,0.0,0.9310344827586207,0.0,0.06896551724137931
142,0.0,0.25,0.625,0.125
143,0.8771929824561403,0.08771929824561403,0.0,0.03508771929824561
144,0.0,0.0,1.0,0.0
145,0.4,0.1,0.0,0.5
146,0.03225806451612903,0.7419354838709677,0.0,0.22580645161290322
147,0.0,0.6428571428571429,0.3392857142857143,0.017857142857142856
148,0.0,0.14285714285714285,0.8571428571428571,0.0
149,0.19148936170212766,0.5319148936170213,0.2765957446808511,0.0
150,0.2,0.4,0.0,0.4
151,0.0,1.0,0.0,0.0
152,0.46938775510204084,0.38095238095238093,0.0,0.14965986394557823
153,0.5149253731343284,0.3656716417910448,0.11940298507462686,0.0
154,0.0,0.18947368421052632,0.30526315789473685,0.5052631578947369
155,0.1,0.0,0.13333333333333333,0.7666666666666667
156,0.0,0.21518987341772153,0.7341772151898734,0.05063291139240506
157,0.12121212121212122,0.36363636363636365,0.5151515151515151,0.0
158,0.09090909090909091,0.0,0.29292929292929293,0.6161616161616161
159,0.22764227642276422,0.5447154471544715,0.22764227642276422,0.0
160,0.0,0.5317919075144508,0.028901734104046242,0.4393063583815029
161,0.12149532710280374,0.7850467289719626,0.09345794392523364,0.0
162,0.27983539094650206,0.5308641975308642,0.18930041152263374,0.0
163,0.0,0.4840764331210191,0.2484076433121019,0.267515923566879
164,0.06796116504854369,0.0,0.05825242718446602,0.8737864077669902
165,0.0,0.20512820512820512,0.7564102564102564,0.038461538461538464
166,0.3370165745856354,0.6022099447513812,0.0,0.06077348066298342
167,0.3170731707317073,0.34146341463414637,0.34146341463414637,0.0
168,0.375,0.125,0.0,0.5
169,0.5945945945945946,0.13513513513513514,0.0,0.2702702702702703
170,0.5315315315315315,0.3063063063063063,0.0,0.16216216216216217
171,0.0,0.22818791946308725,0.6040268456375839,0.16778523489932887
172,0.4444444444444444,0.4301994301994302,0.0,0.12535612535612536
173,0.4632768361581921,0.0,0.1638418079096045,0.3728813559322034
174,0.0,0.15702479338842976,0.6363636363636364,0.2066115702479339
175,0.22033898305084745,0.0,0.2542372881355932,0.5254237288135594
176,0.08571428571428572,0.0,0.47619047619047616,0.4380952380952381
177,0.3468208092485549,0.4161849710982659,0.23699421965317918,0.0
178,0.0,0.4124293785310734,0.05084745762711865,0.536723163841808
179,0.14130434782608695,0.0,0.22826086956521738,0.6304347826086957
180,0.26785714285714285,0.4107142857142857,0.32142857142857145,0.0
181,0.0,0.5256410256410257,0.19230769230769232,0.28205128205128205
182,0.1,0.0,0.11666666666666667,0.7833333333333333
183,0.0,0.6944444444444444,0.2222222222222222,0.08333333333333333
184,0.0,0.3548387096774194,0.5698924731182796,0.07526881720430108
185,0.05555555555555555,0.0,0.08333333333333333,0.8611111111111112
186,0.11627906976744186,0.0,0.20930232558139536,0.6744186046511628
187,0.5,0.0,0.05555555555555555,0.4444444444444444
188,0.4,0.4,0.0,0.2
189,0.12903225806451613,0.1935483870967742,0.6774193548387096,0.0
190,0.8125,0.0,0.0,0.1875
191,0.21666666666666667,0.0,0.31666666666666665,0.4666666666666667
192,0.14814814814814814,0.0,0.6296296296296297,0.2222222222222222
193,0.2,0.4,0.4,0.0
194,0.2692307692307692,0.0,0.4423076923076923,0.28846153846153844
195,0.0,0.3987730061349693,0.5828220858895705,0.018404907975460124
196,0.0,0.1761006289308176,0.7421383647798742,0.08176100628930817
197,0.4915254237288136,0.423728813559322,0.0,0.0847457627118644
198,0.0,0.3125,0.6125,0.075
199,0.25,0.640625,0.0,0.109375
200,0.15384615384615385,0.3076923076923077,0.5384615384615384,0.0
201,0.3793103448275862,0.0,0.4827586206896552,0.13793103448275862
202,0.5616797900262467,0.3464566929133858,0.09186351706036745,0.0
203,0.0,0.456,0.432,0.112
204,0.37549407114624506,0.525691699604743,0.0,0.09881422924901186
205,0.07462686567164178,0.6865671641791045,0.23880597014925373,0.0
206,0.18823529411764706,0.5764705882352941,0.23529411764705882,0.0
207,0.0,0.023668639053254437,0.3727810650887574,0.6035502958579881
208,0.23170731707317074,0.0,0.29878048780487804,0.4695121951219512
209,0.1956521739130435,0.0,0.358695652173913,0.44565217391304346
210,0.0,0.3269230769230769,0.25,0.4230769230769231
211,0.20833333333333334,0.375,0.4166666666666667,0.0
212,0.0,0.2315112540192926,0.45016077170418006,0.3183279742765273
213,0.3125,0.0625,0.625,0.0
214,0.2631578947368421,0.0,0.10526315789473684,0.631578947368421
215,0.0,0.3783783783783784,0.31756756756756754,0.30405405405405406
216,0.39660056657223797,0.37960339943342775,0.0,0.2237960339943343
217,0.18518518518518517,0.4444444444444444,0.37037037037037035,0.0
218,0.0,0.18466898954703834,0.6724738675958188,0.14285714285714285
219,0.4166666666666667,0.2222222222222222,0.0,0.3611111111111111
220,0.0,0.225,0.625,0.15
221,0.358974358974359,0.0,0.3076923076923077,0.3333333333333333
222,0.0,0.40540540540540543,0.43243243243243246,0.16216216216216217
223,0.13846153846153847,0.0,0.3384615384615385,0.5230769230769231
224,0.27049180327868855,0.5819672131147541,0.0,0.14754098360655737
225,0.20588235294117646,0.38235294117647056,0.4117647058823529,0.0
226,0.1,0.0,0.2,0.7
227,0.136986301369863,0.5616438356164384,0.3013698630136986,0.0
228,0.0,0.35964912280701755,0.5964912280701754,0.043859649122807015
229,0.0,0.3815789473684211,0.5526315789473685,0.06578947368421052
230,0.3577981651376147,0.5229357798165137,0.0,0.11926605504587157
231,0.0,0.3076923076923077,0.6153846153846154,0.07692307692307693
232,0.0,0.30666666666666664,0.6666666666666666,0.02666666666666667
233,0.023952095808383235,0.0,0.17964071856287425,0.7964071856287425
234,0.36585365853658536,0.0,0.4634146341463415,0.17073170731707318
235,0.0,0.13333333333333333,0.6888888888888889,0.17777777777777778
236,0.5502392344497608,0.37799043062200954,0.0,0.07177033492822966
237,0.175,0.375,0.45,0.0
238,0.2631578947368421,0.21052631578947367,0.5263157894736842,0.0
239,0.10975609756097561,0.0,0.17073170731707318,0.7195121951219512
240,0.375,0.1875,0.4375,0.0
241,0.1794871794871795,0.0,0.05128205128205128,0.7692307692307693
242,0.23529411764705882,0.0,0.1568627450980392,0.6078431372549019
243,0.16129032258064516,0.0,0.1935483870967742,0.6451612903225806
244,0.11764705882352941,0.23529411764705882,0.6470588235294118,0.0
245,0.3191489361702128,0.46808510638297873,0.0,0.2127659574468085
246,0.0,0.2361111111111111,0.7083333333333334,0.05555555555555555
247,0.0,0.2786259541984733,0.648854961832061,0.07251908396946564
248,0.37969924812030076,0.37218045112781956,0.0,0.24812030075187969
249,0.10810810810810811,0.0,0.35135135135135137,0.5405405405405406
250,0.0,0.23076923076923078,0.7692307692307693,0.0
251,0.37209302325581395,0.4186046511627907,0.0,0.20930232558139536
252,0.0,0.3707865168539326,0.449438202247191,0.1797752808988764
253,0.4,0.573170731707317,0.0,0.026829268292682926
254,0.05263157894736842,0.0,0.5023923444976076,0.4449760765550239
255,0.034482758620689655,0.06896551724137931,0.896551724137931,0.0
256,0.5,0.0,0.2,0.3
257,0.30952380952380953,0.30952380952380953,0.38095238095238093,0.0
258,0.36363636363636365,0.4090909090909091,0.0,0.22727272727272727
259,0.058823529411764705,0.5882352941176471,0.35294117647058826,0.0
260,0.32608695652173914,0.32608695652173914,0.0,0.34782608695652173
261,0.0,0.2,0.5333333333333333,0.26666666666666666
262,0.16666666666666666,0.0,0.43333333333333335,0.4
263,0.0660377358490566,0.3490566037735849,0.5849056603773585,0.0
264,0.23529411764705882,0.4117647058823529,0.0,0.35294117647058826
265,0.20588235294117646,0.0,0.058823529411764705,0.7352941176470589
266,0.25,0.0,0.3333333333333333,0.4166666666666667
267,0.23076923076923078,0.07692307692307693,0.0,0.6923076923076923
268,0.375,0.0,0.5,0.125
269,0.5769230769230769,0.23076923076923078,0.0,0.19230769230769232
270,0.3333333333333333,0.3333333333333333,0.0,0.3333333333333333
271,0.0,0.0,0.8333333333333334,0.16666666666666666
272,0.5454545454545454,0.0,0.2727272727272727,0.18181818181818182
273,0.0,0.04,0.36,0.6
274,0.2,0.0,0.0,0.8
275,0.4117647058823529,0.058823529411764705,0.0,0.5294117647058824
276,0.16666666666666666,0.3333333333333333,0.0,0.5
277,0.05,0.0,0.85,0.1
278,0.4166666666666667,0.0,0.08333333333333333,0.5
279,0.7272727272727273,0.1875,0.0,0.08522727272727272
280,0.08,0.76,0.16,0.0
281,0.23798076923076922,0.4206730769230769,0.0,0.34134615384615385
282,0.09090909090909091,0.0,0.9090909090909091,0.0
283,0.0,0.0,0.5,0.5
284,0.012345679012345678,0.9135802469135802,0.07407407407407407,0.0
285,0.038461538461538464,0.7307692307692307,0.23076923076923078,0.0
286,0.0,0.013245033112582781,0.052980132450331126,0.9337748344370861
287,0.0,0.0,0.01935483870967742,0.9806451612903225
288,0.17647058823529413,0.11764705882352941,0.7058823529411765,0.0
289,0.25,0.0,0.0,0.75
290,0.0,0.6666666666666666,0.3333333333333333,0.0
291,0.7619047619047619,0.0,0.0,0.23809523809523808
292,0.12,0.0,0.12,0.76
293,0.55,0.325,0.0,0.125
294,0.0,0.8243243243243243,0.17567567567567569,0.0
295,0.4,0.45,0.0,0.15
296,0.0,0.2727272727272727,0.6363636363636364,0.09090909090909091
297,0.5,0.125,0.0,0.375
298,0.0,0.32142857142857145,0.35714285714285715,0.32142857142857145
299,0.4444444444444444,0.4444444444444444,0.1111111111111111,0.0
300,0.5,0.0,0.25,0.25
301,0.04,0.68,0.28,0.0
302,0.25,0.0,0.5,0.25
303,0.125,0.875,0.0,0.0
304,0.5,0.0,0.0,0.5
305,0.5,0.0,0.0,0.5
306,0.0,0.0,0.3333333333333333,0.6666666666666666
307,,,,
308,,,,
309,0.0,0.0,0.0,1.0
310,,,,
311,,,,
312,,,,
313,0.0,0.0,1.0,0.0
314,,,,
315,,,,
316,,,,
317,,,,
318,,,,
