,A,C,G,T
0,,,,
1,,,,
2,0.25207547169811323,0.012075471698113207,0.0,0.7358490566037735
3,0.23877551020408164,0.5489795918367347,0.0,0.21224489795918366
4,0.5283018867924528,0.3867924528301887,0.08490566037735849,0.0
5,0.7282608695652174,0.10217391304347827,0.0,0.16956521739130434
6,0.5531914893617021,0.0,0.24468085106382978,0.20212765957446807
7,0.0,0.1152542372881356,0.5016949152542373,0.38305084745762713
8,0.5905743740795287,0.31075110456553756,0.0,0.09867452135493372
9,0.058682634730538925,0.0,0.058682634730538925,0.8826347305389222
10,0.022988505747126436,0.8850574712643678,0.09195402298850575,0.0
11,0.661498708010336,0.10723514211886305,0.0,0.23126614987080105
12,0.32044198895027626,0.0,0.5911602209944752,0.08839779005524862
13,0.0,0.08785046728971962,0.5476635514018692,0.3644859813084112
14,0.7124773960216998,0.15370705244122965,0.0,0.13381555153707053
15,0.029411764705882353,0.8361344537815126,0.0,0.13445378151260504
16,0.0,0.05,0.9175,0.0325
17,0.6917808219178082,0.0547945205479452,0.0,0.2534246575342466
18,0.18461538461538463,0.16153846153846155,0.6538461538461539,0.0
19,0.1232876712328767,0.0,0.3150684931506849,0.5616438356164384
20,0.29411764705882354,0.23529411764705882,0.0,0.47058823529411764
21,0.15942028985507245,0.18840579710144928,0.0,0.6521739130434783
22,0.36619718309859156,0.3380281690140845,0.0,0.29577464788732394
23,0.13793103448275862,0.0,0.40229885057471265,0.45977011494252873
24,0.21,0.0,0.43,0.36
25,0.475,0.0,0.15,0.375
26,0.0,0.27421758569299554,0.45454545454545453,0.27123695976154993
27,0.5597269624573379,0.39419795221843,0.0,0.04607508532423208
28,0.23300970873786409,0.5145631067961165,0.0,0.2524271844660194
29,0.0,0.3278463648834019,0.6008230452674898,0.07133058984910837
30,0.08455882352941177,0.0,0.5294117647058824,0.3860294117647059
31,0.4266666666666667,0.23333333333333334,0.34,0.0
32,0.3074074074074074,0.3592592592592593,0.0,0.3333333333333333
33,0.8211640211640212,0.1455026455026455,0.0,0.03333333333333333
34,0.06716417910447761,0.8507462686567164,0.08208955223880597,0.0
35,0.5325670498084292,0.13026819923371646,0.0,0.3371647509578544
36,0.0,0.7573099415204678,0.1783625730994152,0.06432748538011696
37,0.0,0.19559471365638767,0.7700440528634361,0.03436123348017621
38,0.5161290322580645,0.24372759856630824,0.0,0.24014336917562723
39,0.20397111913357402,0.0,0.2490974729241877,0.5469314079422383
40,0.32954545454545453,0.0,0.11363636363636363,0.5568181818181818
41,0.08144329896907217,0.7793814432989691,0.13917525773195877,0.0
42,0.15196078431372548,0.5196078431372549,0.3284313725490196,0.0
43,0.20710059171597633,0.0,0.15976331360946747,0.6331360946745562
44,0.4838709677419355,0.18064516129032257,0.0,0.33548387096774196
45,0.2265625,0.3671875,0.0,0.40625
46,0.0,0.30228136882129275,0.6577946768060836,0.039923954372623575
47,0.5,0.31785714285714284,0.0,0.18214285714285713
48,0.0,0.4025157232704403,0.44025157232704404,0.15723270440251572
49,0.24607329842931938,0.0,0.27225130890052357,0.4816753926701571
50,0.20180722891566266,0.0,0.20481927710843373,0.5933734939759037
51,0.2608695652173913,0.0,0.27717391304347827,0.46195652173913043
52,0.30158730158730157,0.47619047619047616,0.2222222222222222,0.0
53,0.3879781420765027,0.22404371584699453,0.0,0.3879781420765027
54,0.40271493212669685,0.26244343891402716,0.334841628959276,0.0
55,0.34415584415584416,0.0,0.09740259740259741,0.5584415584415584
56,0.24652338811630847,0.0,0.23640960809102401,0.5170670037926675
57,0.5580110497237569,0.0,0.2983425414364641,0.143646408839779
58,0.04819277108433735,0.5903614457831325,0.3614457831325301,0.0
59,0.2803738317757009,0.0,0.2570093457943925,0.46261682242990654
60,0.0,0.33189655172413796,0.2629310344827586,0.4051724137931034
61,0.2014388489208633,0.0,0.33573141486810554,0.4628297362110312
62,0.06538461538461539,0.0,0.6108391608391608,0.3237762237762238
63,0.25806451612903225,0.3225806451612903,0.41935483870967744,0.0
64,0.4485294117647059,0.19117647058823528,0.0,0.3602941176470588
65,0.057291666666666664,0.0,0.010416666666666666,0.9322916666666666
66,0.0,0.13125845737483086,0.5047361299052774,0.36400541271989173
67,0.19986263736263737,0.0,0.7022664835164835,0.09787087912087912
68,0.27703984819734345,0.5142314990512334,0.20872865275142316,0.0
69,0.5755102040816327,0.20612244897959184,0.0,0.21836734693877552
70,0.11607142857142858,0.6339285714285714,0.25,0.0
71,0.09777227722772278,0.0,0.5618811881188119,0.34034653465346537
72,0.195,0.5916666666666667,0.21333333333333335,0.0
73,0.3865979381443299,0.0,0.16494845360824742,0.4484536082474227
74,0.24561403508771928,0.47233468286099867,0.28205128205128205,0.0
75,0.5457788347205708,0.2984542211652794,0.0,0.15576694411414982
76,0.5254545454545455,0.28909090909090907,0.0,0.18545454545454546
77,0.20743034055727555,0.5469556243550051,0.24561403508771928,0.0
78,0.3770491803278688,0.15456674473067916,0.0,0.468384074941452
79,0.7016413560362019,0.2018714526767909,0.0,0.09648719128700721
80,0.1001727115716753,0.0,0.33506044905008636,0.5647668393782384
81,0.12808641975308643,0.6481481481481481,0.22376543209876543,0.0
82,0.09584664536741214,0.0,0.019169329073482427,0.8849840255591054
83,0.24342105263157895,0.0,0.1611842105263158,0.5953947368421053
84,0.0,0.5549949545913219,0.3003699966363942,0.1446350487722839
85,0.043329532497149374,0.8494868871151653,0.10718358038768529,0.0
86,0.09304997128087306,0.0,0.5485353245261344,0.35841470419299254
87,0.0,0.23604826546003016,0.6613876319758673,0.10256410256410256
88,0.41786743515850144,0.5271853986551392,0.0,0.05494716618635927
89,0.1921020156314274,0.5693130399012752,0.23858494446729742,0.0
90,0.0,0.18608695652173912,0.7145652173913043,0.09934782608695653
91,0.5473912488837862,0.2432708253603776,0.0,0.2093379257558362
92,0.38489208633093525,0.4827338129496403,0.13237410071942446,0.0
93,0.20033528918692373,0.2844369935736239,0.5152277172394524,0.0
94,0.0,0.377453447408153,0.09662808253648716,0.5259184700553599
95,0.07042910447761194,0.0,0.05690298507462686,0.8726679104477612
96,0.03547297297297297,0.9222972972972973,0.04222972972972973,0.0
97,0.0,0.21446179129005752,0.1322925225965489,0.6532456861133936
98,0.013176638176638177,0.0,0.11574074074074074,0.8710826210826211
99,0.07058823529411765,0.2235294117647059,0.7058823529411765,0.0
100,0.30324909747292417,0.05776173285198556,0.0,0.6389891696750902
101,0.07480314960629922,0.6732283464566929,0.0,0.25196850393700787
102,0.0,0.20964566929133857,0.6889763779527559,0.10137795275590551
103,0.4167628723158624,0.5534518586931425,0.0,0.02978526899099515
104,0.013440860215053764,0.0,0.047192353643966546,0.9393667861409797
105,0.07894736842105263,0.42105263157894735,0.5,0.0
106,0.13559322033898305,0.11864406779661017,0.0,0.7457627118644068
107,0.23076923076923078,0.36923076923076925,0.0,0.4
108,0.0,0.2810304449648712,0.6586651053864169,0.06030444964871194
109,0.11564625850340136,0.43537414965986393,0.4489795918367347,0.0
110,0.08741830065359477,0.0,0.12009803921568628,0.7924836601307189
111,0.6745562130177515,0.0,0.10059171597633136,0.22485207100591717
112,0.40476190476190477,0.13095238095238096,0.0,0.4642857142857143
113,0.2246212121212121,0.3386363636363636,0.0,0.43674242424242427
114,0.34108527131782945,0.0,0.3953488372093023,0.26356589147286824
115,0.0,0.14248704663212436,0.4481865284974093,0.40932642487046633
116,0.7142857142857143,0.12301587301587301,0.0,0.1626984126984127
117,0.1380813953488372,0.0,0.33596345514950166,0.5259551495016611
118,0.12601626016260162,0.0,0.21544715447154472,0.6585365853658537
119,0.2532894736842105,0.0,0.29276315789473684,0.45394736842105265
120,0.21428571428571427,0.0,0.47959183673469385,0.30612244897959184
121,0.3835616438356164,0.0,0.1643835616438356,0.4520547945205479
122,0.0,0.669244497323022,0.18381915526472337,0.14693634741225461
123,0.48717948717948717,0.3333333333333333,0.0,0.1794871794871795
124,0.6322314049586777,0.22727272727272727,0.0,0.14049586776859505
125,0.812202852614897,0.11251980982567353,0.0,0.07527733755942947
126,0.0,0.39209225700164746,0.5930807248764415,0.014827018121911038
127,0.0,0.061361457334611694,0.8370086289549377,0.10162991371045062
128,0.46060606060606063,0.11515151515151516,0.0,0.42424242424242425
129,0.6726943942133815,0.2694394213381555,0.0,0.05786618444846293
130,0.37538461538461537,0.58,0.0,0.04461538461538461
131,0.0,0.3756127450980392,0.5330882352941176,0.09129901960784313
132,0.3686440677966102,0.0,0.1059322033898305,0.5254237288135594
133,0.016129032258064516,0.8602150537634409,0.12365591397849462,0.0
134,0.43369734789391573,0.2121684867394696,0.0,0.3541341653666147
135,0.026584867075664622,0.9202453987730062,0.0,0.053169734151329244
136,0.0,0.5177304964539007,0.40425531914893614,0.07801418439716312
137,0.9073705179282868,0.045318725099601595,0.0,0.04731075697211155
138,0.2413793103448276,0.27586206896551724,0.4827586206896552,0.0
139,0.5362694300518135,0.15932642487046633,0.0,0.30440414507772023
140,0.015299026425591099,0.6592489568845619,0.0,0.325452016689847
141,0.0,0.39847715736040606,0.5609137055837563,0.04060913705583756
142,0.1232876712328767,0.2465753424657534,0.6301369863013698,0.0
143,0.2875536480686695,0.48783977110157367,0.2246065808297568,0.0
144,0.14925373134328357,0.22388059701492538,0.0,0.6268656716417911
145,0.007045797684952189,0.9597382989431303,0.0,0.03321590337191746
146,0.4929074174336762,0.41645912290200326,0.0,0.09063345966432051
147,0.35264598540145986,0.4562043795620438,0.19114963503649635,0.0
148,0.0,0.5417054263565891,0.15410852713178294,0.3041860465116279
149,0.10805860805860806,0.7838827838827839,0.10805860805860806,0.0
150,0.0,0.2358693526305496,0.6858986896147076,0.07823195775474281
151,0.14899328859060404,0.4684563758389262,0.3825503355704698,0.0
152,0.1321109543958627,0.0,0.382228490832158,0.48566055477197934
153,0.06816516002931834,0.7444417297825556,0.18739311018812607,0.0
154,0.0,0.40527223454052724,0.3333333333333333,0.26139443212613944
155,0.21784322217410135,0.44867908185361627,0.3334776959722824,0.0
156,0.32879671635342406,0.44545258155109096,0.22575070209548498,0.0
157,0.0,0.49422799422799424,0.1717171717171717,0.33405483405483405
158,0.08518673940411246,0.0,0.08938313050776332,0.8254301300881242
159,0.0,0.301707779886148,0.512966476913346,0.18532574320050602
160,0.20955067499496272,0.7032037074350191,0.0,0.08724561757001813
161,0.15054347826086956,0.6771739130434783,0.17228260869565218,0.0
162,0.4222972972972973,0.15878378378378377,0.0,0.4189189189189189
163,0.5,0.22062350119904076,0.0,0.2793764988009592
164,0.5125786163522013,0.370440251572327,0.0,0.1169811320754717
165,0.0,0.15049036185322962,0.7724044639837674,0.07710517416300304
166,0.45654810024252224,0.37166531932093777,0.0,0.17178658043654002
167,0.2708006279434851,0.0,0.12244897959183673,0.6067503924646782
168,0.0,0.30659767141009053,0.5478654592496766,0.14553686934023286
169,0.16456634544106746,0.0,0.3446997776130467,0.4907338769458858
170,0.21359223300970873,0.0,0.3990291262135922,0.38737864077669903
171,0.0,0.15686791457948854,0.3205905615607698,0.5225415238597416
172,0.0,0.295397489539749,0.5376569037656904,0.16694560669456068
173,0.24102671118530886,0.0,0.457220367278798,0.30175292153589317
174,0.22839506172839505,0.47530864197530864,0.2962962962962963,0.0
175,0.0,0.312109375,0.534375,0.153515625
176,0.05339805825242718,0.0,0.27346278317152106,0.6731391585760518
177,0.0,0.5125348189415042,0.3635097493036212,0.12395543175487465
178,0.0,0.5603271983640081,0.40899795501022496,0.03067484662576687
179,0.040655961735565425,0.0,0.08814485821660403,0.8711991800478306
180,0.1292834890965732,0.0,0.3348909657320872,0.5358255451713395
181,0.3474903474903475,0.0,0.25868725868725867,0.3938223938223938
182,0.10823529411764705,0.0,0.3496470588235294,0.5421176470588235
183,0.2688910696761531,0.21099116781157998,0.5201177625122669,0.0
184,0.4702702702702703,0.0,0.15135135135135136,0.3783783783783784
185,0.14217687074829932,0.0,0.04081632653061224,0.8170068027210884
186,0.16722972972972974,0.0,0.15371621621621623,0.6790540540540541
187,0.1743486973947896,0.19238476953907815,0.6332665330661322,0.0
188,0.2967914438502674,0.0,0.4358288770053476,0.26737967914438504
189,0.0,0.3124785149535923,0.6689584049501547,0.018563080096253008
190,0.0,0.11006384919428398,0.83399209486166,0.055944055944055944
191,0.32438238453276047,0.5112781954887218,0.0,0.16433941997851773
192,0.0,0.1710432931156849,0.7927608232789212,0.0361958836053939
193,0.4989733059548255,0.36960985626283366,0.0,0.13141683778234087
194,0.1014799154334038,0.5940803382663847,0.3044397463002114,0.0
195,0.4010416666666667,0.0,0.5,0.09895833333333333
196,0.375,0.20394736842105263,0.0,0.42105263157894735
197,0.0,0.2717206132879046,0.6571550255536627,0.07112436115843271
198,0.1370767960363336,0.8364987613542527,0.0,0.026424442609413706
199,0.03792667509481669,0.7673830594184576,0.19469026548672566,0.0
200,0.3394039735099338,0.0,0.37748344370860926,0.28311258278145696
201,0.0,0.05573558003888529,0.440699935191186,0.5035644847699287
202,0.16709292412617222,0.0,0.4151747655583973,0.4177323103154305
203,0.24363057324840764,0.0,0.27229299363057324,0.4840764331210191
204,0.0,0.25,0.5103305785123967,0.2396694214876033
205,0.07692307692307693,0.5305039787798409,0.3925729442970822,0.0
206,0.0,0.10444743935309973,0.5894878706199461,0.3060646900269542
207,0.1362179487179487,0.15544871794871795,0.7083333333333334,0.0
208,0.16183986371379896,0.0,0.19931856899488926,0.6388415672913118
209,0.0,0.2710053423992229,0.4526469159786304,0.27634774162214665
210,0.4265702666064166,0.4184365115228197,0.0,0.15499322187076367
211,0.07724346838318819,0.7735706171904582,0.14918591442635365,0.0
212,0.0,0.18021125242509162,0.5777107135158439,0.24207803405906445
213,0.2128060263653484,0.4783427495291902,0.0,0.3088512241054614
214,0.0,0.13426329555361813,0.11508282476024412,0.7506538796861377
215,0.42283298097251587,0.0,0.25158562367864695,0.32558139534883723
216,0.0,0.3422330097087379,0.4190938511326861,0.23867313915857605
217,0.2525458248472505,0.0,0.3122878479293958,0.4351663272233537
218,0.43333333333333335,0.3103448275862069,0.0,0.25632183908045975
219,0.1880952380952381,0.3333333333333333,0.4785714285714286,0.0
220,0.3612565445026178,0.0,0.06806282722513089,0.5706806282722513
221,0.23543495610534718,0.0,0.44373503591380686,0.320830007980846
222,0.0,0.5502450980392157,0.41421568627450983,0.03553921568627451
223,0.0,0.2185089974293059,0.6467866323907455,0.13470437017994857
224,0.19301848049281314,0.621492128678987,0.0,0.18548939082819987
225,0.0,0.2915309446254072,0.6270358306188925,0.08143322475570032
226,0.0,0.2037533512064343,0.7565683646112601,0.03967828418230563
227,0.05417607223476298,0.0,0.42595936794582395,0.519864559819413
228,0.19646182495344505,0.0,0.6759776536312849,0.12756052141527002
229,0.0,0.12559618441971382,0.4912559618441971,0.383147853736089
230,0.7148717948717949,0.21794871794871795,0.0,0.06717948717948719
231,0.30810028929604627,0.2647058823529412,0.42719382835101255,0.0
232,0.16533333333333333,0.33066666666666666,0.504,0.0
233,0.09190887666928516,0.0,0.39512961508248234,0.5129615082482325
234,0.36009174311926606,0.13761467889908258,0.5022935779816514,0.0
235,0.34887459807073956,0.0,0.03858520900321544,0.612540192926045
236,0.21604938271604937,0.0,0.28858024691358025,0.49537037037037035
237,0.14732965009208104,0.0,0.14917127071823205,0.7034990791896869
238,0.07773851590106007,0.10247349823321555,0.8197879858657244,0.0
239,0.3979763912310287,0.2563237774030354,0.0,0.3456998313659359
240,0.0,0.35603932584269665,0.6186797752808989,0.025280898876404494
241,0.0,0.13445216049382716,0.8265817901234568,0.03896604938271605
242,0.43485418626528693,0.409689557855127,0.0,0.15545625587958609
243,0.14444444444444443,0.0,0.2552287581699346,0.6003267973856209
244,0.0898876404494382,0.0898876404494382,0.8202247191011236,0.0
245,0.3660377358490566,0.3867924528301887,0.0,0.24716981132075472
246,0.0,0.25597874224977857,0.562444641275465,0.18157661647475642
247,0.3124843632724543,0.6553665248936702,0.0,0.03214911183387541
248,0.05019305019305019,0.0,0.49734555984555984,0.45246138996138996
249,0.21485411140583555,0.1246684350132626,0.6604774535809018,0.0
250,0.3700787401574803,0.0,0.17716535433070865,0.452755905511811
251,0.17902813299232737,0.5319693094629157,0.289002557544757,0.0
252,0.4458161865569273,0.39094650205761317,0.0,0.16323731138545952
253,0.04265402843601896,0.6255924170616114,0.33175355450236965,0.0
254,0.2745664739884393,0.48265895953757226,0.0,0.24277456647398843
255,0.0,0.18604651162790697,0.5784883720930233,0.23546511627906977
256,0.17614424410540916,0.0,0.651872399445215,0.17198335644937587
257,0.14603174603174604,0.0,0.5158730158730159,0.3380952380952381
258,0.4461538461538462,0.3282051282051282,0.0,0.22564102564102564
259,0.23655913978494625,0.0,0.14695340501792115,0.6164874551971327
260,0.2316715542521994,0.0,0.3020527859237537,0.4662756598240469
261,0.741822429906542,0.04439252336448598,0.0,0.21378504672897197
262,0.7214611872146118,0.0,0.1232876712328767,0.1552511415525114
263,0.0,0.14508928571428573,0.54296875,0.3119419642857143
264,0.2153846153846154,0.18461538461538463,0.0,0.6
265,0.0,0.4098360655737705,0.3770491803278688,0.21311475409836064
266,0.24085365853658536,0.0,0.04878048780487805,0.7103658536585366
267,0.0,0.08955223880597014,0.43470149253731344,0.47574626865671643
268,0.3253968253968254,0.0,0.21428571428571427,0.4603174603174603
269,0.38857142857142857,0.3028571428571429,0.0,0.30857142857142855
270,0.38613861386138615,0.0594059405940594,0.0,0.5544554455445545
271,0.11026615969581749,0.0,0.7832699619771863,0.10646387832699619
272,0.06956521739130435,0.0,0.06086956521739131,0.8695652173913043
273,0.6325009317927693,0.21729407379798732,0.0,0.1502049944092434
274,0.1837837837837838,0.4648648648648649,0.35135135135135137,0.0
275,0.34813084112149534,0.379932502596054,0.0,0.2719366562824507
276,0.07766990291262135,0.11650485436893204,0.8058252427184466,0.0
277,0.0,0.125,0.10416666666666667,0.7708333333333334
278,0.012746234067207415,0.8980301274623407,0.08922363847045191,0.0
279,0.02,0.645,0.335,0.0
280,0.0,0.04668838219326819,0.023344191096634093,0.9299674267100977
281,0.006738131699846861,0.0,0.015313935681470138,0.977947932618683
282,0.13872832369942195,0.1531791907514451,0.708092485549133,0.0
283,0.3125,0.15104166666666666,0.0,0.5364583333333334
284,0.0,0.49199417758369723,0.5080058224163028,0.0
285,0.533678756476684,0.046632124352331605,0.0,0.41968911917098445
286,0.16322314049586778,0.0,0.1012396694214876,0.7355371900826446
287,0.3346774193548387,0.33064516129032256,0.0,0.3346774193548387
288,0.0,0.5672624647224835,0.4299153339604892,0.0028222013170272815
289,0.541795665634675,0.17956656346749225,0.0,0.2786377708978328
290,0.0,0.17548076923076922,0.5528846153846154,0.27163461538461536
291,0.41847826086956524,0.0,0.27445652173913043,0.3070652173913043
292,0.0,0.05474452554744526,0.4489051094890511,0.49635036496350365
293,0.03789893617021277,0.9102393617021277,0.05186170212765957,0.0
294,0.3684210526315789,0.34210526315789475,0.0,0.2894736842105263
295,0.44642857142857145,0.42857142857142855,0.125,0.0
296,0.2692307692307692,0.0,0.40384615384615385,0.3269230769230769
297,0.2916666666666667,0.3333333333333333,0.375,0.0
298,0.5833333333333334,0.0,0.3333333333333333,0.08333333333333333
299,0.058823529411764705,0.5294117647058824,0.0,0.4117647058823529
300,0.05263157894736842,0.0,0.7368421052631579,0.21052631578947367
301,0.0,0.6,0.4,0.0
302,0.4,0.0,0.4,0.2
303,0.0,0.5,0.25,0.25
304,0.0,0.6666666666666666,0.0,0.3333333333333333
305,0.0,0.0,1.0,0.0
306,0.0,0.0,1.0,0.0
307,0.0,0.16666666666666666,0.0,0.8333333333333334
308,,,,
309,,,,
310,,,,
311,,,,
312,,,,
