,A,C,G,T
0,,,,
1,,,,
2,0.0,1.0,0.0,0.0
3,1.0,0.0,0.0,0.0
4,0.0,1.0,0.0,0.0
5,,,,
6,0.0,0.5,0.0,0.5
7,,,,
8,1.0,0.0,0.0,0.0
9,0.0,1.0,0.0,0.0
10,0.0,0.0,1.0,0.0
11,0.0,1.0,0.0,0.0
12,0.0,0.2,0.8,0.0
13,0.0,0.6666666666666666,0.3333333333333333,0.0
14,1.0,0.0,0.0,0.0
15,0.0,1.0,0.0,0.0
16,,,,
17,1.0,0.0,0.0,0.0
18,0.0,0.0,1.0,0.0
19,,,,
20,0.0,1.0,0.0,0.0
21,0.0,1.0,0.0,0.0
22,0.0,1.0,0.0,0.0
23,0.0,1.0,0.0,0.0
24,0.5,0.0,0.0,0.5
25,1.0,0.0,0.0,0.0
26,0.0,0.0,1.0,0.0
27,,,,
28,0.0,1.0,0.0,0.0
29,0.5,0.3333333333333333,0.0,0.16666666666666666
30,0.25,0.0,0.0,0.75
31,,,,
32,,,,
33,0.5,0.0,0.0,0.5
34,,,,
35,0.0,0.0,0.0,1.0
36,0.0,1.0,0.0,0.0
37,0.0,0.0,1.0,0.0
38,0.0,0.1111111111111111,0.8888888888888888,0.0
39,0.5,0.0,0.0,0.5
40,0.0,0.0,0.0,1.0
41,0.0,0.0,1.0,0.0
42,0.0,0.0,0.0,1.0
43,1.0,0.0,0.0,0.0
44,0.0,0.5,0.5,0.0
45,0.0,1.0,0.0,0.0
46,,,,
47,0.5,0.5,0.0,0.0
48,0.0,1.0,0.0,0.0
49,,,,
50,0.0,0.0,0.0,1.0
51,0.25,0.0,0.75,0.0
52,,,,
53,1.0,0.0,0.0,0.0
54,,,,
55,,,,
56,0.375,0.625,0.0,0.0
57,,,,
58,,,,
59,,,,
60,0.0,0.0,1.0,0.0
61,,,,
62,0.0,0.0,1.0,0.0
63,,,,
64,0.5,0.5,0.0,0.0
65,0.2,0.0,0.0,0.8
66,0.0,0.2857142857142857,0.14285714285714285,0.5714285714285714
67,0.4444444444444444,0.0,0.3333333333333333,0.2222222222222222
68,,,,
69,1.0,0.0,0.0,0.0
70,0.0,1.0,0.0,0.0
71,,,,
72,0.0,0.75,0.25,0.0
73,,,,
74,0.0,0.14285714285714285,0.8571428571428571,0.0
75,1.0,0.0,0.0,0.0
76,1.0,0.0,0.0,0.0
77,0.725,0.275,0.0,0.0
78,0.0,1.0,0.0,0.0
79,,,,
80,0.0,0.0,0.6,0.4
81,0.0,0.5,0.5,0.0
82,0.0,0.0,0.0,1.0
83,0.0,0.17647058823529413,0.0,0.8235294117647058
84,,,,
85,0.0,1.0,0.0,0.0
86,0.0,0.0,1.0,0.0
87,0.0,0.0,0.8,0.2
88,0.3939393939393939,0.5454545454545454,0.0,0.06060606060606061
89,0.7142857142857143,0.0,0.2857142857142857,0.0
90,0.0,0.08333333333333333,0.8333333333333334,0.08333333333333333
91,0.0,0.2,0.8,0.0
92,0.0,0.6666666666666666,0.3333333333333333,0.0
93,0.5357142857142857,0.25,0.0,0.21428571428571427
94,0.05555555555555555,0.0,0.8888888888888888,0.05555555555555555
95,0.16666666666666666,0.0,0.8333333333333334,0.0
96,0.0,0.45,0.55,0.0
97,0.6666666666666666,0.16666666666666666,0.0,0.16666666666666666
98,0.0,0.5333333333333333,0.0,0.4666666666666667
99,0.0,0.23809523809523808,0.5238095238095238,0.23809523809523808
100,0.0,0.6,0.4,0.0
101,0.0,0.0,0.0,1.0
102,,,,
103,0.4,0.6,0.0,0.0
104,0.0,0.25,0.75,0.0
105,0.5,0.0,0.0,0.5
106,0.0,0.5,0.5,0.0
107,1.0,0.0,0.0,0.0
108,0.0,0.2,0.8,0.0
109,0.14285714285714285,0.8571428571428571,0.0,0.0
110,0.045454545454545456,0.0,0.045454545454545456,0.9090909090909091
111,,,,
112,,,,
113,,,,
114,0.0,0.0,0.375,0.625
115,,,,
116,0.0,0.0,0.0,1.0
117,,,,
118,,,,
119,0.0,0.5454545454545454,0.45454545454545453,0.0
120,,,,
121,0.0,0.0,0.0,1.0
122,0.0,0.0,0.0,1.0
123,0.0,0.0,0.0,1.0
124,,,,
125,0.0,0.0,0.0,1.0
126,,,,
127,,,,
128,0.0,1.0,0.0,0.0
129,,,,
130,0.0,0.0,0.0,1.0
131,0.25,0.0,0.0,0.75
132,,,,
133,0.0,0.3333333333333333,0.6666666666666666,0.0
134,1.0,0.0,0.0,0.0
135,1.0,0.0,0.0,0.0
136,0.0,0.0,1.0,0.0
137,,,,
138,1.0,0.0,0.0,0.0
139,0.0,1.0,0.0,0.0
140,0.9375,0.0,0.0,0.0625
141,,,,
142,0.0,0.0,0.0,1.0
143,1.0,0.0,0.0,0.0
144,,,,
145,,,,
146,0.0,1.0,0.0,0.0
147,0.0,0.0,1.0,0.0
148,0.0,0.0,1.0,0.0
149,0.0,0.9166666666666666,0.08333333333333333,0.0
150,1.0,0.0,0.0,0.0
151,0.0,0.0,1.0,0.0
152,0.0,0.16666666666666666,0.6666666666666666,0.16666666666666666
153,0.16666666666666666,0.0,0.3333333333333333,0.5
154,0.0,0.0,1.0,0.0
155,,,,
156,0.0,0.25,0.75,0.0
157,0.0,0.0,1.0,0.0
158,0.9,0.0,0.1,0.0
159,0.5,0.0,0.5,0.0
160,0.0,1.0,0.0,0.0
161,0.0,0.8333333333333334,0.16666666666666666,0.0
162,0.0,0.3333333333333333,0.6666666666666666,0.0
163,0.14285714285714285,0.0,0.7142857142857143,0.14285714285714285
164,0.375,0.5,0.0,0.125
165,0.0,0.1111111111111111,0.7777777777777778,0.1111111111111111
166,0.0,0.4166666666666667,0.5416666666666666,0.041666666666666664
167,0.0,0.8,0.2,0.0
168,,,,
169,0.0,0.0,0.9444444444444444,0.05555555555555555
170,,,,
171,0.0,1.0,0.0,0.0
172,0.0,0.5,0.0,0.5
173,0.0,0.1875,0.8125,0.0
174,0.0,0.25,0.75,0.0
175,0.0,0.7,0.3,0.0
176,0.0,0.0,0.9090909090909091,0.09090909090909091
177,0.0,0.0,1.0,0.0
178,0.21428571428571427,0.0,0.07142857142857142,0.7142857142857143
179,0.07407407407407407,0.0,0.4074074074074074,0.5185185185185185
180,0.0,1.0,0.0,0.0
181,0.0,0.875,0.0,0.125
182,0.6,0.0,0.0,0.4
183,0.0,0.25,0.75,0.0
184,0.782608695652174,0.21739130434782608,0.0,0.0
185,0.15151515151515152,0.0,0.3333333333333333,0.5151515151515151
186,0.0,0.17647058823529413,0.6470588235294118,0.17647058823529413
187,0.0,0.0,0.0,1.0
188,0.0,0.125,0.625,0.25
189,,,,
190,,,,
191,0.5,0.5,0.0,0.0
192,0.4,0.0,0.0,0.6
193,0.0,0.0,1.0,0.0
194,0.25,0.5,0.0,0.25
195,0.0,0.14285714285714285,0.8571428571428571,0.0
196,0.0,0.14285714285714285,0.7619047619047619,0.09523809523809523
197,0.4,0.26666666666666666,0.0,0.3333333333333333
198,0.0,0.0,0.7142857142857143,0.2857142857142857
199,0.6153846153846154,0.38461538461538464,0.0,0.0
200,0.05555555555555555,0.0,0.3333333333333333,0.6111111111111112
201,0.0,1.0,0.0,0.0
202,0.0,0.0,0.0,1.0
203,0.8947368421052632,0.0,0.0,0.10526315789473684
204,0.09090909090909091,0.0,0.9090909090909091,0.0
205,0.0,0.5,0.5,0.0
206,0.0,0.0,0.0,1.0
207,0.0,0.0,0.6666666666666666,0.3333333333333333
208,0.3,0.0,0.3,0.4
209,0.2,0.0,0.2,0.6
210,0.0,0.5,0.5,0.0
211,0.0,0.0,1.0,0.0
212,0.2,0.0,0.0,0.8
213,1.0,0.0,0.0,0.0
214,1.0,0.0,0.0,0.0
215,0.16666666666666666,0.0,0.0,0.8333333333333334
216,0.0,1.0,0.0,0.0
217,0.0,0.0,0.9655172413793104,0.034482758620689655
218,0.0,1.0,0.0,0.0
219,,,,
220,0.0,0.0,0.8571428571428571,0.14285714285714285
221,0.0,0.0,0.0,1.0
222,0.0,0.0,0.8,0.2
223,0.5,0.0,0.0,0.5
224,0.05555555555555555,0.0,0.2777777777777778,0.6666666666666666
225,0.0,0.0,1.0,0.0
226,0.6666666666666666,0.0,0.0,0.3333333333333333
227,0.7142857142857143,0.0,0.2857142857142857,0.0
228,0.0,0.5238095238095238,0.47619047619047616,0.0
229,0.0,0.25,0.6666666666666666,0.08333333333333333
230,0.0,0.35294117647058826,0.5294117647058824,0.11764705882352941
231,0.0,0.0,1.0,0.0
232,0.5,0.4166666666666667,0.0,0.08333333333333333
233,0.0,0.0,0.0,1.0
234,,,,
235,0.0,0.0,0.0,1.0
236,0.16666666666666666,0.6666666666666666,0.0,0.16666666666666666
237,0.5,0.0,0.0,0.5
238,,,,
239,0.7857142857142857,0.07142857142857142,0.0,0.14285714285714285
240,0.125,0.0,0.0,0.875
241,0.0,0.5,0.5,0.0
242,,,,
243,0.0,0.0,0.25,0.75
244,,,,
245,0.05,0.4,0.55,0.0
246,0.0,0.3333333333333333,0.2222222222222222,0.4444444444444444
247,0.43478260869565216,0.0,0.2608695652173913,0.30434782608695654
248,0.38461538461538464,0.0,0.38461538461538464,0.23076923076923078
249,0.0,0.26666666666666666,0.5333333333333333,0.2
250,1.0,0.0,0.0,0.0
251,,,,
252,0.0,0.0,0.8571428571428571,0.14285714285714285
253,0.0,0.0,0.5,0.5
254,0.3333333333333333,0.0,0.3333333333333333,0.3333333333333333
255,0.0,0.0,0.9230769230769231,0.07692307692307693
256,0.0,0.08333333333333333,0.9166666666666666,0.0
257,,,,
258,0.0,0.08823529411764706,0.5882352941176471,0.3235294117647059
259,0.0,0.5,0.5,0.0
260,0.3333333333333333,0.0,0.0,0.6666666666666666
261,0.0,0.0,0.0,1.0
262,0.0,0.7142857142857143,0.14285714285714285,0.14285714285714285
263,0.16666666666666666,0.0,0.75,0.08333333333333333
264,0.0,0.0,1.0,0.0
265,,,,
266,0.2,0.8,0.0,0.0
267,0.5,0.43333333333333335,0.0,0.06666666666666667
268,0.1,0.9,0.0,0.0
269,1.0,0.0,0.0,0.0
270,,,,
271,,,,
272,0.1,0.0,0.0,0.9
273,,,,
274,1.0,0.0,0.0,0.0
275,0.0,0.2,0.6,0.2
276,1.0,0.0,0.0,0.0
277,0.0,0.0,1.0,0.0
278,,,,
279,0.0,0.0,1.0,0.0
280,1.0,0.0,0.0,0.0
281,0.0,0.07692307692307693,0.0,0.9230769230769231
282,0.0,0.0,1.0,0.0
283,0.0,0.0,0.0,1.0
284,0.0,1.0,0.0,0.0
285,0.0,0.3333333333333333,0.6666666666666666,0.0
286,0.0,0.0,0.0,1.0
287,0.0,0.0,0.0,1.0
288,,,,
289,0.0,1.0,0.0,0.0
290,0.0,0.5714285714285714,0.42857142857142855,0.0
291,1.0,0.0,0.0,0.0
292,0.0,0.0,0.0,1.0
293,0.0,0.3125,0.5,0.1875
294,0.0,0.0,0.0,1.0
295,,,,
296,0.8888888888888888,0.1111111111111111,0.0,0.0
297,0.0,0.0,1.0,0.0
298,,,,
299,0.0,0.0,0.0,1.0
300,,,,
301,,,,
302,,,,
303,,,,
304,,,,
305,,,,
306,,,,
307,,,,
308,,,,
309,,,,
310,,,,
311,,,,
312,,,,
313,,,,
314,,,,
315,,,,
316,,,,
317,,,,
318,,,,
319,,,,
320,,,,
