,A,C,G,T
0,,,,
1,,,,
2,,,,
3,1.0,0.0,0.0,0.0
4,0.0,1.0,0.0,0.0
5,0.11764705882352941,0.058823529411764705,0.0,0.8235294117647058
6,,,,
7,,,,
8,0.75,0.25,0.0,0.0
9,0.0,0.0,0.5,0.5
10,,,,
11,0.0,0.5,0.0,0.5
12,0.1111111111111111,0.2222222222222222,0.0,0.6666666666666666
13,1.0,0.0,0.0,0.0
14,0.0,0.0,0.0,1.0
15,0.0,0.0,1.0,0.0
16,,,,
17,1.0,0.0,0.0,0.0
18,0.0,1.0,0.0,0.0
19,,,,
20,1.0,0.0,0.0,0.0
21,1.0,0.0,0.0,0.0
22,,,,
23,0.0,0.0,1.0,0.0
24,0.14285714285714285,0.8571428571428571,0.0,0.0
25,0.0,0.0,1.0,0.0
26,0.0,0.0,1.0,0.0
27,,,,
28,,,,
29,1.0,0.0,0.0,0.0
30,1.0,0.0,0.0,0.0
31,0.0,1.0,0.0,0.0
32,,,,
33,0.0,0.0,0.0,1.0
34,0.0,0.2,0.8,0.0
35,,,,
36,0.0,0.5,0.5,0.0
37,0.0,0.0,1.0,0.0
38,1.0,0.0,0.0,0.0
39,0.0,0.0,1.0,0.0
40,,,,
41,,,,
42,,,,
43,0.0,1.0,0.0,0.0
44,0.0,0.0,1.0,0.0
45,0.0,0.0,0.0,1.0
46,,,,
47,0.0,0.0,1.0,0.0
48,0.0,0.0,1.0,0.0
49,,,,
50,0.0,1.0,0.0,0.0
51,0.0,1.0,0.0,0.0
52,,,,
53,0.0,0.6666666666666666,0.0,0.3333333333333333
54,0.0,1.0,0.0,0.0
55,0.0,0.3333333333333333,0.6666666666666666,0.0
56,1.0,0.0,0.0,0.0
57,0.0,1.0,0.0,0.0
58,,,,
59,0.0,0.0,0.0,1.0
60,,,,
61,,,,
62,0.0,0.0,1.0,0.0
63,,,,
64,,,,
65,0.0,0.0,0.0,1.0
66,0.0,0.9166666666666666,0.08333333333333333,0.0
67,0.0,0.6,0.4,0.0
68,1.0,0.0,0.0,0.0
69,1.0,0.0,0.0,0.0
70,1.0,0.0,0.0,0.0
71,0.3,0.5,0.2,0.0
72,0.0,1.0,0.0,0.0
73,,,,
74,0.125,0.875,0.0,0.0
75,1.0,0.0,0.0,0.0
76,1.0,0.0,0.0,0.0
77,0.6666666666666666,0.2,0.13333333333333333,0.0
78,0.4,0.0,0.6,0.0
79,0.0,0.0,0.3333333333333333,0.6666666666666666
80,0.0,0.0,0.0,1.0
81,0.0,0.0,1.0,0.0
82,0.4444444444444444,0.0,0.1111111111111111,0.4444444444444444
83,0.625,0.0,0.25,0.125
84,1.0,0.0,0.0,0.0
85,0.0,1.0,0.0,0.0
86,0.0,1.0,0.0,0.0
87,0.0,0.75,0.0,0.25
88,0.5,0.0,0.16666666666666666,0.3333333333333333
89,0.3333333333333333,0.0,0.3333333333333333,0.3333333333333333
90,0.0,0.0,0.6666666666666666,0.3333333333333333
91,0.5,0.07142857142857142,0.0,0.42857142857142855
92,1.0,0.0,0.0,0.0
93,0.25,0.75,0.0,0.0
94,0.0,0.0,0.7142857142857143,0.2857142857142857
95,0.0,0.0,0.5555555555555556,0.4444444444444444
96,0.14285714285714285,0.2857142857142857,0.5714285714285714,0.0
97,0.0,0.09090909090909091,0.5454545454545454,0.36363636363636365
98,0.0,0.4,0.6,0.0
99,0.0,0.2857142857142857,0.0,0.7142857142857143
100,0.0,0.8,0.2,0.0
101,0.6875,0.0625,0.0,0.25
102,0.3333333333333333,0.0,0.6666666666666666,0.0
103,0.0,0.0,0.5,0.5
104,0.0,0.0,0.4666666666666667,0.5333333333333333
105,,,,
106,,,,
107,1.0,0.0,0.0,0.0
108,0.25,0.75,0.0,0.0
109,0.0,1.0,0.0,0.0
110,0.0,0.3333333333333333,0.0,0.6666666666666666
111,0.045454545454545456,0.9545454545454546,0.0,0.0
112,0.0,1.0,0.0,0.0
113,0.0,0.6,0.4,0.0
114,,,,
115,0.0,0.5,0.5,0.0
116,,,,
117,0.0,0.0,0.0,1.0
118,0.0,0.0,1.0,0.0
119,0.5,0.0,0.0,0.5
120,,,,
121,,,,
122,0.25,0.0,0.75,0.0
123,,,,
124,0.0,0.0,1.0,0.0
125,0.0,0.2,0.8,0.0
126,1.0,0.0,0.0,0.0
127,0.0,1.0,0.0,0.0
128,0.0,0.6,0.4,0.0
129,0.0,1.0,0.0,0.0
130,1.0,0.0,0.0,0.0
131,0.5,0.5,0.0,0.0
132,0.0,0.0,0.0,1.0
133,0.625,0.25,0.125,0.0
134,,,,
135,,,,
136,,,,
137,0.75,0.0,0.0,0.25
138,0.0,1.0,0.0,0.0
139,1.0,0.0,0.0,0.0
140,0.0,1.0,0.0,0.0
141,0.0,0.3076923076923077,0.15384615384615385,0.5384615384615384
142,,,,
143,0.75,0.25,0.0,0.0
144,,,,
145,0.3333333333333333,0.6666666666666666,0.0,0.0
146,0.0,0.25,0.5833333333333334,0.16666666666666666
147,,,,
148,0.0,1.0,0.0,0.0
149,0.0,0.8333333333333334,0.0,0.16666666666666666
150,0.0,0.25,0.5,0.25
151,,,,
152,0.0,0.0,1.0,0.0
153,0.0,0.0,0.875,0.125
154,0.0,0.0,1.0,0.0
155,0.6666666666666666,0.0,0.0,0.3333333333333333
156,0.0,0.6666666666666666,0.3333333333333333,0.0
157,0.0,0.0,0.8,0.2
158,0.0,0.6666666666666666,0.3333333333333333,0.0
159,0.0,1.0,0.0,0.0
160,0.0,0.14285714285714285,0.14285714285714285,0.7142857142857143
161,0.0,0.0,0.8571428571428571,0.14285714285714285
162,0.0,0.0,1.0,0.0
163,0.0,0.3333333333333333,0.3333333333333333,0.3333333333333333
164,0.125,0.875,0.0,0.0
165,1.0,0.0,0.0,0.0
166,0.8571428571428571,0.14285714285714285,0.0,0.0
167,0.3,0.4,0.3,0.0
168,0.0,0.0,1.0,0.0
169,0.0,0.0,1.0,0.0
170,0.2,0.0,0.8,0.0
171,0.0,0.0,0.5,0.5
172,0.0,0.0,0.0,1.0
173,0.0,0.0,0.0,1.0
174,0.0,0.6363636363636364,0.2727272727272727,0.09090909090909091
175,0.0,0.5,0.5,0.0
176,0.36363636363636365,0.0,0.36363636363636365,0.2727272727272727
177,1.0,0.0,0.0,0.0
178,0.0,0.0,0.5,0.5
179,0.0,0.0,0.0,1.0
180,0.0,0.0,1.0,0.0
181,,,,
182,0.0,1.0,0.0,0.0
183,,,,
184,0.0,0.3333333333333333,0.6666666666666666,0.0
185,0.6666666666666666,0.3333333333333333,0.0,0.0
186,0.0,0.8,0.0,0.2
187,0.0,0.25,0.625,0.125
188,0.6666666666666666,0.3333333333333333,0.0,0.0
189,0.05263157894736842,0.0,0.2631578947368421,0.6842105263157895
190,0.0,0.5,0.5,0.0
191,0.0,0.0,0.75,0.25
192,0.2,0.0,0.8,0.0
193,0.0,0.0,1.0,0.0
194,0.4,0.6,0.0,0.0
195,1.0,0.0,0.0,0.0
196,0.8571428571428571,0.0,0.0,0.14285714285714285
197,,,,
198,0.0,1.0,0.0,0.0
199,,,,
200,0.0,0.0,1.0,0.0
201,0.5714285714285714,0.42857142857142855,0.0,0.0
202,0.0,0.0,1.0,0.0
203,0.5,0.0,0.0,0.5
204,0.0,0.0,0.3333333333333333,0.6666666666666666
205,0.0,0.0,0.3333333333333333,0.6666666666666666
206,0.0,0.0,0.5,0.5
207,0.0,0.09090909090909091,0.5454545454545454,0.36363636363636365
208,,,,
209,0.14285714285714285,0.0,0.0,0.8571428571428571
210,,,,
211,0.5,0.0,0.5,0.0
212,0.0,0.0,0.0,1.0
213,0.0,0.0,1.0,0.0
214,0.0,0.9333333333333333,0.0,0.06666666666666667
215,0.0,0.0,0.25,0.75
216,,,,
217,,,,
218,0.0,0.0,1.0,0.0
219,0.0,0.0,0.3333333333333333,0.6666666666666666
220,0.0,0.0,0.625,0.375
221,0.0,0.2222222222222222,0.7777777777777778,0.0
222,0.0,0.0,1.0,0.0
223,1.0,0.0,0.0,0.0
224,0.0,0.0,0.0,1.0
225,0.0,0.0,0.875,0.125
226,0.0,0.0,0.0,1.0
227,0.3333333333333333,0.6666666666666666,0.0,0.0
228,,,,
229,0.8,0.2,0.0,0.0
230,0.3,0.0,0.2,0.5
231,0.0,0.0,0.0,1.0
232,,,,
233,0.0,0.0,0.25,0.75
234,,,,
235,0.0,0.0,0.0,1.0
236,0.0,0.0,0.5,0.5
237,0.0,1.0,0.0,0.0
238,0.0,0.0,0.25,0.75
239,0.0,0.0,0.0,1.0
240,0.0,0.8,0.0,0.2
241,,,,
242,1.0,0.0,0.0,0.0
243,0.6666666666666666,0.3333333333333333,0.0,0.0
244,0.0,1.0,0.0,0.0
245,0.7272727272727273,0.09090909090909091,0.0,0.18181818181818182
246,0.0,0.0,0.07692307692307693,0.9230769230769231
247,,,,
248,0.75,0.25,0.0,0.0
249,0.0,1.0,0.0,0.0
250,0.0,1.0,0.0,0.0
251,0.125,0.0,0.875,0.0
252,0.0,0.0,1.0,0.0
253,1.0,0.0,0.0,0.0
254,0.0,0.0,0.0,1.0
255,,,,
256,0.0,0.0,1.0,0.0
257,0.4,0.6,0.0,0.0
258,0.0,1.0,0.0,0.0
259,0.2222222222222222,0.7777777777777778,0.0,0.0
260,,,,
261,0.25,0.5,0.25,0.0
262,0.0,0.0,0.0,1.0
263,,,,
264,0.0,0.0,0.0,1.0
265,,,,
266,0.75,0.0,0.125,0.125
267,1.0,0.0,0.0,0.0
268,,,,
269,0.0,0.0,0.0,1.0
270,,,,
271,0.0,1.0,0.0,0.0
272,,,,
273,,,,
274,0.0,0.0,0.0,1.0
275,,,,
276,1.0,0.0,0.0,0.0
277,,,,
278,0.13333333333333333,0.5333333333333333,0.0,0.3333333333333333
279,,,,
280,0.0,1.0,0.0,0.0
281,0.0,1.0,0.0,0.0
282,,,,
283,0.0,0.5,0.0,0.5
284,0.0,0.0,0.0,1.0
285,,,,
286,,,,
287,0.0,0.5,0.5,0.0
288,,,,
289,0.0,0.0,0.0,1.0
290,,,,
291,0.0,0.8,0.2,0.0
292,0.0,0.0,0.0,1.0
293,0.0,0.0,1.0,0.0
294,,,,
295,,,,
296,,,,
297,,,,
298,,,,
299,,,,
300,,,,
301,,,,
302,,,,
303,,,,
304,,,,
305,,,,
306,,,,
307,,,,
308,,,,
309,,,,
310,,,,
311,,,,
312,,,,
313,,,,
314,,,,
315,,,,
