,A,C,G,T
0,,,,
1,,,,
2,0.7597402597402597,0.2077922077922078,0.0,0.032467532467532464
3,0.7307692307692307,0.15384615384615385,0.0,0.11538461538461539
4,0.2765957446808511,0.425531914893617,0.2978723404255319,0.0
5,0.2905405405405405,0.10135135135135136,0.0,0.6081081081081081
6,0.2857142857142857,0.0,0.5238095238095238,0.19047619047619047
7,0.0,0.17567567567567569,0.581081081081081,0.24324324324324326
8,0.7867298578199052,0.16113744075829384,0.0,0.052132701421800945
9,0.04501607717041801,0.0,0.17363344051446947,0.7813504823151125
10,0.1,0.5,0.4,0.0
11,0.6114649681528662,0.3248407643312102,0.0,0.06369426751592357
12,0.023289665211062592,0.07278020378457059,0.0,0.9039301310043668
13,0.30952380952380953,0.6904761904761905,0.0,0.0
14,0.3793103448275862,0.20689655172413793,0.0,0.41379310344827586
15,0.041237113402061855,0.8969072164948454,0.0,0.061855670103092786
16,0.0,0.3888888888888889,0.2777777777777778,0.3333333333333333
17,0.6031746031746031,0.2857142857142857,0.0,0.1111111111111111
18,0.6875,0.125,0.1875,0.0
19,0.2857142857142857,0.0,0.42857142857142855,0.2857142857142857
20,0.021739130434782608,0.6413043478260869,0.33695652173913043,0.0
21,0.5714285714285714,0.0,0.0,0.42857142857142855
22,0.0,0.0,0.0,1.0
23,0.8214285714285714,0.07142857142857142,0.0,0.10714285714285714
24,0.0,0.0,0.0,1.0
25,0.0,0.0,0.0,1.0
26,0.0,0.3548387096774194,0.22580645161290322,0.41935483870967744
27,0.5714285714285714,0.2857142857142857,0.0,0.14285714285714285
28,0.8484848484848485,0.14545454545454545,0.0,0.006060606060606061
29,0.20408163265306123,0.0,0.42857142857142855,0.3673469387755102
30,0.023622047244094488,0.8582677165354331,0.11811023622047244,0.0
31,0.0,0.7894736842105263,0.21052631578947367,0.0
32,0.775,0.175,0.0,0.05
33,0.864516129032258,0.09032258064516129,0.0,0.04516129032258064
34,0.019230769230769232,0.9230769230769231,0.057692307692307696,0.0
35,0.0,0.5201005025125628,0.24623115577889448,0.23366834170854273
36,0.75,0.0,0.22916666666666666,0.020833333333333332
37,0.0,0.5531914893617021,0.3829787234042553,0.06382978723404255
38,0.37142857142857144,0.5428571428571428,0.0,0.08571428571428572
39,0.21052631578947367,0.0,0.15789473684210525,0.631578947368421
40,0.34782608695652173,0.0,0.30434782608695654,0.34782608695652173
41,0.014423076923076924,0.0625,0.9230769230769231,0.0
42,0.0,0.0019249278152069298,0.9894128970163619,0.008662175168431183
43,0.0,0.14285714285714285,0.0,0.8571428571428571
44,0.7547169811320755,0.1509433962264151,0.0,0.09433962264150944
45,0.25,0.5714285714285714,0.0,0.17857142857142858
46,0.9074074074074074,0.018518518518518517,0.0,0.07407407407407407
47,0.8235294117647058,0.058823529411764705,0.0,0.11764705882352941
48,0.5416666666666666,0.25,0.20833333333333334,0.0
49,0.5714285714285714,0.0,0.2857142857142857,0.14285714285714285
50,0.21428571428571427,0.0,0.39285714285714285,0.39285714285714285
51,0.75,0.0,0.0,0.25
52,0.23076923076923078,0.15384615384615385,0.6153846153846154,0.0
53,0.575,0.175,0.0,0.25
54,0.0,0.925,0.075,0.0
55,0.2261904761904762,0.7261904761904762,0.0,0.047619047619047616
56,0.0,0.3181818181818182,0.6590909090909091,0.022727272727272728
57,0.4444444444444444,0.0,0.4444444444444444,0.1111111111111111
58,0.2,0.5,0.3,0.0
59,0.15789473684210525,0.0,0.4473684210526316,0.39473684210526316
60,0.1111111111111111,0.4166666666666667,0.4722222222222222,0.0
61,0.6,0.0,0.1,0.3
62,0.3181818181818182,0.0,0.09090909090909091,0.5909090909090909
63,0.14285714285714285,0.2857142857142857,0.5714285714285714,0.0
64,0.0,0.0,0.0,1.0
65,0.0425531914893617,0.7872340425531915,0.1702127659574468,0.0
66,0.6067415730337079,0.12359550561797752,0.0,0.2696629213483146
67,0.32105263157894737,0.0,0.06315789473684211,0.6157894736842106
68,0.0,0.3137254901960784,0.43137254901960786,0.2549019607843137
69,0.8227848101265823,0.06329113924050633,0.0,0.11392405063291139
70,0.03773584905660377,0.0,0.42452830188679247,0.5377358490566038
71,0.21052631578947367,0.0,0.6052631578947368,0.18421052631578946
72,0.68,0.16,0.16,0.0
73,0.15,0.0,0.05,0.8
74,0.28125,0.59375,0.125,0.0
75,0.5428571428571428,0.02857142857142857,0.0,0.42857142857142855
76,0.29411764705882354,0.5882352941176471,0.0,0.11764705882352941
77,0.0,0.3181818181818182,0.5833333333333334,0.09848484848484848
78,0.16216216216216217,0.6351351351351351,0.20270270270270271,0.0
79,0.21428571428571427,0.39285714285714285,0.39285714285714285,0.0
80,0.543859649122807,0.0,0.05263157894736842,0.40350877192982454
81,0.0,0.4793388429752066,0.2975206611570248,0.2231404958677686
82,0.3203592814371258,0.0,0.5508982035928144,0.12874251497005987
83,0.2,0.0,0.24444444444444444,0.5555555555555556
84,0.041474654377880185,0.05414746543778802,0.0,0.9043778801843319
85,0.36363636363636365,0.5454545454545454,0.09090909090909091,0.0
86,0.1731669266770671,0.0,0.059282371294851796,0.7675507020280812
87,0.0,0.29133858267716534,0.5590551181102362,0.14960629921259844
88,0.7083333333333334,0.2196969696969697,0.0,0.07196969696969698
89,0.05843071786310518,0.8764607679465777,0.0651085141903172,0.0
90,0.0,0.211340206185567,0.6082474226804123,0.18041237113402062
91,0.49596122778675283,0.40064620355411956,0.0,0.10339256865912763
92,0.18694362017804153,0.0,0.11572700296735905,0.6973293768545994
93,0.0,0.09324009324009325,0.038461538461538464,0.8682983682983683
94,0.0,0.31636363636363635,0.09454545454545454,0.5890909090909091
95,0.059602649006622516,0.8410596026490066,0.09933774834437085,0.0
96,0.22988505747126436,0.12643678160919541,0.0,0.6436781609195402
97,0.0,0.7219321148825065,0.16840731070496084,0.10966057441253264
98,0.042598509052183174,0.9307774227902024,0.0,0.026624068157614485
99,0.0,0.38333333333333336,0.24166666666666667,0.375
100,0.0,0.8333333333333334,0.16666666666666666,0.0
101,0.14102564102564102,0.3717948717948718,0.0,0.48717948717948717
102,0.0,0.39473684210526316,0.42105263157894735,0.18421052631578946
103,0.5377176015473888,0.41005802707930367,0.0,0.05222437137330754
104,0.013201320132013201,0.0,0.1254125412541254,0.8613861386138614
105,0.029411764705882353,0.9705882352941176,0.0,0.0
106,0.0,0.9285714285714286,0.0,0.07142857142857142
107,0.02702702702702703,0.918918918918919,0.0,0.05405405405405406
108,0.0,0.008146639511201629,0.939918533604888,0.051934826883910386
109,0.02,0.34,0.64,0.0
110,0.24390243902439024,0.0,0.5853658536585366,0.17073170731707318
111,0.3888888888888889,0.0,0.5,0.1111111111111111
112,0.0,0.03571428571428571,0.0,0.9642857142857143
113,0.06060606060606061,0.0,0.25757575757575757,0.6818181818181818
114,0.36363636363636365,0.0,0.13636363636363635,0.5
115,0.0,0.2857142857142857,0.30952380952380953,0.40476190476190477
116,0.7258064516129032,0.20967741935483872,0.0,0.06451612903225806
117,0.4888888888888889,0.28888888888888886,0.0,0.2222222222222222
118,0.05263157894736842,0.0,0.5614035087719298,0.38596491228070173
119,0.16666666666666666,0.4,0.43333333333333335,0.0
120,0.13533834586466165,0.0,0.2631578947368421,0.6015037593984962
121,0.8928571428571429,0.0,0.08928571428571429,0.017857142857142856
122,0.0,0.09210526315789473,0.8026315789473685,0.10526315789473684
123,0.25,0.625,0.0,0.125
124,0.8260869565217391,0.043478260869565216,0.0,0.13043478260869565
125,0.4431818181818182,0.42045454545454547,0.0,0.13636363636363635
126,0.0,0.5742574257425742,0.40594059405940597,0.019801980198019802
127,0.0,0.4672897196261682,0.42990654205607476,0.102803738317757
128,0.14285714285714285,0.125,0.0,0.7321428571428571
129,0.38095238095238093,0.19047619047619047,0.0,0.42857142857142855
130,0.4,0.08,0.0,0.52
131,0.6404494382022472,0.3595505617977528,0.0,0.0
132,0.21428571428571427,0.0,0.5476190476190477,0.23809523809523808
133,0.19607843137254902,0.21568627450980393,0.5882352941176471,0.0
134,0.484375,0.171875,0.0,0.34375
135,0.17073170731707318,0.6829268292682927,0.0,0.14634146341463414
136,0.0,0.0625,0.4166666666666667,0.5208333333333334
137,0.753731343283582,0.15671641791044777,0.0,0.08955223880597014
138,0.08,0.04,0.88,0.0
139,0.14492753623188406,0.36231884057971014,0.0,0.4927536231884058
140,0.17391304347826086,0.2753623188405797,0.0,0.5507246376811594
141,0.4694835680751174,0.47417840375586856,0.0,0.056338028169014086
142,0.5263157894736842,0.21052631578947367,0.2631578947368421,0.0
143,0.18666666666666668,0.0,0.32,0.49333333333333335
144,0.0782608695652174,0.09565217391304348,0.8260869565217391,0.0
145,0.23809523809523808,0.0,0.1746031746031746,0.5873015873015873
146,0.0,0.344,0.536,0.12
147,0.3981358189081225,0.09187749667110519,0.5099866844207723,0.0
148,0.20784313725490197,0.0,0.42745098039215684,0.36470588235294116
149,0.06447534766118837,0.0,0.05562579013906448,0.8798988621997471
150,0.0,0.34277620396600567,0.44192634560906513,0.21529745042492918
151,0.14953271028037382,0.308411214953271,0.5420560747663551,0.0
152,0.10833333333333334,0.5541666666666667,0.3375,0.0
153,0.0,0.10714285714285714,0.5909090909090909,0.30194805194805197
154,0.5168539325842697,0.37640449438202245,0.0,0.10674157303370786
155,0.20454545454545456,0.6306818181818182,0.16477272727272727,0.0
156,0.7270029673590505,0.13649851632047477,0.0,0.13649851632047477
157,0.5912240184757506,0.279445727482679,0.0,0.12933025404157045
158,0.32217573221757323,0.5188284518828452,0.1589958158995816,0.0
159,0.7698209718670077,0.1432225063938619,0.0,0.08695652173913043
160,0.6634429400386848,0.21083172147001933,0.0,0.12572533849129594
161,0.35019455252918286,0.45136186770428016,0.19844357976653695,0.0
162,0.0,0.08817635270541083,0.7975951903807615,0.11422845691382766
163,0.5,0.3950892857142857,0.0,0.10491071428571429
164,0.24198250728862974,0.0,0.27696793002915454,0.48104956268221577
165,0.0,0.38341968911917096,0.3160621761658031,0.3005181347150259
166,0.24607329842931938,0.0,0.28272251308900526,0.4712041884816754
167,0.0,0.16875,0.28125,0.55
168,0.1588235294117647,0.4294117647058823,0.4117647058823529,0.0
169,0.0,0.12237762237762238,0.0944055944055944,0.7832167832167832
170,0.11059907834101383,0.0,0.17972350230414746,0.7096774193548387
171,0.3333333333333333,0.3611111111111111,0.3055555555555556,0.0
172,0.0,0.5384615384615384,0.23076923076923078,0.23076923076923078
173,0.05142857142857143,0.0,0.022857142857142857,0.9257142857142857
174,0.6649484536082474,0.09278350515463918,0.0,0.2422680412371134
175,0.09722222222222222,0.0,0.5416666666666666,0.3611111111111111
176,0.0,0.17006802721088435,0.6054421768707483,0.22448979591836735
177,0.5365853658536586,0.24390243902439024,0.0,0.21951219512195122
178,0.0,0.25,0.7105263157894737,0.039473684210526314
179,0.2826086956521739,0.0,0.463768115942029,0.2536231884057971
180,0.17391304347826086,0.30434782608695654,0.5217391304347826,0.0
181,0.29411764705882354,0.0,0.058823529411764705,0.6470588235294118
182,0.07344632768361582,0.0,0.1016949152542373,0.8248587570621468
183,0.0,0.011956521739130435,0.9684782608695652,0.01956521739130435
184,0.0,0.013363028953229399,0.0,0.9866369710467706
185,0.5875,0.15,0.0,0.2625
186,0.0,0.576271186440678,0.4067796610169492,0.01694915254237288
187,0.0,0.05405405405405406,0.8040540540540541,0.14189189189189189
188,0.22727272727272727,0.36363636363636365,0.0,0.4090909090909091
189,0.29411764705882354,0.11764705882352941,0.0,0.5882352941176471
190,0.36363636363636365,0.18181818181818182,0.0,0.45454545454545453
191,0.21428571428571427,0.0,0.42857142857142855,0.35714285714285715
192,0.0,0.9980059820538385,0.0019940179461615153,0.0
193,0.5,0.3,0.0,0.2
194,0.0,0.18432510885341075,0.8113207547169812,0.0043541364296081275
195,0.32,0.16,0.52,0.0
196,0.07692307692307693,0.46153846153846156,0.46153846153846156,0.0
197,0.23684210526315788,0.0,0.10526315789473684,0.6578947368421053
198,0.0,0.013513513513513514,0.44594594594594594,0.5405405405405406
199,0.06060606060606061,0.0,0.3787878787878788,0.5606060606060606
200,0.2608695652173913,0.0,0.08695652173913043,0.6521739130434783
201,0.0,0.18705035971223022,0.60431654676259,0.20863309352517986
202,0.058823529411764705,0.25882352941176473,0.6823529411764706,0.0
203,0.14285714285714285,0.0,0.5523809523809524,0.3047619047619048
204,0.5897435897435898,0.05128205128205128,0.358974358974359,0.0
205,0.6,0.0,0.2,0.2
206,0.4074074074074074,0.0,0.1111111111111111,0.48148148148148145
207,0.0,0.25,0.5625,0.1875
208,0.36538461538461536,0.5384615384615384,0.0,0.09615384615384616
209,0.0,0.2236842105263158,0.5921052631578947,0.18421052631578946
210,0.2857142857142857,0.6190476190476191,0.0,0.09523809523809523
211,0.0,0.3,0.6,0.1
212,0.22,0.0,0.06,0.72
213,0.0,0.06,0.805,0.135
214,0.0,0.3544973544973545,0.5026455026455027,0.14285714285714285
215,0.07508532423208192,0.78839590443686,0.13651877133105803,0.0
216,0.116,0.044,0.84,0.0
217,0.4166666666666667,0.0,0.1875,0.3958333333333333
218,0.17721518987341772,0.0,0.34177215189873417,0.4810126582278481
219,0.0,0.40310077519379844,0.5658914728682171,0.031007751937984496
220,0.0,0.2,0.725,0.075
221,0.44047619047619047,0.42857142857142855,0.0,0.13095238095238096
222,0.0,0.03125,0.890625,0.078125
223,0.0,0.08771929824561403,0.8947368421052632,0.017543859649122806
224,0.0784313725490196,0.0,0.11764705882352941,0.803921568627451
225,0.0,0.015625,0.15625,0.828125
226,0.07547169811320754,0.0,0.0660377358490566,0.8584905660377359
227,0.6088957055214724,0.24233128834355827,0.0,0.14877300613496933
228,0.0935483870967742,0.0,0.6290322580645161,0.27741935483870966
229,0.3333333333333333,0.3333333333333333,0.3333333333333333,0.0
230,0.72,0.19076923076923077,0.0,0.08923076923076922
231,0.13333333333333333,0.4666666666666667,0.4,0.0
232,0.0,0.19473684210526315,0.031578947368421054,0.7736842105263158
233,0.06451612903225806,0.8064516129032258,0.12903225806451613,0.0
234,0.01282051282051282,0.0,0.04487179487179487,0.9423076923076923
235,0.3333333333333333,0.6666666666666666,0.0,0.0
236,0.09142857142857143,0.022857142857142857,0.8857142857142857,0.0
237,0.1346153846153846,0.0,0.8269230769230769,0.038461538461538464
238,0.0,0.07692307692307693,0.07692307692307693,0.8461538461538461
239,0.0,0.3888888888888889,0.5833333333333334,0.027777777777777776
240,0.0,0.22,0.26,0.52
241,0.0,0.2222222222222222,0.7777777777777778,0.0
242,0.4,0.26666666666666666,0.0,0.3333333333333333
243,0.0,0.16521739130434782,0.8,0.034782608695652174
244,0.0,0.3125,0.6428571428571429,0.044642857142857144
245,0.05063291139240506,0.0,0.1518987341772152,0.7974683544303798
246,0.0,0.0784313725490196,0.8627450980392157,0.058823529411764705
247,0.0,0.020765027322404372,0.9781420765027322,0.001092896174863388
248,0.13986013986013987,0.0,0.09090909090909091,0.7692307692307693
249,0.22727272727272727,0.0,0.2727272727272727,0.5
250,0.5,0.0,0.5,0.0
251,0.4444444444444444,0.4166666666666667,0.0,0.1388888888888889
252,0.0,0.6707317073170732,0.32926829268292684,0.0
253,0.1864406779661017,0.7966101694915254,0.0,0.01694915254237288
254,0.0,0.11320754716981132,0.8113207547169812,0.07547169811320754
255,0.296875,0.65625,0.0,0.046875
256,0.10023866348448687,0.0,0.26968973747016706,0.630071599045346
257,0.0029585798816568047,0.9822485207100592,0.014792899408284023,0.0
258,0.15384615384615385,0.7692307692307693,0.0,0.07692307692307693
259,0.0,0.6521739130434783,0.34782608695652173,0.0
260,0.4,0.5661016949152542,0.0,0.03389830508474576
261,0.25,0.25,0.0,0.5
262,1.0,0.0,0.0,0.0
263,0.08823529411764706,0.0,0.029411764705882353,0.8823529411764706
264,0.0,0.0,0.36666666666666664,0.6333333333333333
265,0.2,0.0,0.2,0.6
266,0.873015873015873,0.047619047619047616,0.0,0.07936507936507936
267,0.5,0.0,0.0,0.5
268,0.044444444444444446,0.0,0.8666666666666667,0.08888888888888889
269,0.022935779816513763,0.0,0.013761467889908258,0.963302752293578
270,0.502906976744186,0.28488372093023256,0.0,0.21220930232558138
271,,,,
272,0.5147420147420148,0.3058968058968059,0.0,0.17936117936117937
273,0.0,0.0,1.0,0.0
274,0.0,1.0,0.0,0.0
275,0.0,0.9047619047619048,0.09523809523809523,0.0
276,0.030303030303030304,0.6363636363636364,0.3333333333333333,0.0
277,0.0,0.011904761904761904,0.017857142857142856,0.9702380952380952
278,0.03007518796992481,0.0,0.015037593984962405,0.9548872180451128
279,0.07692307692307693,0.15384615384615385,0.7692307692307693,0.0
280,0.3076923076923077,0.46153846153846156,0.0,0.23076923076923078
281,0.0,0.8157894736842105,0.18421052631578946,0.0
282,0.625,0.0,0.0,0.375
283,0.0,0.0,0.3333333333333333,0.6666666666666666
284,0.0960591133004926,0.0,0.8842364532019704,0.019704433497536946
285,,,,
286,1.0,0.0,0.0,0.0
287,0.0,0.2857142857142857,0.14285714285714285,0.5714285714285714
288,0.05,0.01,0.94,0.0
289,0.0,0.5,0.0,0.5
290,0.14285714285714285,0.2857142857142857,0.5714285714285714,0.0
291,0.0,0.75,0.0,0.25
292,1.0,0.0,0.0,0.0
293,0.0,0.0,1.0,0.0
294,,,,
295,,,,
296,1.0,0.0,0.0,0.0
297,,,,
298,,,,
299,,,,
300,,,,
301,0.0,0.0,0.0,1.0
302,,,,
303,,,,
304,,,,
305,,,,
306,,,,
307,,,,
308,,,,
309,,,,
310,,,,
311,,,,
