,A,C,G,T
0,,,,
1,,,,
2,0.9629629629629629,0.037037037037037035,0.0,0.0
3,0.0,0.5833333333333334,0.0,0.4166666666666667
4,,,,
5,,,,
6,1.0,0.0,0.0,0.0
7,0.0,0.0,0.5,0.5
8,0.6842105263157895,0.23684210526315788,0.0,0.07894736842105263
9,0.25,0.0,0.0,0.75
10,,,,
11,0.05263157894736842,0.9473684210526315,0.0,0.0
12,0.0,0.0,1.0,0.0
13,0.0,0.0,1.0,0.0
14,0.5,0.5,0.0,0.0
15,,,,
16,,,,
17,0.5,0.0,0.0,0.5
18,0.0,0.5,0.5,0.0
19,,,,
20,,,,
21,0.0,0.0,0.0,1.0
22,0.0,0.0,0.0,1.0
23,0.0,0.0,0.0,1.0
24,1.0,0.0,0.0,0.0
25,,,,
26,0.0,0.2,0.7,0.1
27,0.07692307692307693,0.9230769230769231,0.0,0.0
28,1.0,0.0,0.0,0.0
29,0.0,0.25,0.5,0.25
30,0.0,0.0,0.75,0.25
31,0.0,1.0,0.0,0.0
32,0.0,0.3333333333333333,0.0,0.6666666666666666
33,0.0,0.25,0.0,0.75
34,,,,
35,0.6666666666666666,0.0,0.0,0.3333333333333333
36,0.0,1.0,0.0,0.0
37,0.0,0.05263157894736842,0.9473684210526315,0.0
38,0.6666666666666666,0.3333333333333333,0.0,0.0
39,0.0,0.0,1.0,0.0
40,,,,
41,0.16666666666666666,0.6666666666666666,0.16666666666666666,0.0
42,0.0,1.0,0.0,0.0
43,0.0,0.0,0.0,1.0
44,0.6666666666666666,0.3333333333333333,0.0,0.0
45,0.0,1.0,0.0,0.0
46,0.0,0.0,1.0,0.0
47,0.02127659574468085,0.0,0.9574468085106383,0.02127659574468085
48,,,,
49,0.0,0.0,1.0,0.0
50,0.3333333333333333,0.0,0.3333333333333333,0.3333333333333333
51,,,,
52,,,,
53,0.0,0.6666666666666666,0.0,0.3333333333333333
54,,,,
55,0.5,0.0,0.0,0.5
56,0.4,0.0,0.2,0.4
57,0.0,0.0,0.5,0.5
58,0.0,1.0,0.0,0.0
59,0.5,0.0,0.5,0.0
60,0.0,0.0,0.0,1.0
61,0.3333333333333333,0.0,0.0,0.6666666666666666
62,0.0,0.0,0.7222222222222222,0.2777777777777778
63,,,,
64,0.5,0.0,0.0,0.5
65,,,,
66,0.0,0.13333333333333333,0.5333333333333333,0.3333333333333333
67,0.21739130434782608,0.0,0.7391304347826086,0.043478260869565216
68,0.0,0.5,0.5,0.0
69,0.0,1.0,0.0,0.0
70,0.0,1.0,0.0,0.0
71,0.0,0.0,0.9523809523809523,0.047619047619047616
72,0.0,1.0,0.0,0.0
73,,,,
74,0.25,0.75,0.0,0.0
75,0.0,0.5,0.0,0.5
76,0.25,0.0,0.0,0.75
77,0.17647058823529413,0.35294117647058826,0.47058823529411764,0.0
78,0.4,0.0,0.0,0.6
79,0.5319148936170213,0.3191489361702128,0.0,0.14893617021276595
80,0.9583333333333334,0.0,0.041666666666666664,0.0
81,0.0,0.5,0.5,0.0
82,0.0,0.0,0.0,1.0
83,0.3333333333333333,0.0,0.3333333333333333,0.3333333333333333
84,0.0,0.6,0.35,0.05
85,0.0,1.0,0.0,0.0
86,0.03225806451612903,0.0,0.8709677419354839,0.0967741935483871
87,0.0,0.18181818181818182,0.8181818181818182,0.0
88,0.16,0.64,0.0,0.2
89,0.04081632653061224,0.0,0.061224489795918366,0.8979591836734694
90,0.0,0.15151515151515152,0.8484848484848485,0.0
91,0.6666666666666666,0.1111111111111111,0.0,0.2222222222222222
92,0.09523809523809523,0.42857142857142855,0.47619047619047616,0.0
93,0.8064516129032258,0.0967741935483871,0.0,0.0967741935483871
94,0.7058823529411765,0.27450980392156865,0.0,0.0196078431372549
95,0.16666666666666666,0.6111111111111112,0.2222222222222222,0.0
96,0.1724137931034483,0.603448275862069,0.0,0.22413793103448276
97,0.0,0.42857142857142855,0.2857142857142857,0.2857142857142857
98,0.2,0.28,0.52,0.0
99,0.25,0.75,0.0,0.0
100,0.0,0.13333333333333333,0.3333333333333333,0.5333333333333333
101,0.05263157894736842,0.0,0.18421052631578946,0.7631578947368421
102,0.8333333333333334,0.16666666666666666,0.0,0.0
103,0.0,0.0,0.75,0.25
104,0.0,0.0,0.3076923076923077,0.6923076923076923
105,0.0,0.0,1.0,0.0
106,0.0,0.0,0.0,1.0
107,0.0,0.0,0.0,1.0
108,0.0,0.0,0.9827586206896551,0.017241379310344827
109,0.3076923076923077,0.5128205128205128,0.0,0.1794871794871795
110,0.014925373134328358,0.9701492537313433,0.014925373134328358,0.0
111,0.0,0.875,0.125,0.0
112,0.0,1.0,0.0,0.0
113,0.0,0.0,0.0,1.0
114,0.0,0.24489795918367346,0.7551020408163265,0.0
115,0.0,0.125,0.875,0.0
116,0.3333333333333333,0.0,0.16666666666666666,0.5
117,0.0,0.0,0.5,0.5
118,0.16666666666666666,0.8333333333333334,0.0,0.0
119,0.5,0.0,0.3125,0.1875
120,1.0,0.0,0.0,0.0
121,0.0,0.5,0.25,0.25
122,0.25,0.25,0.0,0.5
123,0.8666666666666667,0.0,0.022222222222222223,0.1111111111111111
124,0.0,0.0,0.6,0.4
125,0.3333333333333333,0.0,0.6666666666666666,0.0
126,0.5,0.0,0.5,0.0
127,1.0,0.0,0.0,0.0
128,0.0,0.17142857142857143,0.8,0.02857142857142857
129,,,,
130,,,,
131,1.0,0.0,0.0,0.0
132,0.0,0.03333333333333333,0.9666666666666667,0.0
133,0.0,0.6666666666666666,0.3333333333333333,0.0
134,0.0,0.0,0.0,1.0
135,0.3333333333333333,0.3333333333333333,0.0,0.3333333333333333
136,0.96,0.04,0.0,0.0
137,0.6612903225806451,0.0,0.1935483870967742,0.14516129032258066
138,0.46875,0.0,0.1875,0.34375
139,,,,
140,1.0,0.0,0.0,0.0
141,,,,
142,,,,
143,0.3333333333333333,0.1111111111111111,0.0,0.5555555555555556
144,0.0,0.0,1.0,0.0
145,0.6666666666666666,0.0,0.0,0.3333333333333333
146,0.0,0.6666666666666666,0.0,0.3333333333333333
147,0.0,0.875,0.125,0.0
148,0.0,0.6153846153846154,0.38461538461538464,0.0
149,0.2857142857142857,0.5714285714285714,0.14285714285714285,0.0
150,0.5,0.25,0.0,0.25
151,0.0,0.75,0.0,0.25
152,0.5510204081632653,0.22448979591836735,0.0,0.22448979591836735
153,0.75,0.15,0.1,0.0
154,0.0,0.16666666666666666,0.6666666666666666,0.16666666666666666
155,0.1111111111111111,0.0,0.0,0.8888888888888888
156,0.0,0.21428571428571427,0.6428571428571429,0.14285714285714285
157,0.2,0.6,0.2,0.0
158,0.1875,0.0,0.375,0.4375
159,0.05555555555555555,0.4444444444444444,0.5,0.0
160,0.0,0.2727272727272727,0.18181818181818182,0.5454545454545454
161,0.0,1.0,0.0,0.0
162,0.16666666666666666,0.7777777777777778,0.05555555555555555,0.0
163,0.0,0.4,0.5,0.1
164,0.1111111111111111,0.0,0.07407407407407407,0.8148148148148148
165,0.0,0.5714285714285714,0.42857142857142855,0.0
166,0.16129032258064516,0.7741935483870968,0.0,0.06451612903225806
167,0.0,0.034482758620689655,0.9655172413793104,0.0
168,1.0,0.0,0.0,0.0
169,1.0,0.0,0.0,0.0
170,0.21621621621621623,0.7567567567567568,0.0,0.02702702702702703
171,0.0,0.35714285714285715,0.42857142857142855,0.21428571428571427
172,0.32142857142857145,0.6785714285714286,0.0,0.0
173,0.32,0.0,0.2,0.48
174,0.0,0.07142857142857142,0.7857142857142857,0.14285714285714285
175,0.0,0.0,0.14285714285714285,0.8571428571428571
176,0.5789473684210527,0.0,0.2631578947368421,0.15789473684210525
177,0.6086956521739131,0.30434782608695654,0.08695652173913043,0.0
178,0.0,0.08695652173913043,0.0,0.9130434782608695
179,0.06666666666666667,0.0,0.06666666666666667,0.8666666666666667
180,0.3333333333333333,0.0,0.6666666666666666,0.0
181,0.0,0.0,0.15384615384615385,0.8461538461538461
182,0.06666666666666667,0.0,0.6666666666666666,0.26666666666666666
183,0.0,1.0,0.0,0.0
184,0.0,0.0,1.0,0.0
185,0.5454545454545454,0.0,0.045454545454545456,0.4090909090909091
186,0.4,0.0,0.4,0.2
187,0.8,0.0,0.0,0.2
188,0.0,0.6666666666666666,0.0,0.3333333333333333
189,0.0,0.3333333333333333,0.6666666666666666,0.0
190,1.0,0.0,0.0,0.0
191,0.0,0.0,1.0,0.0
192,0.0,0.0,0.0,1.0
193,,,,
194,0.09090909090909091,0.0,0.9090909090909091,0.0
195,0.0,0.19444444444444445,0.8055555555555556,0.0
196,0.0,0.02857142857142857,0.9714285714285714,0.0
197,0.0,1.0,0.0,0.0
198,0.0,0.16666666666666666,0.8333333333333334,0.0
199,0.0,1.0,0.0,0.0
200,0.03225806451612903,0.8709677419354839,0.0967741935483871,0.0
201,,,,
202,,,,
203,0.0,0.26666666666666666,0.7333333333333333,0.0
204,0.05,0.95,0.0,0.0
205,0.0,1.0,0.0,0.0
206,0.024390243902439025,0.6585365853658537,0.3170731707317073,0.0
207,0.0,0.0,0.6,0.4
208,0.13636363636363635,0.0,0.5,0.36363636363636365
209,0.0,0.0,0.07692307692307693,0.9230769230769231
210,0.0,0.4,0.4,0.2
211,0.0,0.0,1.0,0.0
212,0.0,0.10344827586206896,0.20689655172413793,0.6896551724137931
213,0.09090909090909091,0.0,0.9090909090909091,0.0
214,0.0,0.0,1.0,0.0
215,0.0,0.7083333333333334,0.125,0.16666666666666666
216,0.19607843137254902,0.7058823529411765,0.0,0.09803921568627451
217,0.25,0.75,0.0,0.0
218,0.0,0.03333333333333333,0.7,0.26666666666666666
219,0.0,0.8,0.0,0.2
220,0.0,0.0,1.0,0.0
221,0.0,0.0,1.0,0.0
222,0.0,0.6153846153846154,0.3076923076923077,0.07692307692307693
223,0.7692307692307693,0.0,0.1282051282051282,0.10256410256410256
224,0.25,0.5,0.0,0.25
225,0.037037037037037035,0.0,0.9629629629629629,0.0
226,0.0,0.0,0.0,1.0
227,0.0,0.0,0.6666666666666666,0.3333333333333333
228,0.0,0.0,1.0,0.0
229,0.0,0.6666666666666666,0.3333333333333333,0.0
230,0.125,0.25,0.0,0.625
231,0.0,0.08333333333333333,0.9166666666666666,0.0
232,0.0,0.1956521739130435,0.8043478260869565,0.0
233,0.5581395348837209,0.0,0.09302325581395349,0.3488372093023256
234,,,,
235,0.0,0.0,0.9090909090909091,0.09090909090909091
236,0.46153846153846156,0.5384615384615384,0.0,0.0
237,0.2,0.2,0.6,0.0
238,,,,
239,0.0,0.0,0.0967741935483871,0.9032258064516129
240,1.0,0.0,0.0,0.0
241,1.0,0.0,0.0,0.0
242,0.16666666666666666,0.0,0.16666666666666666,0.6666666666666666
243,,,,
244,,,,
245,0.16666666666666666,0.6666666666666666,0.0,0.16666666666666666
246,0.0,0.3333333333333333,0.6666666666666666,0.0
247,0.0,0.5294117647058824,0.47058823529411764,0.0
248,0.12307692307692308,0.4461538461538462,0.0,0.4307692307692308
249,0.23076923076923078,0.0,0.38461538461538464,0.38461538461538464
250,1.0,0.0,0.0,0.0
251,0.0,1.0,0.0,0.0
252,0.0,0.7692307692307693,0.23076923076923078,0.0
253,0.6721311475409836,0.3114754098360656,0.0,0.01639344262295082
254,0.023809523809523808,0.0,0.7380952380952381,0.23809523809523808
255,0.0,0.0,1.0,0.0
256,0.0,0.0,0.0,1.0
257,0.625,0.25,0.125,0.0
258,0.16666666666666666,0.8333333333333334,0.0,0.0
259,0.0,1.0,0.0,0.0
260,0.2857142857142857,0.5714285714285714,0.0,0.14285714285714285
261,0.0,0.0,1.0,0.0
262,0.0,0.0,0.4,0.6
263,0.0,0.7755102040816326,0.22448979591836735,0.0
264,,,,
265,0.0,0.0,1.0,0.0
266,0.0,0.927710843373494,0.0,0.07228915662650602
267,0.75,0.0,0.0,0.25
268,,,,
269,0.0,0.037037037037037035,0.9259259259259259,0.037037037037037035
270,,,,
271,,,,
272,0.0,0.0,0.6,0.4
273,0.0,0.0,0.5,0.5
274,,,,
275,0.0,1.0,0.0,0.0
276,,,,
277,0.0,0.0,1.0,0.0
278,0.05555555555555555,0.0,0.0,0.9444444444444444
279,0.5454545454545454,0.18181818181818182,0.0,0.2727272727272727
280,,,,
281,0.1111111111111111,0.7638888888888888,0.0,0.125
282,,,,
283,,,,
284,0.0,1.0,0.0,0.0
285,0.5,0.0,0.5,0.0
286,0.0,0.14285714285714285,0.0,0.8571428571428571
287,0.0,0.0,0.0,1.0
288,,,,
289,,,,
290,0.0,0.9,0.1,0.0
291,0.5,0.0,0.0,0.5
292,0.0,0.0,0.0,1.0
293,0.07142857142857142,0.0,0.9285714285714286,0.0
294,0.0,0.0,1.0,0.0
295,,,,
296,,,,
297,,,,
298,0.0,0.0,0.0,1.0
299,,,,
300,,,,
301,,,,
302,1.0,0.0,0.0,0.0
303,,,,
304,,,,
305,,,,
306,,,,
307,,,,
308,,,,
309,,,,
310,,,,
311,,,,
312,,,,
313,,,,
314,,,,
315,,,,
316,,,,
317,,,,
318,,,,
