,A,C,G,T
0,,,,
1,,,,
2,0.9833333333333333,0.0,0.0,0.016666666666666666
3,0.6,0.2,0.0,0.2
4,0.5454545454545454,0.36363636363636365,0.09090909090909091,0.0
5,0.6666666666666666,0.14285714285714285,0.0,0.19047619047619047
6,0.07692307692307693,0.0,0.7692307692307693,0.15384615384615385
7,0.0,0.17647058823529413,0.6470588235294118,0.17647058823529413
8,0.6581196581196581,0.21367521367521367,0.0,0.1282051282051282
9,0.19117647058823528,0.0,0.35294117647058826,0.45588235294117646
10,0.0,1.0,0.0,0.0
11,0.0,0.09947643979057591,0.7853403141361257,0.11518324607329843
12,0.3333333333333333,0.0,0.5238095238095238,0.14285714285714285
13,0.0,0.125,0.625,0.25
14,0.6481481481481481,0.18518518518518517,0.0,0.16666666666666666
15,0.16666666666666666,0.0,0.8333333333333334,0.0
16,0.0,0.4444444444444444,0.1111111111111111,0.4444444444444444
17,0.8571428571428571,0.14285714285714285,0.0,0.0
18,0.07692307692307693,0.6153846153846154,0.3076923076923077,0.0
19,0.0,0.5,0.0,0.5
20,0.3333333333333333,0.3333333333333333,0.0,0.3333333333333333
21,0.0,0.0,0.0,1.0
22,0.3333333333333333,0.3333333333333333,0.0,0.3333333333333333
23,0.0,0.0,0.0,1.0
24,0.3333333333333333,0.6333333333333333,0.0,0.03333333333333333
25,0.25,0.0,0.5,0.25
26,0.0,0.058823529411764705,0.5294117647058824,0.4117647058823529
27,0.6923076923076923,0.23076923076923078,0.0,0.07692307692307693
28,0.16666666666666666,0.6666666666666666,0.0,0.16666666666666666
29,0.0,0.4074074074074074,0.4074074074074074,0.18518518518518517
30,0.03125,0.0,0.9375,0.03125
31,0.08333333333333333,0.5833333333333334,0.3333333333333333,0.0
32,0.1,0.44285714285714284,0.0,0.45714285714285713
33,0.013513513513513514,0.7297297297297297,0.25675675675675674,0.0
34,0.25,0.25,0.5,0.0
35,0.375,0.0,0.0,0.625
36,0.0,0.7857142857142857,0.07142857142857142,0.14285714285714285
37,0.0,0.07407407407407407,0.9259259259259259,0.0
38,0.14285714285714285,0.8163265306122449,0.0,0.04081632653061224
39,0.08888888888888889,0.0,0.4444444444444444,0.4666666666666667
40,0.42857142857142855,0.0,0.42857142857142855,0.14285714285714285
41,0.07207207207207207,0.9099099099099099,0.018018018018018018,0.0
42,0.3076923076923077,0.15384615384615385,0.5384615384615384,0.0
43,0.14285714285714285,0.0,0.8571428571428571,0.0
44,0.6,0.0,0.0,0.4
45,0.0,0.5,0.0,0.5
46,0.0,0.5,0.4,0.1
47,0.5555555555555556,0.1111111111111111,0.0,0.3333333333333333
48,0.0,0.2222222222222222,0.4444444444444444,0.3333333333333333
49,0.0,0.0,0.5,0.5
50,0.18181818181818182,0.0,0.45454545454545453,0.36363636363636365
51,0.2,0.0,0.2,0.6
52,1.0,0.0,0.0,0.0
53,0.2,0.5,0.0,0.3
54,0.8,0.0,0.2,0.0
55,1.0,0.0,0.0,0.0
56,0.07142857142857142,0.0,0.16666666666666666,0.7619047619047619
57,0.0,0.0,0.9523809523809523,0.047619047619047616
58,0.125,0.625,0.25,0.0
59,0.2857142857142857,0.0,0.7142857142857143,0.0
60,0.0,0.09523809523809523,0.09523809523809523,0.8095238095238095
61,0.29411764705882354,0.0,0.47058823529411764,0.23529411764705882
62,0.4,0.0,0.32941176470588235,0.27058823529411763
63,1.0,0.0,0.0,0.0
64,0.0,0.5,0.0,0.5
65,0.0,0.0,0.08333333333333333,0.9166666666666666
66,0.5185185185185185,0.0,0.0,0.48148148148148145
67,0.17525773195876287,0.0,0.6597938144329897,0.16494845360824742
68,0.2,0.55,0.25,0.0
69,0.2222222222222222,0.6507936507936508,0.0,0.12698412698412698
70,0.0,0.5714285714285714,0.42857142857142855,0.0
71,0.03333333333333333,0.0,0.8166666666666667,0.15
72,0.43902439024390244,0.24390243902439024,0.3170731707317073,0.0
73,0.0,0.8902439024390244,0.036585365853658534,0.07317073170731707
74,0.0392156862745098,0.7450980392156863,0.21568627450980393,0.0
75,0.5384615384615384,0.07692307692307693,0.0,0.38461538461538464
76,0.46551724137931033,0.46551724137931033,0.0,0.06896551724137931
77,0.11764705882352941,0.8235294117647058,0.058823529411764705,0.0
78,0.5,0.3333333333333333,0.0,0.16666666666666666
79,0.4563106796116505,0.47572815533980584,0.0,0.06796116504854369
80,0.734375,0.1875,0.0,0.078125
81,0.14285714285714285,0.7857142857142857,0.07142857142857142,0.0
82,0.5384615384615384,0.0,0.15384615384615385,0.3076923076923077
83,0.11864406779661017,0.0,0.13559322033898305,0.7457627118644068
84,0.04,0.7333333333333333,0.22666666666666666,0.0
85,0.125,0.75,0.125,0.0
86,0.20689655172413793,0.0,0.13793103448275862,0.6551724137931034
87,0.0,0.06779661016949153,0.8983050847457628,0.03389830508474576
88,0.7606837606837606,0.19658119658119658,0.0,0.042735042735042736
89,0.0945945945945946,0.581081081081081,0.32432432432432434,0.0
90,0.6470588235294118,0.10784313725490197,0.0,0.24509803921568626
91,0.5209580838323353,0.2215568862275449,0.0,0.25748502994011974
92,0.24675324675324675,0.7142857142857143,0.03896103896103896,0.0
93,0.36885245901639346,0.4918032786885246,0.13934426229508196,0.0
94,0.0,0.10256410256410256,0.1282051282051282,0.7692307692307693
95,0.018518518518518517,0.0,0.018518518518518517,0.9629629629629629
96,0.15151515151515152,0.6363636363636364,0.21212121212121213,0.0
97,0.0,0.21621621621621623,0.08108108108108109,0.7027027027027027
98,0.016129032258064516,0.0,0.1774193548387097,0.8064516129032258
99,0.0,0.3333333333333333,0.6666666666666666,0.0
100,0.375,0.0,0.0,0.625
101,0.0,0.8333333333333334,0.0,0.16666666666666666
102,0.0,0.2926829268292683,0.6341463414634146,0.07317073170731707
103,0.32323232323232326,0.6313131313131313,0.0,0.045454545454545456
104,0.007874015748031496,0.0,0.06299212598425197,0.9291338582677166
105,,,,
106,0.0,0.0,0.0,1.0
107,0.5,0.0,0.0,0.5
108,0.0,0.16326530612244897,0.673469387755102,0.16326530612244897
109,0.0,1.0,0.0,0.0
110,0.06818181818181818,0.0,0.09090909090909091,0.8409090909090909
111,0.5,0.0,0.25,0.25
112,0.25,0.5,0.0,0.25
113,0.5111111111111111,0.0,0.24444444444444444,0.24444444444444444
114,0.6666666666666666,0.0,0.0,0.3333333333333333
115,0.0,0.16666666666666666,0.25,0.5833333333333334
116,0.7368421052631579,0.10526315789473684,0.0,0.15789473684210525
117,0.11969111969111969,0.0,0.13127413127413126,0.749034749034749
118,0.0,0.0,0.09302325581395349,0.9069767441860465
119,0.4827586206896552,0.0,0.06896551724137931,0.4482758620689655
120,0.047619047619047616,0.0,0.8809523809523809,0.07142857142857142
121,0.5,0.0,0.0,0.5
122,0.0,0.7708333333333334,0.14583333333333334,0.08333333333333333
123,0.6666666666666666,0.3333333333333333,0.0,0.0
124,0.8524590163934426,0.09836065573770492,0.0,0.04918032786885246
125,0.5131578947368421,0.42105263157894735,0.0,0.06578947368421052
126,0.0,0.2727272727272727,0.696969696969697,0.030303030303030304
127,0.0,0.06382978723404255,0.8297872340425532,0.10638297872340426
128,1.0,0.0,0.0,0.0
129,0.5,0.5,0.0,0.0
130,0.5,0.0,0.0,0.5
131,0.5060975609756098,0.3902439024390244,0.0,0.10365853658536585
132,0.125,0.0,0.0,0.875
133,0.0,1.0,0.0,0.0
134,0.7142857142857143,0.14285714285714285,0.0,0.14285714285714285
135,0.3333333333333333,0.6666666666666666,0.0,0.0
136,0.0,0.25,0.4166666666666667,0.3333333333333333
137,0.9795918367346939,0.02040816326530612,0.0,0.0
138,0.0,0.0,1.0,0.0
139,0.3333333333333333,0.0,0.0,0.6666666666666666
140,0.2,0.4,0.0,0.4
141,0.0,0.3333333333333333,0.6666666666666666,0.0
142,0.5,0.0,0.5,0.0
143,0.3225806451612903,0.3225806451612903,0.3548387096774194,0.0
144,,,,
145,0.0,0.9166666666666666,0.0,0.08333333333333333
146,0.5691489361702128,0.30851063829787234,0.0,0.12234042553191489
147,0.5833333333333334,0.25,0.0,0.16666666666666666
148,0.0,0.1,0.7,0.2
149,0.0,0.3853211009174312,0.5229357798165137,0.09174311926605505
150,0.0,0.03636363636363636,0.8909090909090909,0.07272727272727272
151,0.05405405405405406,0.7567567567567568,0.1891891891891892,0.0
152,0.28,0.0,0.08,0.64
153,0.0,0.16260162601626016,0.6666666666666666,0.17073170731707318
154,0.0,0.3435114503816794,0.5877862595419847,0.06870229007633588
155,0.6266666666666667,0.29333333333333333,0.08,0.0
156,0.019867549668874173,0.0,0.6423841059602649,0.33774834437086093
157,0.0,0.37142857142857144,0.45714285714285713,0.17142857142857143
158,0.20952380952380953,0.5619047619047619,0.22857142857142856,0.0
159,0.0,0.35,0.575,0.075
160,0.42452830188679247,0.4528301886792453,0.0,0.12264150943396226
161,0.5,0.2463768115942029,0.2536231884057971,0.0
162,0.7368421052631579,0.15789473684210525,0.0,0.10526315789473684
163,0.4375,0.3125,0.0,0.25
164,0.0,0.3300970873786408,0.6019417475728155,0.06796116504854369
165,0.0,0.045454545454545456,0.5454545454545454,0.4090909090909091
166,0.6294117647058823,0.2,0.0,0.17058823529411765
167,0.22289156626506024,0.0,0.6204819277108434,0.1566265060240964
168,0.0,0.6197183098591549,0.2535211267605634,0.1267605633802817
169,0.1794871794871795,0.0,0.2564102564102564,0.5641025641025641
170,0.5384615384615384,0.0,0.41025641025641024,0.05128205128205128
171,0.0,0.38461538461538464,0.4423076923076923,0.17307692307692307
172,0.0,0.47368421052631576,0.3157894736842105,0.21052631578947367
173,0.28368794326241137,0.0,0.3191489361702128,0.3971631205673759
174,0.0,0.4076923076923077,0.4576923076923077,0.1346153846153846
175,0.0,0.1568627450980392,0.1437908496732026,0.6993464052287581
176,0.29310344827586204,0.0,0.20689655172413793,0.5
177,0.0,0.6363636363636364,0.30303030303030304,0.06060606060606061
178,0.0,0.2823529411764706,0.5058823529411764,0.21176470588235294
179,0.041237113402061855,0.0,0.1134020618556701,0.845360824742268
180,0.14634146341463414,0.0,0.21951219512195122,0.6341463414634146
181,0.06666666666666667,0.0,0.06666666666666667,0.8666666666666667
182,0.07547169811320754,0.7924528301886793,0.0,0.1320754716981132
183,0.21052631578947367,0.13157894736842105,0.6578947368421053,0.0
184,0.6428571428571429,0.0,0.2857142857142857,0.07142857142857142
185,0.125,0.0,0.25,0.625
186,0.20833333333333334,0.0,0.20833333333333334,0.5833333333333334
187,0.23809523809523808,0.09523809523809523,0.6666666666666666,0.0
188,0.5454545454545454,0.0,0.36363636363636365,0.09090909090909091
189,0.0,0.35443037974683544,0.6075949367088608,0.0379746835443038
190,0.0,0.17721518987341772,0.6835443037974683,0.13924050632911392
191,0.1935483870967742,0.7096774193548387,0.0,0.0967741935483871
192,0.0,0.12307692307692308,0.8615384615384616,0.015384615384615385
193,0.5432098765432098,0.35802469135802467,0.0,0.09876543209876543
194,0.047619047619047616,0.7142857142857143,0.23809523809523808,0.0
195,0.4166666666666667,0.0,0.5,0.08333333333333333
196,0.25,0.25,0.0,0.5
197,0.0,0.1375,0.8375,0.025
198,0.5769230769230769,0.2692307692307692,0.0,0.15384615384615385
199,0.15294117647058825,0.0,0.43529411764705883,0.4117647058823529
200,0.46153846153846156,0.0,0.2692307692307692,0.2692307692307692
201,0.0,0.042105263157894736,0.18947368421052632,0.7684210526315789
202,0.15,0.0,0.2,0.65
203,0.6666666666666666,0.0,0.1111111111111111,0.2222222222222222
204,0.0,0.26785714285714285,0.4107142857142857,0.32142857142857145
205,0.15,0.15,0.7,0.0
206,0.0,0.4147465437788018,0.3870967741935484,0.19815668202764977
207,0.23529411764705882,0.058823529411764705,0.7058823529411765,0.0
208,0.17647058823529413,0.0,0.11764705882352941,0.7058823529411765
209,0.0,0.3611111111111111,0.5092592592592593,0.12962962962962962
210,0.5274725274725275,0.3791208791208791,0.0,0.09340659340659341
211,0.21739130434782608,0.43478260869565216,0.34782608695652173,0.0
212,0.0,0.13756613756613756,0.5873015873015873,0.2751322751322751
213,0.6875,0.1875,0.0,0.125
214,0.0,0.14285714285714285,0.6428571428571429,0.21428571428571427
215,0.39285714285714285,0.0,0.5,0.10714285714285714
216,0.0,0.4791666666666667,0.2708333333333333,0.25
217,0.5072463768115942,0.0,0.2318840579710145,0.2608695652173913
218,0.15873015873015872,0.7301587301587301,0.0,0.1111111111111111
219,0.5882352941176471,0.10294117647058823,0.3088235294117647,0.0
220,0.6666666666666666,0.0,0.0,0.3333333333333333
221,0.10909090909090909,0.0,0.5818181818181818,0.3090909090909091
222,0.0,0.3333333333333333,0.6111111111111112,0.05555555555555555
223,0.0,0.23809523809523808,0.6428571428571429,0.11904761904761904
224,0.42857142857142855,0.2857142857142857,0.0,0.2857142857142857
225,0.0,0.3181818181818182,0.5454545454545454,0.13636363636363635
226,0.0,0.07142857142857142,0.8571428571428571,0.07142857142857142
227,0.10843373493975904,0.0,0.3433734939759036,0.5481927710843374
228,0.0,0.0,0.875,0.125
229,0.0,0.45454545454545453,0.09090909090909091,0.45454545454545453
230,0.4146341463414634,0.4878048780487805,0.0,0.0975609756097561
231,0.391304347826087,0.15217391304347827,0.45652173913043476,0.0
232,0.2222222222222222,0.0,0.7777777777777778,0.0
233,0.02702702702702703,0.0,0.3063063063063063,0.6666666666666666
234,0.6333333333333333,0.0,0.36666666666666664,0.0
235,0.375,0.0,0.25,0.375
236,0.2127659574468085,0.0,0.14893617021276595,0.6382978723404256
237,0.23529411764705882,0.0,0.23529411764705882,0.5294117647058824
238,0.1,0.3,0.6,0.0
239,0.35294117647058826,0.35294117647058826,0.0,0.29411764705882354
240,0.0,0.3541666666666667,0.6041666666666666,0.041666666666666664
241,0.0,0.37185929648241206,0.6080402010050251,0.020100502512562814
242,0.6114285714285714,0.25142857142857145,0.0,0.13714285714285715
243,0.2222222222222222,0.0,0.16993464052287582,0.6078431372549019
244,0.0,0.0,1.0,0.0
245,0.37362637362637363,0.5054945054945055,0.0,0.12087912087912088
246,0.0,0.13793103448275862,0.8103448275862069,0.05172413793103448
247,0.2138157894736842,0.7730263157894737,0.0,0.013157894736842105
248,0.09146341463414634,0.0,0.4695121951219512,0.43902439024390244
249,0.0625,0.03125,0.90625,0.0
250,0.5625,0.0,0.125,0.3125
251,0.38461538461538464,0.3076923076923077,0.3076923076923077,0.0
252,0.6527777777777778,0.2916666666666667,0.0,0.05555555555555555
253,0.0625,0.375,0.5625,0.0
254,0.4117647058823529,0.23529411764705882,0.0,0.35294117647058826
255,0.0,0.05,0.25,0.7
256,0.1111111111111111,0.0,0.16666666666666666,0.7222222222222222
257,0.09302325581395349,0.0,0.627906976744186,0.27906976744186046
258,0.75,0.125,0.0,0.125
259,0.125,0.0,0.375,0.5
260,0.36363636363636365,0.0,0.36363636363636365,0.2727272727272727
261,0.38461538461538464,0.23076923076923078,0.0,0.38461538461538464
262,0.75,0.0,0.0,0.25
263,0.8235294117647058,0.07352941176470588,0.0,0.10294117647058823
264,0.6666666666666666,0.3333333333333333,0.0,0.0
265,0.0,0.3333333333333333,0.6666666666666666,0.0
266,0.375,0.0,0.0,0.625
267,0.0,0.046875,0.21875,0.734375
268,0.1111111111111111,0.0,0.16666666666666666,0.7222222222222222
269,0.45454545454545453,0.2727272727272727,0.0,0.2727272727272727
270,0.2222222222222222,0.0,0.0,0.7777777777777778
271,0.02857142857142857,0.0,0.9428571428571428,0.02857142857142857
272,0.5714285714285714,0.32653061224489793,0.10204081632653061,0.0
273,0.7522123893805309,0.1504424778761062,0.0,0.09734513274336283
274,0.3333333333333333,0.3333333333333333,0.3333333333333333,0.0
275,0.2986577181208054,0.49328859060402686,0.0,0.2080536912751678
276,0.0,0.0,1.0,0.0
277,0.0,0.09523809523809523,0.0,0.9047619047619048
278,0.0,0.8214285714285714,0.17857142857142858,0.0
279,0.0,0.16666666666666666,0.8333333333333334,0.0
280,0.0,0.0392156862745098,0.058823529411764705,0.9019607843137255
281,0.0,0.0,0.033783783783783786,0.9662162162162162
282,0.125,0.125,0.75,0.0
283,0.2222222222222222,0.2222222222222222,0.0,0.5555555555555556
284,0.018518518518518517,0.8518518518518519,0.12962962962962962,0.0
285,0.5714285714285714,0.21428571428571427,0.0,0.21428571428571427
286,0.13513513513513514,0.0,0.0,0.8648648648648649
287,0.8181818181818182,0.09090909090909091,0.0,0.09090909090909091
288,0.0,0.6944444444444444,0.3055555555555556,0.0
289,0.2857142857142857,0.5714285714285714,0.0,0.14285714285714285
290,0.0,0.16666666666666666,0.75,0.08333333333333333
291,0.375,0.25,0.0,0.375
292,0.2222222222222222,0.6666666666666666,0.0,0.1111111111111111
293,0.25,0.0,0.5,0.25
294,0.0,0.0,1.0,0.0
295,0.0,0.5,0.5,0.0
296,0.3333333333333333,0.0,0.0,0.6666666666666666
297,0.0,0.0,1.0,0.0
298,,,,
299,,,,
300,0.0,0.0,1.0,0.0
301,,,,
302,,,,
303,,,,
304,,,,
305,0.0,1.0,0.0,0.0
306,,,,
307,,,,
308,,,,
309,,,,
310,,,,
311,,,,
312,,,,
