,A,C,G,T
0,,,,
1,,,,
2,,,,
3,,,,
4,,,,
5,,,,
6,,,,
7,,,,
8,0.5,0.0,0.5,0.0
9,0.0,0.0,0.0,1.0
10,,,,
11,,,,
12,,,,
13,,,,
14,,,,
15,,,,
16,,,,
17,,,,
18,,,,
19,,,,
20,0.0,0.0,1.0,0.0
21,,,,
22,,,,
23,,,,
24,,,,
25,,,,
26,,,,
27,,,,
28,0.0,0.0,1.0,0.0
29,,,,
30,,,,
31,,,,
32,,,,
33,,,,
34,,,,
35,0.0,0.5,0.0,0.5
36,1.0,0.0,0.0,0.0
37,,,,
38,0.0,1.0,0.0,0.0
39,,,,
40,,,,
41,,,,
42,,,,
43,,,,
44,1.0,0.0,0.0,0.0
45,,,,
46,,,,
47,,,,
48,,,,
49,,,,
50,,,,
51,,,,
52,,,,
53,0.0,0.0,0.0,1.0
54,,,,
55,,,,
56,,,,
57,,,,
58,,,,
59,,,,
60,1.0,0.0,0.0,0.0
61,,,,
62,,,,
63,,,,
64,,,,
65,,,,
66,,,,
67,1.0,0.0,0.0,0.0
68,,,,
69,1.0,0.0,0.0,0.0
70,,,,
71,,,,
72,,,,
73,1.0,0.0,0.0,0.0
74,,,,
75,,,,
76,,,,
77,0.0,1.0,0.0,0.0
78,,,,
79,,,,
80,,,,
81,0.0,1.0,0.0,0.0
82,0.0,0.0,1.0,0.0
83,0.0,0.0,0.0,1.0
84,,,,
85,,,,
86,,,,
87,,,,
88,0.5,0.0,0.0,0.5
89,0.0,1.0,0.0,0.0
90,0.6666666666666666,0.3333333333333333,0.0,0.0
91,,,,
92,0.0,0.0,0.0,1.0
93,0.0,1.0,0.0,0.0
94,0.0,0.5,0.0,0.5
95,0.0,0.0,0.0,1.0
96,,,,
97,0.0,0.0,0.0,1.0
98,1.0,0.0,0.0,0.0
99,,,,
100,,,,
101,0.3333333333333333,0.6666666666666666,0.0,0.0
102,0.0,0.0,0.0,1.0
103,1.0,0.0,0.0,0.0
104,0.0,0.0,0.0,1.0
105,0.0,0.0,0.0,1.0
106,,,,
107,,,,
108,1.0,0.0,0.0,0.0
109,,,,
110,0.0,0.0,1.0,0.0
111,1.0,0.0,0.0,0.0
112,,,,
113,,,,
114,,,,
115,0.0,0.5,0.0,0.5
116,,,,
117,,,,
118,0.0,0.0,1.0,0.0
119,,,,
120,,,,
121,,,,
122,1.0,0.0,0.0,0.0
123,,,,
124,0.0,1.0,0.0,0.0
125,0.5,0.5,0.0,0.0
126,,,,
127,0.0,0.0,1.0,0.0
128,,,,
129,0.0,1.0,0.0,0.0
130,0.0,0.0,0.0,1.0
131,0.0,1.0,0.0,0.0
132,,,,
133,0.0,0.0,1.0,0.0
134,,,,
135,,,,
136,,,,
137,0.0,1.0,0.0,0.0
138,0.0,0.0,1.0,0.0
139,,,,
140,,,,
141,1.0,0.0,0.0,0.0
142,0.0,1.0,0.0,0.0
143,0.0,0.3333333333333333,0.3333333333333333,0.3333333333333333
144,,,,
145,0.0,1.0,0.0,0.0
146,1.0,0.0,0.0,0.0
147,0.0,0.0,1.0,0.0
148,1.0,0.0,0.0,0.0
149,0.0,0.0,1.0,0.0
150,0.0,0.0,1.0,0.0
151,0.0,0.0,1.0,0.0
152,,,,
153,0.0,0.0,0.0,1.0
154,,,,
155,,,,
156,,,,
157,0.0,0.0,1.0,0.0
158,,,,
159,0.0,0.5,0.0,0.5
160,0.0,0.0,1.0,0.0
161,0.0,0.0,0.0,1.0
162,0.0,0.0,0.0,1.0
163,,,,
164,1.0,0.0,0.0,0.0
165,0.0,0.0,0.0,1.0
166,,,,
167,0.0,1.0,0.0,0.0
168,,,,
169,1.0,0.0,0.0,0.0
170,,,,
171,,,,
172,,,,
173,0.0,0.0,0.0,1.0
174,0.0,1.0,0.0,0.0
175,0.0,0.0,1.0,0.0
176,0.0,0.0,1.0,0.0
177,0.0,1.0,0.0,0.0
178,,,,
179,,,,
180,0.0,0.0,0.0,1.0
181,0.0,0.0,0.0,1.0
182,0.0,1.0,0.0,0.0
183,,,,
184,,,,
185,0.0,0.6666666666666666,0.0,0.3333333333333333
186,0.0,0.0,0.6666666666666666,0.3333333333333333
187,,,,
188,0.0,0.0,0.5,0.5
189,0.0,0.0,1.0,0.0
190,,,,
191,1.0,0.0,0.0,0.0
192,0.0,1.0,0.0,0.0
193,,,,
194,0.0,1.0,0.0,0.0
195,,,,
196,,,,
197,,,,
198,,,,
199,0.0,0.0,1.0,0.0
200,0.0,0.0,1.0,0.0
201,,,,
202,,,,
203,,,,
204,0.0,1.0,0.0,0.0
205,,,,
206,,,,
207,,,,
208,,,,
209,,,,
210,,,,
211,0.0,0.0,0.0,1.0
212,0.0,1.0,0.0,0.0
213,,,,
214,,,,
215,,,,
216,,,,
217,0.0,0.0,0.0,1.0
218,0.0,0.5,0.5,0.0
219,,,,
220,0.0,1.0,0.0,0.0
221,,,,
222,,,,
223,,,,
224,0.0,1.0,0.0,0.0
225,,,,
226,,,,
227,0.0,1.0,0.0,0.0
228,0.0,0.0,1.0,0.0
229,,,,
230,1.0,0.0,0.0,0.0
231,0.0,0.0,1.0,0.0
232,,,,
233,0.0,0.0,1.0,0.0
234,,,,
235,1.0,0.0,0.0,0.0
236,1.0,0.0,0.0,0.0
237,0.0,0.0,0.0,1.0
238,,,,
239,,,,
240,0.0,0.0,1.0,0.0
241,0.0,0.0,0.0,1.0
242,0.0,0.0,1.0,0.0
243,,,,
244,,,,
245,,,,
246,0.0,0.0,0.0,1.0
247,,,,
248,,,,
249,,,,
250,,,,
251,0.0,0.0,1.0,0.0
252,,,,
253,,,,
254,,,,
255,,,,
256,0.0,0.0,1.0,0.0
257,0.0,1.0,0.0,0.0
258,,,,
259,,,,
260,,,,
261,,,,
262,,,,
263,,,,
264,,,,
265,0.0,0.0,1.0,0.0
266,,,,
267,0.0,0.0,1.0,0.0
268,0.0,0.0,0.0,1.0
269,,,,
270,,,,
271,,,,
272,0.0,1.0,0.0,0.0
273,,,,
274,,,,
275,,,,
276,0.0,0.0,0.0,1.0
277,,,,
278,1.0,0.0,0.0,0.0
279,,,,
280,,,,
281,0.0,0.0,0.0,1.0
282,0.0,1.0,0.0,0.0
283,,,,
284,0.5,0.0,0.0,0.5
285,,,,
286,,,,
287,,,,
288,,,,
289,,,,
290,0.0,0.0,0.0,1.0
291,,,,
292,,,,
293,,,,
294,0.0,0.0,1.0,0.0
295,,,,
296,0.0,0.0,0.0,1.0
297,,,,
298,,,,
299,0.0,0.0,1.0,0.0
300,,,,
301,,,,
302,,,,
303,,,,
304,,,,
305,,,,
306,,,,
307,,,,
308,,,,
309,,,,
310,,,,
311,,,,
312,,,,
313,,,,
314,,,,
315,,,,
316,,,,
317,,,,
318,,,,
319,,,,
320,,,,
321,,,,
