,A,C,G,T
0,,,,
1,,,,
2,0.8529411764705882,0.11764705882352941,0.0,0.029411764705882353
3,0.26,0.62,0.0,0.12
4,0.2,0.8,0.0,0.0
5,0.36619718309859156,0.15492957746478872,0.0,0.4788732394366197
6,1.0,0.0,0.0,0.0
7,0.0,0.13157894736842105,0.4473684210526316,0.42105263157894735
8,0.5846153846153846,0.26153846153846155,0.0,0.15384615384615385
9,0.0,0.0,0.010638297872340425,0.9893617021276596
10,0.0,0.5,0.5,0.0
11,0.8064516129032258,0.16129032258064516,0.0,0.03225806451612903
12,0.13636363636363635,0.0,0.8181818181818182,0.045454545454545456
13,0.0,0.0,0.7037037037037037,0.2962962962962963
14,0.6785714285714286,0.03571428571428571,0.0,0.2857142857142857
15,0.05,0.75,0.0,0.2
16,0.0,0.1724137931034483,0.06896551724137931,0.7586206896551724
17,0.6666666666666666,0.14285714285714285,0.0,0.19047619047619047
18,0.25,0.125,0.625,0.0
19,0.4,0.0,0.2,0.4
20,0.0,0.8888888888888888,0.0,0.1111111111111111
21,0.0,0.0,0.0,1.0
22,0.6,0.1,0.0,0.3
23,0.3157894736842105,0.0,0.5263157894736842,0.15789473684210525
24,0.07142857142857142,0.0,0.07142857142857142,0.8571428571428571
25,,,,
26,0.0,0.13953488372093023,0.4883720930232558,0.37209302325581395
27,0.45454545454545453,0.5227272727272727,0.0,0.022727272727272728
28,0.25,0.75,0.0,0.0
29,0.0,0.4166666666666667,0.53125,0.052083333333333336
30,0.16666666666666666,0.0,0.3888888888888889,0.4444444444444444
31,0.2857142857142857,0.5714285714285714,0.14285714285714285,0.0
32,0.5714285714285714,0.21428571428571427,0.0,0.21428571428571427
33,0.039473684210526314,0.9210526315789473,0.0,0.039473684210526314
34,0.0,0.96,0.04,0.0
35,0.4444444444444444,0.07407407407407407,0.0,0.48148148148148145
36,0.0,0.8235294117647058,0.029411764705882353,0.14705882352941177
37,0.0,0.11926605504587157,0.8256880733944955,0.05504587155963303
38,0.35714285714285715,0.21428571428571427,0.0,0.42857142857142855
39,0.041666666666666664,0.0,0.22916666666666666,0.7291666666666666
40,0.3333333333333333,0.0,0.1111111111111111,0.5555555555555556
41,0.16417910447761194,0.7910447761194029,0.04477611940298507,0.0
42,0.0,0.6111111111111112,0.3888888888888889,0.0
43,0.2222222222222222,0.0,0.3333333333333333,0.4444444444444444
44,0.1111111111111111,0.5555555555555556,0.0,0.3333333333333333
45,0.375,0.375,0.0,0.25
46,0.0,0.5897435897435898,0.3333333333333333,0.07692307692307693
47,0.1763085399449036,0.0,0.6914600550964187,0.1322314049586777
48,0.0,0.4166666666666667,0.4166666666666667,0.16666666666666666
49,0.17647058823529413,0.0,0.17647058823529413,0.6470588235294118
50,0.3103448275862069,0.0,0.3103448275862069,0.3793103448275862
51,0.6875,0.0,0.1875,0.125
52,0.2,0.8,0.0,0.0
53,0.35714285714285715,0.14285714285714285,0.0,0.5
54,0.8235294117647058,0.0,0.17647058823529413,0.0
55,0.4,0.0,0.2,0.4
56,0.1111111111111111,0.0,0.35555555555555557,0.5333333333333333
57,0.0,0.0,0.8888888888888888,0.1111111111111111
58,0.043478260869565216,0.782608695652174,0.17391304347826086,0.0
59,0.3333333333333333,0.0,0.6666666666666666,0.0
60,0.0,0.13333333333333333,0.17333333333333334,0.6933333333333334
61,0.2,0.0,0.15,0.65
62,0.12650602409638553,0.0,0.3072289156626506,0.5662650602409639
63,0.3333333333333333,0.0,0.6666666666666666,0.0
64,0.25,0.25,0.0,0.5
65,0.017241379310344827,0.0,0.017241379310344827,0.9655172413793104
66,0.0,0.16,0.448,0.392
67,0.087248322147651,0.0,0.7046979865771812,0.2080536912751678
68,0.15,0.575,0.275,0.0
69,0.5483870967741935,0.2903225806451613,0.0,0.16129032258064516
70,0.07692307692307693,0.7692307692307693,0.15384615384615385,0.0
71,0.06349206349206349,0.0,0.6984126984126984,0.23809523809523808
72,0.05357142857142857,0.8214285714285714,0.125,0.0
73,0.0,0.0,0.5,0.5
74,0.35,0.275,0.375,0.0
75,0.3584905660377358,0.6037735849056604,0.0,0.03773584905660377
76,0.5581395348837209,0.23255813953488372,0.0,0.20930232558139536
77,0.06153846153846154,0.8615384615384616,0.07692307692307693,0.0
78,0.28,0.28,0.0,0.44
79,0.5122950819672131,0.3155737704918033,0.0,0.1721311475409836
80,0.2857142857142857,0.0,0.2857142857142857,0.42857142857142855
81,0.17708333333333334,0.2916666666666667,0.53125,0.0
82,0.15384615384615385,0.0,0.038461538461538464,0.8076923076923077
83,0.4230769230769231,0.0,0.3076923076923077,0.2692307692307692
84,0.0,0.6067415730337079,0.06741573033707865,0.3258426966292135
85,0.11538461538461539,0.34615384615384615,0.5384615384615384,0.0
86,0.125,0.0,0.625,0.25
87,0.0,0.1694915254237288,0.7372881355932204,0.09322033898305085
88,0.5939597315436241,0.3624161073825503,0.0,0.0436241610738255
89,0.3125,0.4722222222222222,0.2152777777777778,0.0
90,0.0,0.38977635782747605,0.49201277955271566,0.1182108626198083
91,0.49206349206349204,0.46258503401360546,0.0,0.045351473922902494
92,0.4368932038834951,0.47572815533980584,0.08737864077669903,0.0
93,0.3310344827586207,0.4068965517241379,0.2620689655172414,0.0
94,0.0,0.36054421768707484,0.047619047619047616,0.5918367346938775
95,0.03225806451612903,0.0,0.024193548387096774,0.9435483870967742
96,0.10909090909090909,0.7454545454545455,0.14545454545454545,0.0
97,0.0,0.1794871794871795,0.13675213675213677,0.6837606837606838
98,0.021739130434782608,0.0,0.16304347826086957,0.8152173913043478
99,0.0,0.21428571428571427,0.7857142857142857,0.0
100,0.2777777777777778,0.16666666666666666,0.0,0.5555555555555556
101,0.13043478260869565,0.4782608695652174,0.0,0.391304347826087
102,0.0,0.21238938053097345,0.6902654867256637,0.09734513274336283
103,0.3923611111111111,0.5659722222222222,0.0,0.041666666666666664
104,0.07555555555555556,0.0,0.044444444444444446,0.88
105,0.0,0.5,0.5,0.0
106,0.3333333333333333,0.0,0.0,0.6666666666666666
107,0.6,0.2,0.0,0.2
108,0.0,0.2204724409448819,0.7165354330708661,0.06299212598425197
109,0.38461538461538464,0.23076923076923078,0.38461538461538464,0.0
110,0.23728813559322035,0.0,0.11864406779661017,0.6440677966101694
111,0.7777777777777778,0.0,0.1111111111111111,0.1111111111111111
112,0.0,0.0,0.0,1.0
113,0.5625,0.3125,0.0,0.125
114,0.375,0.0,0.125,0.5
115,0.0,0.058823529411764705,0.4411764705882353,0.5
116,0.2857142857142857,0.42857142857142855,0.0,0.2857142857142857
117,0.14285714285714285,0.0,0.2488479262672811,0.6082949308755761
118,0.15,0.0,0.5,0.35
119,0.16666666666666666,0.0,0.5555555555555556,0.2777777777777778
120,0.0,0.0,0.6666666666666666,0.3333333333333333
121,0.5,0.0,0.0,0.5
122,0.0,0.6229508196721312,0.2540983606557377,0.12295081967213115
123,0.2727272727272727,0.5454545454545454,0.0,0.18181818181818182
124,0.7857142857142857,0.21428571428571427,0.0,0.0
125,0.6323529411764706,0.3235294117647059,0.0,0.04411764705882353
126,0.0,0.39473684210526316,0.6052631578947368,0.0
127,0.0,0.04477611940298507,0.9104477611940298,0.04477611940298507
128,0.25,0.125,0.0,0.625
129,0.48214285714285715,0.4107142857142857,0.0,0.10714285714285714
130,0.25,0.34615384615384615,0.0,0.40384615384615385
131,0.0,0.30714285714285716,0.6214285714285714,0.07142857142857142
132,0.47058823529411764,0.0,0.058823529411764705,0.47058823529411764
133,0.0,0.8,0.2,0.0
134,0.5631067961165048,0.30097087378640774,0.0,0.13592233009708737
135,0.037037037037037035,0.8518518518518519,0.0,0.1111111111111111
136,0.0,0.2,0.8,0.0
137,0.6601307189542484,0.3137254901960784,0.0,0.026143790849673203
138,0.0,0.0,1.0,0.0
139,0.38461538461538464,0.15384615384615385,0.0,0.46153846153846156
140,0.18461538461538463,0.7384615384615385,0.0,0.07692307692307693
141,0.0,0.43023255813953487,0.5581395348837209,0.011627906976744186
142,0.0,0.0,1.0,0.0
143,0.20833333333333334,0.5972222222222222,0.19444444444444445,0.0
144,0.2222222222222222,0.0,0.0,0.7777777777777778
145,0.04081632653061224,0.8775510204081632,0.0,0.08163265306122448
146,0.4328097731239092,0.4397905759162304,0.0,0.1273996509598604
147,0.3660130718954248,0.5163398692810458,0.11764705882352941,0.0
148,0.0,0.422680412371134,0.1958762886597938,0.38144329896907214
149,0.14201183431952663,0.6982248520710059,0.15976331360946747,0.0
150,0.0,0.17194570135746606,0.6923076923076923,0.13574660633484162
151,0.025,0.625,0.35,0.0
152,0.10759493670886076,0.0,0.2088607594936709,0.6835443037974683
153,0.11382113821138211,0.6666666666666666,0.21951219512195122,0.0
154,0.0,0.41397849462365593,0.10752688172043011,0.478494623655914
155,0.0375,0.7625,0.2,0.0
156,0.21397379912663755,0.4978165938864629,0.28820960698689957,0.0
157,0.0,0.6097560975609756,0.23577235772357724,0.15447154471544716
158,0.028169014084507043,0.0,0.03286384976525822,0.9389671361502347
159,0.0,0.2727272727272727,0.7159090909090909,0.011363636363636364
160,0.19314641744548286,0.778816199376947,0.0,0.028037383177570093
161,0.24719101123595505,0.24719101123595505,0.5056179775280899,0.0
162,0.11864406779661017,0.4406779661016949,0.0,0.4406779661016949
163,0.2,0.6181818181818182,0.0,0.18181818181818182
164,0.5391304347826087,0.3739130434782609,0.0,0.08695652173913043
165,0.0,0.2598870056497175,0.6666666666666666,0.07344632768361582
166,0.5180722891566265,0.41566265060240964,0.0,0.06626506024096386
167,0.1971153846153846,0.0,0.15384615384615385,0.6490384615384616
168,0.0,0.2868217054263566,0.35658914728682173,0.35658914728682173
169,0.22807017543859648,0.0,0.3508771929824561,0.42105263157894735
170,0.2413793103448276,0.0,0.20689655172413793,0.5517241379310345
171,0.0,0.2864583333333333,0.5729166666666666,0.140625
172,0.0,0.41414141414141414,0.43434343434343436,0.15151515151515152
173,0.2108626198083067,0.0,0.46325878594249204,0.3258785942492013
174,0.5151515151515151,0.30303030303030304,0.18181818181818182,0.0
175,0.0,0.5081967213114754,0.08196721311475409,0.4098360655737705
176,0.05714285714285714,0.0,0.0761904761904762,0.8666666666666667
177,0.0,0.32558139534883723,0.5581395348837209,0.11627906976744186
178,0.0,0.24793388429752067,0.743801652892562,0.008264462809917356
179,0.013824884792626729,0.0,0.10599078341013825,0.880184331797235
180,0.08955223880597014,0.0,0.2835820895522388,0.6268656716417911
181,0.3333333333333333,0.0,0.4,0.26666666666666666
182,0.088,0.0,0.32,0.592
183,0.09302325581395349,0.2558139534883721,0.6511627906976745,0.0
184,0.6153846153846154,0.0,0.07692307692307693,0.3076923076923077
185,0.11764705882352941,0.0,0.04411764705882353,0.8382352941176471
186,0.20833333333333334,0.0,0.125,0.6666666666666666
187,0.25,0.15,0.6,0.0
188,0.2653061224489796,0.0,0.4489795918367347,0.2857142857142857
189,0.0,0.2671232876712329,0.7054794520547946,0.0273972602739726
190,0.0,0.1,0.8214285714285714,0.07857142857142857
191,0.19047619047619047,0.746031746031746,0.0,0.06349206349206349
192,0.0,0.1,0.8833333333333333,0.016666666666666666
193,0.7358490566037735,0.18867924528301888,0.0,0.07547169811320754
194,0.05333333333333334,0.49333333333333335,0.4533333333333333,0.0
195,0.6,0.0,0.0,0.4
196,0.4444444444444444,0.2222222222222222,0.0,0.3333333333333333
197,0.0,0.20689655172413793,0.7413793103448276,0.05172413793103448
198,0.183206106870229,0.8015267175572519,0.0,0.015267175572519083
199,0.07272727272727272,0.7454545454545455,0.18181818181818182,0.0
200,0.7222222222222222,0.0,0.1111111111111111,0.16666666666666666
201,0.0,0.03409090909090909,0.6477272727272727,0.3181818181818182
202,0.1927710843373494,0.0,0.1927710843373494,0.6144578313253012
203,0.3888888888888889,0.0,0.3333333333333333,0.2777777777777778
204,0.0,0.3829787234042553,0.3617021276595745,0.2553191489361702
205,0.1,0.45,0.45,0.0
206,0.0,0.2363238512035011,0.4026258205689278,0.3610503282275711
207,0.2222222222222222,0.022222222222222223,0.7555555555555555,0.0
208,0.29411764705882354,0.0,0.0,0.7058823529411765
209,0.0,0.48299319727891155,0.3333333333333333,0.1836734693877551
210,0.36363636363636365,0.4967532467532468,0.0,0.1396103896103896
211,0.21621621621621623,0.5225225225225225,0.26126126126126126,0.0
212,0.0,0.1592356687898089,0.44904458598726116,0.39171974522292996
213,0.2222222222222222,0.5555555555555556,0.0,0.2222222222222222
214,0.0,0.30434782608695654,0.391304347826087,0.30434782608695654
215,0.2631578947368421,0.0,0.21052631578947367,0.5263157894736842
216,0.0,0.423728813559322,0.4576271186440678,0.11864406779661017
217,0.12195121951219512,0.0,0.18292682926829268,0.6951219512195121
218,0.21875,0.75,0.0,0.03125
219,0.05714285714285714,0.3142857142857143,0.6285714285714286,0.0
220,0.6666666666666666,0.0,0.0,0.3333333333333333
221,0.0898876404494382,0.0,0.7303370786516854,0.1797752808988764
222,0.0,0.6862745098039216,0.23529411764705882,0.0784313725490196
223,0.0,0.18012422360248448,0.7888198757763976,0.031055900621118012
224,0.6555555555555556,0.17777777777777778,0.0,0.16666666666666666
225,0.0,0.22727272727272727,0.6363636363636364,0.13636363636363635
226,0.0,0.1694915254237288,0.711864406779661,0.11864406779661017
227,0.07258064516129033,0.0,0.22580645161290322,0.7016129032258065
228,0.5694444444444444,0.0,0.3055555555555556,0.125
229,0.0,0.26136363636363635,0.3181818181818182,0.42045454545454547
230,0.553763440860215,0.3978494623655914,0.0,0.04838709677419355
231,0.37267080745341613,0.2484472049689441,0.37888198757763975,0.0
232,0.6756756756756757,0.21621621621621623,0.10810810810810811,0.0
233,0.031578947368421054,0.0,0.45263157894736844,0.5157894736842106
234,0.4090909090909091,0.13636363636363635,0.45454545454545453,0.0
235,0.23529411764705882,0.0,0.11764705882352941,0.6470588235294118
236,0.30701754385964913,0.0,0.22807017543859648,0.4649122807017544
237,0.03773584905660377,0.0,0.18867924528301888,0.7735849056603774
238,0.0,0.0,1.0,0.0
239,0.38,0.4,0.0,0.22
240,0.0,0.34285714285714286,0.580952380952381,0.0761904761904762
241,0.0,0.24183006535947713,0.7287581699346405,0.029411764705882353
242,0.4961832061068702,0.2951653944020356,0.0,0.20865139949109415
243,0.11036789297658862,0.0,0.26755852842809363,0.6220735785953178
244,,,,
245,0.3275862068965517,0.603448275862069,0.0,0.06896551724137931
246,0.0,0.475,0.18333333333333332,0.3416666666666667
247,0.40131578947368424,0.5285087719298246,0.0,0.07017543859649122
248,0.04953560371517028,0.0,0.4551083591331269,0.4953560371517028
249,0.55,0.05,0.4,0.0
250,0.47619047619047616,0.0,0.19047619047619047,0.3333333333333333
251,0.18018018018018017,0.7747747747747747,0.04504504504504504,0.0
252,0.4,0.5142857142857142,0.0,0.08571428571428572
253,0.0,0.85,0.15,0.0
254,0.5119047619047619,0.2976190476190476,0.0,0.19047619047619047
255,0.0,0.031746031746031744,0.5079365079365079,0.4603174603174603
256,0.025,0.0,0.55,0.425
257,0.12121212121212122,0.0,0.045454545454545456,0.8333333333333334
258,0.3865546218487395,0.21008403361344538,0.0,0.40336134453781514
259,0.2222222222222222,0.0,0.2222222222222222,0.5555555555555556
260,0.18674698795180722,0.6867469879518072,0.12650602409638553,0.0
261,0.8333333333333334,0.0,0.0,0.16666666666666666
262,0.6,0.0,0.06666666666666667,0.3333333333333333
263,0.5125,0.275,0.0,0.2125
264,0.2,0.4,0.0,0.4
265,0.0,0.0,0.0,1.0
266,0.07692307692307693,0.0,0.3076923076923077,0.6153846153846154
267,0.0,0.07692307692307693,0.5384615384615384,0.38461538461538464
268,0.2,0.0,0.8,0.0
269,0.5238095238095238,0.14285714285714285,0.0,0.3333333333333333
270,1.0,0.0,0.0,0.0
271,0.2,0.0,0.6,0.2
272,0.2857142857142857,0.0,0.14285714285714285,0.5714285714285714
273,0.6086956521739131,0.3140096618357488,0.0,0.07729468599033816
274,0.47619047619047616,0.42857142857142855,0.09523809523809523,0.0
275,0.2785977859778598,0.4870848708487085,0.0,0.23431734317343172
276,0.14285714285714285,0.14285714285714285,0.7142857142857143,0.0
277,0.0,0.0,0.3076923076923077,0.6923076923076923
278,0.0,0.8860759493670886,0.11392405063291139,0.0
279,0.16666666666666666,0.3333333333333333,0.5,0.0
280,0.0,0.07253886010362694,0.025906735751295335,0.9015544041450777
281,0.005434782608695652,0.0,0.05434782608695652,0.9402173913043478
282,0.0,0.08333333333333333,0.9166666666666666,0.0
283,0.3,0.2,0.0,0.5
284,0.0,0.6666666666666666,0.3333333333333333,0.0
285,0.6,0.0,0.0,0.4
286,0.03389830508474576,0.0,0.01694915254237288,0.9491525423728814
287,0.5111111111111111,0.3333333333333333,0.0,0.15555555555555556
288,0.0,0.6578947368421053,0.34210526315789475,0.0
289,0.16666666666666666,0.16666666666666666,0.0,0.6666666666666666
290,0.0,0.15,0.8,0.05
291,0.3333333333333333,0.16666666666666666,0.5,0.0
292,0.4166666666666667,0.0,0.16666666666666666,0.4166666666666667
293,0.18181818181818182,0.7272727272727273,0.09090909090909091,0.0
294,0.25,0.0,0.5833333333333334,0.16666666666666666
295,0.5,0.5,0.0,0.0
296,0.0,0.0,0.9166666666666666,0.08333333333333333
297,0.0,0.6666666666666666,0.0,0.3333333333333333
298,0.5,0.0,0.5,0.0
299,0.0,0.5,0.0,0.5
300,,,,
301,0.0,1.0,0.0,0.0
302,0.0,0.0,0.6,0.4
303,,,,
304,,,,
305,,,,
306,,,,
307,,,,
308,,,,
309,,,,
310,,,,
