,A,C,G,T
0,,,,
1,,,,
2,,,,
3,0.2,0.8,0.0,0.0
4,,,,
5,1.0,0.0,0.0,0.0
6,,,,
7,,,,
8,1.0,0.0,0.0,0.0
9,,,,
10,,,,
11,0.5,0.5,0.0,0.0
12,,,,
13,0.0,1.0,0.0,0.0
14,0.0,1.0,0.0,0.0
15,0.0,0.5,0.0,0.5
16,0.0,0.0,0.0,1.0
17,,,,
18,,,,
19,0.0,0.0,1.0,0.0
20,,,,
21,,,,
22,0.0,0.0,0.0,1.0
23,,,,
24,0.0,0.0,1.0,0.0
25,,,,
26,0.0,0.0,1.0,0.0
27,1.0,0.0,0.0,0.0
28,0.0,0.0,0.0,1.0
29,,,,
30,0.0,0.0,0.6666666666666666,0.3333333333333333
31,,,,
32,,,,
33,0.2222222222222222,0.0,0.7777777777777778,0.0
34,,,,
35,,,,
36,,,,
37,,,,
38,0.0,0.0,0.0,1.0
39,0.5,0.0,0.0,0.5
40,,,,
41,,,,
42,,,,
43,,,,
44,0.0,0.0,1.0,0.0
45,0.0,0.0,1.0,0.0
46,,,,
47,0.5,0.5,0.0,0.0
48,,,,
49,,,,
50,0.0,0.0,1.0,0.0
51,,,,
52,0.0,1.0,0.0,0.0
53,0.0,1.0,0.0,0.0
54,0.5,0.5,0.0,0.0
55,,,,
56,0.0,0.0,0.0,1.0
57,,,,
58,,,,
59,,,,
60,,,,
61,0.0,0.0,0.0,1.0
62,0.0,0.0,0.0,1.0
63,,,,
64,,,,
65,0.0,0.0,0.0,1.0
66,0.0,0.0,1.0,0.0
67,0.4,0.0,0.6,0.0
68,,,,
69,0.0,1.0,0.0,0.0
70,,,,
71,0.0,0.0,1.0,0.0
72,0.0,1.0,0.0,0.0
73,1.0,0.0,0.0,0.0
74,0.0,0.0,1.0,0.0
75,,,,
76,1.0,0.0,0.0,0.0
77,0.0,1.0,0.0,0.0
78,0.5,0.0,0.0,0.5
79,0.6666666666666666,0.0,0.0,0.3333333333333333
80,0.0,0.0,0.3333333333333333,0.6666666666666666
81,0.0,1.0,0.0,0.0
82,,,,
83,,,,
84,0.0,0.0,0.5,0.5
85,1.0,0.0,0.0,0.0
86,0.0,0.0,0.0,1.0
87,0.0,0.0,1.0,0.0
88,0.5,0.25,0.0,0.25
89,0.0,0.0,0.0,1.0
90,0.0,0.0,1.0,0.0
91,0.6666666666666666,0.3333333333333333,0.0,0.0
92,1.0,0.0,0.0,0.0
93,0.8571428571428571,0.14285714285714285,0.0,0.0
94,0.4,0.6,0.0,0.0
95,0.0,1.0,0.0,0.0
96,0.42857142857142855,0.0,0.0,0.5714285714285714
97,0.6666666666666666,0.2222222222222222,0.0,0.1111111111111111
98,0.0,1.0,0.0,0.0
99,1.0,0.0,0.0,0.0
100,0.0,0.0,0.0,1.0
101,,,,
102,0.0,1.0,0.0,0.0
103,0.0,0.0,0.25,0.75
104,0.0,0.0,0.0,1.0
105,,,,
106,0.6666666666666666,0.0,0.0,0.3333333333333333
107,0.0,0.0,0.0,1.0
108,0.0,0.0,1.0,0.0
109,0.75,0.125,0.0,0.125
110,0.0,0.0,0.0,1.0
111,0.0,1.0,0.0,0.0
112,0.0,0.0,0.0,1.0
113,0.0,0.0,0.0,1.0
114,0.0,0.25,0.75,0.0
115,0.5,0.0,0.5,0.0
116,0.0,0.0,0.0,1.0
117,,,,
118,0.0,1.0,0.0,0.0
119,0.25,0.0,0.5,0.25
120,,,,
121,,,,
122,1.0,0.0,0.0,0.0
123,0.0,0.0,0.6,0.4
124,0.0,1.0,0.0,0.0
125,,,,
126,,,,
127,1.0,0.0,0.0,0.0
128,0.0,0.0,1.0,0.0
129,,,,
130,0.75,0.0,0.0,0.25
131,1.0,0.0,0.0,0.0
132,0.0,0.0,1.0,0.0
133,0.0,0.3333333333333333,0.6666666666666666,0.0
134,0.0,0.0,0.0,1.0
135,,,,
136,1.0,0.0,0.0,0.0
137,0.5,0.0,0.0,0.5
138,0.0,0.0,1.0,0.0
139,,,,
140,,,,
141,,,,
142,,,,
143,0.0,0.0,0.0,1.0
144,,,,
145,,,,
146,,,,
147,0.0,0.75,0.25,0.0
148,0.0,0.0,1.0,0.0
149,0.0,1.0,0.0,0.0
150,,,,
151,,,,
152,0.3333333333333333,0.6666666666666666,0.0,0.0
153,0.5,0.0,0.5,0.0
154,0.8,0.0,0.0,0.2
155,0.3333333333333333,0.0,0.0,0.6666666666666666
156,0.0,0.5,0.0,0.5
157,0.0,1.0,0.0,0.0
158,1.0,0.0,0.0,0.0
159,0.6666666666666666,0.3333333333333333,0.0,0.0
160,0.0,0.6,0.4,0.0
161,,,,
162,0.0,1.0,0.0,0.0
163,0.0,0.2,0.2,0.6
164,0.0,0.0,0.0,1.0
165,0.0,0.0,0.4,0.6
166,0.0,1.0,0.0,0.0
167,1.0,0.0,0.0,0.0
168,1.0,0.0,0.0,0.0
169,0.0,1.0,0.0,0.0
170,0.25,0.5,0.0,0.25
171,0.0,0.5,0.5,0.0
172,0.5,0.3333333333333333,0.0,0.16666666666666666
173,1.0,0.0,0.0,0.0
174,0.0,1.0,0.0,0.0
175,0.0,0.0,0.0,1.0
176,0.25,0.0,0.5,0.25
177,1.0,0.0,0.0,0.0
178,0.0,0.0,0.16666666666666666,0.8333333333333334
179,,,,
180,0.0,0.0,1.0,0.0
181,0.0,0.5,0.0,0.5
182,0.0,0.0,0.0,1.0
183,0.0,0.5,0.5,0.0
184,0.0,1.0,0.0,0.0
185,0.0,0.0,0.4,0.6
186,0.0,0.0,1.0,0.0
187,1.0,0.0,0.0,0.0
188,,,,
189,1.0,0.0,0.0,0.0
190,,,,
191,0.0,0.0,0.0,1.0
192,0.0,0.0,0.0,1.0
193,,,,
194,0.0,0.0,1.0,0.0
195,0.0,0.0,1.0,0.0
196,0.0,0.0,1.0,0.0
197,,,,
198,0.0,0.0,1.0,0.0
199,1.0,0.0,0.0,0.0
200,0.6666666666666666,0.3333333333333333,0.0,0.0
201,0.0,0.0,1.0,0.0
202,,,,
203,0.0,1.0,0.0,0.0
204,0.16666666666666666,0.5,0.0,0.3333333333333333
205,1.0,0.0,0.0,0.0
206,0.0,0.9090909090909091,0.09090909090909091,0.0
207,0.0,0.0,0.0,1.0
208,,,,
209,,,,
210,0.0,0.3333333333333333,0.6666666666666666,0.0
211,,,,
212,0.0,0.5714285714285714,0.2857142857142857,0.14285714285714285
213,0.0,0.0,1.0,0.0
214,1.0,0.0,0.0,0.0
215,0.0,0.6,0.4,0.0
216,1.0,0.0,0.0,0.0
217,0.6666666666666666,0.3333333333333333,0.0,0.0
218,0.0,0.14285714285714285,0.5714285714285714,0.2857142857142857
219,,,,
220,,,,
221,0.0,0.0,0.5,0.5
222,0.7272727272727273,0.0,0.09090909090909091,0.18181818181818182
223,0.16666666666666666,0.0,0.16666666666666666,0.6666666666666666
224,1.0,0.0,0.0,0.0
225,,,,
226,,,,
227,0.0,0.0,0.5,0.5
228,0.0,1.0,0.0,0.0
229,0.0,0.0,0.5,0.5
230,1.0,0.0,0.0,0.0
231,0.0,0.0,1.0,0.0
232,0.0,0.0,1.0,0.0
233,0.0,0.0,0.25,0.75
234,0.0,0.0,1.0,0.0
235,,,,
236,0.8333333333333334,0.16666666666666666,0.0,0.0
237,0.0,0.0,1.0,0.0
238,,,,
239,0.3333333333333333,0.0,0.6666666666666666,0.0
240,,,,
241,0.0,0.0,0.5,0.5
242,0.6666666666666666,0.0,0.0,0.3333333333333333
243,0.0,0.0,1.0,0.0
244,,,,
245,0.0,0.0,0.0,1.0
246,0.0,0.0,1.0,0.0
247,0.0,0.5,0.5,0.0
248,0.0,1.0,0.0,0.0
249,0.0,0.0,0.25,0.75
250,0.0,0.0,0.3,0.7
251,1.0,0.0,0.0,0.0
252,0.0,1.0,0.0,0.0
253,0.3333333333333333,0.3333333333333333,0.0,0.3333333333333333
254,0.25,0.0,0.75,0.0
255,0.0,0.0,1.0,0.0
256,,,,
257,,,,
258,0.0,1.0,0.0,0.0
259,1.0,0.0,0.0,0.0
260,1.0,0.0,0.0,0.0
261,,,,
262,,,,
263,0.0,1.0,0.0,0.0
264,,,,
265,,,,
266,,,,
267,,,,
268,,,,
269,0.7142857142857143,0.0,0.0,0.2857142857142857
270,,,,
271,0.0,1.0,0.0,0.0
272,0.0,0.0,1.0,0.0
273,0.0,0.0,0.0,1.0
274,,,,
275,,,,
276,,,,
277,0.0,0.0,1.0,0.0
278,0.0,0.0,0.0,1.0
279,0.25,0.75,0.0,0.0
280,,,,
281,0.3333333333333333,0.3333333333333333,0.0,0.3333333333333333
282,0.0,0.0,0.0,1.0
283,,,,
284,0.0,1.0,0.0,0.0
285,0.0,0.0,1.0,0.0
286,,,,
287,0.0,0.0,0.0,1.0
288,,,,
289,,,,
290,,,,
291,1.0,0.0,0.0,0.0
292,0.0,0.0,0.0,1.0
293,,,,
294,,,,
295,,,,
296,,,,
297,0.0,1.0,0.0,0.0
298,,,,
299,,,,
300,,,,
301,,,,
302,,,,
303,,,,
304,,,,
305,,,,
306,,,,
307,,,,
308,,,,
309,,,,
310,,,,
311,,,,
312,,,,
313,,,,
314,,,,
315,,,,
316,,,,
317,,,,
318,,,,
