,A,C,G,T
0,,,,
1,,,,
2,,,,
3,,,,
4,0.0,1.0,0.0,0.0
5,0.0,0.0,0.0,1.0
6,,,,
7,,,,
8,,,,
9,,,,
10,,,,
11,,,,
12,,,,
13,,,,
14,0.0,0.0,0.0,1.0
15,,,,
16,,,,
17,,,,
18,,,,
19,,,,
20,,,,
21,,,,
22,,,,
23,1.0,0.0,0.0,0.0
24,,,,
25,,,,
26,,,,
27,,,,
28,,,,
29,,,,
30,,,,
31,,,,
32,,,,
33,,,,
34,,,,
35,,,,
36,,,,
37,0.0,0.0,1.0,0.0
38,,,,
39,,,,
40,,,,
41,,,,
42,,,,
43,,,,
44,,,,
45,,,,
46,0.0,0.0,0.0,1.0
47,,,,
48,,,,
49,,,,
50,,,,
51,,,,
52,,,,
53,,,,
54,,,,
55,,,,
56,,,,
57,,,,
58,,,,
59,,,,
60,,,,
61,,,,
62,0.0,0.0,1.0,0.0
63,,,,
64,,,,
65,,,,
66,,,,
67,0.0,1.0,0.0,0.0
68,,,,
69,1.0,0.0,0.0,0.0
70,,,,
71,0.0,1.0,0.0,0.0
72,,,,
73,0.0,0.0,0.0,1.0
74,0.3333333333333333,0.6666666666666666,0.0,0.0
75,,,,
76,,,,
77,0.0,0.0,0.0,1.0
78,,,,
79,,,,
80,0.0,0.0,0.0,1.0
81,0.0,0.0,0.0,1.0
82,0.3333333333333333,0.6666666666666666,0.0,0.0
83,0.0,0.0,1.0,0.0
84,,,,
85,,,,
86,0.0,0.0,0.0,1.0
87,,,,
88,0.3333333333333333,0.0,0.6666666666666666,0.0
89,,,,
90,,,,
91,0.0,0.0,0.0,1.0
92,,,,
93,0.0,1.0,0.0,0.0
94,,,,
95,,,,
96,,,,
97,,,,
98,,,,
99,,,,
100,,,,
101,1.0,0.0,0.0,0.0
102,,,,
103,,,,
104,,,,
105,,,,
106,,,,
107,,,,
108,0.0,1.0,0.0,0.0
109,,,,
110,0.0,0.0,0.0,1.0
111,,,,
112,,,,
113,0.0,0.0,1.0,0.0
114,,,,
115,,,,
116,,,,
117,,,,
118,,,,
119,,,,
120,,,,
121,,,,
122,,,,
123,,,,
124,,,,
125,0.0,0.3333333333333333,0.6666666666666666,0.0
126,,,,
127,,,,
128,,,,
129,,,,
130,0.0,0.0,1.0,0.0
131,0.0,1.0,0.0,0.0
132,,,,
133,0.0,1.0,0.0,0.0
134,,,,
135,,,,
136,1.0,0.0,0.0,0.0
137,,,,
138,,,,
139,,,,
140,,,,
141,0.0,0.0,0.0,1.0
142,,,,
143,,,,
144,,,,
145,0.0,1.0,0.0,0.0
146,0.0,0.0,1.0,0.0
147,0.0,0.0,0.6666666666666666,0.3333333333333333
148,1.0,0.0,0.0,0.0
149,0.0,1.0,0.0,0.0
150,,,,
151,,,,
152,0.0,0.0,1.0,0.0
153,,,,
154,0.0,0.0,1.0,0.0
155,0.0,0.0,0.0,1.0
156,,,,
157,,,,
158,,,,
159,0.0,0.0,0.0,1.0
160,0.0,0.0,0.6666666666666666,0.3333333333333333
161,0.0,0.0,0.0,1.0
162,,,,
163,1.0,0.0,0.0,0.0
164,0.0,1.0,0.0,0.0
165,1.0,0.0,0.0,0.0
166,,,,
167,0.0,1.0,0.0,0.0
168,1.0,0.0,0.0,0.0
169,1.0,0.0,0.0,0.0
170,,,,
171,0.0,0.0,1.0,0.0
172,,,,
173,0.0,0.0,0.0,1.0
174,0.0,0.0,0.0,1.0
175,0.0,1.0,0.0,0.0
176,0.0,0.0,1.0,0.0
177,,,,
178,,,,
179,,,,
180,,,,
181,,,,
182,,,,
183,,,,
184,0.0,0.0,1.0,0.0
185,,,,
186,0.0,0.0,1.0,0.0
187,0.0,1.0,0.0,0.0
188,1.0,0.0,0.0,0.0
189,,,,
190,1.0,0.0,0.0,0.0
191,,,,
192,0.0,0.0,1.0,0.0
193,0.0,0.0,0.0,1.0
194,1.0,0.0,0.0,0.0
195,0.0,0.0,0.0,1.0
196,0.0,0.0,0.0,1.0
197,,,,
198,0.0,1.0,0.0,0.0
199,,,,
200,0.0,0.0,1.0,0.0
201,,,,
202,0.0,0.0,1.0,0.0
203,,,,
204,,,,
205,,,,
206,,,,
207,0.0,0.0,1.0,0.0
208,,,,
209,,,,
210,,,,
211,,,,
212,,,,
213,,,,
214,0.0,1.0,0.0,0.0
215,0.3333333333333333,0.0,0.0,0.6666666666666666
216,,,,
217,,,,
218,,,,
219,0.0,0.0,1.0,0.0
220,,,,
221,1.0,0.0,0.0,0.0
222,0.0,0.0,1.0,0.0
223,,,,
224,,,,
225,,,,
226,0.0,1.0,0.0,0.0
227,0.0,0.0,1.0,0.0
228,,,,
229,,,,
230,0.0,0.0,1.0,0.0
231,,,,
232,,,,
233,,,,
234,,,,
235,,,,
236,,,,
237,,,,
238,1.0,0.0,0.0,0.0
239,,,,
240,,,,
241,0.0,0.0,0.0,1.0
242,,,,
243,0.0,1.0,0.0,0.0
244,,,,
245,0.0,1.0,0.0,0.0
246,0.0,0.0,1.0,0.0
247,0.0,0.0,1.0,0.0
248,,,,
249,,,,
250,1.0,0.0,0.0,0.0
251,0.0,0.0,1.0,0.0
252,,,,
253,,,,
254,0.0,0.0,0.0,1.0
255,,,,
256,,,,
257,,,,
258,,,,
259,0.0,1.0,0.0,0.0
260,,,,
261,,,,
262,,,,
263,,,,
264,,,,
265,,,,
266,0.0,1.0,0.0,0.0
267,,,,
268,,,,
269,,,,
270,,,,
271,,,,
272,,,,
273,,,,
274,,,,
275,,,,
276,0.0,0.0,1.0,0.0
277,0.0,0.0,0.0,1.0
278,0.0,0.3333333333333333,0.0,0.6666666666666666
279,,,,
280,,,,
281,,,,
282,,,,
283,0.0,0.0,0.0,1.0
284,,,,
285,,,,
286,,,,
287,,,,
288,,,,
289,,,,
290,,,,
291,,,,
292,,,,
293,,,,
294,,,,
295,0.0,0.0,1.0,0.0
296,,,,
297,,,,
298,,,,
299,,,,
300,,,,
301,,,,
302,,,,
303,,,,
304,,,,
305,,,,
306,,,,
307,,,,
308,,,,
309,,,,
310,,,,
311,,,,
312,,,,
313,,,,
314,,,,
315,,,,
