,A,C,G,T
0,,,,
1,,,,
2,0.39473684210526316,0.5842105263157895,0.0,0.021052631578947368
3,0.7619047619047619,0.16666666666666666,0.0,0.07142857142857142
4,0.14893617021276595,0.6808510638297872,0.1702127659574468,0.0
5,0.056818181818181816,0.0,0.125,0.8181818181818182
6,0.3442622950819672,0.0,0.29508196721311475,0.36065573770491804
7,0.0,0.05181347150259067,0.5958549222797928,0.35233160621761656
8,0.7337209302325581,0.22441860465116278,0.0,0.04186046511627907
9,0.045576407506702415,0.0,0.42761394101876676,0.5268096514745308
10,0.0,0.2857142857142857,0.7142857142857143,0.0
11,0.44954128440366975,0.16972477064220184,0.0,0.38073394495412843
12,0.45806451612903226,0.44516129032258067,0.0,0.0967741935483871
13,0.7222222222222222,0.2518518518518518,0.025925925925925925,0.0
14,0.0,0.11509433962264151,0.6547169811320754,0.23018867924528302
15,0.6153846153846154,0.0,0.23076923076923078,0.15384615384615385
16,0.0,0.6785714285714286,0.10714285714285714,0.21428571428571427
17,0.9020979020979021,0.027972027972027972,0.0,0.06993006993006994
18,0.8134328358208955,0.1044776119402985,0.08208955223880597,0.0
19,0.6363636363636364,0.0,0.09090909090909091,0.2727272727272727
20,0.19811320754716982,0.7405660377358491,0.06132075471698113,0.0
21,0.15,0.15,0.0,0.7
22,0.17307692307692307,0.5384615384615384,0.0,0.28846153846153844
23,0.21739130434782608,0.5217391304347826,0.0,0.2608695652173913
24,0.36065573770491804,0.5152224824355972,0.0,0.12412177985948478
25,0.56,0.0,0.32,0.12
26,0.19607843137254902,0.43137254901960786,0.37254901960784315,0.0
27,0.14814814814814814,0.5555555555555556,0.0,0.2962962962962963
28,0.0,0.71,0.19,0.1
29,0.8175438596491228,0.13333333333333333,0.0,0.04912280701754386
30,0.3298245614035088,0.5543859649122806,0.0,0.11578947368421053
31,0.045454545454545456,0.8484848484848485,0.10606060606060606,0.0
32,0.3263157894736842,0.29473684210526313,0.0,0.37894736842105264
33,0.0,0.5833333333333334,0.3472222222222222,0.06944444444444445
34,0.0,0.12237762237762238,0.7447552447552448,0.13286713286713286
35,0.5352112676056338,0.19718309859154928,0.0,0.2676056338028169
36,0.0,0.4676258992805755,0.4892086330935252,0.04316546762589928
37,0.0,0.17803030303030304,0.7121212121212122,0.10984848484848485
38,0.42857142857142855,0.4025974025974026,0.0,0.16883116883116883
39,0.3409090909090909,0.0,0.3409090909090909,0.3181818181818182
40,0.6,0.0,0.2,0.2
41,0.13930348258706468,0.4975124378109453,0.36318407960199006,0.0
42,0.3888888888888889,0.1111111111111111,0.0,0.5
43,0.15384615384615385,0.2692307692307692,0.0,0.5769230769230769
44,0.2777777777777778,0.1388888888888889,0.0,0.5833333333333334
45,0.7701149425287356,0.0140485312899106,0.0,0.21583652618135377
46,0.37209302325581395,0.0,0.6162790697674418,0.011627906976744186
47,0.23985890652557318,0.5961199294532628,0.164021164021164,0.0
48,0.0,0.07311320754716981,0.30424528301886794,0.6226415094339622
49,0.6438356164383562,0.0,0.2465753424657534,0.1095890410958904
50,0.0,0.7391304347826086,0.12585812356979406,0.13501144164759726
51,0.57,0.28,0.0,0.15
52,0.11627906976744186,0.7674418604651163,0.11627906976744186,0.0
53,0.5251798561151079,0.11510791366906475,0.0,0.3597122302158273
54,0.0,0.6164383561643836,0.3424657534246575,0.0410958904109589
55,0.0,0.36,0.5435294117647059,0.09647058823529411
56,0.0,0.0967741935483871,0.7859237536656891,0.11730205278592376
57,0.0,0.43434343434343436,0.547979797979798,0.017676767676767676
58,0.2727272727272727,0.2727272727272727,0.45454545454545453,0.0
59,0.22321428571428573,0.0,0.24107142857142858,0.5357142857142857
60,0.10989010989010989,0.3956043956043956,0.4945054945054945,0.0
61,0.5769230769230769,0.0,0.07692307692307693,0.34615384615384615
62,0.3333333333333333,0.0,0.17777777777777778,0.4888888888888889
63,0.14285714285714285,0.19047619047619047,0.6666666666666666,0.0
64,0.15384615384615385,0.23076923076923078,0.0,0.6153846153846154
65,0.033783783783783786,0.0,0.013513513513513514,0.9527027027027027
66,0.0,0.40298507462686567,0.5783582089552238,0.018656716417910446
67,0.0,0.5644171779141104,0.3834355828220859,0.05214723926380368
68,0.5887445887445888,0.37662337662337664,0.0,0.03463203463203463
69,0.5869565217391305,0.28043478260869564,0.0,0.13260869565217392
70,0.008658008658008658,0.8679653679653679,0.12337662337662338,0.0
71,0.1651376146788991,0.6666666666666666,0.16819571865443425,0.0
72,0.5700934579439252,0.19626168224299065,0.2336448598130841,0.0
73,0.3089430894308943,0.0,0.032520325203252036,0.6585365853658537
74,0.1118421052631579,0.7302631578947368,0.15789473684210525,0.0
75,0.631578947368421,0.19298245614035087,0.0,0.17543859649122806
76,0.2072072072072072,0.7387387387387387,0.0,0.05405405405405406
77,0.0,0.2222222222222222,0.6873385012919897,0.09043927648578812
78,0.2582278481012658,0.47848101265822784,0.26329113924050634,0.0
79,0.0,0.30117647058823527,0.02588235294117647,0.6729411764705883
80,0.11949685534591195,0.0,0.07547169811320754,0.8050314465408805
81,0.0,0.29535864978902954,0.16877637130801687,0.5358649789029536
82,0.17107093184979139,0.0,0.34214186369958277,0.48678720445062584
83,0.20089285714285715,0.0,0.26339285714285715,0.5357142857142857
84,0.06435643564356436,0.5841584158415841,0.35148514851485146,0.0
85,0.08888888888888889,0.6222222222222222,0.28888888888888886,0.0
86,0.23157894736842105,0.0,0.031578947368421054,0.7368421052631579
87,0.0,0.20863309352517986,0.6258992805755396,0.16546762589928057
88,0.07373737373737374,0.0,0.42323232323232324,0.503030303030303
89,0.18181818181818182,0.0,0.32644628099173556,0.49173553719008267
90,0.7205882352941176,0.11029411764705882,0.0,0.16911764705882354
91,0.0,0.47413793103448276,0.4396551724137931,0.08620689655172414
92,0.4826086956521739,0.0,0.11739130434782609,0.4
93,0.1377551020408163,0.8188775510204082,0.04336734693877551,0.0
94,0.0,0.236318407960199,0.07960199004975124,0.6840796019900498
95,0.038860103626943004,0.0,0.16580310880829016,0.7953367875647669
96,0.16109422492401215,0.6322188449848024,0.2066869300911854,0.0
97,0.0,0.2024793388429752,0.26859504132231404,0.5289256198347108
98,0.04332129963898917,0.0,0.1624548736462094,0.7942238267148014
99,0.0,0.44415584415584414,0.21298701298701297,0.34285714285714286
100,0.017543859649122806,0.08771929824561403,0.8947368421052632,0.0
101,0.6285329744279946,0.18371467025572005,0.0,0.18775235531628534
102,0.7967479674796748,0.0,0.012195121951219513,0.1910569105691057
103,0.0,0.6774193548387096,0.08064516129032258,0.24193548387096775
104,0.052132701421800945,0.0,0.22748815165876776,0.7203791469194313
105,0.15,0.25,0.6,0.0
106,0.1,0.4,0.0,0.5
107,0.1875,0.3125,0.0,0.5
108,0.6144278606965174,0.27611940298507465,0.0,0.10945273631840796
109,0.0,0.16,0.84,0.0
110,0.5098039215686274,0.20028011204481794,0.0,0.28991596638655465
111,0.9588014981273408,0.0,0.00749063670411985,0.033707865168539325
112,0.0,0.016,0.916,0.068
113,0.0,0.16565656565656567,0.6444444444444445,0.1898989898989899
114,0.48,0.0,0.48,0.04
115,0.0,0.11428571428571428,0.5714285714285714,0.3142857142857143
116,0.4819277108433735,0.07228915662650602,0.0,0.4457831325301205
117,0.45544554455445546,0.15841584158415842,0.0,0.38613861386138615
118,0.08450704225352113,0.0,0.2676056338028169,0.647887323943662
119,0.096,0.0,0.008,0.896
120,0.25,0.0,0.125,0.625
121,0.6153846153846154,0.0,0.15384615384615385,0.23076923076923078
122,0.34285714285714286,0.4,0.2571428571428571,0.0
123,0.5416666666666666,0.25,0.0,0.20833333333333334
124,0.8023255813953488,0.1744186046511628,0.0,0.023255813953488372
125,0.0,0.23113207547169812,0.660377358490566,0.10849056603773585
126,0.0,0.3884297520661157,0.5950413223140496,0.01652892561983471
127,0.0,0.047619047619047616,0.8869047619047619,0.06547619047619048
128,0.0,0.19708029197080293,0.7445255474452555,0.058394160583941604
129,0.3269230769230769,0.6346153846153846,0.0,0.038461538461538464
130,0.3333333333333333,0.48148148148148145,0.0,0.18518518518518517
131,0.771889400921659,0.16129032258064516,0.0,0.06682027649769585
132,0.13513513513513514,0.0,0.14864864864864866,0.7162162162162162
133,0.006535947712418301,0.954248366013072,0.0392156862745098,0.0
134,0.16304347826086957,0.5652173913043478,0.2717391304347826,0.0
135,0.1407942238267148,0.8447653429602888,0.0,0.01444043321299639
136,0.0,0.39823008849557523,0.1504424778761062,0.45132743362831856
137,0.6153846153846154,0.2564102564102564,0.0,0.1282051282051282
138,0.07142857142857142,0.0,0.9285714285714286,0.0
139,0.43478260869565216,0.08695652173913043,0.0,0.4782608695652174
140,0.06666666666666667,0.5,0.0,0.43333333333333335
141,0.0,0.19573901464713714,0.6577896138482024,0.14647137150466044
142,0.07142857142857142,0.14285714285714285,0.7857142857142857,0.0
143,0.11627906976744186,0.0,0.0,0.8837209302325582
144,0.3,0.15,0.0,0.55
145,0.22641509433962265,0.41509433962264153,0.0,0.3584905660377358
146,0.0,0.50418410041841,0.3368200836820084,0.1589958158995816
147,0.09215686274509804,0.0,0.24509803921568626,0.6627450980392157
148,0.24725274725274726,0.023809523809523808,0.7289377289377289,0.0
149,0.18627450980392157,0.42810457516339867,0.38562091503267976,0.0
150,0.6839577329490875,0.20365033621517772,0.0,0.11239193083573487
151,0.11940298507462686,0.08955223880597014,0.7910447761194029,0.0
152,0.08292682926829269,0.40487804878048783,0.5121951219512195,0.0
153,0.42483660130718953,0.39215686274509803,0.0,0.1830065359477124
154,0.0,0.1674641148325359,0.28708133971291866,0.5454545454545454
155,0.2049469964664311,0.43109540636042404,0.36395759717314485,0.0
156,0.36153846153846153,0.0,0.33076923076923076,0.3076923076923077
157,0.4845360824742268,0.0,0.20618556701030927,0.30927835051546393
158,0.3855421686746988,0.37650602409638556,0.23795180722891565,0.0
159,0.5947712418300654,0.30392156862745096,0.0,0.10130718954248366
160,0.0,0.4314516129032258,0.42338709677419356,0.14516129032258066
161,0.0,0.19001919385796545,0.708253358925144,0.1017274472168906
162,0.6818181818181818,0.22488038277511962,0.0,0.09330143540669857
163,0.0,0.4393939393939394,0.4015151515151515,0.1590909090909091
164,0.18404907975460122,0.5,0.3159509202453988,0.0
165,0.708994708994709,0.10052910052910052,0.0,0.19047619047619047
166,0.734375,0.20833333333333334,0.0,0.057291666666666664
167,0.4143920595533499,0.3002481389578164,0.2853598014888337,0.0
168,0.6052227342549923,0.31643625192012287,0.0,0.07834101382488479
169,0.0,0.41637010676156583,0.3202846975088968,0.26334519572953735
170,0.0,0.2269170579029734,0.6776212832550861,0.09546165884194054
171,0.0,0.24896265560165975,0.6535269709543569,0.0975103734439834
172,0.22448979591836735,0.0,0.19591836734693877,0.5795918367346938
173,0.0,0.27979274611398963,0.48704663212435234,0.23316062176165803
174,0.0,0.16230366492146597,0.7421465968586387,0.09554973821989529
175,0.5632911392405063,0.14195298372513562,0.29475587703435807,0.0
176,0.0,0.32722007722007723,0.44787644787644787,0.2249034749034749
177,0.1590909090909091,0.4681818181818182,0.37272727272727274,0.0
178,0.0,0.3197969543147208,0.09137055837563451,0.5888324873096447
179,0.03708133971291866,0.0,0.10526315789473684,0.8576555023923444
180,0.278372591006424,0.16916488222698073,0.0,0.5524625267665952
181,0.16591928251121077,0.0,0.6547085201793722,0.17937219730941703
182,0.0,0.09020618556701031,0.6005154639175257,0.30927835051546393
183,0.3972222222222222,0.5527777777777778,0.0,0.05
184,0.0,0.3656716417910448,0.5945273631840796,0.03980099502487562
185,0.3669724770642202,0.5275229357798165,0.0,0.10550458715596331
186,0.0,0.24786324786324787,0.6025641025641025,0.14957264957264957
187,0.0,0.24678111587982832,0.6373390557939914,0.11587982832618025
188,0.4810400866738895,0.4106175514626219,0.0,0.10834236186348863
189,0.1875,0.4017857142857143,0.4107142857142857,0.0
190,0.2,0.1368421052631579,0.6631578947368421,0.0
191,0.0457516339869281,0.0,0.09803921568627451,0.8562091503267973
192,0.5409090909090909,0.0,0.39545454545454545,0.06363636363636363
193,0.0,0.02666666666666667,0.9066666666666666,0.06666666666666667
194,0.41025641025641024,0.4358974358974359,0.0,0.15384615384615385
195,0.3728813559322034,0.13559322033898305,0.0,0.4915254237288136
196,0.8383233532934131,0.1277445109780439,0.0,0.033932135728542916
197,0.4777777777777778,0.0,0.2111111111111111,0.3111111111111111
198,0.0,0.6046511627906976,0.313953488372093,0.08139534883720931
199,0.25806451612903225,0.5645161290322581,0.0,0.1774193548387097
200,0.0,0.11764705882352941,0.8571428571428571,0.025210084033613446
201,0.50509461426492,0.413391557496361,0.0,0.08151382823871907
202,0.1,0.4,0.5,0.0
203,0.6266666666666667,0.0,0.10666666666666667,0.26666666666666666
204,0.0,0.08561643835616438,0.4246575342465753,0.4897260273972603
205,0.2564102564102564,0.0,0.09230769230769231,0.6512820512820513
206,0.4140127388535032,0.0,0.19745222929936307,0.3885350318471338
207,0.0,0.2711267605633803,0.2746478873239437,0.45422535211267606
208,0.14516129032258066,0.45161290322580644,0.4032258064516129,0.0
209,0.0,0.3323412698412698,0.46130952380952384,0.20634920634920634
210,0.0,0.14689265536723164,0.3615819209039548,0.4915254237288136
211,0.04375,0.0,0.753125,0.203125
212,0.08045977011494253,0.0,0.22988505747126436,0.6896551724137931
213,0.5,0.4117647058823529,0.0,0.08823529411764706
214,0.16279069767441862,0.0,0.6395348837209303,0.19767441860465115
215,0.8410852713178295,0.08139534883720931,0.0,0.07751937984496124
216,0.5625,0.25,0.0,0.1875
217,0.0,0.4117647058823529,0.38235294117647056,0.20588235294117646
218,0.6224489795918368,0.0,0.2653061224489796,0.11224489795918367
219,0.0,0.25748502994011974,0.47904191616766467,0.2634730538922156
220,0.3885135135135135,0.0,0.32094594594594594,0.2905405405405405
221,0.5205479452054794,0.2831050228310502,0.0,0.1963470319634703
222,0.19801980198019803,0.1485148514851485,0.6534653465346535,0.0
223,0.48484848484848486,0.0,0.15151515151515152,0.36363636363636365
224,0.2096505823627288,0.6239600665557404,0.16638935108153077,0.0
225,0.0,0.24795640326975477,0.444141689373297,0.3079019073569482
226,0.15459882583170254,0.0,0.4500978473581213,0.3953033268101761
227,0.0,0.3142857142857143,0.5371428571428571,0.14857142857142858
228,0.5706806282722513,0.24607329842931938,0.0,0.18324607329842932
229,0.0,0.33678756476683935,0.616580310880829,0.046632124352331605
230,0.25101214574898784,0.0,0.4898785425101215,0.2591093117408907
231,0.0,0.2777777777777778,0.6111111111111112,0.1111111111111111
232,0.22727272727272727,0.0,0.22727272727272727,0.5454545454545454
233,0.0,0.21179624664879357,0.34584450402144773,0.44235924932975873
234,0.8126315789473684,0.029473684210526315,0.0,0.15789473684210525
235,0.05,0.0,0.2351851851851852,0.7148148148148148
236,0.1912087912087912,0.0,0.25274725274725274,0.5560439560439561
237,0.4779116465863454,0.41767068273092367,0.10441767068273092,0.0
238,0.0,0.2986111111111111,0.05555555555555555,0.6458333333333334
239,0.02425876010781671,0.0,0.008086253369272238,0.967654986522911
240,0.0,0.3425414364640884,0.11878453038674033,0.5386740331491713
241,0.09090909090909091,0.30303030303030304,0.6060606060606061,0.0
242,0.7,0.05714285714285714,0.0,0.24285714285714285
243,0.15879828326180256,0.776824034334764,0.0,0.06437768240343347
244,0.0,0.3611111111111111,0.37962962962962965,0.25925925925925924
245,0.8284023668639053,0.1341222879684418,0.0,0.03747534516765286
246,0.13907933398628794,0.0,0.14201762977473065,0.7189030362389814
247,0.2962962962962963,0.1111111111111111,0.5925925925925926,0.0
248,0.41975308641975306,0.4444444444444444,0.0,0.13580246913580246
249,0.0,0.6502835538752363,0.2551984877126654,0.0945179584120983
250,0.25054945054945055,0.6505494505494506,0.0,0.0989010989010989
251,0.12837837837837837,0.0,0.38344594594594594,0.48817567567567566
252,0.0,0.20180722891566266,0.7620481927710844,0.03614457831325301
253,0.7165991902834008,0.25101214574898784,0.0,0.032388663967611336
254,0.09799554565701558,0.0,0.3184855233853007,0.5835189309576837
255,0.08695652173913043,0.0,0.12173913043478261,0.7913043478260869
256,0.20833333333333334,0.125,0.6666666666666666,0.0
257,0.22262773722627738,0.46715328467153283,0.0,0.3102189781021898
258,0.0,0.4973821989528796,0.4816753926701571,0.020942408376963352
259,0.32621951219512196,0.6138211382113821,0.0,0.059959349593495935
260,0.0,0.2518891687657431,0.4609571788413098,0.2871536523929471
261,0.18238993710691823,0.5723270440251572,0.24528301886792453,0.0
262,0.14622641509433962,0.0,0.05660377358490566,0.7971698113207547
263,0.2109375,0.5390625,0.25,0.0
264,0.2777777777777778,0.5370370370370371,0.0,0.18518518518518517
265,0.0,0.7014925373134329,0.2537313432835821,0.04477611940298507
266,0.3784056508577195,0.5196770938446014,0.0,0.10191725529767912
267,0.2608695652173913,0.13043478260869565,0.0,0.6086956521739131
268,0.0,0.30434782608695654,0.6086956521739131,0.08695652173913043
269,0.38461538461538464,0.0,0.15384615384615385,0.46153846153846156
270,0.0,0.08396946564885496,0.3893129770992366,0.5267175572519084
271,0.3076923076923077,0.0,0.3076923076923077,0.38461538461538464
272,0.13274336283185842,0.13274336283185842,0.0,0.7345132743362832
273,0.2631578947368421,0.10526315789473684,0.0,0.631578947368421
274,0.10344827586206896,0.0,0.8275862068965517,0.06896551724137931
275,0.5,0.0,0.10714285714285714,0.39285714285714285
276,0.5551912568306011,0.37595628415300547,0.0,0.06885245901639345
277,0.1744186046511628,0.7209302325581395,0.10465116279069768,0.0
278,0.22942942942942943,0.46066066066066064,0.0,0.3099099099099099
279,0.0,0.5,0.5,0.0
280,0.0,0.0273972602739726,0.0136986301369863,0.958904109589041
281,0.016877637130801686,0.9451476793248945,0.0379746835443038,0.0
282,0.0,0.5882352941176471,0.4117647058823529,0.0
283,0.0,0.011560693641618497,0.05973025048169557,0.928709055876686
284,0.005405405405405406,0.0,0.04144144144144144,0.9531531531531532
285,0.11494252873563218,0.1839080459770115,0.7011494252873564,0.0
286,0.3,0.275,0.0,0.425
287,0.003278688524590164,0.8,0.19672131147540983,0.0
288,0.6690909090909091,0.02181818181818182,0.0,0.3090909090909091
289,0.188,0.0,0.152,0.66
290,0.0,0.268,0.456,0.276
291,0.0,0.2824427480916031,0.4351145038167939,0.2824427480916031
292,0.0958904109589041,0.0,0.4063926940639269,0.4977168949771689
293,0.0,0.25,0.5833333333333334,0.16666666666666666
294,0.24242424242424243,0.12121212121212122,0.0,0.6363636363636364
295,0.0,0.1836734693877551,0.5918367346938775,0.22448979591836735
296,0.23076923076923078,0.6923076923076923,0.07692307692307693,0.0
297,0.14285714285714285,0.0,0.7857142857142857,0.07142857142857142
298,0.6666666666666666,0.0,0.3333333333333333,0.0
299,0.14285714285714285,0.5714285714285714,0.0,0.2857142857142857
300,0.0,0.14285714285714285,0.8571428571428571,0.0
301,0.1111111111111111,0.1111111111111111,0.7777777777777778,0.0
302,,,,
303,,,,
304,0.0,0.0,0.0,1.0
305,,,,
306,,,,
307,,,,
308,,,,
309,,,,
310,,,,
311,,,,
312,,,,
313,,,,
314,,,,
315,,,,
