,A,C,G,T
0,,,,
1,,,,
2,,,,
3,1.0,0.0,0.0,0.0
4,,,,
5,,,,
6,0.0,0.0,0.0,1.0
7,,,,
8,,,,
9,0.0,0.3333333333333333,0.6666666666666666,0.0
10,,,,
11,,,,
12,,,,
13,,,,
14,1.0,0.0,0.0,0.0
15,,,,
16,,,,
17,0.0,0.0,0.0,1.0
18,,,,
19,,,,
20,,,,
21,,,,
22,,,,
23,,,,
24,,,,
25,0.0,0.0,1.0,0.0
26,,,,
27,1.0,0.0,0.0,0.0
28,,,,
29,,,,
30,,,,
31,,,,
32,0.0,0.0,0.0,1.0
33,0.0,1.0,0.0,0.0
34,0.0,1.0,0.0,0.0
35,,,,
36,,,,
37,0.0,0.0,1.0,0.0
38,,,,
39,0.0,0.0,0.0,1.0
40,,,,
41,0.0,0.0,0.0,1.0
42,0.0,0.0,1.0,0.0
43,0.0,0.0,1.0,0.0
44,,,,
45,,,,
46,,,,
47,,,,
48,,,,
49,,,,
50,,,,
51,,,,
52,,,,
53,,,,
54,,,,
55,0.0,1.0,0.0,0.0
56,1.0,0.0,0.0,0.0
57,,,,
58,0.0,1.0,0.0,0.0
59,,,,
60,,,,
61,,,,
62,,,,
63,0.0,1.0,0.0,0.0
64,,,,
65,,,,
66,,,,
67,0.0,0.0,1.0,0.0
68,,,,
69,,,,
70,,,,
71,,,,
72,0.0,0.0,1.0,0.0
73,,,,
74,,,,
75,,,,
76,,,,
77,0.0,1.0,0.0,0.0
78,,,,
79,1.0,0.0,0.0,0.0
80,,,,
81,,,,
82,,,,
83,,,,
84,,,,
85,1.0,0.0,0.0,0.0
86,,,,
87,,,,
88,,,,
89,0.25,0.0,0.0,0.75
90,0.0,0.0,1.0,0.0
91,1.0,0.0,0.0,0.0
92,0.6666666666666666,0.3333333333333333,0.0,0.0
93,,,,
94,,,,
95,,,,
96,0.0,1.0,0.0,0.0
97,1.0,0.0,0.0,0.0
98,,,,
99,0.0,0.0,1.0,0.0
100,0.0,0.0,1.0,0.0
101,,,,
102,1.0,0.0,0.0,0.0
103,0.0,1.0,0.0,0.0
104,,,,
105,0.0,0.0,0.0,1.0
106,,,,
107,,,,
108,,,,
109,1.0,0.0,0.0,0.0
110,0.0,1.0,0.0,0.0
111,,,,
112,0.0,0.0,1.0,0.0
113,,,,
114,,,,
115,,,,
116,0.0,0.0,1.0,0.0
117,0.0,1.0,0.0,0.0
118,,,,
119,,,,
120,0.0,0.0,1.0,0.0
121,,,,
122,,,,
123,0.0,0.0,0.3333333333333333,0.6666666666666666
124,,,,
125,0.0,0.0,0.0,1.0
126,0.0,1.0,0.0,0.0
127,,,,
128,0.0,0.0,1.0,0.0
129,0.5833333333333334,0.0,0.0,0.4166666666666667
130,0.0,0.0,0.25,0.75
131,0.0,0.0,0.0,1.0
132,0.0,0.5,0.5,0.0
133,0.0,0.0,1.0,0.0
134,,,,
135,0.0,1.0,0.0,0.0
136,,,,
137,,,,
138,,,,
139,,,,
140,,,,
141,,,,
142,,,,
143,0.0,1.0,0.0,0.0
144,,,,
145,,,,
146,,,,
147,,,,
148,0.0,1.0,0.0,0.0
149,,,,
150,1.0,0.0,0.0,0.0
151,0.0,0.0,1.0,0.0
152,,,,
153,0.3333333333333333,0.0,0.0,0.6666666666666666
154,0.0,0.0,0.0,1.0
155,0.0,0.0,0.0,1.0
156,,,,
157,,,,
158,,,,
159,,,,
160,0.0,0.0,0.4,0.6
161,1.0,0.0,0.0,0.0
162,0.0,0.2857142857142857,0.7142857142857143,0.0
163,0.0,0.0,0.3333333333333333,0.6666666666666666
164,0.0,1.0,0.0,0.0
165,0.0,0.0,1.0,0.0
166,0.0,0.0,1.0,0.0
167,0.0,1.0,0.0,0.0
168,0.0,0.0,0.0,1.0
169,0.0,1.0,0.0,0.0
170,0.8333333333333334,0.16666666666666666,0.0,0.0
171,0.0,0.0,0.3333333333333333,0.6666666666666666
172,0.0,0.0,0.0,1.0
173,0.0,1.0,0.0,0.0
174,,,,
175,0.0,0.0,0.4444444444444444,0.5555555555555556
176,0.0,0.0,1.0,0.0
177,1.0,0.0,0.0,0.0
178,0.0,0.6666666666666666,0.0,0.3333333333333333
179,0.14285714285714285,0.0,0.0,0.8571428571428571
180,0.0,1.0,0.0,0.0
181,0.0,0.0,0.0,1.0
182,0.8571428571428571,0.0,0.14285714285714285,0.0
183,0.0,0.0,0.0,1.0
184,0.6666666666666666,0.3333333333333333,0.0,0.0
185,0.0,0.0,0.0,1.0
186,0.0,0.0,0.7142857142857143,0.2857142857142857
187,0.0,0.0,0.0,1.0
188,,,,
189,,,,
190,0.0,0.0,0.0,1.0
191,,,,
192,,,,
193,0.0,1.0,0.0,0.0
194,,,,
195,,,,
196,0.0,0.0,1.0,0.0
197,,,,
198,0.0,0.0,0.0,1.0
199,0.3333333333333333,0.6666666666666666,0.0,0.0
200,0.0,0.3333333333333333,0.6666666666666666,0.0
201,0.0,0.2,0.8,0.0
202,1.0,0.0,0.0,0.0
203,1.0,0.0,0.0,0.0
204,0.0,0.0,1.0,0.0
205,0.5,0.5,0.0,0.0
206,,,,
207,0.0,0.42857142857142855,0.0,0.5714285714285714
208,0.0,1.0,0.0,0.0
209,0.0,1.0,0.0,0.0
210,0.0,0.0,0.0,1.0
211,0.0,0.0,1.0,0.0
212,,,,
213,0.0,0.0,1.0,0.0
214,,,,
215,,,,
216,,,,
217,0.0,0.0,1.0,0.0
218,,,,
219,,,,
220,0.0,1.0,0.0,0.0
221,1.0,0.0,0.0,0.0
222,0.0,0.6666666666666666,0.3333333333333333,0.0
223,1.0,0.0,0.0,0.0
224,0.0,0.0,0.0,1.0
225,0.0,1.0,0.0,0.0
226,,,,
227,,,,
228,,,,
229,0.0,0.0,1.0,0.0
230,1.0,0.0,0.0,0.0
231,,,,
232,0.0,0.0,0.375,0.625
233,0.0,1.0,0.0,0.0
234,0.0,0.5,0.0,0.5
235,,,,
236,0.0,0.16666666666666666,0.3333333333333333,0.5
237,,,,
238,0.0,1.0,0.0,0.0
239,1.0,0.0,0.0,0.0
240,1.0,0.0,0.0,0.0
241,0.0,0.0,1.0,0.0
242,0.0,1.0,0.0,0.0
243,,,,
244,,,,
245,0.0,0.0,0.5,0.5
246,,,,
247,0.0,0.0,1.0,0.0
248,,,,
249,0.16666666666666666,0.8333333333333334,0.0,0.0
250,,,,
251,,,,
252,0.0,0.0,1.0,0.0
253,0.0,1.0,0.0,0.0
254,0.25,0.0,0.75,0.0
255,0.0,1.0,0.0,0.0
256,,,,
257,,,,
258,0.0,0.5,0.25,0.25
259,,,,
260,,,,
261,,,,
262,0.0,1.0,0.0,0.0
263,,,,
264,0.0,0.16666666666666666,0.8333333333333334,0.0
265,0.0,1.0,0.0,0.0
266,0.0,0.6,0.4,0.0
267,,,,
268,,,,
269,,,,
270,,,,
271,,,,
272,,,,
273,,,,
274,,,,
275,0.0,0.0,0.0,1.0
276,1.0,0.0,0.0,0.0
277,1.0,0.0,0.0,0.0
278,,,,
279,0.0,1.0,0.0,0.0
280,0.0,0.0,0.0,1.0
281,,,,
282,0.0,0.0,0.0,1.0
283,,,,
284,,,,
285,,,,
286,0.0,0.058823529411764705,0.4117647058823529,0.5294117647058824
287,0.0,0.0,1.0,0.0
288,,,,
289,,,,
290,0.0,1.0,0.0,0.0
291,1.0,0.0,0.0,0.0
292,0.0,0.0,0.0,1.0
293,0.0,0.0,0.0,1.0
294,0.0,0.4,0.6,0.0
295,0.3333333333333333,0.6666666666666666,0.0,0.0
296,,,,
297,0.0,0.0,1.0,0.0
298,0.0,0.0,0.0,1.0
299,,,,
300,,,,
301,,,,
302,,,,
303,,,,
304,,,,
305,,,,
306,,,,
307,,,,
308,,,,
309,,,,
310,,,,
311,,,,
312,,,,
313,,,,
314,,,,
315,,,,
316,,,,
317,,,,
318,,,,
319,,,,
320,,,,
