,A,C,G,T
0,,,,
1,,,,
2,0.4420485175202156,0.4889487870619946,0.0,0.06900269541778976
3,0.6641074856046065,0.19193857965451055,0.0,0.14395393474088292
4,0.4795763993948563,0.3524962178517398,0.16792738275340394,0.0
5,0.5172413793103449,0.2435344827586207,0.0,0.23922413793103448
6,0.47389033942558745,0.0,0.3629242819843342,0.16318537859007834
7,0.0,0.09050772626931568,0.5551876379690949,0.3543046357615894
8,0.7376863985539991,0.18843199276999548,0.0,0.07388160867600542
9,0.04697986577181208,0.0,0.16845637583892617,0.7845637583892617
10,0.2727272727272727,0.36363636363636365,0.36363636363636365,0.0
11,0.5397301349325337,0.1664167916041979,0.0,0.2938530734632684
12,0.2640625,0.4140625,0.0,0.321875
13,0.5064177362893816,0.45507584597432904,0.038506417736289385,0.0
14,0.5018115942028986,0.2028985507246377,0.0,0.29528985507246375
15,0.03333333333333333,0.8318840579710145,0.0,0.13478260869565217
16,0.0,0.5680473372781065,0.19822485207100593,0.23372781065088757
17,0.8498583569405099,0.07507082152974505,0.0,0.07507082152974505
18,0.2948717948717949,0.2264957264957265,0.47863247863247865,0.0
19,0.33707865168539325,0.0,0.0898876404494382,0.5730337078651685
20,0.08481901674770394,0.17558076715289034,0.7396002160994057,0.0
21,0.11206896551724138,0.21551724137931033,0.0,0.6724137931034483
22,0.17261904761904762,0.16666666666666666,0.0,0.6607142857142857
23,0.3801916932907348,0.16613418530351437,0.0,0.4536741214057508
24,0.14534883720930233,0.14534883720930233,0.0,0.7093023255813954
25,0.2074074074074074,0.11851851851851852,0.0,0.674074074074074
26,0.0,0.40816326530612246,0.41545189504373176,0.17638483965014579
27,0.6380510440835266,0.27262180974477956,0.0,0.08932714617169374
28,0.564798286326312,0.38236344162799,0.0,0.052838272045697965
29,0.3298097251585624,0.0,0.3879492600422833,0.2822410147991543
30,0.08004268943436499,0.7961579509071505,0.12379935965848453,0.0
31,0.08585055643879173,0.465818759936407,0.4483306836248013,0.0
32,0.6054964539007093,0.31117021276595747,0.0,0.08333333333333333
33,0.710929519918284,0.177732379979571,0.0,0.11133810010214505
34,0.16445916114790288,0.6655629139072847,0.16997792494481237,0.0
35,0.0,0.2360813704496788,0.4892933618843683,0.2746252676659529
36,0.5633587786259542,0.0,0.37251908396946565,0.06412213740458016
37,0.0,0.32436708860759494,0.5126582278481012,0.1629746835443038
38,0.5472747497219133,0.3192436040044494,0.0,0.13348164627363737
39,0.37948717948717947,0.0,0.25384615384615383,0.36666666666666664
40,0.32558139534883723,0.0,0.19767441860465115,0.47674418604651164
41,0.1437578814627995,0.29760403530895335,0.5586380832282472,0.0
42,0.24166666666666667,0.125,0.0,0.6333333333333333
43,0.13125,0.3625,0.0,0.50625
44,0.0,0.213653603034134,0.6624525916561315,0.12389380530973451
45,0.4883116883116883,0.3194805194805195,0.0,0.19220779220779222
46,0.6222222222222222,0.17530864197530865,0.0,0.20246913580246914
47,0.4457274826789838,0.25635103926096997,0.0,0.2979214780600462
48,0.12380952380952381,0.18571428571428572,0.6904761904761905,0.0
49,0.4642857142857143,0.0,0.2,0.3357142857142857
50,0.2621184919210054,0.0,0.20107719928186715,0.5368043087971275
51,0.23903508771929824,0.0,0.3815789473684211,0.3793859649122807
52,0.3643410852713178,0.17829457364341086,0.4573643410852713,0.0
53,0.4228052472250252,0.45509586276488395,0.0,0.12209889001009082
54,0.0,0.6851520572450805,0.2522361359570662,0.0626118067978533
55,0.3088235294117647,0.5422794117647058,0.0,0.1488970588235294
56,0.0,0.4261744966442953,0.4278523489932886,0.14597315436241612
57,0.3980815347721823,0.0,0.513189448441247,0.08872901678657075
58,0.06761565836298933,0.5088967971530249,0.4234875444839858,0.0
59,0.13161659513590845,0.0,0.5393419170243204,0.3290414878397711
60,0.29654255319148937,0.37367021276595747,0.32978723404255317,0.0
61,0.43037974683544306,0.0,0.1940928270042194,0.3755274261603376
62,0.22114451988360814,0.0,0.18040737148399613,0.5984481086323957
63,0.0392156862745098,0.27450980392156865,0.6862745098039216,0.0
64,0.08602150537634409,0.21505376344086022,0.0,0.6989247311827957
65,0.021103896103896104,0.810064935064935,0.16883116883116883,0.0
66,0.6433823529411765,0.06722689075630252,0.0,0.28939075630252103
67,0.30121077341240426,0.0,0.0892018779342723,0.6095873486533234
68,0.0,0.27069351230425054,0.45786726323639076,0.2714392244593587
69,0.7325,0.1375,0.0,0.13
70,0.06693108577094695,0.0,0.4224095190877541,0.510659395141299
71,0.22643979057591623,0.0,0.3900523560209424,0.38350785340314136
72,0.19796215429403202,0.35807860262008734,0.44395924308588064,0.0
73,0.4507462686567164,0.0,0.1253731343283582,0.42388059701492536
74,0.228595178719867,0.42975893599334997,0.341645885286783,0.0
75,0.5583126550868487,0.27791563275434245,0.0,0.16377171215880892
76,0.6992,0.1776,0.0,0.1232
77,0.0,0.47067238912732473,0.2982832618025751,0.23104434907010013
78,0.20108695652173914,0.5353260869565217,0.26358695652173914,0.0
79,0.16614420062695925,0.5830721003134797,0.2507836990595611,0.0
80,0.11639676113360324,0.0,0.1437246963562753,0.7398785425101214
81,0.0,0.42028985507246375,0.3689064558629776,0.21080368906455862
82,0.22003701989819527,0.0,0.36719111522443315,0.4127718648773716
83,0.18556067588325653,0.0,0.27588325652841783,0.5385560675883256
84,0.11986863711001643,0.6617405582922824,0.21839080459770116,0.0
85,0.1414141414141414,0.5286195286195287,0.32996632996632996,0.0
86,0.17110266159695817,0.0,0.16223067173637515,0.6666666666666666
87,0.0,0.2989099254159495,0.5846242111302352,0.11646586345381527
88,0.6547352721849367,0.24608501118568232,0.0,0.09917971662938106
89,0.25027964205816555,0.4574944071588367,0.2922259507829978,0.0
90,0.0,0.2445600756859035,0.6166035950804163,0.13883632923368022
91,0.5612676908189186,0.34184105479617755,0.0,0.09689125438490384
92,0.2851690294438386,0.6177753544165758,0.0970556161395856,0.0
93,0.16251728907330568,0.6576763485477178,0.1798063623789765,0.0
94,0.0,0.2528069540021731,0.08511408909815284,0.662078956899674
95,0.07023809523809524,0.7226190476190476,0.20714285714285716,0.0
96,0.3979974968710889,0.3967459324155194,0.0,0.20525657071339173
97,0.0,0.5281425891181989,0.39587242026266417,0.07598499061913697
98,0.0,0.354920814479638,0.49490950226244346,0.15016968325791855
99,0.0,0.31615776081424934,0.25,0.43384223918575066
100,0.06134969325153374,0.2883435582822086,0.6503067484662577,0.0
101,0.3226765799256506,0.4483271375464684,0.0,0.22899628252788104
102,0.0,0.6085568326947637,0.25925925925925924,0.13218390804597702
103,0.0,0.3252136752136752,0.4341880341880342,0.2405982905982906
104,0.02904070459414425,0.0,0.07641037848131398,0.8945489169245417
105,0.14655172413793102,0.2413793103448276,0.6120689655172413,0.0
106,0.11278195488721804,0.09022556390977443,0.0,0.7969924812030075
107,0.12371134020618557,0.29896907216494845,0.0,0.5773195876288659
108,0.4282178217821782,0.2685643564356436,0.0,0.3032178217821782
109,0.11351351351351352,0.6432432432432432,0.24324324324324326,0.0
110,0.20149253731343283,0.0,0.2736318407960199,0.5248756218905473
111,0.4861111111111111,0.0,0.27314814814814814,0.24074074074074073
112,0.3761467889908257,0.1743119266055046,0.0,0.44954128440366975
113,0.2,0.0,0.2925531914893617,0.5074468085106383
114,0.4372093023255814,0.0,0.40930232558139534,0.15348837209302327
115,0.0,0.21748400852878466,0.39658848614072495,0.3859275053304904
116,0.3592814371257485,0.32934131736526945,0.0,0.31137724550898205
117,0.5539568345323741,0.22713257965056527,0.0,0.21891058581706063
118,0.09292929292929293,0.0,0.29494949494949496,0.6121212121212121
119,0.07764705882352942,0.6011764705882353,0.3211764705882353,0.0
120,0.3618421052631579,0.0,0.3618421052631579,0.27631578947368424
121,0.6349206349206349,0.0,0.20634920634920634,0.15873015873015872
122,0.0,0.2564841498559078,0.5129682997118156,0.23054755043227665
123,0.5445544554455446,0.13861386138613863,0.0,0.31683168316831684
124,0.37254901960784315,0.17647058823529413,0.0,0.45098039215686275
125,0.645083932853717,0.22541966426858512,0.0,0.12949640287769784
126,0.0,0.4734375,0.503125,0.0234375
127,0.0,0.11057225994180407,0.8205625606207565,0.06886517943743937
128,0.4351851851851852,0.06790123456790123,0.0,0.49691358024691357
129,0.44019138755980863,0.1339712918660287,0.0,0.4258373205741627
130,0.22522522522522523,0.31756756756756754,0.0,0.4572072072072072
131,0.5869637512470901,0.24808779514466245,0.0,0.16494845360824742
132,0.27448275862068966,0.0,0.32275862068965516,0.4027586206896552
133,0.05186020293122886,0.5682074408117249,0.37993235625704624,0.0
134,0.42126379137412234,0.1354062186559679,0.0,0.44332998996990974
135,0.17417417417417416,0.5330330330330331,0.0,0.2927927927927928
136,0.0,0.11047835990888383,0.8086560364464692,0.08086560364464693
137,0.7645178476291955,0.09643047416089505,0.0,0.13905167820990944
138,0.12896825396825398,0.06944444444444445,0.8015873015873016,0.0
139,0.2543720190779014,0.0794912559618442,0.0,0.6661367249602543
140,0.23587570621468926,0.3474576271186441,0.0,0.4166666666666667
141,0.7167073696308002,0.2506823732222382,0.0,0.03261025714696164
142,0.0988235294117647,0.13647058823529412,0.7647058823529411,0.0
143,0.09205190592051905,0.7489862124898621,0.15896188158961883,0.0
144,0.02726510067114094,0.015100671140939598,0.9576342281879194,0.0
145,0.5171673819742489,0.0,0.30686695278969955,0.1759656652360515
146,0.0,0.29455445544554454,0.4277227722772277,0.27772277227722775
147,0.2839831401475237,0.5205479452054794,0.19546891464699684,0.0
148,0.0,0.2594903796151846,0.1393655746229849,0.6011440457618304
149,0.07890891378470531,0.0,0.06088650754992694,0.8602045786653677
150,0.0,0.225,0.6041666666666666,0.17083333333333334
151,0.12568306010928962,0.29508196721311475,0.5792349726775956,0.0
152,0.21867321867321868,0.6336336336336337,0.1476931476931477,0.0
153,0.0,0.12731668009669622,0.7336825141015311,0.13900080580177276
154,0.5223593964334705,0.40438957475994514,0.0,0.07325102880658436
155,0.14853632092518973,0.6020961329960246,0.2493675460787857,0.0
156,0.0,0.23967595336889944,0.6471053151551077,0.11321873147599289
157,0.397262740860796,0.4548892490545651,0.0,0.14784801008463894
158,0.21579218106995884,0.5280349794238683,0.25617283950617287,0.0
159,0.0,0.18855823499230376,0.7385838891739354,0.0728578758337609
160,0.3625636899973183,0.4827031375703942,0.0,0.15473317243228749
161,0.2369620253164557,0.4273417721518987,0.33569620253164556,0.0
162,0.6862133499688085,0.09357454772301933,0.0,0.22021210230817218
163,0.3481800766283525,0.5076628352490421,0.0,0.14415708812260536
164,0.3597200962169254,0.3923026459654494,0.2479772578176252,0.0
165,0.0,0.17319046577738903,0.6337196588672643,0.1930898753553466
166,0.46900303643724695,0.4418016194331984,0.0,0.08919534412955465
167,0.32667925546263826,0.47909360669004586,0.19422713784731588,0.0
168,0.0,0.2366850321395776,0.486455463728191,0.2768595041322314
169,0.3050658749304138,0.0,0.2894785674522175,0.40545555761736873
170,0.2188641647293258,0.0,0.3101959481899701,0.4709398870807041
171,0.0,0.14872042491549975,0.6846933848382424,0.16658619024625784
172,0.32188922610015175,0.48805007587253413,0.19006069802731412,0.0
173,0.0,0.32551892551892553,0.4126984126984127,0.2617826617826618
174,0.2264851485148515,0.4900990099009901,0.2834158415841584,0.0
175,0.0,0.21487603305785125,0.12672176308539945,0.6584022038567493
176,0.10672791137530398,0.0,0.18157254796001082,0.7116995406646852
177,0.19158361018826134,0.43410852713178294,0.3743078626799557,0.0
178,0.0,0.34210526315789475,0.15625,0.5016447368421053
179,0.04652014652014652,0.0,0.051648351648351645,0.9018315018315018
180,0.49341595662277304,0.1402013942680093,0.0,0.36638264910921764
181,0.17761806981519507,0.0,0.5246406570841889,0.29774127310061604
182,0.0,0.24780553679945982,0.5496286293045239,0.2025658338960162
183,0.5794573643410853,0.22093023255813954,0.0,0.1996124031007752
184,0.0,0.4613333333333333,0.37777777777777777,0.1608888888888889
185,0.23089300080450523,0.0,0.5116653258246179,0.2574416733708769
186,0.14385964912280702,0.20701754385964913,0.6491228070175439,0.0
187,0.3887240356083086,0.0,0.20771513353115728,0.4035608308605341
188,0.25240384615384615,0.4254807692307692,0.32211538461538464,0.0
189,0.40181268882175225,0.38972809667673713,0.0,0.2084592145015106
190,0.08461538461538462,0.3076923076923077,0.6076923076923076,0.0
191,0.4199395770392749,0.22507552870090636,0.0,0.3549848942598187
192,0.0,0.49014336917562723,0.47491039426523296,0.03494623655913978
193,0.0,0.05060953084595493,0.9235315847801995,0.025858884373845585
194,0.3235294117647059,0.22875816993464052,0.0,0.4477124183006536
195,0.2936708860759494,0.1949367088607595,0.0,0.5113924050632911
196,0.6055555555555555,0.14166666666666666,0.0,0.25277777777777777
197,0.250814332247557,0.0,0.3583061889250814,0.39087947882736157
198,0.6652173913043479,0.0,0.2,0.13478260869565217
199,0.41346153846153844,0.09615384615384616,0.0,0.49038461538461536
200,0.0,0.4310897435897436,0.43162393162393164,0.1372863247863248
201,0.21481481481481482,0.1962962962962963,0.5888888888888889,0.0
202,0.15767634854771784,0.1908713692946058,0.6514522821576764,0.0
203,0.2582089552238806,0.0,0.06865671641791045,0.673134328358209
204,0.0,0.0992108229988726,0.49943630214205187,0.40135287485907556
205,0.10722795869737888,0.0,0.29388403494837173,0.5988880063542494
206,0.3222591362126246,0.0,0.26744186046511625,0.41029900332225916
207,0.0,0.06403162055335969,0.8968379446640317,0.0391304347826087
208,0.14224137931034483,0.46551724137931033,0.3922413793103448,0.0
209,0.16265822784810127,0.0,0.2689873417721519,0.5683544303797469
210,0.3837011884550085,0.07809847198641766,0.5382003395585738,0.0
211,0.5451505016722408,0.0,0.10702341137123746,0.34782608695652173
212,0.36363636363636365,0.0,0.18181818181818182,0.45454545454545453
213,0.0,0.6346604215456675,0.2927400468384075,0.07259953161592506
214,0.5314465408805031,0.22012578616352202,0.0,0.24842767295597484
215,0.0,0.12667478684531058,0.8270401948842875,0.04628501827040195
216,0.5454545454545454,0.1774891774891775,0.0,0.27705627705627706
217,0.0,0.29605263157894735,0.4342105263157895,0.26973684210526316
218,0.4271356783919598,0.0,0.24874371859296482,0.3241206030150754
219,0.0,0.04878048780487805,0.9105691056910569,0.04065040650406504
220,0.0,0.2553495007132668,0.536376604850214,0.20827389443651925
221,0.1454940282301846,0.0,0.08251900108577633,0.7719869706840391
222,0.6107921928817451,0.08151549942594719,0.0,0.3076923076923077
223,0.2683881064162754,0.0,0.37089201877934275,0.36071987480438183
224,0.3882978723404255,0.0,0.34574468085106386,0.26595744680851063
225,0.0,0.32367447595561033,0.6522811344019729,0.02404438964241677
226,0.0,0.08987341772151898,0.8386075949367089,0.07151898734177216
227,0.4102893890675241,0.45980707395498394,0.0,0.12990353697749196
228,0.0,0.13132295719844359,0.7947470817120622,0.07392996108949416
229,0.0,0.17946877243359655,0.7796123474515434,0.040918880114860015
230,0.06841866787494336,0.0,0.2628001812415043,0.6687811508835524
231,0.5510976532929599,0.08251324753974262,0.3663890991672975,0.0
232,0.18541666666666667,0.0,0.059375,0.7552083333333334
233,0.0,0.3071455293677516,0.3258511036288814,0.367003367003367
234,0.11171428571428571,0.0,0.5614285714285714,0.32685714285714285
235,0.11836734693877551,0.3551020408163265,0.5265306122448979,0.0
236,0.4440836940836941,0.27200577200577203,0.0,0.2839105339105339
237,0.18738898756660746,0.4937833037300178,0.3188277087033748,0.0
238,0.0,0.22473988439306358,0.020809248554913295,0.7544508670520231
239,0.05025125628140704,0.6432160804020101,0.3065326633165829,0.0
240,0.07621247113163972,0.0,0.06928406466512702,0.8545034642032333
241,0.19642857142857142,0.13095238095238096,0.6726190476190477,0.0
242,0.47720090293453726,0.29164785553047406,0.0,0.2311512415349887
243,0.1497907949790795,0.0,0.8092050209205021,0.04100418410041841
244,0.0,0.09585492227979274,0.6088082901554405,0.29533678756476683
245,0.0,0.30575868372943327,0.6384826325411335,0.055758683729433274
246,0.0,0.4430693069306931,0.1707920792079208,0.38613861386138615
247,0.1497005988023952,0.20359281437125748,0.6467065868263473,0.0
248,0.2962962962962963,0.4126984126984127,0.0,0.291005291005291
249,0.0,0.1674901185770751,0.775691699604743,0.056818181818181816
250,0.0,0.25339981867633726,0.6917497733454215,0.05485040797824116
251,0.10772501771793054,0.0,0.18922749822820695,0.7030474840538625
252,0.0,0.15009940357852883,0.7972166998011928,0.05268389662027833
253,0.7933218192285549,0.1652274035693725,0.0,0.04145077720207254
254,0.15721231766612642,0.0,0.11831442463533225,0.7244732576985413
255,0.15369649805447472,0.0,0.4357976653696498,0.41050583657587547
256,0.13372093023255813,0.19186046511627908,0.6744186046511628,0.0
257,0.383147853736089,0.4435612082670906,0.0,0.17329093799682035
258,0.0,0.45158526135389887,0.5184233076263924,0.029991431019708654
259,0.3419421487603306,0.6105371900826446,0.0,0.047520661157024795
260,0.0,0.4118372379778052,0.5067817509247842,0.08138101109741061
261,0.36982968369829683,0.5498783454987834,0.0,0.08029197080291971
262,0.09813248766737138,0.0,0.16120507399577166,0.740662438336857
263,0.20498614958448755,0.0,0.32409972299168976,0.4709141274238227
264,0.39655172413793105,0.21551724137931033,0.0,0.3879310344827586
265,0.0,0.375,0.5575,0.0675
266,0.36649357748018585,0.5840393550150315,0.0,0.049467067504782726
267,0.2857142857142857,0.14285714285714285,0.0,0.5714285714285714
268,0.0,0.2222222222222222,0.48148148148148145,0.2962962962962963
269,0.21903052064631956,0.0,0.05745062836624776,0.7235188509874326
270,0.0,0.03409090909090909,0.32575757575757575,0.6401515151515151
271,0.2849740932642487,0.0,0.45077720207253885,0.26424870466321243
272,0.3327526132404181,0.45818815331010454,0.0,0.20905923344947736
273,0.3208955223880597,0.06716417910447761,0.0,0.6119402985074627
274,0.04623115577889447,0.0,0.9376884422110553,0.016080402010050253
275,0.16653061224489796,0.6759183673469388,0.15755102040816327,0.0
276,0.5915134923738756,0.3369182635901447,0.0,0.07156824403597967
277,0.10933660933660934,0.7063882063882064,0.18427518427518427,0.0
278,0.22893890675241158,0.4903536977491961,0.2807073954983923,0.0
279,0.08737864077669903,0.14563106796116504,0.7669902912621359,0.0
280,0.0,0.2127659574468085,0.20212765957446807,0.5851063829787234
281,0.021132713440405747,0.9112426035502958,0.0676246830092984,0.0
282,0.09292035398230089,0.5619469026548672,0.34513274336283184,0.0
283,0.0,0.018102372034956304,0.028089887640449437,0.9538077403245943
284,0.017467248908296942,0.0,0.014688368400158794,0.9678443826915443
285,0.19243986254295534,0.14776632302405499,0.6597938144329897,0.0
286,0.352,0.204,0.0,0.444
287,0.0,0.6329411764705882,0.36705882352941177,0.0
288,0.729608938547486,0.055865921787709494,0.0,0.21452513966480447
289,0.08391608391608392,0.0,0.09540459540459541,0.8206793206793207
290,0.46878980891719746,0.2980891719745223,0.0,0.23312101910828026
291,0.0,0.6379511059371362,0.3562281722933644,0.005820721769499418
292,0.5234708392603129,0.3385490753911807,0.0,0.1379800853485064
293,0.0,0.137291280148423,0.7532467532467533,0.10946196660482375
294,0.43722943722943725,0.23376623376623376,0.0,0.329004329004329
295,0.0,0.29133858267716534,0.3464566929133858,0.36220472440944884
296,0.3788546255506608,0.3744493392070485,0.24669603524229075,0.0
297,0.2524271844660194,0.0,0.2815533980582524,0.46601941747572817
298,0.2840909090909091,0.5852272727272727,0.13068181818181818,0.0
299,0.3076923076923077,0.0,0.20512820512820512,0.48717948717948717
300,0.0967741935483871,0.5483870967741935,0.3548387096774194,0.0
301,0.4117647058823529,0.0,0.5294117647058824,0.058823529411764705
302,0.2222222222222222,0.3333333333333333,0.0,0.4444444444444444
303,0.02857142857142857,0.0,0.02857142857142857,0.9428571428571428
304,0.0,0.5,0.5,0.0
305,0.0,0.0,0.5,0.5
306,0.0,1.0,0.0,0.0
307,0.0,0.0,0.0,1.0
308,,,,
309,0.0,0.0,0.0,1.0
310,0.0,0.0,0.0,1.0
311,,,,
312,,,,
313,,,,
314,,,,
315,,,,
