,A,C,G,T
0,,,,
1,,,,
2,0.44155844155844154,0.4025974025974026,0.0,0.15584415584415584
3,0.6363636363636364,0.18181818181818182,0.0,0.18181818181818182
4,0.21568627450980393,0.6274509803921569,0.1568627450980392,0.0
5,0.7368421052631579,0.05263157894736842,0.0,0.21052631578947367
6,0.7105263157894737,0.0,0.10526315789473684,0.18421052631578946
7,0.0,0.1875,0.5625,0.25
8,0.4251012145748988,0.3319838056680162,0.0,0.242914979757085
9,0.13095238095238096,0.0,0.19047619047619047,0.6785714285714286
10,0.09090909090909091,0.6363636363636364,0.2727272727272727,0.0
11,0.42857142857142855,0.09523809523809523,0.0,0.47619047619047616
12,0.06060606060606061,0.09090909090909091,0.0,0.8484848484848485
13,0.375,0.5833333333333334,0.041666666666666664,0.0
14,0.14814814814814814,0.14814814814814814,0.0,0.7037037037037037
15,0.0625,0.53125,0.0,0.40625
16,0.0,0.8235294117647058,0.058823529411764705,0.11764705882352941
17,0.5894736842105263,0.2,0.0,0.21052631578947367
18,0.375,0.375,0.25,0.0
19,0.5384615384615384,0.0,0.07692307692307693,0.38461538461538464
20,0.02586206896551724,0.3017241379310345,0.6724137931034483,0.0
21,0.0,0.0,0.0,1.0
22,0.25,0.16666666666666666,0.0,0.5833333333333334
23,0.2727272727272727,0.3181818181818182,0.0,0.4090909090909091
24,0.06666666666666667,0.3333333333333333,0.0,0.6
25,0.2857142857142857,0.2571428571428571,0.0,0.45714285714285713
26,0.0,0.25,0.5576923076923077,0.19230769230769232
27,0.8666666666666667,0.044444444444444446,0.0,0.08888888888888889
28,,,,
29,0.3728813559322034,0.0,0.22033898305084745,0.4067796610169492
30,0.047058823529411764,0.5764705882352941,0.3764705882352941,0.0
31,0.1111111111111111,0.5277777777777778,0.3611111111111111,0.0
32,0.4533333333333333,0.17333333333333334,0.0,0.37333333333333335
33,0.696969696969697,0.13636363636363635,0.0,0.16666666666666666
34,0.26666666666666666,0.5333333333333333,0.2,0.0
35,0.0,0.3041825095057034,0.5361216730038023,0.1596958174904943
36,0.0,0.4152542372881356,0.5847457627118644,0.0
37,0.0,0.21621621621621623,0.6891891891891891,0.0945945945945946
38,0.3170731707317073,0.6585365853658537,0.0,0.024390243902439025
39,0.2972972972972973,0.0,0.2972972972972973,0.40540540540540543
40,0.18181818181818182,0.0,0.45454545454545453,0.36363636363636365
41,0.02348993288590604,0.0436241610738255,0.9328859060402684,0.0
42,0.36363636363636365,0.0,0.0,0.6363636363636364
43,0.16666666666666666,0.3333333333333333,0.0,0.5
44,0.7538461538461538,0.15384615384615385,0.0,0.09230769230769231
45,0.5238095238095238,0.19047619047619047,0.0,0.2857142857142857
46,0.8770491803278688,0.09016393442622951,0.0,0.03278688524590164
47,0.5576923076923077,0.3269230769230769,0.0,0.11538461538461539
48,0.375,0.1875,0.4375,0.0
49,0.5294117647058824,0.0,0.23529411764705882,0.23529411764705882
50,0.29333333333333333,0.0,0.09333333333333334,0.6133333333333333
51,0.35,0.0,0.35,0.3
52,0.3333333333333333,0.05555555555555555,0.6111111111111112,0.0
53,0.06880733944954129,0.6651376146788991,0.26605504587155965,0.0
54,0.0,0.8,0.12,0.08
55,0.08823529411764706,0.6764705882352942,0.0,0.23529411764705882
56,0.0,0.6885245901639344,0.21311475409836064,0.09836065573770492
57,0.27692307692307694,0.0,0.6615384615384615,0.06153846153846154
58,0.0,0.6428571428571429,0.35714285714285715,0.0
59,0.15151515151515152,0.0,0.6060606060606061,0.24242424242424243
60,0.075,0.375,0.55,0.0
61,0.3333333333333333,0.0,0.16666666666666666,0.5
62,0.1744186046511628,0.0,0.3488372093023256,0.47674418604651164
63,0.06666666666666667,0.26666666666666666,0.6666666666666666,0.0
64,0.3333333333333333,0.0,0.0,0.6666666666666666
65,0.047619047619047616,0.7857142857142857,0.16666666666666666,0.0
66,0.5277777777777778,0.08333333333333333,0.0,0.3888888888888889
67,0.3644067796610169,0.0,0.06779661016949153,0.5677966101694916
68,0.0,0.3263157894736842,0.43157894736842106,0.24210526315789474
69,0.8518518518518519,0.04938271604938271,0.0,0.09876543209876543
70,0.020100502512562814,0.0,0.3869346733668342,0.592964824120603
71,0.0967741935483871,0.0,0.5645161290322581,0.3387096774193548
72,0.40625,0.34375,0.25,0.0
73,0.3076923076923077,0.0,0.34615384615384615,0.34615384615384615
74,0.20408163265306123,0.5918367346938775,0.20408163265306123,0.0
75,0.25,0.4166666666666667,0.0,0.3333333333333333
76,0.5135135135135135,0.1891891891891892,0.0,0.2972972972972973
77,0.0,0.34615384615384615,0.46153846153846156,0.19230769230769232
78,0.16923076923076924,0.6846153846153846,0.14615384615384616,0.0
79,0.34146341463414637,0.5609756097560976,0.0975609756097561,0.0
80,0.17647058823529413,0.0,0.3235294117647059,0.5
81,0.0,0.4452054794520548,0.3972602739726027,0.15753424657534246
82,0.313588850174216,0.0,0.41114982578397213,0.27526132404181186
83,0.23204419889502761,0.6850828729281768,0.08287292817679558,0.0
84,0.16666666666666666,0.3181818181818182,0.5151515151515151,0.0
85,0.0625,0.8125,0.125,0.0
86,0.07920792079207921,0.0,0.07920792079207921,0.8415841584158416
87,0.0,0.4931506849315068,0.3904109589041096,0.11643835616438356
88,0.441527446300716,0.4486873508353222,0.0,0.10978520286396182
89,0.3302325581395349,0.3209302325581395,0.3488372093023256,0.0
90,0.0,0.17233009708737865,0.7305825242718447,0.0970873786407767
91,0.0,0.375,0.425,0.2
92,0.1780821917808219,0.0,0.23972602739726026,0.5821917808219178
93,0.5984251968503937,0.14960629921259844,0.0,0.25196850393700787
94,0.2903225806451613,0.0,0.10483870967741936,0.6048387096774194
95,0.23958333333333334,0.0,0.3958333333333333,0.3645833333333333
96,0.18421052631578946,0.39473684210526316,0.42105263157894735,0.0
97,0.4810126582278481,0.3670886075949367,0.0,0.1518987341772152
98,0.07692307692307693,0.6813186813186813,0.0,0.24175824175824176
99,0.0,0.5723684210526315,0.19078947368421054,0.23684210526315788
100,0.14285714285714285,0.2857142857142857,0.5714285714285714,0.0
101,0.28205128205128205,0.4358974358974359,0.0,0.28205128205128205
102,0.0,0.31683168316831684,0.5841584158415841,0.09900990099009901
103,0.46153846153846156,0.47146401985111663,0.0,0.06699751861042183
104,0.053763440860215055,0.0,0.08602150537634409,0.8602150537634409
105,0.13333333333333333,0.13333333333333333,0.7333333333333333,0.0
106,0.18181818181818182,0.45454545454545453,0.0,0.36363636363636365
107,0.14285714285714285,0.14285714285714285,0.0,0.7142857142857143
108,0.6,0.05,0.0,0.35
109,0.0,0.65,0.35,0.0
110,0.42105263157894735,0.0,0.2631578947368421,0.3157894736842105
111,0.38461538461538464,0.0,0.5384615384615384,0.07692307692307693
112,0.25,0.25,0.0,0.5
113,0.12,0.0,0.2,0.68
114,0.4,0.0,0.3333333333333333,0.26666666666666666
115,0.0,0.3333333333333333,0.3333333333333333,0.3333333333333333
116,0.45454545454545453,0.36363636363636365,0.0,0.18181818181818182
117,0.5252525252525253,0.30303030303030304,0.0,0.1717171717171717
118,0.07936507936507936,0.0,0.23809523809523808,0.6825396825396826
119,0.03571428571428571,0.7142857142857143,0.25,0.0
120,0.5714285714285714,0.0,0.2857142857142857,0.14285714285714285
121,0.5714285714285714,0.0,0.14285714285714285,0.2857142857142857
122,0.0,0.17543859649122806,0.543859649122807,0.2807017543859649
123,0.0,0.5714285714285714,0.0,0.42857142857142855
124,0.5714285714285714,0.0,0.0,0.42857142857142855
125,0.5932203389830508,0.3220338983050847,0.0,0.0847457627118644
126,0.0,0.29411764705882354,0.6176470588235294,0.08823529411764706
127,0.0,0.25,0.6458333333333334,0.10416666666666667
128,0.6086956521739131,0.21739130434782608,0.0,0.17391304347826086
129,0.6875,0.125,0.0,0.1875
130,0.23076923076923078,0.23076923076923078,0.0,0.5384615384615384
131,0.648936170212766,0.2127659574468085,0.0,0.13829787234042554
132,0.46875,0.0,0.46875,0.0625
133,0.0,0.425,0.575,0.0
134,0.5483870967741935,0.16129032258064516,0.0,0.2903225806451613
135,0.11764705882352941,0.6176470588235294,0.0,0.2647058823529412
136,0.0,0.17307692307692307,0.7692307692307693,0.057692307692307696
137,0.819672131147541,0.03278688524590164,0.0,0.14754098360655737
138,0.04,0.12,0.84,0.0
139,0.17391304347826086,0.0,0.0,0.8260869565217391
140,0.25,0.4642857142857143,0.0,0.2857142857142857
141,0.5384615384615384,0.4378698224852071,0.0,0.023668639053254437
142,0.058823529411764705,0.058823529411764705,0.8823529411764706,0.0
143,0.25842696629213485,0.550561797752809,0.19101123595505617,0.0
144,0.23684210526315788,0.3157894736842105,0.0,0.4473684210526316
145,0.08,0.856,0.0,0.064
146,0.2803738317757009,0.0,0.08411214953271028,0.6355140186915887
147,0.5357142857142857,0.0,0.35714285714285715,0.10714285714285714
148,0.5274725274725275,0.07692307692307693,0.0,0.3956043956043956
149,0.32142857142857145,0.5044642857142857,0.17410714285714285,0.0
150,0.0,0.16470588235294117,0.5882352941176471,0.24705882352941178
151,0.15873015873015872,0.23809523809523808,0.6031746031746031,0.0
152,0.24087591240875914,0.46715328467153283,0.291970802919708,0.0
153,0.0,0.42574257425742573,0.24752475247524752,0.32673267326732675
154,0.0,0.12698412698412698,0.5555555555555556,0.31746031746031744
155,0.0,0.1712707182320442,0.7513812154696132,0.07734806629834254
156,0.0,0.13761467889908258,0.6513761467889908,0.21100917431192662
157,0.3,0.65,0.0,0.05
158,0.06340057636887608,0.0,0.1786743515850144,0.7579250720461095
159,0.0,0.3111111111111111,0.6222222222222222,0.06666666666666667
160,0.0,0.21645021645021645,0.6147186147186147,0.16883116883116883
161,0.0,0.29375,0.4875,0.21875
162,0.0,0.2273781902552204,0.568445475638051,0.20417633410672853
163,0.15550239234449761,0.0,0.47607655502392343,0.3684210526315789
164,0.33076923076923076,0.34615384615384615,0.3230769230769231,0.0
165,0.39751552795031053,0.37888198757763975,0.0,0.2236024844720497
166,0.0,0.2784090909090909,0.5113636363636364,0.21022727272727273
167,0.22362869198312235,0.5738396624472574,0.20253164556962025,0.0
168,0.48484848484848486,0.19696969696969696,0.0,0.3181818181818182
169,0.5569620253164557,0.35443037974683544,0.0,0.08860759493670886
170,0.24489795918367346,0.47619047619047616,0.2789115646258503,0.0
171,0.6875,0.03125,0.0,0.28125
172,0.6417910447761194,0.22388059701492538,0.0,0.13432835820895522
173,0.5072463768115942,0.2463768115942029,0.0,0.2463768115942029
174,0.0,0.15254237288135594,0.6779661016949152,0.1694915254237288
175,0.40350877192982454,0.0,0.22807017543859648,0.3684210526315789
176,0.0,0.35833333333333334,0.45,0.19166666666666668
177,0.0,0.2534246575342466,0.6164383561643836,0.13013698630136986
178,0.13425925925925927,0.0,0.24074074074074073,0.625
179,0.0,0.3655913978494624,0.3225806451612903,0.3118279569892473
180,0.18095238095238095,0.5333333333333333,0.0,0.2857142857142857
181,0.0,0.5081967213114754,0.13114754098360656,0.36065573770491804
182,0.297029702970297,0.0,0.4405940594059406,0.2623762376237624
183,0.13725490196078433,0.6078431372549019,0.2549019607843137,0.0
184,0.0,0.1917808219178082,0.0547945205479452,0.7534246575342466
185,0.05309734513274336,0.0,0.02654867256637168,0.9203539823008849
186,0.5606060606060606,0.2727272727272727,0.0,0.16666666666666666
187,0.09375,0.0,0.765625,0.140625
188,0.4,0.39166666666666666,0.20833333333333334,0.0
189,0.4050632911392405,0.4177215189873418,0.0,0.17721518987341772
190,0.3404255319148936,0.0,0.43617021276595747,0.22340425531914893
191,0.0,0.22289156626506024,0.463855421686747,0.3132530120481928
192,0.09302325581395349,0.0,0.47093023255813954,0.436046511627907
193,0.4473684210526316,0.0,0.05263157894736842,0.5
194,0.2,0.0,0.11428571428571428,0.6857142857142857
195,0.35185185185185186,0.5370370370370371,0.0,0.1111111111111111
196,0.06666666666666667,0.5,0.43333333333333335,0.0
197,0.5652173913043478,0.13043478260869565,0.0,0.30434782608695654
198,0.0,0.6049382716049383,0.38271604938271603,0.012345679012345678
199,0.0,0.18796992481203006,0.7969924812030075,0.015037593984962405
200,0.0,0.15748031496062992,0.8110236220472441,0.031496062992125984
201,0.68,0.12,0.0,0.2
202,0.8285714285714286,0.11428571428571428,0.0,0.05714285714285714
203,0.38095238095238093,0.0,0.38095238095238093,0.23809523809523808
204,0.0,0.8780487804878049,0.0975609756097561,0.024390243902439025
205,0.6666666666666666,0.08333333333333333,0.0,0.25
206,0.0,0.06976744186046512,0.9069767441860465,0.023255813953488372
207,0.5,0.16666666666666666,0.3333333333333333,0.0
208,0.4,0.3333333333333333,0.26666666666666666,0.0
209,0.05357142857142857,0.0,0.017857142857142856,0.9285714285714286
210,0.0,0.08461538461538462,0.38461538461538464,0.5307692307692308
211,0.09302325581395349,0.0,0.29651162790697677,0.6104651162790697
212,0.16049382716049382,0.0,0.14814814814814814,0.691358024691358
213,0.0,0.2222222222222222,0.5185185185185185,0.25925925925925924
214,0.25,0.25,0.5,0.0
215,0.21138211382113822,0.0,0.18699186991869918,0.6016260162601627
216,0.5416666666666666,0.041666666666666664,0.4166666666666667,0.0
217,0.2,0.0,0.125,0.675
218,0.0,0.452991452991453,0.3247863247863248,0.2222222222222222
219,0.0,0.8666666666666667,0.06666666666666667,0.06666666666666667
220,0.5625,0.3125,0.0,0.125
221,0.0,0.07692307692307693,0.8923076923076924,0.03076923076923077
222,0.2857142857142857,0.42857142857142855,0.0,0.2857142857142857
223,0.0,0.6666666666666666,0.3333333333333333,0.0
224,0.06930693069306931,0.7029702970297029,0.22772277227722773,0.0
225,0.7096774193548387,0.1935483870967742,0.0,0.0967741935483871
226,0.0,0.14285714285714285,0.6,0.2571428571428571
227,0.029850746268656716,0.7985074626865671,0.17164179104477612,0.0
228,0.17073170731707318,0.12195121951219512,0.7073170731707317,0.0
229,0.3333333333333333,0.0,0.13333333333333333,0.5333333333333333
230,0.0,0.46153846153846156,0.4519230769230769,0.08653846153846154
231,0.0,0.44776119402985076,0.5472636815920398,0.004975124378109453
232,0.0,0.1794871794871795,0.7307692307692307,0.08974358974358974
233,0.0,0.15384615384615385,0.7455621301775148,0.10059171597633136
234,0.0,0.20909090909090908,0.7727272727272727,0.01818181818181818
235,0.0,0.2785714285714286,0.7071428571428572,0.014285714285714285
236,0.11904761904761904,0.0,0.19523809523809524,0.6857142857142857
237,0.0,0.03125,0.53125,0.4375
238,0.04950495049504951,0.0,0.15346534653465346,0.7970297029702971
239,0.5530864197530864,0.2518518518518518,0.0,0.19506172839506172
240,0.12596401028277635,0.0,0.44473007712082263,0.42930591259640105
241,0.2222222222222222,0.2222222222222222,0.5555555555555556,0.0
242,0.5700483091787439,0.2560386473429952,0.0,0.17391304347826086
243,0.36231884057971014,0.36231884057971014,0.2753623188405797,0.0
244,0.0,0.18681318681318682,0.02197802197802198,0.7912087912087912
245,0.04225352112676056,0.7183098591549296,0.23943661971830985,0.0
246,0.037037037037037035,0.0,0.08641975308641975,0.8765432098765432
247,0.125,0.125,0.75,0.0
248,0.46621621621621623,0.2702702702702703,0.0,0.2635135135135135
249,0.06779661016949153,0.0,0.8559322033898306,0.07627118644067797
250,0.0,0.3181818181818182,0.22727272727272727,0.45454545454545453
251,0.0,0.44545454545454544,0.4818181818181818,0.07272727272727272
252,0.0,0.4074074074074074,0.14814814814814814,0.4444444444444444
253,0.3,0.1,0.6,0.0
254,0.3333333333333333,0.5238095238095238,0.0,0.14285714285714285
255,0.0,0.05555555555555555,0.9259259259259259,0.018518518518518517
256,0.0,0.24719101123595505,0.7303370786516854,0.02247191011235955
257,0.04225352112676056,0.0,0.09859154929577464,0.8591549295774648
258,0.0,0.09090909090909091,0.8831168831168831,0.025974025974025976
259,0.7567567567567568,0.24324324324324326,0.0,0.0
260,0.10465116279069768,0.0,0.10465116279069768,0.7906976744186046
261,0.16666666666666666,0.0,0.25,0.5833333333333334
262,0.375,0.125,0.5,0.0
263,0.42857142857142855,0.22448979591836735,0.0,0.3469387755102041
264,0.0,0.5617977528089888,0.4157303370786517,0.02247191011235955
265,0.0,0.24479166666666666,0.7291666666666666,0.026041666666666668
266,0.0,0.3148148148148148,0.6296296296296297,0.05555555555555555
267,0.0,0.10483870967741936,0.8145161290322581,0.08064516129032258
268,0.058365758754863814,0.0,0.22568093385214008,0.7159533073929961
269,0.078125,0.0,0.46875,0.453125
270,0.5833333333333334,0.08333333333333333,0.0,0.3333333333333333
271,0.0,0.5185185185185185,0.48148148148148145,0.0
272,0.526829268292683,0.4634146341463415,0.0,0.00975609756097561
273,0.5555555555555556,0.1111111111111111,0.0,0.3333333333333333
274,0.0,0.7142857142857143,0.2857142857142857,0.0
275,0.4,0.0,0.13333333333333333,0.4666666666666667
276,0.0,0.038461538461538464,0.5384615384615384,0.4230769230769231
277,0.1111111111111111,0.0,0.5555555555555556,0.3333333333333333
278,0.0,0.14736842105263157,0.6631578947368421,0.18947368421052632
279,0.3333333333333333,0.0,0.0,0.6666666666666666
280,0.015228426395939087,0.0,0.9695431472081218,0.015228426395939087
281,0.0,0.0,0.045454545454545456,0.9545454545454546
282,0.5290697674418605,0.3488372093023256,0.0,0.12209302325581395
283,0.375,0.3125,0.3125,0.0
284,0.26282051282051283,0.5192307692307693,0.0,0.21794871794871795
285,0.0,0.0,1.0,0.0
286,0.0,0.14285714285714285,0.2857142857142857,0.5714285714285714
287,0.0,0.9148936170212766,0.0851063829787234,0.0
288,0.0,0.7368421052631579,0.2631578947368421,0.0
289,0.0,0.013513513513513514,0.05405405405405406,0.9324324324324325
290,0.006269592476489028,0.0,0.01567398119122257,0.9780564263322884
291,0.2,0.13333333333333333,0.6666666666666666,0.0
292,0.4,0.0,0.0,0.6
293,0.0,0.9523809523809523,0.047619047619047616,0.0
294,0.0,0.03404255319148936,0.7872340425531915,0.17872340425531916
295,0.04895104895104895,0.0,0.34965034965034963,0.6013986013986014
296,0.08943089430894309,0.0,0.36585365853658536,0.5447154471544715
297,0.0,0.043478260869565216,0.782608695652174,0.17391304347826086
298,0.2972972972972973,0.0,0.40540540540540543,0.2972972972972973
299,0.0,0.4,0.4,0.2
300,0.2,0.06666666666666667,0.0,0.7333333333333333
301,0.0,0.2857142857142857,0.5714285714285714,0.14285714285714285
302,0.0,0.8666666666666667,0.13333333333333333,0.0
303,0.041666666666666664,0.0,0.75,0.20833333333333334
304,0.05,0.3,0.65,0.0
305,1.0,0.0,0.0,0.0
306,0.0625,0.0,0.9375,0.0
307,0.75,0.125,0.0,0.125
308,0.4444444444444444,0.2222222222222222,0.0,0.3333333333333333
309,,,,
310,,,,
311,0.0,0.0,0.0,1.0
312,0.0,0.0,1.0,0.0
313,,,,
314,,,,
315,,,,
316,0.0,1.0,0.0,0.0
317,,,,
318,,,,
319,,,,
320,,,,
321,,,,
