,A,C,G,T
0,,,,
1,,,,
2,,,,
3,,,,
4,,,,
5,0.0,0.0,0.0,1.0
6,,,,
7,,,,
8,0.0,0.5,0.0,0.5
9,,,,
10,,,,
11,1.0,0.0,0.0,0.0
12,0.5,0.0,0.0,0.5
13,1.0,0.0,0.0,0.0
14,,,,
15,0.0,1.0,0.0,0.0
16,,,,
17,1.0,0.0,0.0,0.0
18,,,,
19,,,,
20,,,,
21,,,,
22,,,,
23,,,,
24,1.0,0.0,0.0,0.0
25,,,,
26,0.0,1.0,0.0,0.0
27,0.0,1.0,0.0,0.0
28,,,,
29,0.0,0.0,0.0,1.0
30,0.0,0.5,0.5,0.0
31,,,,
32,0.0,1.0,0.0,0.0
33,1.0,0.0,0.0,0.0
34,,,,
35,,,,
36,,,,
37,0.0,0.0,1.0,0.0
38,1.0,0.0,0.0,0.0
39,,,,
40,,,,
41,0.0,0.0,1.0,0.0
42,,,,
43,,,,
44,,,,
45,,,,
46,,,,
47,0.0,0.0,0.0,1.0
48,,,,
49,,,,
50,,,,
51,,,,
52,,,,
53,,,,
54,,,,
55,,,,
56,0.0,0.0,1.0,0.0
57,,,,
58,0.0,0.0,0.0,1.0
59,,,,
60,,,,
61,,,,
62,1.0,0.0,0.0,0.0
63,,,,
64,,,,
65,,,,
66,,,,
67,0.0,0.0,0.0,1.0
68,0.0,1.0,0.0,0.0
69,1.0,0.0,0.0,0.0
70,,,,
71,0.0,0.0,1.0,0.0
72,,,,
73,,,,
74,0.0,1.0,0.0,0.0
75,,,,
76,,,,
77,,,,
78,0.0,1.0,0.0,0.0
79,,,,
80,0.0,0.0,1.0,0.0
81,0.0,0.0,0.0,1.0
82,,,,
83,0.0,0.0,0.0,1.0
84,,,,
85,,,,
86,0.0,0.0,1.0,0.0
87,,,,
88,0.0,0.0,0.0,1.0
89,0.0,1.0,0.0,0.0
90,0.0,1.0,0.0,0.0
91,0.0,0.0,1.0,0.0
92,0.0,0.0,0.0,1.0
93,0.0,0.0,0.0,1.0
94,1.0,0.0,0.0,0.0
95,0.0,1.0,0.0,0.0
96,0.0,1.0,0.0,0.0
97,0.0,0.5,0.0,0.5
98,,,,
99,,,,
100,,,,
101,0.0,1.0,0.0,0.0
102,0.0,0.0,0.5,0.5
103,0.0,0.0,0.0,1.0
104,0.0,0.0,0.0,1.0
105,,,,
106,,,,
107,,,,
108,,,,
109,,,,
110,,,,
111,,,,
112,0.0,1.0,0.0,0.0
113,,,,
114,,,,
115,0.0,0.0,1.0,0.0
116,,,,
117,0.0,0.0,0.0,1.0
118,0.0,0.0,1.0,0.0
119,0.0,0.0,1.0,0.0
120,,,,
121,,,,
122,,,,
123,,,,
124,,,,
125,0.0,0.0,1.0,0.0
126,,,,
127,0.0,0.0,1.0,0.0
128,,,,
129,,,,
130,,,,
131,0.0,1.0,0.0,0.0
132,,,,
133,,,,
134,0.0,1.0,0.0,0.0
135,,,,
136,,,,
137,,,,
138,,,,
139,,,,
140,,,,
141,,,,
142,,,,
143,,,,
144,,,,
145,,,,
146,0.5,0.0,0.0,0.5
147,,,,
148,,,,
149,0.0,1.0,0.0,0.0
150,0.0,0.0,1.0,0.0
151,,,,
152,0.0,0.0,1.0,0.0
153,,,,
154,1.0,0.0,0.0,0.0
155,1.0,0.0,0.0,0.0
156,,,,
157,,,,
158,,,,
159,0.0,0.5,0.5,0.0
160,0.0,1.0,0.0,0.0
161,0.0,1.0,0.0,0.0
162,0.0,0.0,0.0,1.0
163,,,,
164,1.0,0.0,0.0,0.0
165,,,,
166,,,,
167,1.0,0.0,0.0,0.0
168,0.0,1.0,0.0,0.0
169,,,,
170,0.0,1.0,0.0,0.0
171,,,,
172,,,,
173,0.5,0.0,0.0,0.5
174,0.0,0.0,0.0,1.0
175,,,,
176,,,,
177,,,,
178,,,,
179,,,,
180,0.0,0.5,0.0,0.5
181,0.0,1.0,0.0,0.0
182,1.0,0.0,0.0,0.0
183,,,,
184,,,,
185,0.0,0.0,1.0,0.0
186,,,,
187,,,,
188,0.0,0.0,0.0,1.0
189,,,,
190,,,,
191,0.0,0.0,0.0,1.0
192,0.0,0.0,1.0,0.0
193,0.0,0.5,0.5,0.0
194,,,,
195,,,,
196,,,,
197,,,,
198,,,,
199,0.0,0.0,1.0,0.0
200,0.0,1.0,0.0,0.0
201,,,,
202,,,,
203,0.0,1.0,0.0,0.0
204,,,,
205,,,,
206,,,,
207,0.0,0.0,1.0,0.0
208,,,,
209,0.0,0.0,1.0,0.0
210,0.0,0.0,1.0,0.0
211,,,,
212,,,,
213,,,,
214,,,,
215,0.0,0.0,1.0,0.0
216,,,,
217,,,,
218,,,,
219,0.0,0.0,1.0,0.0
220,0.0,1.0,0.0,0.0
221,0.0,0.5,0.5,0.0
222,0.0,0.0,1.0,0.0
223,,,,
224,,,,
225,0.0,0.0,0.0,1.0
226,0.0,1.0,0.0,0.0
227,0.0,0.0,0.5,0.5
228,,,,
229,,,,
230,0.5,0.0,0.0,0.5
231,1.0,0.0,0.0,0.0
232,,,,
233,,,,
234,0.0,0.0,1.0,0.0
235,,,,
236,0.0,1.0,0.0,0.0
237,,,,
238,,,,
239,,,,
240,,,,
241,,,,
242,0.0,0.0,0.0,1.0
243,,,,
244,,,,
245,,,,
246,,,,
247,0.0,0.0,0.0,1.0
248,,,,
249,0.0,0.0,1.0,0.0
250,,,,
251,,,,
252,,,,
253,,,,
254,0.0,0.0,0.5,0.5
255,,,,
256,0.0,0.0,0.0,1.0
257,0.0,1.0,0.0,0.0
258,,,,
259,,,,
260,,,,
261,0.0,1.0,0.0,0.0
262,0.5,0.0,0.0,0.5
263,,,,
264,0.0,0.0,1.0,0.0
265,,,,
266,,,,
267,,,,
268,,,,
269,,,,
270,,,,
271,0.0,1.0,0.0,0.0
272,,,,
273,,,,
274,,,,
275,1.0,0.0,0.0,0.0
276,,,,
277,,,,
278,0.0,0.5,0.0,0.5
279,,,,
280,,,,
281,,,,
282,,,,
283,0.0,0.0,0.0,1.0
284,0.0,0.0,0.0,1.0
285,,,,
286,,,,
287,,,,
288,,,,
289,,,,
290,,,,
291,,,,
292,,,,
293,,,,
294,,,,
295,,,,
296,,,,
297,,,,
298,,,,
299,,,,
300,,,,
301,,,,
302,,,,
303,,,,
304,,,,
305,,,,
306,,,,
307,,,,
308,,,,
309,,,,
310,,,,
311,,,,
312,,,,
313,,,,
