,A,C,G,T
0,,,,
1,,,,
2,0.5384615384615384,0.3076923076923077,0.0,0.15384615384615385
3,0.42857142857142855,0.14285714285714285,0.0,0.42857142857142855
4,0.3333333333333333,0.5555555555555556,0.1111111111111111,0.0
5,0.6428571428571429,0.21428571428571427,0.0,0.14285714285714285
6,0.6666666666666666,0.0,0.3333333333333333,0.0
7,0.0,0.125,0.625,0.25
8,0.5681818181818182,0.36363636363636365,0.0,0.06818181818181818
9,0.05555555555555555,0.0,0.3055555555555556,0.6388888888888888
10,0.0,0.0,1.0,0.0
11,0.6666666666666666,0.0,0.0,0.3333333333333333
12,0.25,0.125,0.0,0.625
13,0.42857142857142855,0.42857142857142855,0.14285714285714285,0.0
14,0.6,0.4,0.0,0.0
15,0.0,0.0,0.0,1.0
16,0.0,0.625,0.25,0.125
17,0.6666666666666666,0.06666666666666667,0.0,0.26666666666666666
18,0.0,0.2857142857142857,0.7142857142857143,0.0
19,1.0,0.0,0.0,0.0
20,0.058823529411764705,0.20588235294117646,0.7352941176470589,0.0
21,,,,
22,,,,
23,0.3333333333333333,0.5,0.0,0.16666666666666666
24,0.16666666666666666,0.16666666666666666,0.0,0.6666666666666666
25,0.4,0.6,0.0,0.0
26,0.0,0.5,0.4166666666666667,0.08333333333333333
27,0.46153846153846156,0.38461538461538464,0.0,0.15384615384615385
28,0.6896551724137931,0.3103448275862069,0.0,0.0
29,0.5,0.0,0.125,0.375
30,0.06060606060606061,0.7878787878787878,0.15151515151515152,0.0
31,0.0,0.625,0.375,0.0
32,0.45454545454545453,0.45454545454545453,0.0,0.09090909090909091
33,0.6363636363636364,0.09090909090909091,0.0,0.2727272727272727
34,0.5384615384615384,0.38461538461538464,0.07692307692307693,0.0
35,0.0,0.3,0.3,0.4
36,0.5384615384615384,0.0,0.23076923076923078,0.23076923076923078
37,0.0,0.5714285714285714,0.42857142857142855,0.0
38,0.7857142857142857,0.0,0.0,0.21428571428571427
39,0.42857142857142855,0.0,0.2857142857142857,0.2857142857142857
40,0.5,0.0,0.25,0.25
41,0.0,0.6666666666666666,0.05555555555555555,0.2777777777777778
42,0.3333333333333333,0.0,0.0,0.6666666666666666
43,0.0,0.6666666666666666,0.0,0.3333333333333333
44,0.42857142857142855,0.14285714285714285,0.0,0.42857142857142855
45,0.18181818181818182,0.0,0.5454545454545454,0.2727272727272727
46,0.11643835616438356,0.0,0.8561643835616438,0.0273972602739726
47,0.5625,0.125,0.0,0.3125
48,0.0,0.6666666666666666,0.3333333333333333,0.0
49,1.0,0.0,0.0,0.0
50,0.16666666666666666,0.0,0.5555555555555556,0.2777777777777778
51,0.07692307692307693,0.0,0.38461538461538464,0.5384615384615384
52,0.0,0.8,0.2,0.0
53,0.09090909090909091,0.8181818181818182,0.0,0.09090909090909091
54,0.0,0.5625,0.375,0.0625
55,0.23076923076923078,0.7692307692307693,0.0,0.0
56,0.0,0.7692307692307693,0.15384615384615385,0.07692307692307693
57,0.4,0.0,0.2,0.4
58,0.07692307692307693,0.6923076923076923,0.23076923076923078,0.0
59,0.1111111111111111,0.0,0.3888888888888889,0.5
60,0.18181818181818182,0.3181818181818182,0.5,0.0
61,0.75,0.0,0.0,0.25
62,0.3793103448275862,0.0,0.3448275862068966,0.27586206896551724
63,0.0,0.5,0.5,0.0
64,0.0,0.0,0.0,1.0
65,0.04,0.84,0.12,0.0
66,0.0,0.13333333333333333,0.26666666666666666,0.6
67,0.21212121212121213,0.0,0.3333333333333333,0.45454545454545453
68,0.0,0.07142857142857142,0.6428571428571429,0.2857142857142857
69,0.75,0.11538461538461539,0.0,0.1346153846153846
70,0.021739130434782608,0.0,0.782608695652174,0.1956521739130435
71,0.16,0.66,0.18,0.0
72,0.0,0.6875,0.3125,0.0
73,0.5,0.0,0.0,0.5
74,0.2,0.64,0.16,0.0
75,0.5,0.0,0.0,0.5
76,0.2,0.6,0.0,0.2
77,0.0,0.4166666666666667,0.4444444444444444,0.1388888888888889
78,0.2222222222222222,0.5555555555555556,0.2222222222222222,0.0
79,0.16666666666666666,0.5,0.3333333333333333,0.0
80,0.3333333333333333,0.0,0.2222222222222222,0.4444444444444444
81,0.0,0.47368421052631576,0.34210526315789475,0.18421052631578946
82,0.43859649122807015,0.0,0.3333333333333333,0.22807017543859648
83,0.28205128205128205,0.0,0.5128205128205128,0.20512820512820512
84,0.0625,0.5625,0.375,0.0
85,0.0,0.6666666666666666,0.3333333333333333,0.0
86,0.07692307692307693,0.7692307692307693,0.15384615384615385,0.0
87,0.2857142857142857,0.7142857142857143,0.0,0.0
88,0.5454545454545454,0.3939393939393939,0.0,0.06060606060606061
89,0.375,0.22916666666666666,0.0,0.3958333333333333
90,0.4927536231884058,0.10144927536231885,0.4057971014492754,0.0
91,0.0,0.4444444444444444,0.2222222222222222,0.3333333333333333
92,0.05405405405405406,0.8918918918918919,0.05405405405405406,0.0
93,0.11538461538461539,0.4230769230769231,0.46153846153846156,0.0
94,0.0,0.375,0.1,0.525
95,0.13636363636363635,0.6818181818181818,0.18181818181818182,0.0
96,0.23170731707317074,0.0,0.5853658536585366,0.18292682926829268
97,0.34146341463414637,0.0,0.14634146341463414,0.5121951219512195
98,0.36363636363636365,0.45454545454545453,0.18181818181818182,0.0
99,0.0,0.1320754716981132,0.6415094339622641,0.22641509433962265
100,0.0,0.6,0.4,0.0
101,0.375,0.375,0.0,0.25
102,0.0,0.34615384615384615,0.5,0.15384615384615385
103,0.3384615384615385,0.6153846153846154,0.0,0.046153846153846156
104,0.03225806451612903,0.0,0.0967741935483871,0.8709677419354839
105,0.0,0.5,0.5,0.0
106,0.0,0.0,0.0,1.0
107,0.0,0.3333333333333333,0.0,0.6666666666666666
108,0.30434782608695654,0.0,0.0,0.6956521739130435
109,0.1111111111111111,0.2222222222222222,0.6666666666666666,0.0
110,0.3333333333333333,0.0,0.3333333333333333,0.3333333333333333
111,0.4444444444444444,0.0,0.2222222222222222,0.3333333333333333
112,0.3333333333333333,0.3333333333333333,0.0,0.3333333333333333
113,0.0,0.0,0.25,0.75
114,0.75,0.0,0.25,0.0
115,0.0,0.0,0.75,0.25
116,0.0,1.0,0.0,0.0
117,0.14285714285714285,0.42857142857142855,0.0,0.42857142857142855
118,0.0,0.0,0.14285714285714285,0.8571428571428571
119,0.038461538461538464,0.8076923076923077,0.15384615384615385,0.0
120,0.3333333333333333,0.0,0.6666666666666666,0.0
121,1.0,0.0,0.0,0.0
122,0.0,0.17391304347826086,0.7391304347826086,0.08695652173913043
123,,,,
124,0.0,1.0,0.0,0.0
125,0.75,0.125,0.0,0.125
126,0.0,0.35714285714285715,0.6428571428571429,0.0
127,0.0,0.125,0.875,0.0
128,0.0,0.0,0.0,1.0
129,0.2857142857142857,0.14285714285714285,0.0,0.5714285714285714
130,0.0,0.42857142857142855,0.0,0.5714285714285714
131,0.6875,0.1875,0.0,0.125
132,0.14285714285714285,0.0,0.14285714285714285,0.7142857142857143
133,0.125,0.375,0.5,0.0
134,0.4444444444444444,0.1111111111111111,0.0,0.4444444444444444
135,0.1,0.9,0.0,0.0
136,0.0,0.3333333333333333,0.6666666666666666,0.0
137,0.8125,0.0625,0.0,0.125
138,0.0,0.0,1.0,0.0
139,0.0,0.5,0.0,0.5
140,0.0,0.3333333333333333,0.0,0.6666666666666666
141,0.3125,0.40625,0.0,0.28125
142,0.0,0.0,1.0,0.0
143,0.0,0.22950819672131148,0.5573770491803278,0.21311475409836064
144,0.8888888888888888,0.037037037037037035,0.0,0.07407407407407407
145,0.125,0.8125,0.0,0.0625
146,0.125,0.5833333333333334,0.2916666666666667,0.0
147,0.05128205128205128,0.3333333333333333,0.6153846153846154,0.0
148,0.38461538461538464,0.19230769230769232,0.4230769230769231,0.0
149,0.35294117647058826,0.0,0.35294117647058826,0.29411764705882354
150,0.0,0.16666666666666666,0.7777777777777778,0.05555555555555555
151,0.15384615384615385,0.7692307692307693,0.07692307692307693,0.0
152,0.1111111111111111,0.7222222222222222,0.16666666666666666,0.0
153,0.0,0.7727272727272727,0.18181818181818182,0.045454545454545456
154,0.6875,0.3125,0.0,0.0
155,0.0,0.26666666666666666,0.6,0.13333333333333333
156,0.0,0.48484848484848486,0.5151515151515151,0.0
157,0.08333333333333333,0.7333333333333333,0.0,0.18333333333333332
158,0.14285714285714285,0.0,0.3142857142857143,0.5428571428571428
159,0.0,0.3548387096774194,0.6129032258064516,0.03225806451612903
160,0.0,0.23809523809523808,0.6666666666666666,0.09523809523809523
161,0.0,0.15555555555555556,0.4888888888888889,0.35555555555555557
162,0.3870967741935484,0.22580645161290322,0.0,0.3870967741935484
163,0.2564102564102564,0.0,0.1794871794871795,0.5641025641025641
164,0.14285714285714285,0.7142857142857143,0.14285714285714285,0.0
165,0.375,0.3333333333333333,0.2916666666666667,0.0
166,0.0,0.36,0.2,0.44
167,0.2857142857142857,0.39285714285714285,0.32142857142857145,0.0
168,0.6666666666666666,0.16666666666666666,0.0,0.16666666666666666
169,0.6363636363636364,0.36363636363636365,0.0,0.0
170,0.6842105263157895,0.15789473684210525,0.15789473684210525,0.0
171,0.0,1.0,0.0,0.0
172,0.525,0.25,0.0,0.225
173,0.2608695652173913,0.7391304347826086,0.0,0.0
174,0.0,0.0,0.6756756756756757,0.32432432432432434
175,0.13636363636363635,0.0,0.4090909090909091,0.45454545454545453
176,0.0,0.2,0.6333333333333333,0.16666666666666666
177,0.0,0.3404255319148936,0.574468085106383,0.0851063829787234
178,0.21739130434782608,0.0,0.21739130434782608,0.5652173913043478
179,0.0,0.11428571428571428,0.5714285714285714,0.3142857142857143
180,0.275,0.55,0.0,0.175
181,0.0,0.15384615384615385,0.23076923076923078,0.6153846153846154
182,0.0,0.3103448275862069,0.39655172413793105,0.29310344827586204
183,0.1111111111111111,0.6666666666666666,0.2222222222222222,0.0
184,0.0,0.16666666666666666,0.16666666666666666,0.6666666666666666
185,0.041666666666666664,0.0,0.0,0.9583333333333334
186,0.0,1.0,0.0,0.0
187,0.5,0.0,0.4,0.1
188,0.75,0.0,0.0,0.25
189,0.07692307692307693,0.7692307692307693,0.0,0.15384615384615385
190,0.75,0.0,0.25,0.0
191,0.5454545454545454,0.2727272727272727,0.0,0.18181818181818182
192,0.14285714285714285,0.14285714285714285,0.7142857142857143,0.0
193,0.5,0.0,0.0,0.5
194,0.3333333333333333,0.5,0.16666666666666666,0.0
195,0.6428571428571429,0.2857142857142857,0.0,0.07142857142857142
196,0.0,1.0,0.0,0.0
197,0.5263157894736842,0.3157894736842105,0.0,0.15789473684210525
198,0.0,0.3181818181818182,0.5909090909090909,0.09090909090909091
199,0.0,0.045454545454545456,0.75,0.20454545454545456
200,0.0,0.2631578947368421,0.7368421052631579,0.0
201,0.7142857142857143,0.2857142857142857,0.0,0.0
202,0.9,0.1,0.0,0.0
203,0.1,0.0,0.6,0.3
204,0.0,0.9166666666666666,0.08333333333333333,0.0
205,0.6666666666666666,0.0,0.0,0.3333333333333333
206,0.0,0.0,1.0,0.0
207,0.2857142857142857,0.2857142857142857,0.42857142857142855,0.0
208,0.0,0.0,1.0,0.0
209,0.2,0.0,0.2,0.6
210,0.0,0.1111111111111111,0.4444444444444444,0.4444444444444444
211,0.0,0.0,0.42857142857142855,0.5714285714285714
212,0.1875,0.0,0.3125,0.5
213,0.0,0.46153846153846156,0.23076923076923078,0.3076923076923077
214,0.0,0.0,1.0,0.0
215,0.04,0.0,0.56,0.4
216,0.0,0.0,1.0,0.0
217,,,,
218,0.0,0.5,0.2777777777777778,0.2222222222222222
219,0.0,0.5,0.5,0.0
220,0.5,0.0,0.0,0.5
221,0.0,0.0,1.0,0.0
222,0.14285714285714285,0.7142857142857143,0.0,0.14285714285714285
223,0.0,0.5,0.5,0.0
224,0.09090909090909091,0.6363636363636364,0.2727272727272727,0.0
225,0.0,1.0,0.0,0.0
226,0.0,0.6666666666666666,0.3333333333333333,0.0
227,0.03571428571428571,0.6428571428571429,0.32142857142857145,0.0
228,0.0,0.16666666666666666,0.8333333333333334,0.0
229,0.7142857142857143,0.0,0.0,0.2857142857142857
230,0.14285714285714285,0.0,0.7857142857142857,0.07142857142857142
231,0.0,0.04,0.96,0.0
232,0.0,0.05714285714285714,0.9142857142857143,0.02857142857142857
233,0.0,0.2857142857142857,0.6071428571428571,0.10714285714285714
234,0.0,0.0,0.9787234042553191,0.02127659574468085
235,0.6875,0.3125,0.0,0.0
236,0.21875,0.0,0.21875,0.5625
237,0.0,0.05263157894736842,0.8421052631578947,0.10526315789473684
238,0.03225806451612903,0.9354838709677419,0.03225806451612903,0.0
239,0.08333333333333333,0.0,0.75,0.16666666666666666
240,0.8181818181818182,0.09090909090909091,0.0,0.09090909090909091
241,0.034482758620689655,0.0,0.1724137931034483,0.7931034482758621
242,0.25,0.0,0.625,0.125
243,0.0,0.5,0.5,0.0
244,0.0,0.0,0.0,1.0
245,0.058823529411764705,0.8823529411764706,0.058823529411764705,0.0
246,0.06666666666666667,0.0,0.0,0.9333333333333333
247,,,,
248,0.45,0.3,0.0,0.25
249,0.2,0.0,0.8,0.0
250,0.0,0.0,1.0,0.0
251,0.0,0.3076923076923077,0.6923076923076923,0.0
252,0.0,0.4,0.06666666666666667,0.5333333333333333
253,,,,
254,0.5,0.0,0.0,0.5
255,0.0,0.14285714285714285,0.8285714285714286,0.02857142857142857
256,0.0,0.3157894736842105,0.6842105263157895,0.0
257,0.047619047619047616,0.0,0.047619047619047616,0.9047619047619048
258,0.0,0.038461538461538464,0.9230769230769231,0.038461538461538464
259,0.9375,0.0625,0.0,0.0
260,0.09523809523809523,0.0,0.09523809523809523,0.8095238095238095
261,0.08333333333333333,0.0,0.25,0.6666666666666666
262,0.0,1.0,0.0,0.0
263,0.25,0.25,0.0,0.5
264,0.0,0.631578947368421,0.3684210526315789,0.0
265,0.0,0.11627906976744186,0.8372093023255814,0.046511627906976744
266,0.0,0.1,0.65,0.25
267,0.0,0.1724137931034483,0.6896551724137931,0.13793103448275862
268,0.047619047619047616,0.0,0.35714285714285715,0.5952380952380952
269,0.3076923076923077,0.0,0.5384615384615384,0.15384615384615385
270,1.0,0.0,0.0,0.0
271,0.0,1.0,0.0,0.0
272,0.4146341463414634,0.43902439024390244,0.0,0.14634146341463414
273,,,,
274,,,,
275,0.0,0.0,0.0,1.0
276,0.0,0.0,0.3333333333333333,0.6666666666666666
277,0.6666666666666666,0.0,0.0,0.3333333333333333
278,0.0,0.14285714285714285,0.5714285714285714,0.2857142857142857
279,,,,
280,0.0,0.0,1.0,0.0
281,0.3333333333333333,0.0,0.0,0.6666666666666666
282,0.7111111111111111,0.26666666666666666,0.0,0.022222222222222223
283,0.0,1.0,0.0,0.0
284,0.2619047619047619,0.5238095238095238,0.0,0.21428571428571427
285,,,,
286,0.0,0.0,0.0,1.0
287,0.0,1.0,0.0,0.0
288,0.0,1.0,0.0,0.0
289,0.0,0.04,0.0,0.96
290,0.0,0.0,0.014492753623188406,0.9855072463768116
291,1.0,0.0,0.0,0.0
292,0.5,0.0,0.0,0.5
293,0.0,0.9,0.1,0.0
294,0.0,0.05555555555555555,0.6388888888888888,0.3055555555555556
295,0.15384615384615385,0.0,0.5769230769230769,0.2692307692307692
296,0.36363636363636365,0.36363636363636365,0.2727272727272727,0.0
297,0.0,0.875,0.125,0.0
298,0.6666666666666666,0.0,0.0,0.3333333333333333
299,0.0,0.0,1.0,0.0
300,0.0,0.0,0.0,1.0
301,0.0,0.0,1.0,0.0
302,0.0,1.0,0.0,0.0
303,1.0,0.0,0.0,0.0
304,0.0,1.0,0.0,0.0
305,1.0,0.0,0.0,0.0
306,,,,
307,,,,
308,0.0,1.0,0.0,0.0
309,,,,
310,,,,
311,,,,
312,0.0,0.0,1.0,0.0
313,,,,
314,,,,
315,,,,
316,,,,
317,,,,
318,,,,
319,,,,
320,,,,
321,,,,
