,A,C,G,T
0,,,,
1,,,,
2,0.5454545454545454,0.0,0.0,0.45454545454545453
3,0.5333333333333333,0.16666666666666666,0.0,0.3
4,0.8,0.2,0.0,0.0
5,0.22580645161290322,0.5,0.0,0.27419354838709675
6,0.08,0.0,0.68,0.24
7,0.0,0.03389830508474576,0.8813559322033898,0.0847457627118644
8,0.3395061728395062,0.48148148148148145,0.0,0.17901234567901234
9,0.19424460431654678,0.0,0.16546762589928057,0.6402877697841727
10,0.15789473684210525,0.7894736842105263,0.05263157894736842,0.0
11,0.0,0.14285714285714285,0.6390977443609023,0.21804511278195488
12,0.4142857142857143,0.0,0.5714285714285714,0.014285714285714285
13,0.0,0.14285714285714285,0.6666666666666666,0.19047619047619047
14,0.6343283582089553,0.23134328358208955,0.0,0.13432835820895522
15,0.15384615384615385,0.0,0.6923076923076923,0.15384615384615385
16,0.0,0.6666666666666666,0.1111111111111111,0.2222222222222222
17,0.9259259259259259,0.037037037037037035,0.0,0.037037037037037035
18,0.15384615384615385,0.5769230769230769,0.2692307692307692,0.0
19,0.0,0.9,0.0,0.1
20,0.0,0.0,0.0,1.0
21,0.0,0.0,0.0,1.0
22,0.6666666666666666,0.0,0.0,0.3333333333333333
23,0.16,0.0,0.2,0.64
24,0.6730769230769231,0.19230769230769232,0.0,0.1346153846153846
25,0.6666666666666666,0.0,0.2916666666666667,0.041666666666666664
26,0.0,0.05,0.8666666666666667,0.08333333333333333
27,0.7619047619047619,0.19047619047619047,0.0,0.047619047619047616
28,0.7222222222222222,0.1111111111111111,0.0,0.16666666666666666
29,0.0,0.09473684210526316,0.6,0.30526315789473685
30,0.1111111111111111,0.0,0.7111111111111111,0.17777777777777778
31,0.3225806451612903,0.2903225806451613,0.3870967741935484,0.0
32,0.63125,0.2375,0.0,0.13125
33,0.013333333333333334,0.52,0.4666666666666667,0.0
34,0.13333333333333333,0.06666666666666667,0.8,0.0
35,0.34782608695652173,0.21739130434782608,0.0,0.43478260869565216
36,0.0,0.7627118644067796,0.23728813559322035,0.0
37,0.0,0.11594202898550725,0.8695652173913043,0.014492753623188406
38,0.45454545454545453,0.22727272727272727,0.0,0.3181818181818182
39,0.4482758620689655,0.0,0.3793103448275862,0.1724137931034483
40,0.5833333333333334,0.0,0.16666666666666666,0.25
41,0.023809523809523808,0.8412698412698413,0.1349206349206349,0.0
42,0.10714285714285714,0.10714285714285714,0.7857142857142857,0.0
43,0.0,0.0,0.5714285714285714,0.42857142857142855
44,0.3333333333333333,0.3333333333333333,0.0,0.3333333333333333
45,0.0,0.25,0.0,0.75
46,0.0,0.8780487804878049,0.0975609756097561,0.024390243902439025
47,0.10638297872340426,0.425531914893617,0.0,0.46808510638297873
48,0.0,0.5,0.3888888888888889,0.1111111111111111
49,0.36363636363636365,0.0,0.09090909090909091,0.5454545454545454
50,0.17857142857142858,0.0,0.17857142857142858,0.6428571428571429
51,0.2857142857142857,0.0,0.047619047619047616,0.6666666666666666
52,0.3333333333333333,0.5,0.16666666666666666,0.0
53,0.3125,0.1875,0.0,0.5
54,0.6521739130434783,0.06521739130434782,0.2826086956521739,0.0
55,0.0625,0.0,0.0,0.9375
56,0.2413793103448276,0.0,0.06896551724137931,0.6896551724137931
57,0.3333333333333333,0.0,0.6666666666666666,0.0
58,0.0,0.8571428571428571,0.14285714285714285,0.0
59,0.38461538461538464,0.0,0.3076923076923077,0.3076923076923077
60,0.0,0.2857142857142857,0.4,0.3142857142857143
61,0.2638888888888889,0.0,0.5972222222222222,0.1388888888888889
62,0.18134715025906736,0.0,0.3005181347150259,0.5181347150259067
63,0.3333333333333333,0.3333333333333333,0.3333333333333333,0.0
64,0.0,0.25,0.0,0.75
65,0.041666666666666664,0.0,0.041666666666666664,0.9166666666666666
66,0.5074626865671642,0.08955223880597014,0.0,0.40298507462686567
67,0.22727272727272727,0.0,0.5909090909090909,0.18181818181818182
68,0.5490196078431373,0.18627450980392157,0.2647058823529412,0.0
69,0.5116279069767442,0.11627906976744186,0.0,0.37209302325581395
70,0.21052631578947367,0.631578947368421,0.15789473684210525,0.0
71,0.16883116883116883,0.0,0.5064935064935064,0.3246753246753247
72,0.4117647058823529,0.45588235294117646,0.1323529411764706,0.0
73,0.0,0.7956989247311828,0.08602150537634409,0.11827956989247312
74,0.11538461538461539,0.75,0.1346153846153846,0.0
75,0.3793103448275862,0.4482758620689655,0.0,0.1724137931034483
76,0.6046511627906976,0.13953488372093023,0.0,0.2558139534883721
77,0.27692307692307694,0.4461538461538462,0.27692307692307694,0.0
78,0.3783783783783784,0.16216216216216217,0.0,0.4594594594594595
79,0.6467661691542289,0.2736318407960199,0.0,0.07960199004975124
80,0.3125,0.5208333333333334,0.0,0.16666666666666666
81,0.0,0.34527687296416937,0.14332247557003258,0.511400651465798
82,0.5918367346938775,0.0,0.08163265306122448,0.32653061224489793
83,0.12280701754385964,0.0,0.35964912280701755,0.5175438596491229
84,0.0375,0.64375,0.31875,0.0
85,0.25,0.6875,0.0625,0.0
86,0.16494845360824742,0.0,0.5154639175257731,0.31958762886597936
87,0.0,0.42696629213483145,0.42696629213483145,0.14606741573033707
88,0.3317757009345794,0.514018691588785,0.0,0.1542056074766355
89,0.2074074074074074,0.5703703703703704,0.2222222222222222,0.0
90,0.7046979865771812,0.2348993288590604,0.0,0.06040268456375839
91,0.6457399103139013,0.273542600896861,0.0,0.08071748878923767
92,0.25757575757575757,0.6818181818181818,0.06060606060606061,0.0
93,0.2,0.5333333333333333,0.26666666666666666,0.0
94,0.0,0.29914529914529914,0.05128205128205128,0.6495726495726496
95,0.006369426751592357,0.0,0.07006369426751592,0.9235668789808917
96,0.2608695652173913,0.6231884057971014,0.11594202898550725,0.0
97,0.0,0.32653061224489793,0.10884353741496598,0.564625850340136
98,0.0661764705882353,0.0,0.14705882352941177,0.7867647058823529
99,0.0,1.0,0.0,0.0
100,0.25,0.0,0.0,0.75
101,0.0,0.7692307692307693,0.0,0.23076923076923078
102,0.0,0.12987012987012986,0.6493506493506493,0.22077922077922077
103,0.2147239263803681,0.7055214723926381,0.0,0.07975460122699386
104,0.15827338129496402,0.0,0.0683453237410072,0.7733812949640287
105,0.5,0.25,0.25,0.0
106,0.0,0.5,0.0,0.5
107,0.14285714285714285,0.2857142857142857,0.0,0.5714285714285714
108,0.0,0.12716763005780346,0.8208092485549133,0.05202312138728324
109,0.1111111111111111,0.6666666666666666,0.2222222222222222,0.0
110,0.1044776119402985,0.0,0.029850746268656716,0.8656716417910447
111,0.3333333333333333,0.0,0.3333333333333333,0.3333333333333333
112,0.42857142857142855,0.2857142857142857,0.0,0.2857142857142857
113,0.07874015748031496,0.0,0.4251968503937008,0.49606299212598426
114,0.5,0.0,0.0,0.5
115,0.0,0.4444444444444444,0.2777777777777778,0.2777777777777778
116,0.4444444444444444,0.3333333333333333,0.0,0.2222222222222222
117,0.08376963350785341,0.0,0.19895287958115182,0.7172774869109948
118,0.0967741935483871,0.0,0.03225806451612903,0.8709677419354839
119,0.18518518518518517,0.0,0.16666666666666666,0.6481481481481481
120,0.08333333333333333,0.0,0.7083333333333334,0.20833333333333334
121,0.5,0.0,0.125,0.375
122,0.0,0.6455696202531646,0.2911392405063291,0.06329113924050633
123,0.5789473684210527,0.42105263157894735,0.0,0.0
124,0.8117647058823529,0.12941176470588237,0.0,0.058823529411764705
125,0.8639455782312925,0.04081632653061224,0.0,0.09523809523809523
126,0.0,0.3783783783783784,0.6216216216216216,0.0
127,0.0,0.07317073170731707,0.8455284552845529,0.08130081300813008
128,0.9411764705882353,0.058823529411764705,0.0,0.0
129,0.075,0.925,0.0,0.0
130,0.3333333333333333,0.6666666666666666,0.0,0.0
131,0.5594713656387665,0.3656387665198238,0.0,0.07488986784140969
132,0.02564102564102564,0.0,0.0,0.9743589743589743
133,0.0,0.8,0.2,0.0
134,0.3333333333333333,0.3888888888888889,0.0,0.2777777777777778
135,0.0,1.0,0.0,0.0
136,0.0,0.2857142857142857,0.5714285714285714,0.14285714285714285
137,0.9615384615384616,0.02564102564102564,0.0,0.01282051282051282
138,0.0,0.0,1.0,0.0
139,0.8333333333333334,0.0,0.0,0.16666666666666666
140,0.0,1.0,0.0,0.0
141,0.0,0.6923076923076923,0.3076923076923077,0.0
142,0.0,0.3333333333333333,0.6666666666666666,0.0
143,0.12631578947368421,0.7789473684210526,0.09473684210526316,0.0
144,0.0,0.0,0.0,1.0
145,0.02631578947368421,0.9736842105263158,0.0,0.0
146,0.563953488372093,0.31976744186046513,0.0,0.11627906976744186
147,0.2,0.7333333333333333,0.0,0.06666666666666667
148,0.0,0.18181818181818182,0.5454545454545454,0.2727272727272727
149,0.0,0.1986754966887417,0.7483443708609272,0.052980132450331126
150,0.0,0.07792207792207792,0.8831168831168831,0.03896103896103896
151,0.0,0.5526315789473685,0.4473684210526316,0.0
152,0.5617977528089888,0.0,0.056179775280898875,0.38202247191011235
153,0.0,0.16091954022988506,0.44061302681992337,0.39846743295019155
154,0.0,0.29133858267716534,0.48031496062992124,0.2283464566929134
155,0.19402985074626866,0.6119402985074627,0.19402985074626866,0.0
156,0.09803921568627451,0.0,0.5490196078431373,0.35294117647058826
157,0.0,0.234375,0.53125,0.234375
158,0.1793478260869565,0.6684782608695652,0.15217391304347827,0.0
159,0.0,0.2698412698412698,0.42328042328042326,0.30687830687830686
160,0.27391304347826084,0.46956521739130436,0.0,0.2565217391304348
161,0.33064516129032256,0.4032258064516129,0.2661290322580645,0.0
162,0.5555555555555556,0.2777777777777778,0.0,0.16666666666666666
163,0.7575757575757576,0.09090909090909091,0.0,0.15151515151515152
164,0.0,0.39603960396039606,0.40594059405940597,0.19801980198019803
165,0.0,0.11564625850340136,0.7687074829931972,0.11564625850340136
166,0.5420875420875421,0.1717171717171717,0.0,0.28619528619528617
167,0.25280898876404495,0.0,0.1348314606741573,0.6123595505617978
168,0.0,0.2231404958677686,0.6528925619834711,0.12396694214876033
169,0.07692307692307693,0.0,0.17094017094017094,0.7521367521367521
170,0.1896551724137931,0.0,0.1206896551724138,0.6896551724137931
171,0.0,0.3877551020408163,0.42857142857142855,0.1836734693877551
172,0.0,0.5984848484848485,0.25,0.15151515151515152
173,0.34146341463414637,0.0,0.3252032520325203,0.3333333333333333
174,0.13333333333333333,0.4,0.4666666666666667,0.0
175,0.0,0.2878787878787879,0.2878787878787879,0.42424242424242425
176,0.036585365853658534,0.0,0.07317073170731707,0.8902439024390244
177,0.0,0.4507042253521127,0.5211267605633803,0.028169014084507043
178,0.0,0.12359550561797752,0.8651685393258427,0.011235955056179775
179,0.005319148936170213,0.0,0.07446808510638298,0.9202127659574468
180,0.09090909090909091,0.0,0.5757575757575758,0.3333333333333333
181,0.625,0.0,0.0,0.375
182,0.2608695652173913,0.6304347826086957,0.0,0.10869565217391304
183,0.2,0.1,0.7,0.0
184,0.42857142857142855,0.0,0.07142857142857142,0.5
185,0.2463768115942029,0.0,0.15942028985507245,0.5942028985507246
186,0.2727272727272727,0.0,0.3181818181818182,0.4090909090909091
187,0.1111111111111111,0.2777777777777778,0.6111111111111112,0.0
188,0.13333333333333333,0.0,0.3333333333333333,0.5333333333333333
189,0.0,0.2971014492753623,0.6666666666666666,0.036231884057971016
190,0.0,0.15178571428571427,0.7857142857142857,0.0625
191,0.1875,0.7083333333333334,0.0,0.10416666666666667
192,0.0,0.136986301369863,0.8356164383561644,0.0273972602739726
193,0.14583333333333334,0.7916666666666666,0.0,0.0625
194,0.0,0.8,0.2,0.0
195,0.8,0.0,0.2,0.0
196,0.2857142857142857,0.5714285714285714,0.0,0.14285714285714285
197,0.0,0.3950617283950617,0.5555555555555556,0.04938271604938271
198,0.12727272727272726,0.8606060606060606,0.0,0.012121212121212121
199,0.0,0.7954545454545454,0.20454545454545456,0.0
200,0.20689655172413793,0.0,0.603448275862069,0.1896551724137931
201,0.0,0.12048192771084337,0.40963855421686746,0.46987951807228917
202,0.3146067415730337,0.0,0.25842696629213485,0.42696629213483145
203,0.25,0.0,0.1323529411764706,0.6176470588235294
204,0.0,0.184,0.288,0.528
205,0.2,0.0,0.8,0.0
206,0.0,0.1918238993710692,0.46226415094339623,0.34591194968553457
207,0.2571428571428571,0.37142857142857144,0.37142857142857144,0.0
208,0.3170731707317073,0.0,0.07317073170731707,0.6097560975609756
209,0.0,0.3723404255319149,0.4308510638297872,0.19680851063829788
210,0.45121951219512196,0.2601626016260163,0.0,0.2886178861788618
211,0.075,0.6833333333333333,0.24166666666666667,0.0
212,0.0,0.1485148514851485,0.5775577557755776,0.2739273927392739
213,0.9090909090909091,0.09090909090909091,0.0,0.0
214,0.0,0.08333333333333333,0.3333333333333333,0.5833333333333334
215,0.21621621621621623,0.0,0.21621621621621623,0.5675675675675675
216,0.0,0.4896551724137931,0.41379310344827586,0.09655172413793103
217,0.5327102803738317,0.0,0.17757009345794392,0.2897196261682243
218,0.30578512396694213,0.5619834710743802,0.0,0.1322314049586777
219,0.18604651162790697,0.4186046511627907,0.3953488372093023,0.0
220,0.8666666666666667,0.0,0.0,0.13333333333333333
221,0.020134228187919462,0.0,0.8053691275167785,0.174496644295302
222,0.0,0.4666666666666667,0.3333333333333333,0.2
223,0.0,0.2413793103448276,0.7068965517241379,0.05172413793103448
224,0.4,0.5619047619047619,0.0,0.0380952380952381
225,0.0,0.3333333333333333,0.38095238095238093,0.2857142857142857
226,0.0,0.3333333333333333,0.6231884057971014,0.043478260869565216
227,0.10726643598615918,0.0,0.2698961937716263,0.6228373702422145
228,0.16666666666666666,0.0,0.7333333333333333,0.1
229,0.0,0.0967741935483871,0.3225806451612903,0.5806451612903226
230,0.6868686868686869,0.19696969696969696,0.0,0.11616161616161616
231,0.3063063063063063,0.23423423423423423,0.4594594594594595,0.0
232,0.14285714285714285,0.42857142857142855,0.42857142857142855,0.0
233,0.029411764705882353,0.0,0.30392156862745096,0.6666666666666666
234,0.5,0.15,0.35,0.0
235,0.18840579710144928,0.0,0.057971014492753624,0.7536231884057971
236,0.27941176470588236,0.0,0.07352941176470588,0.6470588235294118
237,0.08928571428571429,0.0,0.16071428571428573,0.75
238,0.18181818181818182,0.36363636363636365,0.45454545454545453,0.0
239,0.3,0.31666666666666665,0.0,0.38333333333333336
240,0.0,0.625,0.36363636363636365,0.011363636363636364
241,0.0,0.5148936170212766,0.451063829787234,0.03404255319148936
242,0.3810810810810811,0.5108108108108108,0.0,0.10810810810810811
243,0.14327485380116958,0.0,0.1286549707602339,0.7280701754385965
244,0.1111111111111111,0.2222222222222222,0.6666666666666666,0.0
245,0.43478260869565216,0.19130434782608696,0.0,0.3739130434782609
246,0.0,0.3185840707964602,0.23008849557522124,0.45132743362831856
247,0.3184713375796178,0.6114649681528662,0.0,0.07006369426751592
248,0.12063492063492064,0.0,0.4666666666666667,0.4126984126984127
249,0.32,0.04,0.64,0.0
250,0.36363636363636365,0.0,0.13636363636363635,0.5
251,0.06896551724137931,0.6724137931034483,0.25862068965517243,0.0
252,0.35185185185185186,0.17592592592592593,0.0,0.4722222222222222
253,0.0,0.7647058823529411,0.23529411764705882,0.0
254,0.16279069767441862,0.6744186046511628,0.0,0.16279069767441862
255,0.0,0.08,0.28,0.64
256,0.022222222222222223,0.0,0.8,0.17777777777777778
257,0.2,0.0,0.5428571428571428,0.2571428571428571
258,0.6785714285714286,0.32142857142857145,0.0,0.0
259,0.15625,0.0,0.03125,0.8125
260,0.35294117647058826,0.0,0.058823529411764705,0.5882352941176471
261,0.5135135135135135,0.0,0.0,0.4864864864864865
262,0.05555555555555555,0.0,0.7222222222222222,0.2222222222222222
263,0.3763440860215054,0.13978494623655913,0.0,0.4838709677419355
264,0.0,0.0,0.0,1.0
265,,,,
266,0.4444444444444444,0.0,0.2222222222222222,0.3333333333333333
267,0.0,0.0,0.5892857142857143,0.4107142857142857
268,0.125,0.0,0.4375,0.4375
269,0.0851063829787234,0.7872340425531915,0.0,0.1276595744680851
270,0.2,0.0,0.0,0.8
271,0.00980392156862745,0.0,0.9705882352941176,0.0196078431372549
272,0.5217391304347826,0.391304347826087,0.08695652173913043,0.0
273,0.4269005847953216,0.47953216374269003,0.0,0.0935672514619883
274,0.13333333333333333,0.8,0.06666666666666667,0.0
275,0.2981132075471698,0.5094339622641509,0.0,0.19245283018867926
276,0.3333333333333333,0.6666666666666666,0.0,0.0
277,0.0,0.14285714285714285,0.14285714285714285,0.7142857142857143
278,0.03225806451612903,0.9032258064516129,0.06451612903225806,0.0
279,0.4444444444444444,0.1111111111111111,0.4444444444444444,0.0
280,0.0,0.009478672985781991,0.009478672985781991,0.981042654028436
281,0.005988023952095809,0.0,0.041916167664670656,0.9520958083832335
282,0.09090909090909091,0.09090909090909091,0.8181818181818182,0.0
283,0.3333333333333333,0.16666666666666666,0.0,0.5
284,0.0,0.6764705882352942,0.3235294117647059,0.0
285,0.5625,0.0625,0.0,0.375
286,0.23529411764705882,0.0,0.17647058823529413,0.5882352941176471
287,0.21052631578947367,0.7894736842105263,0.0,0.0
288,0.6376811594202898,0.0,0.34782608695652173,0.014492753623188406
289,0.0,1.0,0.0,0.0
290,0.56,0.0,0.44,0.0
291,0.0,0.3,0.7,0.0
292,1.0,0.0,0.0,0.0
293,0.0,0.0,0.0,1.0
294,0.3333333333333333,0.6666666666666666,0.0,0.0
295,0.0,0.0,1.0,0.0
296,0.0,0.0,0.0,1.0
297,0.0,0.8,0.0,0.2
298,1.0,0.0,0.0,0.0
299,,,,
300,,,,
301,,,,
302,,,,
303,,,,
304,,,,
305,,,,
306,,,,
307,,,,
