,A,C,G,T
0,,,,
1,,,,
2,0.4931506849315068,0.363013698630137,0.0,0.14383561643835616
3,0.632,0.144,0.0,0.224
4,0.44656488549618323,0.4122137404580153,0.14122137404580154,0.0
5,0.5083612040133779,0.16387959866220736,0.0,0.3277591973244147
6,0.5555555555555556,0.0,0.291005291005291,0.15343915343915343
7,0.0,0.11486486486486487,0.7432432432432432,0.14189189189189189
8,0.7286432160804021,0.19899497487437187,0.0,0.07236180904522613
9,0.08262350936967632,0.0,0.07666098807495741,0.8407155025553663
10,0.35135135135135137,0.2702702702702703,0.3783783783783784,0.0
11,0.626,0.174,0.0,0.2
12,0.092,0.422,0.486,0.0
13,0.10909090909090909,0.806060606060606,0.08484848484848485,0.0
14,0.3125,0.3263888888888889,0.0,0.3611111111111111
15,0.03070175438596491,0.8333333333333334,0.0,0.13596491228070176
16,0.0,0.7053571428571429,0.09821428571428571,0.19642857142857142
17,0.740234375,0.1875,0.0,0.072265625
18,0.14285714285714285,0.38095238095238093,0.47619047619047616,0.0
19,0.2682926829268293,0.0,0.04878048780487805,0.6829268292682927
20,0.14669421487603307,0.19421487603305784,0.6590909090909091,0.0
21,0.1724137931034483,0.06896551724137931,0.0,0.7586206896551724
22,0.2,0.1,0.0,0.7
23,0.4305555555555556,0.2569444444444444,0.0,0.3125
24,0.18461538461538463,0.1076923076923077,0.0,0.7076923076923077
25,0.12195121951219512,0.1951219512195122,0.0,0.6829268292682927
26,0.0,0.28717948717948716,0.5846153846153846,0.1282051282051282
27,0.6163793103448276,0.27586206896551724,0.0,0.10775862068965517
28,0.656,0.3,0.0,0.044
29,0.4125,0.0,0.25,0.3375
30,0.05574912891986063,0.7874564459930313,0.156794425087108,0.0
31,0.012658227848101266,0.5443037974683544,0.4430379746835443,0.0
32,0.4385026737967914,0.49732620320855614,0.0,0.06417112299465241
33,0.7745358090185677,0.07692307692307693,0.0,0.14854111405835543
34,0.18404907975460122,0.696319018404908,0.1196319018404908,0.0
35,0.0,0.2167577413479053,0.47176684881602915,0.3114754098360656
36,0.5714285714285714,0.0,0.30357142857142855,0.125
37,0.0,0.308411214953271,0.616822429906542,0.07476635514018691
38,0.5583333333333333,0.26666666666666666,0.0,0.175
39,0.3090909090909091,0.0,0.14545454545454545,0.5454545454545454
40,0.29577464788732394,0.0,0.3380281690140845,0.36619718309859156
41,0.034193548387096775,0.04774193548387097,0.9180645161290323,0.0
42,0.225,0.05,0.0,0.725
43,0.18867924528301888,0.18867924528301888,0.0,0.6226415094339622
44,0.45528455284552843,0.16260162601626016,0.0,0.3821138211382114
45,0.5075757575757576,0.23484848484848486,0.0,0.25757575757575757
46,0.8391608391608392,0.08041958041958042,0.0,0.08041958041958042
47,0.34375,0.22916666666666666,0.0,0.4270833333333333
48,0.22033898305084745,0.2711864406779661,0.5084745762711864,0.0
49,0.38461538461538464,0.0,0.21153846153846154,0.40384615384615385
50,0.2677595628415301,0.0,0.24043715846994534,0.4918032786885246
51,0.27049180327868855,0.0,0.36065573770491804,0.36885245901639346
52,0.14285714285714285,0.34285714285714286,0.5142857142857142,0.0
53,0.30603448275862066,0.5129310344827587,0.0,0.1810344827586207
54,0.0,0.7028571428571428,0.26285714285714284,0.03428571428571429
55,0.28780487804878047,0.5414634146341464,0.0,0.17073170731707318
56,0.0,0.5496688741721855,0.32450331125827814,0.12582781456953643
57,0.22950819672131148,0.0,0.6721311475409836,0.09836065573770492
58,0.024691358024691357,0.49382716049382713,0.48148148148148145,0.0
59,0.2727272727272727,0.0,0.4393939393939394,0.2878787878787879
60,0.14414414414414414,0.31981981981981983,0.536036036036036,0.0
61,0.36619718309859156,0.0,0.2112676056338028,0.4225352112676056
62,0.2616033755274262,0.0,0.16455696202531644,0.5738396624472574
63,0.06976744186046512,0.32558139534883723,0.6046511627906976,0.0
64,0.06896551724137931,0.2413793103448276,0.0,0.6896551724137931
65,0.019305019305019305,0.8571428571428571,0.12355212355212356,0.0
66,0.5585106382978723,0.05319148936170213,0.0,0.3882978723404255
67,0.28125,0.0,0.06850961538461539,0.6502403846153846
68,0.0,0.26536312849162014,0.4888268156424581,0.24581005586592178
69,0.7797356828193832,0.1277533039647577,0.0,0.09251101321585903
70,0.06990881458966565,0.0,0.44680851063829785,0.48328267477203646
71,0.14285714285714285,0.0,0.34615384615384615,0.510989010989011
72,0.11510791366906475,0.39568345323741005,0.4892086330935252,0.0
73,0.3181818181818182,0.0,0.10606060606060606,0.5757575757575758
74,0.1956521739130435,0.5072463768115942,0.2971014492753623,0.0
75,0.3968253968253968,0.2857142857142857,0.0,0.31746031746031744
76,0.7851239669421488,0.08264462809917356,0.0,0.1322314049586777
77,0.0,0.5186246418338109,0.31805157593123207,0.16332378223495703
78,0.29739776951672864,0.5018587360594795,0.20074349442379183,0.0
79,0.24603174603174602,0.5555555555555556,0.1984126984126984,0.0
80,0.14181818181818182,0.0,0.12727272727272726,0.730909090909091
81,0.0,0.3733528550512445,0.39970717423133234,0.22693997071742314
82,0.24356617647058823,0.0,0.44669117647058826,0.30974264705882354
83,0.19279661016949154,0.0,0.3114406779661017,0.4957627118644068
84,0.25806451612903225,0.38064516129032255,0.36129032258064514,0.0
85,0.23387096774193547,0.532258064516129,0.23387096774193547,0.0
86,0.06890459363957598,0.8144876325088339,0.1166077738515901,0.0
87,0.0,0.29239766081871343,0.5760233918128655,0.13157894736842105
88,0.511727078891258,0.39445628997867804,0.0,0.09381663113006397
89,0.1849624060150376,0.0,0.20526315789473684,0.6097744360902255
90,0.0,0.13821138211382114,0.6199186991869918,0.241869918699187
91,0.6710097719869706,0.26854867897213175,0.0,0.060441549040897574
92,0.1588785046728972,0.0,0.12914188615123195,0.7119796091758709
93,0.2849557522123894,0.5805309734513274,0.13451327433628318,0.0
94,0.0,0.3619167717528373,0.09205548549810845,0.5460277427490542
95,0.12318840579710146,0.7801932367149759,0.0966183574879227,0.0
96,0.28368794326241137,0.31678486997635935,0.0,0.39952718676122934
97,0.18649193548387097,0.0,0.4485887096774194,0.3649193548387097
98,0.35175879396984927,0.0,0.3316582914572864,0.3165829145728643
99,0.0,0.3725,0.2375,0.39
100,0.05714285714285714,0.42857142857142855,0.5142857142857142,0.0
101,0.19383259911894274,0.5154185022026432,0.0,0.2907488986784141
102,0.0,0.19124087591240876,0.6554744525547446,0.15328467153284672
103,0.433991683991684,0.5041580041580042,0.0,0.061850311850311854
104,0.02551521099116781,0.0,0.10107948969578018,0.873405299313052
105,0.07317073170731707,0.3170731707317073,0.6097560975609756,0.0
106,0.02631578947368421,0.07894736842105263,0.0,0.8947368421052632
107,0.07407407407407407,0.18518518518518517,0.0,0.7407407407407407
108,0.5155555555555555,0.20444444444444446,0.0,0.28
109,0.14583333333333334,0.5416666666666666,0.3125,0.0
110,0.1935483870967742,0.0,0.40860215053763443,0.3978494623655914
111,0.37254901960784315,0.0,0.39215686274509803,0.23529411764705882
112,0.3939393939393939,0.06060606060606061,0.0,0.5454545454545454
113,0.2764227642276423,0.0,0.21951219512195122,0.5040650406504065
114,0.5135135135135135,0.0,0.21621621621621623,0.2702702702702703
115,0.0,0.21341463414634146,0.6158536585365854,0.17073170731707318
116,0.6,0.24,0.0,0.16
117,0.5590200445434298,0.2650334075723831,0.0,0.1759465478841871
118,0.06989247311827956,0.0,0.24193548387096775,0.6881720430107527
119,0.13257575757575757,0.5568181818181818,0.3106060606060606,0.0
120,0.14814814814814814,0.0,0.5925925925925926,0.25925925925925924
121,0.7105263157894737,0.0,0.10526315789473684,0.18421052631578946
122,0.0,0.2767857142857143,0.5386904761904762,0.18452380952380953
123,0.4126984126984127,0.30158730158730157,0.0,0.2857142857142857
124,0.5595238095238095,0.2619047619047619,0.0,0.17857142857142858
125,0.6900369003690037,0.2140221402214022,0.0,0.0959409594095941
126,0.0,0.334841628959276,0.6153846153846154,0.049773755656108594
127,0.0,0.09006211180124224,0.8478260869565217,0.062111801242236024
128,0.38823529411764707,0.18823529411764706,0.0,0.4235294117647059
129,0.3888888888888889,0.06666666666666667,0.0,0.5444444444444444
130,0.3333333333333333,0.3466666666666667,0.0,0.32
131,0.5990730011587485,0.24913093858632676,0.0,0.15179606025492468
132,0.28125,0.0,0.3046875,0.4140625
133,0.03558718861209965,0.5800711743772242,0.38434163701067614,0.0
134,0.5075187969924813,0.10150375939849623,0.0,0.39097744360902253
135,0.21608040201005024,0.46733668341708545,0.0,0.3165829145728643
136,0.0,0.058823529411764705,0.8363171355498721,0.10485933503836317
137,0.7201907790143084,0.10174880763116058,0.0,0.178060413354531
138,0.026845637583892617,0.06040268456375839,0.912751677852349,0.0
139,0.25477707006369427,0.10191082802547771,0.0,0.643312101910828
140,0.13304721030042918,0.45493562231759654,0.0,0.41201716738197425
141,0.43982494529540483,0.3479212253829322,0.0,0.212253829321663
142,0.10810810810810811,0.2072072072072072,0.6846846846846847,0.0
143,0.2079207920792079,0.0,0.40594059405940597,0.38613861386138615
144,0.053811659192825115,0.020179372197309416,0.9260089686098655,0.0
145,0.5904255319148937,0.0,0.21808510638297873,0.19148936170212766
146,0.0,0.3181818181818182,0.39723320158102765,0.2845849802371542
147,0.47286108555657774,0.4015639374425023,0.0,0.12557497700091996
148,0.1426448736998514,0.30906389301634474,0.5482912332838039,0.0
149,0.1613995485327314,0.5598194130925508,0.27878103837471785,0.0
150,0.0,0.2530612244897959,0.42857142857142855,0.3183673469387755
151,0.1762820512820513,0.391025641025641,0.4326923076923077,0.0
152,0.12557427258805512,0.48238897396630936,0.39203675344563554,0.0
153,0.2317429406037001,0.5092502434274586,0.2590068159688413,0.0
154,0.0,0.2943201376936317,0.2685025817555938,0.43717728055077454
155,0.08869987849331713,0.7436208991494532,0.16767922235722965,0.0
156,0.0,0.16583629893238433,0.7644128113879004,0.06975088967971531
157,0.4884020618556701,0.4007731958762887,0.0,0.11082474226804123
158,0.20839064649243466,0.0,0.16299862448418156,0.6286107290233838
159,0.5423076923076923,0.23846153846153847,0.0,0.21923076923076923
160,0.7338656021290751,0.20891550232867598,0.0,0.057218895542248835
161,0.33879093198992444,0.47103274559193953,0.190176322418136,0.0
162,0.7465753424657534,0.0863013698630137,0.0,0.16712328767123288
163,0.4688995215311005,0.3548644338118022,0.0,0.1762360446570973
164,0.33513513513513515,0.422972972972973,0.2418918918918919,0.0
165,0.0,0.2391304347826087,0.6191626409017713,0.14170692431561996
166,0.28530424799081516,0.5287026406429391,0.0,0.1859931113662457
167,0.37777777777777777,0.4177777777777778,0.20444444444444446,0.0
168,0.0,0.2727272727272727,0.5683607730851825,0.15891195418754475
169,0.3657906074967686,0.5028005170185265,0.0,0.13140887548470487
170,0.27356624917600525,0.0,0.2834541858932103,0.44297956493078444
171,0.0,0.10510510510510511,0.5465465465465466,0.3483483483483483
172,0.26453488372093026,0.0,0.2747093023255814,0.46075581395348836
173,0.0,0.33114754098360655,0.36721311475409835,0.3016393442622951
174,0.327852998065764,0.44777562862669246,0.22437137330754353,0.0
175,0.0,0.22794117647058823,0.10399159663865547,0.6680672268907563
176,0.10088495575221239,0.0,0.13805309734513274,0.7610619469026548
177,0.1556420233463035,0.4669260700389105,0.377431906614786,0.0
178,0.0,0.4631578947368421,0.11578947368421053,0.42105263157894735
179,0.0442225392296719,0.8630527817403709,0.09272467902995721,0.0
180,0.4881516587677725,0.2014218009478673,0.0,0.3104265402843602
181,0.10071942446043165,0.0,0.5179856115107914,0.381294964028777
182,0.0,0.25343811394891946,0.5579567779960707,0.18860510805500982
183,0.5952380952380952,0.24404761904761904,0.0,0.16071428571428573
184,0.0,0.46153846153846156,0.4542124542124542,0.08424908424908426
185,0.1535181236673774,0.0,0.47547974413646055,0.37100213219616207
186,0.12844036697247707,0.2415902140672783,0.6299694189602446,0.0
187,0.22302158273381295,0.0,0.06474820143884892,0.7122302158273381
188,0.21379310344827587,0.0,0.12643678160919541,0.6597701149425287
189,0.41509433962264153,0.3490566037735849,0.0,0.2358490566037736
190,0.09696969696969697,0.28484848484848485,0.6181818181818182,0.0
191,0.3992932862190813,0.34275618374558303,0.0,0.2579505300353357
192,0.0,0.43769968051118213,0.549520766773163,0.012779552715654952
193,0.0,0.08080808080808081,0.8501683501683501,0.06902356902356903
194,0.4051724137931034,0.25862068965517243,0.0,0.33620689655172414
195,0.3125,0.1875,0.0,0.5
196,0.4935064935064935,0.09090909090909091,0.0,0.4155844155844156
197,0.3851851851851852,0.0,0.2222222222222222,0.3925925925925926
198,0.7464788732394366,0.0,0.16901408450704225,0.08450704225352113
199,0.47191011235955055,0.11235955056179775,0.0,0.4157303370786517
200,0.4315525876460768,0.511686143572621,0.0,0.05676126878130217
201,0.17647058823529413,0.2823529411764706,0.5411764705882353,0.0
202,0.19047619047619047,0.39285714285714285,0.4166666666666667,0.0
203,0.421875,0.0,0.109375,0.46875
204,0.0,0.06338028169014084,0.5176056338028169,0.41901408450704225
205,0.1540041067761807,0.0,0.30390143737166325,0.5420944558521561
206,0.47586206896551725,0.0,0.23448275862068965,0.2896551724137931
207,0.0,0.08900523560209424,0.8324607329842932,0.07853403141361257
208,0.06701030927835051,0.6237113402061856,0.30927835051546393,0.0
209,0.12994350282485875,0.0,0.3559322033898305,0.5141242937853108
210,0.44537815126050423,0.07563025210084033,0.4789915966386555,0.0
211,0.46226415094339623,0.0,0.10849056603773585,0.42924528301886794
212,0.4676258992805755,0.0,0.2158273381294964,0.31654676258992803
213,0.0,0.5822784810126582,0.2911392405063291,0.12658227848101267
214,0.6161616161616161,0.1919191919191919,0.0,0.1919191919191919
215,0.0,0.21428571428571427,0.7142857142857143,0.07142857142857142
216,0.4918032786885246,0.39344262295081966,0.0,0.11475409836065574
217,0.0,0.5684210526315789,0.2736842105263158,0.15789473684210525
218,0.1180952380952381,0.7914285714285715,0.09047619047619047,0.0
219,0.0,0.048223350253807105,0.9120135363790186,0.03976311336717428
220,0.0,0.31716417910447764,0.4253731343283582,0.2574626865671642
221,0.07177615571776155,0.8126520681265207,0.11557177615571776,0.0
222,0.1404494382022472,0.28370786516853935,0.5758426966292135,0.0
223,0.3857677902621723,0.0,0.08239700374531835,0.5318352059925093
224,0.1934673366834171,0.0,0.41959798994974873,0.3869346733668342
225,0.0,0.37797619047619047,0.5952380952380952,0.026785714285714284
226,0.0,0.19771863117870722,0.7376425855513308,0.06463878326996197
227,0.5081967213114754,0.4098360655737705,0.0,0.08196721311475409
228,0.0,0.13583815028901733,0.7832369942196532,0.08092485549132948
229,0.0,0.15738963531669867,0.8099808061420346,0.03262955854126679
230,0.12836185819070906,0.0,0.09535452322738386,0.7762836185819071
231,0.0,0.128099173553719,0.44214876033057854,0.4297520661157025
232,0.11442006269592477,0.0,0.08150470219435736,0.8040752351097179
233,0.4852573713143428,0.28235882058970513,0.0,0.23238380809595202
234,0.11438127090301003,0.0,0.568561872909699,0.31705685618729096
235,0.26229508196721313,0.32786885245901637,0.4098360655737705,0.0
236,0.4493273542600897,0.34618834080717487,0.0,0.20448430493273542
237,0.18352059925093633,0.5131086142322098,0.30337078651685395,0.0
238,0.0,0.22882288228822883,0.041804180418041806,0.7293729372937293
239,0.0603448275862069,0.646551724137931,0.29310344827586204,0.0
240,0.09107142857142857,0.0,0.06428571428571428,0.8446428571428571
241,0.18421052631578946,0.18421052631578946,0.631578947368421,0.0
242,0.4951338199513382,0.27007299270072993,0.0,0.23479318734793186
243,0.10864745011086474,0.0,0.8425720620842572,0.04878048780487805
244,0.0,0.06666666666666667,0.45,0.48333333333333334
245,0.0,0.3606271777003484,0.5331010452961672,0.10627177700348432
246,0.0,0.32752613240418116,0.1672473867595819,0.5052264808362369
247,0.10869565217391304,0.2608695652173913,0.6304347826086957,0.0
248,0.26875,0.575,0.0,0.15625
249,0.0,0.13395638629283488,0.8052959501557633,0.06074766355140187
250,0.0,0.1885369532428356,0.7420814479638009,0.0693815987933635
251,0.10429447852760736,0.0,0.2310838445807771,0.6646216768916156
252,0.0,0.11830985915492957,0.7661971830985915,0.11549295774647887
253,0.7539184952978056,0.19435736677115986,0.0,0.05172413793103448
254,0.18035714285714285,0.0,0.125,0.6946428571428571
255,0.1678832116788321,0.0,0.48175182481751827,0.35036496350364965
256,0.1111111111111111,0.2916666666666667,0.5972222222222222,0.0
257,0.27403846153846156,0.4807692307692308,0.0,0.24519230769230768
258,0.0,0.5734463276836158,0.4180790960451977,0.00847457627118644
259,0.20050761421319796,0.6675126903553299,0.0,0.1319796954314721
260,0.0,0.43190661478599224,0.4357976653696498,0.13229571984435798
261,0.3436426116838488,0.5910652920962199,0.0,0.06529209621993128
262,0.12424445936870383,0.0,0.10879785090664876,0.7669576897246474
263,0.23015873015873015,0.0,0.20634920634920634,0.5634920634920635
264,0.4878048780487805,0.21951219512195122,0.0,0.2926829268292683
265,0.0,0.43037974683544306,0.5189873417721519,0.05063291139240506
266,0.3810810810810811,0.5540540540540541,0.0,0.06486486486486487
267,0.3,0.15,0.0,0.55
268,0.0,0.36363636363636365,0.3181818181818182,0.3181818181818182
269,0.22285714285714286,0.0,0.16,0.6171428571428571
270,0.0,0.03292181069958848,0.21810699588477367,0.7489711934156379
271,0.3877551020408163,0.0,0.10204081632653061,0.5102040816326531
272,0.5327102803738317,0.17757009345794392,0.0,0.2897196261682243
273,0.34615384615384615,0.11538461538461539,0.0,0.5384615384615384
274,0.22105263157894736,0.0,0.6421052631578947,0.1368421052631579
275,0.16176470588235295,0.0,0.11764705882352941,0.7205882352941176
276,0.7369682444577591,0.19113241461953265,0.0,0.07189934092270821
277,0.08614232209737828,0.6329588014981273,0.2808988764044944,0.0
278,0.0,0.2989634478996181,0.3120567375886525,0.3889798145117294
279,0.16666666666666666,0.16666666666666666,0.6666666666666666,0.0
280,0.0,0.18421052631578946,0.15789473684210525,0.6578947368421053
281,0.02046783625730994,0.9181286549707602,0.06140350877192982,0.0
282,0.12941176470588237,0.7294117647058823,0.1411764705882353,0.0
283,0.0,0.03238095238095238,0.04380952380952381,0.9238095238095239
284,0.017356475300400534,0.0,0.02403204272363151,0.9586114819759679
285,0.22916666666666666,0.125,0.6458333333333334,0.0
286,0.4098360655737705,0.09836065573770492,0.0,0.4918032786885246
287,0.00558659217877095,0.6256983240223464,0.3687150837988827,0.0
288,0.7772277227722773,0.039603960396039604,0.0,0.18316831683168316
289,0.068762278978389,0.0,0.10805500982318271,0.8231827111984283
290,0.593607305936073,0.2100456621004566,0.0,0.1963470319634703
291,0.0,0.5285714285714286,0.4714285714285714,0.0
292,0.0,0.09724770642201835,0.8880733944954129,0.014678899082568808
293,0.0,0.07751937984496124,0.9069767441860465,0.015503875968992248
294,0.32061068702290074,0.366412213740458,0.0,0.31297709923664124
295,0.0,0.3695652173913043,0.3804347826086957,0.25
296,0.25862068965517243,0.603448275862069,0.13793103448275862,0.0
297,0.28125,0.0,0.65625,0.0625
298,0.2857142857142857,0.2571428571428571,0.45714285714285713,0.0
299,0.0,0.6,0.4,0.0
300,0.5,0.25,0.25,0.0
301,0.0,0.0,1.0,0.0
302,,,,
303,0.25,0.0,0.5,0.25
304,,,,
305,,,,
306,,,,
307,,,,
308,,,,
309,,,,
310,,,,
311,,,,
312,,,,
313,,,,
314,,,,
315,,,,
