,A,C,G,T
0,,,,
1,,,,
2,0.545536519386835,0.3814247069431921,0.0,0.07303877366997295
3,0.6597510373443983,0.2074688796680498,0.0,0.13278008298755187
4,0.4760705289672544,0.35768261964735515,0.16624685138539042,0.0
5,0.510576923076923,0.16346153846153846,0.0,0.32596153846153847
6,0.4716981132075472,0.0,0.4490566037735849,0.07924528301886792
7,0.0,0.12814070351758794,0.628140703517588,0.24371859296482412
8,0.0,0.0,1.0,0.0
9,0.03896103896103896,0.0,0.1281761716544325,0.8328627893845285
10,0.3333333333333333,0.4166666666666667,0.25,0.0
11,0.6680080482897385,0.12474849094567404,0.0,0.20724346076458752
12,0.3509803921568627,0.37058823529411766,0.0,0.2784313725490196
13,0.38738738738738737,0.545045045045045,0.06756756756756757,0.0
14,0.6412429378531074,0.10734463276836158,0.0,0.2514124293785311
15,0.01891891891891892,0.8837837837837837,0.0,0.0972972972972973
16,0.0,0.6541353383458647,0.13533834586466165,0.21052631578947367
17,0.8597339782345829,0.11366384522370013,0.0,0.026602176541717048
18,0.3684210526315789,0.21052631578947367,0.42105263157894735,0.0
19,0.34545454545454546,0.0,0.18181818181818182,0.4727272727272727
20,0.06262626262626263,0.1606060606060606,0.7767676767676768,0.0
21,0.22857142857142856,0.2857142857142857,0.0,0.4857142857142857
22,0.045454545454545456,0.24242424242424243,0.0,0.7121212121212122
23,0.5555555555555556,0.17333333333333334,0.0,0.27111111111111114
24,0.1282051282051282,0.1282051282051282,0.0,0.7435897435897436
25,0.10144927536231885,0.10144927536231885,0.0,0.7971014492753623
26,0.0,0.3348115299334812,0.5809312638580931,0.08425720620842572
27,0.3891891891891892,0.3891891891891892,0.0,0.22162162162162163
28,0.4037433155080214,0.48663101604278075,0.0,0.10962566844919786
29,0.20555555555555555,0.0,0.2,0.5944444444444444
30,0.10144927536231885,0.0,0.15942028985507245,0.7391304347826086
31,0.18072289156626506,0.6706827309236948,0.14859437751004015,0.0
32,0.43043478260869567,0.21304347826086956,0.0,0.3565217391304348
33,0.46938775510204084,0.11224489795918367,0.0,0.41836734693877553
34,0.049019607843137254,0.7941176470588235,0.1568627450980392,0.0
35,0.4035714285714286,0.0,0.45357142857142857,0.14285714285714285
36,0.0,0.7166979362101313,0.2701688555347092,0.013133208255159476
37,0.0,0.33532934131736525,0.6077844311377245,0.05688622754491018
38,0.35403726708074534,0.5838509316770186,0.0,0.062111801242236024
39,0.47770700636942676,0.0,0.19745222929936307,0.3248407643312102
40,0.23214285714285715,0.0,0.45535714285714285,0.3125
41,0.01316270566727605,0.019744058500914076,0.9670932358318098,0.0
42,0.30434782608695654,0.17391304347826086,0.0,0.5217391304347826
43,0.3559322033898305,0.2542372881355932,0.0,0.3898305084745763
44,0.5855263157894737,0.21710526315789475,0.0,0.19736842105263158
45,0.5961538461538461,0.24358974358974358,0.0,0.16025641025641027
46,0.8805418719211823,0.06896551724137931,0.0,0.050492610837438424
47,0.4070175438596491,0.3333333333333333,0.0,0.2596491228070175
48,0.1511627906976744,0.3488372093023256,0.5,0.0
49,0.38461538461538464,0.0,0.16923076923076924,0.4461538461538462
50,0.427536231884058,0.0,0.28502415458937197,0.28743961352657005
51,0.2596685082872928,0.0,0.40331491712707185,0.3370165745856354
52,0.4024390243902439,0.14634146341463414,0.45121951219512196,0.0
53,0.5183333333333333,0.415,0.0,0.06666666666666667
54,0.0,0.8379310344827586,0.0896551724137931,0.07241379310344828
55,0.3022598870056497,0.5988700564971752,0.0,0.09887005649717515
56,0.0,0.3524355300859599,0.5816618911174785,0.0659025787965616
57,0.3345724907063197,0.0,0.5687732342007435,0.09665427509293681
58,0.0392156862745098,0.5784313725490197,0.38235294117647056,0.0
59,0.10576923076923077,0.0,0.5705128205128205,0.32371794871794873
60,0.362116991643454,0.28133704735376047,0.3565459610027855,0.0
61,0.3670886075949367,0.0,0.189873417721519,0.4430379746835443
62,0.23638778220451528,0.0,0.1845949535192563,0.5790172642762285
63,0.07142857142857142,0.22857142857142856,0.7,0.0
64,0.15625,0.28125,0.0,0.5625
65,0.006369426751592357,0.8439490445859873,0.14968152866242038,0.0
66,0.6541353383458647,0.06265664160401002,0.0,0.2832080200501253
67,0.3566646378575776,0.0,0.09494826536822885,0.5483870967741935
68,0.0,0.34173669467787116,0.4565826330532213,0.20168067226890757
69,0.7601246105919003,0.102803738317757,0.0,0.13707165109034267
70,0.039783001808318265,0.0,0.6410488245931284,0.3191681735985534
71,0.23356009070294784,0.0,0.48299319727891155,0.2834467120181406
72,0.16666666666666666,0.4950980392156863,0.3382352941176471,0.0
73,0.55,0.0,0.2357142857142857,0.21428571428571427
74,0.22338830584707647,0.5217391304347826,0.25487256371814093,0.0
75,0.580952380952381,0.20952380952380953,0.0,0.20952380952380953
76,0.6666666666666666,0.14285714285714285,0.0,0.19047619047619047
77,0.0,0.49934980494148246,0.28738621586475943,0.21326397919375814
78,0.3435114503816794,0.48346055979643765,0.17302798982188294,0.0
79,0.24161073825503357,0.5234899328859061,0.2348993288590604,0.0
80,0.1206896551724138,0.0,0.14224137931034483,0.7370689655172413
81,0.0,0.3230769230769231,0.42834008097165993,0.248582995951417
82,0.29746554024010674,0.0,0.3601600711427301,0.3423743886171632
83,0.16428162564396107,0.0,0.30795649685174586,0.527761877504293
84,0.09076433121019108,0.5557324840764332,0.3535031847133758,0.0
85,0.1206896551724138,0.5689655172413793,0.3103448275862069,0.0
86,0.19440914866581957,0.0,0.10927573062261753,0.6963151207115629
87,0.0,0.25357873210633947,0.6073619631901841,0.1390593047034765
88,0.6523972602739726,0.22945205479452055,0.0,0.11815068493150685
89,0.2739564961787184,0.5332157554379776,0.19282774838330394,0.0
90,0.0,0.184109205460273,0.5764788239411971,0.23941197059852992
91,0.41657077100115075,0.44533947065592633,0.0,0.1380897583429229
92,0.15765171503957784,0.0,0.05474934036939314,0.787598944591029
93,0.15832205683355885,0.7185385656292287,0.12313937753721245,0.0
94,0.0,0.2746987951807229,0.11646586345381527,0.6088353413654618
95,0.051969823973176864,0.8692372170997485,0.07879295892707461,0.0
96,0.0,0.18311345646437996,0.6089709762532981,0.2079155672823219
97,0.3266305748904357,0.5924207269914926,0.0,0.08094869811807166
98,0.13045738045738045,0.0,0.12681912681912683,0.7427234927234927
99,0.0,0.3930131004366812,0.15065502183406113,0.45633187772925765
100,0.0410958904109589,0.3013698630136986,0.6575342465753424,0.0
101,0.390646492434663,0.42916093535075656,0.0,0.18019257221458046
102,0.0,0.4189315838800375,0.48922211808809746,0.09184629803186505
103,0.0,0.45168415240198784,0.3732744340143567,0.17504141358365544
104,0.032915360501567396,0.0,0.0794148380355277,0.8876698014629049
105,0.07792207792207792,0.15584415584415584,0.7662337662337663,0.0
106,0.11475409836065574,0.09836065573770492,0.0,0.7868852459016393
107,0.12244897959183673,0.24489795918367346,0.0,0.6326530612244898
108,0.45345345345345345,0.22822822822822822,0.0,0.3183183183183183
109,0.06172839506172839,0.5308641975308642,0.4074074074074074,0.0
110,0.21232876712328766,0.0,0.136986301369863,0.6506849315068494
111,0.49122807017543857,0.0,0.2807017543859649,0.22807017543859648
112,0.32075471698113206,0.37735849056603776,0.0,0.3018867924528302
113,0.2826086956521739,0.0,0.3385093167701863,0.37888198757763975
114,0.4805194805194805,0.0,0.23376623376623376,0.2857142857142857
115,0.0,0.17391304347826086,0.33695652173913043,0.4891304347826087
116,0.72,0.128,0.0,0.152
117,0.46601941747572817,0.312621359223301,0.0,0.22135922330097088
118,0.41398865784499056,0.0,0.23062381852551986,0.3553875236294896
119,0.18736383442265794,0.6187363834422658,0.19389978213507625,0.0
120,0.4,0.0,0.32727272727272727,0.2727272727272727
121,0.6153846153846154,0.0,0.3076923076923077,0.07692307692307693
122,0.0,0.23792486583184258,0.4597495527728086,0.3023255813953488
123,0.23880597014925373,0.34328358208955223,0.0,0.417910447761194
124,0.4666666666666667,0.16,0.0,0.37333333333333335
125,0.5864978902953587,0.3333333333333333,0.0,0.08016877637130802
126,0.0,0.39086294416243655,0.5862944162436549,0.02284263959390863
127,0.0,0.0940959409594096,0.8007380073800738,0.10516605166051661
128,0.22813688212927757,0.5057034220532319,0.0,0.2661596958174905
129,0.3375796178343949,0.12101910828025478,0.0,0.5414012738853503
130,0.3125,0.16666666666666666,0.0,0.5208333333333334
131,0.5677485832045337,0.2797527047913447,0.0,0.1524987120041216
132,0.28346456692913385,0.0,0.40551181102362205,0.3110236220472441
133,0.056555269922879174,0.5269922879177378,0.41645244215938304,0.0
134,0.437137330754352,0.1644100580270793,0.0,0.3984526112185687
135,0.16279069767441862,0.5988372093023255,0.0,0.23837209302325582
136,0.0,0.12133072407045009,0.786692759295499,0.09197651663405088
137,0.7285276073619632,0.08742331288343558,0.0,0.18404907975460122
138,0.0967741935483871,0.036290322580645164,0.8669354838709677,0.0
139,0.2584745762711864,0.07627118644067797,0.0,0.6652542372881356
140,0.1870748299319728,0.3673469387755102,0.0,0.445578231292517
141,0.4329446064139942,0.39212827988338195,0.0,0.1749271137026239
142,0.12883435582822086,0.147239263803681,0.7239263803680982,0.0
143,0.2660098522167488,0.0,0.2660098522167488,0.46798029556650245
144,0.04568527918781726,0.018129079042784626,0.9361856417693981,0.0
145,0.6421052631578947,0.0,0.2578947368421053,0.1
146,0.0,0.30652962515114873,0.48972188633615477,0.2037484885126965
147,0.40560165975103735,0.07053941908713693,0.5238589211618258,0.0
148,0.31368821292775667,0.0,0.31844106463878324,0.3678707224334601
149,0.2721854304635762,0.0,0.2,0.5278145695364238
150,0.0,0.3893333333333333,0.448,0.16266666666666665
151,0.23809523809523808,0.22023809523809523,0.5416666666666666,0.0
152,0.18992248062015504,0.5896317829457365,0.22044573643410853,0.0
153,0.0,0.1320754716981132,0.7341337907375644,0.13379073756432247
154,0.3551784669397308,0.5956699824458748,0.0,0.049151550614394385
155,0.16563944530046226,0.6302003081664098,0.2041602465331279,0.0
156,0.0,0.2842368045649073,0.6258915834522111,0.0898716119828816
157,0.3478860294117647,0.5459558823529411,0.0,0.10615808823529412
158,0.27099236641221375,0.5245971162001697,0.20441051738761662,0.0
159,0.0,0.17823971693940735,0.7195931003980539,0.1021671826625387
160,0.4361856417693981,0.4677302393038434,0.0,0.09608411892675853
161,0.22444011684518014,0.5418695228821812,0.23369036027263876,0.0
162,0.0,0.06645443692797454,0.844409072821329,0.08913649025069638
163,0.3098958333333333,0.5842013888888888,0.0,0.10590277777777778
164,0.25306372549019607,0.5661764705882353,0.18075980392156862,0.0
165,0.0,0.27436174038115785,0.48975188781014023,0.2358863718087019
166,0.45132336018411967,0.46858457997698505,0.0,0.08009205983889528
167,0.2503987240829346,0.47129186602870815,0.2783094098883573,0.0
168,0.20303030303030303,0.5,0.296969696969697,0.0
169,0.0,0.3549382716049383,0.22407407407407406,0.42098765432098767
170,0.12298682284040996,0.0,0.26281112737920936,0.6142020497803806
171,0.0,0.33242506811989103,0.510899182561308,0.1566757493188011
172,0.26611111111111113,0.43222222222222223,0.3016666666666667,0.0
173,0.0,0.37447698744769875,0.25313807531380755,0.3723849372384937
174,0.29252669039145907,0.4192170818505338,0.28825622775800713,0.0
175,0.0,0.2580893682588598,0.0724191063174114,0.6694915254237288
176,0.07291666666666667,0.0,0.07416666666666667,0.8529166666666667
177,0.12770137524557956,0.48526522593320237,0.38703339882121807,0.0
178,0.0,0.5138121546961326,0.09944751381215469,0.3867403314917127
179,0.02248995983935743,0.0,0.04979919678714859,0.927710843373494
180,0.45146198830409356,0.1543859649122807,0.0,0.39415204678362575
181,0.1128165771297007,0.0,0.716039907904835,0.17114351496546432
182,0.0,0.17596034696406443,0.654275092936803,0.1697645600991326
183,0.5395189003436426,0.26804123711340205,0.0,0.19243986254295534
184,0.0,0.5067178502879078,0.3934740882917466,0.09980806142034548
185,0.2649945474372955,0.0,0.45910577971646677,0.27589967284623773
186,0.1497175141242938,0.11299435028248588,0.7372881355932204,0.0
187,0.5139664804469274,0.0,0.1452513966480447,0.3407821229050279
188,0.0,0.30469897209985314,0.3700440528634361,0.3252569750367107
189,0.28735632183908044,0.5714285714285714,0.0,0.1412151067323481
190,0.07079646017699115,0.3687315634218289,0.56047197640118,0.0
191,0.3835616438356164,0.228310502283105,0.0,0.3881278538812785
192,0.0,0.3475609756097561,0.6402439024390244,0.012195121951219513
193,0.0,0.12283950617283951,0.7993827160493827,0.07777777777777778
194,0.32335329341317365,0.281437125748503,0.0,0.39520958083832336
195,0.22666666666666666,0.18,0.0,0.5933333333333334
196,0.5398773006134969,0.147239263803681,0.0,0.3128834355828221
197,0.17842323651452283,0.0,0.31950207468879666,0.5020746887966805
198,0.7238095238095238,0.0,0.14285714285714285,0.13333333333333333
199,0.41025641025641024,0.16666666666666666,0.0,0.4230769230769231
200,0.0,0.4001699235344095,0.524214103653356,0.07561597281223449
201,0.22611464968152867,0.27070063694267515,0.5031847133757962,0.0
202,0.22388059701492538,0.22388059701492538,0.5522388059701493,0.0
203,0.31221719457013575,0.0,0.04072398190045249,0.6470588235294118
204,0.0,0.14098360655737704,0.5049180327868853,0.3540983606557377
205,0.13279678068410464,0.0,0.39235412474849096,0.47484909456740443
206,0.26857142857142857,0.0,0.4228571428571429,0.30857142857142855
207,0.0,0.06384742951907131,0.8930348258706468,0.04311774461028192
208,0.09904153354632587,0.6261980830670927,0.2747603833865815,0.0
209,0.20967741935483872,0.0,0.2595307917888563,0.530791788856305
210,0.4194528875379939,0.0790273556231003,0.5015197568389058,0.0
211,0.15734265734265734,0.0,0.14335664335664336,0.6993006993006993
212,0.33513513513513515,0.0,0.31351351351351353,0.35135135135135137
213,0.0,0.6839622641509434,0.2688679245283019,0.04716981132075472
214,0.38,0.536,0.0,0.084
215,0.0,0.10714285714285714,0.8214285714285714,0.07142857142857142
216,0.5287356321839081,0.1724137931034483,0.0,0.2988505747126437
217,0.0,0.36507936507936506,0.5555555555555556,0.07936507936507936
218,0.2518796992481203,0.0,0.2669172932330827,0.48120300751879697
219,0.0,0.04338394793926247,0.8308026030368764,0.12581344902386118
220,0.0,0.29017857142857145,0.5892857142857143,0.12053571428571429
221,0.23010752688172043,0.0,0.12258064516129032,0.6473118279569893
222,0.46557759626604434,0.07584597432905485,0.0,0.45857642940490084
223,0.26586102719033233,0.0,0.3474320241691843,0.3867069486404834
224,0.4127906976744186,0.0,0.36046511627906974,0.22674418604651161
225,0.0,0.27264653641207814,0.6856127886323268,0.041740674955595025
226,0.0,0.14350282485875707,0.8192090395480226,0.03728813559322034
227,0.41211519364448856,0.4617676266137041,0.0,0.12611717974180736
228,0.0,0.16923076923076924,0.7942307692307692,0.03653846153846154
229,0.0,0.24052004333694474,0.723726977248104,0.035752979414951244
230,0.07442922374429224,0.0,0.32511415525114157,0.6004566210045662
231,0.5989208633093526,0.02158273381294964,0.37949640287769787,0.0
232,0.11047619047619048,0.0,0.03428571428571429,0.8552380952380952
233,0.0,0.3228929384965831,0.3246013667425968,0.35250569476082005
234,0.09563409563409564,0.0,0.6185031185031185,0.28586278586278585
235,0.1744186046511628,0.46511627906976744,0.36046511627906974,0.0
236,0.36112814224402207,0.3868792152053955,0.0,0.25199264255058246
237,0.15555555555555556,0.5494949494949495,0.29494949494949496,0.0
238,0.0,0.16398066075745366,0.02135374697824335,0.814665592264303
239,0.0535279805352798,0.8029197080291971,0.1435523114355231,0.0
240,0.04983922829581994,0.0,0.04501607717041801,0.905144694533762
241,0.1774193548387097,0.24193548387096775,0.5806451612903226,0.0
242,0.4024316109422492,0.3325227963525836,0.0,0.2650455927051672
243,0.09523809523809523,0.0,0.8916256157635468,0.013136288998357963
244,0.0,0.06806282722513089,0.581151832460733,0.3507853403141361
245,0.0,0.22931276297335204,0.711781206171108,0.05890603085553997
246,0.0,0.3996789727126806,0.16211878009630817,0.43820224719101125
247,0.12903225806451613,0.21505376344086022,0.6559139784946236,0.0
248,0.32323232323232326,0.4882154882154882,0.0,0.18855218855218855
249,0.0,0.10269865067466268,0.8493253373313343,0.047976011994003
250,0.0,0.2935855263157895,0.6513157894736842,0.055098684210526314
251,0.060362173038229376,0.0,0.15694164989939638,0.7826961770623743
252,0.0,0.08602150537634409,0.7862903225806451,0.12768817204301075
253,0.6951915240423798,0.27465362673186633,0.0,0.03015484922575387
254,0.12423312883435583,0.0,0.13190184049079753,0.7438650306748467
255,0.11504424778761062,0.0,0.4469026548672566,0.43805309734513276
256,0.10638297872340426,0.3404255319148936,0.5531914893617021,0.0
257,0.2942528735632184,0.5609195402298851,0.0,0.14482758620689656
258,0.0,0.5083713850837138,0.4824961948249619,0.0091324200913242
259,0.19321148825065274,0.7806788511749347,0.0,0.02610966057441253
260,0.0,0.41901408450704225,0.43309859154929575,0.14788732394366197
261,0.4060721062618596,0.48007590132827327,0.0,0.11385199240986717
262,0.11163153786104606,0.0,0.09992193598750976,0.7884465261514442
263,0.2138364779874214,0.0,0.32075471698113206,0.46540880503144655
264,0.28378378378378377,0.36486486486486486,0.0,0.35135135135135137
265,0.0,0.2511013215859031,0.7180616740088106,0.030837004405286344
266,0.3944281524926686,0.5513196480938416,0.0,0.054252199413489736
267,0.43333333333333335,0.1,0.0,0.4666666666666667
268,0.0,0.4,0.44,0.16
269,0.14285714285714285,0.0,0.045714285714285714,0.8114285714285714
270,0.0,0.031496062992125984,0.2178477690288714,0.7506561679790026
271,0.28205128205128205,0.0,0.24358974358974358,0.47435897435897434
272,0.4142857142857143,0.4142857142857143,0.0,0.17142857142857143
273,0.3137254901960784,0.0196078431372549,0.0,0.6666666666666666
274,0.03292181069958848,0.0,0.948559670781893,0.018518518518518517
275,0.3287101248266297,0.5700416088765603,0.10124826629680998,0.0
276,0.51004702864472,0.4065840102607952,0.0,0.08336896109448483
277,0.12626262626262627,0.6262626262626263,0.2474747474747475,0.0
278,0.32819425708228944,0.3862015802659472,0.0,0.28560416265176336
279,0.1282051282051282,0.07692307692307693,0.7948717948717948,0.0
280,0.0,0.08196721311475409,0.01639344262295082,0.9016393442622951
281,0.013192612137203167,0.9406332453825857,0.04617414248021108,0.0
282,0.014925373134328358,0.5074626865671642,0.47761194029850745,0.0
283,0.0,0.01892147587511826,0.01229895931882687,0.9687795648060549
284,0.005220417633410673,0.0,0.00580046403712297,0.9889791183294664
285,0.12686567164179105,0.1791044776119403,0.6940298507462687,0.0
286,0.25287356321839083,0.2413793103448276,0.0,0.5057471264367817
287,0.003076923076923077,0.6738461538461539,0.3230769230769231,0.0
288,0.6192560175054704,0.04814004376367615,0.0,0.33260393873085337
289,0.06692531522793405,0.0,0.0504364694471387,0.8826382153249273
290,0.35251798561151076,0.46522781774580335,0.0,0.18225419664268586
291,0.0,0.6825775656324582,0.31026252983293556,0.007159904534606206
292,0.5267857142857143,0.37797619047619047,0.0,0.09523809523809523
293,0.0,0.100418410041841,0.7196652719665272,0.1799163179916318
294,0.3333333333333333,0.23148148148148148,0.0,0.4351851851851852
295,0.0,0.19090909090909092,0.6818181818181818,0.12727272727272726
296,0.038461538461538464,0.8846153846153846,0.07692307692307693,0.0
297,0.29310344827586204,0.0,0.35344827586206895,0.35344827586206895
298,0.37777777777777777,0.37777777777777777,0.24444444444444444,0.0
299,0.14285714285714285,0.0,0.2857142857142857,0.5714285714285714
300,0.0,1.0,0.0,0.0
301,0.03571428571428571,0.0,0.6428571428571429,0.32142857142857145
302,0.0,0.8888888888888888,0.0,0.1111111111111111
303,0.3333333333333333,0.0,0.0,0.6666666666666666
304,0.0,0.75,0.25,0.0
305,0.0,0.0,0.6666666666666666,0.3333333333333333
306,0.0,0.0,1.0,0.0
307,,,,
308,0.5,0.16666666666666666,0.3333333333333333,0.0
309,0.0,0.0,1.0,0.0
310,0.0,0.0,0.0,1.0
311,,,,
312,,,,
313,,,,
314,,,,
315,,,,
