,A,C,G,T
0,,,,
1,,,,
2,0.8461538461538461,0.10256410256410256,0.0,0.05128205128205128
3,0.11682242990654206,0.0,0.6308411214953271,0.2523364485981308
4,0.5714285714285714,0.42857142857142855,0.0,0.0
5,0.5555555555555556,0.2222222222222222,0.0,0.2222222222222222
6,0.75,0.0,0.15,0.1
7,0.0,0.0,0.6666666666666666,0.3333333333333333
8,0.5517241379310345,0.28735632183908044,0.0,0.16091954022988506
9,0.033707865168539325,0.0,0.056179775280898875,0.9101123595505618
10,,,,
11,0.8545454545454545,0.03636363636363636,0.0,0.10909090909090909
12,0.7777777777777778,0.0,0.2222222222222222,0.0
13,0.0,0.07692307692307693,0.8205128205128205,0.10256410256410256
14,0.72,0.04,0.0,0.24
15,0.022727272727272728,0.9772727272727273,0.0,0.0
16,0.0,0.4444444444444444,0.4444444444444444,0.1111111111111111
17,1.0,0.0,0.0,0.0
18,0.0,0.2,0.8,0.0
19,0.023809523809523808,0.0,0.9761904761904762,0.0
20,0.0,0.75,0.0,0.25
21,0.5,0.0,0.0,0.5
22,0.0,1.0,0.0,0.0
23,0.08333333333333333,0.0,0.9166666666666666,0.0
24,0.6904761904761905,0.0,0.30952380952380953,0.0
25,0.9,0.0,0.0,0.1
26,0.0,0.12162162162162163,0.3783783783783784,0.5
27,0.7692307692307693,0.11538461538461539,0.0,0.11538461538461539
28,0.0,0.8333333333333334,0.0,0.16666666666666666
29,0.0,0.0967741935483871,0.7580645161290323,0.14516129032258066
30,0.07692307692307693,0.0,0.4230769230769231,0.5
31,0.26666666666666666,0.3333333333333333,0.4,0.0
32,0.6451612903225806,0.24193548387096775,0.0,0.11290322580645161
33,0.22950819672131148,0.19672131147540983,0.0,0.5737704918032787
34,0.0,0.8571428571428571,0.14285714285714285,0.0
35,0.2777777777777778,0.1111111111111111,0.0,0.6111111111111112
36,0.0,0.625,0.375,0.0
37,0.0,0.08737864077669903,0.8932038834951457,0.019417475728155338
38,0.6666666666666666,0.0,0.0,0.3333333333333333
39,0.25925925925925924,0.0,0.4444444444444444,0.2962962962962963
40,0.3333333333333333,0.0,0.16666666666666666,0.5
41,0.0125,0.9,0.0875,0.0
42,0.0,0.21052631578947367,0.7894736842105263,0.0
43,0.42857142857142855,0.0,0.14285714285714285,0.42857142857142855
44,0.7,0.3,0.0,0.0
45,0.2222222222222222,0.5555555555555556,0.0,0.2222222222222222
46,0.0,0.13333333333333333,0.8,0.06666666666666667
47,0.4,0.45,0.0,0.15
48,0.0,0.375,0.375,0.25
49,0.5454545454545454,0.0,0.18181818181818182,0.2727272727272727
50,0.125,0.0,0.4583333333333333,0.4166666666666667
51,0.18181818181818182,0.0,0.36363636363636365,0.45454545454545453
52,0.0,0.5,0.5,0.0
53,0.3,0.2,0.0,0.5
54,0.26666666666666666,0.13333333333333333,0.6,0.0
55,0.6666666666666666,0.0,0.0,0.3333333333333333
56,0.21951219512195122,0.0,0.0975609756097561,0.6829268292682927
57,0.0,0.0,0.9285714285714286,0.07142857142857142
58,0.0,0.5,0.5,0.0
59,0.4,0.0,0.3,0.3
60,0.0,0.2222222222222222,0.2222222222222222,0.5555555555555556
61,0.14814814814814814,0.0,0.2962962962962963,0.5555555555555556
62,0.5241935483870968,0.0,0.23387096774193547,0.24193548387096775
63,1.0,0.0,0.0,0.0
64,0.0,0.5,0.0,0.5
65,0.0,0.0,0.0,1.0
66,0.0,0.07246376811594203,0.6811594202898551,0.2463768115942029
67,0.2116788321167883,0.0,0.6058394160583942,0.18248175182481752
68,0.3,0.4,0.3,0.0
69,0.23076923076923078,0.2692307692307692,0.0,0.5
70,0.3333333333333333,0.6666666666666666,0.0,0.0
71,0.06060606060606061,0.0,0.36363636363636365,0.5757575757575758
72,0.4,0.5333333333333333,0.06666666666666667,0.0
73,0.8913043478260869,0.0,0.021739130434782608,0.08695652173913043
74,0.20930232558139536,0.6744186046511628,0.11627906976744186,0.0
75,0.3157894736842105,0.47368421052631576,0.0,0.21052631578947367
76,0.5517241379310345,0.3793103448275862,0.0,0.06896551724137931
77,0.425,0.325,0.25,0.0
78,0.35,0.4,0.0,0.25
79,0.5844155844155844,0.26406926406926406,0.0,0.15151515151515152
80,0.03333333333333333,0.0,0.7,0.26666666666666666
81,0.023809523809523808,0.9404761904761905,0.03571428571428571,0.0
82,0.11538461538461539,0.0,0.46153846153846156,0.4230769230769231
83,0.07272727272727272,0.0,0.07272727272727272,0.8545454545454545
84,0.0,0.35353535353535354,0.32323232323232326,0.32323232323232326
85,0.7368421052631579,0.15789473684210525,0.10526315789473684,0.0
86,0.20930232558139536,0.0,0.6046511627906976,0.18604651162790697
87,0.0,0.18181818181818182,0.4909090909090909,0.32727272727272727
88,0.2727272727272727,0.6083916083916084,0.0,0.11888111888111888
89,0.3390804597701149,0.0,0.14942528735632185,0.5114942528735632
90,0.0,0.1875,0.48214285714285715,0.33035714285714285
91,0.33519553072625696,0.44692737430167595,0.0,0.21787709497206703
92,0.16455696202531644,0.7151898734177216,0.12025316455696203,0.0
93,0.0,0.47435897435897434,0.358974358974359,0.16666666666666666
94,0.32592592592592595,0.6259259259259259,0.0,0.04814814814814815
95,0.21978021978021978,0.6483516483516484,0.13186813186813187,0.0
96,0.0,0.35064935064935066,0.42857142857142855,0.22077922077922077
97,0.425531914893617,0.48632218844984804,0.0,0.08814589665653495
98,0.11333333333333333,0.7266666666666667,0.16,0.0
99,0.2047244094488189,0.5905511811023622,0.2047244094488189,0.0
100,0.0,0.41353383458646614,0.3082706766917293,0.2781954887218045
101,0.0,0.0,0.32116788321167883,0.6788321167883211
102,0.125,0.6354166666666666,0.23958333333333334,0.0
103,0.0,0.16379310344827586,0.49137931034482757,0.3448275862068966
104,0.023076923076923078,0.0,0.49230769230769234,0.4846153846153846
105,0.64,0.08,0.28,0.0
106,0.058823529411764705,0.35294117647058826,0.0,0.5882352941176471
107,0.0,0.07142857142857142,0.0,0.9285714285714286
108,0.9202898550724637,0.028985507246376812,0.0,0.050724637681159424
109,0.11180124223602485,0.5962732919254659,0.0,0.2919254658385093
110,0.2376237623762376,0.0,0.039603960396039604,0.7227722772277227
111,0.0,0.9655172413793104,0.034482758620689655,0.0
112,0.1,0.85,0.0,0.05
113,0.0,0.972972972972973,0.0,0.02702702702702703
114,0.0,0.34705882352941175,0.6411764705882353,0.011764705882352941
115,0.020833333333333332,0.22916666666666666,0.75,0.0
116,0.0,0.0,0.0625,0.9375
117,0.9259259259259259,0.0,0.037037037037037035,0.037037037037037035
118,0.5428571428571428,0.4,0.0,0.05714285714285714
119,0.013043478260869565,0.9391304347826087,0.0,0.04782608695652174
120,0.5714285714285714,0.0,0.14285714285714285,0.2857142857142857
121,0.0,0.9347826086956522,0.021739130434782608,0.043478260869565216
122,0.32608695652173914,0.6086956521739131,0.0,0.06521739130434782
123,0.5347593582887701,0.0,0.11764705882352941,0.34759358288770054
124,0.06451612903225806,0.0,0.8387096774193549,0.0967741935483871
125,0.11666666666666667,0.0,0.85,0.03333333333333333
126,0.2033898305084746,0.0,0.7796610169491526,0.01694915254237288
127,0.8873239436619719,0.0,0.11267605633802817,0.0
128,0.0,0.7043478260869566,0.2782608695652174,0.017391304347826087
129,0.1,0.3,0.0,0.6
130,0.7333333333333333,0.13333333333333333,0.0,0.13333333333333333
131,0.6666666666666666,0.25925925925925924,0.0,0.07407407407407407
132,0.0,0.4,0.5777777777777777,0.022222222222222223
133,0.0,0.5168539325842697,0.2808988764044944,0.20224719101123595
134,0.11940298507462686,0.029850746268656716,0.0,0.8507462686567164
135,0.28,0.6933333333333334,0.0,0.02666666666666667
136,0.2127659574468085,0.7872340425531915,0.0,0.0
137,0.0,0.17670682730923695,0.7791164658634538,0.04417670682730924
138,0.2465753424657534,0.0,0.547945205479452,0.2054794520547945
139,0.05263157894736842,0.7894736842105263,0.15789473684210525,0.0
140,0.6206896551724138,0.3793103448275862,0.0,0.0
141,0.058823529411764705,0.8235294117647058,0.0,0.11764705882352941
142,0.0,0.7142857142857143,0.14285714285714285,0.14285714285714285
143,0.423728813559322,0.11864406779661017,0.0,0.4576271186440678
144,0.0,0.0,1.0,0.0
145,0.4,0.08,0.0,0.52
146,0.041666666666666664,0.625,0.0,0.3333333333333333
147,0.0,0.5972222222222222,0.3611111111111111,0.041666666666666664
148,0.2857142857142857,0.10714285714285714,0.6071428571428571,0.0
149,0.25,0.4642857142857143,0.2857142857142857,0.0
150,0.7741935483870968,0.0967741935483871,0.0,0.12903225806451613
151,0.08791208791208792,0.5714285714285714,0.0,0.34065934065934067
152,0.47330960854092524,0.4626334519572954,0.0,0.06405693950177936
153,0.49063670411985016,0.14606741573033707,0.36329588014981273,0.0
154,0.0,0.3314285714285714,0.5257142857142857,0.14285714285714285
155,0.26174496644295303,0.7046979865771812,0.03355704697986577,0.0
156,0.0,0.2246376811594203,0.6594202898550725,0.11594202898550725
157,0.3055555555555556,0.3055555555555556,0.3888888888888889,0.0
158,0.13709677419354838,0.0,0.5403225806451613,0.3225806451612903
159,0.4973544973544973,0.30158730158730157,0.20105820105820105,0.0
160,0.0,0.34951456310679613,0.34951456310679613,0.30097087378640774
161,0.050505050505050504,0.7171717171717171,0.23232323232323232,0.0
162,0.20600858369098712,0.5278969957081545,0.26609442060085836,0.0
163,0.0,0.5299145299145299,0.3076923076923077,0.1623931623931624
164,0.18,0.0,0.105,0.715
165,0.0,0.3211009174311927,0.3853211009174312,0.29357798165137616
166,0.21839080459770116,0.7068965517241379,0.0,0.07471264367816093
167,0.47619047619047616,0.32142857142857145,0.20238095238095238,0.0
168,0.2916666666666667,0.3333333333333333,0.0,0.375
169,0.2553191489361702,0.48936170212765956,0.0,0.2553191489361702
170,0.5084745762711864,0.2796610169491525,0.0,0.211864406779661
171,0.0,0.16,0.49,0.35
172,0.3356643356643357,0.5454545454545454,0.0,0.11888111888111888
173,0.2358490566037736,0.0,0.1792452830188679,0.5849056603773585
174,0.0,0.22033898305084745,0.5423728813559322,0.23728813559322035
175,0.125,0.0,0.2840909090909091,0.5909090909090909
176,0.34545454545454546,0.0,0.2909090909090909,0.36363636363636365
177,0.0,0.18067226890756302,0.20168067226890757,0.6176470588235294
178,0.0,0.23308270676691728,0.20300751879699247,0.5639097744360902
179,0.14285714285714285,0.0,0.37662337662337664,0.4805194805194805
180,0.22972972972972974,0.5405405405405406,0.22972972972972974,0.0
181,0.0,0.45652173913043476,0.2608695652173913,0.2826086956521739
182,0.06097560975609756,0.0,0.07317073170731707,0.8658536585365854
183,0.0,0.6363636363636364,0.36363636363636365,0.0
184,0.0,0.16666666666666666,0.7962962962962963,0.037037037037037035
185,0.07246376811594203,0.0,0.11594202898550725,0.8115942028985508
186,0.1590909090909091,0.0,0.2727272727272727,0.5681818181818182
187,0.08695652173913043,0.0,0.13043478260869565,0.782608695652174
188,0.026515151515151516,0.0,0.9204545454545454,0.05303030303030303
189,0.43243243243243246,0.1891891891891892,0.3783783783783784,0.0
190,0.3333333333333333,0.0,0.13333333333333333,0.5333333333333333
191,0.47058823529411764,0.0,0.17647058823529413,0.35294117647058826
192,0.09090909090909091,0.0,0.09090909090909091,0.8181818181818182
193,0.07142857142857142,0.21428571428571427,0.7142857142857143,0.0
194,0.19148936170212766,0.0,0.5106382978723404,0.2978723404255319
195,0.0,0.32231404958677684,0.6528925619834711,0.024793388429752067
196,0.0,0.2803738317757009,0.5887850467289719,0.1308411214953271
197,0.6756756756756757,0.28378378378378377,0.0,0.04054054054054054
198,0.0,0.19298245614035087,0.7894736842105263,0.017543859649122806
199,0.75,0.234375,0.0,0.015625
200,0.06666666666666667,0.7866666666666666,0.14666666666666667,0.0
201,0.75,0.0,0.25,0.0
202,0.5,0.0,0.0,0.5
203,0.0,0.41304347826086957,0.5652173913043478,0.021739130434782608
204,0.43820224719101125,0.5280898876404494,0.0,0.033707865168539325
205,0.0,0.7941176470588235,0.20588235294117646,0.0
206,0.1,0.0,0.4,0.5
207,0.0,0.09615384615384616,0.5,0.40384615384615385
208,0.16326530612244897,0.0,0.3877551020408163,0.4489795918367347
209,0.26666666666666666,0.0,0.3333333333333333,0.4
210,0.0,0.43283582089552236,0.16417910447761194,0.40298507462686567
211,0.07407407407407407,0.2962962962962963,0.6296296296296297,0.0
212,0.0,0.20180722891566266,0.4036144578313253,0.39457831325301207
213,0.125,0.15625,0.71875,0.0
214,0.25,0.0,0.25,0.5
215,0.0,0.6164874551971327,0.22580645161290322,0.15770609318996415
216,0.48945147679324896,0.4092827004219409,0.0,0.10126582278481013
217,0.4148936170212766,0.43617021276595747,0.14893617021276595,0.0
218,0.0,0.2814814814814815,0.5666666666666667,0.15185185185185185
219,0.1875,0.625,0.0,0.1875
220,0.0,0.15384615384615385,0.6153846153846154,0.23076923076923078
221,0.4583333333333333,0.0,0.25,0.2916666666666667
222,0.0,0.4,0.35,0.25
223,0.0,0.8791208791208791,0.056776556776556776,0.0641025641025641
224,0.25806451612903225,0.5806451612903226,0.0,0.16129032258064516
225,0.15625,0.234375,0.609375,0.0
226,0.5714285714285714,0.0,0.14285714285714285,0.2857142857142857
227,0.13432835820895522,0.0,0.40298507462686567,0.4626865671641791
228,0.0,0.3684210526315789,0.6140350877192983,0.017543859649122806
229,0.0,0.23404255319148937,0.7340425531914894,0.031914893617021274
230,0.26785714285714285,0.4642857142857143,0.0,0.26785714285714285
231,0.0,0.19047619047619047,0.7619047619047619,0.047619047619047616
232,0.0,0.11304347826086956,0.8347826086956521,0.05217391304347826
233,0.018404907975460124,0.0,0.17177914110429449,0.8098159509202454
234,0.3125,0.0,0.59375,0.09375
235,0.0,0.21875,0.4375,0.34375
236,0.5808823529411765,0.35294117647058826,0.0,0.0661764705882353
237,0.3974358974358974,0.08974358974358974,0.5128205128205128,0.0
238,0.375,0.1875,0.4375,0.0
239,0.07894736842105263,0.0,0.30701754385964913,0.6140350877192983
240,0.19230769230769232,0.3076923076923077,0.5,0.0
241,0.2714285714285714,0.0,0.04285714285714286,0.6857142857142857
242,0.2222222222222222,0.0,0.17777777777777778,0.6
243,0.20689655172413793,0.0,0.20689655172413793,0.5862068965517241
244,0.0,0.1,0.9,0.0
245,0.6,0.15,0.0,0.25
246,0.0,0.28125,0.59375,0.125
247,0.0,0.15591397849462366,0.8010752688172043,0.043010752688172046
248,0.32916666666666666,0.525,0.0,0.14583333333333334
249,0.2524271844660194,0.0,0.18446601941747573,0.5631067961165048
250,0.05263157894736842,0.0,0.9473684210526315,0.0
251,0.3333333333333333,0.37037037037037035,0.0,0.2962962962962963
252,0.0,0.2542372881355932,0.6101694915254238,0.13559322033898305
253,0.3277310924369748,0.6078431372549019,0.0,0.06442577030812324
254,0.039301310043668124,0.0,0.4978165938864629,0.462882096069869
255,0.16666666666666666,0.16666666666666666,0.6666666666666666,0.0
256,0.10526315789473684,0.0,0.05263157894736842,0.8421052631578947
257,0.12962962962962962,0.4444444444444444,0.42592592592592593,0.0
258,0.22077922077922077,0.2727272727272727,0.0,0.5064935064935064
259,0.06060606060606061,0.6060606060606061,0.3333333333333333,0.0
260,0.3,0.3,0.0,0.4
261,0.0,0.13636363636363635,0.6818181818181818,0.18181818181818182
262,0.07692307692307693,0.0,0.5641025641025641,0.358974358974359
263,0.1,0.0,0.375,0.525
264,0.5454545454545454,0.2727272727272727,0.0,0.18181818181818182
265,0.1111111111111111,0.0,0.2222222222222222,0.6666666666666666
266,0.0234375,0.0,0.1171875,0.859375
267,0.7441860465116279,0.06976744186046512,0.0,0.18604651162790697
268,0.16666666666666666,0.0,0.3888888888888889,0.4444444444444444
269,0.8833922261484098,0.038869257950530034,0.0,0.07773851590106007
270,0.3333333333333333,0.6666666666666666,0.0,0.0
271,0.0,0.3333333333333333,0.3333333333333333,0.3333333333333333
272,0.44,0.0,0.36,0.2
273,0.0,0.034482758620689655,0.6206896551724138,0.3448275862068966
274,0.3333333333333333,0.0,0.6666666666666666,0.0
275,0.5454545454545454,0.09090909090909091,0.0,0.36363636363636365
276,0.14285714285714285,0.0,0.0,0.8571428571428571
277,0.03278688524590164,0.0,0.9508196721311475,0.01639344262295082
278,0.07236842105263158,0.0,0.02631578947368421,0.9013157894736842
279,0.6580645161290323,0.2709677419354839,0.0,0.07096774193548387
280,0.1111111111111111,0.5925925925925926,0.2962962962962963,0.0
281,0.3147208121827411,0.37817258883248733,0.0,0.30710659898477155
282,0.25,0.0,0.75,0.0
283,0.0,0.0,0.25,0.75
284,0.0,0.7435897435897436,0.2564102564102564,0.0
285,0.21052631578947367,0.5789473684210527,0.21052631578947367,0.0
286,0.0,0.06363636363636363,0.03636363636363636,0.9
287,0.016574585635359115,0.0,0.03867403314917127,0.9447513812154696
288,0.0,0.0,1.0,0.0
289,0.25,0.0,0.0,0.75
290,0.0,0.4411764705882353,0.5588235294117647,0.0
291,0.8275862068965517,0.034482758620689655,0.0,0.13793103448275862
292,0.029411764705882353,0.0,0.11764705882352941,0.8529411764705882
293,0.2916666666666667,0.5416666666666666,0.0,0.16666666666666666
294,0.0,0.7619047619047619,0.23809523809523808,0.0
295,0.0,0.5,0.0,0.5
296,0.0,0.0,0.8571428571428571,0.14285714285714285
297,0.1875,0.25,0.5625,0.0
298,0.1,0.0,0.8,0.1
299,0.0,0.3333333333333333,0.6666666666666666,0.0
300,0.0,0.0,1.0,0.0
301,1.0,0.0,0.0,0.0
302,0.0,0.0,0.0,1.0
303,0.0,1.0,0.0,0.0
304,,,,
305,,,,
306,,,,
307,,,,
308,0.0,0.0,1.0,0.0
309,0.0,1.0,0.0,0.0
310,,,,
311,,,,
312,,,,
313,,,,
314,,,,
315,,,,
316,,,,
