,A,C,G,T
0,,,,
1,,,,
2,1.0,0.0,0.0,0.0
3,,,,
4,1.0,0.0,0.0,0.0
5,0.25,0.0,0.25,0.5
6,,,,
7,,,,
8,0.0,0.3333333333333333,0.6666666666666666,0.0
9,0.0,0.0,0.75,0.25
10,,,,
11,0.0,0.0,0.0,1.0
12,1.0,0.0,0.0,0.0
13,,,,
14,,,,
15,0.0,1.0,0.0,0.0
16,,,,
17,,,,
18,,,,
19,,,,
20,,,,
21,,,,
22,,,,
23,0.0,0.0,1.0,0.0
24,0.3333333333333333,0.6666666666666666,0.0,0.0
25,,,,
26,0.0,0.0,1.0,0.0
27,,,,
28,,,,
29,0.0,1.0,0.0,0.0
30,1.0,0.0,0.0,0.0
31,,,,
32,,,,
33,0.0,1.0,0.0,0.0
34,,,,
35,,,,
36,,,,
37,0.0,0.2,0.8,0.0
38,,,,
39,,,,
40,,,,
41,,,,
42,,,,
43,,,,
44,,,,
45,0.0,0.0,0.0,1.0
46,,,,
47,0.0,0.0,0.0,1.0
48,,,,
49,,,,
50,0.0,1.0,0.0,0.0
51,,,,
52,,,,
53,1.0,0.0,0.0,0.0
54,,,,
55,0.0,0.5,0.5,0.0
56,1.0,0.0,0.0,0.0
57,0.16666666666666666,0.8333333333333334,0.0,0.0
58,,,,
59,0.0,0.0,0.0,1.0
60,,,,
61,,,,
62,,,,
63,,,,
64,,,,
65,0.0,0.0,0.0,1.0
66,0.0,1.0,0.0,0.0
67,0.0,0.0,1.0,0.0
68,,,,
69,1.0,0.0,0.0,0.0
70,0.5,0.0,0.0,0.5
71,0.5,0.5,0.0,0.0
72,0.0,1.0,0.0,0.0
73,,,,
74,0.0,1.0,0.0,0.0
75,,,,
76,1.0,0.0,0.0,0.0
77,0.0,0.3333333333333333,0.0,0.6666666666666666
78,0.3333333333333333,0.0,0.6666666666666666,0.0
79,,,,
80,,,,
81,,,,
82,0.0,0.0,0.7142857142857143,0.2857142857142857
83,0.5,0.0,0.0,0.5
84,0.0,0.0,1.0,0.0
85,0.0,1.0,0.0,0.0
86,,,,
87,0.0,0.5,0.25,0.25
88,0.0,0.0,0.3333333333333333,0.6666666666666666
89,0.2,0.0,0.6,0.2
90,0.0,0.0,0.25,0.75
91,0.5,0.16666666666666666,0.0,0.3333333333333333
92,0.5,0.0,0.0,0.5
93,,,,
94,0.0,0.0,0.5,0.5
95,0.0,0.0,0.6666666666666666,0.3333333333333333
96,0.0,0.0,1.0,0.0
97,0.0,0.3333333333333333,0.6666666666666666,0.0
98,0.0,1.0,0.0,0.0
99,0.0,0.42857142857142855,0.0,0.5714285714285714
100,0.0,1.0,0.0,0.0
101,0.4,0.6,0.0,0.0
102,0.0,1.0,0.0,0.0
103,0.0,0.0,0.6666666666666666,0.3333333333333333
104,0.0,0.0,0.0,1.0
105,,,,
106,,,,
107,0.0,0.0,0.0,1.0
108,0.0,0.16666666666666666,0.8333333333333334,0.0
109,,,,
110,0.0,1.0,0.0,0.0
111,,,,
112,,,,
113,0.5,0.0,0.0,0.5
114,,,,
115,,,,
116,,,,
117,,,,
118,,,,
119,,,,
120,,,,
121,,,,
122,0.0,1.0,0.0,0.0
123,,,,
124,,,,
125,0.0,0.0,1.0,0.0
126,,,,
127,,,,
128,0.0,0.6666666666666666,0.3333333333333333,0.0
129,0.0,1.0,0.0,0.0
130,1.0,0.0,0.0,0.0
131,0.0,0.0,1.0,0.0
132,,,,
133,0.0,0.0,1.0,0.0
134,0.0,0.0,0.0,1.0
135,,,,
136,,,,
137,0.75,0.0,0.0,0.25
138,0.0,0.0,1.0,0.0
139,1.0,0.0,0.0,0.0
140,0.0,1.0,0.0,0.0
141,0.0,1.0,0.0,0.0
142,,,,
143,1.0,0.0,0.0,0.0
144,,,,
145,,,,
146,0.0,0.6666666666666666,0.3333333333333333,0.0
147,0.5,0.0,0.5,0.0
148,0.0,0.0,0.0,1.0
149,0.5,0.5,0.0,0.0
150,,,,
151,,,,
152,0.0,0.0,1.0,0.0
153,0.0,0.4,0.4,0.2
154,0.0,0.0,1.0,0.0
155,0.0,0.0,0.0,1.0
156,0.0,0.5,0.0,0.5
157,0.0,0.0,0.6666666666666666,0.3333333333333333
158,0.0,1.0,0.0,0.0
159,0.25,0.5,0.0,0.25
160,0.3333333333333333,0.0,0.0,0.6666666666666666
161,0.2,0.0,0.4,0.4
162,0.0,0.6666666666666666,0.3333333333333333,0.0
163,0.0,0.0,1.0,0.0
164,0.0,0.0,1.0,0.0
165,,,,
166,1.0,0.0,0.0,0.0
167,0.0,0.0,1.0,0.0
168,0.0,0.6,0.4,0.0
169,0.0,0.0,1.0,0.0
170,0.0,0.0,0.5,0.5
171,,,,
172,0.0,0.0,0.5,0.5
173,,,,
174,0.0,0.5,0.0,0.5
175,0.0,0.6666666666666666,0.0,0.3333333333333333
176,0.6,0.2,0.0,0.2
177,0.6666666666666666,0.0,0.3333333333333333,0.0
178,0.0,0.0,1.0,0.0
179,0.0,1.0,0.0,0.0
180,0.0,0.6666666666666666,0.3333333333333333,0.0
181,,,,
182,,,,
183,0.0,0.0,1.0,0.0
184,0.0,0.0,1.0,0.0
185,0.0,0.0,0.0,1.0
186,0.0,0.0,1.0,0.0
187,0.0,0.0,1.0,0.0
188,0.0,1.0,0.0,0.0
189,0.125,0.0,0.25,0.625
190,,,,
191,,,,
192,0.0,0.0,1.0,0.0
193,,,,
194,0.0,1.0,0.0,0.0
195,,,,
196,1.0,0.0,0.0,0.0
197,0.0,0.0,0.5,0.5
198,0.0,1.0,0.0,0.0
199,,,,
200,0.0,0.0,1.0,0.0
201,0.6666666666666666,0.3333333333333333,0.0,0.0
202,,,,
203,,,,
204,0.0,0.0,1.0,0.0
205,,,,
206,0.5,0.0,0.5,0.0
207,0.0,0.0,0.5,0.5
208,,,,
209,0.14285714285714285,0.0,0.8571428571428571,0.0
210,,,,
211,,,,
212,0.0,0.0,1.0,0.0
213,0.0,0.0,0.0,1.0
214,0.0,1.0,0.0,0.0
215,0.5,0.5,0.0,0.0
216,,,,
217,,,,
218,0.0,0.0,1.0,0.0
219,,,,
220,0.0,0.0,1.0,0.0
221,0.0,0.0,0.5,0.5
222,0.0,0.5,0.5,0.0
223,,,,
224,0.0,0.8571428571428571,0.14285714285714285,0.0
225,1.0,0.0,0.0,0.0
226,,,,
227,,,,
228,0.0,0.3333333333333333,0.3333333333333333,0.3333333333333333
229,0.0,1.0,0.0,0.0
230,0.0,0.0,0.0,1.0
231,0.0,0.0,0.0,1.0
232,,,,
233,,,,
234,0.0,0.0,0.0,1.0
235,0.0,0.0,0.0,1.0
236,0.0,0.0,0.5,0.5
237,0.0,1.0,0.0,0.0
238,0.0,1.0,0.0,0.0
239,,,,
240,0.0,0.0,0.0,1.0
241,,,,
242,,,,
243,0.0,0.0,1.0,0.0
244,,,,
245,,,,
246,0.0,0.0,0.25,0.75
247,,,,
248,0.0,0.5,0.0,0.5
249,0.0,0.6666666666666666,0.3333333333333333,0.0
250,,,,
251,0.0,0.0,0.6666666666666666,0.3333333333333333
252,0.0,0.0,1.0,0.0
253,0.5,0.5,0.0,0.0
254,,,,
255,,,,
256,,,,
257,0.0,0.0,0.0,1.0
258,,,,
259,0.0,0.6666666666666666,0.0,0.3333333333333333
260,0.0,0.0,1.0,0.0
261,,,,
262,1.0,0.0,0.0,0.0
263,,,,
264,,,,
265,,,,
266,0.2,0.6,0.0,0.2
267,,,,
268,,,,
269,,,,
270,,,,
271,1.0,0.0,0.0,0.0
272,,,,
273,,,,
274,,,,
275,0.0,0.0,0.0,1.0
276,0.0,1.0,0.0,0.0
277,,,,
278,0.125,0.625,0.0,0.25
279,,,,
280,,,,
281,,,,
282,,,,
283,0.0,0.0,0.0,1.0
284,0.0,0.0,0.0,1.0
285,,,,
286,,,,
287,,,,
288,,,,
289,,,,
290,0.0,0.0,0.0,1.0
291,,,,
292,,,,
293,,,,
294,,,,
295,,,,
296,,,,
297,,,,
298,,,,
299,,,,
300,,,,
301,,,,
302,,,,
303,,,,
304,,,,
305,,,,
306,,,,
307,,,,
308,,,,
309,,,,
310,,,,
311,,,,
312,,,,
313,,,,
314,,,,
315,,,,
