,A,C,G,T
0,,,,
1,,,,
2,0.8244274809160306,0.11145038167938931,0.0,0.06412213740458016
3,0.11859381617958492,0.3468869123252859,0.0,0.5345192714951292
4,0.39555555555555555,0.4088888888888889,0.19555555555555557,0.0
5,0.6862745098039216,0.22091503267973855,0.0,0.09281045751633987
6,0.3192307692307692,0.0,0.4461538461538462,0.23461538461538461
7,0.0,0.11722488038277512,0.39952153110047844,0.48325358851674644
8,0.5630530973451328,0.33480825958702065,0.0,0.1021386430678466
9,0.06818181818181818,0.0,0.02505827505827506,0.9067599067599068
10,0.1111111111111111,0.7222222222222222,0.16666666666666666,0.0
11,0.725503355704698,0.11275167785234899,0.0,0.16174496644295303
12,0.49539170506912444,0.0,0.4631336405529954,0.041474654377880185
13,0.0,0.08448928121059268,0.7150063051702396,0.2005044136191677
14,0.9254747402364744,0.03045503403797922,0.0,0.0440702257255464
15,0.006481481481481481,0.962037037037037,0.0,0.03148148148148148
16,0.0,0.42152466367713004,0.3273542600896861,0.25112107623318386
17,0.7457627118644068,0.07627118644067797,0.0,0.17796610169491525
18,0.2923076923076923,0.13846153846153847,0.5692307692307692,0.0
19,0.06048387096774194,0.0,0.7701612903225806,0.1693548387096774
20,0.10465116279069768,0.36046511627906974,0.0,0.5348837209302325
21,0.4,0.16470588235294117,0.0,0.43529411764705883
22,0.5492957746478874,0.16901408450704225,0.0,0.28169014084507044
23,0.08358208955223881,0.0,0.3402985074626866,0.5761194029850746
24,0.09705882352941177,0.0,0.6647058823529411,0.23823529411764705
25,0.7407407407407407,0.0,0.08796296296296297,0.1712962962962963
26,0.0,0.32295081967213113,0.46557377049180326,0.21147540983606558
27,0.541727672035139,0.4216691068814056,0.0,0.036603221083455345
28,0.2818181818181818,0.5,0.0,0.21818181818181817
29,0.0,0.20280474649406688,0.651564185544768,0.14563106796116504
30,0.1278772378516624,0.0,0.4731457800511509,0.3989769820971867
31,0.6285714285714286,0.25142857142857145,0.12,0.0
32,0.321483771251932,0.4142194744976816,0.0,0.2642967542503864
33,0.2445414847161572,0.3318777292576419,0.0,0.42358078602620086
34,0.13709677419354838,0.6774193548387096,0.18548387096774194,0.0
35,0.46835443037974683,0.12341772151898735,0.0,0.40822784810126583
36,0.0,0.3689655172413793,0.6091954022988506,0.021839080459770115
37,0.0,0.20854700854700856,0.7427350427350428,0.04871794871794872
38,0.46373626373626375,0.3076923076923077,0.0,0.22857142857142856
39,0.27596439169139464,0.0,0.21364985163204747,0.5103857566765578
40,0.44594594594594594,0.0,0.25675675675675674,0.2972972972972973
41,0.041309431021044424,0.8456742010911925,0.11301636788776305,0.0
42,0.1696969696969697,0.0,0.8303030303030303,0.0
43,0.11855670103092783,0.0,0.15463917525773196,0.7268041237113402
44,0.688034188034188,0.10256410256410256,0.0,0.2094017094017094
45,0.19135802469135801,0.3395061728395062,0.0,0.4691358024691358
46,0.9179275561668959,0.04585052728106373,0.0,0.03622191655204035
47,0.5947368421052631,0.12105263157894737,0.0,0.28421052631578947
48,0.0,0.14721485411140584,0.08620689655172414,0.76657824933687
49,0.18497109826589594,0.0,0.24277456647398843,0.5722543352601156
50,0.4065573770491803,0.0,0.18688524590163935,0.4065573770491803
51,0.17721518987341772,0.0,0.2911392405063291,0.5316455696202531
52,0.25675675675675674,0.4864864864864865,0.25675675675675674,0.0
53,0.4609164420485175,0.18598382749326145,0.0,0.353099730458221
54,0.5207373271889401,0.16589861751152074,0.31336405529953915,0.0
55,0.25,0.0,0.04794520547945205,0.702054794520548
56,0.21709006928406466,0.0,0.23094688221709006,0.5519630484988453
57,0.08108108108108109,0.0,0.8828828828828829,0.036036036036036036
58,0.06097560975609756,0.75,0.18902439024390244,0.0
59,0.3968253968253968,0.0,0.3386243386243386,0.26455026455026454
60,0.0,0.3486973947895792,0.2845691382765531,0.3667334669338677
61,0.2036727879799666,0.0,0.3397328881469115,0.4565943238731219
62,0.1320504313205043,0.0,0.23224950232249503,0.6357000663570007
63,0.11864406779661017,0.423728813559322,0.4576271186440678,0.0
64,0.1590909090909091,0.3522727272727273,0.0,0.48863636363636365
65,0.06506849315068493,0.0,0.0136986301369863,0.9212328767123288
66,0.8335104498760184,0.043924902585901524,0.0,0.12256464753808005
67,0.3184227965540093,0.0,0.34857521537442016,0.33300198807157055
68,0.21733505821474774,0.6080206985769728,0.17464424320827943,0.0
69,0.724709784411277,0.1044776119402985,0.0,0.17081260364842454
70,0.19548872180451127,0.6390977443609023,0.16541353383458646,0.0
71,0.07372175980975029,0.0,0.5338882282996433,0.3923900118906064
72,0.14219114219114218,0.6037296037296037,0.2540792540792541,0.0
73,0.43951612903225806,0.0,0.09879032258064516,0.46169354838709675
74,0.18406889128094725,0.604951560818084,0.2109795479009688,0.0
75,0.5122448979591837,0.20204081632653062,0.0,0.2857142857142857
76,0.5875,0.2203125,0.0,0.1921875
77,0.3302540415704388,0.5277136258660509,0.1420323325635104,0.0
78,0.30787589498806683,0.2720763723150358,0.0,0.4200477326968974
79,0.6877615726062143,0.20837032339885858,0.0,0.10386810399492707
80,0.22312556458897922,0.0,0.3107497741644083,0.46612466124661245
81,0.11307420494699646,0.5182567726737338,0.36866902237926974,0.0
82,0.3251121076233184,0.0,0.04708520179372197,0.6278026905829597
83,0.22713864306784662,0.0,0.11946902654867257,0.6533923303834809
84,0.0,0.19053254437869824,0.590138067061144,0.2193293885601578
85,0.16129032258064516,0.6480938416422287,0.1906158357771261,0.0
86,0.09501327825317203,0.0,0.6515196223074653,0.25346709943936263
87,0.0,0.22713864306784662,0.6460176991150443,0.12684365781710916
88,0.34558994647428437,0.5015126832673958,0.0,0.15289737025831976
89,0.10821202966218071,0.0,0.09667673716012085,0.7951112331776984
90,0.0,0.13914299470389985,0.7106403466538276,0.15021665864227252
91,0.5126554174067496,0.4016429840142096,0.0,0.08570159857904085
92,0.21257142857142858,0.6518095238095238,0.1356190476190476,0.0
93,0.0,0.2915782024062279,0.4880868129275773,0.22033498466619486
94,0.5593738534915006,0.36871713342301576,0.0,0.07190901308548367
95,0.2747058823529412,0.4788235294117647,0.2464705882352941,0.0
96,0.0,0.17751572327044024,0.3397798742138365,0.4827044025157233
97,0.0,0.37441761965268955,0.2761541719610335,0.34942820838627703
98,0.04404208465867385,0.0,0.17274284316124297,0.7832150721800832
99,0.3349282296650718,0.28708133971291866,0.37799043062200954,0.0
100,0.3459214501510574,0.06570996978851963,0.0,0.5883685800604229
101,0.018947368421052633,0.7691228070175439,0.0,0.2119298245614035
102,0.26865671641791045,0.3582089552238806,0.373134328358209,0.0
103,0.2113564668769716,0.1608832807570978,0.0,0.6277602523659306
104,0.04219409282700422,0.48945147679324896,0.0,0.46835443037974683
105,0.0,0.24551971326164876,0.6559139784946236,0.0985663082437276
106,0.299931833674165,0.6198591229266076,0.0,0.08020904339922745
107,0.04351610095735422,0.8529155787641427,0.10356832027850305,0.0
108,0.05747126436781609,0.26436781609195403,0.6781609195402298,0.0
109,0.07291666666666667,0.4375,0.0,0.4895833333333333
110,0.17582417582417584,0.5494505494505495,0.0,0.27472527472527475
111,0.5827740492170023,0.3143176733780761,0.0,0.1029082774049217
112,0.02564102564102564,0.6538461538461539,0.32051282051282054,0.0
113,0.13513513513513514,0.0,0.16666666666666666,0.6981981981981982
114,0.5350877192982456,0.0,0.2894736842105263,0.17543859649122806
115,0.4838709677419355,0.23655913978494625,0.0,0.27956989247311825
116,0.1969465648854962,0.0,0.38778625954198476,0.4152671755725191
117,0.5909090909090909,0.0,0.12121212121212122,0.2878787878787879
118,0.0,0.3237410071942446,0.3129496402877698,0.36330935251798563
119,0.5918367346938775,0.22857142857142856,0.0,0.17959183673469387
120,0.13915693245302183,0.0,0.12679871339089216,0.734044354156086
121,0.13551401869158877,0.0,0.20093457943925233,0.6635514018691588
122,0.16122004357298475,0.0,0.16775599128540306,0.6710239651416122
123,0.34265734265734266,0.0,0.3986013986013986,0.25874125874125875
124,0.6881720430107527,0.0,0.17204301075268819,0.13978494623655913
125,0.0,0.7972721636701798,0.12089274643521389,0.08183508989460632
126,0.2265193370165746,0.6887661141804788,0.0,0.0847145488029466
127,0.8241335044929397,0.08921694480102696,0.0,0.08664955070603338
128,0.5972850678733032,0.21945701357466063,0.0,0.1832579185520362
129,0.0,0.4547325102880658,0.5164609053497943,0.02880658436213992
130,0.0,0.13516609392898052,0.6632302405498282,0.2016036655211913
131,0.5597014925373134,0.23507462686567165,0.0,0.20522388059701493
132,0.45414847161572053,0.4148471615720524,0.0,0.13100436681222707
133,0.3160919540229885,0.5229885057471264,0.0,0.16091954022988506
134,0.6329932819109231,0.26449365513809403,0.0,0.10251306295098284
135,0.2613065326633166,0.0,0.2914572864321608,0.4472361809045226
136,0.021739130434782608,0.7260869565217392,0.25217391304347825,0.0
137,0.6821515892420538,0.11491442542787286,0.0,0.20293398533007334
138,0.03802281368821293,0.8783269961977186,0.0,0.08365019011406843
139,0.0,0.34972677595628415,0.4426229508196721,0.20765027322404372
140,0.8519579751671442,0.0659025787965616,0.0,0.08213944603629417
141,0.14893617021276595,0.06382978723404255,0.7872340425531915,0.0
142,0.47183098591549294,0.04929577464788732,0.0,0.4788732394366197
143,0.08130081300813008,0.7073170731707317,0.0,0.21138211382113822
144,0.0,0.5160905840286055,0.466030989272944,0.017878426698450536
145,0.22988505747126436,0.21839080459770116,0.5517241379310345,0.0
146,0.6745843230403801,0.25356294536817103,0.07185273159144893,0.0
147,0.328125,0.046875,0.0,0.625
148,0.03065134099616858,0.913154533844189,0.0,0.0561941251596424
149,0.6713856713856714,0.1966966966966967,0.0,0.13191763191763192
150,0.05896805896805897,0.8823710073710074,0.0,0.05866093366093366
151,0.0,0.3541666666666667,0.4895833333333333,0.15625
152,0.0,0.17362045760430686,0.6384028712427098,0.1879766711529834
153,0.0,0.036068281938325994,0.9113436123348018,0.052588105726872246
154,0.10207939508506617,0.6465028355387523,0.2514177693761815,0.0
155,0.18098159509202455,0.0,0.4288343558282209,0.3901840490797546
156,0.14221615294576667,0.7951619196254389,0.06262192742879438,0.0
157,0.0,0.30666994831405364,0.16761014029042579,0.5257199113955205
158,0.10132501948558068,0.6180826188620421,0.2805923616523772,0.0
159,0.14237918215613382,0.0,0.5862453531598513,0.27137546468401486
160,0.0,0.16053811659192826,0.708221225710015,0.1312406576980568
161,0.2518080210387903,0.5167652859960552,0.2314266929651545,0.0
162,0.0,0.1375044185224461,0.7705903145987981,0.09190526687875575
163,0.34297520661157027,0.5725436179981634,0.0,0.0844811753902663
164,0.2746615087040619,0.48065764023210833,0.24468085106382978,0.0
165,0.30597014925373134,0.24253731343283583,0.0,0.45149253731343286
166,0.5435435435435435,0.22822822822822822,0.0,0.22822822822822822
167,0.5611675959330928,0.2974745818301082,0.0,0.14135782223679896
168,0.0,0.25978382407752515,0.6295191949310474,0.11069698099142751
169,0.4875319693094629,0.37771739130434784,0.0,0.13475063938618925
170,0.6446658364466583,0.0,0.13470319634703196,0.22063096720630967
171,0.0,0.23247453565008988,0.5446375074895147,0.22288795686039545
172,0.14950819672131146,0.0,0.3685245901639344,0.4819672131147541
173,0.36912065439672803,0.0,0.3149284253578732,0.3159509202453988
174,0.0,0.4573115349682107,0.22343324250681199,0.3192552225249773
175,0.0,0.4643835616438356,0.3582191780821918,0.1773972602739726
176,0.10427135678391959,0.0,0.3178391959798995,0.5778894472361809
177,0.1754636233951498,0.42510699001426533,0.39942938659058486,0.0
178,0.0,0.4,0.12879581151832462,0.4712041884816754
179,0.08531317494600432,0.0,0.1285097192224622,0.7861771058315334
180,0.0,0.5792759051186017,0.34831460674157305,0.07240948813982521
181,0.0,0.2244165170556553,0.6678635547576302,0.10771992818671454
182,0.04367897727272727,0.0,0.10333806818181818,0.8529829545454546
183,0.16991963260619977,0.0,0.2755453501722158,0.5545350172215844
184,0.36923076923076925,0.0,0.25769230769230766,0.3730769230769231
185,0.2131367292225201,0.613941018766756,0.0,0.17292225201072386
186,0.10985915492957747,0.2563380281690141,0.6338028169014085,0.0
187,0.6041666666666666,0.0,0.1527777777777778,0.24305555555555555
188,0.18629550321199143,0.0,0.22269807280513917,0.5910064239828694
189,0.05509181969949917,0.0,0.10851419031719532,0.8363939899833055
190,0.1744186046511628,0.14728682170542637,0.6782945736434108,0.0
191,0.2522639068564036,0.0,0.4799482535575679,0.2677878395860285
192,0.0,0.17517373592139948,0.8097292115983705,0.01509705248023005
193,0.0,0.4418533292420988,0.5099723841669224,0.048174286590978825
194,0.28989037758830694,0.5761266747868453,0.0,0.13398294762484775
195,0.0,0.18760611205432937,0.7903225806451613,0.022071307300509338
196,0.46511627906976744,0.40863787375415284,0.0,0.12624584717607973
197,0.09762202753441802,0.5319148936170213,0.3704630788485607,0.0
198,0.5208333333333334,0.0,0.3541666666666667,0.125
199,0.4935064935064935,0.16883116883116883,0.0,0.33766233766233766
200,0.0,0.2974137931034483,0.6228448275862069,0.07974137931034483
201,0.30828516377649323,0.6223506743737958,0.0,0.06936416184971098
202,0.034103410341034104,0.8074807480748075,0.15841584158415842,0.0
203,0.2889908256880734,0.0,0.40519877675840976,0.3058103975535168
204,0.0,0.05337620578778135,0.4231511254019293,0.5234726688102894
205,0.10719834282755049,0.0,0.46607975142413255,0.4267219057483169
206,0.2194871794871795,0.0,0.2287179487179487,0.5517948717948717
207,0.0,0.16257007330746012,0.6826218197498922,0.15480810694264768
208,0.10687022900763359,0.45038167938931295,0.44274809160305345,0.0
209,0.0,0.18697924022030787,0.5598079367320999,0.25321282304759213
210,0.29982964224872233,0.08006814310051108,0.6201022146507666,0.0
211,0.12811387900355872,0.0,0.04448398576512456,0.8274021352313167
212,0.0,0.4355241264559068,0.3452579034941764,0.2192179700499168
213,0.4654567637639164,0.4120786945249352,0.0,0.12246454171114839
214,0.27689243027888444,0.44621513944223107,0.27689243027888444,0.0
215,0.0,0.1577411603158256,0.6477857878475798,0.19447305183659458
216,0.4858490566037736,0.25943396226415094,0.0,0.25471698113207547
217,0.0,0.42592592592592593,0.24537037037037038,0.3287037037037037
218,0.19612590799031476,0.0,0.32929782082324455,0.4745762711864407
219,0.0,0.3004048582995951,0.6016194331983805,0.09797570850202429
220,0.0,0.7443639291465378,0.17753623188405798,0.07809983896940419
221,0.3108728943338438,0.5520673813169985,0.0,0.13705972434915772
222,0.15621788283658788,0.43371017471736895,0.41007194244604317,0.0
223,0.48703170028818443,0.0,0.08645533141210375,0.4265129682997118
224,0.0865561694290976,0.0,0.5475751995089012,0.36586863106200124
225,0.0,0.2611464968152866,0.651501364877161,0.08735213830755233
226,0.0,0.3736157920077034,0.5161290322580645,0.11025517573423206
227,0.1708910373660831,0.5142409197805069,0.0,0.31486804285340997
228,0.0,0.20915032679738563,0.4875816993464052,0.3032679738562091
229,0.0,0.22849462365591397,0.6845878136200717,0.08691756272401434
230,0.06348314606741573,0.0,0.1662921348314607,0.7702247191011236
231,0.3090601185436071,0.0,0.5774767146486028,0.11346316680779
232,0.0,0.11328976034858387,0.4466230936819172,0.4400871459694989
233,0.507985123605338,0.4082257711660468,0.0,0.08378910522861518
234,0.4051094890510949,0.2343065693430657,0.3605839416058394,0.0
235,0.40232558139534885,0.1372093023255814,0.4604651162790698,0.0
236,0.06201171875,0.0,0.31298828125,0.625
237,0.2791519434628975,0.10600706713780919,0.6148409893992933,0.0
238,0.3684992570579495,0.0,0.03417533432392273,0.5973254086181278
239,0.40718562874251496,0.0,0.14471057884231536,0.4481037924151697
240,0.12810457516339868,0.0,0.1830065359477124,0.6888888888888889
241,0.0913978494623656,0.10215053763440861,0.8064516129032258,0.0
242,0.44664371772805506,0.3717728055077453,0.0,0.18158347676419967
243,0.0,0.32296204107031734,0.6197884256378344,0.05724953329184816
244,0.0,0.2703260420965745,0.6345439537763103,0.09513000412711514
245,0.4043803418803419,0.443019943019943,0.0,0.1525997150997151
246,0.18067375886524822,0.0,0.37127659574468086,0.4480496453900709
247,0.07792207792207792,0.14935064935064934,0.7727272727272727,0.0
248,0.43516209476309226,0.286783042394015,0.0,0.27805486284289277
249,0.0,0.33289902280130296,0.3022801302931596,0.36482084690553745
250,0.2730009029798334,0.6630881910304003,0.0,0.06391090598976623
251,0.06673747565940874,0.0,0.258806868472296,0.6744556558682953
252,0.20898876404494382,0.22696629213483147,0.5640449438202247,0.0
253,0.4158415841584158,0.0,0.12079207920792079,0.4633663366336634
254,0.33300198807157055,0.47912524850894633,0.1878727634194831,0.0
255,0.42736356648731744,0.46348962336664107,0.0,0.10914681014604151
256,0.005952380952380952,0.9464285714285714,0.047619047619047616,0.0
257,0.4226618705035971,0.30935251798561153,0.0,0.26798561151079137
258,0.0,0.12876712328767123,0.7479452054794521,0.1232876712328767
259,0.1709741550695825,0.0,0.4711729622266402,0.35785288270377735
260,0.09721115537848606,0.0,0.48844621513944225,0.41434262948207173
261,0.4838709677419355,0.27956989247311825,0.0,0.23655913978494625
262,0.15344827586206897,0.0,0.18448275862068966,0.6620689655172414
263,0.11982570806100218,0.0,0.6013071895424836,0.2788671023965142
264,0.526829268292683,0.12682926829268293,0.0,0.3463414634146341
265,0.4125,0.0,0.4375,0.15
266,0.696608615948671,0.1604032997250229,0.0,0.14298808432630614
267,0.38333333333333336,0.2,0.0,0.4166666666666667
268,0.0,0.3815789473684211,0.5,0.11842105263157894
269,0.37438423645320196,0.0,0.17733990147783252,0.4482758620689655
270,0.0,0.040229885057471264,0.4540229885057471,0.5057471264367817
271,0.37755102040816324,0.0,0.19387755102040816,0.42857142857142855
272,0.301255230125523,0.4602510460251046,0.0,0.2384937238493724
273,0.36904761904761907,0.047619047619047616,0.0,0.5833333333333334
274,0.16161616161616163,0.0,0.7441077441077442,0.09427609427609428
275,0.07662337662337662,0.0,0.11948051948051948,0.8038961038961039
276,0.7387618802979707,0.17492936039044438,0.0,0.0863087593115849
277,0.2529411764705882,0.5784313725490197,0.16862745098039217,0.0
278,0.37217207830266086,0.37076544367600517,0.0,0.257062478021334
279,0.06153846153846154,0.13846153846153847,0.8,0.0
280,0.0,0.04716981132075472,0.07547169811320754,0.8773584905660378
281,0.009988901220865706,0.8967813540510544,0.0932297447280799,0.0
282,0.06707317073170732,0.5365853658536586,0.39634146341463417,0.0
283,0.0,0.03199308257674016,0.0,0.9680069174232598
284,0.008903899293828677,0.0,0.01381639545594105,0.9772797052502302
285,0.09703504043126684,0.18867924528301888,0.7142857142857143,0.0
286,0.34347826086956523,0.1565217391304348,0.0,0.5
287,0.0,0.538866930171278,0.461133069828722,0.0
288,0.5225718194254446,0.030095759233926128,0.0,0.4473324213406293
289,0.1375770020533881,0.0,0.18480492813141683,0.6776180698151951
290,0.4158607350096712,0.3829787234042553,0.0,0.2011605415860735
291,0.0,0.5065104166666666,0.4934895833333333,0.0
292,0.3811881188118812,0.452970297029703,0.0,0.16584158415841585
293,0.0,0.5498652291105122,0.3423180592991914,0.1078167115902965
294,0.36853002070393376,0.45962732919254656,0.0,0.17184265010351968
295,0.0,0.3132075471698113,0.37358490566037733,0.3132075471698113
296,0.32,0.4,0.28,0.0
297,0.12844036697247707,0.0,0.44954128440366975,0.42201834862385323
298,0.5909090909090909,0.23863636363636365,0.17045454545454544,0.0
299,0.045454545454545456,0.0,0.7727272727272727,0.18181818181818182
300,0.08333333333333333,0.75,0.16666666666666666,0.0
301,0.2727272727272727,0.0,0.45454545454545453,0.2727272727272727
302,0.0,1.0,0.0,0.0
303,0.1111111111111111,0.0,0.8888888888888888,0.0
304,0.0,1.0,0.0,0.0
305,0.0,0.0,0.0,1.0
306,,,,
307,,,,
308,0.0,1.0,0.0,0.0
309,,,,
310,0.0,0.0,0.0,1.0
311,,,,
312,,,,
313,,,,
314,,,,
315,,,,
