,A,C,G,T
0,,,,
1,,,,
2,0.7176470588235294,0.16470588235294117,0.0,0.11764705882352941
3,0.5142857142857142,0.24285714285714285,0.0,0.24285714285714285
4,0.48484848484848486,0.2727272727272727,0.24242424242424243,0.0
5,0.554945054945055,0.21428571428571427,0.0,0.23076923076923078
6,0.39805825242718446,0.0,0.27184466019417475,0.3300970873786408
7,0.0,0.1,0.7692307692307693,0.13076923076923078
8,0.5870393900889453,0.3418043202033037,0.0,0.07115628970775095
9,0.0863157894736842,0.0,0.09263157894736843,0.8210526315789474
10,0.06666666666666667,0.4666666666666667,0.4666666666666667,0.0
11,0.8246753246753247,0.06493506493506493,0.0,0.11038961038961038
12,0.3533834586466165,0.2932330827067669,0.0,0.3533834586466165
13,0.25,0.45689655172413796,0.29310344827586204,0.0
14,0.7345132743362832,0.13274336283185842,0.0,0.13274336283185842
15,0.11594202898550725,0.7753623188405797,0.0,0.10869565217391304
16,0.0,0.7450980392156863,0.11764705882352941,0.13725490196078433
17,0.8274111675126904,0.1065989847715736,0.0,0.06598984771573604
18,0.35714285714285715,0.25,0.39285714285714285,0.0
19,0.23076923076923078,0.0,0.3076923076923077,0.46153846153846156
20,0.1387900355871886,0.09252669039145907,0.7686832740213523,0.0
21,0.0,0.11764705882352941,0.0,0.8823529411764706
22,0.21052631578947367,0.05263157894736842,0.0,0.7368421052631579
23,0.19607843137254902,0.4117647058823529,0.0,0.39215686274509803
24,0.22727272727272727,0.13636363636363635,0.0,0.6363636363636364
25,0.19047619047619047,0.14285714285714285,0.0,0.6666666666666666
26,0.0,0.3333333333333333,0.5,0.16666666666666666
27,0.4696969696969697,0.3787878787878788,0.0,0.15151515151515152
28,0.5,0.3644067796610169,0.0,0.13559322033898305
29,0.4050632911392405,0.0,0.06329113924050633,0.5316455696202531
30,0.20930232558139536,0.3372093023255814,0.0,0.45348837209302323
31,0.04081632653061224,0.7959183673469388,0.16326530612244897,0.0
32,0.7119565217391305,0.13043478260869565,0.0,0.15760869565217392
33,0.40540540540540543,0.2702702702702703,0.0,0.32432432432432434
34,0.06557377049180328,0.8360655737704918,0.09836065573770492,0.0
35,0.08108108108108109,0.0,0.3918918918918919,0.527027027027027
36,0.37142857142857144,0.0,0.3142857142857143,0.3142857142857143
37,0.0,0.2692307692307692,0.6346153846153846,0.09615384615384616
38,0.4262295081967213,0.3442622950819672,0.0,0.22950819672131148
39,0.10416666666666667,0.0,0.1875,0.7083333333333334
40,0.3333333333333333,0.0,0.14285714285714285,0.5238095238095238
41,0.09649122807017543,0.34210526315789475,0.5614035087719298,0.0
42,0.0,0.08333333333333333,0.0,0.9166666666666666
43,0.5675675675675675,0.2702702702702703,0.0,0.16216216216216217
44,0.5822784810126582,0.22784810126582278,0.0,0.189873417721519
45,0.0,0.18885448916408668,0.7461300309597523,0.06501547987616099
46,0.47514910536779326,0.4135188866799205,0.0,0.11133200795228629
47,0.5061728395061729,0.18518518518518517,0.0,0.30864197530864196
48,0.043478260869565216,0.34782608695652173,0.6086956521739131,0.0
49,0.28,0.0,0.2,0.52
50,0.1870967741935484,0.0,0.21935483870967742,0.5935483870967742
51,0.24,0.0,0.6533333333333333,0.10666666666666667
52,0.12121212121212122,0.5151515151515151,0.36363636363636365,0.0
53,0.40414507772020725,0.48704663212435234,0.0,0.10880829015544041
54,0.0,0.7294117647058823,0.2,0.07058823529411765
55,0.2949640287769784,0.6546762589928058,0.0,0.050359712230215826
56,0.0,0.40476190476190477,0.2619047619047619,0.3333333333333333
57,0.5494505494505495,0.0,0.3626373626373626,0.08791208791208792
58,0.0967741935483871,0.6451612903225806,0.25806451612903225,0.0
59,0.0967741935483871,0.0,0.5403225806451613,0.3629032258064516
60,0.28695652173913044,0.391304347826087,0.3217391304347826,0.0
61,0.8285714285714286,0.0,0.02857142857142857,0.14285714285714285
62,0.3027027027027027,0.0,0.15135135135135136,0.5459459459459459
63,0.0,0.23529411764705882,0.7647058823529411,0.0
64,0.14285714285714285,0.0,0.0,0.8571428571428571
65,0.03571428571428571,0.8125,0.15178571428571427,0.0
66,0.636734693877551,0.07755102040816327,0.0,0.2857142857142857
67,0.38461538461538464,0.0,0.158004158004158,0.4573804573804574
68,0.0,0.13934426229508196,0.6065573770491803,0.2540983606557377
69,0.7835820895522388,0.14925373134328357,0.0,0.06716417910447761
70,0.03225806451612903,0.0,0.43548387096774194,0.532258064516129
71,0.29745042492917845,0.623229461756374,0.0,0.07932011331444759
72,0.37681159420289856,0.2898550724637681,0.3333333333333333,0.0
73,0.6923076923076923,0.0,0.05128205128205128,0.2564102564102564
74,0.2972972972972973,0.3581081081081081,0.34459459459459457,0.0
75,0.6071428571428571,0.21428571428571427,0.0,0.17857142857142858
76,0.5272727272727272,0.14545454545454545,0.0,0.32727272727272727
77,0.0,0.51931330472103,0.296137339055794,0.18454935622317598
78,0.2465753424657534,0.5342465753424658,0.2191780821917808,0.0
79,0.2631578947368421,0.5263157894736842,0.21052631578947367,0.0
80,0.10294117647058823,0.0,0.13970588235294118,0.7573529411764706
81,0.0,0.23867069486404835,0.5196374622356495,0.24169184290030213
82,0.2072463768115942,0.0,0.42318840579710143,0.3695652173913043
83,0.28662420382165604,0.0,0.2484076433121019,0.46496815286624205
84,0.2736318407960199,0.5572139303482587,0.1691542288557214,0.0
85,0.23809523809523808,0.6190476190476191,0.14285714285714285,0.0
86,0.21818181818181817,0.0,0.03636363636363636,0.7454545454545455
87,0.0,0.29694323144104806,0.5414847161572053,0.1615720524017467
88,0.5881057268722467,0.3524229074889868,0.0,0.05947136563876652
89,0.23186119873817035,0.5063091482649842,0.2618296529968454,0.0
90,0.0,0.22203672787979967,0.5676126878130217,0.21035058430717862
91,0.577826725403818,0.3524229074889868,0.0,0.0697503671071953
92,0.2343558282208589,0.0,0.07607361963190185,0.6895705521472393
93,0.16013071895424835,0.7189542483660131,0.12091503267973856,0.0
94,0.0,0.33404255319148934,0.1127659574468085,0.5531914893617021
95,0.046153846153846156,0.8358974358974359,0.11794871794871795,0.0
96,0.4523809523809524,0.20238095238095238,0.0,0.34523809523809523
97,0.1546572934973638,0.7047451669595782,0.0,0.140597539543058
98,0.42567567567567566,0.0,0.2635135135135135,0.3108108108108108
99,0.0,0.39759036144578314,0.18674698795180722,0.41566265060240964
100,0.2,0.3333333333333333,0.4666666666666667,0.0
101,0.3516483516483517,0.32967032967032966,0.0,0.31868131868131866
102,0.47305389221556887,0.0,0.059880239520958084,0.46706586826347307
103,0.0,0.7272727272727273,0.045454545454545456,0.22727272727272727
104,0.021834061135371178,0.0,0.31004366812227074,0.6681222707423581
105,0.06666666666666667,0.3333333333333333,0.6,0.0
106,0.0,0.1111111111111111,0.0,0.8888888888888888
107,0.06666666666666667,0.3333333333333333,0.0,0.6
108,0.5584415584415584,0.11688311688311688,0.0,0.3246753246753247
109,0.021739130434782608,0.8043478260869565,0.17391304347826086,0.0
110,0.3870967741935484,0.0,0.2903225806451613,0.3225806451612903
111,0.35714285714285715,0.0,0.42857142857142855,0.21428571428571427
112,0.4166666666666667,0.25,0.0,0.3333333333333333
113,0.35514018691588783,0.0,0.19626168224299065,0.4485981308411215
114,0.39285714285714285,0.0,0.42857142857142855,0.17857142857142858
115,0.0,0.16,0.4666666666666667,0.37333333333333335
116,0.3235294117647059,0.5294117647058824,0.0,0.14705882352941177
117,0.37012987012987014,0.3246753246753247,0.0,0.3051948051948052
118,0.05063291139240506,0.0,0.3037974683544304,0.6455696202531646
119,0.20588235294117646,0.47058823529411764,0.3235294117647059,0.0
120,0.38461538461538464,0.0,0.38461538461538464,0.23076923076923078
121,0.6,0.0,0.1,0.3
122,0.0,0.25980392156862747,0.5980392156862745,0.14215686274509803
123,0.36363636363636365,0.2727272727272727,0.0,0.36363636363636365
124,0.45161290322580644,0.0967741935483871,0.0,0.45161290322580644
125,0.5225225225225225,0.0,0.4144144144144144,0.06306306306306306
126,0.0,0.45045045045045046,0.5405405405405406,0.009009009009009009
127,0.0,0.10218978102189781,0.7226277372262774,0.17518248175182483
128,0.34615384615384615,0.19230769230769232,0.0,0.46153846153846156
129,0.3103448275862069,0.1724137931034483,0.0,0.5172413793103449
130,0.22727272727272727,0.2727272727272727,0.0,0.5
131,0.6935817805383023,0.18219461697722567,0.0,0.12422360248447205
132,0.256198347107438,0.0,0.4380165289256198,0.30578512396694213
133,0.037383177570093455,0.48598130841121495,0.4766355140186916,0.0
134,0.345679012345679,0.3148148148148148,0.0,0.3395061728395062
135,0.21212121212121213,0.45454545454545453,0.0,0.3333333333333333
136,0.0,0.05732484076433121,0.89171974522293,0.050955414012738856
137,0.6424870466321243,0.19689119170984457,0.0,0.16062176165803108
138,0.08139534883720931,0.023255813953488372,0.8953488372093024,0.0
139,0.20754716981132076,0.24528301886792453,0.0,0.5471698113207547
140,0.23809523809523808,0.23809523809523808,0.0,0.5238095238095238
141,0.22772277227722773,0.5148514851485149,0.0,0.25742574257425743
142,0.125,0.1,0.775,0.0
143,0.27049180327868855,0.32786885245901637,0.0,0.4016393442622951
144,0.43703703703703706,0.014814814814814815,0.0,0.5481481481481482
145,0.3618421052631579,0.0,0.506578947368421,0.13157894736842105
146,0.0,0.2708860759493671,0.3139240506329114,0.4151898734177215
147,0.4465174129353234,0.3420398009950249,0.0,0.21144278606965175
148,0.13968253968253969,0.4634920634920635,0.3968253968253968,0.0
149,0.13947990543735225,0.524822695035461,0.33569739952718675,0.0
150,0.0,0.15932203389830507,0.6440677966101694,0.19661016949152543
151,0.22598870056497175,0.4519774011299435,0.3220338983050847,0.0
152,0.0,0.2537154989384289,0.16878980891719744,0.5774946921443737
153,0.19306930693069307,0.28217821782178215,0.5247524752475248,0.0
154,0.36609336609336607,0.37346437346437344,0.0,0.26044226044226043
155,0.14715719063545152,0.5050167224080268,0.0,0.34782608695652173
156,0.2182468694096601,0.5491949910554562,0.23255813953488372,0.0
157,0.0,0.42758620689655175,0.06758620689655172,0.5048275862068966
158,0.12757201646090535,0.6296296296296297,0.24279835390946503,0.0
159,0.5126050420168067,0.31932773109243695,0.0,0.16806722689075632
160,0.0,0.205607476635514,0.719626168224299,0.07476635514018691
161,0.13993174061433447,0.6655290102389079,0.1945392491467577,0.0
162,0.49333333333333335,0.02666666666666667,0.0,0.48
163,0.4784688995215311,0.40669856459330145,0.0,0.11483253588516747
164,0.0,0.4730290456431535,0.43983402489626555,0.08713692946058091
165,0.0,0.22424242424242424,0.6121212121212121,0.16363636363636364
166,0.41323529411764703,0.3779411764705882,0.0,0.2088235294117647
167,0.3358208955223881,0.4054726368159204,0.25870646766169153,0.0
168,0.0,0.4097222222222222,0.4444444444444444,0.14583333333333334
169,0.0,0.3717948717948718,0.4256410256410256,0.20256410256410257
170,0.33896515311510034,0.2470960929250264,0.4139387539598733,0.0
171,0.0,0.35390199637023595,0.6243194192377496,0.021778584392014518
172,0.0,0.45295404814004375,0.29978118161925604,0.24726477024070023
173,0.0,0.22162162162162163,0.6405405405405405,0.13783783783783785
174,0.2600806451612903,0.3870967741935484,0.3528225806451613,0.0
175,0.0,0.1180722891566265,0.13734939759036144,0.744578313253012
176,0.036427732079905996,0.0,0.13748531139835488,0.8260869565217391
177,0.1565217391304348,0.5304347826086957,0.3130434782608696,0.0
178,0.0,0.2875,0.125,0.5875
179,0.08636363636363636,0.6954545454545454,0.21818181818181817,0.0
180,0.562015503875969,0.15891472868217055,0.0,0.27906976744186046
181,0.12929623567921442,0.0,0.5908346972176759,0.27986906710310966
182,0.0,0.1918238993710692,0.6981132075471698,0.11006289308176101
183,0.4574468085106383,0.3829787234042553,0.0,0.1595744680851064
184,0.0,0.5086705202312138,0.44508670520231214,0.046242774566473986
185,0.11419753086419752,0.0,0.558641975308642,0.3271604938271605
186,0.09774436090225563,0.20300751879699247,0.6992481203007519,0.0
187,0.3484848484848485,0.0,0.24242424242424243,0.4090909090909091
188,0.12269938650306748,0.0,0.08895705521472393,0.7883435582822086
189,0.45714285714285713,0.34285714285714286,0.0,0.2
190,0.06666666666666667,0.37777777777777777,0.5555555555555556,0.0
191,0.3076923076923077,0.4,0.0,0.2923076923076923
192,0.0,0.3434343434343434,0.6262626262626263,0.030303030303030304
193,0.0,0.056265984654731455,0.9002557544757033,0.043478260869565216
194,0.2463768115942029,0.2898550724637681,0.0,0.463768115942029
195,0.22916666666666666,0.1875,0.0,0.5833333333333334
196,0.6,0.1,0.0,0.3
197,0.20588235294117646,0.0,0.3627450980392157,0.43137254901960786
198,0.5625,0.0,0.40625,0.03125
199,0.3333333333333333,0.1111111111111111,0.0,0.5555555555555556
200,0.0,0.4127659574468085,0.502127659574468,0.0851063829787234
201,0.13274336283185842,0.23893805309734514,0.6283185840707964,0.0
202,0.2631578947368421,0.2631578947368421,0.47368421052631576,0.0
203,0.25333333333333335,0.0,0.14666666666666667,0.6
204,0.0,0.08866995073891626,0.5714285714285714,0.3399014778325123
205,0.06643356643356643,0.0,0.2692307692307692,0.6643356643356644
206,0.19658119658119658,0.0,0.15384615384615385,0.6495726495726496
207,0.0,0.10862619808306709,0.8722044728434505,0.019169329073482427
208,0.3492063492063492,0.20634920634920634,0.4444444444444444,0.0
209,0.2205128205128205,0.0,0.11282051282051282,0.6666666666666666
210,0.5142857142857142,0.047619047619047616,0.4380952380952381,0.0
211,0.5230769230769231,0.0,0.07692307692307693,0.4
212,0.29850746268656714,0.0,0.05970149253731343,0.6417910447761194
213,0.0,0.5,0.2647058823529412,0.23529411764705882
214,0.7719298245614035,0.017543859649122806,0.0,0.21052631578947367
215,0.0,0.06896551724137931,0.9241379310344827,0.006896551724137931
216,0.46153846153846156,0.15384615384615385,0.0,0.38461538461538464
217,0.0,0.3333333333333333,0.4166666666666667,0.25
218,0.6923076923076923,0.0,0.1794871794871795,0.1282051282051282
219,0.0,0.05945945945945946,0.8540540540540541,0.08648648648648649
220,0.0,0.4827586206896552,0.21839080459770116,0.2988505747126437
221,0.37254901960784315,0.0,0.5915032679738562,0.03594771241830065
222,0.16129032258064516,0.07258064516129033,0.7661290322580645,0.0
223,0.3888888888888889,0.0,0.07777777777777778,0.5333333333333333
224,0.19014084507042253,0.0,0.4154929577464789,0.39436619718309857
225,0.0,0.4318181818181818,0.5409090909090909,0.02727272727272727
226,0.0,0.08611111111111111,0.7805555555555556,0.13333333333333333
227,0.40711462450592883,0.525691699604743,0.0,0.06719367588932806
228,0.0,0.09448818897637795,0.8582677165354331,0.047244094488188976
229,0.0,0.11707317073170732,0.8390243902439024,0.04390243902439024
230,0.12064343163538874,0.0,0.2037533512064343,0.675603217158177
231,0.0,0.059880239520958084,0.3413173652694611,0.5988023952095808
232,0.05362776025236593,0.0,0.1640378548895899,0.7823343848580442
233,0.5615906886517944,0.2434529582929195,0.0,0.19495635305528614
234,0.07611548556430446,0.0,0.6404199475065617,0.28346456692913385
235,0.24324324324324326,0.35135135135135137,0.40540540540540543,0.0
236,0.41887417218543044,0.3195364238410596,0.0,0.26158940397350994
237,0.19653179190751446,0.4046242774566474,0.3988439306358382,0.0
238,0.0,0.317907444668008,0.056338028169014086,0.6257545271629779
239,0.034334763948497854,0.7510729613733905,0.2145922746781116,0.0
240,0.035483870967741936,0.0,0.04838709677419355,0.9161290322580645
241,0.3076923076923077,0.15384615384615385,0.5384615384615384,0.0
242,0.5290519877675841,0.3058103975535168,0.0,0.1651376146788991
243,0.039735099337748346,0.0,0.9437086092715232,0.016556291390728478
244,0.0,0.08163265306122448,0.12244897959183673,0.7959183673469388
245,0.0,0.3710691823899371,0.5628930817610063,0.0660377358490566
246,0.0,0.2753623188405797,0.3115942028985507,0.41304347826086957
247,0.05,0.3,0.65,0.0
248,0.4166666666666667,0.4305555555555556,0.0,0.1527777777777778
249,0.0,0.1987179487179487,0.7980769230769231,0.003205128205128205
250,0.0,0.3565217391304348,0.5797101449275363,0.06376811594202898
251,0.07692307692307693,0.0,0.12692307692307692,0.7961538461538461
252,0.0,0.17045454545454544,0.7556818181818182,0.07386363636363637
253,0.6952380952380952,0.2571428571428571,0.0,0.047619047619047616
254,0.09393939393939393,0.0,0.051515151515151514,0.8545454545454545
255,0.09574468085106383,0.0,0.4574468085106383,0.44680851063829785
256,0.15625,0.15625,0.6875,0.0
257,0.1968503937007874,0.7007874015748031,0.0,0.10236220472440945
258,0.0,0.6802030456852792,0.29949238578680204,0.02030456852791878
259,0.22,0.675,0.0,0.105
260,0.0,0.37572254335260113,0.4797687861271676,0.14450867052023122
261,0.47560975609756095,0.4146341463414634,0.0,0.10975609756097561
262,0.08808290155440414,0.0,0.12124352331606218,0.7906735751295336
263,0.14285714285714285,0.0,0.08,0.7771428571428571
264,0.38095238095238093,0.2857142857142857,0.0,0.3333333333333333
265,0.0,0.5076923076923077,0.4153846153846154,0.07692307692307693
266,0.33779761904761907,0.5863095238095238,0.0,0.07589285714285714
267,0.3333333333333333,0.3333333333333333,0.0,0.3333333333333333
268,0.0,0.4444444444444444,0.4444444444444444,0.1111111111111111
269,0.14912280701754385,0.0,0.017543859649122806,0.8333333333333334
270,0.0,0.014705882352941176,0.3382352941176471,0.6470588235294118
271,0.2222222222222222,0.0,0.0,0.7777777777777778
272,0.5555555555555556,0.2916666666666667,0.0,0.1527777777777778
273,0.42857142857142855,0.14285714285714285,0.0,0.42857142857142855
274,0.026455026455026454,0.0,0.9417989417989417,0.031746031746031744
275,0.11467889908256881,0.7752293577981652,0.11009174311926606,0.0
276,0.703125,0.2152777777777778,0.0,0.08159722222222222
277,0.15384615384615385,0.717948717948718,0.1282051282051282,0.0
278,0.272992700729927,0.45255474452554745,0.0,0.27445255474452557
279,0.14285714285714285,0.0,0.8571428571428571,0.0
280,0.0,0.15789473684210525,0.15789473684210525,0.6842105263157895
281,0.010362694300518135,0.9533678756476683,0.03626943005181347,0.0
282,0.11363636363636363,0.8295454545454546,0.056818181818181816,0.0
283,0.0,0.024390243902439025,0.11219512195121951,0.8634146341463415
284,0.014962593516209476,0.0,0.04738154613466334,0.9376558603491272
285,0.22580645161290322,0.0967741935483871,0.6774193548387096,0.0
286,0.29411764705882354,0.29411764705882354,0.0,0.4117647058823529
287,0.0,0.8387096774193549,0.16129032258064516,0.0
288,0.6790123456790124,0.09876543209876543,0.0,0.2222222222222222
289,0.045,0.0,0.11,0.845
290,0.422680412371134,0.5051546391752577,0.0,0.07216494845360824
291,0.0,0.5882352941176471,0.4117647058823529,0.0
292,0.0,0.2857142857142857,0.6530612244897959,0.061224489795918366
293,0.0,0.016260162601626018,0.959349593495935,0.024390243902439025
294,0.25,0.5,0.0,0.25
295,0.0,0.25806451612903225,0.4838709677419355,0.25806451612903225
296,0.15,0.55,0.3,0.0
297,0.17142857142857143,0.0,0.6285714285714286,0.2
298,0.2,0.45714285714285713,0.34285714285714286,0.0
299,0.2,0.8,0.0,0.0
300,0.0,0.34782608695652173,0.6521739130434783,0.0
301,0.0,0.0,0.8695652173913043,0.13043478260869565
302,0.0,1.0,0.0,0.0
303,0.9523809523809523,0.0,0.0,0.047619047619047616
304,,,,
305,,,,
306,0.0,0.0,1.0,0.0
307,,,,
308,,,,
309,,,,
310,,,,
311,,,,
312,,,,
313,,,,
314,,,,
315,,,,
