,A,C,G,T
0,,,,
1,,,,
2,0.9761904761904762,0.023809523809523808,0.0,0.0
3,0.3333333333333333,0.6666666666666666,0.0,0.0
4,0.5,0.5,0.0,0.0
5,0.4117647058823529,0.0,0.0,0.5882352941176471
6,0.5,0.0,0.0,0.5
7,0.0,0.0,0.25,0.75
8,0.1891891891891892,0.8108108108108109,0.0,0.0
9,0.0,0.0,0.14285714285714285,0.8571428571428571
10,0.5,0.5,0.0,0.0
11,0.7857142857142857,0.14285714285714285,0.0,0.07142857142857142
12,0.0,0.037037037037037035,0.0,0.9629629629629629
13,0.5,0.5,0.0,0.0
14,0.0,0.0,0.0,1.0
15,0.0,0.75,0.0,0.25
16,0.0,0.0,0.0,1.0
17,1.0,0.0,0.0,0.0
18,0.0,1.0,0.0,0.0
19,1.0,0.0,0.0,0.0
20,0.0,0.0,1.0,0.0
21,,,,
22,,,,
23,0.8571428571428571,0.0,0.0,0.14285714285714285
24,,,,
25,0.0,0.0,0.0,1.0
26,0.0,0.5,0.5,0.0
27,0.6,0.4,0.0,0.0
28,0.5714285714285714,0.42857142857142855,0.0,0.0
29,0.0,0.0,0.0,1.0
30,0.0,1.0,0.0,0.0
31,,,,
32,0.0,0.0,0.0,1.0
33,1.0,0.0,0.0,0.0
34,0.5,0.0,0.5,0.0
35,0.0,0.42857142857142855,0.47619047619047616,0.09523809523809523
36,1.0,0.0,0.0,0.0
37,,,,
38,0.0,0.0,0.0,1.0
39,0.0,0.0,0.0,1.0
40,0.5,0.0,0.0,0.5
41,0.0,0.02127659574468085,0.9787234042553191,0.0
42,0.0,0.0,0.9868421052631579,0.013157894736842105
43,,,,
44,1.0,0.0,0.0,0.0
45,,,,
46,1.0,0.0,0.0,0.0
47,,,,
48,,,,
49,0.0,0.0,0.0,1.0
50,0.4,0.0,0.0,0.6
51,0.0,0.0,1.0,0.0
52,0.0,0.0,1.0,0.0
53,0.3333333333333333,0.16666666666666666,0.0,0.5
54,0.0,1.0,0.0,0.0
55,0.9393939393939394,0.030303030303030304,0.0,0.030303030303030304
56,0.0,1.0,0.0,0.0
57,,,,
58,,,,
59,,,,
60,0.75,0.0,0.25,0.0
61,,,,
62,0.25,0.0,0.25,0.5
63,0.0,0.0,1.0,0.0
64,,,,
65,0.0,0.3333333333333333,0.6666666666666666,0.0
66,1.0,0.0,0.0,0.0
67,0.0,0.0,0.5,0.5
68,0.0,1.0,0.0,0.0
69,1.0,0.0,0.0,0.0
70,0.0,0.0,0.6,0.4
71,0.3333333333333333,0.0,0.6666666666666666,0.0
72,0.5,0.16666666666666666,0.3333333333333333,0.0
73,,,,
74,0.25,0.25,0.5,0.0
75,1.0,0.0,0.0,0.0
76,0.5,0.25,0.0,0.25
77,0.0,0.14285714285714285,0.7142857142857143,0.14285714285714285
78,0.5,0.5,0.0,0.0
79,0.3333333333333333,0.3333333333333333,0.3333333333333333,0.0
80,0.0,0.0,0.0,1.0
81,0.0,0.42857142857142855,0.0,0.5714285714285714
82,0.0625,0.0,0.8958333333333334,0.041666666666666664
83,0.058823529411764705,0.0,0.0,0.9411764705882353
84,0.015625,0.015625,0.0,0.96875
85,0.0,0.0,1.0,0.0
86,0.1320754716981132,0.0,0.05660377358490566,0.8113207547169812
87,0.0,0.8333333333333334,0.16666666666666666,0.0
88,0.5454545454545454,0.45454545454545453,0.0,0.0
89,0.10344827586206896,0.8620689655172413,0.034482758620689655,0.0
90,0.0,0.25,0.5,0.25
91,0.42857142857142855,0.39285714285714285,0.0,0.17857142857142858
92,0.0,0.0,0.5384615384615384,0.46153846153846156
93,0.0,0.12121212121212122,0.030303030303030304,0.8484848484848485
94,0.0,0.5454545454545454,0.18181818181818182,0.2727272727272727
95,0.05263157894736842,0.9210526315789473,0.02631578947368421,0.0
96,0.14285714285714285,0.42857142857142855,0.0,0.42857142857142855
97,0.0,0.8333333333333334,0.13333333333333333,0.03333333333333333
98,0.0,0.9705882352941176,0.0,0.029411764705882353
99,0.0,0.08333333333333333,0.0,0.9166666666666666
100,0.0,1.0,0.0,0.0
101,0.05555555555555555,0.05555555555555555,0.0,0.8888888888888888
102,0.0,0.7142857142857143,0.2857142857142857,0.0
103,0.35714285714285715,0.42857142857142855,0.0,0.21428571428571427
104,0.017857142857142856,0.0,0.03571428571428571,0.9464285714285714
105,0.0,1.0,0.0,0.0
106,0.0,1.0,0.0,0.0
107,0.3333333333333333,0.6666666666666666,0.0,0.0
108,0.0,0.0,0.9866666666666667,0.013333333333333334
109,0.0,1.0,0.0,0.0
110,0.0,0.0,0.5,0.5
111,1.0,0.0,0.0,0.0
112,0.0,0.0,0.0,1.0
113,0.0,0.0,1.0,0.0
114,1.0,0.0,0.0,0.0
115,0.0,0.6666666666666666,0.3333333333333333,0.0
116,0.0,1.0,0.0,0.0
117,0.5,0.0,0.0,0.5
118,0.25,0.0,0.25,0.5
119,0.3333333333333333,0.3333333333333333,0.3333333333333333,0.0
120,0.0,0.0,0.125,0.875
121,0.6666666666666666,0.0,0.0,0.3333333333333333
122,0.0,0.25,0.25,0.5
123,1.0,0.0,0.0,0.0
124,0.5,0.0,0.0,0.5
125,1.0,0.0,0.0,0.0
126,0.0,0.9428571428571428,0.05714285714285714,0.0
127,0.0,0.36363636363636365,0.5454545454545454,0.09090909090909091
128,0.5,0.0,0.0,0.5
129,0.5,0.0,0.0,0.5
130,0.3333333333333333,0.6666666666666666,0.0,0.0
131,0.6666666666666666,0.16666666666666666,0.0,0.16666666666666666
132,0.2,0.0,0.6,0.2
133,0.0,0.3333333333333333,0.6666666666666666,0.0
134,0.0,0.5,0.0,0.5
135,0.0,1.0,0.0,0.0
136,0.0,0.0,1.0,0.0
137,0.42857142857142855,0.14285714285714285,0.0,0.42857142857142855
138,0.0,0.0,1.0,0.0
139,0.4,0.3,0.0,0.3
140,0.0,0.0,0.0,1.0
141,0.625,0.25,0.0,0.125
142,0.6666666666666666,0.0,0.3333333333333333,0.0
143,0.2857142857142857,0.0,0.6428571428571429,0.07142857142857142
144,0.0,0.0,1.0,0.0
145,0.6363636363636364,0.0,0.0,0.36363636363636365
146,0.0,0.6666666666666666,0.3333333333333333,0.0
147,0.14545454545454545,0.0,0.8545454545454545,0.0
148,0.5,0.0,0.2727272727272727,0.22727272727272727
149,0.5964912280701754,0.0,0.03508771929824561,0.3684210526315789
150,0.0,0.15384615384615385,0.8461538461538461,0.0
151,0.0,0.25,0.75,0.0
152,0.10526315789473684,0.5263157894736842,0.3684210526315789,0.0
153,0.0,0.16666666666666666,0.5833333333333334,0.25
154,0.02564102564102564,0.9487179487179487,0.0,0.02564102564102564
155,0.8205128205128205,0.10256410256410256,0.07692307692307693,0.0
156,0.926829268292683,0.04878048780487805,0.0,0.024390243902439025
157,0.7547169811320755,0.09433962264150944,0.0,0.1509433962264151
158,0.2,0.5,0.3,0.0
159,0.8571428571428571,0.0,0.0,0.14285714285714285
160,0.2916666666666667,0.041666666666666664,0.0,0.6666666666666666
161,0.3333333333333333,0.3333333333333333,0.3333333333333333,0.0
162,0.0,0.0,0.9285714285714286,0.07142857142857142
163,0.42857142857142855,0.5,0.0,0.07142857142857142
164,0.044444444444444446,0.0,0.6888888888888889,0.26666666666666666
165,0.0,0.06666666666666667,0.4,0.5333333333333333
166,0.2,0.0,0.5,0.3
167,0.0,0.2222222222222222,0.4444444444444444,0.3333333333333333
168,0.2857142857142857,0.2857142857142857,0.42857142857142855,0.0
169,0.0,0.16666666666666666,0.08333333333333333,0.75
170,0.14285714285714285,0.0,0.2857142857142857,0.5714285714285714
171,0.4,0.4,0.2,0.0
172,,,,
173,0.0,0.0,0.125,0.875
174,0.5714285714285714,0.07142857142857142,0.0,0.35714285714285715
175,0.16666666666666666,0.0,0.5,0.3333333333333333
176,0.0,0.5,0.5,0.0
177,0.0,1.0,0.0,0.0
178,0.0,0.4,0.4,0.2
179,0.7272727272727273,0.0,0.18181818181818182,0.09090909090909091
180,0.2,0.0,0.8,0.0
181,,,,
182,0.0,0.0,0.0,1.0
183,0.0,0.0,0.9855072463768116,0.014492753623188406
184,0.0,0.015151515151515152,0.0,0.9848484848484849
185,,,,
186,,,,
187,0.0,0.0,1.0,0.0
188,0.6666666666666666,0.0,0.0,0.3333333333333333
189,0.0,0.0,0.0,1.0
190,0.0,1.0,0.0,0.0
191,0.5,0.0,0.25,0.25
192,0.0,1.0,0.0,0.0
193,,,,
194,0.0,0.09259259259259259,0.8703703703703703,0.037037037037037035
195,0.0,0.0,1.0,0.0
196,,,,
197,0.0,0.0,0.5,0.5
198,0.0,0.2,0.8,0.0
199,0.0,0.0,0.8918918918918919,0.10810810810810811
200,0.0,0.0,0.5,0.5
201,0.0,0.02702702702702703,0.9459459459459459,0.02702702702702703
202,0.0,0.9,0.1,0.0
203,0.0,0.0,0.0,1.0
204,0.3333333333333333,0.3333333333333333,0.3333333333333333,0.0
205,0.0,0.0,0.0,1.0
206,1.0,0.0,0.0,0.0
207,0.0,1.0,0.0,0.0
208,0.0,0.0,0.0,1.0
209,0.0,0.15384615384615385,0.6923076923076923,0.15384615384615385
210,0.5,0.0,0.0,0.5
211,,,,
212,1.0,0.0,0.0,0.0
213,0.0,0.0,0.7857142857142857,0.21428571428571427
214,0.0,0.16666666666666666,0.5,0.3333333333333333
215,0.07142857142857142,0.8571428571428571,0.07142857142857142,0.0
216,0.6428571428571429,0.07142857142857142,0.2857142857142857,0.0
217,0.0,0.0,0.25,0.75
218,0.42857142857142855,0.0,0.5714285714285714,0.0
219,0.0,0.42857142857142855,0.5714285714285714,0.0
220,0.0,0.0,1.0,0.0
221,0.4,0.6,0.0,0.0
222,0.0,0.3333333333333333,0.3333333333333333,0.3333333333333333
223,0.0,0.0,1.0,0.0
224,0.0,0.0,0.027777777777777776,0.9722222222222222
225,0.0,0.0,0.0,1.0
226,0.0,0.0,0.0,1.0
227,0.7575757575757576,0.18181818181818182,0.0,0.06060606060606061
228,0.023255813953488372,0.0,0.8604651162790697,0.11627906976744186
229,0.0,1.0,0.0,0.0
230,0.95,0.05,0.0,0.0
231,0.5,0.5,0.0,0.0
232,0.0,0.17647058823529413,0.11764705882352941,0.7058823529411765
233,0.0,0.5,0.5,0.0
234,0.0,0.0,0.375,0.625
235,0.0,0.0,1.0,0.0
236,0.030303030303030304,0.030303030303030304,0.9393939393939394,0.0
237,0.0,0.0,1.0,0.0
238,0.0,0.3333333333333333,0.0,0.6666666666666666
239,0.0,0.0,1.0,0.0
240,0.0,0.0,0.0,1.0
241,,,,
242,1.0,0.0,0.0,0.0
243,0.0,0.2857142857142857,0.7142857142857143,0.0
244,0.0,0.10810810810810811,0.8648648648648649,0.02702702702702703
245,0.0,0.0,0.25,0.75
246,0.0,0.030303030303030304,0.9696969696969697,0.0
247,0.0,0.015384615384615385,0.9846153846153847,0.0
248,0.0,0.0,0.0,1.0
249,0.6666666666666666,0.0,0.3333333333333333,0.0
250,,,,
251,0.2,0.6,0.0,0.2
252,0.0,0.4,0.6,0.0
253,1.0,0.0,0.0,0.0
254,0.0,0.0,1.0,0.0
255,0.6666666666666666,0.3333333333333333,0.0,0.0
256,0.06666666666666667,0.0,0.4,0.5333333333333333
257,0.0,0.9722222222222222,0.027777777777777776,0.0
258,0.5,0.0,0.0,0.5
259,0.0,0.5,0.5,0.0
260,0.8095238095238095,0.16666666666666666,0.0,0.023809523809523808
261,,,,
262,1.0,0.0,0.0,0.0
263,,,,
264,0.0,0.0,0.0,1.0
265,1.0,0.0,0.0,0.0
266,0.75,0.0,0.0,0.25
267,,,,
268,0.0,0.0,1.0,0.0
269,0.0,0.0,0.0,1.0
270,0.9354838709677419,0.016129032258064516,0.0,0.04838709677419355
271,0.25,0.0,0.7,0.05
272,0.835820895522388,0.11940298507462686,0.0,0.04477611940298507
273,,,,
274,,,,
275,,,,
276,0.0,1.0,0.0,0.0
277,0.0,0.0,0.0,1.0
278,0.0,0.0,0.14285714285714285,0.8571428571428571
279,0.0,0.0,1.0,0.0
280,0.5,0.25,0.0,0.25
281,0.0,0.6666666666666666,0.3333333333333333,0.0
282,0.0,0.0,0.0,1.0
283,0.0,0.0,0.0,1.0
284,0.0,0.0,0.9814814814814815,0.018518518518518517
285,0.0,0.0,1.0,0.0
286,,,,
287,0.0,1.0,0.0,0.0
288,0.0625,0.0,0.9375,0.0
289,,,,
290,0.8846153846153846,0.038461538461538464,0.07692307692307693,0.0
291,,,,
292,1.0,0.0,0.0,0.0
293,,,,
294,0.0,1.0,0.0,0.0
295,0.0,0.0,0.0,1.0
296,1.0,0.0,0.0,0.0
297,,,,
298,,,,
299,,,,
300,,,,
301,,,,
302,,,,
303,0.0,0.0,1.0,0.0
304,,,,
305,,,,
306,,,,
307,,,,
308,,,,
309,,,,
310,,,,
311,,,,
