,A,C,G,T
0,,,,
1,,,,
2,0.3333333333333333,0.6666666666666666,0.0,0.0
3,,,,
4,1.0,0.0,0.0,0.0
5,,,,
6,0.6666666666666666,0.0,0.3333333333333333,0.0
7,0.0,0.0,0.0,1.0
8,0.92,0.08,0.0,0.0
9,0.0,0.0,0.0,1.0
10,,,,
11,1.0,0.0,0.0,0.0
12,0.0,0.2857142857142857,0.0,0.7142857142857143
13,1.0,0.0,0.0,0.0
14,,,,
15,0.0,0.6666666666666666,0.0,0.3333333333333333
16,,,,
17,,,,
18,,,,
19,0.0,0.0,0.0,1.0
20,0.0,0.9166666666666666,0.08333333333333333,0.0
21,0.0,0.0,0.0,1.0
22,,,,
23,1.0,0.0,0.0,0.0
24,0.0,0.25,0.0,0.75
25,0.0,0.0,0.0,1.0
26,,,,
27,0.5,0.25,0.0,0.25
28,0.6,0.4,0.0,0.0
29,1.0,0.0,0.0,0.0
30,0.0,0.375,0.625,0.0
31,,,,
32,0.0,0.09090909090909091,0.9090909090909091,0.0
33,1.0,0.0,0.0,0.0
34,0.0,1.0,0.0,0.0
35,0.0,0.08108108108108109,0.02702702702702703,0.8918918918918919
36,0.0,0.0,1.0,0.0
37,0.0,0.3333333333333333,0.6666666666666666,0.0
38,0.0,0.5,0.0,0.5
39,0.3333333333333333,0.0,0.6666666666666666,0.0
40,,,,
41,0.0,0.0,1.0,0.0
42,,,,
43,,,,
44,0.0,0.0,1.0,0.0
45,,,,
46,1.0,0.0,0.0,0.0
47,,,,
48,0.0,0.0,1.0,0.0
49,,,,
50,0.0,0.0,0.0,1.0
51,,,,
52,,,,
53,0.0,0.6,0.0,0.4
54,0.0,1.0,0.0,0.0
55,,,,
56,0.0,0.3333333333333333,0.6666666666666666,0.0
57,,,,
58,,,,
59,,,,
60,,,,
61,,,,
62,0.0,0.0,0.0,1.0
63,,,,
64,,,,
65,,,,
66,0.5,0.5,0.0,0.0
67,0.0,0.0,0.0,1.0
68,0.0,0.0,1.0,0.0
69,1.0,0.0,0.0,0.0
70,0.0,0.0,1.0,0.0
71,0.0,0.0,1.0,0.0
72,0.4,0.4,0.2,0.0
73,1.0,0.0,0.0,0.0
74,1.0,0.0,0.0,0.0
75,,,,
76,0.0,1.0,0.0,0.0
77,0.0,0.0,1.0,0.0
78,,,,
79,,,,
80,0.0,0.0,0.2,0.8
81,0.0,0.2857142857142857,0.42857142857142855,0.2857142857142857
82,0.2857142857142857,0.0,0.42857142857142855,0.2857142857142857
83,0.0,0.0,0.07407407407407407,0.9259259259259259
84,0.0,0.25,0.75,0.0
85,0.0,1.0,0.0,0.0
86,0.0,0.0,0.42857142857142855,0.5714285714285714
87,0.0,0.0,0.6666666666666666,0.3333333333333333
88,0.16666666666666666,0.8333333333333334,0.0,0.0
89,0.3333333333333333,0.5555555555555556,0.1111111111111111,0.0
90,0.0,0.0,0.6666666666666666,0.3333333333333333
91,0.8333333333333334,0.1388888888888889,0.0,0.027777777777777776
92,0.0,0.0,0.0625,0.9375
93,0.5,0.5,0.0,0.0
94,0.0,0.6,0.1,0.3
95,0.0,0.0,0.0,1.0
96,0.25,0.0,0.75,0.0
97,0.8888888888888888,0.1111111111111111,0.0,0.0
98,0.23076923076923078,0.6923076923076923,0.0,0.07692307692307693
99,0.0,0.6666666666666666,0.0,0.3333333333333333
100,,,,
101,0.0,1.0,0.0,0.0
102,0.9230769230769231,0.0,0.07692307692307693,0.0
103,0.0,0.6666666666666666,0.3333333333333333,0.0
104,0.0,0.0,0.16666666666666666,0.8333333333333334
105,,,,
106,,,,
107,,,,
108,0.0,0.5,0.0,0.5
109,0.0,1.0,0.0,0.0
110,,,,
111,0.5,0.0,0.0,0.5
112,0.0,0.0,0.0,1.0
113,0.0,0.0,0.0,1.0
114,0.0,0.0,1.0,0.0
115,0.0,0.6666666666666666,0.3333333333333333,0.0
116,0.0,0.0,1.0,0.0
117,0.8695652173913043,0.08695652173913043,0.0,0.043478260869565216
118,0.0,0.0,0.0,1.0
119,0.0,1.0,0.0,0.0
120,0.6666666666666666,0.0,0.0,0.3333333333333333
121,0.0,0.0,0.0,1.0
122,0.0,0.3333333333333333,0.6666666666666666,0.0
123,,,,
124,,,,
125,0.6,0.0,0.0,0.4
126,0.0,0.5,0.5,0.0
127,0.0,0.0,1.0,0.0
128,0.5,0.5,0.0,0.0
129,0.0,1.0,0.0,0.0
130,0.0,0.0,0.0,1.0
131,0.75,0.125,0.0,0.125
132,0.0,0.0,0.6666666666666666,0.3333333333333333
133,0.0,0.5,0.5,0.0
134,1.0,0.0,0.0,0.0
135,0.043478260869565216,0.9130434782608695,0.0,0.043478260869565216
136,0.9285714285714286,0.07142857142857142,0.0,0.0
137,0.5555555555555556,0.1111111111111111,0.0,0.3333333333333333
138,,,,
139,0.5,0.0,0.0,0.5
140,0.0,1.0,0.0,0.0
141,0.5,0.5,0.0,0.0
142,,,,
143,0.5,0.0,0.0,0.5
144,0.0,0.0,1.0,0.0
145,1.0,0.0,0.0,0.0
146,0.0,0.25,0.5,0.25
147,0.16666666666666666,0.0,0.5,0.3333333333333333
148,0.8214285714285714,0.03571428571428571,0.0,0.14285714285714285
149,0.08333333333333333,0.5833333333333334,0.3333333333333333,0.0
150,0.0,0.0,1.0,0.0
151,0.25,0.75,0.0,0.0
152,0.14285714285714285,0.2857142857142857,0.5714285714285714,0.0
153,0.0,0.2727272727272727,0.5454545454545454,0.18181818181818182
154,0.0,0.1875,0.78125,0.03125
155,0.25,0.5,0.25,0.0
156,0.0,0.1111111111111111,0.8888888888888888,0.0
157,0.9,0.0,0.0,0.1
158,0.2857142857142857,0.5714285714285714,0.14285714285714285,0.0
159,0.0,0.0,0.0,1.0
160,0.0,0.2857142857142857,0.5714285714285714,0.14285714285714285
161,0.0,1.0,0.0,0.0
162,0.0,0.6666666666666666,0.0,0.3333333333333333
163,0.3333333333333333,0.1111111111111111,0.0,0.5555555555555556
164,0.1,0.3,0.0,0.6
165,0.0,0.0,0.75,0.25
166,0.034482758620689655,0.7931034482758621,0.0,0.1724137931034483
167,0.0,0.3333333333333333,0.6666666666666666,0.0
168,0.0,0.1,0.9,0.0
169,0.21212121212121213,0.7272727272727273,0.0,0.06060606060606061
170,0.125,0.0,0.75,0.125
171,0.0,0.14285714285714285,0.42857142857142855,0.42857142857142855
172,0.75,0.0,0.0,0.25
173,0.0,0.8,0.2,0.0
174,0.0,0.07692307692307693,0.3076923076923077,0.6153846153846154
175,0.8108108108108109,0.02702702702702703,0.0,0.16216216216216217
176,0.1111111111111111,0.0,0.1111111111111111,0.7777777777777778
177,,,,
178,0.0,0.0,0.0,1.0
179,0.0,0.0,0.0,1.0
180,0.0,0.0,0.0,1.0
181,0.0,0.0,1.0,0.0
182,0.0,0.0,1.0,0.0
183,1.0,0.0,0.0,0.0
184,0.0,0.5,0.5,0.0
185,0.375,0.0,0.25,0.375
186,0.0,0.0,1.0,0.0
187,0.0,0.0,0.0,1.0
188,0.16666666666666666,0.0,0.16666666666666666,0.6666666666666666
189,0.0,0.0,1.0,0.0
190,0.0,0.0,1.0,0.0
191,,,,
192,0.0,1.0,0.0,0.0
193,0.0,0.0,1.0,0.0
194,0.5,0.0,0.0,0.5
195,,,,
196,,,,
197,,,,
198,,,,
199,0.0,0.0,1.0,0.0
200,0.0,0.5,0.5,0.0
201,0.0,0.0,1.0,0.0
202,0.0,0.5,0.5,0.0
203,0.0,0.0,0.0,1.0
204,0.0,0.0,1.0,0.0
205,0.3333333333333333,0.0,0.3333333333333333,0.3333333333333333
206,0.0,0.0,1.0,0.0
207,0.0,0.0,1.0,0.0
208,,,,
209,1.0,0.0,0.0,0.0
210,,,,
211,1.0,0.0,0.0,0.0
212,,,,
213,0.0,0.0,1.0,0.0
214,,,,
215,0.0,1.0,0.0,0.0
216,,,,
217,,,,
218,1.0,0.0,0.0,0.0
219,0.0,0.0,0.8333333333333334,0.16666666666666666
220,0.0,0.0,0.8333333333333334,0.16666666666666666
221,0.02702702702702703,0.972972972972973,0.0,0.0
222,0.09090909090909091,0.0,0.0,0.9090909090909091
223,,,,
224,0.0,0.9545454545454546,0.045454545454545456,0.0
225,0.0,1.0,0.0,0.0
226,0.0,0.5,0.5,0.0
227,,,,
228,,,,
229,0.0,0.6,0.4,0.0
230,0.42857142857142855,0.0,0.2857142857142857,0.2857142857142857
231,0.0,0.0,0.42857142857142855,0.5714285714285714
232,0.2,0.0,0.2,0.6
233,0.8529411764705882,0.11764705882352941,0.0,0.029411764705882353
234,0.0,0.0,0.25,0.75
235,0.0,0.0,1.0,0.0
236,0.5,0.5,0.0,0.0
237,,,,
238,0.0,0.42857142857142855,0.0,0.5714285714285714
239,0.0,1.0,0.0,0.0
240,0.0,0.0,0.0,1.0
241,,,,
242,0.75,0.0,0.0,0.25
243,0.25,0.0,0.75,0.0
244,,,,
245,0.0,0.3333333333333333,0.3333333333333333,0.3333333333333333
246,0.0,1.0,0.0,0.0
247,,,,
248,,,,
249,0.0,0.0,1.0,0.0
250,0.0,1.0,0.0,0.0
251,0.2,0.0,0.0,0.8
252,,,,
253,0.5,0.5,0.0,0.0
254,0.0,1.0,0.0,0.0
255,,,,
256,1.0,0.0,0.0,0.0
257,0.3333333333333333,0.6666666666666666,0.0,0.0
258,0.0,0.3333333333333333,0.6666666666666666,0.0
259,0.0,1.0,0.0,0.0
260,0.0,1.0,0.0,0.0
261,,,,
262,0.0,0.0,0.03571428571428571,0.9642857142857143
263,0.0,1.0,0.0,0.0
264,,,,
265,0.0,1.0,0.0,0.0
266,0.25,0.6666666666666666,0.0,0.08333333333333333
267,,,,
268,,,,
269,1.0,0.0,0.0,0.0
270,0.0,0.0,0.0,1.0
271,0.0,1.0,0.0,0.0
272,0.0,1.0,0.0,0.0
273,,,,
274,0.0,0.0,1.0,0.0
275,0.0,1.0,0.0,0.0
276,0.6,0.4,0.0,0.0
277,,,,
278,0.47619047619047616,0.23809523809523808,0.0,0.2857142857142857
279,,,,
280,,,,
281,,,,
282,,,,
283,0.0,0.0,0.0,1.0
284,0.0,0.0,0.0,1.0
285,0.0,0.0,1.0,0.0
286,,,,
287,0.0,1.0,0.0,0.0
288,0.0,0.0,1.0,0.0
289,,,,
290,0.8888888888888888,0.0,0.1111111111111111,0.0
291,,,,
292,,,,
293,,,,
294,,,,
295,1.0,0.0,0.0,0.0
296,,,,
297,,,,
298,,,,
299,,,,
300,,,,
301,,,,
302,,,,
303,,,,
304,,,,
305,,,,
306,,,,
307,,,,
308,,,,
309,,,,
310,,,,
311,,,,
312,,,,
313,,,,
