,A,C,G,T
0,,,,
1,,,,
2,0.5444887118193891,0.38999557326250556,0.0,0.06551571491810536
3,0.5070140280561122,0.27054108216432865,0.0,0.22244488977955912
4,0.6554347826086957,0.2144927536231884,0.13007246376811593,0.0
5,0.41622261693309653,0.24452338661930137,0.0,0.3392539964476021
6,0.40115025161754136,0.0,0.4140905823148814,0.18475916606757728
7,0.0,0.10987654320987654,0.5734567901234567,0.31666666666666665
8,0.676299112801014,0.2494296577946768,0.0,0.07427122940430925
9,0.044892766266812066,0.0,0.27935296255906944,0.6757542711741185
10,0.2647058823529412,0.45588235294117646,0.27941176470588236,0.0
11,0.5230166503428012,0.197845249755142,0.0,0.2791380999020568
12,0.30049610205527993,0.3316796598157335,0.0,0.3678242381289865
13,0.45080763582966227,0.5036710719530103,0.04552129221732746,0.0
14,0.5447570332480819,0.1265984654731458,0.0,0.32864450127877237
15,0.025069637883008356,0.8653667595171773,0.0,0.1095636025998143
16,0.0,0.6645435244161358,0.19745222929936307,0.13800424628450106
17,0.7260174418604651,0.1555232558139535,0.0,0.1184593023255814
18,0.22764227642276422,0.12601626016260162,0.6463414634146342,0.0
19,0.4565826330532213,0.0,0.17647058823529413,0.36694677871148457
20,0.2802275960170697,0.0,0.5277382645803699,0.19203413940256045
21,0.1632047477744807,0.11572700296735905,0.0,0.7210682492581603
22,0.16326530612244897,0.14540816326530612,0.0,0.6913265306122449
23,0.2878787878787879,0.2590909090909091,0.0,0.453030303030303
24,0.19436619718309858,0.14084507042253522,0.0,0.6647887323943662
25,0.16023738872403562,0.2195845697329377,0.0,0.6201780415430267
26,0.0,0.45454545454545453,0.403030303030303,0.14242424242424243
27,0.6376712328767123,0.21438356164383562,0.0,0.14794520547945206
28,0.642823080591321,0.290414878397711,0.0,0.06676204101096805
29,0.23484486873508353,0.0,0.439618138424821,0.32553699284009546
30,0.0930831493745401,0.6387049300956585,0.2682119205298013,0.0
31,0.05097765363128492,0.821927374301676,0.1270949720670391,0.0
32,0.0,0.21078193297717338,0.6779990286546868,0.11121903836813987
33,0.7715068493150685,0.1358904109589041,0.0,0.0926027397260274
34,0.03821656050955414,0.821656050955414,0.14012738853503184,0.0
35,0.11312964492155243,0.42113955408753095,0.46573080099091657,0.0
36,0.5064562410329986,0.0,0.30703012912482064,0.18651362984218078
37,0.0,0.3561859732072498,0.52876280535855,0.11505122143420016
38,0.4734133790737564,0.37392795883361923,0.0,0.15265866209262435
39,0.19879518072289157,0.0,0.2680722891566265,0.5331325301204819
40,0.3290155440414508,0.0,0.32124352331606215,0.34974093264248707
41,0.007679595606104792,0.036356566540293574,0.9559638378536016,0.0
42,0.19172932330827067,0.16541353383458646,0.0,0.6428571428571429
43,0.22195121951219512,0.15365853658536585,0.0,0.624390243902439
44,0.40540540540540543,0.14987714987714987,0.0,0.44471744471744473
45,0.3018867924528302,0.12578616352201258,0.0,0.5723270440251572
46,0.8506051437216339,0.053328290468986385,0.0,0.09606656580937972
47,0.35875402792696026,0.2749731471535983,0.0,0.36627282491944146
48,0.18181818181818182,0.3265993265993266,0.49158249158249157,0.0
49,0.4773662551440329,0.0,0.24279835390946503,0.27983539094650206
50,0.24383744170552965,0.0,0.18787475016655564,0.5682878081279147
51,0.1871476888387824,0.0,0.2987598647125141,0.5140924464487034
52,0.16359918200409,0.15132924335378323,0.6850715746421268,0.0
53,0.4845722300140252,0.3338008415147265,0.0,0.18162692847124826
54,0.0,0.7780373831775701,0.13434579439252337,0.08761682242990654
55,0.2044153720359771,0.6623058053965658,0.0,0.13327882256745707
56,0.0,0.46722846441947563,0.3408239700374532,0.19194756554307116
57,0.2895805142083897,0.0,0.5967523680649527,0.11366711772665765
58,0.06993006993006994,0.5058275058275058,0.42424242424242425,0.0
59,0.1357210179076343,0.0,0.37888784165881245,0.48539114043355325
60,0.2153443766346992,0.4097646033129904,0.3748910200523104,0.0
61,0.44256756756756754,0.0,0.23986486486486486,0.31756756756756754
62,0.24060646011865525,0.0,0.1997363216875412,0.5596572181938035
63,0.047619047619047616,0.26785714285714285,0.6845238095238095,0.0
64,0.15873015873015872,0.21428571428571427,0.0,0.626984126984127
65,0.01195219123505976,0.8884462151394422,0.099601593625498,0.0
66,0.668552036199095,0.04562594268476621,0.0,0.28582202111613875
67,0.3110807580672699,0.0,0.07392863240566844,0.6149906095270616
68,0.0,0.243858597962852,0.5140802875973637,0.24206111443978431
69,0.6152433425160698,0.20752984389348025,0.0,0.17722681359044995
70,0.06836648921266461,0.0,0.37125245166713366,0.5603810591202018
71,0.1680887372013652,0.0,0.47525597269624575,0.35665529010238906
72,0.1521472392638037,0.4269938650306748,0.4208588957055215,0.0
73,0.4368932038834951,0.0,0.20388349514563106,0.3592233009708738
74,0.21793587174348697,0.5020040080160321,0.28006012024048094,0.0
75,0.6415770609318996,0.17562724014336917,0.0,0.1827956989247312
76,0.6666666666666666,0.20444444444444446,0.0,0.1288888888888889
77,0.0,0.4387366818873668,0.4033485540334855,0.15791476407914765
78,0.24572649572649571,0.4732905982905983,0.280982905982906,0.0
79,0.3130311614730878,0.43909348441926344,0.24787535410764872,0.0
80,0.18407960199004975,0.0,0.14712153518123666,0.6687988628287136
81,0.0,0.4058795637743006,0.34281650071123754,0.25130393551446184
82,0.20393452470340892,0.0,0.5050307854032137,0.2910346898933774
83,0.1753475440222428,0.0,0.3720111214087118,0.45264133456904543
84,0.16942857142857143,0.5997142857142858,0.23085714285714284,0.0
85,0.38574660633484165,0.4457013574660634,0.16855203619909503,0.0
86,0.16300174520069807,0.0,0.11343804537521815,0.7235602094240837
87,0.0,0.25083166999334666,0.6653359946773121,0.08383233532934131
88,0.5422213391615339,0.38923107490562286,0.0,0.06854758593284324
89,0.26149592549476136,0.43640861466821884,0.3020954598370198,0.0
90,0.0,0.20600089565606808,0.6557321988356472,0.13826690550828483
91,0.634560465237032,0.30255984215172127,0.0,0.0628796926112467
92,0.14497592793912098,0.0,0.22301599627271315,0.6320080757881659
93,0.24514173649491888,0.6261365662328401,0.12872169727224103,0.0
94,0.0,0.4282986111111111,0.0765625,0.4951388888888889
95,0.062043033214957174,0.0,0.07186129099644871,0.8660956757885941
96,0.15555555555555556,0.352991452991453,0.49145299145299143,0.0
97,0.4568475452196382,0.17622739018087855,0.0,0.3669250645994832
98,0.08779857972885732,0.6120077469335055,0.0,0.3001936733376372
99,0.0,0.4218905472636816,0.2975124378109453,0.28059701492537314
100,0.09866666666666667,0.4,0.5013333333333333,0.0
101,0.5540650406504065,0.18130081300813009,0.0,0.2646341463414634
102,0.44683393070489846,0.0,0.1911589008363202,0.36200716845878134
103,0.0,0.45962732919254656,0.19099378881987578,0.34937888198757766
104,0.09320126069338136,0.0,0.20666366501575867,0.70013507429086
105,0.06748466257668712,0.2392638036809816,0.6932515337423313,0.0
106,0.1073170731707317,0.1073170731707317,0.0,0.7853658536585366
107,0.13690476190476192,0.1488095238095238,0.0,0.7142857142857143
108,0.3048780487804878,0.2813008130081301,0.0,0.4138211382113821
109,0.03236797274275979,0.7734241908006815,0.19420783645655879,0.0
110,0.3050847457627119,0.0,0.2478813559322034,0.4470338983050847
111,0.47265625,0.0,0.3203125,0.20703125
112,0.5365853658536586,0.16097560975609757,0.0,0.3024390243902439
113,0.14971209213051823,0.0,0.34644913627639157,0.5038387715930902
114,0.49127906976744184,0.0,0.38372093023255816,0.125
115,0.0,0.19142419601837674,0.444104134762634,0.36447166921898927
116,0.0,0.2092278115988465,0.7417494392822813,0.04902274911887216
117,0.4902168164992068,0.381544156530936,0.0,0.12823902696985723
118,0.05619425173439049,0.0,0.24073339940535182,0.7030723488602577
119,0.13347107438016528,0.6479338842975206,0.21859504132231405,0.0
120,0.26476578411405294,0.0,0.49490835030549896,0.24032586558044808
121,0.6081632653061224,0.0,0.20816326530612245,0.1836734693877551
122,0.0,0.25100603621730383,0.5246478873239436,0.2243460764587525
123,0.33480176211453744,0.3964757709251101,0.0,0.2687224669603524
124,0.7204142011834319,0.11538461538461539,0.0,0.16420118343195267
125,0.7589826402906742,0.10981025433992733,0.0,0.13120710536939847
126,0.0,0.4246766864732611,0.5630898287312128,0.01223348479552604
127,0.0,0.25788497217068646,0.5739022881880025,0.16821273964131106
128,0.552863436123348,0.2665198237885463,0.0,0.18061674008810572
129,0.42316258351893093,0.40089086859688194,0.0,0.1759465478841871
130,0.7075471698113207,0.1509433962264151,0.0,0.14150943396226415
131,0.5444907890163364,0.340632603406326,0.0,0.1148766075773375
132,0.2003853564547206,0.0,0.11753371868978806,0.6820809248554913
133,0.013058129738837404,0.8938500421229991,0.09309182813816344,0.0
134,0.6088379705400983,0.19094380796508456,0.0,0.20021822149481724
135,0.6090066225165562,0.3170860927152318,0.0,0.07390728476821191
136,0.6435912352142719,0.13535000969555944,0.2210587550901687,0.0
137,0.28709900761597046,0.25363489499192243,0.0,0.4592660973921071
138,0.0563564875491481,0.05439056356487549,0.8892529488859764,0.0
139,0.24975514201762977,0.22820763956904996,0.0,0.5220372184133203
140,0.16057347670250896,0.4057347670250896,0.0,0.4336917562724014
141,0.3923171230077646,0.4331834899877401,0.0,0.1744993870044953
142,0.10032102728731943,0.10353130016051364,0.7961476725521669,0.0
143,0.22001105583195135,0.0,0.39248203427307904,0.3875069098949696
144,0.039000215470803706,0.02887308769661711,0.9321266968325792,0.0
145,0.7008624602814344,0.0,0.2038129822968679,0.09532455742169768
146,0.0,0.31219191587249423,0.42359513637857377,0.26421294774893195
147,0.30128037627384374,0.0,0.4342827279853671,0.26443689574078916
148,0.7434064999149226,0.06772162668027905,0.0,0.18887187340479836
149,0.20515663986692542,0.465345162184641,0.3294981979484336,0.0
150,0.0,0.3368038740920097,0.586682808716707,0.07651331719128329
151,0.1052060737527115,0.3051337671728127,0.5896601590744758,0.0
152,0.2180658507153939,0.48646785037062573,0.29546629891398035,0.0
153,0.0,0.19699367088607594,0.6626582278481012,0.14034810126582278
154,0.0,0.20467616904226058,0.702300575143786,0.09302325581395349
155,0.2544864864864865,0.40054054054054056,0.34497297297297297,0.0
156,0.0,0.3382008019974276,0.5946886585458122,0.06711053945676024
157,0.3993265993265993,0.4604040404040404,0.0,0.14026936026936027
158,0.39048400328137817,0.29745693191140277,0.312059064807219,0.0
159,0.40185185185185185,0.2810185185185185,0.0,0.31712962962962965
160,0.0,0.3836052526860326,0.4655789892558695,0.15081575805809788
161,0.18317535545023697,0.5054502369668247,0.3113744075829384,0.0
162,0.35772357723577236,0.12601626016260162,0.0,0.516260162601626
163,0.47365841705464345,0.3107081597647635,0.0,0.215633423180593
164,0.4518571943743238,0.47397523740834235,0.0,0.07416756821733382
165,0.0,0.27299412915851273,0.5787671232876712,0.14823874755381605
166,0.1757330437358081,0.7081646756836805,0.0,0.1161022805805114
167,0.29892141756548535,0.4379815100154083,0.2630970724191063,0.0
168,0.0,0.13802231045566268,0.6528644356211004,0.2091132539232369
169,0.3316701539782177,0.37721980792960996,0.0,0.29111003809217234
170,0.19506111249688202,0.0,0.228236467947119,0.576702419555999
171,0.0,0.17995088189327976,0.5519089082384461,0.2681402098682742
172,0.1350668647845468,0.0,0.23417533432392273,0.6307578008915304
173,0.0,0.28822850548182344,0.4151759953837276,0.29659549913444894
174,0.0,0.12842483867555274,0.7055961070559611,0.1659790542684862
175,0.5248588054081808,0.35140338867020365,0.0,0.12373780592161561
176,0.18741014582049703,0.0,0.14736085438488397,0.665228999794619
177,0.16976127320954906,0.48054818744473915,0.34969053934571176,0.0
178,0.0,0.5269461077844312,0.19076133447390933,0.2822925577416595
179,0.04898989898989899,0.0,0.05202020202020202,0.898989898989899
180,0.413,0.186,0.0,0.401
181,0.2955801104972376,0.0,0.25920810313075504,0.44521178637200737
182,0.46637744034707157,0.30730296456977585,0.0,0.22631959508315258
183,0.4073139974779319,0.2723833543505675,0.0,0.3203026481715006
184,0.0,0.36935391652372784,0.5060034305317325,0.12464265294453973
185,0.19864864864864865,0.0,0.38873873873873876,0.4126126126126126
186,0.1054508405501783,0.29393785022924096,0.6006113092205807,0.0
187,0.173224043715847,0.0,0.08306010928961749,0.7437158469945355
188,0.22228088701161564,0.0,0.1061246040126716,0.6715945089757128
189,0.3088923556942278,0.31825273010920435,0.0,0.37285491419656785
190,0.05913570887035633,0.39423805913570886,0.5466262319939348,0.0
191,0.4794069192751236,0.18945634266886327,0.0,0.3311367380560132
192,0.0,0.43821656050955415,0.5414012738853503,0.02038216560509554
193,0.0,0.061435209086215796,0.8798829805541215,0.05868181035966271
194,0.27909887359199,0.40801001251564456,0.0,0.31289111389236546
195,0.2961487383798141,0.1699867197875166,0.0,0.5338645418326693
196,0.6089850249584027,0.09816971713810316,0.0,0.2928452579034942
197,0.21625887924230466,0.0,0.35043409629044986,0.43330702446724545
198,0.6494845360824743,0.0,0.20876288659793815,0.14175257731958762
199,0.35561497326203206,0.13368983957219252,0.0,0.5106951871657754
200,0.0,0.36027235050325634,0.5109532267613973,0.12877442273534637
201,0.16377171215880892,0.38957816377171217,0.4466501240694789,0.0
202,0.22983870967741934,0.15524193548387097,0.6149193548387096,0.0
203,0.2776255707762557,0.0,0.08858447488584476,0.6337899543378995
204,0.0,0.09485430874147552,0.5344079355238686,0.3707377557346559
205,0.14455343314403718,0.0,0.35054207537429016,0.5049044914816727
206,0.3269961977186312,0.0,0.33365019011406843,0.33935361216730037
207,0.0,0.09908488482171032,0.8497948879772799,0.05112022720100978
208,0.12172774869109948,0.4986910994764398,0.3795811518324607,0.0
209,0.21027817067421029,0.0,0.28335690711928335,0.5063649222065064
210,0.3419732441471572,0.09280936454849498,0.5652173913043478,0.0
211,0.5012048192771085,0.0,0.1,0.39879518072289155
212,0.30973451327433627,0.0,0.2359882005899705,0.45427728613569324
213,0.0,0.545335085413929,0.36268068331143233,0.09198423127463863
214,0.6587677725118484,0.14218009478672985,0.0,0.1990521327014218
215,0.0,0.12971542025148908,0.7974851091992058,0.07279947054930509
216,0.5173410404624278,0.1329479768786127,0.0,0.34971098265895956
217,0.0,0.38515901060070673,0.45229681978798586,0.1625441696113074
218,0.42673107890499196,0.0,0.18035426731078905,0.392914653784219
219,0.0,0.131852879944483,0.7959750173490632,0.07217210270645386
220,0.0,0.3187226048841578,0.5021916092673764,0.17908578584846588
221,0.13137948458817586,0.0,0.06922688226376958,0.7993936331480546
222,0.5984101748807631,0.09062003179650238,0.0,0.3109697933227345
223,0.25630875804057396,0.0,0.30578921326076197,0.437902028698664
224,0.4359903381642512,0.0,0.3611111111111111,0.2028985507246377
225,0.0,0.32701202590194267,0.6493987049028677,0.02358926919518964
226,0.0,0.055301877219685436,0.8701166920345003,0.0745814307458143
227,0.5081845238095238,0.36049107142857145,0.0,0.13132440476190477
228,0.0,0.12719298245614036,0.7951127819548872,0.07769423558897243
229,0.0,0.09232567199065056,0.8698870276587456,0.03778730035060382
230,0.18094552435805136,0.0,0.15478761699064075,0.6642668586513079
231,0.0,0.09573672400897532,0.5534779356768885,0.3507853403141361
232,0.14271151885830785,0.0,0.06625891946992865,0.7910295616717635
233,0.5519113149847095,0.3055045871559633,0.0,0.1425840978593272
234,0.07756110473837466,0.0,0.5923409512044472,0.3300979440571781
235,0.24911660777385158,0.31625441696113077,0.43462897526501765,0.0
236,0.4831157136425034,0.28815848716794235,0.0,0.22872579918955427
237,0.20942883046237534,0.528105167724388,0.26246600181323665,0.0
238,0.0,0.22586206896551725,0.036590038314176246,0.7375478927203065
239,0.05149700598802395,0.7287425149700599,0.21976047904191617,0.0
240,0.05438510534051935,0.0,0.13792258696717297,0.8076923076923077
241,0.16013071895424835,0.1568627450980392,0.6830065359477124,0.0
242,0.572737686139748,0.2648339060710195,0.0,0.16242840778923254
243,0.11721611721611722,0.0,0.8335368335368335,0.04924704924704925
244,0.0,0.14657210401891252,0.557919621749409,0.29550827423167847
245,0.0,0.21371066113686266,0.7260307392046841,0.06025859965845328
246,0.0,0.3363526570048309,0.29589371980676327,0.3677536231884058
247,0.12679425837320574,0.30861244019138756,0.5645933014354066,0.0
248,0.3110831234256927,0.40554156171284633,0.0,0.28337531486146095
249,0.0,0.22553666016169502,0.7270699749093951,0.04739336492890995
250,0.0,0.2631712904046831,0.6757444642402647,0.06108424535505218
251,0.17191763830315057,0.0,0.2029273133217564,0.6251550483750931
252,0.0,0.29183903723204213,0.6017299736743137,0.10643098909364422
253,0.7468536497662711,0.18770226537216828,0.0,0.06544408486156059
254,0.10358283079106066,0.6136927988648457,0.28272437034409365,0.0
255,0.12359550561797752,0.0,0.57223113964687,0.3041733547351525
256,0.1358695652173913,0.11413043478260869,0.75,0.0
257,0.2778806965542794,0.5320489070025936,0.0,0.1900703964431271
258,0.0,0.5050980392156863,0.47137254901960784,0.023529411764705882
259,0.23239942528735633,0.7298850574712644,0.0,0.03771551724137931
260,0.0,0.38013964313421256,0.5081458494957332,0.11171450737005431
261,0.3964757709251101,0.5286343612334802,0.0,0.07488986784140969
262,0.12422118380062305,0.0,0.11534267912772586,0.7604361370716511
263,0.2012820512820513,0.0,0.35512820512820514,0.44358974358974357
264,0.3425925925925926,0.16203703703703703,0.0,0.49537037037037035
265,0.0,0.27871621621621623,0.6097972972972973,0.11148648648648649
266,0.3518058690744921,0.5846501128668171,0.0,0.06354401805869074
267,0.45918367346938777,0.10204081632653061,0.0,0.4387755102040816
268,0.0,0.34810126582278483,0.41139240506329117,0.24050632911392406
269,0.182230869001297,0.0,0.08041504539559015,0.7373540856031129
270,0.0,0.02608098833218943,0.3157172271791352,0.6582017844886754
271,0.2396694214876033,0.0,0.2578512396694215,0.5024793388429752
272,0.4031620553359684,0.33201581027667987,0.0,0.2648221343873518
273,0.24384787472035793,0.026845637583892617,0.0,0.7293064876957495
274,0.058306339657565945,0.0,0.918093475242943,0.023600185099490977
275,0.21653704461727385,0.5878018829308228,0.1956610724519034,0.0
276,0.5854987957916086,0.33337558625934843,0.0,0.08112561794904297
277,0.1545778834720571,0.633769322235434,0.2116527942925089,0.0
278,0.3771489024067707,0.37027241470510447,0.0,0.25257868288812485
279,0.10497237569060773,0.13259668508287292,0.7624309392265194,0.0
280,0.0,0.08169934640522876,0.12091503267973856,0.7973856209150327
281,0.01077943615257048,0.9266169154228856,0.06260364842454395,0.0
282,0.07038123167155426,0.6627565982404692,0.2668621700879765,0.0
283,0.0,0.061400980109541654,0.03084462381089651,0.9077543960795619
284,0.008942661756970016,0.0,0.01935823250920568,0.9716991057338243
285,0.16295264623955433,0.21727019498607242,0.6197771587743732,0.0
286,0.3563025210084034,0.14285714285714285,0.0,0.5008403361344538
287,0.0019392372333548805,0.6987718164188752,0.29928894634776987,0.0
288,0.7455483870967742,0.03174193548387097,0.0,0.22270967741935485
289,0.048162230671736375,0.0,0.1756090691451908,0.7762287001830728
290,0.0,0.22253193960511033,0.6487804878048781,0.12868757259001162
291,0.0,0.5405405405405406,0.45322245322245325,0.006237006237006237
292,0.5005854800936768,0.2927400468384075,0.0,0.2066744730679157
293,0.0,0.2121445042275173,0.6725595695618755,0.11529592621060722
294,0.30434782608695654,0.12869565217391304,0.0,0.5669565217391305
295,0.0,0.2639138240574506,0.6086175942549371,0.12746858168761221
296,0.15040650406504066,0.6422764227642277,0.2073170731707317,0.0
297,0.1290824261275272,0.0,0.3094867807153966,0.5614307931570762
298,0.47413793103448276,0.33620689655172414,0.1896551724137931,0.0
299,0.12280701754385964,0.0,0.3333333333333333,0.543859649122807
300,0.046153846153846156,0.23076923076923078,0.7230769230769231,0.0
301,0.3225806451612903,0.1935483870967742,0.4838709677419355,0.0
302,0.6,0.32,0.0,0.08
303,0.15384615384615385,0.0,0.46153846153846156,0.38461538461538464
304,0.0,0.0,1.0,0.0
305,0.0,0.0,0.7272727272727273,0.2727272727272727
306,0.0,0.0,1.0,0.0
307,0.0,1.0,0.0,0.0
308,0.0,1.0,0.0,0.0
309,,,,
310,0.0,0.14285714285714285,0.7142857142857143,0.14285714285714285
311,,,,
312,,,,
313,,,,
314,,,,
315,,,,
