,A,C,G,T
0,,,,
1,,,,
2,0.5794392523364486,0.40186915887850466,0.0,0.018691588785046728
3,0.6052631578947368,0.2631578947368421,0.0,0.13157894736842105
4,0.3434343434343434,0.24242424242424243,0.41414141414141414,0.0
5,0.5384615384615384,0.28205128205128205,0.0,0.1794871794871795
6,0.4838709677419355,0.0,0.25806451612903225,0.25806451612903225
7,0.0,0.06547619047619048,0.6071428571428571,0.3273809523809524
8,0.6537216828478964,0.255663430420712,0.0,0.09061488673139159
9,0.08888888888888889,0.0,0.2311111111111111,0.68
10,0.0,0.42857142857142855,0.5714285714285714,0.0
11,0.7068965517241379,0.22413793103448276,0.0,0.06896551724137931
12,0.323943661971831,0.5915492957746479,0.0,0.08450704225352113
13,0.7580645161290323,0.18548387096774194,0.056451612903225805,0.0
14,0.550561797752809,0.15730337078651685,0.0,0.29213483146067415
15,0.3125,0.0,0.3125,0.375
16,0.0,0.6521739130434783,0.17391304347826086,0.17391304347826086
17,0.7818181818181819,0.05454545454545454,0.0,0.16363636363636364
18,0.12903225806451613,0.6451612903225806,0.22580645161290322,0.0
19,0.3333333333333333,0.0,0.16666666666666666,0.5
20,0.31521739130434784,0.4782608695652174,0.20652173913043478,0.0
21,0.8571428571428571,0.0,0.0,0.14285714285714285
22,0.5,0.3898305084745763,0.0,0.11016949152542373
23,0.0,0.3973509933774834,0.46357615894039733,0.1390728476821192
24,0.2862595419847328,0.6526717557251909,0.0,0.061068702290076333
25,0.18181818181818182,0.0,0.2909090909090909,0.5272727272727272
26,0.0,0.29523809523809524,0.44761904761904764,0.2571428571428571
27,0.2903225806451613,0.5806451612903226,0.0,0.12903225806451613
28,0.0,0.49107142857142855,0.14285714285714285,0.36607142857142855
29,0.7624309392265194,0.143646408839779,0.0,0.09392265193370165
30,0.49122807017543857,0.3201754385964912,0.0,0.18859649122807018
31,0.13114754098360656,0.45901639344262296,0.4098360655737705,0.0
32,0.19387755102040816,0.5306122448979592,0.0,0.2755102040816326
33,0.0,0.52,0.38,0.1
34,0.0,0.14225941422594143,0.7573221757322176,0.100418410041841
35,0.0,0.07119741100323625,0.912621359223301,0.016181229773462782
36,0.0,0.5354330708661418,0.44881889763779526,0.015748031496062992
37,0.0,0.3103448275862069,0.4689655172413793,0.2206896551724138
38,0.22950819672131148,0.6229508196721312,0.0,0.14754098360655737
39,0.18857142857142858,0.0,0.2742857142857143,0.5371428571428571
40,0.5925925925925926,0.0,0.14814814814814814,0.25925925925925924
41,0.23148148148148148,0.691358024691358,0.0,0.07716049382716049
42,0.16666666666666666,0.16666666666666666,0.0,0.6666666666666666
43,0.3333333333333333,0.19047619047619047,0.0,0.47619047619047616
44,0.8103448275862069,0.10775862068965517,0.0,0.08189655172413793
45,0.16455696202531644,0.6835443037974683,0.0,0.1518987341772152
46,0.0,0.5769230769230769,0.3269230769230769,0.09615384615384616
47,0.24064171122994651,0.5240641711229946,0.0,0.23529411764705882
48,0.17307692307692307,0.5961538461538461,0.23076923076923078,0.0
49,0.5660377358490566,0.0,0.11320754716981132,0.32075471698113206
50,0.08849557522123894,0.6283185840707964,0.2831858407079646,0.0
51,0.125,0.0,0.25,0.625
52,0.05714285714285714,0.5142857142857142,0.42857142857142855,0.0
53,0.5196078431372549,0.3431372549019608,0.0,0.13725490196078433
54,0.0,0.6140350877192983,0.3333333333333333,0.05263157894736842
55,0.0,0.23462414578587698,0.7403189066059226,0.025056947608200455
56,0.6870748299319728,0.1836734693877551,0.0,0.1292517006802721
57,0.0,0.4909090909090909,0.4,0.10909090909090909
58,0.25,0.2857142857142857,0.4642857142857143,0.0
59,0.15602836879432624,0.0,0.11347517730496454,0.7304964539007093
60,0.044444444444444446,0.5111111111111111,0.4444444444444444,0.0
61,0.4782608695652174,0.0,0.08695652173913043,0.43478260869565216
62,0.2805755395683453,0.0,0.11510791366906475,0.60431654676259
63,0.05263157894736842,0.2631578947368421,0.6842105263157895,0.0
64,0.0,0.2,0.0,0.8
65,0.01904761904761905,0.9523809523809523,0.02857142857142857,0.0
66,0.0,0.687125748502994,0.25149700598802394,0.061377245508982034
67,0.0,0.55,0.37083333333333335,0.07916666666666666
68,0.6086956521739131,0.2826086956521739,0.0,0.10869565217391304
69,0.7914110429447853,0.1196319018404908,0.0,0.08895705521472393
70,0.05635245901639344,0.8258196721311475,0.0,0.11782786885245902
71,0.1543026706231454,0.56973293768546,0.27596439169139464,0.0
72,0.19718309859154928,0.4084507042253521,0.39436619718309857,0.0
73,0.1836734693877551,0.0,0.013605442176870748,0.8027210884353742
74,0.24855491329479767,0.3815028901734104,0.3699421965317919,0.0
75,0.7741935483870968,0.16129032258064516,0.0,0.06451612903225806
76,0.5178571428571429,0.38392857142857145,0.0,0.09821428571428571
77,0.0,0.4692737430167598,0.3743016759776536,0.1564245810055866
78,0.2932330827067669,0.3082706766917293,0.39849624060150374,0.0
79,0.0,0.24390243902439024,0.032520325203252036,0.7235772357723578
80,0.052083333333333336,0.0,0.052083333333333336,0.8958333333333334
81,0.0,0.17153284671532848,0.5693430656934306,0.2591240875912409
82,0.32742616033755273,0.4751054852320675,0.0,0.19746835443037974
83,0.1341772151898734,0.0,0.29620253164556964,0.569620253164557
84,0.045454545454545456,0.38636363636363635,0.5681818181818182,0.0
85,0.2857142857142857,0.46938775510204084,0.24489795918367346,0.0
86,0.05263157894736842,0.9017543859649123,0.0456140350877193,0.0
87,0.0,0.2489208633093525,0.45179856115107914,0.2992805755395683
88,0.35013623978201636,0.0,0.5163487738419619,0.1335149863760218
89,0.2392638036809816,0.0,0.3558282208588957,0.4049079754601227
90,0.0,0.2126984126984127,0.5904761904761905,0.19682539682539682
91,0.5888821014050092,0.3506414172266341,0.0,0.06047648136835675
92,0.19284802043422733,0.0,0.07407407407407407,0.7330779054916986
93,0.26058631921824105,0.6319218241042345,0.10749185667752444,0.0
94,0.0,0.4553846153846154,0.06461538461538462,0.48
95,0.024444444444444446,0.0,0.05333333333333334,0.9222222222222223
96,0.05263157894736842,0.5789473684210527,0.3684210526315789,0.0
97,0.5964912280701754,0.20175438596491227,0.0,0.20175438596491227
98,0.1188118811881188,0.5445544554455446,0.0,0.33663366336633666
99,0.0,0.375,0.4375,0.1875
100,0.18,0.52,0.3,0.0
101,0.2980769230769231,0.0,0.09615384615384616,0.6057692307692307
102,0.3793103448275862,0.25862068965517243,0.0,0.3620689655172414
103,0.046153846153846156,0.8757396449704142,0.0,0.07810650887573964
104,0.1981981981981982,0.0,0.2072072072072072,0.5945945945945946
105,0.08695652173913043,0.21739130434782608,0.6956521739130435,0.0
106,0.2857142857142857,0.0,0.0,0.7142857142857143
107,0.1,0.2,0.0,0.7
108,0.234375,0.28125,0.0,0.484375
109,0.02,0.8,0.18,0.0
110,0.11428571428571428,0.32857142857142857,0.0,0.5571428571428572
111,0.26666666666666666,0.0,0.4666666666666667,0.26666666666666666
112,0.5714285714285714,0.14285714285714285,0.0,0.2857142857142857
113,0.1523809523809524,0.0,0.4857142857142857,0.3619047619047619
114,0.6923076923076923,0.0,0.15384615384615385,0.15384615384615385
115,0.0,0.6,0.04,0.36
116,0.6111111111111112,0.2037037037037037,0.0,0.18518518518518517
117,0.0,0.5049833887043189,0.36212624584717606,0.132890365448505
118,0.3879003558718861,0.3309608540925267,0.28113879003558717,0.0
119,0.5208333333333334,0.14583333333333334,0.0,0.3333333333333333
120,0.04054054054054054,0.0,0.1891891891891892,0.7702702702702703
121,0.7222222222222222,0.0,0.16666666666666666,0.1111111111111111
122,0.64,0.0,0.16,0.2
123,0.3333333333333333,0.3333333333333333,0.0,0.3333333333333333
124,0.696969696969697,0.12121212121212122,0.0,0.18181818181818182
125,0.5172413793103449,0.32019704433497537,0.0,0.1625615763546798
126,0.0,0.5225806451612903,0.45806451612903226,0.01935483870967742
127,0.0,0.06451612903225806,0.8817204301075269,0.053763440860215055
128,0.0,0.13924050632911392,0.8291139240506329,0.03164556962025317
129,0.0,0.875,0.0,0.125
130,0.85,0.05,0.0,0.1
131,0.3181818181818182,0.0,0.11363636363636363,0.5681818181818182
132,0.1206896551724138,0.0,0.7413793103448276,0.13793103448275862
133,0.020833333333333332,0.7083333333333334,0.2708333333333333,0.0
134,0.6344086021505376,0.11827956989247312,0.0,0.24731182795698925
135,0.06451612903225806,0.8387096774193549,0.0,0.0967741935483871
136,0.0,0.19047619047619047,0.38095238095238093,0.42857142857142855
137,0.8086642599277978,0.10830324909747292,0.0,0.08303249097472924
138,0.125,0.1875,0.6875,0.0
139,0.5666666666666667,0.08333333333333333,0.0,0.35
140,0.022388059701492536,0.6194029850746269,0.0,0.3582089552238806
141,0.0,0.2145748987854251,0.5546558704453441,0.23076923076923078
142,0.0,0.15,0.85,0.0
143,0.35714285714285715,0.34285714285714286,0.0,0.3
144,0.1111111111111111,0.3333333333333333,0.0,0.5555555555555556
145,0.029411764705882353,0.8823529411764706,0.0,0.08823529411764706
146,0.6761433868974042,0.22373300370828184,0.0,0.10012360939431397
147,0.0,0.41603053435114506,0.4637404580152672,0.12022900763358779
148,0.2767527675276753,0.46494464944649444,0.25830258302583026,0.0
149,0.2909090909090909,0.0,0.44,0.2690909090909091
150,0.0,0.2146118721461187,0.5753424657534246,0.2100456621004566
151,0.11538461538461539,0.21794871794871795,0.6666666666666666,0.0
152,0.25,0.0,0.12719298245614036,0.6228070175438597
153,0.2852233676975945,0.49140893470790376,0.22336769759450173,0.0
154,0.0,0.2099737532808399,0.13123359580052493,0.6587926509186351
155,0.05333333333333334,0.5244444444444445,0.4222222222222222,0.0
156,0.18584070796460178,0.0,0.6814159292035398,0.13274336283185842
157,0.1951219512195122,0.0,0.34959349593495936,0.45528455284552843
158,0.20152091254752852,0.41825095057034223,0.38022813688212925,0.0
159,0.49885057471264366,0.3954022988505747,0.0,0.10574712643678161
160,0.5612708018154312,0.3661119515885023,0.0,0.07261724659606657
161,0.4558303886925795,0.33568904593639576,0.20848056537102475,0.0
162,0.42063492063492064,0.1746031746031746,0.0,0.40476190476190477
163,0.0,0.4392523364485981,0.48598130841121495,0.07476635514018691
164,0.38235294117647056,0.0,0.16666666666666666,0.45098039215686275
165,0.14728682170542637,0.34108527131782945,0.5116279069767442,0.0
166,0.34591194968553457,0.0,0.050314465408805034,0.6037735849056604
167,0.18433179723502305,0.5806451612903226,0.2350230414746544,0.0
168,0.5298507462686567,0.3208955223880597,0.0,0.14925373134328357
169,0.0,0.5563380281690141,0.2676056338028169,0.176056338028169
170,0.24663677130044842,0.49177877428998507,0.2615844544095665,0.0
171,0.0,0.13271604938271606,0.7191358024691358,0.14814814814814814
172,0.0684931506849315,0.0,0.3264840182648402,0.6050228310502284
173,0.22058823529411764,0.0,0.23529411764705882,0.5441176470588235
174,0.0,0.49206349206349204,0.36507936507936506,0.14285714285714285
175,0.5585714285714286,0.2885714285714286,0.0,0.15285714285714286
176,0.0,0.3287671232876712,0.4520547945205479,0.2191780821917808
177,0.18584070796460178,0.17699115044247787,0.6371681415929203,0.0
178,0.0,0.4074074074074074,0.16049382716049382,0.43209876543209874
179,0.012455516014234875,0.0,0.0693950177935943,0.9181494661921709
180,0.0,0.1986754966887417,0.7483443708609272,0.052980132450331126
181,0.8445945945945946,0.09121621621621621,0.0,0.06418918918918919
182,0.031806615776081425,0.0,0.09287531806615776,0.8753180661577609
183,0.3137254901960784,0.0,0.1568627450980392,0.5294117647058824
184,0.43209876543209874,0.0,0.06172839506172839,0.5061728395061729
185,0.5238095238095238,0.36904761904761907,0.0,0.10714285714285714
186,0.23870967741935484,0.2645161290322581,0.4967741935483871,0.0
187,0.3448275862068966,0.0,0.13793103448275862,0.5172413793103449
188,0.1889400921658986,0.0,0.5161290322580645,0.29493087557603687
189,0.11176470588235295,0.5882352941176471,0.3,0.0
190,0.09345794392523364,0.3644859813084112,0.5420560747663551,0.0
191,0.11029411764705882,0.0,0.10294117647058823,0.7867647058823529
192,0.17218543046357615,0.0,0.804635761589404,0.023178807947019868
193,0.0,0.21935483870967742,0.7032258064516129,0.07741935483870968
194,0.0,0.24183006535947713,0.7254901960784313,0.032679738562091505
195,0.32,0.2,0.0,0.48
196,0.6981132075471698,0.1509433962264151,0.0,0.1509433962264151
197,0.3870967741935484,0.0,0.3225806451612903,0.2903225806451613
198,0.5423728813559322,0.0,0.3220338983050847,0.13559322033898305
199,0.0,0.04294478527607362,0.7361963190184049,0.22085889570552147
200,0.4279749478079332,0.49269311064718163,0.0,0.07933194154488518
201,0.4854368932038835,0.17475728155339806,0.0,0.33980582524271846
202,0.13157894736842105,0.3684210526315789,0.5,0.0
203,0.35,0.0,0.45,0.2
204,0.0,0.12686567164179105,0.27611940298507465,0.5970149253731343
205,0.12048192771084337,0.0,0.3072289156626506,0.572289156626506
206,0.328,0.0,0.224,0.448
207,0.0,0.20701754385964913,0.10877192982456141,0.6842105263157895
208,0.1,0.225,0.675,0.0
209,0.05592105263157895,0.0,0.4967105263157895,0.4473684210526316
210,0.3488372093023256,0.10465116279069768,0.5465116279069767,0.0
211,0.45454545454545453,0.0,0.13636363636363635,0.4090909090909091
212,0.0,0.42084942084942084,0.38996138996138996,0.1891891891891892
213,0.5774647887323944,0.056338028169014086,0.0,0.36619718309859156
214,0.02627939142461964,0.0,0.06639004149377593,0.9073305670816044
215,0.3333333333333333,0.0,0.24444444444444444,0.4222222222222222
216,0.5,0.25,0.0,0.25
217,0.0,0.3548387096774194,0.45161290322580644,0.1935483870967742
218,0.4186046511627907,0.0,0.2558139534883721,0.32558139534883723
219,0.0,0.28125,0.65625,0.0625
220,0.0,0.38144329896907214,0.5309278350515464,0.08762886597938144
221,0.17419354838709677,0.6193548387096774,0.0,0.2064516129032258
222,0.3956043956043956,0.0,0.6043956043956044,0.0
223,0.7777777777777778,0.0,0.1111111111111111,0.1111111111111111
224,0.3548387096774194,0.0,0.1827956989247312,0.46236559139784944
225,0.0,0.42071197411003236,0.511326860841424,0.06796116504854369
226,0.10625,0.5416666666666666,0.35208333333333336,0.0
227,0.32367149758454106,0.0,0.4396135265700483,0.23671497584541062
228,0.0,0.24102564102564103,0.6615384615384615,0.09743589743589744
229,0.6879861711322386,0.2990492653414002,0.0,0.01296456352636128
230,0.1715076071922545,0.0,0.1355463347164592,0.6929460580912863
231,0.0,0.11764705882352941,0.47058823529411764,0.4117647058823529
232,0.06153846153846154,0.0,0.6153846153846154,0.3230769230769231
233,0.19230769230769232,0.0,0.4461538461538462,0.36153846153846153
234,0.7215189873417721,0.0759493670886076,0.0,0.20253164556962025
235,0.05970149253731343,0.0,0.07462686567164178,0.8656716417910447
236,0.2708333333333333,0.0,0.3333333333333333,0.3958333333333333
237,0.10294117647058823,0.6911764705882353,0.20588235294117646,0.0
238,0.0,0.12719298245614036,0.021929824561403508,0.8508771929824561
239,0.01904761904761905,0.0,0.014285714285714285,0.9666666666666667
240,0.05412371134020619,0.0,0.12886597938144329,0.8170103092783505
241,0.1111111111111111,0.14814814814814814,0.7407407407407407,0.0
242,0.6403940886699507,0.18472906403940886,0.0,0.1748768472906404
243,0.20930232558139536,0.0,0.7790697674418605,0.011627906976744186
244,0.0,0.14516129032258066,0.8387096774193549,0.016129032258064516
245,0.31648936170212766,0.5398936170212766,0.0,0.14361702127659576
246,0.1111111111111111,0.28888888888888886,0.6,0.0
247,0.09876543209876543,0.024691358024691357,0.0,0.8765432098765432
248,0.3076923076923077,0.23076923076923078,0.0,0.46153846153846156
249,0.0,0.35347432024169184,0.6193353474320241,0.027190332326283987
250,0.6591276252019386,0.3295638126009693,0.0,0.011308562197092083
251,0.08163265306122448,0.0,0.26239067055393583,0.6559766763848397
252,0.0,0.17117117117117117,0.7747747747747747,0.05405405405405406
253,0.3924731182795699,0.5752688172043011,0.0,0.03225806451612903
254,0.18120805369127516,0.0,0.10738255033557047,0.7114093959731543
255,0.1111111111111111,0.0,0.42592592592592593,0.46296296296296297
256,0.07692307692307693,0.23076923076923078,0.6923076923076923,0.0
257,0.47115384615384615,0.1346153846153846,0.0,0.3942307692307692
258,0.0,0.5503597122302158,0.4352517985611511,0.014388489208633094
259,0.0,0.16932907348242812,0.8146964856230032,0.01597444089456869
260,0.4155844155844156,0.42857142857142855,0.0,0.15584415584415584
261,0.43478260869565216,0.18478260869565216,0.0,0.3804347826086957
262,0.3333333333333333,0.0,0.1,0.5666666666666667
263,0.3137254901960784,0.0,0.3333333333333333,0.35294117647058826
264,0.1953125,0.0703125,0.734375,0.0
265,0.6216216216216216,0.0,0.13513513513513514,0.24324324324324326
266,0.29310344827586204,0.603448275862069,0.0,0.10344827586206896
267,0.42857142857142855,0.42857142857142855,0.0,0.14285714285714285
268,0.0,0.5,0.16666666666666666,0.3333333333333333
269,0.4,0.0,0.16,0.44
270,0.0,0.09090909090909091,0.36363636363636365,0.5454545454545454
271,0.03859649122807018,0.0,0.9403508771929825,0.021052631578947368
272,0.13513513513513514,0.0,0.13513513513513514,0.7297297297297297
273,0.6363636363636364,0.18181818181818182,0.0,0.18181818181818182
274,0.062146892655367235,0.0,0.9209039548022598,0.01694915254237288
275,0.4090909090909091,0.0,0.36363636363636365,0.22727272727272727
276,0.0,0.18627450980392157,0.5980392156862745,0.21568627450980393
277,0.22,0.625,0.155,0.0
278,0.4857142857142857,0.31889400921658984,0.0,0.19539170506912443
279,0.0,0.08695652173913043,0.9130434782608695,0.0
280,0.0,0.0,0.13043478260869565,0.8695652173913043
281,0.005076142131979695,0.9289340101522843,0.06598984771573604,0.0
282,0.07407407407407407,0.07407407407407407,0.8518518518518519,0.0
283,0.0,0.008316008316008316,0.006237006237006237,0.9854469854469855
284,0.009876543209876543,0.0,0.014814814814814815,0.9753086419753086
285,0.06976744186046512,0.06976744186046512,0.8604651162790697,0.0
286,0.43478260869565216,0.17391304347826086,0.0,0.391304347826087
287,0.0,0.627906976744186,0.37209302325581395,0.0
288,0.6410256410256411,0.02564102564102564,0.0,0.3333333333333333
289,0.08284023668639054,0.0,0.14792899408284024,0.7692307692307693
290,0.33783783783783783,0.5,0.0,0.16216216216216217
291,0.0,0.7590361445783133,0.24096385542168675,0.0
292,0.7307692307692307,0.21153846153846154,0.0,0.057692307692307696
293,0.0,0.0625,0.875,0.0625
294,0.323943661971831,0.5774647887323944,0.09859154929577464,0.0
295,0.2926829268292683,0.0,0.36585365853658536,0.34146341463414637
296,0.11363636363636363,0.6818181818181818,0.20454545454545456,0.0
297,0.1276595744680851,0.0,0.8085106382978723,0.06382978723404255
298,0.3142857142857143,0.2571428571428571,0.0,0.42857142857142855
299,0.10256410256410256,0.0,0.7948717948717948,0.10256410256410256
300,0.0,0.14285714285714285,0.2857142857142857,0.5714285714285714
301,0.0,0.0,0.0,1.0
302,0.0,0.0,0.2,0.8
303,,,,
304,0.5,0.0,0.5,0.0
305,0.0,0.0,0.0,1.0
306,0.0,0.0,0.5,0.5
307,,,,
308,0.0,0.0,0.0,1.0
309,0.0,0.0,0.0,1.0
310,,,,
311,,,,
312,,,,
313,,,,
