,A,C,G,T
0,,,,
1,,,,
2,0.8802816901408451,0.056338028169014086,0.0,0.06338028169014084
3,0.6743119266055045,0.21559633027522937,0.0,0.11009174311926606
4,0.3691275167785235,0.4697986577181208,0.1610738255033557,0.0
5,0.5649546827794562,0.13897280966767372,0.0,0.29607250755287007
6,0.12633451957295375,0.0,0.14412811387900357,0.7295373665480427
7,0.0,0.03877551020408163,0.27755102040816326,0.6836734693877551
8,0.4414460285132383,0.4893075356415479,0.0,0.06924643584521385
9,0.02619589977220957,0.0,0.0888382687927107,0.8849658314350797
10,0.15789473684210525,0.3684210526315789,0.47368421052631576,0.0
11,0.715,0.18,0.0,0.105
12,0.3803680981595092,0.3128834355828221,0.0,0.3067484662576687
13,0.28708133971291866,0.6363636363636364,0.07655502392344497,0.0
14,0.6304347826086957,0.07246376811594203,0.0,0.2971014492753623
15,0.0625,0.8828125,0.0,0.0546875
16,0.0,0.5405405405405406,0.2972972972972973,0.16216216216216217
17,0.775609756097561,0.14146341463414633,0.0,0.08292682926829269
18,0.375,0.09615384615384616,0.5288461538461539,0.0
19,0.2857142857142857,0.0,0.10714285714285714,0.6071428571428571
20,0.09103078982597054,0.10307898259705489,0.8058902275769746,0.0
21,0.35714285714285715,0.21428571428571427,0.0,0.42857142857142855
22,0.24,0.08,0.0,0.68
23,0.31666666666666665,0.21666666666666667,0.0,0.4666666666666667
24,0.3333333333333333,0.2,0.0,0.4666666666666667
25,0.13043478260869565,0.08695652173913043,0.0,0.782608695652174
26,0.0,0.46887966804979253,0.44398340248962653,0.08713692946058091
27,0.5912408759124088,0.31386861313868614,0.0,0.0948905109489051
28,0.7867647058823529,0.18382352941176472,0.0,0.029411764705882353
29,0.29118773946360155,0.0,0.12260536398467432,0.5862068965517241
30,0.7617328519855595,0.1263537906137184,0.0,0.11191335740072202
31,0.29818181818181816,0.41454545454545455,0.2872727272727273,0.0
32,0.7005813953488372,0.1744186046511628,0.0,0.125
33,0.611764705882353,0.07058823529411765,0.0,0.3176470588235294
34,0.013888888888888888,0.7638888888888888,0.2222222222222222,0.0
35,0.3142857142857143,0.0,0.5047619047619047,0.18095238095238095
36,0.4444444444444444,0.0,0.35185185185185186,0.2037037037037037
37,0.0,0.3351206434316354,0.3780160857908847,0.2868632707774799
38,0.38513513513513514,0.5067567567567568,0.0,0.10810810810810811
39,0.4146341463414634,0.0,0.12195121951219512,0.4634146341463415
40,0.41333333333333333,0.0,0.3466666666666667,0.24
41,0.18968481375358165,0.03553008595988539,0.7747851002865329,0.0
42,0.23809523809523808,0.2857142857142857,0.0,0.47619047619047616
43,0.4,0.2,0.0,0.4
44,0.6554054054054054,0.1554054054054054,0.0,0.1891891891891892
45,0.8339350180505415,0.11552346570397112,0.0,0.05054151624548736
46,0.8564356435643564,0.09405940594059406,0.0,0.04950495049504951
47,0.20412371134020618,0.13402061855670103,0.0,0.6618556701030928
48,0.13793103448275862,0.25287356321839083,0.6091954022988506,0.0
49,0.49206349206349204,0.0,0.1746031746031746,0.3333333333333333
50,0.30409356725146197,0.0,0.19883040935672514,0.49707602339181284
51,0.27007299270072993,0.0,0.44525547445255476,0.2846715328467153
52,0.2716049382716049,0.08641975308641975,0.6419753086419753,0.0
53,0.46866485013623976,0.4332425068119891,0.0,0.09809264305177112
54,0.0,0.7849462365591398,0.15591397849462366,0.05913978494623656
55,0.33035714285714285,0.5580357142857143,0.0,0.11160714285714286
56,0.0,0.4472049689440994,0.40372670807453415,0.14906832298136646
57,0.3971631205673759,0.0,0.524822695035461,0.07801418439716312
58,0.06896551724137931,0.41379310344827586,0.5172413793103449,0.0
59,0.10309278350515463,0.0,0.5670103092783505,0.32989690721649484
60,0.20416666666666666,0.30833333333333335,0.4875,0.0
61,0.5319148936170213,0.0,0.2127659574468085,0.2553191489361702
62,0.19623655913978494,0.0,0.3172043010752688,0.48655913978494625
63,0.04,0.18,0.78,0.0
64,0.0,0.125,0.0,0.875
65,0.03146853146853147,0.7657342657342657,0.20279720279720279,0.0
66,0.5963963963963964,0.055855855855855854,0.0,0.34774774774774775
67,0.28226477935054123,0.0,0.06328059950041633,0.6544546211490425
68,0.0,0.17884130982367757,0.5591939546599496,0.2619647355163728
69,0.4340878828229028,0.06790945406125166,0.0,0.4980026631158455
70,0.10495626822157435,0.0,0.2478134110787172,0.6472303206997084
71,0.3063583815028902,0.5761078998073218,0.0,0.11753371868978806
72,0.12244897959183673,0.3741496598639456,0.5034013605442177,0.0
73,0.31666666666666665,0.0,0.31666666666666665,0.36666666666666664
74,0.05186385737439222,0.779578606158833,0.1685575364667747,0.0
75,0.7010309278350515,0.2268041237113402,0.0,0.07216494845360824
76,0.6382978723404256,0.2074468085106383,0.0,0.15425531914893617
77,0.0,0.4219858156028369,0.31560283687943264,0.2624113475177305
78,0.20618556701030927,0.6185567010309279,0.17525773195876287,0.0
79,0.13385826771653545,0.5275590551181102,0.33858267716535434,0.0
80,0.1952054794520548,0.0,0.2191780821917808,0.5856164383561644
81,0.0,0.4482758620689655,0.37110016420361247,0.180623973727422
82,0.28556263269639065,0.0,0.29830148619957536,0.416135881104034
83,0.12333825701624815,0.0,0.28286558345642543,0.5937961595273265
84,0.15915915915915915,0.6666666666666666,0.17417417417417416,0.0
85,0.05747126436781609,0.5287356321839081,0.41379310344827586,0.0
86,0.1323529411764706,0.0,0.08235294117647059,0.7852941176470588
87,0.0,0.3860045146726862,0.5146726862302483,0.09932279909706546
88,0.6123432979749277,0.32979749276759884,0.0,0.05785920925747348
89,0.20896717373899118,0.5972778222578062,0.19375500400320256,0.0
90,0.0,0.2509742790335152,0.5946999220576773,0.1543257989088075
91,0.5575475080674077,0.26855503764790245,0.0,0.17389745428468986
92,0.23381487426431247,0.0,0.0743713215623328,0.6918138041733547
93,0.2556701030927835,0.6247422680412371,0.11958762886597939,0.0
94,0.0,0.27697841726618705,0.11420863309352518,0.6088129496402878
95,0.07971014492753623,0.6920289855072463,0.22826086956521738,0.0
96,0.5511363636363636,0.14772727272727273,0.0,0.30113636363636365
97,0.47194112235510577,0.40846366145354185,0.0,0.11959521619135234
98,0.16600790513833993,0.0,0.7233201581027668,0.11067193675889328
99,0.0,0.3497942386831276,0.18930041152263374,0.4609053497942387
100,0.1038961038961039,0.3116883116883117,0.5844155844155844,0.0
101,0.4268774703557312,0.380764163372859,0.0,0.19235836627140976
102,0.581267217630854,0.0,0.13774104683195593,0.2809917355371901
103,0.0,0.7121212121212122,0.12121212121212122,0.16666666666666666
104,0.15405405405405406,0.0,0.12702702702702703,0.7189189189189189
105,0.04,0.3,0.66,0.0
106,0.0,0.3333333333333333,0.0,0.6666666666666666
107,0.10344827586206896,0.2413793103448276,0.0,0.6551724137931034
108,0.48214285714285715,0.20982142857142858,0.0,0.3080357142857143
109,0.07246376811594203,0.6231884057971014,0.30434782608695654,0.0
110,0.3918918918918919,0.0,0.14864864864864866,0.4594594594594595
111,0.3695652173913043,0.0,0.41304347826086957,0.21739130434782608
112,0.4375,0.375,0.0,0.1875
113,0.23225806451612904,0.0,0.34838709677419355,0.41935483870967744
114,0.6428571428571429,0.0,0.16666666666666666,0.19047619047619047
115,0.0,0.27906976744186046,0.3953488372093023,0.32558139534883723
116,0.5370370370370371,0.18518518518518517,0.0,0.2777777777777778
117,0.5487804878048781,0.2634146341463415,0.0,0.1878048780487805
118,0.07352941176470588,0.0,0.5049019607843137,0.4215686274509804
119,0.09666666666666666,0.6733333333333333,0.23,0.0
120,0.3137254901960784,0.0,0.4117647058823529,0.27450980392156865
121,0.6666666666666666,0.0,0.0,0.3333333333333333
122,0.0,0.35294117647058826,0.48788927335640137,0.15916955017301038
123,0.5789473684210527,0.3157894736842105,0.0,0.10526315789473684
124,0.5135135135135135,0.2882882882882883,0.0,0.1981981981981982
125,0.4485294117647059,0.0,0.47794117647058826,0.07352941176470588
126,0.0,0.5403726708074534,0.4161490683229814,0.043478260869565216
127,0.0,0.18497109826589594,0.6473988439306358,0.1676300578034682
128,0.34782608695652173,0.06521739130434782,0.0,0.5869565217391305
129,0.23214285714285715,0.19642857142857142,0.0,0.5714285714285714
130,0.27380952380952384,0.39285714285714285,0.0,0.3333333333333333
131,0.5944272445820433,0.20123839009287925,0.0,0.2043343653250774
132,0.28444444444444444,0.0,0.3688888888888889,0.3466666666666667
133,0.03214285714285714,0.48928571428571427,0.4785714285714286,0.0
134,0.3885350318471338,0.10191082802547771,0.0,0.5095541401273885
135,0.13450292397660818,0.6608187134502924,0.0,0.2046783625730994
136,0.0,0.0870712401055409,0.8548812664907651,0.05804749340369393
137,0.6367924528301887,0.1650943396226415,0.0,0.19811320754716982
138,0.11160714285714286,0.049107142857142856,0.8392857142857143,0.0
139,0.08333333333333333,0.3680555555555556,0.0,0.5486111111111112
140,0.11267605633802817,0.4295774647887324,0.0,0.45774647887323944
141,0.16169154228855723,0.472636815920398,0.0,0.3656716417910448
142,0.06842105263157895,0.21578947368421053,0.7157894736842105,0.0
143,0.18407960199004975,0.18407960199004975,0.0,0.6318407960199005
144,0.6702937976060935,0.011969532100108813,0.0,0.3177366702937976
145,0.3125,0.0,0.4715909090909091,0.2159090909090909
146,0.0,0.43444108761329303,0.19093655589123867,0.37462235649546827
147,0.13852242744063326,0.5620052770448549,0.2994722955145119,0.0
148,0.4057507987220447,0.41054313099041534,0.18370607028753994,0.0
149,0.0881578947368421,0.7289473684210527,0.18289473684210528,0.0
150,0.0,0.24539877300613497,0.47443762781186094,0.28016359918200406
151,0.0825242718446602,0.7540453074433657,0.1634304207119741,0.0
152,0.0,0.18132295719844357,0.2171206225680934,0.601556420233463
153,0.2960954446854664,0.0,0.2917570498915401,0.4121475054229935
154,0.6193609022556391,0.26879699248120303,0.0,0.1118421052631579
155,0.49877600979192166,0.26621787025703797,0.0,0.2350061199510404
156,0.2757352941176471,0.5238970588235294,0.20036764705882354,0.0
157,0.0,0.37245179063360884,0.06225895316804408,0.5652892561983471
158,0.08831168831168831,0.5454545454545454,0.36623376623376624,0.0
159,0.6014760147601476,0.18081180811808117,0.0,0.2177121771217712
160,0.0,0.3269230769230769,0.5641025641025641,0.10897435897435898
161,0.045062320230105465,0.8744007670182167,0.08053691275167785,0.0
162,0.4322916666666667,0.11458333333333333,0.0,0.453125
163,0.5026929982046678,0.4236983842010772,0.0,0.07360861759425494
164,0.0,0.29411764705882354,0.6105476673427992,0.09533468559837728
165,0.0,0.23978919631093545,0.5691699604743083,0.19104084321475626
166,0.4068522483940043,0.30513918629550324,0.0,0.2880085653104925
167,0.2994413407821229,0.5206703910614525,0.17988826815642459,0.0
168,0.0,0.2538787023977433,0.5331452750352609,0.21297602256699577
169,0.0,0.37167300380228135,0.405893536121673,0.2224334600760456
170,0.3730255164034022,0.30619684082624543,0.32077764277035237,0.0
171,0.0,0.3633720930232558,0.5881782945736435,0.04844961240310078
172,0.0,0.5729967069154775,0.2667398463227223,0.1602634467618002
173,0.0,0.16296296296296298,0.7049382716049383,0.13209876543209875
174,0.3000761614623001,0.42726580350342724,0.27265803503427266,0.0
175,0.0,0.1450980392156863,0.054901960784313725,0.8
176,0.0653061224489796,0.0,0.1469387755102041,0.7877551020408163
177,0.22761194029850745,0.4664179104477612,0.30597014925373134,0.0
178,0.0,0.36153846153846153,0.09230769230769231,0.5461538461538461
179,0.027677496991576414,0.8880866425992779,0.0842358604091456,0.0
180,0.5719298245614035,0.10877192982456141,0.0,0.3192982456140351
181,0.14676616915422885,0.0,0.46185737976782754,0.3913764510779436
182,0.0,0.19744058500914077,0.6142595978062158,0.1882998171846435
183,0.5245098039215687,0.29411764705882354,0.0,0.18137254901960784
184,0.0,0.4939759036144578,0.39759036144578314,0.10843373493975904
185,0.09880239520958084,0.0,0.47155688622754494,0.4296407185628742
186,0.144,0.192,0.664,0.0
187,0.21153846153846154,0.0,0.08974358974358974,0.6987179487179487
188,0.2748267898383372,0.0,0.09468822170900693,0.6304849884526559
189,0.23770491803278687,0.3442622950819672,0.0,0.4180327868852459
190,0.09090909090909091,0.22424242424242424,0.6848484848484848,0.0
191,0.2493150684931507,0.5013698630136987,0.0,0.2493150684931507
192,0.0,0.29158512720156554,0.6712328767123288,0.03718199608610567
193,0.0,0.12781954887218044,0.8026315789473685,0.06954887218045112
194,0.5932203389830508,0.17796610169491525,0.0,0.2288135593220339
195,0.13333333333333333,0.18666666666666668,0.0,0.68
196,0.4793388429752066,0.371900826446281,0.0,0.1487603305785124
197,0.28342245989304815,0.0,0.22994652406417113,0.48663101604278075
198,0.44680851063829785,0.0,0.3404255319148936,0.2127659574468085
199,0.37037037037037035,0.07407407407407407,0.0,0.5555555555555556
200,0.0,0.5390334572490706,0.3940520446096654,0.06691449814126393
201,0.24,0.32,0.44,0.0
202,0.1323529411764706,0.19117647058823528,0.6764705882352942,0.0
203,0.24675324675324675,0.0,0.06493506493506493,0.6883116883116883
204,0.0,0.09056603773584905,0.3849056603773585,0.5245283018867924
205,0.11444141689373297,0.0,0.3188010899182561,0.5667574931880109
206,0.2987012987012987,0.0,0.2012987012987013,0.5
207,0.0,0.08131241084165478,0.8773181169757489,0.04136947218259629
208,0.075,0.3333333333333333,0.5916666666666667,0.0
209,0.17482517482517482,0.0,0.13636363636363635,0.6888111888111889
210,0.25757575757575757,0.12121212121212122,0.6212121212121212,0.0
211,0.23684210526315788,0.0,0.13157894736842105,0.631578947368421
212,0.40268456375838924,0.0,0.1476510067114094,0.44966442953020136
213,0.0,0.6376811594202898,0.2608695652173913,0.10144927536231885
214,0.5352112676056338,0.19718309859154928,0.0,0.2676056338028169
215,0.0,0.1724137931034483,0.7931034482758621,0.034482758620689655
216,0.5111111111111111,0.17777777777777778,0.0,0.3111111111111111
217,0.0,0.7317073170731707,0.17073170731707318,0.0975609756097561
218,0.5370370370370371,0.0,0.25,0.21296296296296297
219,0.0,0.15024630541871922,0.7931034482758621,0.05665024630541872
220,0.0,0.5341176470588235,0.3247058823529412,0.1411764705882353
221,0.08,0.798974358974359,0.12102564102564102,0.0
222,0.5226209048361935,0.1981279251170047,0.2792511700468019,0.0
223,0.12943632567849686,0.0,0.06680584551148225,0.8037578288100209
224,0.5692821368948247,0.0,0.2387312186978297,0.19198664440734559
225,0.0,0.34918032786885245,0.6295081967213115,0.021311475409836064
226,0.0,0.12421383647798742,0.7704402515723271,0.10534591194968554
227,0.205761316872428,0.4711934156378601,0.0,0.3230452674897119
228,0.0,0.10757946210268948,0.8459657701711492,0.04645476772616137
229,0.0,0.12637362637362637,0.8663003663003663,0.007326007326007326
230,0.18137254901960784,0.0,0.22549019607843138,0.5931372549019608
231,0.0,0.09737827715355805,0.6441947565543071,0.25842696629213485
232,0.0744336569579288,0.0,0.13915857605177995,0.7864077669902912
233,0.41655480984340043,0.39373601789709173,0.0,0.18970917225950784
234,0.07577565632458234,0.0,0.5262529832935561,0.3979713603818616
235,0.21774193548387097,0.45161290322580644,0.33064516129032256,0.0
236,0.49293119698397736,0.30442978322337416,0.0,0.20263901979264845
237,0.16666666666666666,0.4346846846846847,0.39864864864864863,0.0
238,0.0,0.24632352941176472,0.04044117647058824,0.7132352941176471
239,0.03608247422680412,0.711340206185567,0.25257731958762886,0.0
240,0.04425837320574163,0.0,0.09330143540669857,0.8624401913875598
241,0.10344827586206896,0.10344827586206896,0.7931034482758621,0.0
242,0.4146341463414634,0.4796747967479675,0.0,0.10569105691056911
243,0.09536784741144415,0.0,0.8664850136239782,0.03814713896457766
244,0.0,0.10483870967741936,0.4596774193548387,0.43548387096774194
245,0.0,0.40600522193211486,0.49216710182767626,0.10182767624020887
246,0.0,0.3489736070381232,0.2903225806451613,0.36070381231671556
247,0.0449438202247191,0.5168539325842697,0.43820224719101125,0.0
248,0.3069306930693069,0.28217821782178215,0.0,0.41089108910891087
249,0.0,0.15653775322283608,0.7734806629834254,0.06998158379373849
250,0.0,0.2625,0.6777777777777778,0.059722222222222225
251,0.12403100775193798,0.0,0.20930232558139536,0.6666666666666666
252,0.0,0.14465408805031446,0.7631027253668763,0.09224318658280922
253,0.6672384219554031,0.28987993138936535,0.0,0.04288164665523156
254,0.15337423312883436,0.0,0.12883435582822086,0.7177914110429447
255,0.12886597938144329,0.0,0.36082474226804123,0.5103092783505154
256,0.03636363636363636,0.5818181818181818,0.38181818181818183,0.0
257,0.3739495798319328,0.453781512605042,0.0,0.1722689075630252
258,0.0,0.41818181818181815,0.5563636363636364,0.025454545454545455
259,0.27140255009107467,0.6794171220400729,0.0,0.04918032786885246
260,0.0,0.4857142857142857,0.30158730158730157,0.2126984126984127
261,0.28698501872659177,0.5969101123595506,0.0,0.11610486891385768
262,0.12301353737492643,0.0,0.4320188346085933,0.44496762801648027
263,0.11480865224625623,0.6672212978369384,0.21797004991680533,0.0
264,0.47692307692307695,0.4307692307692308,0.0,0.09230769230769231
265,0.0,0.476027397260274,0.2054794520547945,0.3184931506849315
266,0.3730909090909091,0.44581818181818184,0.0,0.18109090909090908
267,0.22727272727272727,0.13636363636363635,0.0,0.6363636363636364
268,0.0,0.35294117647058826,0.47058823529411764,0.17647058823529413
269,0.2358490566037736,0.0,0.09433962264150944,0.6698113207547169
270,0.0,0.01717557251908397,0.18129770992366412,0.8015267175572519
271,0.11428571428571428,0.0,0.14285714285714285,0.7428571428571429
272,0.4375,0.375,0.0,0.1875
273,0.2702702702702703,0.0,0.0,0.7297297297297297
274,0.061611374407582936,0.0,0.9052132701421801,0.03317535545023697
275,0.5450819672131147,0.3012295081967213,0.15368852459016394,0.0
276,0.6930628272251309,0.24672774869109948,0.0,0.060209424083769635
277,0.13901345291479822,0.7309417040358744,0.13004484304932734,0.0
278,0.3745806932538204,0.3742079761461051,0.0,0.25121133060007456
279,0.17647058823529413,0.35294117647058826,0.47058823529411764,0.0
280,0.0,0.05357142857142857,0.03571428571428571,0.9107142857142857
281,0.00819672131147541,0.9528688524590164,0.0389344262295082,0.0
282,0.112,0.792,0.096,0.0
283,0.0,0.03439153439153439,0.031746031746031744,0.9338624338624338
284,0.01756756756756757,0.0,0.00945945945945946,0.972972972972973
285,0.2872340425531915,0.1595744680851064,0.5531914893617021,0.0
286,0.3142857142857143,0.11428571428571428,0.0,0.5714285714285714
287,0.002304147465437788,0.8663594470046083,0.1313364055299539,0.0
288,0.6056338028169014,0.056338028169014086,0.0,0.3380281690140845
289,0.020785219399538105,0.0,0.07852193995381063,0.9006928406466512
290,0.41150442477876104,0.42920353982300885,0.0,0.1592920353982301
291,0.0,0.6666666666666666,0.3333333333333333,0.0
292,0.0,0.18355065195586762,0.802407221664995,0.014042126379137413
293,0.0,0.06878306878306878,0.8994708994708994,0.031746031746031744
294,0.3870967741935484,0.25806451612903225,0.0,0.3548387096774194
295,0.0,0.1702127659574468,0.5,0.32978723404255317
296,0.15517241379310345,0.49137931034482757,0.35344827586206895,0.0
297,0.8148148148148148,0.0,0.12037037037037036,0.06481481481481481
298,0.2558139534883721,0.5813953488372093,0.16279069767441862,0.0
299,0.30434782608695654,0.5217391304347826,0.17391304347826086,0.0
300,0.125,0.75,0.125,0.0
301,0.058823529411764705,0.0,0.9411764705882353,0.0
302,0.25,0.5,0.0,0.25
303,0.25,0.0,0.25,0.5
304,0.0,0.0,0.0,1.0
305,,,,
306,0.0,0.0,0.0,1.0
307,,,,
308,0.0,0.0,1.0,0.0
309,,,,
310,0.0,0.0,0.0,1.0
311,,,,
312,,,,
313,,,,
314,,,,
315,,,,
