,A,C,G,T
0,,,,
1,,,,
2,1.0,0.0,0.0,0.0
3,0.0,1.0,0.0,0.0
4,0.0,1.0,0.0,0.0
5,0.5,0.0,0.0,0.5
6,1.0,0.0,0.0,0.0
7,0.0,0.0,0.0,1.0
8,0.7333333333333333,0.26666666666666666,0.0,0.0
9,0.06666666666666667,0.0,0.13333333333333333,0.8
10,,,,
11,1.0,0.0,0.0,0.0
12,0.034482758620689655,0.0,0.0,0.9655172413793104
13,0.0,1.0,0.0,0.0
14,0.8,0.0,0.0,0.2
15,,,,
16,0.0,1.0,0.0,0.0
17,0.5,0.3333333333333333,0.0,0.16666666666666666
18,,,,
19,,,,
20,0.0,0.5,0.5,0.0
21,0.0,0.0,0.0,1.0
22,0.0,0.0,1.0,0.0
23,0.9090909090909091,0.09090909090909091,0.0,0.0
24,0.0,0.0,0.0,1.0
25,0.0,1.0,0.0,0.0
26,0.0,1.0,0.0,0.0
27,1.0,0.0,0.0,0.0
28,1.0,0.0,0.0,0.0
29,0.5,0.0,0.5,0.0
30,0.0,0.6666666666666666,0.3333333333333333,0.0
31,,,,
32,0.6666666666666666,0.0,0.0,0.3333333333333333
33,1.0,0.0,0.0,0.0
34,1.0,0.0,0.0,0.0
35,0.0,0.875,0.041666666666666664,0.08333333333333333
36,0.8,0.0,0.2,0.0
37,0.0,0.0,1.0,0.0
38,0.0,1.0,0.0,0.0
39,,,,
40,0.5,0.0,0.0,0.5
41,0.0625,0.0,0.9375,0.0
42,,,,
43,1.0,0.0,0.0,0.0
44,0.3333333333333333,0.3333333333333333,0.0,0.3333333333333333
45,,,,
46,1.0,0.0,0.0,0.0
47,0.9,0.0,0.0,0.1
48,,,,
49,,,,
50,1.0,0.0,0.0,0.0
51,1.0,0.0,0.0,0.0
52,0.0,0.0,1.0,0.0
53,0.0,0.01818181818181818,0.9818181818181818,0.0
54,,,,
55,0.14285714285714285,0.8571428571428571,0.0,0.0
56,0.0,0.0,1.0,0.0
57,0.6666666666666666,0.0,0.3333333333333333,0.0
58,0.0,1.0,0.0,0.0
59,0.0,0.0,0.6666666666666666,0.3333333333333333
60,0.0,1.0,0.0,0.0
61,1.0,0.0,0.0,0.0
62,0.0,0.0,0.5,0.5
63,,,,
64,,,,
65,0.0,1.0,0.0,0.0
66,0.5,0.0,0.0,0.5
67,0.3125,0.0,0.0625,0.625
68,0.0,0.0,0.5,0.5
69,0.0,1.0,0.0,0.0
70,0.0,0.0,0.4444444444444444,0.5555555555555556
71,0.0,0.0,0.5,0.5
72,0.5,0.5,0.0,0.0
73,,,,
74,0.16666666666666666,0.3333333333333333,0.5,0.0
75,0.0,1.0,0.0,0.0
76,1.0,0.0,0.0,0.0
77,0.0,0.45454545454545453,0.45454545454545453,0.09090909090909091
78,0.0,0.0,1.0,0.0
79,0.0,1.0,0.0,0.0
80,1.0,0.0,0.0,0.0
81,0.0,0.5,0.375,0.125
82,0.14285714285714285,0.0,0.8571428571428571,0.0
83,0.02702702702702703,0.8108108108108109,0.16216216216216217,0.0
84,0.2222222222222222,0.3333333333333333,0.4444444444444444,0.0
85,0.02702702702702703,0.02702702702702703,0.0,0.9459459459459459
86,0.041666666666666664,0.0,0.125,0.8333333333333334
87,0.0,0.0,0.0,1.0
88,0.42857142857142855,0.42857142857142855,0.0,0.14285714285714285
89,0.23809523809523808,0.6190476190476191,0.14285714285714285,0.0
90,0.0,0.55,0.25,0.2
91,0.0,0.36363636363636365,0.5,0.13636363636363635
92,0.25,0.0,0.5,0.25
93,0.1951219512195122,0.2926829268292683,0.0,0.5121951219512195
94,0.4864864864864865,0.0,0.02702702702702703,0.4864864864864865
95,0.5666666666666667,0.0,0.1,0.3333333333333333
96,0.2,0.0,0.8,0.0
97,0.4444444444444444,0.2222222222222222,0.0,0.3333333333333333
98,0.05405405405405406,0.918918918918919,0.0,0.02702702702702703
99,0.0,0.5,0.5,0.0
100,,,,
101,0.6666666666666666,0.2222222222222222,0.0,0.1111111111111111
102,0.0,0.6666666666666666,0.3333333333333333,0.0
103,0.4,0.6,0.0,0.0
104,0.0,0.0,0.0,1.0
105,0.0,1.0,0.0,0.0
106,1.0,0.0,0.0,0.0
107,0.5,0.0,0.0,0.5
108,0.75,0.0,0.0,0.25
109,0.0,1.0,0.0,0.0
110,0.0,0.0,1.0,0.0
111,0.3333333333333333,0.0,0.3333333333333333,0.3333333333333333
112,0.5,0.0,0.0,0.5
113,0.0,0.0,0.8333333333333334,0.16666666666666666
114,0.25,0.0,0.75,0.0
115,0.0,0.0,0.6,0.4
116,0.0,0.0,0.0,1.0
117,0.2,0.8,0.0,0.0
118,0.2,0.0,0.6,0.2
119,0.0,0.5,0.5,0.0
120,,,,
121,,,,
122,0.0,0.3333333333333333,0.16666666666666666,0.5
123,,,,
124,0.0,1.0,0.0,0.0
125,0.5833333333333334,0.3333333333333333,0.0,0.08333333333333333
126,0.0,1.0,0.0,0.0
127,0.0,0.0,1.0,0.0
128,,,,
129,0.0,0.5,0.0,0.5
130,0.3333333333333333,0.3333333333333333,0.0,0.3333333333333333
131,0.625,0.3125,0.0,0.0625
132,0.5,0.0,0.5,0.0
133,0.0,0.4,0.6,0.0
134,0.6,0.2,0.0,0.2
135,0.0,1.0,0.0,0.0
136,0.0,0.2,0.6,0.2
137,0.75,0.25,0.0,0.0
138,0.0,0.0,1.0,0.0
139,,,,
140,0.0,0.75,0.0,0.25
141,0.625,0.375,0.0,0.0
142,0.0,0.5,0.5,0.0
143,0.14285714285714285,0.7857142857142857,0.07142857142857142,0.0
144,0.2571428571428571,0.3142857142857143,0.0,0.42857142857142855
145,0.3793103448275862,0.6206896551724138,0.0,0.0
146,0.5789473684210527,0.0,0.2631578947368421,0.15789473684210525
147,0.631578947368421,0.15789473684210525,0.21052631578947367,0.0
148,0.24,0.36,0.0,0.4
149,0.375,0.375,0.25,0.0
150,0.0,0.6666666666666666,0.26666666666666666,0.06666666666666667
151,0.16666666666666666,0.5,0.3333333333333333,0.0
152,0.14285714285714285,0.8571428571428571,0.0,0.0
153,0.0,0.0,0.35294117647058826,0.6470588235294118
154,0.0,0.25,0.5416666666666666,0.20833333333333334
155,0.0,0.05714285714285714,0.14285714285714285,0.8
156,0.0,0.07407407407407407,0.6296296296296297,0.2962962962962963
157,0.6428571428571429,0.07142857142857142,0.0,0.2857142857142857
158,0.15151515151515152,0.0,0.15151515151515152,0.696969696969697
159,0.0,0.1875,0.6875,0.125
160,0.0,0.05555555555555555,0.6944444444444444,0.25
161,0.0,0.10810810810810811,0.0,0.8918918918918919
162,0.5,0.16666666666666666,0.0,0.3333333333333333
163,0.2962962962962963,0.0,0.4074074074074074,0.2962962962962963
164,0.21052631578947367,0.5789473684210527,0.21052631578947367,0.0
165,0.0,0.17857142857142858,0.75,0.07142857142857142
166,0.0,0.11764705882352941,0.8529411764705882,0.029411764705882353
167,0.16666666666666666,0.5,0.3333333333333333,0.0
168,0.3,0.5,0.0,0.2
169,0.4,0.3,0.0,0.3
170,0.5833333333333334,0.25,0.16666666666666666,0.0
171,0.4444444444444444,0.5555555555555556,0.0,0.0
172,0.5625,0.0,0.0,0.4375
173,0.34210526315789475,0.05263157894736842,0.0,0.6052631578947368
174,0.0,0.14285714285714285,0.42857142857142855,0.42857142857142855
175,0.21739130434782608,0.0,0.5217391304347826,0.2608695652173913
176,0.0,0.48148148148148145,0.14814814814814814,0.37037037037037035
177,0.0,0.058823529411764705,0.8235294117647058,0.11764705882352941
178,0.2727272727272727,0.0,0.09090909090909091,0.6363636363636364
179,0.0,1.0,0.0,0.0
180,0.047619047619047616,0.2619047619047619,0.0,0.6904761904761905
181,0.0,0.6666666666666666,0.08333333333333333,0.25
182,0.5333333333333333,0.0,0.13333333333333333,0.3333333333333333
183,0.0,1.0,0.0,0.0
184,0.0,0.16666666666666666,0.0,0.8333333333333334
185,0.2,0.0,0.2,0.6
186,0.0,0.0,0.0,1.0
187,,,,
188,0.7391304347826086,0.2391304347826087,0.021739130434782608,0.0
189,1.0,0.0,0.0,0.0
190,0.5714285714285714,0.0,0.42857142857142855,0.0
191,0.0,0.0,0.16666666666666666,0.8333333333333334
192,0.0,0.0,0.0,1.0
193,,,,
194,0.0,0.9230769230769231,0.07692307692307693,0.0
195,1.0,0.0,0.0,0.0
196,0.0,1.0,0.0,0.0
197,0.5,0.5,0.0,0.0
198,0.0,0.0,1.0,0.0
199,0.0,0.0,1.0,0.0
200,0.0,0.0,1.0,0.0
201,,,,
202,1.0,0.0,0.0,0.0
203,0.5,0.0,0.0,0.5
204,0.0,1.0,0.0,0.0
205,0.0,0.0,0.0,1.0
206,0.0,0.23076923076923078,0.6923076923076923,0.07692307692307693
207,,,,
208,,,,
209,,,,
210,0.0,0.0,0.25,0.75
211,0.0,0.0,0.3333333333333333,0.6666666666666666
212,0.0,0.0,0.0,1.0
213,0.0,0.125,0.875,0.0
214,0.0,0.5,0.5,0.0
215,0.0,0.0,0.0,1.0
216,,,,
217,0.0,0.0,0.0,1.0
218,0.0,0.9130434782608695,0.06521739130434782,0.021739130434782608
219,0.0,0.0,1.0,0.0
220,0.0,1.0,0.0,0.0
221,0.0,0.0,0.5,0.5
222,0.0,1.0,0.0,0.0
223,,,,
224,0.0,1.0,0.0,0.0
225,1.0,0.0,0.0,0.0
226,0.0,0.5,0.5,0.0
227,0.0,1.0,0.0,0.0
228,0.0,0.0,1.0,0.0
229,0.0,0.0,0.5,0.5
230,0.0,0.8222222222222222,0.1111111111111111,0.06666666666666667
231,0.0,0.25,0.75,0.0
232,0.0,0.14285714285714285,0.7142857142857143,0.14285714285714285
233,0.0,0.0196078431372549,0.9803921568627451,0.0
234,0.0,0.5,0.5,0.0
235,0.0,0.0,1.0,0.0
236,0.4444444444444444,0.0,0.0,0.5555555555555556
237,0.0,0.0,0.0,1.0
238,0.0,0.0,0.0,1.0
239,0.6875,0.125,0.0,0.1875
240,0.15,0.0,0.65,0.2
241,,,,
242,0.5454545454545454,0.2727272727272727,0.0,0.18181818181818182
243,0.0,1.0,0.0,0.0
244,0.0,0.5,0.0,0.5
245,0.0,0.8666666666666667,0.13333333333333333,0.0
246,0.0,0.0,0.25,0.75
247,,,,
248,0.1875,0.0625,0.0,0.75
249,,,,
250,0.0,0.0,1.0,0.0
251,0.0,0.16666666666666666,0.8333333333333334,0.0
252,0.0,1.0,0.0,0.0
253,,,,
254,0.0,1.0,0.0,0.0
255,0.0,1.0,0.0,0.0
256,0.7857142857142857,0.017857142857142856,0.19642857142857142,0.0
257,0.0,0.0,0.0,1.0
258,0.0,0.16666666666666666,0.8333333333333334,0.0
259,0.8333333333333334,0.0,0.0,0.16666666666666666
260,0.0,0.0,0.0,1.0
261,0.0,0.0,0.3333333333333333,0.6666666666666666
262,,,,
263,0.3333333333333333,0.3333333333333333,0.0,0.3333333333333333
264,0.0,0.25,0.5,0.25
265,0.0,0.024390243902439025,0.975609756097561,0.0
266,0.0,0.0,0.0,1.0
267,0.0,0.023809523809523808,0.9761904761904762,0.0
268,0.16666666666666666,0.0,0.0,0.8333333333333334
269,0.3333333333333333,0.0,0.3333333333333333,0.3333333333333333
270,1.0,0.0,0.0,0.0
271,0.0,0.5,0.5,0.0
272,0.2857142857142857,0.5,0.0,0.21428571428571427
273,,,,
274,,,,
275,,,,
276,0.0,0.0,0.0,1.0
277,0.0,0.0,1.0,0.0
278,0.75,0.0,0.0,0.25
279,,,,
280,,,,
281,0.0,0.0,0.0,1.0
282,0.5882352941176471,0.35294117647058826,0.0,0.058823529411764705
283,0.0,0.0,1.0,0.0
284,0.4634146341463415,0.17073170731707318,0.0,0.36585365853658536
285,,,,
286,,,,
287,0.0,1.0,0.0,0.0
288,,,,
289,0.0,0.25,0.0,0.75
290,0.0,0.0,0.0,1.0
291,,,,
292,,,,
293,0.0,1.0,0.0,0.0
294,0.0,0.0,1.0,0.0
295,,,,
296,0.0,0.0,0.625,0.375
297,,,,
298,0.2,0.0,0.8,0.0
299,,,,
300,1.0,0.0,0.0,0.0
301,,,,
302,,,,
303,,,,
304,,,,
305,,,,
306,,,,
307,,,,
308,,,,
309,,,,
310,,,,
311,,,,
312,,,,
313,,,,
314,,,,
315,,,,
316,,,,
317,,,,
318,,,,
319,,,,
320,,,,
321,,,,
