,A,C,G,T
0,,,,
1,,,,
2,0.8125,0.125,0.0,0.0625
3,0.4583333333333333,0.16666666666666666,0.0,0.375
4,0.3125,0.53125,0.15625,0.0
5,0.20930232558139536,0.0,0.7093023255813954,0.08139534883720931
6,0.4375,0.0,0.0,0.5625
7,0.0,0.2702702702702703,0.5135135135135135,0.21621621621621623
8,0.4564755838641189,0.5138004246284501,0.0,0.029723991507430998
9,0.0457516339869281,0.0,0.09803921568627451,0.8562091503267973
10,0.0,0.3333333333333333,0.6666666666666666,0.0
11,0.36363636363636365,0.06060606060606061,0.0,0.5757575757575758
12,0.3488372093023256,0.5465116279069767,0.0,0.10465116279069768
13,0.6354166666666666,0.34375,0.020833333333333332,0.0
14,0.562962962962963,0.1259259259259259,0.0,0.3111111111111111
15,0.16666666666666666,0.0,0.16666666666666666,0.6666666666666666
16,0.0,0.5555555555555556,0.2222222222222222,0.2222222222222222
17,0.8846153846153846,0.057692307692307696,0.0,0.057692307692307696
18,0.125,0.5,0.375,0.0
19,0.3333333333333333,0.0,0.0,0.6666666666666666
20,0.18518518518518517,0.5740740740740741,0.24074074074074073,0.0
21,0.18181818181818182,0.2727272727272727,0.0,0.5454545454545454
22,0.891566265060241,0.03614457831325301,0.0,0.07228915662650602
23,0.7,0.13333333333333333,0.0,0.16666666666666666
24,0.44482758620689655,0.4206896551724138,0.0,0.13448275862068965
25,0.0963855421686747,0.0,0.4819277108433735,0.42168674698795183
26,0.1568627450980392,0.5294117647058824,0.3137254901960784,0.0
27,0.125,0.5,0.0,0.375
28,0.0,0.4880952380952381,0.03571428571428571,0.47619047619047616
29,0.6211453744493393,0.3392070484581498,0.0,0.039647577092511016
30,0.7668393782383419,0.11398963730569948,0.0,0.11917098445595854
31,0.14285714285714285,0.38095238095238093,0.47619047619047616,0.0
32,0.4457831325301205,0.04819277108433735,0.0,0.5060240963855421
33,0.0,0.6595744680851063,0.2978723404255319,0.0425531914893617
34,0.0,0.15450643776824036,0.776824034334764,0.06866952789699571
35,0.5,0.2222222222222222,0.0,0.2777777777777778
36,0.0,0.4722222222222222,0.4861111111111111,0.041666666666666664
37,0.0,0.28703703703703703,0.6666666666666666,0.046296296296296294
38,0.5555555555555556,0.2,0.0,0.24444444444444444
39,0.208955223880597,0.0,0.11940298507462686,0.6716417910447762
40,0.5,0.0,0.3333333333333333,0.16666666666666666
41,0.18421052631578946,0.4868421052631579,0.32894736842105265,0.0
42,0.23076923076923078,0.38461538461538464,0.0,0.38461538461538464
43,0.5882352941176471,0.17647058823529413,0.0,0.23529411764705882
44,0.3684210526315789,0.21052631578947367,0.0,0.42105263157894735
45,0.1875,0.1875,0.625,0.0
46,0.7142857142857143,0.0,0.14285714285714285,0.14285714285714285
47,0.05454545454545454,0.0,0.4727272727272727,0.4727272727272727
48,0.1,0.1,0.8,0.0
49,0.4444444444444444,0.0,0.2222222222222222,0.3333333333333333
50,0.6862745098039216,0.0784313725490196,0.0,0.23529411764705882
51,0.5135135135135135,0.35135135135135137,0.0,0.13513513513513514
52,0.16666666666666666,0.5,0.3333333333333333,0.0
53,0.578125,0.109375,0.0,0.3125
54,0.0,0.8666666666666667,0.06666666666666667,0.06666666666666667
55,0.0,0.24820143884892087,0.6223021582733813,0.12949640287769784
56,0.8486842105263158,0.05921052631578947,0.0,0.09210526315789473
57,0.5595238095238095,0.34523809523809523,0.0,0.09523809523809523
58,0.1111111111111111,0.5555555555555556,0.3333333333333333,0.0
59,0.3770491803278688,0.0,0.5081967213114754,0.11475409836065574
60,0.35185185185185186,0.4444444444444444,0.2037037037037037,0.0
61,0.6666666666666666,0.0,0.16666666666666666,0.16666666666666666
62,0.2222222222222222,0.0,0.35185185185185186,0.42592592592592593
63,0.2,0.2,0.6,0.0
64,0.3333333333333333,0.16666666666666666,0.0,0.5
65,0.016666666666666666,0.0,0.005555555555555556,0.9777777777777777
66,0.0,0.6948051948051948,0.2597402597402597,0.045454545454545456
67,0.0,0.5241379310344828,0.4068965517241379,0.06896551724137931
68,0.6923076923076923,0.15384615384615385,0.0,0.15384615384615385
69,0.5291970802919708,0.08394160583941605,0.0,0.38686131386861317
70,0.12,0.0,0.14666666666666667,0.7333333333333333
71,0.06628242074927954,0.8559077809798271,0.07780979827089338,0.0
72,0.21212121212121213,0.5454545454545454,0.24242424242424243,0.0
73,0.13157894736842105,0.0,0.05263157894736842,0.8157894736842105
74,0.13953488372093023,0.7286821705426356,0.13178294573643412,0.0
75,0.5483870967741935,0.3548387096774194,0.0,0.0967741935483871
76,0.46236559139784944,0.45161290322580644,0.0,0.08602150537634409
77,0.0,0.45161290322580644,0.45806451612903226,0.09032258064516129
78,0.5471698113207547,0.20754716981132076,0.0,0.24528301886792453
79,0.7783641160949868,0.047493403693931395,0.0,0.1741424802110818
80,0.4117647058823529,0.0,0.35294117647058826,0.23529411764705882
81,0.0,0.27756653992395436,0.20152091254752852,0.5209125475285171
82,0.18461538461538463,0.0,0.4307692307692308,0.38461538461538464
83,0.19886363636363635,0.0,0.3068181818181818,0.4943181818181818
84,0.4603174603174603,0.4708994708994709,0.06878306878306878,0.0
85,0.19230769230769232,0.5769230769230769,0.23076923076923078,0.0
86,0.2909090909090909,0.0,0.2636363636363636,0.44545454545454544
87,0.0,0.2346368715083799,0.6871508379888268,0.0782122905027933
88,0.5076923076923077,0.4598290598290598,0.0,0.03247863247863248
89,0.21897810218978103,0.0,0.2798053527980535,0.5012165450121655
90,0.0,0.19457013574660634,0.45248868778280543,0.35294117647058826
91,0.5880893300248139,0.3052109181141439,0.0,0.10669975186104218
92,0.28614008941877794,0.0,0.08792846497764531,0.6259314456035767
93,0.3543859649122807,0.5052631578947369,0.14035087719298245,0.0
94,0.0,0.40828402366863903,0.11242603550295859,0.47928994082840237
95,0.09333333333333334,0.8666666666666667,0.04,0.0
96,0.42704626334519574,0.38434163701067614,0.0,0.18861209964412812
97,0.05502392344497608,0.0,0.5980861244019139,0.34688995215311
98,0.21292775665399238,0.6501901140684411,0.13688212927756654,0.0
99,0.0,0.1102514506769826,0.3365570599613153,0.5531914893617021
100,0.28125,0.46875,0.25,0.0
101,0.09795918367346938,0.0,0.1673469387755102,0.7346938775510204
102,0.0,0.21568627450980393,0.6535947712418301,0.13071895424836602
103,0.539568345323741,0.4154676258992806,0.0,0.044964028776978415
104,0.020356234096692113,0.0,0.02544529262086514,0.9541984732824428
105,0.0,0.5,0.5,0.0
106,0.0,0.16666666666666666,0.0,0.8333333333333334
107,0.0,0.2857142857142857,0.0,0.7142857142857143
108,0.22857142857142856,0.47619047619047616,0.0,0.29523809523809524
109,0.0,0.16666666666666666,0.8333333333333334,0.0
110,0.6212121212121212,0.16666666666666666,0.0,0.21212121212121213
111,0.6666666666666666,0.0,0.14285714285714285,0.19047619047619047
112,0.5,0.0,0.0,0.5
113,0.0,0.403125,0.525,0.071875
114,0.2777777777777778,0.0,0.5,0.2222222222222222
115,0.0,0.36666666666666664,0.23333333333333334,0.4
116,0.4,0.4,0.0,0.2
117,0.7142857142857143,0.03571428571428571,0.0,0.25
118,0.029850746268656716,0.0,0.2537313432835821,0.7164179104477612
119,0.3870967741935484,0.0,0.12903225806451613,0.4838709677419355
120,0.25,0.0,0.5833333333333334,0.16666666666666666
121,0.2608695652173913,0.0,0.0,0.7391304347826086
122,0.18045112781954886,0.6691729323308271,0.15037593984962405,0.0
123,0.8571428571428571,0.0,0.0,0.14285714285714285
124,0.3333333333333333,0.3333333333333333,0.0,0.3333333333333333
125,0.0,0.7518248175182481,0.20437956204379562,0.043795620437956206
126,0.125,0.0,0.7916666666666666,0.08333333333333333
127,0.0,0.1276595744680851,0.6170212765957447,0.2553191489361702
128,0.0,0.2845528455284553,0.6056910569105691,0.10975609756097561
129,0.38235294117647056,0.5294117647058824,0.0,0.08823529411764706
130,0.08,0.8,0.0,0.12
131,0.42755344418052255,0.37054631828978624,0.0,0.20190023752969122
132,0.03225806451612903,0.0,0.016129032258064516,0.9516129032258065
133,0.02197802197802198,0.9120879120879121,0.06593406593406594,0.0
134,0.14285714285714285,0.4857142857142857,0.37142857142857144,0.0
135,0.0,0.9714285714285714,0.0,0.02857142857142857
136,0.0,0.52,0.32,0.16
137,0.8411214953271028,0.06542056074766354,0.0,0.09345794392523364
138,0.0,0.2,0.8,0.0
139,0.5625,0.0,0.0,0.4375
140,0.0,0.7142857142857143,0.0,0.2857142857142857
141,0.0,0.2610619469026549,0.5929203539823009,0.14601769911504425
142,0.125,0.0,0.875,0.0
143,0.509090909090909,0.14545454545454545,0.0,0.34545454545454546
144,0.38461538461538464,0.07692307692307693,0.0,0.5384615384615384
145,0.08,0.6,0.0,0.32
146,0.0,0.22028985507246376,0.7333333333333333,0.0463768115942029
147,0.0,0.09369676320272573,0.8534923339011925,0.05281090289608177
148,0.225,0.48214285714285715,0.0,0.29285714285714287
149,0.32697547683923706,0.3923705722070845,0.0,0.28065395095367845
150,0.0,0.22007722007722008,0.5637065637065637,0.21621621621621623
151,0.08653846153846154,0.3942307692307692,0.5192307692307693,0.0
152,0.06493506493506493,0.0,0.05194805194805195,0.8831168831168831
153,0.0,0.18974358974358974,0.6615384615384615,0.14871794871794872
154,0.27225130890052357,0.4293193717277487,0.29842931937172773,0.0
155,0.11428571428571428,0.0,0.29714285714285715,0.5885714285714285
156,0.3541666666666667,0.0,0.2708333333333333,0.375
157,0.375,0.0,0.325,0.3
158,0.22857142857142856,0.5818181818181818,0.18961038961038962,0.0
159,0.0,0.27058823529411763,0.5781512605042017,0.15126050420168066
160,0.19607843137254902,0.42810457516339867,0.3758169934640523,0.0
161,0.2115702479338843,0.0,0.46115702479338844,0.32727272727272727
162,0.39378238341968913,0.0,0.6036269430051814,0.0025906735751295338
163,0.18218623481781376,0.6072874493927125,0.21052631578947367,0.0
164,0.23183391003460208,0.2768166089965398,0.4913494809688581,0.0
165,0.5833333333333334,0.36666666666666664,0.0,0.05
166,0.6213592233009708,0.3179611650485437,0.0,0.06067961165048544
167,0.42194744976816073,0.26738794435857804,0.3106646058732612,0.0
168,0.0,0.1525,0.6125,0.235
169,0.42657342657342656,0.0,0.5571095571095571,0.016317016317016316
170,0.0,0.21597633136094674,0.5710059171597633,0.21301775147928995
171,0.5184713375796178,0.27261146496815286,0.0,0.2089171974522293
172,0.23045267489711935,0.0,0.3168724279835391,0.45267489711934156
173,0.0,0.2636363636363636,0.4772727272727273,0.2590909090909091
174,0.0,0.24396782841823056,0.6568364611260054,0.09919571045576407
175,0.0,0.3432203389830508,0.3559322033898305,0.3008474576271186
176,0.20270270270270271,0.0,0.38963963963963966,0.40765765765765766
177,0.26704545454545453,0.3806818181818182,0.3522727272727273,0.0
178,0.0,0.30092592592592593,0.0787037037037037,0.6203703703703703
179,0.026022304832713755,0.0,0.03717472118959108,0.9368029739776952
180,0.3582089552238806,0.3656716417910448,0.0,0.27611940298507465
181,0.4260869565217391,0.0,0.26956521739130435,0.30434782608695654
182,0.0,0.4834123222748815,0.27014218009478674,0.24644549763033174
183,0.3188405797101449,0.0,0.6594202898550725,0.021739130434782608
184,0.0,0.6839622641509434,0.2641509433962264,0.05188679245283019
185,0.5256410256410257,0.3717948717948718,0.0,0.10256410256410256
186,0.0,0.3333333333333333,0.6666666666666666,0.0
187,0.0,0.3466666666666667,0.56,0.09333333333333334
188,0.431640625,0.45703125,0.0,0.111328125
189,0.11320754716981132,0.5471698113207547,0.33962264150943394,0.0
190,0.2676056338028169,0.11267605633802817,0.6197183098591549,0.0
191,0.021406727828746176,0.0,0.1437308868501529,0.8348623853211009
192,0.2966101694915254,0.0,0.6694915254237288,0.03389830508474576
193,0.0,0.07272727272727272,0.8,0.12727272727272726
194,0.47368421052631576,0.40350877192982454,0.0,0.12280701754385964
195,0.296875,0.453125,0.0,0.25
196,0.9243243243243243,0.05675675675675676,0.0,0.01891891891891892
197,0.1958762886597938,0.0,0.5051546391752577,0.29896907216494845
198,0.0,0.95,0.05,0.0
199,0.5641025641025641,0.07692307692307693,0.0,0.358974358974359
200,0.0,0.07058823529411765,0.9176470588235294,0.011764705882352941
201,0.19333333333333333,0.7066666666666667,0.0,0.1
202,0.05128205128205128,0.5128205128205128,0.4358974358974359,0.0
203,0.48148148148148145,0.0,0.3333333333333333,0.18518518518518517
204,0.0,0.022556390977443608,0.21804511278195488,0.7593984962406015
205,0.4444444444444444,0.0,0.25555555555555554,0.3
206,0.2693935119887165,0.5994358251057827,0.0,0.1311706629055007
207,0.0,0.5810276679841897,0.1541501976284585,0.2648221343873518
208,0.0,0.19230769230769232,0.8076923076923077,0.0
209,0.3514376996805112,0.3801916932907348,0.268370607028754,0.0
210,0.0,0.3173076923076923,0.3701923076923077,0.3125
211,0.21782178217821782,0.0,0.45544554455445546,0.32673267326732675
212,0.1037037037037037,0.0,0.2740740740740741,0.6222222222222222
213,0.7714285714285715,0.02857142857142857,0.0,0.2
214,0.09615384615384616,0.0,0.09615384615384616,0.8076923076923077
215,0.6037735849056604,0.19811320754716982,0.0,0.19811320754716982
216,0.46153846153846156,0.23076923076923078,0.0,0.3076923076923077
217,0.0,0.20930232558139536,0.3023255813953488,0.4883720930232558
218,0.3783783783783784,0.0,0.3783783783783784,0.24324324324324326
219,0.016666666666666666,0.6333333333333333,0.0,0.35
220,0.0,0.6355140186915887,0.2523364485981308,0.11214953271028037
221,0.0,0.1645021645021645,0.6428571428571429,0.19264069264069264
222,0.176056338028169,0.36619718309859156,0.45774647887323944,0.0
223,0.319672131147541,0.0,0.27049180327868855,0.4098360655737705
224,0.2903225806451613,0.0,0.34946236559139787,0.3602150537634409
225,0.0,0.07112970711297072,0.606694560669456,0.32217573221757323
226,0.07142857142857142,0.0,0.5,0.42857142857142855
227,0.568,0.36,0.0,0.072
228,0.0,0.14624505928853754,0.6482213438735178,0.20553359683794467
229,0.5077319587628866,0.452319587628866,0.0,0.03994845360824742
230,0.10306406685236769,0.0,0.1532033426183844,0.7437325905292479
231,0.0,0.021505376344086023,0.13978494623655913,0.8387096774193549
232,0.32,0.0,0.16,0.52
233,0.0,0.14328358208955225,0.4417910447761194,0.41492537313432837
234,0.5843373493975904,0.16265060240963855,0.0,0.25301204819277107
235,0.04222648752399232,0.0,0.18426103646833014,0.7735124760076776
236,0.03592814371257485,0.0,0.39820359281437123,0.5658682634730539
237,0.10869565217391304,0.7065217391304348,0.18478260869565216,0.0
238,0.0,0.2248062015503876,0.05426356589147287,0.7209302325581395
239,0.04926108374384237,0.0,0.04926108374384237,0.9014778325123153
240,0.0,0.44075829383886256,0.04265402843601896,0.5165876777251185
241,0.09090909090909091,0.0,0.9090909090909091,0.0
242,0.7368421052631579,0.05263157894736842,0.0,0.21052631578947367
243,0.4297520661157025,0.2975206611570248,0.0,0.2727272727272727
244,0.0,0.37894736842105264,0.17894736842105263,0.4421052631578947
245,0.6672597864768683,0.2669039145907473,0.0,0.06583629893238434
246,0.18762886597938144,0.0,0.19381443298969073,0.6185567010309279
247,0.19047619047619047,0.047619047619047616,0.7619047619047619,0.0
248,0.1652892561983471,0.4214876033057851,0.0,0.4132231404958678
249,0.0,0.5849056603773585,0.34591194968553457,0.06918238993710692
250,0.5027932960893855,0.46368715083798884,0.0,0.0335195530726257
251,0.1810344827586207,0.0,0.5344827586206896,0.28448275862068967
252,0.0,0.1164021164021164,0.8571428571428571,0.026455026455026454
253,0.7931034482758621,0.1724137931034483,0.0,0.034482758620689655
254,0.13245033112582782,0.0,0.24172185430463577,0.6258278145695364
255,0.12280701754385964,0.0,0.22807017543859648,0.6491228070175439
256,0.14285714285714285,0.14285714285714285,0.7142857142857143,0.0
257,0.18777292576419213,0.4279475982532751,0.0,0.38427947598253276
258,0.0,0.6637931034482759,0.3103448275862069,0.02586206896551724
259,0.2474747474747475,0.7154882154882155,0.0,0.037037037037037035
260,0.0,0.32231404958677684,0.5950413223140496,0.08264462809917356
261,0.13100436681222707,0.6026200873362445,0.2663755458515284,0.0
262,0.25675675675675674,0.0,0.10810810810810811,0.6351351351351351
263,0.2777777777777778,0.5092592592592593,0.21296296296296297,0.0
264,0.35,0.625,0.0,0.025
265,0.0,0.3225806451612903,0.6709677419354839,0.0064516129032258064
266,0.38827258320126784,0.5118858954041204,0.0,0.09984152139461172
267,0.09090909090909091,0.2727272727272727,0.0,0.6363636363636364
268,0.0,0.5,0.5,0.0
269,0.5185185185185185,0.0,0.037037037037037035,0.4444444444444444
270,0.0,0.078125,0.046875,0.875
271,0.05555555555555555,0.0,0.16666666666666666,0.7777777777777778
272,0.5,0.28846153846153844,0.0,0.21153846153846154
273,0.6,0.0,0.0,0.4
274,0.022727272727272728,0.0,0.8863636363636364,0.09090909090909091
275,0.2631578947368421,0.0,0.15789473684210525,0.5789473684210527
276,0.6032719836400818,0.3374233128834356,0.0,0.05930470347648262
277,0.16666666666666666,0.6428571428571429,0.19047619047619047,0.0
278,0.3219026548672566,0.413716814159292,0.0,0.2643805309734513
279,0.14285714285714285,0.0,0.8571428571428571,0.0
280,0.0,0.030303030303030304,0.06060606060606061,0.9090909090909091
281,0.016,0.912,0.072,0.0
282,0.0,0.14285714285714285,0.8571428571428571,0.0
283,0.0,0.004098360655737705,0.012295081967213115,0.9836065573770492
284,0.0024271844660194173,0.0,0.009708737864077669,0.9878640776699029
285,0.17857142857142858,0.17857142857142858,0.6428571428571429,0.0
286,0.15384615384615385,0.07692307692307693,0.0,0.7692307692307693
287,0.0,0.6818181818181818,0.3181818181818182,0.0
288,0.4393939393939394,0.06060606060606061,0.0,0.5
289,0.24242424242424243,0.0,0.4090909090909091,0.3484848484848485
290,0.4857142857142857,0.3142857142857143,0.0,0.2
291,0.0,0.8287292817679558,0.1712707182320442,0.0
292,0.5777777777777777,0.37777777777777777,0.0,0.044444444444444446
293,0.0,0.25,0.7,0.05
294,0.375,0.25,0.0,0.375
295,0.0,0.17391304347826086,0.8260869565217391,0.0
296,0.21951219512195122,0.12195121951219512,0.6585365853658537,0.0
297,0.0,0.0,0.3333333333333333,0.6666666666666666
298,0.5,0.5,0.0,0.0
299,1.0,0.0,0.0,0.0
300,0.0,0.0,1.0,0.0
301,0.0,0.0,1.0,0.0
302,0.0,0.0,0.0,1.0
303,,,,
304,,,,
305,1.0,0.0,0.0,0.0
306,0.0,0.0,0.5,0.5
307,,,,
308,1.0,0.0,0.0,0.0
309,,,,
310,,,,
311,,,,
312,,,,
313,,,,
314,,,,
315,,,,
