,A,C,G,T
0,,,,
1,,,,
2,1.0,0.0,0.0,0.0
3,0.25,0.5,0.0,0.25
4,,,,
5,1.0,0.0,0.0,0.0
6,0.6666666666666666,0.0,0.0,0.3333333333333333
7,0.0,0.25,0.5,0.25
8,0.8333333333333334,0.08333333333333333,0.0,0.08333333333333333
9,0.13333333333333333,0.0,0.4,0.4666666666666667
10,,,,
11,1.0,0.0,0.0,0.0
12,0.25,0.0,0.0,0.75
13,0.0,1.0,0.0,0.0
14,0.0,0.0,0.0,1.0
15,0.0,1.0,0.0,0.0
16,0.0,0.0,0.0,1.0
17,1.0,0.0,0.0,0.0
18,1.0,0.0,0.0,0.0
19,0.3333333333333333,0.0,0.0,0.6666666666666666
20,0.16666666666666666,0.0,0.8333333333333334,0.0
21,,,,
22,,,,
23,1.0,0.0,0.0,0.0
24,0.0,0.0,0.0,1.0
25,,,,
26,0.0,0.0,1.0,0.0
27,0.75,0.25,0.0,0.0
28,1.0,0.0,0.0,0.0
29,1.0,0.0,0.0,0.0
30,0.125,0.625,0.25,0.0
31,,,,
32,0.0,1.0,0.0,0.0
33,0.875,0.125,0.0,0.0
34,1.0,0.0,0.0,0.0
35,0.6086956521739131,0.0,0.043478260869565216,0.34782608695652173
36,0.5,0.0,0.5,0.0
37,0.0,0.3333333333333333,0.6666666666666666,0.0
38,1.0,0.0,0.0,0.0
39,,,,
40,1.0,0.0,0.0,0.0
41,0.0,0.0,1.0,0.0
42,,,,
43,,,,
44,0.875,0.0,0.0,0.125
45,1.0,0.0,0.0,0.0
46,0.5,0.0,0.0,0.5
47,0.5,0.5,0.0,0.0
48,0.0,0.5,0.5,0.0
49,,,,
50,,,,
51,0.0,0.0,1.0,0.0
52,,,,
53,0.5,0.16666666666666666,0.0,0.3333333333333333
54,0.0,0.6666666666666666,0.0,0.3333333333333333
55,0.8571428571428571,0.14285714285714285,0.0,0.0
56,0.0,0.5,0.0,0.5
57,0.0,0.0,1.0,0.0
58,0.0,0.0,1.0,0.0
59,,,,
60,0.5555555555555556,0.3333333333333333,0.1111111111111111,0.0
61,1.0,0.0,0.0,0.0
62,0.0,0.0,0.0,1.0
63,0.0,0.0,1.0,0.0
64,0.0,0.0,0.0,1.0
65,0.0,0.75,0.25,0.0
66,0.3333333333333333,0.0,0.0,0.6666666666666666
67,0.35714285714285715,0.0,0.0,0.6428571428571429
68,0.0,1.0,0.0,0.0
69,0.8,0.0,0.0,0.2
70,0.0,0.0,0.3076923076923077,0.6923076923076923
71,0.0,0.0,0.6428571428571429,0.35714285714285715
72,0.0,0.75,0.25,0.0
73,0.5,0.0,0.0,0.5
74,0.0,0.6666666666666666,0.3333333333333333,0.0
75,,,,
76,0.8571428571428571,0.0,0.0,0.14285714285714285
77,0.03333333333333333,0.5666666666666667,0.4,0.0
78,0.0,0.8333333333333334,0.16666666666666666,0.0
79,0.0,0.3333333333333333,0.6666666666666666,0.0
80,0.0,0.0,1.0,0.0
81,0.0,0.3333333333333333,0.6666666666666666,0.0
82,0.16666666666666666,0.0,0.625,0.20833333333333334
83,0.18181818181818182,0.0,0.36363636363636365,0.45454545454545453
84,0.125,0.125,0.75,0.0
85,,,,
86,0.2222222222222222,0.0,0.1111111111111111,0.6666666666666666
87,0.0,0.3333333333333333,0.3333333333333333,0.3333333333333333
88,0.5,0.5,0.0,0.0
89,0.4666666666666667,0.4,0.13333333333333333,0.0
90,0.5185185185185185,0.2222222222222222,0.0,0.25925925925925924
91,0.0,0.45,0.55,0.0
92,0.3333333333333333,0.0,0.2222222222222222,0.4444444444444444
93,0.8,0.1,0.1,0.0
94,0.0,0.05555555555555555,0.2222222222222222,0.7222222222222222
95,0.15384615384615385,0.0,0.038461538461538464,0.8076923076923077
96,0.0,0.08333333333333333,0.9166666666666666,0.0
97,0.0,0.23809523809523808,0.38095238095238093,0.38095238095238093
98,0.5,0.0,0.14285714285714285,0.35714285714285715
99,0.0,0.5,0.125,0.375
100,0.0,1.0,0.0,0.0
101,0.5833333333333334,0.3333333333333333,0.0,0.08333333333333333
102,0.0,0.6666666666666666,0.16666666666666666,0.16666666666666666
103,0.868421052631579,0.13157894736842105,0.0,0.0
104,0.07692307692307693,0.0,0.07692307692307693,0.8461538461538461
105,,,,
106,,,,
107,1.0,0.0,0.0,0.0
108,0.0,1.0,0.0,0.0
109,,,,
110,0.0,0.0,1.0,0.0
111,0.0,0.0,1.0,0.0
112,,,,
113,0.0,0.0,0.0,1.0
114,,,,
115,0.0,1.0,0.0,0.0
116,1.0,0.0,0.0,0.0
117,0.6,0.2,0.0,0.2
118,1.0,0.0,0.0,0.0
119,1.0,0.0,0.0,0.0
120,0.2857142857142857,0.0,0.7142857142857143,0.0
121,0.0,0.0,1.0,0.0
122,0.7894736842105263,0.0,0.07894736842105263,0.13157894736842105
123,1.0,0.0,0.0,0.0
124,0.0,1.0,0.0,0.0
125,0.5,0.5,0.0,0.0
126,0.0,0.6666666666666666,0.3333333333333333,0.0
127,0.0,0.0,0.8571428571428571,0.14285714285714285
128,0.6666666666666666,0.3333333333333333,0.0,0.0
129,0.0,1.0,0.0,0.0
130,1.0,0.0,0.0,0.0
131,0.375,0.125,0.0,0.5
132,1.0,0.0,0.0,0.0
133,0.0,0.25,0.75,0.0
134,0.25,0.0,0.0,0.75
135,1.0,0.0,0.0,0.0
136,0.0,0.0,1.0,0.0
137,0.9230769230769231,0.07692307692307693,0.0,0.0
138,0.0,0.0,1.0,0.0
139,0.0,0.0,0.0,1.0
140,0.0,1.0,0.0,0.0
141,0.5555555555555556,0.3888888888888889,0.0,0.05555555555555555
142,,,,
143,0.0,0.2619047619047619,0.14285714285714285,0.5952380952380952
144,0.14814814814814814,0.2962962962962963,0.0,0.5555555555555556
145,0.25,0.75,0.0,0.0
146,0.6388888888888888,0.1111111111111111,0.25,0.0
147,0.1875,0.4375,0.375,0.0
148,0.7916666666666666,0.08333333333333333,0.125,0.0
149,0.35714285714285715,0.0,0.2857142857142857,0.35714285714285715
150,0.0,0.15384615384615385,0.15384615384615385,0.6923076923076923
151,0.0,0.5,0.5,0.0
152,0.4,0.4,0.2,0.0
153,0.0,0.2222222222222222,0.4444444444444444,0.3333333333333333
154,0.15384615384615385,0.3076923076923077,0.0,0.5384615384615384
155,0.0,0.20833333333333334,0.3333333333333333,0.4583333333333333
156,0.0,0.21739130434782608,0.391304347826087,0.391304347826087
157,0.0,0.09090909090909091,0.36363636363636365,0.5454545454545454
158,0.09090909090909091,0.0,0.42424242424242425,0.48484848484848486
159,0.0,0.16666666666666666,0.4444444444444444,0.3888888888888889
160,0.0,0.23684210526315788,0.4473684210526316,0.3157894736842105
161,0.0,0.16666666666666666,0.16666666666666666,0.6666666666666666
162,0.8,0.1,0.0,0.1
163,0.5,0.0,0.5,0.0
164,0.2,0.2,0.6,0.0
165,0.0,0.23809523809523808,0.6190476190476191,0.14285714285714285
166,0.0,0.12903225806451613,0.7419354838709677,0.12903225806451613
167,0.125,0.625,0.25,0.0
168,0.8461538461538461,0.15384615384615385,0.0,0.0
169,0.6153846153846154,0.38461538461538464,0.0,0.0
170,0.25,0.5833333333333334,0.16666666666666666,0.0
171,0.625,0.0625,0.0,0.3125
172,0.45454545454545453,0.36363636363636365,0.0,0.18181818181818182
173,0.17142857142857143,0.2857142857142857,0.0,0.5428571428571428
174,0.0,0.07142857142857142,0.8571428571428571,0.07142857142857142
175,0.23529411764705882,0.0,0.7058823529411765,0.058823529411764705
176,0.0,0.4375,0.3125,0.25
177,0.0,0.0,0.6666666666666666,0.3333333333333333
178,0.11764705882352941,0.0,0.0,0.8823529411764706
179,0.0,0.4444444444444444,0.2222222222222222,0.3333333333333333
180,0.20512820512820512,0.1282051282051282,0.0,0.6666666666666666
181,0.0,0.4375,0.0625,0.5
182,0.0,0.5945945945945946,0.05405405405405406,0.35135135135135137
183,,,,
184,0.0,0.5,0.0,0.5
185,0.0,0.2631578947368421,0.0,0.7368421052631579
186,0.0,0.6875,0.1875,0.125
187,0.7,0.0,0.26666666666666666,0.03333333333333333
188,0.10810810810810811,0.0,0.7837837837837838,0.10810810810810811
189,0.0,0.0,0.8571428571428571,0.14285714285714285
190,0.5833333333333334,0.0,0.4166666666666667,0.0
191,0.5,0.5,0.0,0.0
192,1.0,0.0,0.0,0.0
193,,,,
194,0.08,0.8,0.12,0.0
195,,,,
196,0.0,0.0,1.0,0.0
197,0.0,1.0,0.0,0.0
198,0.0,0.0,1.0,0.0
199,0.0,0.0,0.85,0.15
200,0.0,0.0,1.0,0.0
201,,,,
202,,,,
203,0.0,0.0,0.0,1.0
204,0.0,1.0,0.0,0.0
205,,,,
206,0.0,0.23076923076923078,0.7692307692307693,0.0
207,1.0,0.0,0.0,0.0
208,0.0,1.0,0.0,0.0
209,1.0,0.0,0.0,0.0
210,0.0,0.0,0.0,1.0
211,0.0,0.0,0.75,0.25
212,0.0,1.0,0.0,0.0
213,0.0,0.4444444444444444,0.4444444444444444,0.1111111111111111
214,0.0,1.0,0.0,0.0
215,1.0,0.0,0.0,0.0
216,,,,
217,,,,
218,0.0,0.9555555555555556,0.022222222222222223,0.022222222222222223
219,0.0,1.0,0.0,0.0
220,1.0,0.0,0.0,0.0
221,0.0,0.0,1.0,0.0
222,1.0,0.0,0.0,0.0
223,,,,
224,0.023255813953488372,0.9534883720930233,0.023255813953488372,0.0
225,1.0,0.0,0.0,0.0
226,0.0,0.0,1.0,0.0
227,0.0,0.9411764705882353,0.058823529411764705,0.0
228,0.05263157894736842,0.0,0.9473684210526315,0.0
229,0.0,0.0,0.5,0.5
230,0.25,0.0,0.75,0.0
231,0.0,0.0,1.0,0.0
232,0.0,0.25,0.75,0.0
233,0.0,0.022222222222222223,0.9777777777777777,0.0
234,0.0,0.0,1.0,0.0
235,1.0,0.0,0.0,0.0
236,0.8,0.0,0.0,0.2
237,0.0,0.2,0.2,0.6
238,0.06666666666666667,0.8666666666666667,0.06666666666666667,0.0
239,0.07142857142857142,0.0,0.5714285714285714,0.35714285714285715
240,0.0,0.08695652173913043,0.8260869565217391,0.08695652173913043
241,0.0,0.0,0.0,1.0
242,0.04878048780487805,0.0,0.926829268292683,0.024390243902439025
243,0.0,1.0,0.0,0.0
244,0.0,0.16666666666666666,0.0,0.8333333333333334
245,0.0,1.0,0.0,0.0
246,0.0,0.0,0.0,1.0
247,,,,
248,0.21052631578947367,0.10526315789473684,0.0,0.6842105263157895
249,0.5,0.0,0.5,0.0
250,,,,
251,0.0,0.0,1.0,0.0
252,0.0,1.0,0.0,0.0
253,,,,
254,,,,
255,0.0,0.0,1.0,0.0
256,0.0,0.2,0.8,0.0
257,0.0,0.0,0.0,1.0
258,0.0,0.0,1.0,0.0
259,0.7777777777777778,0.1111111111111111,0.0,0.1111111111111111
260,0.0,0.0,0.0,1.0
261,0.0,0.0,1.0,0.0
262,,,,
263,,,,
264,0.0,0.0,1.0,0.0
265,0.625,0.375,0.0,0.0
266,0.0,0.3333333333333333,0.0,0.6666666666666666
267,0.8,0.2,0.0,0.0
268,0.3333333333333333,0.0,0.05555555555555555,0.6111111111111112
269,0.0,0.0,1.0,0.0
270,,,,
271,0.0,0.0,1.0,0.0
272,0.18181818181818182,0.8181818181818182,0.0,0.0
273,,,,
274,,,,
275,,,,
276,0.0,0.0,0.0,1.0
277,,,,
278,1.0,0.0,0.0,0.0
279,,,,
280,,,,
281,0.16666666666666666,0.8333333333333334,0.0,0.0
282,0.5,0.4166666666666667,0.0,0.08333333333333333
283,,,,
284,0.25925925925925924,0.25925925925925924,0.0,0.48148148148148145
285,,,,
286,,,,
287,0.0,1.0,0.0,0.0
288,,,,
289,0.0,0.0,0.0,1.0
290,0.0,0.0,0.0,1.0
291,,,,
292,,,,
293,,,,
294,,,,
295,0.0,0.0,0.0,1.0
296,0.16666666666666666,0.16666666666666666,0.0,0.6666666666666666
297,,,,
298,0.7142857142857143,0.2857142857142857,0.0,0.0
299,,,,
300,1.0,0.0,0.0,0.0
301,,,,
302,0.0,1.0,0.0,0.0
303,0.6666666666666666,0.0,0.0,0.3333333333333333
304,,,,
305,,,,
306,0.0,0.0,1.0,0.0
307,,,,
308,,,,
309,,,,
310,,,,
311,,,,
312,,,,
313,,,,
314,,,,
315,,,,
316,,,,
317,,,,
318,,,,
319,,,,
320,,,,
321,,,,
