,A,C,G,T
0,,,,
1,,,,
2,,,,
3,,,,
4,,,,
5,,,,
6,1.0,0.0,0.0,0.0
7,,,,
8,1.0,0.0,0.0,0.0
9,,,,
10,,,,
11,,,,
12,,,,
13,,,,
14,,,,
15,,,,
16,,,,
17,,,,
18,,,,
19,,,,
20,,,,
21,,,,
22,,,,
23,,,,
24,,,,
25,,,,
26,,,,
27,,,,
28,,,,
29,,,,
30,0.0,0.0,0.0,1.0
31,,,,
32,,,,
33,,,,
34,,,,
35,,,,
36,,,,
37,,,,
38,,,,
39,0.0,1.0,0.0,0.0
40,,,,
41,,,,
42,,,,
43,0.0,1.0,0.0,0.0
44,,,,
45,,,,
46,,,,
47,0.0,0.0,0.0,1.0
48,,,,
49,,,,
50,,,,
51,,,,
52,,,,
53,,,,
54,,,,
55,,,,
56,,,,
57,0.9166666666666666,0.08333333333333333,0.0,0.0
58,,,,
59,,,,
60,,,,
61,,,,
62,0.0,0.0,0.0,1.0
63,,,,
64,,,,
65,0.0,0.0,0.0,1.0
66,,,,
67,,,,
68,,,,
69,,,,
70,,,,
71,0.0,1.0,0.0,0.0
72,,,,
73,,,,
74,,,,
75,,,,
76,,,,
77,,,,
78,,,,
79,0.0,0.0,0.0,1.0
80,,,,
81,0.0,0.0,0.0,1.0
82,,,,
83,,,,
84,0.0,1.0,0.0,0.0
85,,,,
86,,,,
87,,,,
88,0.0,0.0,1.0,0.0
89,0.0,0.0,0.0,1.0
90,,,,
91,,,,
92,,,,
93,,,,
94,,,,
95,,,,
96,,,,
97,0.0,1.0,0.0,0.0
98,,,,
99,,,,
100,,,,
101,0.0,0.0,0.0,1.0
102,,,,
103,,,,
104,,,,
105,,,,
106,,,,
107,,,,
108,,,,
109,,,,
110,,,,
111,,,,
112,,,,
113,0.0,0.0,1.0,0.0
114,,,,
115,0.0,0.0,1.0,0.0
116,,,,
117,,,,
118,,,,
119,,,,
120,,,,
121,,,,
122,,,,
123,,,,
124,,,,
125,,,,
126,,,,
127,,,,
128,,,,
129,,,,
130,0.0,0.0,1.0,0.0
131,1.0,0.0,0.0,0.0
132,,,,
133,,,,
134,,,,
135,,,,
136,,,,
137,,,,
138,,,,
139,,,,
140,,,,
141,,,,
142,,,,
143,,,,
144,,,,
145,,,,
146,,,,
147,0.08333333333333333,0.9166666666666666,0.0,0.0
148,1.0,0.0,0.0,0.0
149,0.0,1.0,0.0,0.0
150,0.0,0.0,1.0,0.0
151,,,,
152,1.0,0.0,0.0,0.0
153,0.0,0.0,1.0,0.0
154,0.0,0.0,1.0,0.0
155,0.0,0.0,0.0,1.0
156,0.0,0.0,1.0,0.0
157,1.0,0.0,0.0,0.0
158,,,,
159,0.0,1.0,0.0,0.0
160,,,,
161,0.0,0.0,0.0,1.0
162,,,,
163,,,,
164,,,,
165,,,,
166,1.0,0.0,0.0,0.0
167,0.0,0.0,1.0,0.0
168,0.0,0.0,1.0,0.0
169,0.0,0.0,1.0,0.0
170,0.0,0.0,0.0,1.0
171,0.0,0.0,0.08333333333333333,0.9166666666666666
172,0.0,0.0,0.0,1.0
173,,,,
174,0.0,0.0,1.0,0.0
175,,,,
176,0.0,0.0,1.0,0.0
177,0.0,1.0,0.0,0.0
178,,,,
179,,,,
180,1.0,0.0,0.0,0.0
181,0.5,0.0,0.5,0.0
182,,,,
183,,,,
184,,,,
185,,,,
186,0.0,0.0,1.0,0.0
187,,,,
188,0.0,0.0,1.0,0.0
189,,,,
190,,,,
191,0.0,0.0,0.0,1.0
192,1.0,0.0,0.0,0.0
193,,,,
194,0.0,1.0,0.0,0.0
195,,,,
196,0.0,0.0,1.0,0.0
197,,,,
198,,,,
199,,,,
200,,,,
201,,,,
202,0.0,0.0,1.0,0.0
203,,,,
204,,,,
205,0.0,0.0,1.0,0.0
206,,,,
207,,,,
208,0.0,1.0,0.0,0.0
209,,,,
210,,,,
211,,,,
212,1.0,0.0,0.0,0.0
213,,,,
214,,,,
215,1.0,0.0,0.0,0.0
216,,,,
217,0.0,1.0,0.0,0.0
218,,,,
219,0.0,0.0,0.9166666666666666,0.08333333333333333
220,,,,
221,,,,
222,,,,
223,,,,
224,,,,
225,0.0,0.0,0.14285714285714285,0.8571428571428571
226,,,,
227,,,,
228,,,,
229,0.0,1.0,0.0,0.0
230,1.0,0.0,0.0,0.0
231,,,,
232,,,,
233,0.0,1.0,0.0,0.0
234,,,,
235,,,,
236,,,,
237,,,,
238,,,,
239,,,,
240,0.0,1.0,0.0,0.0
241,0.0,0.0,1.0,0.0
242,,,,
243,,,,
244,,,,
245,,,,
246,,,,
247,,,,
248,0.0,1.0,0.0,0.0
249,,,,
250,,,,
251,0.9166666666666666,0.0,0.08333333333333333,0.0
252,,,,
253,,,,
254,,,,
255,,,,
256,,,,
257,,,,
258,,,,
259,,,,
260,,,,
261,0.0,1.0,0.0,0.0
262,0.0,0.0,0.0,1.0
263,,,,
264,,,,
265,,,,
266,0.0,1.0,0.0,0.0
267,,,,
268,,,,
269,,,,
270,,,,
271,,,,
272,,,,
273,0.0,1.0,0.0,0.0
274,0.0,0.0,1.0,0.0
275,,,,
276,,,,
277,,,,
278,0.0,0.0,0.0,1.0
279,,,,
280,,,,
281,,,,
282,0.0,0.0,1.0,0.0
283,0.0,0.0,0.08333333333333333,0.9166666666666666
284,0.0,0.0,0.0,1.0
285,,,,
286,,,,
287,,,,
288,,,,
289,,,,
290,,,,
291,,,,
292,,,,
293,,,,
294,,,,
295,,,,
296,,,,
297,,,,
298,,,,
299,,,,
300,,,,
301,,,,
302,,,,
303,,,,
304,,,,
305,,,,
306,,,,
307,,,,
308,,,,
309,,,,
310,,,,
311,,,,
312,,,,
313,,,,
314,,,,
315,,,,
