,A,C,G,T
0,,,,
1,,,,
2,0.38095238095238093,0.5714285714285714,0.0,0.047619047619047616
3,0.46153846153846156,0.23076923076923078,0.0,0.3076923076923077
4,0.03508771929824561,0.05263157894736842,0.9122807017543859,0.0
5,0.4117647058823529,0.23529411764705882,0.0,0.35294117647058826
6,0.5,0.0,0.0,0.5
7,0.0,0.13333333333333333,0.6,0.26666666666666666
8,0.625,0.3194444444444444,0.0,0.05555555555555555
9,0.06756756756756757,0.0,0.28378378378378377,0.6486486486486487
10,,,,
11,0.5833333333333334,0.16666666666666666,0.0,0.25
12,0.2,0.4,0.0,0.4
13,0.05357142857142857,0.9464285714285714,0.0,0.0
14,0.35294117647058826,0.11764705882352941,0.0,0.5294117647058824
15,0.125,0.625,0.0,0.25
16,0.0,0.6666666666666666,0.0,0.3333333333333333
17,0.5294117647058824,0.17647058823529413,0.0,0.29411764705882354
18,1.0,0.0,0.0,0.0
19,0.2,0.0,0.2,0.6
20,0.2727272727272727,0.7272727272727273,0.0,0.0
21,1.0,0.0,0.0,0.0
22,0.0,0.0,0.0,1.0
23,0.0,0.3888888888888889,0.3333333333333333,0.2777777777777778
24,0.0,0.4,0.0,0.6
25,0.0,0.3333333333333333,0.0,0.6666666666666666
26,0.0,0.38461538461538464,0.3076923076923077,0.3076923076923077
27,0.4375,0.375,0.0,0.1875
28,0.5,0.39285714285714285,0.0,0.10714285714285714
29,0.028169014084507043,0.0,0.22535211267605634,0.7464788732394366
30,0.038461538461538464,0.8076923076923077,0.15384615384615385,0.0
31,0.0,0.6666666666666666,0.3333333333333333,0.0
32,0.17647058823529413,0.47058823529411764,0.0,0.35294117647058826
33,0.0,0.09090909090909091,0.7878787878787878,0.12121212121212122
34,0.0,0.7777777777777778,0.2222222222222222,0.0
35,0.07407407407407407,0.0,0.037037037037037035,0.8888888888888888
36,0.375,0.0,0.25,0.375
37,0.0,0.017857142857142856,0.9285714285714286,0.05357142857142857
38,0.35714285714285715,0.5,0.0,0.14285714285714285
39,0.3333333333333333,0.0,0.1111111111111111,0.5555555555555556
40,0.25,0.0,0.25,0.5
41,0.017241379310344827,0.02586206896551724,0.9568965517241379,0.0
42,0.0,0.0,0.0,1.0
43,0.5,0.0,0.0,0.5
44,0.5,0.16666666666666666,0.0,0.3333333333333333
45,0.25,0.25,0.0,0.5
46,0.9,0.1,0.0,0.0
47,0.5,0.0,0.0,0.5
48,0.25,0.25,0.5,0.0
49,0.3333333333333333,0.0,0.0,0.6666666666666666
50,0.0,0.0,0.03571428571428571,0.9642857142857143
51,0.018867924528301886,0.0,0.9245283018867925,0.05660377358490566
52,0.0,0.0,1.0,0.0
53,0.46153846153846156,0.5384615384615384,0.0,0.0
54,0.0,0.5555555555555556,0.4444444444444444,0.0
55,0.42105263157894735,0.42105263157894735,0.0,0.15789473684210525
56,0.0,0.7142857142857143,0.2857142857142857,0.0
57,0.5454545454545454,0.0,0.45454545454545453,0.0
58,0.0,0.6666666666666666,0.3333333333333333,0.0
59,0.09090909090909091,0.0,0.36363636363636365,0.5454545454545454
60,0.15,0.2,0.65,0.0
61,0.75,0.0,0.25,0.0
62,0.22727272727272727,0.0,0.18181818181818182,0.5909090909090909
63,0.0,0.0,1.0,0.0
64,0.0,0.0,0.0,1.0
65,0.0,0.875,0.125,0.0
66,0.5263157894736842,0.05263157894736842,0.0,0.42105263157894735
67,0.14705882352941177,0.0,0.08823529411764706,0.7647058823529411
68,0.0,0.23529411764705882,0.5882352941176471,0.17647058823529413
69,0.375,0.5,0.0,0.125
70,0.02564102564102564,0.0,0.15384615384615385,0.8205128205128205
71,0.05263157894736842,0.0,0.3684210526315789,0.5789473684210527
72,0.125,0.625,0.25,0.0
73,1.0,0.0,0.0,0.0
74,0.03278688524590164,0.8852459016393442,0.08196721311475409,0.0
75,0.5,0.25,0.0,0.25
76,0.7222222222222222,0.2222222222222222,0.0,0.05555555555555555
77,0.734375,0.21875,0.0,0.046875
78,0.2702702702702703,0.5135135135135135,0.21621621621621623,0.0
79,0.25,0.5,0.25,0.0
80,0.5909090909090909,0.0,0.13636363636363635,0.2727272727272727
81,0.0,0.358974358974359,0.28205128205128205,0.358974358974359
82,0.07746478873239436,0.0,0.7394366197183099,0.18309859154929578
83,0.057971014492753624,0.0,0.057971014492753624,0.8840579710144928
84,0.6190476190476191,0.047619047619047616,0.0,0.3333333333333333
85,0.0,0.75,0.25,0.0
86,0.42857142857142855,0.0,0.14285714285714285,0.42857142857142855
87,0.0,0.16,0.68,0.16
88,0.6428571428571429,0.30612244897959184,0.0,0.05102040816326531
89,0.22,0.5,0.28,0.0
90,0.0,0.19767441860465115,0.5116279069767442,0.29069767441860467
91,0.43005181347150256,0.27461139896373055,0.0,0.29533678756476683
92,0.2857142857142857,0.0,0.16666666666666666,0.5476190476190477
93,0.0,0.34210526315789475,0.34210526315789475,0.3157894736842105
94,0.0,0.26,0.4,0.34
95,0.1509433962264151,0.0,0.3584905660377358,0.49056603773584906
96,0.1,0.45,0.45,0.0
97,0.0,0.22448979591836735,0.14285714285714285,0.6326530612244898
98,0.13333333333333333,0.0,0.06666666666666667,0.8
99,0.0,0.16666666666666666,0.5,0.3333333333333333
100,0.3333333333333333,0.0,0.6666666666666666,0.0
101,0.30434782608695654,0.391304347826087,0.0,0.30434782608695654
102,0.0,0.11267605633802817,0.7746478873239436,0.11267605633802817
103,0.30303030303030304,0.6181818181818182,0.0,0.07878787878787878
104,0.01818181818181818,0.0,0.14545454545454545,0.8363636363636363
105,,,,
106,0.5,0.5,0.0,0.0
107,0.0,0.5,0.0,0.5
108,0.2222222222222222,0.2222222222222222,0.0,0.5555555555555556
109,0.5,0.5,0.0,0.0
110,0.3333333333333333,0.0,0.0,0.6666666666666666
111,0.5,0.0,0.0,0.5
112,0.25,0.0,0.0,0.75
113,0.8333333333333334,0.0,0.08333333333333333,0.08333333333333333
114,1.0,0.0,0.0,0.0
115,0.0,0.2,0.6,0.2
116,0.6666666666666666,0.3333333333333333,0.0,0.0
117,0.9137931034482759,0.05172413793103448,0.0,0.034482758620689655
118,0.0,0.0,0.5,0.5
119,0.15384615384615385,0.6923076923076923,0.15384615384615385,0.0
120,0.2,0.0,0.6,0.2
121,1.0,0.0,0.0,0.0
122,0.0,0.375,0.1875,0.4375
123,0.5,0.5,0.0,0.0
124,0.3333333333333333,0.3333333333333333,0.0,0.3333333333333333
125,0.75,0.25,0.0,0.0
126,0.0,0.75,0.16666666666666666,0.08333333333333333
127,0.0,0.3076923076923077,0.38461538461538464,0.3076923076923077
128,0.5,0.5,0.0,0.0
129,0.5,0.5,0.0,0.0
130,0.0,0.0,0.0,1.0
131,0.38333333333333336,0.43333333333333335,0.0,0.18333333333333332
132,0.26666666666666666,0.0,0.4,0.3333333333333333
133,0.0,0.3888888888888889,0.6111111111111112,0.0
134,0.36,0.32,0.0,0.32
135,0.05357142857142857,0.9464285714285714,0.0,0.0
136,0.0,0.16216216216216217,0.6486486486486487,0.1891891891891892
137,0.5681818181818182,0.3409090909090909,0.0,0.09090909090909091
138,0.07142857142857142,0.21428571428571427,0.7142857142857143,0.0
139,0.24,0.12,0.0,0.64
140,0.06666666666666667,0.3333333333333333,0.0,0.6
141,0.28125,0.40625,0.0,0.3125
142,0.18181818181818182,0.0,0.8181818181818182,0.0
143,0.10714285714285714,0.0,0.5178571428571429,0.375
144,0.09259259259259259,0.0,0.9074074074074074,0.0
145,0.65,0.0,0.35,0.0
146,0.0,0.7222222222222222,0.1111111111111111,0.16666666666666666
147,0.581081081081081,0.3310810810810811,0.0,0.08783783783783784
148,0.12195121951219512,0.3902439024390244,0.4878048780487805,0.0
149,0.18461538461538463,0.49230769230769234,0.3230769230769231,0.0
150,0.0,0.26136363636363635,0.6931818181818182,0.045454545454545456
151,0.11428571428571428,0.5428571428571428,0.34285714285714286,0.0
152,0.17142857142857143,0.4,0.42857142857142855,0.0
153,0.10655737704918032,0.7295081967213115,0.16393442622950818,0.0
154,0.0,0.2631578947368421,0.23684210526315788,0.5
155,0.12,0.6,0.28,0.0
156,0.0,0.12844036697247707,0.7339449541284404,0.13761467889908258
157,0.27941176470588236,0.45588235294117646,0.0,0.2647058823529412
158,0.5359477124183006,0.0,0.16993464052287582,0.29411764705882354
159,0.18857142857142858,0.03428571428571429,0.7771428571428571,0.0
160,0.703125,0.28125,0.0,0.015625
161,0.28,0.36,0.36,0.0
162,0.45714285714285713,0.2,0.0,0.34285714285714286
163,0.6153846153846154,0.15384615384615385,0.0,0.23076923076923078
164,0.20588235294117646,0.6544117647058824,0.13970588235294118,0.0
165,0.0,0.48333333333333334,0.44166666666666665,0.075
166,0.5757575757575758,0.3333333333333333,0.0,0.09090909090909091
167,0.09230769230769231,0.0,0.47692307692307695,0.4307692307692308
168,0.0,0.13793103448275862,0.5172413793103449,0.3448275862068966
169,0.46,0.0,0.26,0.28
170,0.0,0.35294117647058826,0.3235294117647059,0.3235294117647059
171,0.26136363636363635,0.3409090909090909,0.3977272727272727,0.0
172,0.0,0.3148148148148148,0.12962962962962962,0.5555555555555556
173,0.034482758620689655,0.0,0.0603448275862069,0.9051724137931034
174,0.01694915254237288,0.06779661016949153,0.9152542372881356,0.0
175,0.0,0.09836065573770492,0.03278688524590164,0.8688524590163934
176,0.04,0.0,0.06,0.9
177,0.5483870967741935,0.2903225806451613,0.0,0.16129032258064516
178,0.2,0.0,0.37142857142857144,0.42857142857142855
179,0.0,0.20512820512820512,0.6923076923076923,0.10256410256410256
180,0.75,0.16666666666666666,0.0,0.08333333333333333
181,0.0,0.4444444444444444,0.5,0.05555555555555555
182,0.17391304347826086,0.0,0.5652173913043478,0.2608695652173913
183,0.13333333333333333,0.13333333333333333,0.7333333333333333,0.0
184,0.5,0.0,0.0,0.5
185,0.2,0.0,0.15,0.65
186,0.3333333333333333,0.5833333333333334,0.0,0.08333333333333333
187,0.2,0.2,0.6,0.0
188,0.1875,0.375,0.0,0.4375
189,0.0,0.5185185185185185,0.4074074074074074,0.07407407407407407
190,0.0,0.0625,0.875,0.0625
191,0.2,0.2,0.0,0.6
192,0.6666666666666666,0.3333333333333333,0.0,0.0
193,0.25,0.25,0.0,0.5
194,0.4444444444444444,0.0,0.0,0.5555555555555556
195,0.875,0.0,0.0,0.125
196,0.3333333333333333,0.3333333333333333,0.0,0.3333333333333333
197,0.0,0.7236842105263158,0.2631578947368421,0.013157894736842105
198,0.03571428571428571,0.0,0.9642857142857143,0.0
199,0.0,0.3333333333333333,0.6666666666666666,0.0
200,0.3076923076923077,0.0,0.0,0.6923076923076923
201,0.0,0.17647058823529413,0.35294117647058826,0.47058823529411764
202,0.20833333333333334,0.0,0.375,0.4166666666666667
203,0.375,0.0,0.25,0.375
204,0.0,0.06172839506172839,0.9012345679012346,0.037037037037037035
205,0.0,0.5,0.5,0.0
206,0.17391304347826086,0.0,0.34782608695652173,0.4782608695652174
207,0.4,0.3,0.3,0.0
208,0.42857142857142855,0.0,0.14285714285714285,0.42857142857142855
209,0.5555555555555556,0.0,0.2222222222222222,0.2222222222222222
210,0.0,0.5,0.5,0.0
211,0.8888888888888888,0.0,0.0,0.1111111111111111
212,0.0,0.0,0.8695652173913043,0.13043478260869565
213,0.6666666666666666,0.0,0.0,0.3333333333333333
214,0.0,0.0,1.0,0.0
215,0.6,0.0,0.4,0.0
216,0.0,0.0,0.9315068493150684,0.0684931506849315
217,0.0,0.672566371681416,0.19469026548672566,0.13274336283185842
218,0.07017543859649122,0.8070175438596491,0.12280701754385964,0.0
219,0.10526315789473684,0.05263157894736842,0.8421052631578947,0.0
220,0.23529411764705882,0.0,0.0,0.7647058823529411
221,0.2857142857142857,0.0,0.4642857142857143,0.25
222,0.0,0.7638888888888888,0.2361111111111111,0.0
223,0.0,0.11428571428571428,0.8,0.08571428571428572
224,0.3103448275862069,0.5862068965517241,0.0,0.10344827586206896
225,0.0,0.1,0.8,0.1
226,0.0,0.3181818181818182,0.6818181818181818,0.0
227,0.15151515151515152,0.0,0.09090909090909091,0.7575757575757576
228,0.0,0.1875,0.3125,0.5
229,0.13043478260869565,0.0,0.17391304347826086,0.6956521739130435
230,0.32386363636363635,0.5227272727272727,0.0,0.1534090909090909
231,0.1,0.0,0.5363636363636364,0.36363636363636365
232,0.0,1.0,0.0,0.0
233,0.4166666666666667,0.35,0.0,0.23333333333333334
234,0.2,0.48,0.32,0.0
235,0.0,0.36363636363636365,0.03896103896103896,0.5974025974025974
236,0.07407407407407407,0.8148148148148148,0.1111111111111111,0.0
237,0.16666666666666666,0.0,0.16666666666666666,0.6666666666666666
238,0.2,0.2,0.6,0.0
239,0.08,0.08,0.84,0.0
240,0.28,0.0,0.72,0.0
241,0.0,0.0,0.625,0.375
242,0.0,0.11538461538461539,0.8461538461538461,0.038461538461538464
243,0.0,0.4166666666666667,0.25,0.3333333333333333
244,0.25,0.25,0.5,0.0
245,0.9245283018867925,0.05660377358490566,0.0,0.018867924528301886
246,0.0,0.04054054054054054,0.9459459459459459,0.013513513513513514
247,0.0,0.10588235294117647,0.29411764705882354,0.6
248,0.07692307692307693,0.0,0.11538461538461539,0.8076923076923077
249,0.0,0.24,0.64,0.12
250,0.7575757575757576,0.21212121212121213,0.0,0.030303030303030304
251,0.03296703296703297,0.0,0.07692307692307693,0.8901098901098901
252,0.0,0.0,0.75,0.25
253,0.0,0.0,1.0,0.0
254,0.3,0.6,0.0,0.1
255,0.0,0.8507462686567164,0.14925373134328357,0.0
256,0.15625,0.65625,0.0,0.1875
257,0.0,0.47368421052631576,0.2631578947368421,0.2631578947368421
258,0.2485207100591716,0.7100591715976331,0.0,0.04142011834319527
259,0.18823529411764706,0.0,0.18823529411764706,0.6235294117647059
260,0.0847457627118644,0.847457627118644,0.06779661016949153,0.0
261,,,,
262,0.0,0.6666666666666666,0.3333333333333333,0.0
263,0.41025641025641024,0.5256410256410257,0.0,0.0641025641025641
264,0.0,0.0,0.0,1.0
265,0.0,0.3333333333333333,0.6666666666666666,0.0
266,0.75,0.0,0.0,0.25
267,0.0,0.0,0.18181818181818182,0.8181818181818182
268,0.25,0.0,0.0,0.75
269,0.4444444444444444,0.3333333333333333,0.0,0.2222222222222222
270,0.16666666666666666,0.16666666666666666,0.0,0.6666666666666666
271,0.13333333333333333,0.0,0.8666666666666667,0.0
272,0.16494845360824742,0.8247422680412371,0.010309278350515464,0.0
273,0.6442307692307693,0.27884615384615385,0.0,0.07692307692307693
274,0.36363636363636365,0.45454545454545453,0.18181818181818182,0.0
275,0.3081761006289308,0.44025157232704404,0.0,0.25157232704402516
276,0.0,0.0,1.0,0.0
277,0.0,0.0,0.0,1.0
278,0.0,1.0,0.0,0.0
279,0.14285714285714285,0.8571428571428571,0.0,0.0
280,0.0,0.0625,0.03125,0.90625
281,0.03636363636363636,0.0,0.03636363636363636,0.9272727272727272
282,0.6666666666666666,0.0,0.3333333333333333,0.0
283,0.0,0.0,0.0,1.0
284,0.0,0.6666666666666666,0.3333333333333333,0.0
285,0.5833333333333334,0.0,0.0,0.4166666666666667
286,0.05714285714285714,0.0,0.05714285714285714,0.8857142857142857
287,0.5833333333333334,0.25,0.0,0.16666666666666666
288,0.0,0.5,0.5,0.0
289,0.8913043478260869,0.08695652173913043,0.0,0.021739130434782608
290,0.0,0.25,0.75,0.0
291,0.5,0.5,0.0,0.0
292,0.0,0.0,0.8,0.2
293,0.2,0.6,0.2,0.0
294,0.375,0.0,0.375,0.25
295,0.0,1.0,0.0,0.0
296,,,,
297,,,,
298,0.0,0.0,1.0,0.0
299,,,,
300,,,,
301,,,,
302,,,,
303,,,,
304,,,,
305,,,,
306,,,,
307,,,,
308,,,,
309,,,,
310,,,,
311,,,,
312,,,,
