,A,C,G,T
0,,,,
1,,,,
2,0.2857142857142857,0.7142857142857143,0.0,0.0
3,0.0,0.0,0.0,1.0
4,0.14285714285714285,0.7142857142857143,0.14285714285714285,0.0
5,0.3333333333333333,0.3333333333333333,0.0,0.3333333333333333
6,0.7777777777777778,0.0,0.1111111111111111,0.1111111111111111
7,0.0,0.0,0.75,0.25
8,0.7407407407407407,0.2222222222222222,0.0,0.037037037037037035
9,0.15384615384615385,0.0,0.07692307692307693,0.7692307692307693
10,,,,
11,1.0,0.0,0.0,0.0
12,0.0,0.0,0.0,1.0
13,0.5,0.25,0.25,0.0
14,0.5714285714285714,0.2857142857142857,0.0,0.14285714285714285
15,0.0,1.0,0.0,0.0
16,0.0,1.0,0.0,0.0
17,0.9090909090909091,0.09090909090909091,0.0,0.0
18,0.0,1.0,0.0,0.0
19,0.0,0.0,0.0,1.0
20,0.0,0.5,0.5,0.0
21,0.0,0.0,0.0,1.0
22,0.0,0.0,0.0,1.0
23,0.0,0.0,0.0,1.0
24,0.0,0.0,0.0,1.0
25,0.0,0.21428571428571427,0.07142857142857142,0.7142857142857143
26,0.0,0.0,0.0,1.0
27,0.6,0.4,0.0,0.0
28,0.29411764705882354,0.7058823529411765,0.0,0.0
29,0.09090909090909091,0.0,0.09090909090909091,0.8181818181818182
30,0.0,0.5,0.5,0.0
31,0.0,0.5,0.5,0.0
32,0.3333333333333333,0.0,0.0,0.6666666666666666
33,0.25,0.0,0.0,0.75
34,0.0,0.85,0.15,0.0
35,0.5,0.0,0.5,0.0
36,1.0,0.0,0.0,0.0
37,0.0,0.3333333333333333,0.6666666666666666,0.0
38,,,,
39,0.5,0.0,0.0,0.5
40,0.0,0.0,0.0,1.0
41,0.0,0.02857142857142857,0.9714285714285714,0.0
42,0.0,0.0,0.0,1.0
43,0.0,0.5,0.0,0.5
44,0.6666666666666666,0.0,0.0,0.3333333333333333
45,,,,
46,0.9,0.1,0.0,0.0
47,0.6,0.0,0.0,0.4
48,0.0,0.5,0.5,0.0
49,,,,
50,0.3333333333333333,0.0,0.0,0.6666666666666666
51,0.5,0.0,0.5,0.0
52,,,,
53,0.6,0.4,0.0,0.0
54,0.0,0.6666666666666666,0.16666666666666666,0.16666666666666666
55,0.0,0.5,0.0,0.5
56,0.0,0.6666666666666666,0.1111111111111111,0.2222222222222222
57,0.2,0.0,0.2,0.6
58,0.0,1.0,0.0,0.0
59,0.0,0.0,0.75,0.25
60,0.0,1.0,0.0,0.0
61,0.3333333333333333,0.0,0.6666666666666666,0.0
62,0.42857142857142855,0.0,0.0,0.5714285714285714
63,0.0,0.0,1.0,0.0
64,,,,
65,0.0,0.0,1.0,0.0
66,0.625,0.375,0.0,0.0
67,0.3333333333333333,0.0,0.0,0.6666666666666666
68,0.0,0.5,0.5,0.0
69,0.3333333333333333,0.0,0.0,0.6666666666666666
70,0.2,0.0,0.1,0.7
71,0.0,0.0,0.0,1.0
72,0.5,0.5,0.0,0.0
73,,,,
74,0.1,0.6,0.3,0.0
75,0.0,0.0,0.0,1.0
76,0.8333333333333334,0.0,0.0,0.16666666666666666
77,0.0,0.2222222222222222,0.5555555555555556,0.2222222222222222
78,0.5,0.0,0.5,0.0
79,0.5,0.5,0.0,0.0
80,0.0,0.0,0.25,0.75
81,0.0,0.5238095238095238,0.38095238095238093,0.09523809523809523
82,0.5,0.0,0.14285714285714285,0.35714285714285715
83,0.045454545454545456,0.0,0.09090909090909091,0.8636363636363636
84,0.6,0.3,0.1,0.0
85,0.25,0.25,0.5,0.0
86,0.0,0.0,0.3333333333333333,0.6666666666666666
87,0.0,0.14285714285714285,0.8571428571428571,0.0
88,0.3684210526315789,0.5789473684210527,0.0,0.05263157894736842
89,0.17142857142857143,0.4857142857142857,0.34285714285714286,0.0
90,0.0,0.24242424242424243,0.6666666666666666,0.09090909090909091
91,0.4931506849315068,0.4794520547945205,0.0,0.0273972602739726
92,0.2608695652173913,0.0,0.06521739130434782,0.6739130434782609
93,0.4117647058823529,0.5882352941176471,0.0,0.0
94,0.0,0.4666666666666667,0.06666666666666667,0.4666666666666667
95,0.0,0.42857142857142855,0.5714285714285714,0.0
96,0.11428571428571428,0.42857142857142855,0.0,0.45714285714285713
97,0.10714285714285714,0.0,0.7142857142857143,0.17857142857142858
98,0.05405405405405406,0.8648648648648649,0.08108108108108109,0.0
99,0.0,0.2222222222222222,0.2222222222222222,0.5555555555555556
100,,,,
101,0.625,0.25,0.0,0.125
102,0.05128205128205128,0.0,0.0,0.9487179487179487
103,0.0,0.4444444444444444,0.1111111111111111,0.4444444444444444
104,0.0,0.0,0.3333333333333333,0.6666666666666666
105,0.0,0.0,1.0,0.0
106,0.0,0.5,0.0,0.5
107,0.0,0.0,0.0,1.0
108,0.36363636363636365,0.5454545454545454,0.0,0.09090909090909091
109,,,,
110,0.0,0.0,0.6666666666666666,0.3333333333333333
111,0.0,0.0,0.0,1.0
112,0.0,0.0,0.0,1.0
113,0.0,0.0,0.75,0.25
114,,,,
115,0.0,0.0,1.0,0.0
116,0.0,0.0,0.0,1.0
117,0.13333333333333333,0.8,0.0,0.06666666666666667
118,0.0,0.0,0.0,1.0
119,0.0,0.8,0.2,0.0
120,,,,
121,,,,
122,0.0,0.07692307692307693,0.7692307692307693,0.15384615384615385
123,,,,
124,1.0,0.0,0.0,0.0
125,0.3333333333333333,0.16666666666666666,0.0,0.5
126,0.0,0.6666666666666666,0.3333333333333333,0.0
127,0.0,0.1,0.9,0.0
128,0.8333333333333334,0.0,0.0,0.16666666666666666
129,0.5714285714285714,0.42857142857142855,0.0,0.0
130,0.6666666666666666,0.3333333333333333,0.0,0.0
131,0.0,0.2,0.8,0.0
132,0.6,0.0,0.0,0.4
133,0.0,0.8571428571428571,0.14285714285714285,0.0
134,0.6666666666666666,0.0,0.0,0.3333333333333333
135,0.3333333333333333,0.6666666666666666,0.0,0.0
136,,,,
137,0.0,0.0,1.0,0.0
138,0.0,0.875,0.125,0.0
139,0.0,0.5263157894736842,0.2631578947368421,0.21052631578947367
140,0.2,0.0,0.8,0.0
141,0.36363636363636365,0.5454545454545454,0.0,0.09090909090909091
142,0.0,0.0,1.0,0.0
143,0.0,0.8666666666666667,0.13333333333333333,0.0
144,0.0,0.0,1.0,0.0
145,1.0,0.0,0.0,0.0
146,0.0,0.3333333333333333,0.2222222222222222,0.4444444444444444
147,0.5862068965517241,0.20689655172413793,0.0,0.20689655172413793
148,0.07142857142857142,0.0,0.6785714285714286,0.25
149,0.13333333333333333,0.6333333333333333,0.23333333333333334,0.0
150,0.0,0.3333333333333333,0.3333333333333333,0.3333333333333333
151,0.0,0.0,1.0,0.0
152,0.23809523809523808,0.5238095238095238,0.23809523809523808,0.0
153,0.0,0.0,1.0,0.0
154,0.17647058823529413,0.7058823529411765,0.0,0.11764705882352941
155,0.12,0.84,0.04,0.0
156,0.0,0.3333333333333333,0.4166666666666667,0.25
157,0.32558139534883723,0.6511627906976745,0.0,0.023255813953488372
158,0.0,0.5,0.5,0.0
159,0.0,0.05263157894736842,0.8157894736842105,0.13157894736842105
160,0.0,0.1111111111111111,0.8888888888888888,0.0
161,0.46153846153846156,0.38461538461538464,0.15384615384615385,0.0
162,0.0,0.0,0.0,1.0
163,0.5,0.1,0.0,0.4
164,0.5714285714285714,0.2857142857142857,0.0,0.14285714285714285
165,0.5625,0.40625,0.0,0.03125
166,0.6470588235294118,0.0784313725490196,0.0,0.27450980392156865
167,0.23529411764705882,0.23529411764705882,0.5294117647058824,0.0
168,0.0,0.09090909090909091,0.6060606060606061,0.30303030303030304
169,0.25757575757575757,0.5,0.0,0.24242424242424243
170,0.18518518518518517,0.0,0.07407407407407407,0.7407407407407407
171,0.0,0.5,0.5,0.0
172,0.3333333333333333,0.0,0.5,0.16666666666666666
173,0.0,0.2,0.4,0.4
174,0.42857142857142855,0.5,0.07142857142857142,0.0
175,0.0,0.17391304347826086,0.13043478260869565,0.6956521739130435
176,0.058823529411764705,0.5882352941176471,0.35294117647058826,0.0
177,0.0,0.7142857142857143,0.2857142857142857,0.0
178,0.0,0.0,1.0,0.0
179,0.2,0.8,0.0,0.0
180,0.25,0.5,0.0,0.25
181,0.03571428571428571,0.0,0.7857142857142857,0.17857142857142858
182,0.0,0.42857142857142855,0.42857142857142855,0.14285714285714285
183,0.0,0.0,0.0,1.0
184,0.0,0.5,0.5,0.0
185,0.08333333333333333,0.0,0.4166666666666667,0.5
186,0.0,0.0,1.0,0.0
187,0.5,0.0,0.0,0.5
188,0.0,0.7142857142857143,0.2857142857142857,0.0
189,0.5,0.0,0.0,0.5
190,0.0,1.0,0.0,0.0
191,1.0,0.0,0.0,0.0
192,0.0,0.5,0.25,0.25
193,0.0,0.18181818181818182,0.6363636363636364,0.18181818181818182
194,0.5,0.0,0.0,0.5
195,0.0,0.0,0.0,1.0
196,0.2857142857142857,0.7142857142857143,0.0,0.0
197,0.5,0.0,0.5,0.0
198,0.0,1.0,0.0,0.0
199,1.0,0.0,0.0,0.0
200,0.0,0.0,0.6666666666666666,0.3333333333333333
201,0.0,0.0,1.0,0.0
202,0.0,0.0,1.0,0.0
203,0.0,0.0,0.5,0.5
204,0.0,0.2,0.6,0.2
205,0.045454545454545456,0.0,0.22727272727272727,0.7272727272727273
206,1.0,0.0,0.0,0.0
207,0.0,0.0,1.0,0.0
208,,,,
209,0.5,0.0,0.25,0.25
210,0.0,0.0,1.0,0.0
211,0.08333333333333333,0.0,0.0,0.9166666666666666
212,0.0,0.0,1.0,0.0
213,0.0,0.5,0.0,0.5
214,0.9230769230769231,0.0,0.0,0.07692307692307693
215,0.0,0.3333333333333333,0.6666666666666666,0.0
216,0.0,1.0,0.0,0.0
217,,,,
218,0.6666666666666666,0.0,0.0,0.3333333333333333
219,0.0,0.0,0.8,0.2
220,0.0,0.95,0.05,0.0
221,0.07142857142857142,0.7142857142857143,0.21428571428571427,0.0
222,0.6,0.2,0.2,0.0
223,0.25,0.0,0.0,0.75
224,0.0,0.0,0.5714285714285714,0.42857142857142855
225,0.0,0.5,0.5,0.0
226,0.0,0.0,1.0,0.0
227,0.3333333333333333,0.3333333333333333,0.0,0.3333333333333333
228,0.0,0.0,0.8181818181818182,0.18181818181818182
229,0.0,0.1,0.8,0.1
230,0.3888888888888889,0.0,0.0,0.6111111111111112
231,0.0,0.0,0.6666666666666666,0.3333333333333333
232,0.0,0.0,0.0,1.0
233,0.7727272727272727,0.1590909090909091,0.0,0.06818181818181818
234,0.25925925925925924,0.0,0.4444444444444444,0.2962962962962963
235,1.0,0.0,0.0,0.0
236,0.6666666666666666,0.14285714285714285,0.0,0.19047619047619047
237,0.0,0.18181818181818182,0.8181818181818182,0.0
238,0.0,0.045454545454545456,0.2727272727272727,0.6818181818181818
239,0.0,0.0,1.0,0.0
240,0.5,0.0,0.0,0.5
241,,,,
242,0.0,0.7,0.3,0.0
243,0.25,0.0,0.75,0.0
244,,,,
245,0.0,0.125,0.75,0.125
246,0.0,0.1111111111111111,0.2222222222222222,0.6666666666666666
247,0.0,0.0,1.0,0.0
248,0.0,0.0,0.0,1.0
249,0.7272727272727273,0.18181818181818182,0.0,0.09090909090909091
250,0.8,0.12,0.0,0.08
251,0.25,0.0,0.125,0.625
252,0.0,0.1111111111111111,0.8888888888888888,0.0
253,0.3333333333333333,0.6666666666666666,0.0,0.0
254,0.2222222222222222,0.0,0.0,0.7777777777777778
255,0.0,0.0,0.14285714285714285,0.8571428571428571
256,,,,
257,0.2,0.2,0.0,0.6
258,0.0,0.8333333333333334,0.16666666666666666,0.0
259,0.6666666666666666,0.3333333333333333,0.0,0.0
260,,,,
261,0.4696969696969697,0.48484848484848486,0.0,0.045454545454545456
262,0.1,0.0,0.05,0.85
263,0.5,0.5,0.0,0.0
264,0.0,0.0,0.0,1.0
265,0.0,1.0,0.0,0.0
266,0.3103448275862069,0.6896551724137931,0.0,0.0
267,1.0,0.0,0.0,0.0
268,,,,
269,0.0,0.0,0.0,1.0
270,0.0,0.07142857142857142,0.35714285714285715,0.5714285714285714
271,0.030303030303030304,0.9696969696969697,0.0,0.0
272,0.25,0.25,0.0,0.5
273,0.0,0.0,0.0,1.0
274,0.0,0.0,0.8260869565217391,0.17391304347826086
275,0.1,0.8,0.1,0.0
276,0.9,0.1,0.0,0.0
277,,,,
278,0.31645569620253167,0.5569620253164557,0.0,0.12658227848101267
279,,,,
280,0.0,0.0,0.5,0.5
281,0.0,0.9473684210526315,0.05263157894736842,0.0
282,0.0,0.5,0.5,0.0
283,0.0,0.0,0.16666666666666666,0.8333333333333334
284,0.0,0.0,0.04,0.96
285,0.0,0.0,1.0,0.0
286,0.3333333333333333,0.0,0.0,0.6666666666666666
287,0.0,0.5,0.5,0.0
288,0.25,0.0,0.0,0.75
289,0.18181818181818182,0.0,0.36363636363636365,0.45454545454545453
290,0.0,0.3333333333333333,0.0,0.6666666666666666
291,0.0,0.5714285714285714,0.42857142857142855,0.0
292,,,,
293,0.0,0.0,1.0,0.0
294,0.0,0.0,0.0,1.0
295,0.0,0.0,1.0,0.0
296,0.25,0.0,0.75,0.0
297,,,,
298,,,,
299,,,,
300,0.0,0.0,1.0,0.0
301,0.0,0.0,1.0,0.0
302,,,,
303,,,,
304,,,,
305,,,,
306,,,,
307,,,,
308,,,,
309,,,,
310,,,,
311,,,,
312,,,,
313,,,,
314,,,,
315,,,,
