,A,C,G,T
0,,,,
1,,,,
2,,,,
3,0.0,1.0,0.0,0.0
4,,,,
5,,,,
6,1.0,0.0,0.0,0.0
7,0.0,0.5,0.5,0.0
8,1.0,0.0,0.0,0.0
9,0.0,0.0,0.0,1.0
10,,,,
11,0.8,0.2,0.0,0.0
12,,,,
13,,,,
14,1.0,0.0,0.0,0.0
15,0.0,1.0,0.0,0.0
16,,,,
17,,,,
18,,,,
19,0.0,0.0,1.0,0.0
20,0.0,1.0,0.0,0.0
21,,,,
22,,,,
23,,,,
24,0.0,0.0,1.0,0.0
25,1.0,0.0,0.0,0.0
26,0.0,1.0,0.0,0.0
27,,,,
28,0.0,1.0,0.0,0.0
29,0.0,0.0,0.5,0.5
30,0.0,0.0,1.0,0.0
31,,,,
32,1.0,0.0,0.0,0.0
33,0.0,0.0,0.0,1.0
34,,,,
35,0.0,0.0,0.0,1.0
36,0.0,1.0,0.0,0.0
37,0.0,1.0,0.0,0.0
38,,,,
39,,,,
40,,,,
41,0.0,1.0,0.0,0.0
42,,,,
43,,,,
44,1.0,0.0,0.0,0.0
45,,,,
46,0.0,0.0,1.0,0.0
47,,,,
48,0.0,0.0,0.0,1.0
49,,,,
50,1.0,0.0,0.0,0.0
51,,,,
52,,,,
53,,,,
54,1.0,0.0,0.0,0.0
55,,,,
56,0.0,0.0,1.0,0.0
57,0.0,0.0,1.0,0.0
58,,,,
59,,,,
60,0.0,0.0,0.0,1.0
61,0.06666666666666667,0.9333333333333333,0.0,0.0
62,0.0,0.0,0.0,1.0
63,,,,
64,,,,
65,,,,
66,0.0,0.0,0.0,1.0
67,0.0,0.0,0.0,1.0
68,0.0,1.0,0.0,0.0
69,,,,
70,,,,
71,,,,
72,0.0,0.0,1.0,0.0
73,1.0,0.0,0.0,0.0
74,,,,
75,0.0,0.0,0.0,1.0
76,0.0,0.0,0.0,1.0
77,1.0,0.0,0.0,0.0
78,0.0,0.0,0.0,1.0
79,0.0,0.0,0.8333333333333334,0.16666666666666666
80,0.5,0.0,0.0,0.5
81,0.5,0.5,0.0,0.0
82,0.0,0.0,0.0,1.0
83,0.0,0.0,0.3333333333333333,0.6666666666666666
84,0.0,0.8,0.2,0.0
85,0.0,1.0,0.0,0.0
86,0.3333333333333333,0.0,0.3333333333333333,0.3333333333333333
87,0.0,0.0,0.8,0.2
88,0.6666666666666666,0.3333333333333333,0.0,0.0
89,0.0,0.0,0.25,0.75
90,0.0,0.14285714285714285,0.8571428571428571,0.0
91,0.0,1.0,0.0,0.0
92,0.0,1.0,0.0,0.0
93,0.0,0.0,0.0,1.0
94,0.375,0.5,0.0,0.125
95,0.0,1.0,0.0,0.0
96,0.0,0.07692307692307693,0.0,0.9230769230769231
97,0.0,0.4,0.0,0.6
98,0.0,0.0,0.3333333333333333,0.6666666666666666
99,,,,
100,0.75,0.125,0.0,0.125
101,0.0,0.8,0.0,0.2
102,1.0,0.0,0.0,0.0
103,,,,
104,0.0,0.0,1.0,0.0
105,0.0,0.0,1.0,0.0
106,0.0625,0.125,0.8125,0.0
107,0.0,0.0,0.5,0.5
108,,,,
109,,,,
110,,,,
111,1.0,0.0,0.0,0.0
112,,,,
113,,,,
114,,,,
115,1.0,0.0,0.0,0.0
116,0.14285714285714285,0.0,0.42857142857142855,0.42857142857142855
117,,,,
118,0.0,0.0,1.0,0.0
119,1.0,0.0,0.0,0.0
120,0.125,0.0,0.375,0.5
121,,,,
122,,,,
123,,,,
124,,,,
125,0.0,0.4,0.2,0.4
126,,,,
127,,,,
128,1.0,0.0,0.0,0.0
129,0.0,1.0,0.0,0.0
130,,,,
131,,,,
132,,,,
133,0.0,1.0,0.0,0.0
134,0.6666666666666666,0.3333333333333333,0.0,0.0
135,1.0,0.0,0.0,0.0
136,,,,
137,1.0,0.0,0.0,0.0
138,0.0,1.0,0.0,0.0
139,,,,
140,1.0,0.0,0.0,0.0
141,,,,
142,1.0,0.0,0.0,0.0
143,0.0,0.0,0.0,1.0
144,,,,
145,,,,
146,0.25,0.75,0.0,0.0
147,0.0,0.0,0.0,1.0
148,,,,
149,0.625,0.375,0.0,0.0
150,0.3333333333333333,0.13333333333333333,0.0,0.5333333333333333
151,0.0,0.0,0.6,0.4
152,0.0,0.21428571428571427,0.07142857142857142,0.7142857142857143
153,0.0,0.0,0.25,0.75
154,0.0,0.0,1.0,0.0
155,0.0,0.0,0.0,1.0
156,0.36363636363636365,0.0,0.0,0.6363636363636364
157,0.0,0.0,1.0,0.0
158,0.0,1.0,0.0,0.0
159,0.1,0.0,0.2,0.7
160,0.0,0.0,0.4,0.6
161,0.75,0.25,0.0,0.0
162,0.0,1.0,0.0,0.0
163,0.6666666666666666,0.3333333333333333,0.0,0.0
164,0.0,1.0,0.0,0.0
165,,,,
166,0.0,1.0,0.0,0.0
167,0.375,0.0,0.0,0.625
168,0.0,1.0,0.0,0.0
169,0.6363636363636364,0.36363636363636365,0.0,0.0
170,1.0,0.0,0.0,0.0
171,0.0,0.0,1.0,0.0
172,,,,
173,1.0,0.0,0.0,0.0
174,0.8333333333333334,0.16666666666666666,0.0,0.0
175,0.0,0.0,0.0,1.0
176,0.0,0.0,0.0,1.0
177,,,,
178,,,,
179,0.0,0.0,0.0,1.0
180,,,,
181,0.0,0.0,1.0,0.0
182,0.0,0.0,0.0,1.0
183,0.0,0.0,0.0,1.0
184,0.0,0.0,0.0,1.0
185,0.0,1.0,0.0,0.0
186,,,,
187,,,,
188,,,,
189,,,,
190,,,,
191,0.3333333333333333,0.0,0.0,0.6666666666666666
192,0.0,0.3333333333333333,0.6666666666666666,0.0
193,0.0,0.0,1.0,0.0
194,0.0,1.0,0.0,0.0
195,0.0,0.6,0.4,0.0
196,0.5,0.5,0.0,0.0
197,,,,
198,,,,
199,,,,
200,,,,
201,0.0,0.3125,0.6875,0.0
202,,,,
203,,,,
204,0.0,0.0,0.0,1.0
205,0.0,0.0,0.75,0.25
206,0.75,0.0,0.0,0.25
207,0.0,0.5,0.5,0.0
208,,,,
209,0.23076923076923078,0.07692307692307693,0.0,0.6923076923076923
210,,,,
211,0.0,0.0,0.0,1.0
212,1.0,0.0,0.0,0.0
213,0.8888888888888888,0.1111111111111111,0.0,0.0
214,0.8181818181818182,0.18181818181818182,0.0,0.0
215,0.0,0.0,1.0,0.0
216,,,,
217,,,,
218,,,,
219,,,,
220,0.0,0.0,0.5,0.5
221,,,,
222,,,,
223,,,,
224,0.0,0.0,1.0,0.0
225,,,,
226,0.9285714285714286,0.07142857142857142,0.0,0.0
227,0.0,1.0,0.0,0.0
228,,,,
229,0.0,0.0,1.0,0.0
230,0.0,0.0,1.0,0.0
231,,,,
232,0.0,0.0,1.0,0.0
233,0.0,1.0,0.0,0.0
234,1.0,0.0,0.0,0.0
235,,,,
236,0.0,0.0,0.0,1.0
237,,,,
238,,,,
239,0.0,0.0,0.0,1.0
240,,,,
241,,,,
242,1.0,0.0,0.0,0.0
243,0.0,1.0,0.0,0.0
244,0.0,0.6,0.4,0.0
245,0.0,1.0,0.0,0.0
246,0.0,0.0,0.0,1.0
247,,,,
248,,,,
249,0.0,0.0,1.0,0.0
250,0.0,1.0,0.0,0.0
251,0.4,0.0,0.0,0.6
252,,,,
253,,,,
254,,,,
255,0.0,1.0,0.0,0.0
256,,,,
257,,,,
258,0.0,0.0,0.0,1.0
259,,,,
260,,,,
261,,,,
262,,,,
263,,,,
264,0.6,0.0,0.0,0.4
265,,,,
266,0.0,0.0,1.0,0.0
267,,,,
268,,,,
269,0.0,0.0,0.0,1.0
270,0.0,0.0,0.0,1.0
271,,,,
272,,,,
273,,,,
274,1.0,0.0,0.0,0.0
275,0.0,0.0,0.3333333333333333,0.6666666666666666
276,1.0,0.0,0.0,0.0
277,,,,
278,0.3333333333333333,0.16666666666666666,0.0,0.5
279,,,,
280,,,,
281,,,,
282,,,,
283,0.0,0.0,0.0,1.0
284,,,,
285,,,,
286,,,,
287,,,,
288,,,,
289,,,,
290,,,,
291,,,,
292,,,,
293,,,,
294,,,,
295,,,,
296,,,,
297,,,,
298,,,,
299,,,,
300,,,,
301,,,,
302,,,,
303,,,,
304,,,,
305,,,,
306,,,,
