,A,C,G,T
0,,,,
1,,,,
2,0.53035413153457,0.38701517706576727,0.0,0.08263069139966273
3,0.647450110864745,0.1352549889135255,0.0,0.21729490022172948
4,0.30138445154419596,0.46645367412140576,0.2321618743343983,0.0
5,0.4678111587982833,0.21888412017167383,0.0,0.3133047210300429
6,0.5066864784546805,0.0,0.13967310549777118,0.3536404160475483
7,0.0,0.17183462532299743,0.5465116279069767,0.28165374677002586
8,0.6732006125574272,0.2450229709035222,0.0,0.08177641653905053
9,0.10510099281068128,0.0,0.23553577541937692,0.6593632317699418
10,0.16058394160583941,0.6423357664233577,0.19708029197080293,0.0
11,0.45604395604395603,0.2692307692307692,0.0,0.27472527472527475
12,0.3629764065335753,0.2595281306715064,0.0,0.37749546279491836
13,0.3992248062015504,0.5503875968992248,0.050387596899224806,0.0
14,0.4425531914893617,0.15531914893617021,0.0,0.4021276595744681
15,0.05182341650671785,0.7543186180422264,0.0,0.19385796545105566
16,0.0,0.5708154506437768,0.13733905579399142,0.2918454935622318
17,0.741690408357075,0.15859449192782527,0.0,0.09971509971509972
18,0.35625,0.31875,0.325,0.0
19,0.28104575163398693,0.0,0.0915032679738562,0.6274509803921569
20,0.10380116959064327,0.20321637426900585,0.6929824561403509,0.0
21,0.1935483870967742,0.12903225806451613,0.0,0.6774193548387096
22,0.1896551724137931,0.10344827586206896,0.0,0.7068965517241379
23,0.3444730077120823,0.2776349614395887,0.0,0.37789203084832906
24,0.1554054054054054,0.11486486486486487,0.0,0.7297297297297297
25,0.1497005988023952,0.2994011976047904,0.0,0.5508982035928144
26,0.0,0.363855421686747,0.5084337349397591,0.12771084337349398
27,0.5969827586206896,0.25646551724137934,0.0,0.14655172413793102
28,0.9022556390977443,0.0,0.0,0.09774436090225563
29,0.21487603305785125,0.0,0.428099173553719,0.35702479338842974
30,0.05239179954441914,0.7099468488990129,0.23766135155656795,0.0
31,0.05291970802919708,0.7262773722627737,0.2208029197080292,0.0
32,0.5549084858569051,0.36605657237936773,0.0,0.07903494176372712
33,0.6732101616628176,0.197459584295612,0.0,0.12933025404157045
34,0.15458015267175573,0.7232824427480916,0.12213740458015267,0.0
35,0.0,0.3079549334243769,0.49607374530556503,0.19597132127005804
36,0.0,0.39988151658767773,0.5592417061611374,0.04087677725118483
37,0.0,0.2623655913978495,0.6505376344086021,0.08709677419354839
38,0.41655359565807326,0.43283582089552236,0.0,0.15061058344640435
39,0.2905982905982906,0.0,0.22507122507122507,0.4843304843304843
40,0.38524590163934425,0.0,0.2540983606557377,0.36065573770491804
41,0.01567858892699657,0.029642332190102892,0.9546790788829005,0.0
42,0.6899441340782123,0.061452513966480445,0.0,0.24860335195530725
43,0.3112244897959184,0.2653061224489796,0.0,0.42346938775510207
44,0.6460280373831776,0.1261682242990654,0.0,0.22780373831775702
45,0.38285714285714284,0.15428571428571428,0.0,0.46285714285714286
46,0.9225352112676056,0.036384976525821594,0.0,0.04107981220657277
47,0.49921011058451814,0.358609794628752,0.0,0.14218009478672985
48,0.48026315789473684,0.20723684210526316,0.3125,0.0
49,0.45454545454545453,0.0,0.24242424242424243,0.30303030303030304
50,0.3794466403162055,0.0,0.2437417654808959,0.37681159420289856
51,0.3132530120481928,0.0,0.3855421686746988,0.30120481927710846
52,0.3287671232876712,0.2009132420091324,0.4703196347031963,0.0
53,0.18739744010502132,0.4903183459140138,0.3222842139809649,0.0
54,0.0,0.6633906633906634,0.2972972972972973,0.03931203931203931
55,0.25704225352112675,0.6690140845070423,0.0,0.07394366197183098
56,0.0,0.4492099322799097,0.435665914221219,0.11512415349887133
57,0.228,0.0,0.688,0.084
58,0.10628019323671498,0.46859903381642515,0.4251207729468599,0.0
59,0.2097902097902098,0.0,0.46853146853146854,0.32167832167832167
60,0.211864406779661,0.35084745762711866,0.43728813559322033,0.0
61,0.4304635761589404,0.0,0.23178807947019867,0.33774834437086093
62,0.3006369426751592,0.0,0.21528662420382166,0.4840764331210191
63,0.06930693069306931,0.22772277227722773,0.7029702970297029,0.0
64,0.20270270270270271,0.12162162162162163,0.0,0.6756756756756757
65,0.013994910941475827,0.8549618320610687,0.13104325699745548,0.0
66,0.6498724489795918,0.04528061224489796,0.0,0.3048469387755102
67,0.2702614379084967,0.0,0.11895424836601307,0.6107843137254902
68,0.0,0.2635294117647059,0.46352941176470586,0.27294117647058824
69,0.7769328263624842,0.07097591888466413,0.0,0.1520912547528517
70,0.03403034030340303,0.0,0.33579335793357934,0.6301763017630176
71,0.16084788029925187,0.0,0.49002493765586036,0.3491271820448878
72,0.22410147991543342,0.3763213530655391,0.39957716701902746,0.0
73,0.3713355048859935,0.0,0.1270358306188925,0.501628664495114
74,0.22210849539406347,0.4534288638689867,0.32446264073694986,0.0
75,0.5270758122743683,0.26353790613718414,0.0,0.20938628158844766
76,0.6722306525037937,0.17602427921092564,0.0,0.15174506828528073
77,0.0,0.46710526315789475,0.38377192982456143,0.14912280701754385
78,0.27423535510627267,0.5593571798859512,0.16640746500777606,0.0
79,0.1987179487179487,0.5491452991452992,0.25213675213675213,0.0
80,0.26790697674418606,0.0,0.2158139534883721,0.5162790697674419
81,0.0,0.483710407239819,0.37104072398190047,0.14524886877828055
82,0.2688872797489742,0.0,0.4554670528602462,0.2756456673907796
83,0.16972236773179675,0.7113672079622839,0.11891042430591933,0.0
84,0.14929328621908128,0.4734982332155477,0.37720848056537104,0.0
85,0.20359281437125748,0.5059880239520959,0.2904191616766467,0.0
86,0.18594791035735916,0.0,0.11871592973955179,0.6953361599030891
87,0.0,0.35790980672870437,0.44810307802433785,0.19398711524695778
88,0.43605359317904996,0.47485644684183054,0.0,0.08908995997911955
89,0.4016277423920736,0.3453644727530078,0.2530077848549186,0.0
90,0.0,0.15423184917769756,0.7302446851183313,0.11552346570397112
91,0.0,0.38181818181818183,0.4480808080808081,0.1701010101010101
92,0.11516362727954034,0.0,0.2645515863102673,0.6202847864101924
93,0.47281921618204803,0.18520859671302148,0.0,0.3419721871049305
94,0.20298047276464543,0.0,0.16135662898252826,0.6356628982528263
95,0.29759036144578316,0.0,0.28313253012048195,0.41927710843373495
96,0.19457735247208932,0.41467304625199364,0.39074960127591707,0.0
97,0.551094890510949,0.18126520681265207,0.0,0.26763990267639903
98,0.10353227771010962,0.6297198538367844,0.0,0.26674786845310594
99,0.0,0.5933636955107352,0.19908913467794404,0.20754716981132076
100,0.12871287128712872,0.32673267326732675,0.5445544554455446,0.0
101,0.3409090909090909,0.2727272727272727,0.0,0.38636363636363635
102,0.0,0.3532846715328467,0.4905109489051095,0.1562043795620438
103,0.38217338217338215,0.5726495726495726,0.0,0.045177045177045176
104,0.0414538900570742,0.0,0.09312105737458697,0.8654250525683388
105,0.06206896551724138,0.2413793103448276,0.696551724137931,0.0
106,0.06837606837606838,0.17094017094017094,0.0,0.7606837606837606
107,0.14893617021276595,0.14893617021276595,0.0,0.7021276595744681
108,0.49019607843137253,0.18137254901960784,0.0,0.3284313725490196
109,0.047244094488188976,0.5708661417322834,0.38188976377952755,0.0
110,0.2993421052631579,0.0,0.33223684210526316,0.3684210526315789
111,0.35,0.0,0.42916666666666664,0.22083333333333333
112,0.35398230088495575,0.18584070796460178,0.0,0.46017699115044247
113,0.23449612403100775,0.0,0.23255813953488372,0.5329457364341085
114,0.6027397260273972,0.0,0.1461187214611872,0.2511415525114155
115,0.0,0.26180257510729615,0.5021459227467812,0.23605150214592274
116,0.5805243445692884,0.27715355805243447,0.0,0.14232209737827714
117,0.47868623340321453,0.24109014675052412,0.0,0.2802236198462614
118,0.06099815157116451,0.0,0.2948243992606285,0.6441774491682071
119,0.10933940774487472,0.6195899772209568,0.27107061503416857,0.0
120,0.3010752688172043,0.0,0.40860215053763443,0.2903225806451613
121,0.5906735751295337,0.0,0.10880829015544041,0.3005181347150259
122,0.0,0.2773809523809524,0.5154761904761904,0.20714285714285716
123,0.45864661654135336,0.22556390977443608,0.0,0.3157894736842105
124,0.508,0.264,0.0,0.228
125,0.647673314339981,0.21652421652421652,0.0,0.13580246913580246
126,0.0,0.32967032967032966,0.6295133437990581,0.04081632653061224
127,0.0,0.1510957324106113,0.7889273356401384,0.05997693194925029
128,0.451063829787234,0.09787234042553192,0.0,0.451063829787234
129,0.34824281150159747,0.268370607028754,0.0,0.38338658146964855
130,0.2235294117647059,0.28627450980392155,0.0,0.49019607843137253
131,0.5596153846153846,0.29134615384615387,0.0,0.14903846153846154
132,0.3465491923641703,0.0,0.35389133627019087,0.29955947136563876
133,0.06205250596658711,0.45465393794749404,0.48329355608591884,0.0
134,0.3723577235772358,0.27479674796747966,0.0,0.35284552845528455
135,0.19444444444444445,0.5376984126984127,0.0,0.26785714285714285
136,0.0,0.1388235294117647,0.7611764705882353,0.1
137,0.8200493015612161,0.06655710764174198,0.0,0.11339359079704191
138,0.1076388888888889,0.05381944444444445,0.8385416666666666,0.0
139,0.3560311284046693,0.0914396887159533,0.0,0.5525291828793775
140,0.16666666666666666,0.43373493975903615,0.0,0.39959839357429716
141,0.5594533029612756,0.3726651480637813,0.0,0.06788154897494306
142,0.13813813813813813,0.1021021021021021,0.7597597597597597,0.0
143,0.19474313022700118,0.44802867383512546,0.35722819593787336,0.0
144,0.29603729603729606,0.12121212121212122,0.0,0.5827505827505828
145,0.08715953307392996,0.7929961089494163,0.0,0.1198443579766537
146,0.38153428377460963,0.0,0.16021724372029872,0.45824847250509165
147,0.5951807228915663,0.0,0.2289156626506024,0.17590361445783131
148,0.5368782161234992,0.02144082332761578,0.0,0.44168096054888506
149,0.25834326579261024,0.5137067938021455,0.22794994040524433,0.0
150,0.0,0.19554455445544555,0.6542904290429042,0.15016501650165018
151,0.18655692729766804,0.1673525377229081,0.6460905349794238,0.0
152,0.22228320526893525,0.5175631174533479,0.2601536772777168,0.0
153,0.0,0.6990654205607477,0.0,0.30093457943925234
154,0.0,0.13680494263018536,0.733892321270962,0.1293027360988526
155,0.0,0.1282458929517753,0.7652358240593534,0.10651828298887123
156,0.0,0.2281795511221945,0.6502493765586035,0.121571072319202
157,0.26688524590163937,0.5990163934426229,0.0,0.13409836065573771
158,0.12031449990857561,0.0,0.27171329310660086,0.6079722069848236
159,0.0,0.27900763358778624,0.6400763358778626,0.08091603053435115
160,0.0,0.28789531079607417,0.5143584151217739,0.19774627408215195
161,0.0,0.2417610710607621,0.4984552008238929,0.259783728115345
162,0.0,0.1679972821471038,0.6409036860879905,0.19109903176490572
163,0.16149268135756795,0.0,0.4847997426411452,0.35370757600128677
164,0.3157894736842105,0.2803203661327231,0.40389016018306634,0.0
165,0.4167699297810822,0.34613795952085913,0.0,0.23709211069805866
166,0.0,0.38140703517587937,0.4829145728643216,0.135678391959799
167,0.33128319821079116,0.4405926754263349,0.2281241263628739,0.0
168,0.4572784810126582,0.25158227848101267,0.0,0.2911392405063291
169,0.6314797360980208,0.2469368520263902,0.0,0.12158341187558906
170,0.26158536585365855,0.4292682926829268,0.30914634146341463,0.0
171,0.33134328358208953,0.12835820895522387,0.0,0.5402985074626866
172,0.6756349006789037,0.264269549911994,0.0,0.06009554940910234
173,0.5119196988707654,0.30489335006273527,0.0,0.18318695106649938
174,0.0,0.1649371927908247,0.6810486073184052,0.15401419989077006
175,0.5030084235860409,0.0,0.26714801444043323,0.22984356197352587
176,0.0,0.22927387078330475,0.5408805031446541,0.22984562607204118
177,0.0,0.13997760358342665,0.7648376259798432,0.09518477043673013
178,0.10252100840336134,0.0,0.20941176470588235,0.6880672268907563
179,0.0,0.21608725289706884,0.4832992501704158,0.3006134969325153
180,0.3216332378223496,0.4813753581661891,0.0,0.1969914040114613
181,0.0,0.42778541953232463,0.2764786795048143,0.29573590096286106
182,0.255006129955047,0.0,0.5038823048630977,0.24111156518185534
183,0.17464788732394365,0.45492957746478874,0.3704225352112676,0.0
184,0.0,0.20356472795497185,0.14540337711069418,0.651031894934334
185,0.10391978122151321,0.0,0.09845031905195989,0.7976298997265269
186,0.481218993621545,0.24663359319631467,0.0,0.2721474131821403
187,0.135,0.0,0.66,0.205
188,0.311614730878187,0.5127478753541076,0.17563739376770537,0.0
189,0.5460574797347089,0.2778187177597642,0.0,0.1761238025055269
190,0.43113207547169813,0.0,0.31981132075471697,0.2490566037735849
191,0.0,0.16242864556305137,0.4945511157239232,0.34302023871302545
192,0.1314314824248599,0.0,0.3652572592969944,0.5033112582781457
193,0.3113207547169811,0.0,0.18081761006289307,0.5078616352201258
194,0.3609865470852018,0.0,0.13004484304932734,0.5089686098654709
195,0.3687214611872146,0.4474885844748858,0.0,0.18378995433789955
196,0.10067114093959731,0.5251677852348994,0.37416107382550334,0.0
197,0.39204545454545453,0.317550505050505,0.0,0.2904040404040404
198,0.0,0.4238975817923186,0.5590327169274538,0.017069701280227598
199,0.0,0.1398161586840832,0.8074504112239961,0.052733430091920656
200,0.0,0.17654808959156784,0.6824769433465085,0.14097496706192358
201,0.37037037037037035,0.1728395061728395,0.0,0.4567901234567901
202,0.8489405331510594,0.07382091592617908,0.0,0.07723855092276145
203,0.41359773371104813,0.0,0.3101983002832861,0.2762039660056657
204,0.0,0.7085427135678392,0.228643216080402,0.06281407035175879
205,0.43884892086330934,0.1618705035971223,0.0,0.39928057553956836
206,0.0,0.08358662613981763,0.8677811550151976,0.0486322188449848
207,0.37412095639943743,0.180028129395218,0.44585091420534456,0.0
208,0.28174603174603174,0.1388888888888889,0.5793650793650794,0.0
209,0.2717678100263852,0.0,0.0633245382585752,0.6649076517150396
210,0.0,0.0811554332874828,0.38651994497936726,0.53232462173315
211,0.1058055650979045,0.0,0.32669185846788046,0.5675025764342151
212,0.3333333333333333,0.0,0.1567251461988304,0.5099415204678363
213,0.0,0.2356746765249538,0.6081330868761553,0.15619223659889095
214,0.21103896103896103,0.2532467532467532,0.5357142857142857,0.0
215,0.12380952380952381,0.0,0.22913165266106442,0.6470588235294118
216,0.38181818181818183,0.08831168831168831,0.5298701298701298,0.0
217,0.2828054298642534,0.0,0.1493212669683258,0.5678733031674208
218,0.0,0.509142053445851,0.36779184247538677,0.12306610407876231
219,0.0,0.720226843100189,0.23440453686200377,0.045368620037807186
220,0.5406593406593406,0.2835164835164835,0.0,0.17582417582417584
221,0.0,0.1017293997965412,0.8636826042726348,0.03458799593082401
222,0.47680412371134023,0.3427835051546392,0.0,0.18041237113402062
223,0.0,0.3923444976076555,0.4880382775119617,0.11961722488038277
224,0.10154798761609907,0.7863777089783281,0.11207430340557276,0.0
225,0.625,0.16741071428571427,0.0,0.20758928571428573
226,0.0,0.4921875,0.25,0.2578125
227,0.0989804587935429,0.7731520815632965,0.12786745964316057,0.0
228,0.1915204678362573,0.20321637426900585,0.6052631578947368,0.0
229,0.2698412698412698,0.0,0.1765873015873016,0.5535714285714286
230,0.0,0.361003861003861,0.49163449163449163,0.14736164736164736
231,0.0,0.3816463174478141,0.5986608901142182,0.019692792437967704
232,0.0,0.30757159670459006,0.56414280109847,0.12828560219693996
233,0.0,0.14481946624803768,0.7912087912087912,0.06397174254317112
234,0.0,0.14360687022900764,0.7729007633587787,0.08349236641221373
235,0.0,0.32201203783319005,0.6444539982803096,0.03353396388650043
236,0.12045388420133837,0.0,0.20773930753564154,0.6718068082630201
237,0.0,0.15717092337917485,0.5284872298624754,0.3143418467583497
238,0.08680420397041651,0.0,0.0685091475282211,0.8446866485013624
239,0.5905856595511768,0.21419449005655902,0.0,0.1952198503922642
240,0.12277227722772277,0.0,0.5108910891089109,0.36633663366336633
241,0.1875,0.45588235294117646,0.35661764705882354,0.0
242,0.46527551353113794,0.2742093250733616,0.0,0.2605151613955005
243,0.1318242343541944,0.5832223701731025,0.28495339547270304,0.0
244,0.0,0.1359447004608295,0.03192890059249506,0.8321263989466754
245,0.05583756345177665,0.7322335025380711,0.21192893401015228,0.0
246,0.07188295165394402,0.0,0.10368956743002544,0.8244274809160306
247,0.203125,0.1484375,0.6484375,0.0
248,0.5197865718096932,0.3277012005335705,0.0,0.15251222765673633
249,0.14734480179506357,0.0,0.8137621540762902,0.03889304412864622
250,0.0,0.13564668769716087,0.45425867507886436,0.41009463722397477
251,0.0,0.38352570828961174,0.5041972717733473,0.11227701993704092
252,0.0,0.4539249146757679,0.19226393629124006,0.35381114903299204
253,0.16766467065868262,0.32335329341317365,0.5089820359281437,0.0
254,0.48536209553158705,0.3389830508474576,0.0,0.17565485362095531
255,0.0,0.12833061446438282,0.800978792822186,0.07069059271343121
256,0.0,0.26801667659321027,0.6599166170339488,0.07206670637284097
257,0.06994219653179191,0.0,0.1791907514450867,0.7508670520231214
258,0.0,0.15032080659945005,0.7827681026581118,0.06691109074243813
259,0.7316896301667876,0.21682378535170413,0.0,0.05148658448150834
260,0.5445544554455446,0.0,0.45544554455445546,0.0
261,0.31343283582089554,0.0,0.43582089552238806,0.2507462686567164
262,0.152317880794702,0.3509933774834437,0.4966887417218543,0.0
263,0.48700410396716826,0.2585499316005472,0.0,0.25444596443228457
264,0.0,0.4564723694171082,0.5215745647236941,0.02195306585919758
265,0.0,0.216006216006216,0.7191142191142191,0.06487956487956488
266,0.0,0.1461756373937677,0.7529745042492918,0.1008498583569405
267,0.0,0.21598062953995156,0.6847457627118644,0.09927360774818401
268,0.07511973783715654,0.0,0.2732543483740862,0.6516259137887572
269,0.12535344015080113,0.0,0.3901979264844486,0.48444863336475025
270,0.4158415841584158,0.15841584158415842,0.0,0.42574257425742573
271,0.0,0.5,0.4685714285714286,0.03142857142857143
272,0.42498179169701383,0.4989075018208303,0.0,0.07611070648215586
273,0.3258426966292135,0.1348314606741573,0.0,0.5393258426966292
274,0.0,0.40540540540540543,0.32432432432432434,0.2702702702702703
275,0.2297650130548303,0.0,0.09138381201044386,0.6788511749347258
276,0.0,0.03678474114441417,0.4032697547683924,0.5599455040871935
277,0.4585987261146497,0.0,0.21019108280254778,0.33121019108280253
278,0.0,0.1875,0.6571428571428571,0.15535714285714286
279,0.21839080459770116,0.08045977011494253,0.0,0.7011494252873564
280,0.02096177558569667,0.0,0.9704069050554871,0.008631319358816275
281,0.3489010989010989,0.0,0.19230769230769232,0.45879120879120877
282,0.617059891107078,0.29219600725952816,0.0,0.09074410163339383
283,0.32537960954446854,0.46203904555314534,0.21258134490238612,0.0
284,0.29774730656219395,0.41975654120610045,0.0,0.2824961522317056
285,0.08,0.17333333333333334,0.7466666666666667,0.0
286,0.0,0.07042253521126761,0.09154929577464789,0.8380281690140845
287,0.01069078947368421,0.9333881578947368,0.05592105263157895,0.0
288,0.07894736842105263,0.7017543859649122,0.21929824561403508,0.0
289,0.0,0.027700831024930747,0.04224376731301939,0.9300554016620498
290,0.006717226435536294,0.0,0.016034669555796317,0.9772481040086674
291,0.1413793103448276,0.18275862068965518,0.6758620689655173,0.0
292,0.31363636363636366,0.11818181818181818,0.0,0.5681818181818182
293,0.000791765637371338,0.8812351543942993,0.11797307996832937,0.0
294,0.0,0.04034263608731694,0.7419176568112739,0.21773970710140922
295,0.18737926593689633,0.0,0.20540888602704443,0.6072118480360592
296,0.2716049382716049,0.0,0.27825261158594494,0.45014245014245013
297,0.0,0.097119341563786,0.6139917695473252,0.28888888888888886
298,0.37384615384615383,0.0,0.3,0.3261538461538461
299,0.0,0.257396449704142,0.4881656804733728,0.25443786982248523
300,0.3595890410958904,0.2534246575342466,0.0,0.386986301369863
301,0.0,0.3539518900343643,0.422680412371134,0.22336769759450173
302,0.1970260223048327,0.5241635687732342,0.2788104089219331,0.0
303,0.3665768194070081,0.0,0.40700808625336926,0.22641509433962265
304,0.35545023696682465,0.2796208530805687,0.36492890995260663,0.0
305,0.39156626506024095,0.29518072289156627,0.0,0.3132530120481928
306,0.24034334763948498,0.06866952789699571,0.6909871244635193,0.0
307,0.45454545454545453,0.18181818181818182,0.0,0.36363636363636365
308,0.5,0.36363636363636365,0.0,0.13636363636363635
309,0.42105263157894735,0.3333333333333333,0.24561403508771928,0.0
310,0.0,0.09090909090909091,0.18181818181818182,0.7272727272727273
311,0.0,0.0,0.13559322033898305,0.864406779661017
312,0.0,0.1111111111111111,0.8333333333333334,0.05555555555555555
313,0.16666666666666666,0.6666666666666666,0.0,0.16666666666666666
314,0.0,0.0,1.0,0.0
315,0.0,1.0,0.0,0.0
316,0.0,0.47368421052631576,0.10526315789473684,0.42105263157894735
317,0.0,0.0,1.0,0.0
318,0.0,1.0,0.0,0.0
319,,,,
320,,,,
321,,,,
