,A,C,G,T
0,,,,
1,,,,
2,,,,
3,,,,
4,,,,
5,,,,
6,,,,
7,,,,
8,,,,
9,0.0,0.0,1.0,0.0
10,,,,
11,,,,
12,1.0,0.0,0.0,0.0
13,0.0,1.0,0.0,0.0
14,,,,
15,,,,
16,0.0,1.0,0.0,0.0
17,,,,
18,,,,
19,,,,
20,0.3333333333333333,0.3333333333333333,0.3333333333333333,0.0
21,,,,
22,,,,
23,,,,
24,,,,
25,,,,
26,,,,
27,,,,
28,1.0,0.0,0.0,0.0
29,1.0,0.0,0.0,0.0
30,,,,
31,,,,
32,,,,
33,,,,
34,,,,
35,0.0,0.3333333333333333,0.3333333333333333,0.3333333333333333
36,,,,
37,,,,
38,,,,
39,0.0,0.0,1.0,0.0
40,,,,
41,0.0,0.0,1.0,0.0
42,,,,
43,,,,
44,1.0,0.0,0.0,0.0
45,,,,
46,,,,
47,,,,
48,,,,
49,,,,
50,,,,
51,,,,
52,,,,
53,,,,
54,,,,
55,,,,
56,,,,
57,,,,
58,,,,
59,,,,
60,,,,
61,,,,
62,,,,
63,,,,
64,,,,
65,,,,
66,,,,
67,,,,
68,0.0,0.0,1.0,0.0
69,,,,
70,,,,
71,,,,
72,,,,
73,,,,
74,,,,
75,,,,
76,,,,
77,,,,
78,0.0,1.0,0.0,0.0
79,,,,
80,,,,
81,,,,
82,1.0,0.0,0.0,0.0
83,,,,
84,0.0,0.0,1.0,0.0
85,,,,
86,,,,
87,,,,
88,0.0,0.0,0.0,1.0
89,0.0,0.5,0.5,0.0
90,,,,
91,0.0,0.3333333333333333,0.6666666666666666,0.0
92,0.0,0.0,0.0,1.0
93,0.0,0.0,0.0,1.0
94,1.0,0.0,0.0,0.0
95,0.0,1.0,0.0,0.0
96,0.0,0.0,0.0,1.0
97,0.0,0.5,0.5,0.0
98,1.0,0.0,0.0,0.0
99,,,,
100,,,,
101,,,,
102,0.0,1.0,0.0,0.0
103,0.0,0.5,0.5,0.0
104,,,,
105,,,,
106,,,,
107,,,,
108,0.0,1.0,0.0,0.0
109,0.0,0.0,0.0,1.0
110,,,,
111,,,,
112,,,,
113,,,,
114,0.0,1.0,0.0,0.0
115,,,,
116,1.0,0.0,0.0,0.0
117,,,,
118,0.0,0.0,0.0,1.0
119,,,,
120,,,,
121,,,,
122,,,,
123,,,,
124,,,,
125,0.0,0.0,0.3333333333333333,0.6666666666666666
126,0.0,0.6666666666666666,0.3333333333333333,0.0
127,0.0,1.0,0.0,0.0
128,1.0,0.0,0.0,0.0
129,0.0,0.0,0.0,1.0
130,,,,
131,0.0,1.0,0.0,0.0
132,1.0,0.0,0.0,0.0
133,1.0,0.0,0.0,0.0
134,,,,
135,0.0,1.0,0.0,0.0
136,0.0,0.0,0.5,0.5
137,0.5,0.0,0.0,0.5
138,0.0,1.0,0.0,0.0
139,0.0,0.0,0.0,1.0
140,,,,
141,1.0,0.0,0.0,0.0
142,,,,
143,0.0,0.5,0.0,0.5
144,0.0,0.0,1.0,0.0
145,0.0,0.0,0.0,1.0
146,,,,
147,1.0,0.0,0.0,0.0
148,0.5,0.5,0.0,0.0
149,0.0,1.0,0.0,0.0
150,0.5,0.5,0.0,0.0
151,1.0,0.0,0.0,0.0
152,1.0,0.0,0.0,0.0
153,0.0,0.0,0.0,1.0
154,0.0,1.0,0.0,0.0
155,0.5,0.5,0.0,0.0
156,1.0,0.0,0.0,0.0
157,0.0,0.0,0.0,1.0
158,0.0,0.0,0.0,1.0
159,0.0,0.0,0.5,0.5
160,,,,
161,,,,
162,0.0,1.0,0.0,0.0
163,0.3333333333333333,0.3333333333333333,0.0,0.3333333333333333
164,0.0,0.0,0.0,1.0
165,0.0,0.0,0.5,0.5
166,0.0,1.0,0.0,0.0
167,0.0,0.5,0.5,0.0
168,,,,
169,0.0,1.0,0.0,0.0
170,0.0,0.0,0.0,1.0
171,0.0,0.0,0.0,1.0
172,,,,
173,1.0,0.0,0.0,0.0
174,0.0,0.0,0.0,1.0
175,,,,
176,0.0,0.0,0.0,1.0
177,,,,
178,,,,
179,0.0,1.0,0.0,0.0
180,,,,
181,0.0,1.0,0.0,0.0
182,1.0,0.0,0.0,0.0
183,,,,
184,,,,
185,0.0,0.0,0.0,1.0
186,,,,
187,0.0,0.0,0.0,1.0
188,0.0,0.0,0.0,1.0
189,,,,
190,,,,
191,,,,
192,,,,
193,0.0,0.0,1.0,0.0
194,,,,
195,0.0,0.0,1.0,0.0
196,,,,
197,,,,
198,1.0,0.0,0.0,0.0
199,,,,
200,,,,
201,0.0,0.0,1.0,0.0
202,,,,
203,,,,
204,,,,
205,0.0,1.0,0.0,0.0
206,,,,
207,,,,
208,,,,
209,,,,
210,,,,
211,,,,
212,,,,
213,,,,
214,,,,
215,0.0,1.0,0.0,0.0
216,,,,
217,,,,
218,,,,
219,0.0,0.0,1.0,0.0
220,0.0,0.0,1.0,0.0
221,0.0,1.0,0.0,0.0
222,0.0,0.0,1.0,0.0
223,,,,
224,,,,
225,,,,
226,1.0,0.0,0.0,0.0
227,,,,
228,,,,
229,0.0,1.0,0.0,0.0
230,0.0,0.0,0.0,1.0
231,1.0,0.0,0.0,0.0
232,0.0,0.0,0.0,1.0
233,0.5,0.0,0.5,0.0
234,0.0,0.0,0.5,0.5
235,,,,
236,,,,
237,,,,
238,0.0,0.0,0.0,1.0
239,0.0,1.0,0.0,0.0
240,0.0,0.0,0.0,1.0
241,,,,
242,0.0,0.0,0.0,1.0
243,,,,
244,,,,
245,0.0,0.5,0.0,0.5
246,0.0,1.0,0.0,0.0
247,0.0,0.0,0.0,1.0
248,,,,
249,0.0,0.0,1.0,0.0
250,0.0,0.0,1.0,0.0
251,,,,
252,,,,
253,,,,
254,0.0,0.6666666666666666,0.0,0.3333333333333333
255,,,,
256,0.0,0.0,0.0,1.0
257,,,,
258,,,,
259,0.0,1.0,0.0,0.0
260,,,,
261,,,,
262,0.0,0.0,1.0,0.0
263,,,,
264,,,,
265,,,,
266,,,,
267,,,,
268,,,,
269,,,,
270,,,,
271,0.0,1.0,0.0,0.0
272,,,,
273,,,,
274,,,,
275,,,,
276,1.0,0.0,0.0,0.0
277,,,,
278,0.3333333333333333,0.3333333333333333,0.0,0.3333333333333333
279,,,,
280,,,,
281,0.0,1.0,0.0,0.0
282,,,,
283,,,,
284,0.0,0.0,0.0,1.0
285,,,,
286,,,,
287,,,,
288,,,,
289,0.0,1.0,0.0,0.0
290,,,,
291,,,,
292,,,,
293,,,,
294,,,,
295,,,,
296,1.0,0.0,0.0,0.0
297,0.0,0.0,1.0,0.0
298,,,,
299,,,,
300,,,,
301,,,,
302,,,,
303,,,,
304,,,,
305,,,,
306,,,,
307,,,,
308,,,,
309,,,,
310,,,,
311,,,,
312,,,,
313,,,,
314,,,,
315,,,,
