,A,C,G,T
0,,,,
1,,,,
2,1.0,0.0,0.0,0.0
3,0.0625,0.8125,0.0,0.125
4,1.0,0.0,0.0,0.0
5,1.0,0.0,0.0,0.0
6,0.0,0.0,1.0,0.0
7,0.0,0.0,0.8461538461538461,0.15384615384615385
8,0.5,0.48,0.0,0.02
9,0.0,0.0,0.0,1.0
10,,,,
11,0.5555555555555556,0.2777777777777778,0.0,0.16666666666666666
12,0.8888888888888888,0.0,0.1111111111111111,0.0
13,0.0,0.11764705882352941,0.8823529411764706,0.0
14,1.0,0.0,0.0,0.0
15,0.0,0.7272727272727273,0.0,0.2727272727272727
16,0.0,0.5,0.0,0.5
17,1.0,0.0,0.0,0.0
18,0.0,1.0,0.0,0.0
19,0.0,0.0,1.0,0.0
20,0.06666666666666667,0.9333333333333333,0.0,0.0
21,,,,
22,,,,
23,0.0,0.0,1.0,0.0
24,0.0,0.0,0.7777777777777778,0.2222222222222222
25,,,,
26,0.0,0.1111111111111111,0.8888888888888888,0.0
27,0.5769230769230769,0.4230769230769231,0.0,0.0
28,0.0,1.0,0.0,0.0
29,0.0,0.7368421052631579,0.15789473684210525,0.10526315789473684
30,0.125,0.0,0.20833333333333334,0.6666666666666666
31,0.3333333333333333,0.3333333333333333,0.3333333333333333,0.0
32,0.15789473684210525,0.21052631578947367,0.0,0.631578947368421
33,0.043478260869565216,0.5217391304347826,0.0,0.43478260869565216
34,0.0,0.0,1.0,0.0
35,0.1,0.8,0.0,0.1
36,0.0,0.375,0.5,0.125
37,0.0,0.0,0.96,0.04
38,0.8333333333333334,0.16666666666666666,0.0,0.0
39,0.1111111111111111,0.0,0.3333333333333333,0.5555555555555556
40,,,,
41,0.04,0.48,0.48,0.0
42,0.5,0.5,0.0,0.0
43,0.3333333333333333,0.0,0.0,0.6666666666666666
44,0.0,0.02,0.96,0.02
45,0.0,0.0,1.0,0.0
46,0.0,0.25,0.75,0.0
47,1.0,0.0,0.0,0.0
48,0.0,0.0,1.0,0.0
49,0.07692307692307693,0.0,0.0,0.9230769230769231
50,0.0,0.0,0.5,0.5
51,0.0,0.0,0.0,1.0
52,,,,
53,,,,
54,0.0625,0.0625,0.875,0.0
55,0.0,0.0,0.0,1.0
56,0.045454545454545456,0.0,0.45454545454545453,0.5
57,0.5,0.0,0.5,0.0
58,0.3333333333333333,0.6666666666666666,0.0,0.0
59,,,,
60,0.0,0.07692307692307693,0.8461538461538461,0.07692307692307693
61,0.375,0.0,0.125,0.5
62,0.1875,0.0,0.3125,0.5
63,,,,
64,,,,
65,0.07692307692307693,0.0,0.0,0.9230769230769231
66,0.75,0.02631578947368421,0.0,0.2236842105263158
67,0.5217391304347826,0.0,0.34782608695652173,0.13043478260869565
68,0.19047619047619047,0.5714285714285714,0.23809523809523808,0.0
69,0.14285714285714285,0.0,0.0,0.8571428571428571
70,,,,
71,0.0,0.0,0.3333333333333333,0.6666666666666666
72,0.25,0.75,0.0,0.0
73,1.0,0.0,0.0,0.0
74,0.0,0.5,0.5,0.0
75,0.6666666666666666,0.3333333333333333,0.0,0.0
76,0.5,0.0,0.0,0.5
77,0.6153846153846154,0.3076923076923077,0.07692307692307693,0.0
78,0.75,0.1875,0.0,0.0625
79,0.4050632911392405,0.379746835443038,0.0,0.21518987341772153
80,0.10526315789473684,0.0,0.2631578947368421,0.631578947368421
81,0.125,0.375,0.5,0.0
82,0.8571428571428571,0.0,0.0,0.14285714285714285
83,0.0,0.0,0.0,1.0
84,0.0,0.07575757575757576,0.8484848484848485,0.07575757575757576
85,0.0,0.5238095238095238,0.47619047619047616,0.0
86,0.26666666666666666,0.0,0.4666666666666667,0.26666666666666666
87,0.0,0.125,0.375,0.5
88,0.41025641025641024,0.5384615384615384,0.0,0.05128205128205128
89,0.12244897959183673,0.0,0.02040816326530612,0.8571428571428571
90,0.0,0.023255813953488372,0.46511627906976744,0.5116279069767442
91,0.3181818181818182,0.36363636363636365,0.0,0.3181818181818182
92,0.76,0.2,0.04,0.0
93,0.8113207547169812,0.1320754716981132,0.0,0.05660377358490566
94,0.32432432432432434,0.6486486486486487,0.0,0.02702702702702703
95,0.041666666666666664,0.4583333333333333,0.5,0.0
96,0.48484848484848486,0.030303030303030304,0.0,0.48484848484848486
97,0.45977011494252873,0.3793103448275862,0.0,0.16091954022988506
98,0.28205128205128205,0.6410256410256411,0.07692307692307693,0.0
99,0.23809523809523808,0.19047619047619047,0.5714285714285714,0.0
100,0.0,0.3333333333333333,0.4166666666666667,0.25
101,0.15789473684210525,0.0,0.10526315789473684,0.7368421052631579
102,0.17391304347826086,0.30434782608695654,0.5217391304347826,0.0
103,0.6739130434782609,0.0,0.30434782608695654,0.021739130434782608
104,0.0,0.0,0.29411764705882354,0.7058823529411765
105,0.5833333333333334,0.25,0.16666666666666666,0.0
106,0.5714285714285714,0.0,0.0,0.42857142857142855
107,0.0,0.5833333333333334,0.0,0.4166666666666667
108,0.0,0.05263157894736842,0.6842105263157895,0.2631578947368421
109,0.5280898876404494,0.43820224719101125,0.0,0.033707865168539325
110,0.1282051282051282,0.0,0.15384615384615385,0.717948717948718
111,0.5714285714285714,0.2857142857142857,0.14285714285714285,0.0
112,0.0,0.4444444444444444,0.0,0.5555555555555556
113,0.0,1.0,0.0,0.0
114,0.0,0.4117647058823529,0.5882352941176471,0.0
115,0.0,0.2727272727272727,0.7272727272727273,0.0
116,0.038461538461538464,0.0,0.23076923076923078,0.7307692307692307
117,1.0,0.0,0.0,0.0
118,1.0,0.0,0.0,0.0
119,0.3333333333333333,0.5,0.0,0.16666666666666666
120,,,,
121,0.0,0.4782608695652174,0.4782608695652174,0.043478260869565216
122,0.0,1.0,0.0,0.0
123,0.09523809523809523,0.0,0.5396825396825397,0.36507936507936506
124,0.5,0.0,0.375,0.125
125,0.0,0.8837209302325582,0.046511627906976744,0.06976744186046512
126,0.0,0.0,0.9285714285714286,0.07142857142857142
127,0.6875,0.0,0.125,0.1875
128,0.0,0.7916666666666666,0.125,0.08333333333333333
129,0.0,0.3333333333333333,0.0,0.6666666666666666
130,1.0,0.0,0.0,0.0
131,0.6153846153846154,0.15384615384615385,0.0,0.23076923076923078
132,0.0,0.5294117647058824,0.47058823529411764,0.0
133,0.0,0.8,0.1,0.1
134,0.21052631578947367,0.0,0.0,0.7894736842105263
135,0.5555555555555556,0.1111111111111111,0.0,0.3333333333333333
136,0.05,0.85,0.0,0.1
137,0.0,0.7592592592592593,0.2222222222222222,0.018518518518518517
138,0.13333333333333333,0.0,0.7333333333333333,0.13333333333333333
139,0.0,1.0,0.0,0.0
140,0.46153846153846156,0.5384615384615384,0.0,0.0
141,0.0,0.0,0.0,1.0
142,0.0,0.25,0.375,0.375
143,0.8356164383561644,0.0273972602739726,0.0,0.136986301369863
144,0.0,0.5,0.5,0.0
145,0.0,0.0,0.0,1.0
146,0.0,0.6666666666666666,0.0,0.3333333333333333
147,0.0,0.4642857142857143,0.35714285714285715,0.17857142857142858
148,0.0,0.3333333333333333,0.6666666666666666,0.0
149,0.25,0.6,0.15,0.0
150,0.625,0.25,0.0,0.125
151,0.12903225806451613,0.6451612903225806,0.0,0.22580645161290322
152,0.5555555555555556,0.3939393939393939,0.0,0.050505050505050504
153,0.4107142857142857,0.375,0.21428571428571427,0.0
154,0.0,0.5882352941176471,0.20588235294117646,0.20588235294117646
155,0.14545454545454545,0.8,0.05454545454545454,0.0
156,0.0,0.25,0.7045454545454546,0.045454545454545456
157,0.14285714285714285,0.5714285714285714,0.2857142857142857,0.0
158,0.1282051282051282,0.0,0.5384615384615384,0.3333333333333333
159,0.23333333333333334,0.36666666666666664,0.4,0.0
160,0.0,0.2553191489361702,0.2553191489361702,0.48936170212765956
161,0.07692307692307693,0.6923076923076923,0.23076923076923078,0.0
162,0.1276595744680851,0.5106382978723404,0.3617021276595745,0.0
163,0.0,0.6363636363636364,0.30303030303030304,0.06060606060606061
164,0.13333333333333333,0.0,0.05,0.8166666666666667
165,0.0,0.045454545454545456,0.3181818181818182,0.6363636363636364
166,0.22857142857142856,0.7,0.0,0.07142857142857142
167,0.0,0.2777777777777778,0.7222222222222222,0.0
168,0.5,0.25,0.0,0.25
169,1.0,0.0,0.0,0.0
170,0.42105263157894735,0.39473684210526316,0.0,0.18421052631578946
171,0.0,0.21428571428571427,0.75,0.03571428571428571
172,0.5217391304347826,0.33695652173913043,0.0,0.14130434782608695
173,0.2962962962962963,0.0,0.37037037037037035,0.3333333333333333
174,0.0,0.36363636363636365,0.42424242424242425,0.21212121212121213
175,0.25,0.0,0.0,0.75
176,0.12,0.0,0.12,0.76
177,0.47619047619047616,0.31746031746031744,0.20634920634920634,0.0
178,0.0,0.4426229508196721,0.2459016393442623,0.3114754098360656
179,0.15384615384615385,0.0,0.15384615384615385,0.6923076923076923
180,0.3333333333333333,0.16666666666666666,0.5,0.0
181,0.0,0.375,0.125,0.5
182,0.0,0.0,0.0,1.0
183,0.0,0.7142857142857143,0.2857142857142857,0.0
184,0.0,0.07407407407407407,0.8888888888888888,0.037037037037037035
185,0.22727272727272727,0.0,0.06818181818181818,0.7045454545454546
186,0.0,0.0,0.2222222222222222,0.7777777777777778
187,0.4,0.0,0.0,0.6
188,0.17391304347826086,0.7391304347826086,0.0,0.08695652173913043
189,0.25,0.5,0.25,0.0
190,0.0,0.0,0.3333333333333333,0.6666666666666666
191,0.8823529411764706,0.0,0.058823529411764705,0.058823529411764705
192,0.1,0.0,0.0,0.9
193,0.0,0.0,1.0,0.0
194,0.2,0.0,0.4,0.4
195,0.0,0.45454545454545453,0.5454545454545454,0.0
196,0.0,0.2,0.8,0.0
197,0.5555555555555556,0.4444444444444444,0.0,0.0
198,0.0,0.08,0.88,0.04
199,0.75,0.25,0.0,0.0
200,0.0,0.7777777777777778,0.2222222222222222,0.0
201,0.0,0.0,1.0,0.0
202,0.0,0.0,0.0,1.0
203,0.0,0.21428571428571427,0.7857142857142857,0.0
204,0.3448275862068966,0.6551724137931034,0.0,0.0
205,0.0,0.875,0.125,0.0
206,0.031914893617021274,0.8617021276595744,0.10638297872340426,0.0
207,0.0,0.0,0.28,0.72
208,0.16666666666666666,0.0,0.1388888888888889,0.6944444444444444
209,0.18181818181818182,0.0,0.36363636363636365,0.45454545454545453
210,0.0,0.21052631578947367,0.42105263157894735,0.3684210526315789
211,0.0,0.0,1.0,0.0
212,0.0,0.07792207792207792,0.42857142857142855,0.4935064935064935
213,0.0,0.14285714285714285,0.8571428571428571,0.0
214,0.0,0.0,0.3333333333333333,0.6666666666666666
215,0.0,0.2647058823529412,0.4411764705882353,0.29411764705882354
216,0.5054945054945055,0.32967032967032966,0.0,0.16483516483516483
217,0.3125,0.40625,0.28125,0.0
218,0.0,0.17525773195876287,0.6701030927835051,0.15463917525773196
219,0.0,0.6666666666666666,0.0,0.3333333333333333
220,0.0,0.5,0.5,0.0
221,0.5,0.0,0.3333333333333333,0.16666666666666666
222,0.0,0.10526315789473684,0.2631578947368421,0.631578947368421
223,0.17857142857142858,0.0,0.5,0.32142857142857145
224,0.1724137931034483,0.3793103448275862,0.0,0.4482758620689655
225,0.0,0.0,1.0,0.0
226,1.0,0.0,0.0,0.0
227,0.0,0.0,0.5,0.5
228,0.0,0.7647058823529411,0.23529411764705882,0.0
229,0.0,0.15384615384615385,0.7307692307692307,0.11538461538461539
230,0.46153846153846156,0.3076923076923077,0.0,0.23076923076923078
231,0.0,0.0,1.0,0.0
232,0.0,0.4166666666666667,0.5833333333333334,0.0
233,0.06,0.0,0.1,0.84
234,0.2222222222222222,0.0,0.6666666666666666,0.1111111111111111
235,0.0,0.125,0.6875,0.1875
236,0.6428571428571429,0.23214285714285715,0.0,0.125
237,0.2,0.04,0.76,0.0
238,0.2857142857142857,0.14285714285714285,0.5714285714285714,0.0
239,0.0,0.0,0.08333333333333333,0.9166666666666666
240,0.0,0.0,1.0,0.0
241,0.47619047619047616,0.0,0.0,0.5238095238095238
242,0.0,0.0,0.45454545454545453,0.5454545454545454
243,0.0,0.0,0.0,1.0
244,0.0,0.16666666666666666,0.8333333333333334,0.0
245,0.3333333333333333,0.6,0.0,0.06666666666666667
246,0.0,0.3125,0.375,0.3125
247,0.0,0.3384615384615385,0.6307692307692307,0.03076923076923077
248,0.2465753424657534,0.2328767123287671,0.0,0.5205479452054794
249,0.43333333333333335,0.0,0.2,0.36666666666666664
250,0.0,0.0,1.0,0.0
251,0.2,0.72,0.0,0.08
252,0.0,0.14285714285714285,0.42857142857142855,0.42857142857142855
253,0.3925233644859813,0.4672897196261682,0.0,0.14018691588785046
254,0.07462686567164178,0.0,0.6119402985074627,0.31343283582089554
255,0.5,0.0,0.5,0.0
256,0.5,0.0,0.25,0.25
257,0.5714285714285714,0.09523809523809523,0.3333333333333333,0.0
258,0.3,0.6,0.0,0.1
259,0.0,0.7142857142857143,0.2857142857142857,0.0
260,0.18181818181818182,0.5454545454545454,0.0,0.2727272727272727
261,0.0,0.21428571428571427,0.0,0.7857142857142857
262,0.0,0.0,0.5833333333333334,0.4166666666666667
263,0.12,0.0,0.28,0.6
264,0.0,0.0,0.0,1.0
265,0.1111111111111111,0.0,0.0,0.8888888888888888
266,0.14285714285714285,0.0,0.0,0.8571428571428571
267,1.0,0.0,0.0,0.0
268,1.0,0.0,0.0,0.0
269,0.5714285714285714,0.39285714285714285,0.0,0.03571428571428571
270,,,,
271,,,,
272,,,,
273,0.0,0.14285714285714285,0.14285714285714285,0.7142857142857143
274,0.0,0.0,1.0,0.0
275,0.0,1.0,0.0,0.0
276,,,,
277,0.3333333333333333,0.0,0.3333333333333333,0.3333333333333333
278,0.1,0.0,0.0,0.9
279,0.8064516129032258,0.0967741935483871,0.0,0.0967741935483871
280,0.0,0.4117647058823529,0.5882352941176471,0.0
281,0.4666666666666667,0.36666666666666664,0.0,0.16666666666666666
282,0.5,0.0,0.5,0.0
283,,,,
284,0.0,0.8,0.2,0.0
285,,,,
286,0.0,0.0,0.022222222222222223,0.9777777777777777
287,0.0,0.0,0.0,1.0
288,0.0,0.0,1.0,0.0
289,,,,
290,0.0,0.2727272727272727,0.7272727272727273,0.0
291,0.75,0.0,0.0,0.25
292,0.0,0.0,0.6666666666666666,0.3333333333333333
293,0.11764705882352941,0.0,0.8627450980392157,0.0196078431372549
294,0.0,0.6666666666666666,0.3333333333333333,0.0
295,0.75,0.0,0.0,0.25
296,0.0,0.0,0.6666666666666666,0.3333333333333333
297,0.0,1.0,0.0,0.0
298,0.0,0.0,1.0,0.0
299,0.0,1.0,0.0,0.0
300,,,,
301,0.0,0.0,1.0,0.0
302,0.0,0.0,1.0,0.0
303,1.0,0.0,0.0,0.0
304,1.0,0.0,0.0,0.0
305,,,,
306,,,,
307,,,,
308,,,,
309,,,,
310,,,,
311,,,,
312,,,,
313,,,,
314,,,,
315,,,,
316,,,,
317,,,,
318,,,,
