,A,C,G,T
0,,,,
1,,,,
2,,,,
3,,,,
4,,,,
5,,,,
6,,,,
7,,,,
8,,,,
9,1.0,0.0,0.0,0.0
10,,,,
11,1.0,0.0,0.0,0.0
12,,,,
13,,,,
14,,,,
15,0.0,1.0,0.0,0.0
16,,,,
17,,,,
18,,,,
19,1.0,0.0,0.0,0.0
20,,,,
21,,,,
22,,,,
23,,,,
24,,,,
25,,,,
26,,,,
27,,,,
28,,,,
29,0.0,0.0,1.0,0.0
30,,,,
31,,,,
32,,,,
33,,,,
34,,,,
35,,,,
36,0.0,0.0,1.0,0.0
37,0.0,0.0,1.0,0.0
38,0.0,0.0,0.0,1.0
39,,,,
40,,,,
41,0.0,0.0,1.0,0.0
42,,,,
43,,,,
44,0.0,1.0,0.0,0.0
45,,,,
46,,,,
47,,,,
48,0.0,1.0,0.0,0.0
49,,,,
50,,,,
51,0.5,0.0,0.0,0.5
52,,,,
53,0.0,0.0,0.0,1.0
54,,,,
55,,,,
56,1.0,0.0,0.0,0.0
57,,,,
58,,,,
59,,,,
60,,,,
61,0.0,0.0,0.0,1.0
62,0.0,0.0,1.0,0.0
63,,,,
64,,,,
65,0.0,0.0,1.0,0.0
66,0.0,0.0,1.0,0.0
67,0.5,0.0,0.0,0.5
68,0.0,0.0,1.0,0.0
69,,,,
70,,,,
71,,,,
72,,,,
73,,,,
74,,,,
75,0.6666666666666666,0.0,0.0,0.3333333333333333
76,1.0,0.0,0.0,0.0
77,,,,
78,,,,
79,0.3333333333333333,0.3333333333333333,0.0,0.3333333333333333
80,0.0,0.0,1.0,0.0
81,,,,
82,1.0,0.0,0.0,0.0
83,0.0,0.0,1.0,0.0
84,0.0,0.0,0.6666666666666666,0.3333333333333333
85,,,,
86,0.0,0.0,1.0,0.0
87,0.0,0.0,1.0,0.0
88,0.0,0.0,0.0,1.0
89,1.0,0.0,0.0,0.0
90,,,,
91,0.0,1.0,0.0,0.0
92,1.0,0.0,0.0,0.0
93,1.0,0.0,0.0,0.0
94,0.3333333333333333,0.6666666666666666,0.0,0.0
95,,,,
96,0.0,0.0,0.0,1.0
97,0.3333333333333333,0.3333333333333333,0.0,0.3333333333333333
98,,,,
99,,,,
100,0.0,0.6666666666666666,0.0,0.3333333333333333
101,,,,
102,0.0,1.0,0.0,0.0
103,0.0,0.0,0.2,0.8
104,0.0,0.0,0.5,0.5
105,,,,
106,,,,
107,0.0,1.0,0.0,0.0
108,0.0,0.0,1.0,0.0
109,0.0,1.0,0.0,0.0
110,0.0,0.0,0.0,1.0
111,,,,
112,,,,
113,,,,
114,0.0,1.0,0.0,0.0
115,,,,
116,0.0,0.0,0.0,1.0
117,,,,
118,,,,
119,0.0,0.0,0.0,1.0
120,,,,
121,,,,
122,0.6666666666666666,0.3333333333333333,0.0,0.0
123,0.0,0.0,0.0,1.0
124,0.0,0.5,0.0,0.5
125,1.0,0.0,0.0,0.0
126,,,,
127,,,,
128,,,,
129,,,,
130,1.0,0.0,0.0,0.0
131,,,,
132,0.0,1.0,0.0,0.0
133,0.0,0.0,1.0,0.0
134,1.0,0.0,0.0,0.0
135,,,,
136,,,,
137,0.0,0.0,0.0,1.0
138,,,,
139,,,,
140,,,,
141,,,,
142,,,,
143,1.0,0.0,0.0,0.0
144,0.0,1.0,0.0,0.0
145,0.0,0.6666666666666666,0.0,0.3333333333333333
146,,,,
147,,,,
148,,,,
149,0.6666666666666666,0.3333333333333333,0.0,0.0
150,,,,
151,,,,
152,0.5714285714285714,0.42857142857142855,0.0,0.0
153,0.0,1.0,0.0,0.0
154,,,,
155,0.0,0.0,0.0,1.0
156,0.0,1.0,0.0,0.0
157,0.0,1.0,0.0,0.0
158,0.0,0.0,0.5,0.5
159,0.0,1.0,0.0,0.0
160,0.0,1.0,0.0,0.0
161,,,,
162,0.0,0.0,1.0,0.0
163,,,,
164,,,,
165,0.0,0.0,1.0,0.0
166,0.0,1.0,0.0,0.0
167,0.0,0.0,1.0,0.0
168,,,,
169,,,,
170,0.25,0.25,0.0,0.5
171,0.0,0.0,0.25,0.75
172,0.6666666666666666,0.3333333333333333,0.0,0.0
173,0.0,0.0,0.3333333333333333,0.6666666666666666
174,0.0,0.0,1.0,0.0
175,,,,
176,,,,
177,0.0,0.0,1.0,0.0
178,0.0,0.0,0.0,1.0
179,0.0,0.0,0.0,1.0
180,0.0,0.0,1.0,0.0
181,0.0,1.0,0.0,0.0
182,,,,
183,0.0,0.0,1.0,0.0
184,0.0,0.0,1.0,0.0
185,0.0,0.0,0.0,1.0
186,,,,
187,,,,
188,0.0,0.0,0.0,1.0
189,0.0,0.0,1.0,0.0
190,0.0,0.0,1.0,0.0
191,,,,
192,,,,
193,,,,
194,0.0,0.0,0.0,1.0
195,0.0,0.0,1.0,0.0
196,,,,
197,,,,
198,0.0,0.0,1.0,0.0
199,,,,
200,,,,
201,,,,
202,,,,
203,,,,
204,0.3333333333333333,0.6666666666666666,0.0,0.0
205,0.0,1.0,0.0,0.0
206,0.0,0.5,0.5,0.0
207,0.0,0.0,1.0,0.0
208,0.0,0.0,0.0,1.0
209,0.0,0.0,0.0,1.0
210,0.0,0.5,0.5,0.0
211,,,,
212,0.0,0.0,0.75,0.25
213,0.6666666666666666,0.0,0.3333333333333333,0.0
214,,,,
215,0.0,0.0,1.0,0.0
216,0.3333333333333333,0.6666666666666666,0.0,0.0
217,0.0,0.5,0.5,0.0
218,0.0,0.5,0.5,0.0
219,,,,
220,0.0,0.0,1.0,0.0
221,,,,
222,0.0,1.0,0.0,0.0
223,1.0,0.0,0.0,0.0
224,0.3333333333333333,0.6666666666666666,0.0,0.0
225,0.0,1.0,0.0,0.0
226,,,,
227,,,,
228,0.0,0.5,0.5,0.0
229,,,,
230,0.0,1.0,0.0,0.0
231,0.0,0.0,1.0,0.0
232,0.0,0.5,0.0,0.5
233,0.0,0.0,0.0,1.0
234,,,,
235,0.0,0.0,0.0,1.0
236,1.0,0.0,0.0,0.0
237,,,,
238,,,,
239,0.0,0.0,1.0,0.0
240,,,,
241,0.5,0.0,0.0,0.5
242,,,,
243,0.0,0.0,0.0,1.0
244,,,,
245,,,,
246,0.0,0.0,1.0,0.0
247,0.0,0.0,1.0,0.0
248,0.0,1.0,0.0,0.0
249,0.0,0.0,0.25,0.75
250,,,,
251,,,,
252,,,,
253,0.25,0.75,0.0,0.0
254,0.0,0.0,0.5,0.5
255,0.0,0.0,1.0,0.0
256,,,,
257,0.0,1.0,0.0,0.0
258,0.6666666666666666,0.3333333333333333,0.0,0.0
259,0.0,1.0,0.0,0.0
260,,,,
261,,,,
262,,,,
263,0.0,0.0,1.0,0.0
264,,,,
265,0.0,0.0,0.0,1.0
266,,,,
267,,,,
268,,,,
269,0.0,1.0,0.0,0.0
270,,,,
271,,,,
272,,,,
273,,,,
274,,,,
275,,,,
276,,,,
277,,,,
278,,,,
279,1.0,0.0,0.0,0.0
280,,,,
281,0.3333333333333333,0.0,0.0,0.6666666666666666
282,,,,
283,0.0,0.0,0.0,1.0
284,0.0,1.0,0.0,0.0
285,,,,
286,,,,
287,0.0,0.0,0.0,1.0
288,,,,
289,,,,
290,,,,
291,,,,
292,,,,
293,,,,
294,,,,
295,,,,
296,,,,
297,,,,
298,,,,
299,,,,
300,,,,
301,,,,
302,,,,
303,,,,
304,,,,
305,,,,
306,,,,
307,,,,
308,,,,
309,,,,
