,A,C,G,T
0,,,,
1,,,,
2,0.4803749267721148,0.44522554188635033,0.0,0.07439953134153486
3,0.5019157088122606,0.23946360153256704,0.0,0.25862068965517243
4,0.6028460543337646,0.2535575679172057,0.14359637774902975,0.0
5,0.5182546749777382,0.25556544968833483,0.0,0.22617987533392697
6,0.5070707070707071,0.0,0.37575757575757573,0.11717171717171718
7,0.0,0.08751902587519025,0.5494672754946728,0.363013698630137
8,0.6857649143532192,0.21382161842882458,0.0,0.10041346721795628
9,0.10821917808219178,0.0,0.19041095890410958,0.7013698630136986
10,0.07462686567164178,0.5671641791044776,0.3582089552238806,0.0
11,0.5784090909090909,0.20113636363636364,0.0,0.22045454545454546
12,0.3527435610302352,0.48712206047032475,0.0,0.1601343784994401
13,0.6101351351351352,0.3202702702702703,0.06959459459459459,0.0
14,0.5433070866141733,0.22244094488188976,0.0,0.234251968503937
15,0.25675675675675674,0.0,0.12837837837837837,0.6148648648648649
16,0.0,0.6334841628959276,0.11764705882352941,0.248868778280543
17,0.6511156186612576,0.08316430020283976,0.0,0.2657200811359026
18,0.13802816901408452,0.6394366197183099,0.22253521126760564,0.0
19,0.415929203539823,0.0,0.168141592920354,0.415929203539823
20,0.23783185840707965,0.6227876106194691,0.13938053097345132,0.0
21,0.582089552238806,0.22056384742951907,0.0,0.19734660033167495
22,0.2939729397293973,0.48093480934809346,0.0,0.22509225092250923
23,0.0,0.2975528364849833,0.575083426028921,0.12736373748609567
24,0.3535163595336593,0.5629936066190298,0.0,0.08349003384731102
25,0.06997900629811056,0.0,0.36599020293911827,0.5640307907627712
26,0.0,0.22357019064124783,0.5363951473136915,0.24003466204506066
27,0.14836223506743737,0.5606936416184971,0.0,0.2909441233140655
28,0.0,0.6395833333333333,0.08229166666666667,0.278125
29,0.817096649980747,0.12475933769734308,0.0,0.058144012321909896
30,0.4749810462471569,0.3582259287338893,0.0,0.16679302501895377
31,0.11781609195402298,0.6522988505747126,0.22988505747126436,0.0
32,0.41606425702811245,0.19116465863453816,0.0,0.3927710843373494
33,0.0,0.5211267605633803,0.3722334004024145,0.10663983903420524
34,0.0,0.1319695146409948,0.8022462896109106,0.06578419574809466
35,0.0,0.09834938101788171,0.8772352132049519,0.024415405777166437
36,0.0,0.39290681502086233,0.5716272600834492,0.03546592489568846
37,0.0,0.3046808510638298,0.5846808510638298,0.11063829787234042
38,0.3677536231884058,0.3822463768115942,0.0,0.25
39,0.16581632653061223,0.0,0.3934948979591837,0.4406887755102041
40,0.4816753926701571,0.0,0.1387434554973822,0.3795811518324607
41,0.1964856230031949,0.0,0.5766773162939297,0.2268370607028754
42,0.1232876712328767,0.182648401826484,0.0,0.6940639269406392
43,0.28102189781021897,0.13503649635036497,0.0,0.583941605839416
44,0.7389635316698656,0.10220729366602688,0.0,0.15882917466410748
45,0.23930635838150288,0.5722543352601156,0.0,0.1884393063583815
46,0.0,0.6146993318485523,0.23385300668151449,0.1514476614699332
47,0.40822784810126583,0.4620253164556962,0.0,0.12974683544303797
48,0.16939078751857356,0.5557206537890045,0.274888558692422,0.0
49,0.34101382488479265,0.0,0.1382488479262673,0.5207373271889401
50,0.1189236111111111,0.5164930555555556,0.3645833333333333,0.0
51,0.08333333333333333,0.0,0.3866120218579235,0.5300546448087432
52,0.0851063829787234,0.39893617021276595,0.5159574468085106,0.0
53,0.44884910485933505,0.3510230179028133,0.0,0.20012787723785166
54,0.0,0.7003792667509482,0.2515802781289507,0.04804045512010114
55,0.0,0.21790077287459486,0.7282473198703565,0.05385190725504862
56,0.7,0.196137339055794,0.0,0.10386266094420601
57,0.0,0.5570599613152805,0.34622823984526113,0.09671179883945841
58,0.18181818181818182,0.41626794258373206,0.4019138755980861,0.0
59,0.19426523297491038,0.0,0.1039426523297491,0.7017921146953405
60,0.13617886178861788,0.4613821138211382,0.4024390243902439,0.0
61,0.4782608695652174,0.0,0.07763975155279502,0.4440993788819876
62,0.2688756110809343,0.0,0.1548071700162955,0.5763172189027702
63,0.10497237569060773,0.27071823204419887,0.6243093922651933,0.0
64,0.12025316455696203,0.2088607594936709,0.0,0.6708860759493671
65,0.022537562604340568,0.9223706176961602,0.05509181969949917,0.0
66,0.0,0.6830964620501966,0.28863017840943456,0.028273359540368914
67,0.0,0.4228989976869699,0.4244410177332305,0.15265998457979954
68,0.6683375104427736,0.2222222222222222,0.0,0.10944026733500417
69,0.8392996108949417,0.077431906614786,0.0,0.08326848249027237
70,0.05798955335252105,0.7995949259140817,0.0,0.1424155207333973
71,0.15281058101086442,0.6433632498819084,0.2038261691072272,0.0
72,0.20828667413213886,0.42777155655095184,0.3639417693169093,0.0
73,0.1910828025477707,0.0,0.05859872611464968,0.7503184713375797
74,0.22893569844789358,0.6297117516629712,0.14135254988913526,0.0
75,0.4412470023980815,0.2949640287769784,0.0,0.2637889688249401
76,0.5944319036869827,0.3182844243792325,0.0,0.0872836719337848
77,0.0,0.36656891495601174,0.432258064516129,0.20117302052785924
78,0.26437429537767754,0.30101465614430667,0.4346110484780158,0.0
79,0.0,0.20309905921416713,0.06087437742114001,0.7360265633646929
80,0.07024128686327077,0.0,0.071313672922252,0.8584450402144772
81,0.0,0.222353404171586,0.5411255411255411,0.23652105470287288
82,0.40142822755355856,0.42429591591109683,0.0,0.1742758565353446
83,0.16124310325413804,0.0,0.2856660286003828,0.5530908681454791
84,0.3481717011128776,0.37201907790143085,0.27980922098569155,0.0
85,0.3108910891089109,0.5207920792079208,0.16831683168316833,0.0
86,0.05749418411432369,0.8567630442007311,0.08574277168494517,0.0
87,0.0,0.21492245695445109,0.46232751251679083,0.3227500305287581
88,0.3454238169526781,0.0,0.4752990119604784,0.17927717108684346
89,0.22118470965859352,0.0,0.24452874234023927,0.5342865480011671
90,0.0,0.12970200293111872,0.7090864680019541,0.1612115290669272
91,0.6132719208461276,0.3404981235073354,0.0,0.04622995564653702
92,0.1978731484998101,0.0,0.11836941384985442,0.6837574376503355
93,0.2805860805860806,0.5838827838827839,0.13553113553113552,0.0
94,0.0,0.3276961463820349,0.07956750762406432,0.5927363459939008
95,0.03362413667757179,0.0,0.0663395129043984,0.9000363504180298
96,0.2572347266881029,0.4983922829581994,0.24437299035369775,0.0
97,0.5954003407155025,0.141396933560477,0.0,0.2632027257240204
98,0.12205754141238012,0.6556233653007847,0.0,0.22231909328683522
99,0.0,0.3391003460207612,0.5496786950074147,0.11122095897182402
100,0.26,0.54,0.2,0.0
101,0.2157751586582049,0.0,0.07252946509519492,0.7116953762466002
102,0.6303763440860215,0.13844086021505375,0.0,0.23118279569892472
103,0.047934614535012146,0.8549812237685002,0.0,0.09708416169648774
104,0.20728476821192052,0.0,0.2986754966887417,0.49403973509933774
105,0.06569343065693431,0.41605839416058393,0.5182481751824818,0.0
106,0.17518248175182483,0.20437956204379562,0.0,0.6204379562043796
107,0.1092436974789916,0.17647058823529413,0.0,0.7142857142857143
108,0.18783542039355994,0.4275491949910555,0.0,0.38461538461538464
109,0.0593607305936073,0.593607305936073,0.3470319634703196,0.0
110,0.14205816554809844,0.2225950782997763,0.0,0.6353467561521253
111,0.3861788617886179,0.0,0.2764227642276423,0.33739837398373984
112,0.46551724137931033,0.20689655172413793,0.0,0.3275862068965517
113,0.3719165085388994,0.0,0.25806451612903225,0.3700189753320683
114,0.5,0.0,0.25301204819277107,0.2469879518072289
115,0.0,0.2986111111111111,0.25462962962962965,0.44675925925925924
116,0.6037000973709834,0.3222979552093476,0.0,0.07400194741966894
117,0.0,0.26766969909027294,0.586074177746676,0.1462561231630511
118,0.3234567901234568,0.3994513031550069,0.27709190672153633,0.0
119,0.34442270058708413,0.26614481409001955,0.0,0.38943248532289626
120,0.1,0.0,0.26666666666666666,0.6333333333333333
121,0.5843373493975904,0.0,0.18072289156626506,0.23493975903614459
122,0.425531914893617,0.0,0.2170212765957447,0.3574468085106383
123,0.3142857142857143,0.1619047619047619,0.0,0.5238095238095238
124,0.7244701348747592,0.13102119460500963,0.0,0.14450867052023122
125,0.5031847133757962,0.31687898089171973,0.0,0.17993630573248406
126,0.0,0.5521765056648777,0.43112701252236135,0.016696481812760882
127,0.0,0.16016548463356975,0.7955082742316785,0.044326241134751775
128,0.0,0.12012195121951219,0.8164634146341463,0.06341463414634146
129,0.3838383838383838,0.41414141414141414,0.0,0.20202020202020202
130,0.5266990291262136,0.2912621359223301,0.0,0.1820388349514563
131,0.2233375156838143,0.0,0.2860727728983689,0.4905897114178168
132,0.3449367088607595,0.0,0.060126582278481014,0.5949367088607594
133,0.03008595988538682,0.7979942693409742,0.17191977077363896,0.0
134,0.5672461116193962,0.2131747483989021,0.0,0.21957913998170173
135,0.11633663366336634,0.7648514851485149,0.0,0.1188118811881188
136,0.0,0.373134328358209,0.5111940298507462,0.11567164179104478
137,0.8205335489086499,0.13621665319320939,0.0,0.043249797898140666
138,0.07581227436823104,0.2779783393501805,0.6462093862815884,0.0
139,0.369692532942899,0.1281112737920937,0.0,0.5021961932650073
140,0.060653188180404355,0.7410575427682737,0.0,0.19828926905132194
141,0.0,0.2844252648097293,0.6194586112200863,0.09611612397018439
142,0.095,0.15,0.755,0.0
143,0.4013245033112583,0.1880794701986755,0.0,0.4105960264900662
144,0.29354838709677417,0.0935483870967742,0.0,0.6129032258064516
145,0.06704260651629072,0.7832080200501254,0.0,0.14974937343358397
146,0.6066163668020894,0.24399303540336623,0.0,0.1493905977945444
147,0.0,0.2825716234652115,0.5190995907230559,0.1983287858117326
148,0.21905089408528197,0.3889270976616231,0.3920220082530949,0.0
149,0.20071047957371227,0.0,0.47317939609236237,0.3261101243339254
150,0.0,0.16424263923377083,0.6594537069882938,0.17630365377793544
151,0.15841584158415842,0.34735973597359737,0.49422442244224424,0.0
152,0.24847615632843312,0.0,0.22696306920043027,0.5245607744711366
153,0.3029708520179372,0.4327354260089686,0.2642937219730942,0.0
154,0.0,0.18395209580838323,0.13604790419161678,0.68
155,0.09273743016759776,0.5094972067039106,0.39776536312849164,0.0
156,0.18186783178590935,0.0,0.5991261605679956,0.21900600764609504
157,0.1102803738317757,0.0,0.29906542056074764,0.5906542056074766
158,0.20359687818120123,0.45707499151679676,0.33932813030200204,0.0
159,0.4294491990344525,0.4064077243800746,0.0,0.1641430765854729
160,0.5286740692357936,0.3341606792945787,0.0,0.13716525146962769
161,0.32957650273224043,0.30225409836065575,0.3681693989071038,0.0
162,0.6528221512247071,0.1485623003194888,0.0,0.19861554845580404
163,0.0,0.4030054644808743,0.47404371584699456,0.12295081967213115
164,0.2666223404255319,0.0,0.25199468085106386,0.48138297872340424
165,0.17161290322580644,0.27806451612903227,0.5503225806451613,0.0
166,0.2721804511278195,0.0,0.13834586466165413,0.5894736842105263
167,0.18903199002908183,0.4524304113003739,0.35853759867054424,0.0
168,0.5321964128197589,0.3293149073801823,0.0,0.1384886798000588
169,0.0,0.4186284544524053,0.36591606960081885,0.21545547594677583
170,0.31864322852191135,0.43785590492696214,0.24350086655112652,0.0
171,0.0,0.13548573075814355,0.7466128567310464,0.11790141251081003
172,0.08667859882383022,0.0,0.19560214778828944,0.7177192533878803
173,0.14807630132557387,0.0,0.3200775945683802,0.5318461041060459
174,0.0,0.5216606498194946,0.3712394705174489,0.10709987966305656
175,0.5380971714711057,0.3058600622547029,0.0,0.15604276627419136
176,0.0,0.2373716632443532,0.584394250513347,0.1782340862422998
177,0.3556895252449133,0.22004521477015826,0.4242652599849284,0.0
178,0.0,0.31808035714285715,0.15290178571428573,0.5290178571428571
179,0.024310245031834845,0.0,0.030098398610843142,0.945591356357322
180,0.0,0.27305218012866334,0.6733380986418871,0.053609721229449604
181,0.7596086652690426,0.16177498252969952,0.0,0.07861635220125786
182,0.0273972602739726,0.0,0.09048636420761594,0.8821163755184115
183,0.31027253668763105,0.0,0.3165618448637317,0.3731656184486373
184,0.3685185185185185,0.0,0.337037037037037,0.29444444444444445
185,0.3747628083491461,0.4032258064516129,0.0,0.222011385199241
186,0.21499013806706113,0.23964497041420119,0.5453648915187377,0.0
187,0.5346534653465347,0.0,0.14603960396039603,0.3193069306930693
188,0.23018549747048903,0.0,0.42495784148397975,0.3448566610455312
189,0.11506140917905623,0.46153846153846156,0.4234001292824822,0.0
190,0.17474633596392333,0.3258173618940248,0.49943630214205187,0.0
191,0.15147453083109919,0.0,0.13471849865951743,0.7138069705093834
192,0.1278879813302217,0.0,0.8564760793465578,0.015635939323220535
193,0.0,0.12360688956433637,0.7563323201621074,0.12006079027355623
194,0.0,0.16630196936542668,0.7566739606126914,0.07702407002188184
195,0.3482142857142857,0.21428571428571427,0.0,0.4375
196,0.6405135520684736,0.20256776034236804,0.0,0.15691868758915833
197,0.3365487674169346,0.0,0.3804930332261522,0.2829581993569132
198,0.7483660130718954,0.0,0.14705882352941177,0.10457516339869281
199,0.0,0.06562193927522038,0.6175318315377081,0.3168462291870715
200,0.358675799086758,0.5228310502283106,0.0,0.1184931506849315
201,0.6769527483124397,0.08003857280617165,0.0,0.24300867888138863
202,0.11069418386491557,0.3827392120075047,0.5065666041275797,0.0
203,0.4493731918997107,0.0,0.25168756027000966,0.29893924783027964
204,0.0,0.11906449326718639,0.38058114812189936,0.5003543586109143
205,0.13131790269248939,0.0,0.3538025507794048,0.5148795465281059
206,0.371976647206005,0.0,0.12343619683069225,0.5045871559633027
207,0.0,0.28188121796804344,0.19596020500452216,0.5221585770274344
208,0.1299093655589124,0.17220543806646527,0.6978851963746223,0.0
209,0.06218024399842582,0.0,0.5523415977961432,0.3854781582054309
210,0.3476297968397291,0.12641083521444696,0.5259593679458239,0.0
211,0.4269230769230769,0.0,0.17307692307692307,0.4
212,0.0,0.33637000700770847,0.42396636299929924,0.2396636299929923
213,0.6022584692597239,0.08155583437892096,0.0,0.3161856963613551
214,0.024966344388691716,0.0,0.04063150165218456,0.9344021539591237
215,0.26275115919629055,0.0,0.3400309119010819,0.3972179289026275
216,0.49340369393139843,0.11345646437994723,0.0,0.39313984168865435
217,0.0,0.6161228406909789,0.2591170825335892,0.12476007677543186
218,0.4645441389290883,0.0,0.20549927641099855,0.3299565846599132
219,0.0,0.27800829875518673,0.6437462951985774,0.07824540604623592
220,0.0,0.3334835511491663,0.5527264533573681,0.11378999549346552
221,0.25302922309337134,0.5694939415538133,0.0,0.1774768353528154
222,0.2787573467674223,0.109151973131822,0.6120906801007556,0.0
223,0.4936247723132969,0.0,0.11475409836065574,0.39162112932604737
224,0.29379760609357997,0.0,0.17519042437431992,0.5310119695321001
225,0.0,0.3276283618581907,0.5459308417743626,0.12644079636744673
226,0.1434843344641788,0.6411893833566155,0.21532628217920574,0.0
227,0.2989343802579921,0.0,0.2781828379136287,0.42288278182837913
228,0.0,0.13775933609958507,0.6643153526970954,0.1979253112033195
229,0.651539320465784,0.3352209283777317,0.0,0.013239751156484288
230,0.1255616575137294,0.0,0.09535696455317025,0.7790813779331004
231,0.0,0.16019032513877876,0.5289452815226011,0.31086439333862015
232,0.17576961271102284,0.0,0.3138033763654419,0.5104270109235353
233,0.2552083333333333,0.0,0.1909722222222222,0.5538194444444444
234,0.7875688434303698,0.06766325727773406,0.0,0.14476789929189615
235,0.06298449612403101,0.0,0.04263565891472868,0.8943798449612403
236,0.2949907235621521,0.0,0.4712430426716141,0.23376623376623376
237,0.15613825983313467,0.5160905840286055,0.32777115613825986,0.0
238,0.0,0.1670616113744076,0.056477093206951025,0.7764612954186414
239,0.05763239875389408,0.0,0.03426791277258567,0.9080996884735203
240,0.06024349286314022,0.0,0.11439966414777498,0.8253568429890848
241,0.11388888888888889,0.15833333333333333,0.7277777777777777,0.0
242,0.6146141588891418,0.21579786023218758,0.0,0.1695879808786706
243,0.21885521885521886,0.0,0.6505050505050505,0.13063973063973064
244,0.0,0.13150684931506848,0.5684931506849316,0.3
245,0.40905031259303365,0.43137838642453114,0.0,0.15957130098243524
246,0.18377088305489261,0.17422434367541767,0.6420047732696897,0.0
247,0.08811748998664887,0.04539385847797063,0.0,0.8664886515353805
248,0.23278688524590163,0.380327868852459,0.0,0.38688524590163936
249,0.0,0.2893858477970627,0.6562082777036048,0.05440587449933244
250,0.6006684704758873,0.3620881744389623,0.0,0.037243355085150406
251,0.13540341053703234,0.0,0.24001018070755917,0.6245864087554085
252,0.0,0.16312997347480107,0.6989389920424404,0.13793103448275862
253,0.36892278360343184,0.5748331744518589,0.0,0.05624404194470925
254,0.15942028985507245,0.0,0.10853462157809984,0.7320450885668277
255,0.125,0.0,0.3459051724137931,0.5290948275862069
256,0.10699588477366255,0.1728395061728395,0.720164609053498,0.0
257,0.36623376623376624,0.3255411255411255,0.0,0.30822510822510824
258,0.0,0.5402498265093685,0.4496877168632894,0.010062456627342124
259,0.0,0.1335055986218777,0.8260120585701981,0.040482342807924204
260,0.49165402124430957,0.25948406676783003,0.0,0.2488619119878604
261,0.5546995377503852,0.26810477657935283,0.0,0.17719568567026195
262,0.3048327137546468,0.0,0.08302354399008674,0.6121437422552665
263,0.24632352941176472,0.0,0.4319852941176471,0.32169117647058826
264,0.2573623559539053,0.1997439180537772,0.5428937259923176,0.0
265,0.5888888888888889,0.0,0.2,0.2111111111111111
266,0.45134575569358176,0.44306418219461696,0.0,0.10559006211180125
267,0.3018867924528302,0.22012578616352202,0.0,0.4779874213836478
268,0.0,0.3087248322147651,0.5234899328859061,0.16778523489932887
269,0.3480825958702065,0.0,0.11504424778761062,0.5368731563421829
270,0.0,0.09628378378378379,0.28716216216216217,0.6165540540540541
271,0.06873614190687362,0.0,0.8812163446309788,0.05004751346214761
272,0.15635858234885336,0.0,0.13273106323835998,0.7109103544127866
273,0.4221105527638191,0.07035175879396985,0.0,0.507537688442211
274,0.05424769703172978,0.0,0.9288638689866939,0.016888433981576252
275,0.38865546218487396,0.0,0.1953781512605042,0.41596638655462187
276,0.0,0.21050552922590837,0.608214849921011,0.18127962085308058
277,0.13242784380305603,0.7890492359932089,0.07852292020373515,0.0
278,0.4131267409470752,0.30954038997214484,0.0,0.2773328690807799
279,0.2074468085106383,0.17553191489361702,0.6170212765957447,0.0
280,0.0,0.06451612903225806,0.07795698924731183,0.8575268817204301
281,0.008652094717668488,0.9380692167577414,0.05327868852459016,0.0
282,0.12041884816753927,0.193717277486911,0.6858638743455497,0.0
283,0.0,0.011923276308968377,0.016848107827890098,0.9712286158631416
284,0.010043324143363529,0.0,0.010437179992122883,0.9795194958645136
285,0.15779092702169625,0.13806706114398423,0.7041420118343196,0.0
286,0.2980769230769231,0.15625,0.0,0.5456730769230769
287,0.002255639097744361,0.606015037593985,0.39172932330827065,0.0
288,0.6388888888888888,0.03763440860215054,0.0,0.3234767025089606
289,0.08951144516569867,0.0,0.15579091219678853,0.7546976426375128
290,0.34913793103448276,0.425,0.0,0.22586206896551725
291,0.0,0.7047949162333911,0.29116117850953205,0.004043905257076834
292,0.49130434782608695,0.3115942028985507,0.0,0.19710144927536233
293,0.0,0.11440677966101695,0.701271186440678,0.1843220338983051
294,0.22381930184804927,0.0,0.22587268993839835,0.5503080082135524
295,0.0,0.1717032967032967,0.385989010989011,0.4423076923076923
296,0.3983286908077994,0.20055710306406685,0.4011142061281337,0.0
297,0.2669491525423729,0.3686440677966102,0.0,0.3644067796610169
298,0.3258426966292135,0.29775280898876405,0.37640449438202245,0.0
299,0.5871559633027523,0.0,0.1651376146788991,0.24770642201834864
300,0.4105263157894737,0.4631578947368421,0.12631578947368421,0.0
301,0.6206896551724138,0.0,0.25287356321839083,0.12643678160919541
302,0.3548387096774194,0.41935483870967744,0.0,0.22580645161290322
303,0.20833333333333334,0.0,0.4583333333333333,0.3333333333333333
304,0.0,0.3333333333333333,0.2222222222222222,0.4444444444444444
305,0.0,0.0,0.75,0.25
306,0.0,0.0,0.6666666666666666,0.3333333333333333
307,,,,
308,1.0,0.0,0.0,0.0
309,0.0,0.0,0.0,1.0
310,0.0,0.25,0.5,0.25
311,,,,
312,0.0,0.0,0.0,1.0
313,,,,
314,,,,
315,,,,
