,A,C,G,T
0,,,,
1,,,,
2,0.9,0.1,0.0,0.0
3,0.0,0.0,1.0,0.0
4,0.0,0.75,0.25,0.0
5,,,,
6,,,,
7,0.0,1.0,0.0,0.0
8,0.06666666666666667,0.9333333333333333,0.0,0.0
9,0.0,0.0,0.037037037037037035,0.9629629629629629
10,,,,
11,0.8333333333333334,0.0,0.0,0.16666666666666666
12,0.0,0.0,1.0,0.0
13,0.0,1.0,0.0,0.0
14,1.0,0.0,0.0,0.0
15,,,,
16,0.0,0.0,0.0,1.0
17,1.0,0.0,0.0,0.0
18,,,,
19,0.0,0.0,0.5,0.5
20,,,,
21,,,,
22,,,,
23,0.3333333333333333,0.0,0.0,0.6666666666666666
24,1.0,0.0,0.0,0.0
25,,,,
26,0.0,0.7222222222222222,0.2777777777777778,0.0
27,0.4666666666666667,0.5333333333333333,0.0,0.0
28,,,,
29,0.0,0.2,0.8,0.0
30,0.0,0.0,1.0,0.0
31,0.0,0.5,0.5,0.0
32,1.0,0.0,0.0,0.0
33,,,,
34,0.0,0.5,0.5,0.0
35,0.0,1.0,0.0,0.0
36,0.0,1.0,0.0,0.0
37,0.0,1.0,0.0,0.0
38,1.0,0.0,0.0,0.0
39,0.3333333333333333,0.0,0.3333333333333333,0.3333333333333333
40,0.5,0.0,0.5,0.0
41,,,,
42,0.0,0.5,0.5,0.0
43,0.5,0.0,0.5,0.0
44,0.3333333333333333,0.6666666666666666,0.0,0.0
45,,,,
46,0.0,0.5,0.5,0.0
47,1.0,0.0,0.0,0.0
48,0.0,0.3333333333333333,0.0,0.6666666666666666
49,0.0,0.0,1.0,0.0
50,0.5,0.0,0.5,0.0
51,,,,
52,0.0,0.5,0.5,0.0
53,1.0,0.0,0.0,0.0
54,0.0,0.0,1.0,0.0
55,1.0,0.0,0.0,0.0
56,0.0,0.0,1.0,0.0
57,1.0,0.0,0.0,0.0
58,1.0,0.0,0.0,0.0
59,,,,
60,0.0,0.6666666666666666,0.3333333333333333,0.0
61,0.0,0.0,0.3333333333333333,0.6666666666666666
62,0.017699115044247787,0.0,0.9734513274336283,0.008849557522123894
63,,,,
64,0.5,0.0,0.0,0.5
65,,,,
66,0.0,0.6666666666666666,0.0,0.3333333333333333
67,0.6923076923076923,0.0,0.23076923076923078,0.07692307692307693
68,0.0,1.0,0.0,0.0
69,0.0,1.0,0.0,0.0
70,0.0,1.0,0.0,0.0
71,0.0,0.0,1.0,0.0
72,0.0,0.5,0.5,0.0
73,0.0,0.0,0.0,1.0
74,0.0,0.0,1.0,0.0
75,0.0,0.0,0.0,1.0
76,0.0,1.0,0.0,0.0
77,0.1,0.9,0.0,0.0
78,,,,
79,0.9,0.06,0.0,0.04
80,,,,
81,0.1111111111111111,0.6666666666666666,0.2222222222222222,0.0
82,,,,
83,,,,
84,0.0,0.8709677419354839,0.06451612903225806,0.06451612903225806
85,0.5,0.0,0.5,0.0
86,0.0,0.0,0.037037037037037035,0.9629629629629629
87,0.0,0.8,0.2,0.0
88,0.8861788617886179,0.056910569105691054,0.0,0.056910569105691054
89,0.3170731707317073,0.0,0.6341463414634146,0.04878048780487805
90,0.0,0.0,1.0,0.0
91,0.7948717948717948,0.20512820512820512,0.0,0.0
92,0.5,0.25,0.25,0.0
93,0.0,0.06451612903225806,0.9354838709677419,0.0
94,0.968,0.016,0.0,0.016
95,0.0967741935483871,0.9032258064516129,0.0,0.0
96,0.0,0.22727272727272727,0.09090909090909091,0.6818181818181818
97,0.7441860465116279,0.24806201550387597,0.0,0.007751937984496124
98,1.0,0.0,0.0,0.0
99,0.0,0.008264462809917356,0.9917355371900827,0.0
100,0.0,0.6666666666666666,0.3333333333333333,0.0
101,0.5,0.0,0.25,0.25
102,0.0,0.5,0.5,0.0
103,0.0,0.034482758620689655,0.0,0.9655172413793104
104,0.07692307692307693,0.0,0.0,0.9230769230769231
105,1.0,0.0,0.0,0.0
106,0.0,0.0,0.0,1.0
107,0.0,0.0,0.0,1.0
108,,,,
109,0.9734513274336283,0.02654867256637168,0.0,0.0
110,1.0,0.0,0.0,0.0
111,0.0,0.0,1.0,0.0
112,,,,
113,,,,
114,0.0,0.0,1.0,0.0
115,0.0,0.5,0.5,0.0
116,0.0,0.0,0.0,1.0
117,,,,
118,,,,
119,0.0,0.0,0.5,0.5
120,,,,
121,0.0,1.0,0.0,0.0
122,,,,
123,0.14893617021276595,0.0,0.8404255319148937,0.010638297872340425
124,0.0,0.0,1.0,0.0
125,0.0,0.0,0.0,1.0
126,1.0,0.0,0.0,0.0
127,,,,
128,0.0,0.02459016393442623,0.9754098360655737,0.0
129,,,,
130,,,,
131,0.0,1.0,0.0,0.0
132,0.0,0.0,1.0,0.0
133,0.0,0.75,0.25,0.0
134,0.0,0.6666666666666666,0.0,0.3333333333333333
135,0.0,1.0,0.0,0.0
136,1.0,0.0,0.0,0.0
137,0.21621621621621623,0.7027027027027027,0.0,0.08108108108108109
138,,,,
139,0.0,0.0,1.0,0.0
140,,,,
141,0.0,1.0,0.0,0.0
142,0.0,0.5,0.5,0.0
143,1.0,0.0,0.0,0.0
144,0.0,0.0,1.0,0.0
145,,,,
146,,,,
147,0.0,1.0,0.0,0.0
148,,,,
149,0.8928571428571429,0.0,0.10714285714285714,0.0
150,,,,
151,1.0,0.0,0.0,0.0
152,0.25,0.5,0.0,0.25
153,0.0,1.0,0.0,0.0
154,0.8,0.2,0.0,0.0
155,0.008264462809917356,0.9917355371900827,0.0,0.0
156,0.0,0.0,0.6666666666666666,0.3333333333333333
157,0.0,1.0,0.0,0.0
158,0.1,0.0,0.8,0.1
159,0.024390243902439025,0.9512195121951219,0.024390243902439025,0.0
160,0.0,0.07407407407407407,0.0,0.9259259259259259
161,0.0,0.9130434782608695,0.08695652173913043,0.0
162,0.0,1.0,0.0,0.0
163,0.0,0.9649122807017544,0.03508771929824561,0.0
164,0.0,0.9,0.1,0.0
165,0.0,0.0,1.0,0.0
166,0.17391304347826086,0.8260869565217391,0.0,0.0
167,0.037037037037037035,0.9629629629629629,0.0,0.0
168,0.0,1.0,0.0,0.0
169,0.5,0.0,0.0,0.5
170,0.9473684210526315,0.05263157894736842,0.0,0.0
171,0.0,0.6666666666666666,0.16666666666666666,0.16666666666666666
172,0.125,0.7727272727272727,0.0,0.10227272727272728
173,0.76,0.0,0.18,0.06
174,0.0,0.5,0.3333333333333333,0.16666666666666666
175,0.034482758620689655,0.0,0.8620689655172413,0.10344827586206896
176,0.0,0.0,0.2972972972972973,0.7027027027027027
177,0.4,0.2,0.4,0.0
178,0.0,0.08196721311475409,0.01639344262295082,0.9016393442622951
179,0.0,0.0,0.013157894736842105,0.9868421052631579
180,0.6923076923076923,0.28205128205128205,0.02564102564102564,0.0
181,0.0,0.15151515151515152,0.030303030303030304,0.8181818181818182
182,0.0,0.0,0.5,0.5
183,0.0,0.5,0.5,0.0
184,0.0,0.4666666666666667,0.5333333333333333,0.0
185,0.0,0.0,0.0,1.0
186,0.0,0.0,1.0,0.0
187,,,,
188,0.05,0.3,0.0,0.65
189,0.0,0.4,0.6,0.0
190,0.5,0.0,0.0,0.5
191,0.018867924528301886,0.0,0.018867924528301886,0.9622641509433962
192,0.5,0.0,0.0,0.5
193,0.0,0.3333333333333333,0.6666666666666666,0.0
194,1.0,0.0,0.0,0.0
195,,,,
196,0.0,0.375,0.625,0.0
197,0.7666666666666667,0.1,0.0,0.13333333333333333
198,0.0,0.2857142857142857,0.5714285714285714,0.14285714285714285
199,0.8571428571428571,0.0,0.0,0.14285714285714285
200,0.3333333333333333,0.3333333333333333,0.3333333333333333,0.0
201,0.0,0.0,1.0,0.0
202,1.0,0.0,0.0,0.0
203,0.0,0.5714285714285714,0.2857142857142857,0.14285714285714285
204,0.03225806451612903,0.9032258064516129,0.0,0.06451612903225806
205,0.0,0.09090909090909091,0.9090909090909091,0.0
206,0.5,0.0,0.25,0.25
207,0.0,0.0,0.6666666666666666,0.3333333333333333
208,0.3333333333333333,0.0,0.6666666666666666,0.0
209,0.017543859649122806,0.0,0.03508771929824561,0.9473684210526315
210,0.0,0.02127659574468085,0.13829787234042554,0.8404255319148937
211,0.0,0.0,1.0,0.0
212,0.0,0.008064516129032258,0.9758064516129032,0.016129032258064516
213,0.0,0.3333333333333333,0.6666666666666666,0.0
214,1.0,0.0,0.0,0.0
215,0.0,0.41304347826086957,0.5869565217391305,0.0
216,0.64,0.32,0.0,0.04
217,0.0,0.25,0.75,0.0
218,0.0,0.010752688172043012,0.978494623655914,0.010752688172043012
219,0.0,1.0,0.0,0.0
220,0.0,1.0,0.0,0.0
221,0.6666666666666666,0.0,0.0,0.3333333333333333
222,0.0,0.0,0.5,0.5
223,0.5,0.0,0.0,0.5
224,0.19696969696969696,0.7878787878787878,0.0,0.015151515151515152
225,0.0,0.6666666666666666,0.3333333333333333,0.0
226,0.0,0.0,0.5,0.5
227,0.0,0.0,0.0423728813559322,0.9576271186440678
228,0.0,0.9310344827586207,0.06896551724137931,0.0
229,0.0,0.631578947368421,0.3684210526315789,0.0
230,0.011764705882352941,0.9058823529411765,0.0,0.08235294117647059
231,0.0,0.5,0.25,0.25
232,0.0,0.3333333333333333,0.6666666666666666,0.0
233,0.0,0.0,0.05333333333333334,0.9466666666666667
234,0.0,0.0,1.0,0.0
235,0.0,0.4,0.4,0.2
236,0.2,0.6,0.0,0.2
237,0.0,0.5263157894736842,0.47368421052631576,0.0
238,0.0,0.5,0.5,0.0
239,0.0,0.0,0.0,1.0
240,0.058823529411764705,0.0,0.9411764705882353,0.0
241,,,,
242,,,,
243,0.2222222222222222,0.0,0.0,0.7777777777777778
244,0.0,0.5,0.5,0.0
245,1.0,0.0,0.0,0.0
246,0.0,0.84375,0.125,0.03125
247,0.0,0.014925373134328358,0.9701492537313433,0.014925373134328358
248,0.75,0.05,0.0,0.2
249,0.2702702702702703,0.0,0.0,0.7297297297297297
250,0.0,0.0,1.0,0.0
251,0.9,0.0,0.0,0.1
252,0.0,1.0,0.0,0.0
253,0.8909090909090909,0.09090909090909091,0.0,0.01818181818181818
254,0.08955223880597014,0.0,0.05970149253731343,0.8507462686567164
255,0.0,0.16666666666666666,0.8333333333333334,0.0
256,0.6666666666666666,0.0,0.3333333333333333,0.0
257,0.5,0.0,0.5,0.0
258,0.3333333333333333,0.0,0.0,0.6666666666666666
259,0.0,0.0,1.0,0.0
260,1.0,0.0,0.0,0.0
261,0.0,0.6666666666666666,0.0,0.3333333333333333
262,,,,
263,0.0,0.0,1.0,0.0
264,0.5,0.0,0.0,0.5
265,0.0,0.0,1.0,0.0
266,,,,
267,0.3333333333333333,0.0,0.0,0.6666666666666666
268,,,,
269,0.2727272727272727,0.7272727272727273,0.0,0.0
270,,,,
271,0.0,0.3333333333333333,0.3333333333333333,0.3333333333333333
272,0.5,0.0,0.5,0.0
273,0.0,1.0,0.0,0.0
274,,,,
275,0.0,1.0,0.0,0.0
276,,,,
277,,,,
278,0.0,0.0,0.3333333333333333,0.6666666666666666
279,0.8,0.2,0.0,0.0
280,0.0,0.0,1.0,0.0
281,0.0,1.0,0.0,0.0
282,0.0,0.0,1.0,0.0
283,0.0,1.0,0.0,0.0
284,0.0,1.0,0.0,0.0
285,,,,
286,0.0,0.0,0.0,1.0
287,0.0,0.0,0.0,1.0
288,0.0,0.2222222222222222,0.7777777777777778,0.0
289,0.0,1.0,0.0,0.0
290,0.0,0.16666666666666666,0.8333333333333334,0.0
291,,,,
292,0.125,0.0,0.125,0.75
293,0.0,0.0,0.0,1.0
294,0.0,1.0,0.0,0.0
295,0.5,0.16666666666666666,0.0,0.3333333333333333
296,0.0,0.08333333333333333,0.8333333333333334,0.08333333333333333
297,0.0,0.0,0.0,1.0
298,0.0,1.0,0.0,0.0
299,,,,
300,,,,
301,,,,
302,,,,
303,,,,
304,,,,
305,,,,
306,,,,
307,,,,
308,,,,
309,,,,
310,,,,
311,,,,
312,,,,
313,,,,
314,,,,
315,,,,
316,,,,
317,,,,
318,,,,
