,A,C,G,T
0,,,,
1,,,,
2,0.8193979933110368,0.12374581939799331,0.0,0.056856187290969896
3,0.3555926544240401,0.41068447412353926,0.0,0.2337228714524207
4,0.3434343434343434,0.5252525252525253,0.13131313131313133,0.0
5,0.6012931034482759,0.20474137931034483,0.0,0.1939655172413793
6,0.5571955719557196,0.0,0.2693726937269373,0.17343173431734318
7,0.0,0.07028753993610223,0.4712460063897764,0.4584664536741214
8,0.6005733397037745,0.24940277114190157,0.0,0.15002388915432394
9,0.03735632183908046,0.0,0.1867816091954023,0.7758620689655172
10,0.0,0.6923076923076923,0.3076923076923077,0.0
11,0.5808457711442786,0.1791044776119403,0.0,0.24004975124378108
12,0.29304029304029305,0.0,0.5824175824175825,0.12454212454212454
13,0.0,0.07256235827664399,0.6621315192743764,0.2653061224489796
14,0.6895973154362416,0.1761744966442953,0.0,0.1342281879194631
15,0.023923444976076555,0.84688995215311,0.0,0.1291866028708134
16,0.0,0.5944055944055944,0.15384615384615385,0.2517482517482518
17,0.7329192546583851,0.13043478260869565,0.0,0.13664596273291926
18,0.28205128205128205,0.10256410256410256,0.6153846153846154,0.0
19,0.19298245614035087,0.0,0.12280701754385964,0.6842105263157895
20,0.16981132075471697,0.16981132075471697,0.0,0.660377358490566
21,0.17647058823529413,0.08823529411764706,0.0,0.7352941176470589
22,0.3709677419354839,0.3387096774193548,0.0,0.2903225806451613
23,0.11261261261261261,0.0,0.43243243243243246,0.45495495495495497
24,0.3125,0.0,0.1125,0.575
25,0.4864864864864865,0.0,0.10810810810810811,0.40540540540540543
26,0.0,0.34860557768924305,0.43824701195219123,0.21314741035856574
27,0.4954128440366973,0.47155963302752296,0.0,0.03302752293577982
28,0.18947368421052632,0.6684210526315789,0.0,0.14210526315789473
29,0.0,0.2720125786163522,0.539308176100629,0.18867924528301888
30,0.14775725593667546,0.0,0.662269129287599,0.18997361477572558
31,0.47435897435897434,0.15384615384615385,0.3717948717948718,0.0
32,0.4641025641025641,0.258974358974359,0.0,0.27692307692307694
33,0.24233983286908078,0.6211699164345403,0.0,0.13649025069637882
34,0.12643678160919541,0.7241379310344828,0.14942528735632185,0.0
35,0.45754716981132076,0.13443396226415094,0.0,0.4080188679245283
36,0.0,0.7558139534883721,0.16279069767441862,0.08139534883720931
37,0.0,0.12487512487512488,0.8291708291708292,0.04595404595404595
38,0.5714285714285714,0.19413919413919414,0.0,0.23443223443223443
39,0.22727272727272727,0.0,0.3181818181818182,0.45454545454545453
40,0.25,0.0,0.1111111111111111,0.6388888888888888
41,0.05172413793103448,0.7855603448275862,0.1627155172413793,0.0
42,0.27601809954751133,0.22171945701357465,0.502262443438914,0.0
43,0.08955223880597014,0.0,0.42786069651741293,0.48258706467661694
44,0.418848167539267,0.20418848167539266,0.0,0.3769633507853403
45,0.03428571428571429,0.8171428571428572,0.0,0.14857142857142858
46,0.0,0.4775641025641026,0.5,0.022435897435897436
47,0.5017921146953405,0.4211469534050179,0.0,0.07706093189964158
48,0.0,0.45161290322580644,0.33064516129032256,0.21774193548387097
49,0.20958083832335328,0.0,0.4550898203592814,0.33532934131736525
50,0.2144927536231884,0.0,0.4260869565217391,0.35942028985507246
51,0.14492753623188406,0.0,0.4420289855072464,0.41304347826086957
52,0.16216216216216217,0.5405405405405406,0.2972972972972973,0.0
53,0.21370967741935484,0.2661290322580645,0.0,0.5201612903225806
54,0.4474708171206226,0.08949416342412451,0.46303501945525294,0.0
55,0.2549019607843137,0.0,0.08823529411764706,0.6568627450980392
56,0.35742444152431013,0.0,0.26938239159001315,0.3731931668856767
57,0.23333333333333334,0.0,0.6083333333333333,0.15833333333333333
58,0.07777777777777778,0.7,0.2222222222222222,0.0
59,0.33093525179856115,0.0,0.4460431654676259,0.22302158273381295
60,0.0,0.364741641337386,0.1945288753799392,0.44072948328267475
61,0.20882584712371946,0.0,0.3136327817178881,0.47754137115839246
62,0.15112855740922473,0.0,0.2674190382728165,0.5814524043179587
63,0.1891891891891892,0.2702702702702703,0.5405405405405406,0.0
64,0.3220338983050847,0.11864406779661017,0.0,0.559322033898305
65,0.026156941649899398,0.0,0.02414486921529175,0.9496981891348089
66,0.0,0.14912280701754385,0.3611111111111111,0.489766081871345
67,0.23536439665471923,0.0,0.6073277578653923,0.1573078454798885
68,0.38377192982456143,0.37719298245614036,0.23903508771929824,0.0
69,0.6656101426307448,0.13946117274167988,0.0,0.1949286846275753
70,0.09259259259259259,0.6759259259259259,0.23148148148148148,0.0
71,0.059800664451827246,0.0,0.5066445182724253,0.4335548172757475
72,0.1715686274509804,0.6715686274509803,0.1568627450980392,0.0
73,0.18981481481481483,0.0,0.05555555555555555,0.7546296296296297
74,0.13705583756345177,0.6459390862944162,0.217005076142132,0.0
75,0.5813953488372093,0.33527131782945735,0.0,0.08333333333333333
76,0.6592489568845619,0.21001390820584145,0.0,0.13073713490959665
77,0.26323529411764707,0.55,0.18676470588235294,0.0
78,0.3879598662207358,0.11036789297658862,0.0,0.5016722408026756
79,0.5209905660377359,0.34882075471698115,0.0,0.13018867924528302
80,0.14038461538461539,0.0,0.325,0.5346153846153846
81,0.18203309692671396,0.5295508274231678,0.28841607565011823,0.0
82,0.6342182890855457,0.0,0.02359882005899705,0.3421828908554572
83,0.2127659574468085,0.0,0.13947990543735225,0.6477541371158393
84,0.0,0.3513779527559055,0.37106299212598426,0.27755905511811024
85,0.11708860759493671,0.6012658227848101,0.28164556962025317,0.0
86,0.23032223983095615,0.0,0.43317485472794504,0.3365029054410988
87,0.0,0.23070097604259096,0.6157941437444543,0.15350488021295475
88,0.5119293078055964,0.37908689248895433,0.0,0.10898379970544919
89,0.3,0.46487804878048783,0.23512195121951218,0.0
90,0.0,0.20071047957371227,0.6879810538780343,0.11130846654825341
91,0.6099790516092173,0.35459912397638543,0.0,0.03542182441439726
92,0.26666666666666666,0.5442622950819672,0.18907103825136612,0.0
93,0.36033519553072624,0.4463687150837989,0.19329608938547485,0.0
94,0.0,0.3306920232435288,0.10248283148441627,0.566825145272055
95,0.04318418314255983,0.0,0.11602497398543184,0.8407908428720083
96,0.08716707021791767,0.7566585956416465,0.15617433414043583,0.0
97,0.0,0.26245654692931636,0.11297798377752027,0.6245654692931634
98,0.0255573681348559,0.0,0.11745513866231648,0.8569874932028276
99,0.020202020202020204,0.23232323232323232,0.7474747474747475,0.0
100,0.3821138211382114,0.02710027100271003,0.0,0.5907859078590786
101,0.06956521739130435,0.6318840579710145,0.0,0.2985507246376812
102,0.0,0.15613825983313467,0.6781883194278904,0.16567342073897498
103,0.44844652185867473,0.49518834204014295,0.0,0.056365136101182295
104,0.007578149668455952,0.0,0.05304704767919166,0.9393748026523524
105,0.09615384615384616,0.11538461538461539,0.7884615384615384,0.0
106,0.13559322033898305,0.13559322033898305,0.0,0.7288135593220338
107,0.18518518518518517,0.3888888888888889,0.0,0.42592592592592593
108,0.0,0.2796116504854369,0.5928802588996763,0.12750809061488674
109,0.09649122807017543,0.32456140350877194,0.5789473684210527,0.0
110,0.1545778834720571,0.0,0.19738406658739596,0.6480380499405469
111,0.5656565656565656,0.0,0.1717171717171717,0.26262626262626265
112,0.3958333333333333,0.08333333333333333,0.0,0.5208333333333334
113,0.44490861618798955,0.4010443864229765,0.0,0.15404699738903394
114,0.6909090909090909,0.0,0.15454545454545454,0.15454545454545454
115,0.0,0.30303030303030304,0.35353535353535354,0.3434343434343434
116,0.2894736842105263,0.5460526315789473,0.0,0.16447368421052633
117,0.14432565789473684,0.0,0.13075657894736842,0.7249177631578947
118,0.23529411764705882,0.0,0.37254901960784315,0.39215686274509803
119,0.40756302521008403,0.0,0.12184873949579832,0.47058823529411764
120,0.05555555555555555,0.9124579124579124,0.0,0.03198653198653199
121,0.14754098360655737,0.0,0.15163934426229508,0.7008196721311475
122,0.8108974358974359,0.0,0.11538461538461539,0.07371794871794872
123,0.5764705882352941,0.17647058823529413,0.0,0.24705882352941178
124,0.5927710843373494,0.2674698795180723,0.0,0.13975903614457832
125,0.5571549534292972,0.26079593564775616,0.0,0.18204911092294665
126,0.0,0.40097799511002447,0.5843520782396088,0.014669926650366748
127,0.0,0.09948320413436693,0.8630490956072352,0.037467700258397935
128,0.4383561643835616,0.2009132420091324,0.0,0.3607305936073059
129,0.6170542635658914,0.3643410852713178,0.0,0.018604651162790697
130,0.3560606060606061,0.615530303030303,0.0,0.028409090909090908
131,0.0,0.35957792207792205,0.5089285714285714,0.1314935064935065
132,0.5797101449275363,0.0,0.06086956521739131,0.35942028985507246
133,0.017766497461928935,0.7715736040609137,0.21065989847715735,0.0
134,0.4943310657596372,0.24036281179138322,0.0,0.2653061224489796
135,0.05555555555555555,0.8722222222222222,0.0,0.07222222222222222
136,0.0,0.3422818791946309,0.5570469798657718,0.10067114093959731
137,0.8742774566473989,0.07947976878612717,0.0,0.046242774566473986
138,0.045454545454545456,0.20454545454545456,0.75,0.0
139,0.5730659025787965,0.014326647564469915,0.0,0.41260744985673353
140,0.015189873417721518,0.6303797468354431,0.0,0.35443037974683544
141,0.0,0.6027554535017221,0.3719862227324914,0.02525832376578645
142,0.04827586206896552,0.2896551724137931,0.6620689655172414,0.0
143,0.32085561497326204,0.5254010695187166,0.1537433155080214,0.0
144,0.6545454545454545,0.10909090909090909,0.0,0.23636363636363636
145,0.09195402298850575,0.6781609195402298,0.0,0.22988505747126436
146,0.48590308370044055,0.4052863436123348,0.0,0.10881057268722467
147,0.3105263157894737,0.0,0.09736842105263158,0.5921052631578947
148,0.7873345935727788,0.017958412098298678,0.0,0.1947069943289225
149,0.3259779338014042,0.5025075225677031,0.1715145436308927,0.0
150,0.0,0.13603572655444865,0.5915492957746479,0.27241497767090345
151,0.11548556430446194,0.6167979002624672,0.2677165354330709,0.0
152,0.1850205198358413,0.0,0.25273597811217513,0.5622435020519836
153,0.15065185900531144,0.6962819893771125,0.15306615161757606,0.0
154,0.0,0.49188906331763477,0.11983254840397697,0.3882783882783883
155,0.06703296703296703,0.8186813186813187,0.11428571428571428,0.0
156,0.0,0.23696571160169094,0.470643494598403,0.29239079379990607
157,0.18620849779428836,0.0,0.4894358021824936,0.324355700023218
158,0.13355048859934854,0.0,0.1775244299674267,0.6889250814332247
159,0.0,0.18253968253968253,0.7182539682539683,0.0992063492063492
160,0.37595350526698146,0.57537232110425,0.0,0.048674173628768615
161,0.1411439114391144,0.5784132841328413,0.28044280442804426,0.0
162,0.6005089058524173,0.17302798982188294,0.0,0.22646310432569974
163,0.6139630390143738,0.20123203285420946,0.0,0.18480492813141683
164,0.5187255449972051,0.38457238680827277,0.0,0.09670206819452208
165,0.0,0.18246575342465754,0.6975342465753425,0.12
166,0.4666809055958992,0.4062366510038445,0.0,0.1270824434002563
167,0.24728033472803349,0.0,0.18326359832635983,0.5694560669456067
168,0.0,0.28467595396729256,0.4966686856450636,0.21865536038764385
169,0.15422885572139303,0.0,0.3447050461975835,0.5010660980810234
170,0.25031446540880503,0.0,0.3220125786163522,0.4276729559748428
171,0.0,0.1872816212438854,0.6705101327742837,0.14220824598183088
172,0.0,0.37072243346007605,0.3341254752851711,0.29515209125475284
173,0.11408274132887589,0.0,0.3769327204346009,0.5089845382365232
174,0.2190082644628099,0.4724517906336088,0.3085399449035813,0.0
175,0.0,0.48378728923476005,0.0933852140077821,0.42282749675745784
176,0.061606160616061605,0.0,0.1342134213421342,0.8041804180418042
177,0.0,0.5428571428571428,0.25918367346938775,0.19795918367346937
178,0.0,0.23374175306314798,0.6955702167766258,0.0706880301602262
179,0.03220478943022296,0.0,0.06028075970272502,0.9075144508670521
180,0.2627906976744186,0.0,0.2744186046511628,0.4627906976744186
181,0.44711538461538464,0.0,0.23557692307692307,0.3173076923076923
182,0.15602189781021897,0.0,0.4041970802919708,0.4397810218978102
183,0.10195530726256984,0.31564245810055863,0.5824022346368715,0.0
184,0.43410852713178294,0.0,0.1744186046511628,0.39147286821705424
185,0.2927215189873418,0.0,0.08702531645569621,0.620253164556962
186,0.08321579689703808,0.0,0.15796897038081806,0.7588152327221439
187,0.1793103448275862,0.16206896551724137,0.6586206896551724,0.0
188,0.1875746714456392,0.0,0.6033452807646356,0.20908004778972522
189,0.0,0.4164904862579281,0.5322410147991543,0.051268498942917545
190,0.0,0.17980422462648118,0.7150953116950026,0.10510046367851623
191,0.2786885245901639,0.6305170239596469,0.0,0.09079445145018916
192,0.0,0.11884550084889643,0.8488964346349746,0.03225806451612903
193,0.5149911816578483,0.3932980599647266,0.0,0.09171075837742504
194,0.07069555302166476,0.6499429874572406,0.27936145952109465,0.0
195,0.6,0.0,0.34285714285714286,0.05714285714285714
196,0.43243243243243246,0.17117117117117117,0.0,0.3963963963963964
197,0.0,0.433146517213771,0.49959967974379504,0.06725380304243395
198,0.3112913287585777,0.6512788521522146,0.0,0.037429819089207735
199,0.03248259860788863,0.7169373549883991,0.2505800464037123,0.0
200,0.31797235023041476,0.0,0.2196620583717358,0.46236559139784944
201,0.0,0.05179282868525897,0.3665338645418327,0.5816733067729084
202,0.14724409448818898,0.0,0.5307086614173229,0.3220472440944882
203,0.18742985409652077,0.0,0.27048260381593714,0.5420875420875421
204,0.0,0.37824474660074164,0.3046971569839308,0.31705809641532756
205,0.05263157894736842,0.18421052631578946,0.7631578947368421,0.0
206,0.39076923076923076,0.27589743589743587,0.0,0.3333333333333333
207,0.30268199233716475,0.05747126436781609,0.6398467432950191,0.0
208,0.30973451327433627,0.0,0.17699115044247787,0.5132743362831859
209,0.0,0.32328605200945626,0.3552009456264775,0.3215130023640662
210,0.5252497974615177,0.32730218741560896,0.0,0.14744801512287334
211,0.12962962962962962,0.63668430335097,0.23368606701940034,0.0
212,0.0,0.14803625377643503,0.5440812963471574,0.30788244987640756
213,0.22674418604651161,0.4418604651162791,0.0,0.3313953488372093
214,0.0,0.4406779661016949,0.384180790960452,0.1751412429378531
215,0.24941176470588236,0.0,0.2611764705882353,0.4894117647058824
216,0.0,0.21106557377049182,0.3698770491803279,0.41905737704918034
217,0.23419540229885058,0.0,0.28448275862068967,0.4813218390804598
218,0.3026315789473684,0.4415204678362573,0.0,0.25584795321637427
219,0.20670391061452514,0.25139664804469275,0.5418994413407822,0.0
220,0.4742268041237113,0.0,0.20618556701030927,0.31958762886597936
221,0.1275465013286094,0.0,0.5713020372010629,0.30115146147032773
222,0.0,0.4782608695652174,0.5,0.021739130434782608
223,0.0,0.23273026315789475,0.6800986842105263,0.08717105263157894
224,0.4506398537477148,0.40585009140767825,0.0,0.14351005484460694
225,0.0,0.351288056206089,0.4613583138173302,0.1873536299765808
226,0.0,0.20999153259949196,0.6824724809483489,0.10753598645215919
227,0.06999306999306999,0.0,0.2626472626472626,0.6673596673596673
228,0.17861799217731422,0.0,0.6479791395045632,0.17340286831812254
229,0.0,0.2297029702970297,0.4198019801980198,0.3504950495049505
230,0.5658536585365853,0.3764966740576497,0.0,0.057649667405764965
231,0.2745694022289767,0.146403242147923,0.5790273556231003,0.0
232,0.25906735751295334,0.20207253886010362,0.538860103626943,0.0
233,0.07630227439471754,0.0,0.48642699926632427,0.4372707263389582
234,0.28307692307692306,0.05846153846153846,0.6584615384615384,0.0
235,0.3460207612456747,0.0,0.02249134948096886,0.6314878892733564
236,0.23786407766990292,0.0,0.22330097087378642,0.5388349514563107
237,0.21458625525946703,0.0,0.09957924263674614,0.6858345021037868
238,0.09558823529411764,0.10294117647058823,0.8014705882352942,0.0
239,0.5453216374269005,0.30116959064327486,0.0,0.15350877192982457
240,0.0,0.48226950354609927,0.45896656534954405,0.05876393110435663
241,0.0,0.19492025989367986,0.7203189604252805,0.08476077968103958
242,0.4977620730270907,0.32461719670200234,0.0,0.17762073027090694
243,0.1587516960651289,0.0,0.21221166892808685,0.6290366350067843
244,0.10101010101010101,0.09090909090909091,0.8080808080808081,0.0
245,0.4732394366197183,0.31690140845070425,0.0,0.20985915492957746
246,0.0,0.2834285714285714,0.34285714285714286,0.3737142857142857
247,0.3073074590661007,0.6350818677986658,0.0,0.05761067313523347
248,0.10901960784313726,0.0,0.41333333333333333,0.4776470588235294
249,0.15254237288135594,0.13898305084745763,0.7084745762711865,0.0
250,0.5918367346938775,0.0,0.11989795918367346,0.288265306122449
251,0.12950819672131147,0.6131147540983607,0.2573770491803279,0.0
252,0.4947089947089947,0.3835978835978836,0.0,0.12169312169312169
253,0.023622047244094488,0.6299212598425197,0.3464566929133858,0.0
254,0.2557142857142857,0.4471428571428571,0.0,0.29714285714285715
255,0.0,0.13333333333333333,0.5857142857142857,0.28095238095238095
256,0.12608695652173912,0.0,0.5478260869565217,0.32608695652173914
257,0.11192660550458716,0.0,0.5146788990825688,0.37339449541284403
258,0.6402116402116402,0.19576719576719576,0.0,0.164021164021164
259,0.10714285714285714,0.0,0.175,0.7178571428571429
260,0.2217391304347826,0.0,0.13478260869565217,0.6434782608695652
261,0.4090909090909091,0.10795454545454546,0.0,0.48295454545454547
262,0.5128205128205128,0.0,0.41025641025641024,0.07692307692307693
263,0.6007509386733417,0.25782227784730916,0.0,0.1414267834793492
264,0.37037037037037035,0.16666666666666666,0.0,0.46296296296296297
265,0.0,0.3783783783783784,0.4594594594594595,0.16216216216216217
266,0.40853658536585363,0.0,0.11585365853658537,0.47560975609756095
267,0.0,0.05394190871369295,0.1991701244813278,0.7468879668049793
268,0.10317460317460317,0.0,0.1746031746031746,0.7222222222222222
269,0.34705882352941175,0.3764705882352941,0.0,0.27647058823529413
270,0.4,0.05714285714285714,0.0,0.5428571428571428
271,0.06188925081433225,0.0,0.8469055374592834,0.09120521172638436
272,0.2857142857142857,0.0,0.07983193277310924,0.634453781512605
273,0.7241379310344828,0.19838781907747424,0.0,0.077474249888043
274,0.1881720430107527,0.6774193548387096,0.13440860215053763,0.0
275,0.30185216085433003,0.42933422326047055,0.0,0.2688136158851994
276,0.0625,0.14583333333333334,0.7916666666666666,0.0
277,0.0,0.09259259259259259,0.2037037037037037,0.7037037037037037
278,0.007398273736128237,0.9161528976572133,0.07644882860665844,0.0
279,0.022222222222222223,0.5,0.4777777777777778,0.0
280,0.0,0.00869061413673233,0.020278099652375436,0.9710312862108922
281,0.004441407584557568,0.0,0.01093269559275709,0.9846258968226853
282,0.10775862068965517,0.1810344827586207,0.7112068965517241,0.0
283,0.34057971014492755,0.15217391304347827,0.0,0.5072463768115942
284,0.0030816640986132513,0.576271186440678,0.4206471494607088,0.0
285,0.6350574712643678,0.04310344827586207,0.0,0.3218390804597701
286,0.08301158301158301,0.0,0.08301158301158301,0.833976833976834
287,0.28752642706131076,0.5116279069767442,0.0,0.20084566596194503
288,0.0,0.6086142322097379,0.38764044943820225,0.003745318352059925
289,0.5603644646924829,0.3234624145785877,0.0,0.11617312072892938
290,0.0,0.18032786885245902,0.7684426229508197,0.05122950819672131
291,0.423841059602649,0.4370860927152318,0.0,0.1390728476821192
292,0.0,0.1391941391941392,0.7106227106227107,0.15018315018315018
293,0.2275449101796407,0.5209580838323353,0.25149700598802394,0.0
294,0.15789473684210525,0.0,0.5263157894736842,0.3157894736842105
295,0.15384615384615385,0.7472527472527473,0.0989010989010989,0.0
296,0.24,0.0,0.68,0.08
297,0.06666666666666667,0.13333333333333333,0.8,0.0
298,0.043478260869565216,0.0,0.8913043478260869,0.06521739130434782
299,0.14285714285714285,0.5714285714285714,0.0,0.2857142857142857
300,0.14285714285714285,0.0,0.7142857142857143,0.14285714285714285
301,0.0,0.0,0.0,1.0
302,1.0,0.0,0.0,0.0
303,0.0,0.0,1.0,0.0
304,1.0,0.0,0.0,0.0
305,0.0,1.0,0.0,0.0
306,0.0,0.0,1.0,0.0
307,0.0,0.0,1.0,0.0
308,,,,
309,,,,
310,,,,
311,,,,
312,,,,
