,A,C,G,T
0,,,,
1,,,,
2,0.0,0.09183673469387756,0.8367346938775511,0.07142857142857142
3,0.6101694915254238,0.23728813559322035,0.0,0.15254237288135594
4,0.19672131147540983,0.2786885245901639,0.5245901639344263,0.0
5,0.41,0.43,0.0,0.16
6,0.48484848484848486,0.0,0.36363636363636365,0.15151515151515152
7,0.0,0.175,0.625,0.2
8,0.8312236286919831,0.11814345991561181,0.0,0.05063291139240506
9,0.08947368421052632,0.0,0.24210526315789474,0.6684210526315789
10,0.16666666666666666,0.5,0.3333333333333333,0.0
11,0.5172413793103449,0.2413793103448276,0.0,0.2413793103448276
12,0.08333333333333333,0.4583333333333333,0.0,0.4583333333333333
13,0.375,0.5625,0.0625,0.0
14,0.4375,0.21875,0.0,0.34375
15,0.0,0.8571428571428571,0.0,0.14285714285714285
16,0.0,0.7096774193548387,0.06451612903225806,0.22580645161290322
17,0.8910891089108911,0.0891089108910891,0.0,0.019801980198019802
18,0.4,0.3333333333333333,0.26666666666666666,0.0
19,0.2,0.0,0.06666666666666667,0.7333333333333333
20,0.11538461538461539,0.2948717948717949,0.5897435897435898,0.0
21,0.0,0.5,0.0,0.5
22,0.23076923076923078,0.15384615384615385,0.0,0.6153846153846154
23,0.39285714285714285,0.25,0.0,0.35714285714285715
24,0.0,0.375,0.0,0.625
25,0.0,0.0,0.0,1.0
26,0.0,0.5238095238095238,0.30952380952380953,0.16666666666666666
27,0.6111111111111112,0.2222222222222222,0.0,0.16666666666666666
28,0.5955056179775281,0.33707865168539325,0.0,0.06741573033707865
29,0.17391304347826086,0.0,0.2608695652173913,0.5652173913043478
30,0.029411764705882353,0.8308823529411765,0.13970588235294118,0.0
31,0.0,0.45714285714285713,0.5428571428571428,0.0
32,0.6888888888888889,0.2,0.0,0.1111111111111111
33,0.8913043478260869,0.021739130434782608,0.0,0.08695652173913043
34,0.17543859649122806,0.7017543859649122,0.12280701754385964,0.0
35,0.0,0.25203252032520324,0.5691056910569106,0.17886178861788618
36,0.2830188679245283,0.0,0.5471698113207547,0.16981132075471697
37,0.0,0.225,0.625,0.15
38,0.7804878048780488,0.07317073170731707,0.0,0.14634146341463414
39,0.38095238095238093,0.0,0.19047619047619047,0.42857142857142855
40,0.37037037037037035,0.0,0.2222222222222222,0.4074074074074074
41,0.015625,0.609375,0.375,0.0
42,0.3333333333333333,0.0,0.0,0.6666666666666666
43,0.23076923076923078,0.23076923076923078,0.0,0.5384615384615384
44,0.375,0.0,0.32142857142857145,0.30357142857142855
45,0.0,0.18857142857142858,0.7371428571428571,0.07428571428571429
46,0.4375,0.4166666666666667,0.0,0.14583333333333334
47,0.4,0.3333333333333333,0.0,0.26666666666666666
48,0.23529411764705882,0.35294117647058826,0.4117647058823529,0.0
49,0.4090909090909091,0.0,0.18181818181818182,0.4090909090909091
50,0.3673469387755102,0.0,0.32653061224489793,0.30612244897959184
51,0.19230769230769232,0.0,0.3076923076923077,0.5
52,0.2,0.2,0.6,0.0
53,0.3968253968253968,0.5079365079365079,0.0,0.09523809523809523
54,0.0,0.7027027027027027,0.16216216216216217,0.13513513513513514
55,0.1111111111111111,0.7407407407407407,0.0,0.14814814814814814
56,0.0,0.44642857142857145,0.44642857142857145,0.10714285714285714
57,0.4166666666666667,0.0,0.3333333333333333,0.25
58,0.043478260869565216,0.717391304347826,0.2391304347826087,0.0
59,0.18867924528301888,0.0,0.39622641509433965,0.41509433962264153
60,0.14516129032258066,0.5806451612903226,0.27419354838709675,0.0
61,0.3181818181818182,0.0,0.3181818181818182,0.36363636363636365
62,0.22105263157894736,0.0,0.23157894736842105,0.5473684210526316
63,0.05,0.5,0.45,0.0
64,0.0,0.4,0.0,0.6
65,0.07407407407407407,0.7222222222222222,0.2037037037037037,0.0
66,0.5181818181818182,0.16363636363636364,0.0,0.3181818181818182
67,0.36298932384341637,0.0,0.028469750889679714,0.608540925266904
68,0.0,0.30985915492957744,0.352112676056338,0.3380281690140845
69,0.625,0.14285714285714285,0.0,0.23214285714285715
70,0.0916030534351145,0.0,0.12595419847328243,0.7824427480916031
71,0.13043478260869565,0.0,0.4057971014492754,0.463768115942029
72,0.3076923076923077,0.4153846153846154,0.27692307692307694,0.0
73,0.3333333333333333,0.0,0.16666666666666666,0.5
74,0.2028985507246377,0.36231884057971014,0.43478260869565216,0.0
75,0.2631578947368421,0.3684210526315789,0.0,0.3684210526315789
76,0.20588235294117646,0.5294117647058824,0.0,0.2647058823529412
77,0.0,0.6178861788617886,0.15447154471544716,0.22764227642276422
78,0.13541666666666666,0.40625,0.4583333333333333,0.0
79,0.13432835820895522,0.7014925373134329,0.16417910447761194,0.0
80,0.19298245614035087,0.0,0.21052631578947367,0.5964912280701754
81,0.0,0.5681818181818182,0.2727272727272727,0.1590909090909091
82,0.448,0.0,0.312,0.24
83,0.18681318681318682,0.0,0.47985347985347987,0.3333333333333333
84,0.21052631578947367,0.5657894736842105,0.2236842105263158,0.0
85,,,,
86,0.375,0.375,0.25,0.0
87,0.3615023474178404,0.5164319248826291,0.0,0.12206572769953052
88,0.0,0.2564102564102564,0.5384615384615384,0.20512820512820512
89,0.33175355450236965,0.3744075829383886,0.2938388625592417,0.0
90,0.3374233128834356,0.5521472392638037,0.0,0.11042944785276074
91,0.0,0.422360248447205,0.2919254658385093,0.2857142857142857
92,0.2552083333333333,0.5833333333333334,0.16145833333333334,0.0
93,0.1,0.8541666666666666,0.04583333333333333,0.0
94,0.0,0.2582781456953642,0.1986754966887417,0.543046357615894
95,0.05405405405405406,0.7747747747747747,0.17117117117117117,0.0
96,0.36065573770491804,0.22950819672131148,0.0,0.4098360655737705
97,0.12560386473429952,0.0,0.7004830917874396,0.17391304347826086
98,0.36,0.0,0.22,0.42
99,0.0,0.37662337662337664,0.12987012987012986,0.4935064935064935
100,0.0,0.4,0.6,0.0
101,0.3673469387755102,0.3333333333333333,0.0,0.29931972789115646
102,0.4307692307692308,0.0,0.06153846153846154,0.5076923076923077
103,0.0,0.5737704918032787,0.13114754098360656,0.29508196721311475
104,0.07692307692307693,0.0,0.07692307692307693,0.8461538461538461
105,0.058823529411764705,0.5294117647058824,0.4117647058823529,0.0
106,0.1111111111111111,0.3333333333333333,0.0,0.5555555555555556
107,0.08333333333333333,0.4166666666666667,0.0,0.5
108,0.7407407407407407,0.1111111111111111,0.0,0.14814814814814814
109,0.09090909090909091,0.5454545454545454,0.36363636363636365,0.0
110,0.2692307692307692,0.0,0.2692307692307692,0.46153846153846156
111,0.7,0.0,0.1,0.2
112,0.0,0.5,0.0,0.5
113,0.34177215189873417,0.5379746835443038,0.0,0.12025316455696203
114,0.5454545454545454,0.0,0.18181818181818182,0.2727272727272727
115,0.0,0.23529411764705882,0.35294117647058826,0.4117647058823529
116,0.0,0.2391304347826087,0.717391304347826,0.043478260869565216
117,0.4869109947643979,0.45549738219895286,0.0,0.05759162303664921
118,0.007142857142857143,0.0,0.3821428571428571,0.6107142857142858
119,0.07142857142857142,0.5535714285714286,0.375,0.0
120,0.23076923076923078,0.0,0.23076923076923078,0.5384615384615384
121,0.5,0.0,0.125,0.375
122,0.0,0.23076923076923078,0.4807692307692308,0.28846153846153844
123,0.38461538461538464,0.38461538461538464,0.0,0.23076923076923078
124,0.6521739130434783,0.13043478260869565,0.0,0.21739130434782608
125,0.5,0.44,0.0,0.06
126,0.0,0.30303030303030304,0.6363636363636364,0.06060606060606061
127,0.0,0.043478260869565216,0.8695652173913043,0.08695652173913043
128,0.3333333333333333,0.25,0.0,0.4166666666666667
129,0.0,0.2,0.0,0.8
130,0.0,0.5333333333333333,0.0,0.4666666666666667
131,0.3939393939393939,0.0,0.48484848484848486,0.12121212121212122
132,0.39285714285714285,0.0,0.39285714285714285,0.21428571428571427
133,0.0,0.52,0.48,0.0
134,0.6914893617021277,0.05319148936170213,0.0,0.2553191489361702
135,0.1935483870967742,0.41935483870967744,0.0,0.3870967741935484
136,0.0,0.13793103448275862,0.7931034482758621,0.06896551724137931
137,0.8939393939393939,0.06060606060606061,0.0,0.045454545454545456
138,0.06896551724137931,0.034482758620689655,0.896551724137931,0.0
139,0.15789473684210525,0.2631578947368421,0.0,0.5789473684210527
140,0.36363636363636365,0.2727272727272727,0.0,0.36363636363636365
141,0.7555555555555555,0.13333333333333333,0.0,0.1111111111111111
142,0.19047619047619047,0.09523809523809523,0.7142857142857143,0.0
143,0.2857142857142857,0.0,0.25,0.4642857142857143
144,0.028985507246376812,0.028985507246376812,0.9420289855072463,0.0
145,0.5625,0.0,0.3125,0.125
146,0.0,0.34782608695652173,0.4782608695652174,0.17391304347826086
147,0.7857142857142857,0.14285714285714285,0.0,0.07142857142857142
148,0.20634920634920634,0.6507936507936508,0.0,0.14285714285714285
149,0.25,0.5833333333333334,0.16666666666666666,0.0
150,0.0,0.23387096774193547,0.3387096774193548,0.4274193548387097
151,0.125,0.125,0.75,0.0
152,0.2441860465116279,0.7325581395348837,0.023255813953488372,0.0
153,0.0,0.29411764705882354,0.2994652406417112,0.40641711229946526
154,0.36828644501278773,0.23017902813299232,0.0,0.40153452685422
155,0.2265625,0.4921875,0.28125,0.0
156,0.17307692307692307,0.15384615384615385,0.6730769230769231,0.0
157,0.3211009174311927,0.26605504587155965,0.0,0.41284403669724773
158,0.2647058823529412,0.6176470588235294,0.0,0.11764705882352941
159,0.0,0.34328358208955223,0.6194029850746269,0.03731343283582089
160,0.0,0.11403508771929824,0.6754385964912281,0.21052631578947367
161,0.24166666666666667,0.5875,0.17083333333333334,0.0
162,0.0,0.03184713375796178,0.9554140127388535,0.012738853503184714
163,0.24210526315789474,0.6631578947368421,0.0,0.09473684210526316
164,0.34507042253521125,0.4647887323943662,0.19014084507042253,0.0
165,0.6074766355140186,0.27102803738317754,0.0,0.12149532710280374
166,0.6581196581196581,0.24216524216524216,0.0,0.09971509971509972
167,0.36363636363636365,0.4797979797979798,0.15656565656565657,0.0
168,0.0,0.1210762331838565,0.5650224215246636,0.31390134529147984
169,0.4939759036144578,0.2674698795180723,0.0,0.2385542168674699
170,0.24431818181818182,0.0,0.36363636363636365,0.39204545454545453
171,0.0,0.09032258064516129,0.7483870967741936,0.16129032258064516
172,0.17883211678832117,0.6167883211678832,0.20437956204379562,0.0
173,0.0,0.27848101265822783,0.5253164556962026,0.1962025316455696
174,0.5217391304347826,0.2463768115942029,0.0,0.2318840579710145
175,0.577639751552795,0.3136645962732919,0.0,0.10869565217391304
176,0.2672413793103448,0.0,0.3017241379310345,0.43103448275862066
177,0.2222222222222222,0.2777777777777778,0.5,0.0
178,0.0,0.4,0.0,0.6
179,0.0,0.9036144578313253,0.0963855421686747,0.0
180,0.23333333333333334,0.0,0.0,0.7666666666666667
181,0.06666666666666667,0.0,0.48,0.4533333333333333
182,0.6764705882352942,0.14705882352941177,0.0,0.17647058823529413
183,0.6333333333333333,0.3,0.0,0.06666666666666667
184,0.0,0.5384615384615384,0.3956043956043956,0.06593406593406594
185,0.3770491803278688,0.0,0.4098360655737705,0.21311475409836064
186,0.125,0.325,0.55,0.0
187,0.35,0.0,0.0,0.65
188,0.2631578947368421,0.4473684210526316,0.2894736842105263,0.0
189,0.75,0.16666666666666666,0.0,0.08333333333333333
190,0.05,0.25,0.7,0.0
191,0.3125,0.34375,0.0,0.34375
192,0.0,0.56,0.4,0.04
193,0.0,0.015748031496062992,0.9291338582677166,0.05511811023622047
194,0.2,0.2,0.0,0.6
195,0.4,0.1,0.0,0.5
196,0.6470588235294118,0.23529411764705882,0.0,0.11764705882352941
197,0.25,0.0,0.3,0.45
198,0.8333333333333334,0.0,0.0,0.16666666666666666
199,0.5833333333333334,0.16666666666666666,0.0,0.25
200,0.0,0.4868421052631579,0.4473684210526316,0.06578947368421052
201,0.16666666666666666,0.4166666666666667,0.4166666666666667,0.0
202,0.4444444444444444,0.2222222222222222,0.3333333333333333,0.0
203,0.13636363636363635,0.0,0.045454545454545456,0.8181818181818182
204,0.0,0.08108108108108109,0.6486486486486487,0.2702702702702703
205,0.05309734513274336,0.0,0.20353982300884957,0.7433628318584071
206,0.14285714285714285,0.0,0.2857142857142857,0.5714285714285714
207,0.0,0.13636363636363635,0.8295454545454546,0.03409090909090909
208,0.06329113924050633,0.8987341772151899,0.0379746835443038,0.0
209,0.19402985074626866,0.0,0.1791044776119403,0.6268656716417911
210,0.5555555555555556,0.07407407407407407,0.37037037037037035,0.0
211,0.5384615384615384,0.0,0.15384615384615385,0.3076923076923077
212,0.2,0.0,0.2,0.6
213,0.0,0.5434782608695652,0.43478260869565216,0.021739130434782608
214,0.23684210526315788,0.3157894736842105,0.0,0.4473684210526316
215,0.0,0.07407407407407407,0.8888888888888888,0.037037037037037035
216,0.8333333333333334,0.08333333333333333,0.0,0.08333333333333333
217,0.0,0.14285714285714285,0.6666666666666666,0.19047619047619047
218,0.21052631578947367,0.0,0.3157894736842105,0.47368421052631576
219,0.0,0.39344262295081966,0.5081967213114754,0.09836065573770492
220,0.0,0.2641509433962264,0.6981132075471698,0.03773584905660377
221,0.08641975308641975,0.0,0.5432098765432098,0.37037037037037035
222,0.5142857142857142,0.22857142857142856,0.0,0.2571428571428571
223,0.2,0.0,0.3384615384615385,0.46153846153846156
224,0.7083333333333334,0.0,0.16666666666666666,0.125
225,0.0,0.31666666666666665,0.6833333333333333,0.0
226,0.0,0.06521739130434782,0.9130434782608695,0.021739130434782608
227,0.5128205128205128,0.3076923076923077,0.0,0.1794871794871795
228,0.0,0.21621621621621623,0.5675675675675675,0.21621621621621623
229,0.0,0.15384615384615385,0.6307692307692307,0.2153846153846154
230,0.05517241379310345,0.0,0.4689655172413793,0.47586206896551725
231,0.5454545454545454,0.13131313131313133,0.32323232323232326,0.0
232,0.1095890410958904,0.0,0.0273972602739726,0.863013698630137
233,0.23636363636363636,0.0,0.10909090909090909,0.6545454545454545
234,0.16494845360824742,0.0,0.7010309278350515,0.13402061855670103
235,0.16666666666666666,0.5,0.3333333333333333,0.0
236,0.24380165289256198,0.5661157024793388,0.0,0.19008264462809918
237,0.0989010989010989,0.7582417582417582,0.14285714285714285,0.0
238,0.0,0.3357664233576642,0.0072992700729927005,0.656934306569343
239,0.0,0.8518518518518519,0.14814814814814814,0.0
240,0.08484848484848485,0.0,0.006060606060606061,0.9090909090909091
241,0.25,0.25,0.5,0.0
242,0.5735294117647058,0.16911764705882354,0.0,0.25735294117647056
243,0.03296703296703297,0.0,0.945054945054945,0.02197802197802198
244,0.0,0.058823529411764705,0.5882352941176471,0.35294117647058826
245,0.0,0.3111111111111111,0.6777777777777778,0.011111111111111112
246,0.0,0.4230769230769231,0.2692307692307692,0.3076923076923077
247,0.2,0.0,0.8,0.0
248,0.13333333333333333,0.2,0.0,0.6666666666666666
249,0.0,0.125,0.7916666666666666,0.08333333333333333
250,0.0,0.34234234234234234,0.5135135135135135,0.14414414414414414
251,0.09574468085106383,0.0,0.10638297872340426,0.7978723404255319
252,0.0,0.34615384615384615,0.5384615384615384,0.11538461538461539
253,0.7,0.21666666666666667,0.0,0.08333333333333333
254,0.0,0.7272727272727273,0.2727272727272727,0.0
255,0.05263157894736842,0.0,0.7368421052631579,0.21052631578947367
256,0.25,0.5,0.25,0.0
257,0.25882352941176473,0.6823529411764706,0.0,0.058823529411764705
258,0.0,0.4838709677419355,0.4838709677419355,0.03225806451612903
259,0.43529411764705883,0.5411764705882353,0.0,0.023529411764705882
260,0.0,0.11666666666666667,0.6833333333333333,0.2
261,0.31808278867102396,0.6710239651416122,0.0,0.010893246187363835
262,0.07723577235772358,0.0,0.24390243902439024,0.6788617886178862
263,0.18571428571428572,0.6571428571428571,0.15714285714285714,0.0
264,0.125,0.375,0.0,0.5
265,0.0,0.5384615384615384,0.38461538461538464,0.07692307692307693
266,0.4897260273972603,0.476027397260274,0.0,0.03424657534246575
267,0.3333333333333333,0.3333333333333333,0.0,0.3333333333333333
268,0.0,0.0,1.0,0.0
269,0.16666666666666666,0.0,0.08333333333333333,0.75
270,0.0,0.10714285714285714,0.39285714285714285,0.5
271,0.07142857142857142,0.0,0.21428571428571427,0.7142857142857143
272,0.3333333333333333,0.26666666666666666,0.0,0.4
273,0.6,0.2,0.0,0.2
274,0.034482758620689655,0.0,0.896551724137931,0.06896551724137931
275,0.5294117647058824,0.0,0.058823529411764705,0.4117647058823529
276,0.25196850393700787,0.4251968503937008,0.3228346456692913,0.0
277,0.2,0.5333333333333333,0.26666666666666666,0.0
278,0.42954545454545456,0.42727272727272725,0.0,0.1431818181818182
279,0.3333333333333333,0.0,0.6666666666666666,0.0
280,0.0,0.0,1.0,0.0
281,0.0,0.9577464788732394,0.04225352112676056,0.0
282,0.15384615384615385,0.7692307692307693,0.07692307692307693,0.0
283,0.0,0.039603960396039604,0.04950495049504951,0.9108910891089109
284,0.012605042016806723,0.0,0.004201680672268907,0.9831932773109243
285,0.3333333333333333,0.0,0.6666666666666666,0.0
286,0.35714285714285715,0.21428571428571427,0.0,0.42857142857142855
287,0.0,0.8,0.2,0.0
288,0.949438202247191,0.03932584269662921,0.0,0.011235955056179775
289,0.02100840336134454,0.0,0.226890756302521,0.7521008403361344
290,0.0,0.12,0.7733333333333333,0.10666666666666667
291,0.0,0.4444444444444444,0.5555555555555556,0.0
292,0.0,0.03488372093023256,0.9069767441860465,0.05813953488372093
293,0.0,0.0,0.9487179487179487,0.05128205128205128
294,0.5,0.0,0.0,0.5
295,0.0,0.42857142857142855,0.5714285714285714,0.0
296,0.014705882352941176,0.9117647058823529,0.07352941176470588,0.0
297,0.0,0.37777777777777777,0.044444444444444446,0.5777777777777777
298,0.5,0.0,0.5,0.0
299,0.0,0.25,0.5,0.25
300,1.0,0.0,0.0,0.0
301,1.0,0.0,0.0,0.0
302,,,,
303,,,,
304,1.0,0.0,0.0,0.0
305,,,,
306,1.0,0.0,0.0,0.0
307,,,,
308,,,,
309,,,,
310,,,,
311,,,,
312,,,,
313,,,,
314,,,,
315,,,,
316,,,,
317,,,,
