,A,C,G,T
0,,,,
1,,,,
2,0.9261744966442953,0.03859060402684564,0.0,0.03523489932885906
3,0.3907766990291262,0.41262135922330095,0.0,0.1966019417475728
4,0.5069686411149826,0.2073170731707317,0.2857142857142857,0.0
5,0.7643865363735071,0.1270358306188925,0.0,0.10857763300760044
6,0.19047619047619047,0.0,0.48072562358276644,0.3287981859410431
7,0.0,0.053515215110178385,0.7418677859391396,0.20461699895068206
8,0.6278355790550912,0.30479276820740236,0.0,0.0673716527375064
9,0.10174953959484347,0.0,0.1505524861878453,0.7476979742173112
10,0.248,0.696,0.056,0.0
11,0.0,0.16637257373329972,0.44542475422233424,0.38820267204436604
12,0.3493827160493827,0.0,0.6333333333333333,0.01728395061728395
13,0.0,0.0693815987933635,0.8114630467571644,0.1191553544494721
14,,,,
15,0.05439330543933055,0.0,0.8410041841004184,0.10460251046025104
16,0.0,0.21951219512195122,0.01951219512195122,0.7609756097560976
17,0.9589473684210527,0.021403508771929824,0.0,0.019649122807017545
18,0.3495798319327731,0.34789915966386553,0.3025210084033613,0.0
19,0.011019283746556474,0.4820936639118457,0.0,0.5068870523415978
20,0.07462686567164178,0.14925373134328357,0.0,0.7761194029850746
21,0.09836065573770492,0.16393442622950818,0.0,0.7377049180327869
22,0.6,0.1,0.0,0.3
23,0.08904109589041095,0.0,0.13013698630136986,0.7808219178082192
24,0.6780748663101605,0.253475935828877,0.0,0.06844919786096257
25,0.26366559485530544,0.0,0.5498392282958199,0.1864951768488746
26,0.0,0.26871552403467297,0.5066981875492513,0.22458628841607564
27,0.6682242990654206,0.2546728971962617,0.0,0.07710280373831775
28,0.39819004524886875,0.4117647058823529,0.0,0.19004524886877827
29,0.0,0.24270428015564202,0.5432879377431906,0.2140077821011673
30,0.12096774193548387,0.0,0.6682027649769585,0.2108294930875576
31,0.3230769230769231,0.38461538461538464,0.2923076923076923,0.0
32,0.4232902033271719,0.30942698706099814,0.0,0.26728280961182993
33,0.011136890951276101,0.5030162412993039,0.48584686774941993,0.0
34,0.05042016806722689,0.6176470588235294,0.3319327731092437,0.0
35,0.37770897832817335,0.20743034055727555,0.0,0.4148606811145511
36,0.0,0.6931330472103004,0.26394849785407726,0.04291845493562232
37,0.0,0.09129692832764505,0.8771331058020477,0.031569965870307165
38,0.648870636550308,0.13141683778234087,0.0,0.21971252566735114
39,0.36312849162011174,0.0,0.1634078212290503,0.473463687150838
40,0.35353535353535354,0.0,0.23232323232323232,0.41414141414141414
41,0.10739260739260739,0.7567432567432567,0.13586413586413587,0.0
42,0.22181818181818183,0.06727272727272728,0.7109090909090909,0.0
43,0.25210084033613445,0.0,0.17647058823529413,0.5714285714285714
44,0.44654088050314467,0.11949685534591195,0.0,0.4339622641509434
45,0.18992248062015504,0.562015503875969,0.0,0.24806201550387597
46,0.0,0.4166666666666667,0.4855072463768116,0.09782608695652174
47,0.33401639344262296,0.45491803278688525,0.0,0.21106557377049182
48,0.0,0.3686868686868687,0.1717171717171717,0.4595959595959596
49,0.41904761904761906,0.0,0.38571428571428573,0.19523809523809524
50,0.22247972190034762,0.0,0.2549246813441483,0.522595596755504
51,0.18466898954703834,0.0,0.3240418118466899,0.4912891986062718
52,0.2948717948717949,0.4358974358974359,0.2692307692307692,0.0
53,0.4103585657370518,0.3107569721115538,0.0,0.2788844621513944
54,0.4489795918367347,0.1360544217687075,0.41496598639455784,0.0
55,0.2420091324200913,0.0,0.1095890410958904,0.6484018264840182
56,0.23487544483985764,0.0,0.2479240806642942,0.5172004744958482
57,0.1646586345381526,0.0,0.7349397590361446,0.10040160642570281
58,0.10497237569060773,0.580110497237569,0.3149171270718232,0.0
59,0.48556430446194226,0.0,0.36876640419947504,0.14566929133858267
60,0.0,0.3782771535580524,0.19288389513108614,0.4288389513108614
61,0.4223404255319149,0.0,0.39680851063829786,0.18085106382978725
62,0.13856627953544254,0.0,0.37645174209050863,0.4849819783740489
63,0.1694915254237288,0.423728813559322,0.4067796610169492,0.0
64,0.12903225806451613,0.25806451612903225,0.0,0.6129032258064516
65,0.06477732793522267,0.0,0.020242914979757085,0.9149797570850202
66,0.6851211072664359,0.04671280276816609,0.0,0.2681660899653979
67,0.22748232400860743,0.0,0.5954503535198279,0.1770673224715647
68,0.42880128720836685,0.3588093322606597,0.21238938053097345,0.0
69,0.3931034482758621,0.38226600985221676,0.0,0.2246305418719212
70,0.13756613756613756,0.5,0.36243386243386244,0.0
71,0.09567265234030027,0.0,0.581984103620842,0.32234324403885783
72,0.3174880069777584,0.43698211949411253,0.24552987352812908,0.0
73,0.0,0.7900386431945041,0.04443967367969085,0.16552168312580506
74,0.0757238307349666,0.8092056421677802,0.11507052709725316,0.0
75,0.7255985267034991,0.1721915285451197,0.0,0.10220994475138122
76,0.6177105831533477,0.14614830813534918,0.0,0.2361411087113031
77,0.280559646539028,0.4366715758468336,0.28276877761413843,0.0
78,0.49902912621359224,0.14757281553398058,0.0,0.3533980582524272
79,0.6003510825043885,0.26974839087185487,0.0,0.1299005266237566
80,0.3938375350140056,0.42128851540616247,0.0,0.18487394957983194
81,0.3536269430051813,0.4475388601036269,0.19883419689119172,0.0
82,0.3888888888888889,0.0,0.16666666666666666,0.4444444444444444
83,0.20393620631150322,0.0,0.330844927044452,0.46521886664404477
84,0.13180901143241425,0.7898453261600538,0.07834566240753195,0.0
85,0.3551673944687045,0.5836972343522562,0.0611353711790393,0.0
86,0.3671309192200557,0.0,0.26796657381615596,0.3649025069637883
87,0.0,0.3166556945358789,0.5641869651086241,0.11915734035549704
88,0.4791048184517013,0.4411966202329299,0.0,0.0796985613153688
89,0.17395626242544732,0.47763419483101394,0.34840954274353875,0.0
90,0.6601607347876005,0.21201683888251052,0.0,0.12782242632988902
91,0.6708991584231507,0.29809537870958214,0.0,0.03100546286726709
92,0.264715554094048,0.5106872739230516,0.22459717198290036,0.0
93,0.223221586263287,0.5797219950940311,0.19705641864268192,0.0
94,0.0,0.2843786521231009,0.06427736657576938,0.6513439813011297
95,0.036654448517160945,0.0,0.048983672109296904,0.9143618793735422
96,0.10779696493982208,0.7414965986394558,0.15070643642072212,0.0
97,0.0,0.3458252962248553,0.12152108018737945,0.5326536235877652
98,0.02976952624839949,0.0,0.19878361075544174,0.7714468629961587
99,0.1891891891891892,0.4,0.41081081081081083,0.0
100,0.3120567375886525,0.06855791962174941,0.0,0.6193853427895981
101,0.03218390804597701,0.6298850574712643,0.0,0.33793103448275863
102,0.0,0.1843501326259947,0.7526525198938993,0.0629973474801061
103,0.3338439933614196,0.616366653900166,0.0,0.0497893527384144
104,0.029759478189971465,0.0,0.11129229514879739,0.8589482266612312
105,0.017543859649122806,0.3684210526315789,0.6140350877192983,0.0
106,0.2,0.05555555555555555,0.0,0.7444444444444445
107,0.08653846153846154,0.375,0.0,0.5384615384615384
108,0.0,0.19790888722927558,0.7460791635548917,0.05601194921583271
109,0.1111111111111111,0.7430555555555556,0.14583333333333334,0.0
110,0.14552529182879378,0.0,0.05291828793774319,0.8015564202334631
111,0.5977011494252874,0.0,0.13793103448275862,0.26436781609195403
112,0.40540540540540543,0.14864864864864866,0.0,0.44594594594594594
113,0.11801596351197263,0.0,0.3055872291904219,0.5763968072976055
114,0.2785714285714286,0.0,0.40714285714285714,0.3142857142857143
115,0.0,0.11278195488721804,0.29699248120300753,0.5902255639097744
116,0.5617283950617284,0.2757201646090535,0.0,0.16255144032921812
117,0.1908735332464146,0.0,0.20078226857887874,0.6083441981747066
118,0.08717948717948718,0.0,0.17606837606837608,0.7367521367521368
119,0.1956521739130435,0.0,0.19908466819221968,0.6052631578947368
120,0.16467065868263472,0.0,0.25149700598802394,0.5838323353293413
121,0.6666666666666666,0.0,0.11666666666666667,0.21666666666666667
122,0.0,0.7359909740503949,0.17224520496427229,0.09176382098533283
123,0.24761904761904763,0.6309523809523809,0.0,0.12142857142857143
124,0.5197521301316809,0.15104570100697134,0.0,0.3292021688613478
125,0.6526589810338416,0.11937523242841205,0.0,0.22796578653774638
126,0.0,0.4393305439330544,0.5355648535564853,0.02510460251046025
127,0.0,0.3147208121827411,0.5873096446700508,0.09796954314720813
128,0.6637168141592921,0.17256637168141592,0.0,0.16371681415929204
129,0.59375,0.334375,0.0,0.071875
130,0.45,0.446875,0.0,0.103125
131,0.592373572593801,0.24510603588907015,0.0,0.16252039151712888
132,0.4132420091324201,0.0,0.0273972602739726,0.5593607305936074
133,0.01598173515981735,0.860730593607306,0.1232876712328767,0.0
134,0.5938748335552596,0.2170439414114514,0.0,0.18908122503328895
135,0.11428571428571428,0.8346938775510204,0.0,0.05102040816326531
136,0.0,0.3483606557377049,0.4262295081967213,0.22540983606557377
137,0.9043869516310461,0.048931383577052866,0.0,0.046681664791901015
138,0.05952380952380952,0.13095238095238096,0.8095238095238095,0.0
139,0.3103448275862069,0.14367816091954022,0.0,0.5459770114942529
140,0.06329113924050633,0.5759493670886076,0.0,0.36075949367088606
141,0.0,0.642512077294686,0.32286634460547503,0.03462157809983897
142,0.1864406779661017,0.2711864406779661,0.5423728813559322,0.0
143,0.17654028436018956,0.4555687203791469,0.3678909952606635,0.0
144,0.2028985507246377,0.08695652173913043,0.0,0.7101449275362319
145,0.014666666666666666,0.908,0.0,0.07733333333333334
146,0.6491228070175439,0.20368718406184955,0.0,0.1471900089206066
147,0.4391765439800374,0.529008109794136,0.0,0.031815346225826574
148,0.0,0.27848101265822783,0.629746835443038,0.09177215189873418
149,0.0,0.2777607831141022,0.6264912817375344,0.09574793514836341
150,0.0,0.05640373197625106,0.8829516539440203,0.060644614079728584
151,0.038910505836575876,0.5642023346303502,0.3968871595330739,0.0
152,0.31212540341171047,0.0,0.12863070539419086,0.5592438911940987
153,0.0,0.26975397973950793,0.5293777134587554,0.20086830680173662
154,0.0,0.3286842105263158,0.5671052631578948,0.10421052631578948
155,0.11695544554455446,0.7487623762376238,0.1342821782178218,0.0
156,0.08769829392397485,0.0,0.5534271176294523,0.3588745884465729
157,0.0,0.34051962410171366,0.44112769485903813,0.2183526810392482
158,0.17253688719657306,0.6361256544502618,0.19133745835316515,0.0
159,0.0,0.29254829806807725,0.6393744250229991,0.06807727690892364
160,0.4284332688588008,0.3662959381044487,0.0,0.20527079303675047
161,0.39825581395348836,0.3770764119601329,0.22466777408637872,0.0
162,0.4565826330532213,0.3557422969187675,0.0,0.1876750700280112
163,0.6341085271317829,0.22015503875968992,0.0,0.14573643410852713
164,0.0,0.42188147534189807,0.4927476170741815,0.08537090758392044
165,0.0,0.1833699097781029,0.6808095586442331,0.135820531577664
166,0.5290748898678415,0.3162995594713656,0.0,0.15462555066079295
167,0.3789785344189489,0.0,0.230693313594868,0.3903281519861831
168,0.0,0.2576,0.5664,0.176
169,0.10709838107098381,0.0,0.41469489414694893,0.47820672478206727
170,0.31704337202199145,0.0,0.31459987782529014,0.3683567501527184
171,0.0,0.19302152932442465,0.5189309576837416,0.28804751299183373
172,0.0,0.4975954738330976,0.3004243281471004,0.201980198019802
173,0.21622769753610874,0.0,0.34600679694137637,0.43776550552251486
174,0.2863247863247863,0.3401709401709402,0.3735042735042735,0.0
175,0.0,0.45045045045045046,0.1313813813813814,0.41816816816816815
176,0.07730535615681944,0.0,0.08558807288790723,0.8371065709552733
177,0.0,0.551622418879056,0.3579154375614553,0.09046214355948869
178,0.0,0.24444444444444444,0.6502057613168725,0.10534979423868313
179,0.04851004851004851,0.0,0.14252714252714252,0.8089628089628089
180,0.1347728965003723,0.0,0.304542069992554,0.5606850335070737
181,0.2507042253521127,0.0,0.27323943661971833,0.476056338028169
182,0.3252858958068615,0.43456162642947904,0.0,0.24015247776365947
183,0.18993839835728954,0.20636550308008214,0.6036960985626283,0.0
184,0.4488888888888889,0.0,0.10666666666666667,0.4444444444444444
185,0.19245049504950495,0.0,0.3180693069306931,0.48948019801980197
186,0.12949640287769784,0.0,0.18992805755395684,0.6805755395683454
187,0.16834170854271358,0.11055276381909548,0.7211055276381909,0.0
188,0.24795081967213115,0.0,0.47540983606557374,0.2766393442622951
189,0.0,0.2966777408637874,0.659468438538206,0.043853820598006646
190,0.0,0.1912924237230031,0.6811792937949949,0.12752828248200207
191,0.3567046450482033,0.530236634531113,0.0,0.11305872042068361
192,0.0,0.17217716781035558,0.7872738615096694,0.040548970679975045
193,0.381294964028777,0.5269784172661871,0.0,0.09172661870503597
194,0.11996572407883462,0.5929734361610969,0.2870608397600686,0.0
195,0.40609137055837563,0.0,0.47715736040609136,0.116751269035533
196,0.3112244897959184,0.21428571428571427,0.0,0.4744897959183674
197,0.0,0.35623946037099496,0.5716694772344013,0.07209106239460371
198,0.2849851127179923,0.6490854955338154,0.0,0.06592939174819226
199,0.022396416573348264,0.7726763717805151,0.20492721164613661,0.0
200,0.2820976491862568,0.0,0.36980108499095843,0.34810126582278483
201,0.0,0.048731373338703185,0.3793797825211438,0.5718888441401531
202,0.18402039949001275,0.0,0.4067148321291968,0.40926476838079046
203,0.2112869924294563,0.0,0.22436338609772882,0.5643496214728149
204,0.0,0.30099632931305714,0.42003146303093863,0.27897220765600417
205,0.10185185185185185,0.3611111111111111,0.5370370370370371,0.0
206,0.0,0.199501573976915,0.47088142707240294,0.3296169989506821
207,0.3952,0.0704,0.5344,0.0
208,0.11421319796954314,0.0,0.06725888324873096,0.8185279187817259
209,0.0,0.3527682508574228,0.38388045075943167,0.2633512983831455
210,0.6167754897036665,0.26787209107651094,0.0,0.11535241921982253
211,0.15065821550463188,0.5163334958556801,0.33300828863968795,0.0
212,0.0,0.2409062885326757,0.4631627620221948,0.2959309494451295
213,0.4012605042016807,0.29831932773109243,0.0,0.3004201680672269
214,0.0,0.44966442953020136,0.37919463087248323,0.17114093959731544
215,0.28403361344537814,0.0,0.38823529411764707,0.3277310924369748
216,0.0,0.3280796350062215,0.4313562836997097,0.24056408129406884
217,0.24730679156908666,0.0,0.3110070257611241,0.4416861826697892
218,0.44934172867773325,0.3995420721236405,0.0,0.1511161991986262
219,0.1699429296131896,0.3253012048192771,0.5047558655675333,0.0
220,0.3311546840958606,0.0,0.11982570806100218,0.5490196078431373
221,0.08641462401329456,0.0,0.6152887411715828,0.2982966348151226
222,0.0,0.5517909002904162,0.39012584704743464,0.05808325266214908
223,0.0,0.1936914736323312,0.6338097585017249,0.17249876786594381
224,0.2732018561484919,0.5237819025522041,0.0,0.20301624129930396
225,0.0,0.30246913580246915,0.519753086419753,0.17777777777777778
226,0.0,0.14219729462223687,0.7558561530847905,0.10194655229297261
227,0.09564309161444345,0.0,0.27797672336615936,0.6263801850193972
228,0.2016895459345301,0.0,0.7011615628299894,0.09714889123548047
229,0.0,0.17045454545454544,0.6704545454545454,0.1590909090909091
230,0.6867440138237472,0.2510491236731671,0.0,0.06220686250308566
231,0.253293187805796,0.12081294693263078,0.6258938652615732,0.0
232,0.2857142857142857,0.18452380952380953,0.5297619047619048,0.0
233,0.07278208440999138,0.0,0.2454780361757106,0.681739879414298
234,0.31625835189309576,0.0645879732739421,0.6191536748329621,0.0
235,0.2509505703422053,0.0,0.026615969581749048,0.7224334600760456
236,0.2819644369178662,0.0,0.1642675698560542,0.5537679932260796
237,0.1845184518451845,0.0,0.10531053105310531,0.7101710171017102
238,0.11261261261261261,0.12162162162162163,0.7657657657657657,0.0
239,0.4526098901098901,0.3708791208791209,0.0,0.17651098901098902
240,0.0,0.45659928656361476,0.5172413793103449,0.026159334126040427
241,0.0,0.2158699808795411,0.7437858508604207,0.04034416826003824
242,0.49078850405305824,0.3367722918201916,0.0,0.17243920412675018
243,0.17846062933963658,0.0,0.23711035603486483,0.5844290146254986
244,0.2549800796812749,0.17131474103585656,0.5737051792828686,0.0
245,0.5308908045977011,0.33045977011494254,0.0,0.13864942528735633
246,0.0,0.2784743991640543,0.42528735632183906,0.2962382445141066
247,0.3083621969322118,0.620781791192479,0.0,0.07085601187530925
248,0.07470101195952161,0.0,0.5129714811407544,0.41232750689972403
249,0.19342359767891681,0.1702127659574468,0.6363636363636364,0.0
250,0.4334470989761092,0.0,0.14675767918088736,0.4197952218430034
251,0.20225422667501566,0.5817157169693175,0.21603005635566688,0.0
252,0.4007220216606498,0.5207581227436823,0.0,0.07851985559566788
253,0.02895752895752896,0.6505791505791506,0.3204633204633205,0.0
254,0.19898391193903472,0.554614733276884,0.0,0.2464013547840813
255,0.0,0.07886435331230283,0.6813880126182965,0.23974763406940064
256,0.2,0.0,0.5255555555555556,0.27444444444444444
257,0.21212121212121213,0.0,0.16988062442607896,0.6179981634527089
258,0.4678362573099415,0.2543859649122807,0.0,0.2777777777777778
259,0.149812734082397,0.0,0.13982521847690388,0.7103620474406991
260,0.37104072398190047,0.0,0.2579185520361991,0.37104072398190047
261,0.7189873417721518,0.030379746835443037,0.0,0.25063291139240507
262,0.45625,0.0,0.346875,0.196875
263,0.5651149086623453,0.11608721272834413,0.0,0.3187978786093105
264,0.32558139534883723,0.06976744186046512,0.0,0.6046511627906976
265,0.0,0.30864197530864196,0.49382716049382713,0.19753086419753085
266,0.2800982800982801,0.0,0.11056511056511056,0.6093366093366094
267,0.0,0.019623233908948195,0.44505494505494503,0.5353218210361067
268,0.09663865546218488,0.0,0.22268907563025211,0.680672268907563
269,0.5133214920071048,0.27708703374777977,0.0,0.20959147424511546
270,0.2722772277227723,0.0297029702970297,0.0,0.698019801980198
271,0.020788912579957356,0.0,0.9626865671641791,0.01652452025586354
272,0.27319587628865977,0.6025773195876288,0.12422680412371134,0.0
273,0.6214447520765165,0.30833123584193306,0.0,0.07022401208155046
274,0.1640706126687435,0.660436137071651,0.1754932502596054,0.0
275,0.3065402339595888,0.37858915278270117,0.0,0.31487061325771004
276,0.042105263157894736,0.12631578947368421,0.8315789473684211,0.0
277,0.0,0.07727272727272727,0.09545454545454546,0.8272727272727273
278,0.00718954248366013,0.9339869281045752,0.058823529411764705,0.0
279,0.0763888888888889,0.2916666666666667,0.6319444444444444,0.0
280,0.0,0.03289473684210526,0.016274238227146815,0.9508310249307479
281,0.011816433086012641,0.0,0.013740038472107722,0.9744435284418796
282,0.18235294117647058,0.13823529411764707,0.6794117647058824,0.0
283,0.2648221343873518,0.19367588932806323,0.0,0.541501976284585
284,0.0032679738562091504,0.701797385620915,0.2949346405228758,0.0
285,0.528,0.0352,0.0,0.4368
286,0.1605351170568562,0.0,0.14938684503901895,0.6900780379041248
287,0.44235924932975873,0.3780160857908847,0.0,0.17962466487935658
288,0.0,0.6740403383214053,0.32335718932986335,0.002602472348731295
289,0.4134831460674157,0.36404494382022473,0.0,0.22247191011235956
290,0.0,0.11403508771929824,0.7916666666666666,0.09429824561403509
291,0.42570281124497994,0.3855421686746988,0.0,0.18875502008032127
292,0.23076923076923078,0.39903846153846156,0.0,0.3701923076923077
293,0.28125,0.0,0.109375,0.609375
294,0.12631578947368421,0.0,0.21578947368421053,0.6578947368421053
295,0.24519230769230768,0.24519230769230768,0.5096153846153846,0.0
296,0.2682926829268293,0.0,0.2926829268292683,0.43902439024390244
297,0.058823529411764705,0.5588235294117647,0.38235294117647056,0.0
298,0.10869565217391304,0.0,0.10869565217391304,0.782608695652174
299,0.13333333333333333,0.6666666666666666,0.0,0.2
300,0.0,0.0,0.42105263157894735,0.5789473684210527
301,0.0,0.4,0.4,0.2
302,0.2,0.0,0.2,0.6
303,0.0,0.6,0.0,0.4
304,0.3333333333333333,0.0,0.0,0.6666666666666666
305,0.0,0.3333333333333333,0.6666666666666666,0.0
306,,,,
307,0.0,0.0,0.0,1.0
308,,,,
309,,,,
310,,,,
311,,,,
312,,,,
