,A,C,G,T
0,,,,
1,,,,
2,,,,
3,0.16666666666666666,0.8333333333333334,0.0,0.0
4,,,,
5,1.0,0.0,0.0,0.0
6,1.0,0.0,0.0,0.0
7,,,,
8,,,,
9,0.3333333333333333,0.0,0.0,0.6666666666666666
10,,,,
11,0.5,0.5,0.0,0.0
12,,,,
13,0.0,0.0,1.0,0.0
14,0.5,0.5,0.0,0.0
15,0.0,1.0,0.0,0.0
16,,,,
17,,,,
18,,,,
19,0.0,0.0,1.0,0.0
20,1.0,0.0,0.0,0.0
21,,,,
22,,,,
23,,,,
24,0.0,0.0,1.0,0.0
25,,,,
26,0.0,0.0,0.5,0.5
27,,,,
28,,,,
29,0.0,0.0,1.0,0.0
30,0.0,0.0,0.0,1.0
31,0.0,0.0,1.0,0.0
32,,,,
33,0.5,0.0,0.0,0.5
34,0.0,1.0,0.0,0.0
35,,,,
36,0.0,0.0,1.0,0.0
37,0.0,0.0,1.0,0.0
38,,,,
39,,,,
40,0.0,0.0,0.0,1.0
41,0.0,1.0,0.0,0.0
42,,,,
43,,,,
44,0.0,0.0,0.0,1.0
45,0.0,1.0,0.0,0.0
46,0.0,0.0,1.0,0.0
47,,,,
48,0.0,0.0,0.0,1.0
49,,,,
50,0.0,0.0,0.0,1.0
51,0.5,0.0,0.5,0.0
52,,,,
53,,,,
54,,,,
55,,,,
56,1.0,0.0,0.0,0.0
57,,,,
58,,,,
59,,,,
60,,,,
61,1.0,0.0,0.0,0.0
62,0.3333333333333333,0.0,0.6666666666666666,0.0
63,,,,
64,,,,
65,0.0,0.0,0.0,1.0
66,0.0,0.0,1.0,0.0
67,0.25,0.0,0.75,0.0
68,,,,
69,,,,
70,,,,
71,0.0,0.0,1.0,0.0
72,0.0,1.0,0.0,0.0
73,1.0,0.0,0.0,0.0
74,,,,
75,,,,
76,0.0,0.0,0.0,1.0
77,0.3333333333333333,0.0,0.6666666666666666,0.0
78,,,,
79,0.3333333333333333,0.3333333333333333,0.0,0.3333333333333333
80,0.0,0.0,0.5,0.5
81,0.0,0.6666666666666666,0.3333333333333333,0.0
82,,,,
83,,,,
84,0.7142857142857143,0.0,0.0,0.2857142857142857
85,0.0,1.0,0.0,0.0
86,0.0,0.0,0.0,1.0
87,,,,
88,0.25,0.75,0.0,0.0
89,0.0,0.0,0.0,1.0
90,0.0,0.5,0.5,0.0
91,0.4,0.4,0.0,0.2
92,0.4,0.6,0.0,0.0
93,0.9,0.1,0.0,0.0
94,0.75,0.25,0.0,0.0
95,0.3333333333333333,0.6666666666666666,0.0,0.0
96,0.0,0.6666666666666666,0.3333333333333333,0.0
97,0.2857142857142857,0.7142857142857143,0.0,0.0
98,0.0,1.0,0.0,0.0
99,1.0,0.0,0.0,0.0
100,0.0,0.3333333333333333,0.0,0.6666666666666666
101,0.2,0.0,0.0,0.8
102,,,,
103,0.0,0.3333333333333333,0.6666666666666666,0.0
104,0.0,0.0,0.3333333333333333,0.6666666666666666
105,,,,
106,,,,
107,,,,
108,0.0,0.0,0.8333333333333334,0.16666666666666666
109,0.5,0.5,0.0,0.0
110,0.0,0.0,0.0,1.0
111,0.0,1.0,0.0,0.0
112,,,,
113,,,,
114,0.0,0.2,0.8,0.0
115,,,,
116,0.0,0.0,0.0,1.0
117,,,,
118,,,,
119,0.1,0.8,0.0,0.1
120,,,,
121,,,,
122,,,,
123,0.25,0.0,0.25,0.5
124,,,,
125,,,,
126,,,,
127,,,,
128,0.0,0.5,0.0,0.5
129,,,,
130,1.0,0.0,0.0,0.0
131,1.0,0.0,0.0,0.0
132,0.0,0.0,1.0,0.0
133,,,,
134,1.0,0.0,0.0,0.0
135,0.6666666666666666,0.3333333333333333,0.0,0.0
136,0.0,1.0,0.0,0.0
137,0.0,0.75,0.25,0.0
138,,,,
139,0.0,1.0,0.0,0.0
140,1.0,0.0,0.0,0.0
141,,,,
142,0.0,0.0,1.0,0.0
143,1.0,0.0,0.0,0.0
144,,,,
145,,,,
146,,,,
147,0.0,0.5,0.0,0.5
148,,,,
149,0.5,0.5,0.0,0.0
150,,,,
151,0.0,1.0,0.0,0.0
152,0.0,0.0,0.8571428571428571,0.14285714285714285
153,0.7777777777777778,0.1111111111111111,0.1111111111111111,0.0
154,0.0,0.0,1.0,0.0
155,0.5,0.5,0.0,0.0
156,0.0,0.5,0.25,0.25
157,0.0,1.0,0.0,0.0
158,0.0,0.0,0.0,1.0
159,0.6666666666666666,0.3333333333333333,0.0,0.0
160,0.0,1.0,0.0,0.0
161,0.5,0.5,0.0,0.0
162,0.3333333333333333,0.6666666666666666,0.0,0.0
163,0.0,0.5,0.25,0.25
164,0.0,0.0,0.0,1.0
165,0.0,0.6666666666666666,0.0,0.3333333333333333
166,0.0,1.0,0.0,0.0
167,1.0,0.0,0.0,0.0
168,0.0,1.0,0.0,0.0
169,0.5,0.5,0.0,0.0
170,1.0,0.0,0.0,0.0
171,0.0,1.0,0.0,0.0
172,0.5,0.5,0.0,0.0
173,0.5,0.0,0.25,0.25
174,0.0,0.0,1.0,0.0
175,1.0,0.0,0.0,0.0
176,1.0,0.0,0.0,0.0
177,0.0,0.16666666666666666,0.16666666666666666,0.6666666666666666
178,0.0,0.0,0.14285714285714285,0.8571428571428571
179,0.0,0.0,0.5,0.5
180,0.0,0.5,0.5,0.0
181,0.0,0.0,0.0,1.0
182,0.0,0.0,0.25,0.75
183,,,,
184,,,,
185,0.0,0.0,0.25,0.75
186,0.0,0.0,1.0,0.0
187,,,,
188,0.0,0.0,1.0,0.0
189,1.0,0.0,0.0,0.0
190,,,,
191,1.0,0.0,0.0,0.0
192,0.0,0.0,0.3333333333333333,0.6666666666666666
193,,,,
194,,,,
195,0.0,0.5,0.3333333333333333,0.16666666666666666
196,0.0,0.5,0.5,0.0
197,1.0,0.0,0.0,0.0
198,0.0,0.0,1.0,0.0
199,1.0,0.0,0.0,0.0
200,0.3333333333333333,0.6666666666666666,0.0,0.0
201,,,,
202,,,,
203,0.0,0.5,0.5,0.0
204,0.3333333333333333,0.3333333333333333,0.0,0.3333333333333333
205,,,,
206,,,,
207,0.0,0.0,0.5,0.5
208,0.0,0.0,0.3333333333333333,0.6666666666666666
209,0.0,0.0,0.0,1.0
210,0.0,0.0,0.0,1.0
211,,,,
212,0.0,0.125,0.375,0.5
213,0.0,0.0,1.0,0.0
214,0.0,0.0,0.0,1.0
215,0.0,0.7142857142857143,0.0,0.2857142857142857
216,0.0,0.0,0.0,1.0
217,0.0,0.5,0.5,0.0
218,0.0,0.125,0.5,0.375
219,,,,
220,,,,
221,,,,
222,0.0,0.3333333333333333,0.3333333333333333,0.3333333333333333
223,0.0,0.0,1.0,0.0
224,1.0,0.0,0.0,0.0
225,0.0,0.0,1.0,0.0
226,,,,
227,0.3333333333333333,0.0,0.3333333333333333,0.3333333333333333
228,,,,
229,0.0,0.0,1.0,0.0
230,,,,
231,,,,
232,0.0,0.5,0.5,0.0
233,0.0,0.0,0.0,1.0
234,0.5,0.0,0.5,0.0
235,,,,
236,1.0,0.0,0.0,0.0
237,0.0,0.0,1.0,0.0
238,,,,
239,0.0,0.0,1.0,0.0
240,0.0,0.0,1.0,0.0
241,0.0,0.0,0.0,1.0
242,,,,
243,1.0,0.0,0.0,0.0
244,,,,
245,0.3333333333333333,0.3333333333333333,0.0,0.3333333333333333
246,0.0,0.5,0.5,0.0
247,0.0,1.0,0.0,0.0
248,0.3333333333333333,0.3333333333333333,0.0,0.3333333333333333
249,0.0,0.0,0.2,0.8
250,,,,
251,1.0,0.0,0.0,0.0
252,0.0,0.0,0.0,1.0
253,0.7142857142857143,0.0,0.0,0.2857142857142857
254,0.3333333333333333,0.0,0.3333333333333333,0.3333333333333333
255,0.0,0.5,0.5,0.0
256,0.0,0.0,1.0,0.0
257,0.3333333333333333,0.3333333333333333,0.3333333333333333,0.0
258,0.3333333333333333,0.3333333333333333,0.0,0.3333333333333333
259,0.5,0.5,0.0,0.0
260,0.6,0.4,0.0,0.0
261,0.0,0.0,1.0,0.0
262,,,,
263,,,,
264,,,,
265,,,,
266,0.6,0.0,0.4,0.0
267,,,,
268,,,,
269,,,,
270,,,,
271,,,,
272,,,,
273,,,,
274,0.0,0.0,1.0,0.0
275,0.0,0.0,0.0,1.0
276,0.25,0.75,0.0,0.0
277,,,,
278,0.125,0.5,0.0,0.375
279,,,,
280,0.0,0.0,0.0,1.0
281,0.0,1.0,0.0,0.0
282,,,,
283,0.0,0.0,0.0,1.0
284,0.0,0.0,0.0,1.0
285,,,,
286,,,,
287,,,,
288,,,,
289,,,,
290,,,,
291,,,,
292,,,,
293,,,,
294,,,,
295,,,,
296,,,,
297,,,,
298,,,,
299,,,,
300,,,,
301,,,,
302,,,,
303,,,,
304,,,,
305,,,,
306,,,,
