,A,C,G,T
0,,,,
1,,,,
2,1.0,0.0,0.0,0.0
3,0.6666666666666666,0.0,0.0,0.3333333333333333
4,0.8,0.0,0.2,0.0
5,0.4,0.6,0.0,0.0
6,1.0,0.0,0.0,0.0
7,0.0,0.0,1.0,0.0
8,0.5625,0.375,0.0,0.0625
9,0.1111111111111111,0.0,0.2222222222222222,0.6666666666666666
10,,,,
11,0.5,0.25,0.0,0.25
12,0.4,0.42857142857142855,0.17142857142857143,0.0
13,0.5,0.5,0.0,0.0
14,0.5,0.5,0.0,0.0
15,0.0,1.0,0.0,0.0
16,,,,
17,0.75,0.125,0.0,0.125
18,0.0,0.5,0.5,0.0
19,,,,
20,0.0,0.0,1.0,0.0
21,,,,
22,0.0,1.0,0.0,0.0
23,0.0,0.0,0.0,1.0
24,,,,
25,,,,
26,0.0,0.8,0.2,0.0
27,0.6666666666666666,0.3333333333333333,0.0,0.0
28,0.6363636363636364,0.36363636363636365,0.0,0.0
29,1.0,0.0,0.0,0.0
30,0.0,1.0,0.0,0.0
31,,,,
32,0.0,0.75,0.0,0.25
33,,,,
34,,,,
35,,,,
36,0.0,0.0,1.0,0.0
37,,,,
38,,,,
39,0.0,0.0,1.0,0.0
40,,,,
41,0.0,0.0,1.0,0.0
42,,,,
43,0.0,0.0,0.0,1.0
44,0.0,0.5,0.5,0.0
45,0.0,0.0,0.0,1.0
46,,,,
47,0.0,0.25,0.0,0.75
48,0.0,0.0,1.0,0.0
49,,,,
50,,,,
51,0.0,0.0,0.9090909090909091,0.09090909090909091
52,,,,
53,0.6666666666666666,0.3333333333333333,0.0,0.0
54,0.0,1.0,0.0,0.0
55,0.0,1.0,0.0,0.0
56,0.0,0.6666666666666666,0.0,0.3333333333333333
57,,,,
58,0.0,1.0,0.0,0.0
59,0.0,0.0,0.6666666666666666,0.3333333333333333
60,0.3333333333333333,0.3333333333333333,0.3333333333333333,0.0
61,0.0,0.0,1.0,0.0
62,0.2,0.0,0.8,0.0
63,0.0,1.0,0.0,0.0
64,,,,
65,,,,
66,0.42857142857142855,0.2857142857142857,0.0,0.2857142857142857
67,0.3076923076923077,0.0,0.0,0.6923076923076923
68,0.0,0.07692307692307693,0.6923076923076923,0.23076923076923078
69,0.8,0.0,0.0,0.2
70,0.0,0.0,0.0,1.0
71,0.0,0.0,1.0,0.0
72,,,,
73,,,,
74,0.3333333333333333,0.5,0.16666666666666666,0.0
75,1.0,0.0,0.0,0.0
76,1.0,0.0,0.0,0.0
77,0.0,0.6,0.0,0.4
78,0.0,1.0,0.0,0.0
79,0.0,1.0,0.0,0.0
80,0.3333333333333333,0.0,0.0,0.6666666666666666
81,0.0,0.3333333333333333,0.5,0.16666666666666666
82,0.2727272727272727,0.0,0.45454545454545453,0.2727272727272727
83,0.6,0.0,0.25,0.15
84,0.6,0.4,0.0,0.0
85,1.0,0.0,0.0,0.0
86,1.0,0.0,0.0,0.0
87,0.0,0.4166666666666667,0.5,0.08333333333333333
88,0.6,0.26666666666666666,0.0,0.13333333333333333
89,0.3333333333333333,0.5833333333333334,0.08333333333333333,0.0
90,0.0,0.0,0.0,1.0
91,0.0,0.8,0.0,0.2
92,0.0,0.0,0.0,1.0
93,0.36363636363636365,0.5454545454545454,0.09090909090909091,0.0
94,0.0,0.59375,0.03125,0.375
95,0.0,0.0,0.058823529411764705,0.9411764705882353
96,0.14285714285714285,0.8571428571428571,0.0,0.0
97,0.0,0.1,0.0,0.9
98,0.08333333333333333,0.0,0.0,0.9166666666666666
99,0.0,0.6666666666666666,0.16666666666666666,0.16666666666666666
100,,,,
101,,,,
102,0.0,0.0,0.6,0.4
103,0.1724137931034483,0.7586206896551724,0.0,0.06896551724137931
104,0.0,0.0,0.047619047619047616,0.9523809523809523
105,0.0,0.0,1.0,0.0
106,,,,
107,0.0,1.0,0.0,0.0
108,0.0,0.0,0.875,0.125
109,0.0,0.0,1.0,0.0
110,0.2857142857142857,0.0,0.0,0.7142857142857143
111,,,,
112,,,,
113,0.16666666666666666,0.0,0.3333333333333333,0.5
114,,,,
115,0.0,0.3333333333333333,0.3333333333333333,0.3333333333333333
116,1.0,0.0,0.0,0.0
117,0.25,0.625,0.0,0.125
118,0.0,0.0,0.4444444444444444,0.5555555555555556
119,0.0,0.75,0.25,0.0
120,,,,
121,,,,
122,0.0,0.4,0.4,0.2
123,0.0,0.0,0.0,1.0
124,,,,
125,0.7777777777777778,0.0,0.0,0.2222222222222222
126,0.0,0.0,1.0,0.0
127,0.0,0.0,0.6666666666666666,0.3333333333333333
128,0.6666666666666666,0.0,0.0,0.3333333333333333
129,,,,
130,0.6666666666666666,0.0,0.0,0.3333333333333333
131,0.7142857142857143,0.14285714285714285,0.0,0.14285714285714285
132,0.3333333333333333,0.0,0.3333333333333333,0.3333333333333333
133,0.0,0.6666666666666666,0.3333333333333333,0.0
134,0.0,0.0,0.0,1.0
135,0.8,0.2,0.0,0.0
136,0.0,0.14285714285714285,0.8571428571428571,0.0
137,0.6666666666666666,0.16666666666666666,0.0,0.16666666666666666
138,0.0,0.0,1.0,0.0
139,0.6,0.0,0.0,0.4
140,0.25,0.5,0.0,0.25
141,0.5909090909090909,0.3181818181818182,0.0,0.09090909090909091
142,0.0,0.5,0.5,0.0
143,0.15384615384615385,0.7692307692307693,0.07692307692307693,0.0
144,0.0,0.0,1.0,0.0
145,0.4,0.0,0.6,0.0
146,0.0,0.2,0.6,0.2
147,0.25,0.75,0.0,0.0
148,0.0,0.09090909090909091,0.09090909090909091,0.8181818181818182
149,0.07692307692307693,0.0,0.07692307692307693,0.8461538461538461
150,0.0,0.0,0.6,0.4
151,0.0,0.0,1.0,0.0
152,0.10526315789473684,0.8421052631578947,0.05263157894736842,0.0
153,0.0,0.3333333333333333,0.6666666666666666,0.0
154,0.5833333333333334,0.3333333333333333,0.0,0.08333333333333333
155,0.0,0.14285714285714285,0.8571428571428571,0.0
156,0.0,0.5806451612903226,0.3225806451612903,0.0967741935483871
157,0.30434782608695654,0.5217391304347826,0.0,0.17391304347826086
158,0.3333333333333333,0.3333333333333333,0.3333333333333333,0.0
159,0.0,0.125,0.8125,0.0625
160,0.5555555555555556,0.3333333333333333,0.0,0.1111111111111111
161,0.4782608695652174,0.391304347826087,0.13043478260869565,0.0
162,0.0,0.0625,0.875,0.0625
163,0.5833333333333334,0.3333333333333333,0.0,0.08333333333333333
164,0.25,0.3125,0.4375,0.0
165,0.0,0.42857142857142855,0.5,0.07142857142857142
166,0.5217391304347826,0.3695652173913043,0.0,0.10869565217391304
167,0.4444444444444444,0.4444444444444444,0.1111111111111111,0.0
168,0.058823529411764705,0.4117647058823529,0.5294117647058824,0.0
169,0.0,0.4444444444444444,0.1111111111111111,0.4444444444444444
170,0.0,0.0,0.2222222222222222,0.7777777777777778
171,0.0,0.7692307692307693,0.07692307692307693,0.15384615384615385
172,0.16666666666666666,0.0,0.25,0.5833333333333334
173,0.0,0.14285714285714285,0.5714285714285714,0.2857142857142857
174,0.0,0.14285714285714285,0.6428571428571429,0.21428571428571427
175,0.0,0.125,0.75,0.125
176,0.25,0.0,0.25,0.5
177,0.3333333333333333,0.6666666666666666,0.0,0.0
178,0.0,0.5,0.0,0.5
179,0.08333333333333333,0.0,0.0,0.9166666666666666
180,0.375,0.25,0.0,0.375
181,0.0,0.0,0.75,0.25
182,0.0,0.0,0.42857142857142855,0.5714285714285714
183,0.3333333333333333,0.6666666666666666,0.0,0.0
184,0.0,0.5714285714285714,0.2857142857142857,0.14285714285714285
185,0.1,0.0,0.5,0.4
186,0.0,0.0,1.0,0.0
187,0.5,0.0,0.0,0.5
188,0.3333333333333333,0.3333333333333333,0.3333333333333333,0.0
189,0.13333333333333333,0.8,0.0,0.06666666666666667
190,0.0,0.6666666666666666,0.3333333333333333,0.0
191,1.0,0.0,0.0,0.0
192,0.0,0.0,0.8333333333333334,0.16666666666666666
193,0.0,0.25,0.75,0.0
194,1.0,0.0,0.0,0.0
195,0.2,0.6,0.0,0.2
196,0.0,0.0,0.0,1.0
197,0.0,0.0,1.0,0.0
198,1.0,0.0,0.0,0.0
199,0.0,0.0,0.0,1.0
200,0.0,0.5555555555555556,0.4444444444444444,0.0
201,0.0,0.08333333333333333,0.9166666666666666,0.0
202,0.0,1.0,0.0,0.0
203,0.0,0.0,0.0,1.0
204,0.0,0.0,0.6666666666666666,0.3333333333333333
205,0.1,0.0,0.0,0.9
206,0.16666666666666666,0.0,0.0,0.8333333333333334
207,0.0,0.3333333333333333,0.6666666666666666,0.0
208,0.0,1.0,0.0,0.0
209,1.0,0.0,0.0,0.0
210,0.3333333333333333,0.0,0.6666666666666666,0.0
211,0.6666666666666666,0.0,0.0,0.3333333333333333
212,0.25,0.0,0.25,0.5
213,0.0,0.9,0.0,0.1
214,0.6666666666666666,0.0,0.0,0.3333333333333333
215,0.0,0.0,1.0,0.0
216,0.6666666666666666,0.3333333333333333,0.0,0.0
217,0.0,1.0,0.0,0.0
218,0.4,0.0,0.4,0.2
219,0.0,0.25,0.75,0.0
220,0.0,0.125,0.125,0.75
221,0.0,0.0,0.0,1.0
222,1.0,0.0,0.0,0.0
223,0.25,0.0,0.25,0.5
224,0.25,0.0,0.75,0.0
225,0.0,0.2222222222222222,0.6666666666666666,0.1111111111111111
226,0.0,0.3333333333333333,0.6666666666666666,0.0
227,0.4375,0.3125,0.0,0.25
228,0.0,0.2857142857142857,0.5714285714285714,0.14285714285714285
229,0.0,0.0,1.0,0.0
230,0.16666666666666666,0.0,0.25,0.5833333333333334
231,0.5,0.0,0.5,0.0
232,0.2857142857142857,0.0,0.0,0.7142857142857143
233,0.0,0.5172413793103449,0.27586206896551724,0.20689655172413793
234,0.0,0.0,0.7777777777777778,0.2222222222222222
235,0.0,0.0,1.0,0.0
236,0.4,0.3333333333333333,0.0,0.26666666666666666
237,0.125,0.875,0.0,0.0
238,0.0,0.32,0.0,0.68
239,0.0,1.0,0.0,0.0
240,0.5,0.0,0.0,0.5
241,,,,
242,0.7727272727272727,0.22727272727272727,0.0,0.0
243,0.0,0.0,1.0,0.0
244,,,,
245,0.0,0.07142857142857142,0.9285714285714286,0.0
246,0.0,1.0,0.0,0.0
247,0.0,0.0,1.0,0.0
248,0.0,0.0,0.0,1.0
249,0.0,0.0,1.0,0.0
250,0.0,0.46153846153846156,0.38461538461538464,0.15384615384615385
251,0.1,0.0,0.05,0.85
252,0.0,0.0,1.0,0.0
253,0.8571428571428571,0.14285714285714285,0.0,0.0
254,0.2,0.0,0.4,0.4
255,0.0,0.0,1.0,0.0
256,0.0,0.5,0.5,0.0
257,0.0,0.5,0.0,0.5
258,0.0,0.2,0.8,0.0
259,0.2222222222222222,0.7777777777777778,0.0,0.0
260,0.0,0.1111111111111111,0.7777777777777778,0.1111111111111111
261,0.14285714285714285,0.7142857142857143,0.0,0.14285714285714285
262,0.1111111111111111,0.0,0.0,0.8888888888888888
263,0.0,0.0,1.0,0.0
264,,,,
265,0.0,1.0,0.0,0.0
266,0.45454545454545453,0.5,0.0,0.045454545454545456
267,1.0,0.0,0.0,0.0
268,,,,
269,0.0,0.0,0.0,1.0
270,0.0,0.0,0.0,1.0
271,,,,
272,0.0,1.0,0.0,0.0
273,0.0,0.0,0.0,1.0
274,0.5,0.0,0.5,0.0
275,0.4,0.0,0.0,0.6
276,0.85,0.0,0.0,0.15
277,0.0,0.75,0.25,0.0
278,0.2765957446808511,0.6382978723404256,0.0,0.0851063829787234
279,0.0,0.0,1.0,0.0
280,0.0,0.0,0.5,0.5
281,0.2,0.8,0.0,0.0
282,,,,
283,0.0,0.0,0.0,1.0
284,0.0,0.0,0.0,1.0
285,0.0,0.0,1.0,0.0
286,,,,
287,0.0,0.3333333333333333,0.6666666666666666,0.0
288,0.6666666666666666,0.0,0.0,0.3333333333333333
289,0.0,0.0,0.5,0.5
290,0.0,0.5,0.0,0.5
291,0.0,1.0,0.0,0.0
292,,,,
293,,,,
294,0.0,0.0,1.0,0.0
295,0.0,0.0,0.0,1.0
296,,,,
297,,,,
298,,,,
299,,,,
300,,,,
301,,,,
302,,,,
303,,,,
304,0.0,0.0,1.0,0.0
305,,,,
306,,,,
307,,,,
308,,,,
309,,,,
310,,,,
311,,,,
312,,,,
313,,,,
