,A,C,G,T
0,,,,
1,,,,
2,1.0,0.0,0.0,0.0
3,0.12037037037037036,0.7962962962962963,0.0,0.08333333333333333
4,0.6,0.2,0.2,0.0
5,0.22580645161290322,0.6451612903225806,0.0,0.12903225806451613
6,1.0,0.0,0.0,0.0
7,0.0,0.05555555555555555,0.8333333333333334,0.1111111111111111
8,0.6896551724137931,0.22413793103448276,0.0,0.08620689655172414
9,0.041666666666666664,0.0,0.0,0.9583333333333334
10,1.0,0.0,0.0,0.0
11,0.6825396825396826,0.1111111111111111,0.0,0.20634920634920634
12,0.4166666666666667,0.0,0.5833333333333334,0.0
13,0.0,0.0,1.0,0.0
14,0.9652173913043478,0.034782608695652174,0.0,0.0
15,0.0,1.0,0.0,0.0
16,0.0,0.6666666666666666,0.0,0.3333333333333333
17,1.0,0.0,0.0,0.0
18,0.9090909090909091,0.0,0.09090909090909091,0.0
19,0.025,0.0,0.95,0.025
20,0.5,0.3,0.0,0.2
21,0.5,0.0,0.0,0.5
22,0.6666666666666666,0.0,0.0,0.3333333333333333
23,0.0,0.0,0.75,0.25
24,0.024390243902439025,0.0,0.926829268292683,0.04878048780487805
25,0.7272727272727273,0.0,0.09090909090909091,0.18181818181818182
26,0.0,0.2,0.65,0.15
27,0.43478260869565216,0.5652173913043478,0.0,0.0
28,0.0,1.0,0.0,0.0
29,0.0,0.35526315789473684,0.5921052631578947,0.05263157894736842
30,0.08108108108108109,0.0,0.8648648648648649,0.05405405405405406
31,0.7,0.0,0.3,0.0
32,0.39285714285714285,0.3392857142857143,0.0,0.26785714285714285
33,0.06818181818181818,0.1590909090909091,0.0,0.7727272727272727
34,0.0,1.0,0.0,0.0
35,0.2727272727272727,0.0,0.0,0.7272727272727273
36,0.0,0.14285714285714285,0.7857142857142857,0.07142857142857142
37,0.0,0.10714285714285714,0.8928571428571429,0.0
38,0.68,0.28,0.0,0.04
39,0.0,0.0,0.4,0.6
40,0.0,0.0,0.0,1.0
41,0.028985507246376812,0.9710144927536232,0.0,0.0
42,0.5,0.5,0.0,0.0
43,0.0,0.0,0.5,0.5
44,0.967741935483871,0.016129032258064516,0.0,0.016129032258064516
45,0.0,0.7142857142857143,0.0,0.2857142857142857
46,0.0,0.0,0.9666666666666667,0.03333333333333333
47,0.0,1.0,0.0,0.0
48,0.0,0.023529411764705882,0.011764705882352941,0.9647058823529412
49,0.3333333333333333,0.0,0.3333333333333333,0.3333333333333333
50,0.9090909090909091,0.0,0.09090909090909091,0.0
51,0.1875,0.0,0.625,0.1875
52,0.5,0.5,0.0,0.0
53,0.35,0.45,0.0,0.2
54,0.3333333333333333,0.16666666666666666,0.5,0.0
55,0.6923076923076923,0.0,0.07692307692307693,0.23076923076923078
56,0.5714285714285714,0.0,0.21428571428571427,0.21428571428571427
57,0.0,0.0,1.0,0.0
58,0.0,1.0,0.0,0.0
59,0.0,0.0,0.0,1.0
60,0.0,0.3,0.2,0.5
61,0.25925925925925924,0.0,0.2222222222222222,0.5185185185185185
62,0.1414141414141414,0.0,0.48484848484848486,0.37373737373737376
63,0.0,1.0,0.0,0.0
64,0.0,0.3333333333333333,0.0,0.6666666666666666
65,0.0,0.0,0.038461538461538464,0.9615384615384616
66,0.7662337662337663,0.07792207792207792,0.0,0.15584415584415584
67,0.149812734082397,0.7228464419475655,0.12734082397003746,0.0
68,0.225,0.7,0.075,0.0
69,0.7142857142857143,0.0,0.0,0.2857142857142857
70,0.0,0.25,0.75,0.0
71,0.011363636363636364,0.0,0.7613636363636364,0.22727272727272727
72,0.14285714285714285,0.5714285714285714,0.2857142857142857,0.0
73,0.47058823529411764,0.0,0.0196078431372549,0.5098039215686274
74,0.14705882352941177,0.7647058823529411,0.08823529411764706,0.0
75,0.22727272727272727,0.45454545454545453,0.0,0.3181818181818182
76,0.3111111111111111,0.6444444444444445,0.0,0.044444444444444446
77,0.4782608695652174,0.3695652173913043,0.15217391304347827,0.0
78,0.75,0.03571428571428571,0.0,0.21428571428571427
79,0.7056451612903226,0.22983870967741934,0.0,0.06451612903225806
80,0.18446601941747573,0.0,0.4854368932038835,0.3300970873786408
81,0.4166666666666667,0.5416666666666666,0.041666666666666664,0.0
82,0.2857142857142857,0.0,0.23809523809523808,0.47619047619047616
83,0.21428571428571427,0.0,0.12857142857142856,0.6571428571428571
84,0.0,0.16,0.5533333333333333,0.2866666666666667
85,0.2222222222222222,0.7777777777777778,0.0,0.0
86,0.11764705882352941,0.0,0.7352941176470589,0.14705882352941177
87,0.0,0.5166666666666667,0.4,0.08333333333333333
88,0.37962962962962965,0.46296296296296297,0.0,0.1574074074074074
89,0.028169014084507043,0.0,0.11971830985915492,0.852112676056338
90,0.0,0.07377049180327869,0.8852459016393442,0.040983606557377046
91,0.5362318840579711,0.39855072463768115,0.0,0.06521739130434782
92,0.28695652173913044,0.5652173913043478,0.14782608695652175,0.0
93,0.0,0.21929824561403508,0.5701754385964912,0.21052631578947367
94,0.5709219858156028,0.38652482269503546,0.0,0.0425531914893617
95,0.14285714285714285,0.6031746031746031,0.25396825396825395,0.0
96,0.0,0.17578125,0.34765625,0.4765625
97,0.0,0.25471698113207547,0.22641509433962265,0.5188679245283019
98,0.013245033112582781,0.0,0.09933774834437085,0.8874172185430463
99,0.0,0.8,0.2,0.0
100,0.5392156862745098,0.12745098039215685,0.0,0.3333333333333333
101,0.02962962962962963,0.9259259259259259,0.0,0.044444444444444446
102,0.5384615384615384,0.38461538461538464,0.07692307692307693,0.0
103,0.1,0.5,0.0,0.4
104,0.0,0.3125,0.0,0.6875
105,0.0,0.23684210526315788,0.7105263157894737,0.05263157894736842
106,0.4276315789473684,0.5526315789473685,0.0,0.019736842105263157
107,0.03571428571428571,0.0,0.04365079365079365,0.9206349206349206
108,0.0,0.16666666666666666,0.8333333333333334,0.0
109,0.0,1.0,0.0,0.0
110,0.0,0.75,0.0,0.25
111,0.9166666666666666,0.06060606060606061,0.0,0.022727272727272728
112,0.0,0.8,0.2,0.0
113,0.0625,0.0,0.1875,0.75
114,0.6666666666666666,0.0,0.3333333333333333,0.0
115,0.75,0.0,0.0,0.25
116,0.05172413793103448,0.0,0.43103448275862066,0.5172413793103449
117,0.5,0.0,0.0,0.5
118,0.0,0.6923076923076923,0.15384615384615385,0.15384615384615385
119,0.5454545454545454,0.45454545454545453,0.0,0.0
120,0.1346938775510204,0.0,0.15510204081632653,0.710204081632653
121,0.3,0.0,0.35,0.35
122,0.23809523809523808,0.0,0.47619047619047616,0.2857142857142857
123,0.3333333333333333,0.0,0.2777777777777778,0.3888888888888889
124,0.8,0.0,0.2,0.0
125,0.0,0.9099099099099099,0.05405405405405406,0.036036036036036036
126,0.3333333333333333,0.4666666666666667,0.0,0.2
127,0.6071428571428571,0.10714285714285714,0.0,0.2857142857142857
128,0.8103448275862069,0.10344827586206896,0.0,0.08620689655172414
129,0.0,0.8378378378378378,0.13513513513513514,0.02702702702702703
130,0.0,0.38461538461538464,0.5769230769230769,0.038461538461538464
131,0.8,0.022222222222222223,0.0,0.17777777777777778
132,0.875,0.125,0.0,0.0
133,0.0,1.0,0.0,0.0
134,0.49361702127659574,0.4340425531914894,0.0,0.07234042553191489
135,0.47058823529411764,0.0,0.5294117647058824,0.0
136,0.09090909090909091,0.6363636363636364,0.2727272727272727,0.0
137,0.7727272727272727,0.045454545454545456,0.0,0.18181818181818182
138,0.08695652173913043,0.8260869565217391,0.0,0.08695652173913043
139,0.0,0.3333333333333333,0.3333333333333333,0.3333333333333333
140,0.7205882352941176,0.1323529411764706,0.0,0.14705882352941177
141,0.0,0.0,1.0,0.0
142,1.0,0.0,0.0,0.0
143,0.0,1.0,0.0,0.0
144,0.0,0.4482758620689655,0.5172413793103449,0.034482758620689655
145,0.08333333333333333,0.16666666666666666,0.75,0.0
146,0.46153846153846156,0.38461538461538464,0.15384615384615385,0.0
147,0.7777777777777778,0.0,0.0,0.2222222222222222
148,0.02702702702702703,0.7297297297297297,0.0,0.24324324324324326
149,0.6468085106382979,0.2,0.0,0.15319148936170213
150,0.2796208530805687,0.5071090047393365,0.0,0.2132701421800948
151,0.0,0.5098039215686274,0.37254901960784315,0.11764705882352941
152,0.0,0.10526315789473684,0.39712918660287083,0.49760765550239233
153,0.0,0.03225806451612903,0.7661290322580645,0.20161290322580644
154,0.34,0.6,0.06,0.0
155,0.1875,0.0,0.08333333333333333,0.7291666666666666
156,0.2217573221757322,0.5523012552301255,0.22594142259414227,0.0
157,0.0,0.12179487179487179,0.7243589743589743,0.15384615384615385
158,0.0,0.6923076923076923,0.3076923076923077,0.0
159,0.17117117117117117,0.0,0.5180180180180181,0.3108108108108108
160,0.0,0.1388888888888889,0.7722222222222223,0.08888888888888889
161,0.1951219512195122,0.6341463414634146,0.17073170731707318,0.0
162,0.0,0.14655172413793102,0.6724137931034483,0.1810344827586207
163,0.5895953757225434,0.35260115606936415,0.0,0.057803468208092484
164,0.4423076923076923,0.4423076923076923,0.11538461538461539,0.0
165,0.45454545454545453,0.36363636363636365,0.0,0.18181818181818182
166,0.4074074074074074,0.37037037037037035,0.0,0.2222222222222222
167,0.35714285714285715,0.3357142857142857,0.0,0.30714285714285716
168,0.0,0.26436781609195403,0.5977011494252874,0.13793103448275862
169,0.0,0.20710059171597633,0.5384615384615384,0.25443786982248523
170,0.6666666666666666,0.0,0.14367816091954022,0.1896551724137931
171,0.776536312849162,0.0,0.1452513966480447,0.0782122905027933
172,0.09375,0.0,0.328125,0.578125
173,0.32558139534883723,0.0,0.3023255813953488,0.37209302325581395
174,0.0,0.18446601941747573,0.30097087378640774,0.5145631067961165
175,0.0,0.38181818181818183,0.2909090909090909,0.32727272727272727
176,0.09090909090909091,0.0,0.34965034965034963,0.5594405594405595
177,0.1875,0.4375,0.375,0.0
178,0.0,0.16279069767441862,0.16279069767441862,0.6744186046511628
179,0.07407407407407407,0.0,0.1111111111111111,0.8148148148148148
180,0.0,0.5333333333333333,0.4666666666666667,0.0
181,0.0,0.18333333333333332,0.75,0.06666666666666667
182,0.033112582781456956,0.0,0.033112582781456956,0.9337748344370861
183,0.07142857142857142,0.0,0.5714285714285714,0.35714285714285715
184,0.2727272727272727,0.0,0.2727272727272727,0.45454545454545453
185,0.12931034482758622,0.8103448275862069,0.0,0.0603448275862069
186,0.28,0.48,0.24,0.0
187,0.0,0.0,0.0,1.0
188,0.14583333333333334,0.0,0.2708333333333333,0.5833333333333334
189,0.07142857142857142,0.0,0.07142857142857142,0.8571428571428571
190,0.4,0.0,0.6,0.0
191,0.09090909090909091,0.0,0.48484848484848486,0.42424242424242425
192,0.0,0.08227848101265822,0.9050632911392406,0.012658227848101266
193,0.0,0.3670886075949367,0.5316455696202531,0.10126582278481013
194,0.5,0.4375,0.0,0.0625
195,0.0,0.19047619047619047,0.7380952380952381,0.07142857142857142
196,0.896551724137931,0.10344827586206896,0.0,0.0
197,0.1724137931034483,0.6551724137931034,0.1724137931034483,0.0
198,0.5,0.0,0.5,0.0
199,0.3333333333333333,0.0,0.0,0.6666666666666666
200,0.0,0.23404255319148937,0.723404255319149,0.0425531914893617
201,0.16923076923076924,0.8153846153846154,0.0,0.015384615384615385
202,0.03333333333333333,0.9,0.06666666666666667,0.0
203,0.22727272727272727,0.0,0.18181818181818182,0.5909090909090909
204,0.0,0.02,0.48,0.5
205,0.07272727272727272,0.0,0.7454545454545455,0.18181818181818182
206,0.0392156862745098,0.0,0.3137254901960784,0.6470588235294118
207,0.0,0.12280701754385964,0.5087719298245614,0.3684210526315789
208,0.0,0.5,0.5,0.0
209,0.0,0.18846153846153846,0.35384615384615387,0.4576923076923077
210,0.5333333333333333,0.0,0.4666666666666667,0.0
211,0.3333333333333333,0.0,0.1111111111111111,0.5555555555555556
212,0.0,0.3790322580645161,0.5080645161290323,0.11290322580645161
213,0.0,0.4431818181818182,0.18181818181818182,0.375
214,0.6206896551724138,0.09482758620689655,0.28448275862068967,0.0
215,0.0,0.11363636363636363,0.6534090909090909,0.23295454545454544
216,0.0,1.0,0.0,0.0
217,0.0,0.1111111111111111,0.6666666666666666,0.2222222222222222
218,0.25,0.0,0.0,0.75
219,0.0,0.140625,0.765625,0.09375
220,0.0,0.8971631205673759,0.031914893617021274,0.07092198581560284
221,0.1875,0.65625,0.0,0.15625
222,0.046875,0.296875,0.65625,0.0
223,0.0,0.0,0.0,1.0
224,0.19298245614035087,0.0,0.2982456140350877,0.5087719298245614
225,0.0,0.5806451612903226,0.3548387096774194,0.06451612903225806
226,0.0,0.2127659574468085,0.6170212765957447,0.1702127659574468
227,0.16326530612244897,0.7687074829931972,0.0,0.06802721088435375
228,0.0,0.391304347826087,0.5217391304347826,0.08695652173913043
229,0.0,0.2625,0.675,0.0625
230,0.20855614973262032,0.0,0.22459893048128343,0.5668449197860963
231,0.037037037037037035,0.0,0.6666666666666666,0.2962962962962963
232,0.0,0.23809523809523808,0.30952380952380953,0.4523809523809524
233,0.0,0.2459016393442623,0.6229508196721312,0.13114754098360656
234,0.3488372093023256,0.27906976744186046,0.37209302325581395,0.0
235,0.2,0.2,0.6,0.0
236,0.1111111111111111,0.0,0.4126984126984127,0.47619047619047616
237,0.7,0.1,0.2,0.0
238,0.19047619047619047,0.0,0.047619047619047616,0.7619047619047619
239,0.35135135135135137,0.0,0.08108108108108109,0.5675675675675675
240,0.041666666666666664,0.0,0.125,0.8333333333333334
241,0.5,0.0,0.5,0.0
242,0.5,0.4,0.0,0.1
243,0.0,0.639344262295082,0.29508196721311475,0.06557377049180328
244,0.0,0.2393617021276596,0.6861702127659575,0.07446808510638298
245,0.4213197969543147,0.4467005076142132,0.0,0.1319796954314721
246,0.22058823529411764,0.0,0.4019607843137255,0.37745098039215685
247,0.16666666666666666,0.16666666666666666,0.6666666666666666,0.0
248,0.24324324324324326,0.6486486486486487,0.0,0.10810810810810811
249,0.0,0.3673469387755102,0.14285714285714285,0.4897959183673469
250,0.19142857142857142,0.7685714285714286,0.0,0.04
251,0.08888888888888889,0.0,0.22666666666666666,0.6844444444444444
252,0.047619047619047616,0.047619047619047616,0.9047619047619048,0.0
253,0.2857142857142857,0.0,0.0,0.7142857142857143
254,0.1794871794871795,0.717948717948718,0.10256410256410256,0.0
255,0.23529411764705882,0.6911764705882353,0.0,0.07352941176470588
256,0.011111111111111112,0.9777777777777777,0.011111111111111112,0.0
257,0.35714285714285715,0.35714285714285715,0.0,0.2857142857142857
258,0.0,0.0,0.7368421052631579,0.2631578947368421
259,0.16666666666666666,0.0,0.5,0.3333333333333333
260,0.05263157894736842,0.0,0.40350877192982454,0.543859649122807
261,0.25,0.5,0.0,0.25
262,0.1111111111111111,0.0,0.1111111111111111,0.7777777777777778
263,0.038461538461538464,0.0,0.7307692307692307,0.23076923076923078
264,0.875,0.125,0.0,0.0
265,0.6,0.0,0.2,0.2
266,0.5151515151515151,0.18181818181818182,0.0,0.30303030303030304
267,0.5,0.5,0.0,0.0
268,0.0,0.5,0.0,0.5
269,0.14285714285714285,0.0,0.0,0.8571428571428571
270,0.0,0.0,0.09523809523809523,0.9047619047619048
271,0.3333333333333333,0.0,0.6666666666666666,0.0
272,0.0,0.875,0.0,0.125
273,0.6666666666666666,0.0,0.0,0.3333333333333333
274,0.0,0.0,0.75,0.25
275,0.022727272727272728,0.0,0.0,0.9772727272727273
276,0.6581196581196581,0.2905982905982906,0.0,0.05128205128205128
277,0.42857142857142855,0.3333333333333333,0.23809523809523808,0.0
278,0.34275618374558303,0.3215547703180212,0.0,0.33568904593639576
279,0.0,1.0,0.0,0.0
280,0.0,0.0,0.2,0.8
281,0.0,0.9130434782608695,0.08695652173913043,0.0
282,0.0,0.75,0.25,0.0
283,0.0,0.02040816326530612,0.0,0.9795918367346939
284,0.0,0.0,0.0,1.0
285,0.0,0.2,0.8,0.0
286,0.5,0.0,0.0,0.5
287,0.0,0.75,0.25,0.0
288,0.6666666666666666,0.05555555555555555,0.0,0.2777777777777778
289,0.04,0.0,0.2,0.76
290,0.5833333333333334,0.25,0.0,0.16666666666666666
291,0.0,0.9090909090909091,0.09090909090909091,0.0
292,0.3076923076923077,0.6923076923076923,0.0,0.0
293,0.0,0.0,1.0,0.0
294,0.26666666666666666,0.6666666666666666,0.0,0.06666666666666667
295,0.0,0.14285714285714285,0.42857142857142855,0.42857142857142855
296,0.2,0.6,0.2,0.0
297,0.0,0.0,0.5,0.5
298,0.0,1.0,0.0,0.0
299,0.0,0.0,0.0,1.0
300,0.0,1.0,0.0,0.0
301,,,,
302,,,,
303,0.0,0.0,0.3333333333333333,0.6666666666666666
304,,,,
305,,,,
306,,,,
307,,,,
308,,,,
309,,,,
310,,,,
311,,,,
312,,,,
313,,,,
314,,,,
315,,,,
