,A,C,G,T
0,,,,
1,,,,
2,0.0,0.21940928270042195,0.7383966244725738,0.04219409282700422
3,0.43506493506493504,0.4805194805194805,0.0,0.08441558441558442
4,0.2524271844660194,0.3592233009708738,0.3883495145631068,0.0
5,0.44398340248962653,0.1950207468879668,0.0,0.36099585062240663
6,0.6601941747572816,0.0,0.21359223300970873,0.1262135922330097
7,0.0,0.07476635514018691,0.5981308411214953,0.32710280373831774
8,0.6976190476190476,0.1738095238095238,0.0,0.12857142857142856
9,0.024553571428571428,0.0,0.19196428571428573,0.7834821428571429
10,0.3333333333333333,0.3888888888888889,0.2777777777777778,0.0
11,0.3557692307692308,0.14423076923076922,0.0,0.5
12,0.35251798561151076,0.3237410071942446,0.0,0.3237410071942446
13,0.43243243243243246,0.527027027027027,0.04054054054054054,0.0
14,0.5,0.12962962962962962,0.0,0.37037037037037035
15,0.13333333333333333,0.6833333333333333,0.0,0.18333333333333332
16,0.0,0.5932203389830508,0.05084745762711865,0.3559322033898305
17,0.7406143344709898,0.19112627986348124,0.0,0.06825938566552901
18,0.1,0.25,0.65,0.0
19,0.17647058823529413,0.0,0.2647058823529412,0.5588235294117647
20,0.0339943342776204,0.1954674220963173,0.7705382436260623,0.0
21,0.1875,0.1875,0.0,0.625
22,0.04,0.12,0.0,0.84
23,0.3819444444444444,0.1111111111111111,0.0,0.5069444444444444
24,0.07407407407407407,0.14814814814814814,0.0,0.7777777777777778
25,0.13636363636363635,0.3181818181818182,0.0,0.5454545454545454
26,0.0,0.410958904109589,0.3972602739726027,0.1917808219178082
27,0.6075949367088608,0.20253164556962025,0.0,0.189873417721519
28,0.4715909090909091,0.4147727272727273,0.0,0.11363636363636363
29,0.21359223300970873,0.0,0.1553398058252427,0.6310679611650486
30,0.29901960784313725,0.1568627450980392,0.0,0.5441176470588235
31,0.024193548387096774,0.9112903225806451,0.06451612903225806,0.0
32,0.3671875,0.453125,0.0,0.1796875
33,0.6743119266055045,0.25229357798165136,0.0,0.07339449541284404
34,0.11235955056179775,0.7865168539325843,0.10112359550561797,0.0
35,0.0,0.20784313725490197,0.4169934640522876,0.37516339869281046
36,0.5886524822695035,0.0,0.3546099290780142,0.05673758865248227
37,0.0,0.36,0.5666666666666667,0.07333333333333333
38,0.671957671957672,0.23809523809523808,0.0,0.08994708994708994
39,0.19230769230769232,0.0,0.1346153846153846,0.6730769230769231
40,0.22388059701492538,0.0,0.5223880597014925,0.2537313432835821
41,0.02569832402234637,0.05027932960893855,0.924022346368715,0.0
42,0.0625,0.0625,0.0,0.875
43,0.42857142857142855,0.10714285714285714,0.0,0.4642857142857143
44,0.6535433070866141,0.1889763779527559,0.0,0.15748031496062992
45,0.68,0.12,0.0,0.2
46,0.7758620689655172,0.07758620689655173,0.0,0.14655172413793102
47,0.6610169491525424,0.06779661016949153,0.0,0.2711864406779661
48,0.125,0.4375,0.4375,0.0
49,0.5238095238095238,0.0,0.23809523809523808,0.23809523809523808
50,0.3673469387755102,0.0,0.35714285714285715,0.2755102040816326
51,0.2857142857142857,0.0,0.3877551020408163,0.32653061224489793
52,0.027777777777777776,0.3611111111111111,0.6111111111111112,0.0
53,0.5786163522012578,0.23270440251572327,0.0,0.18867924528301888
54,0.0,0.7848101265822784,0.13924050632911392,0.0759493670886076
55,0.2972972972972973,0.35135135135135137,0.0,0.35135135135135137
56,0.0,0.5230769230769231,0.4461538461538462,0.03076923076923077
57,0.4166666666666667,0.0,0.4166666666666667,0.16666666666666666
58,0.04838709677419355,0.43548387096774194,0.5161290322580645,0.0
59,0.09701492537313433,0.0,0.6268656716417911,0.27611940298507465
60,0.3153846153846154,0.26153846153846155,0.4230769230769231,0.0
61,0.25,0.0,0.25,0.5
62,0.13559322033898305,0.0,0.3615819209039548,0.5028248587570622
63,0.0,0.2222222222222222,0.7777777777777778,0.0
64,0.25,0.0,0.0,0.75
65,0.047619047619047616,0.7976190476190477,0.15476190476190477,0.0
66,0.549645390070922,0.028368794326241134,0.0,0.4219858156028369
67,0.31786542923433875,0.0,0.10904872389791183,0.5730858468677494
68,0.0,0.24342105263157895,0.5263157894736842,0.23026315789473684
69,0.6386554621848739,0.14285714285714285,0.0,0.2184873949579832
70,0.030418250950570342,0.0,0.38022813688212925,0.5893536121673004
71,0.12698412698412698,0.0,0.46825396825396826,0.40476190476190477
72,0.1891891891891892,0.44144144144144143,0.36936936936936937,0.0
73,0.3170731707317073,0.0,0.2682926829268293,0.4146341463414634
74,0.17391304347826086,0.4782608695652174,0.34782608695652173,0.0
75,0.6842105263157895,0.05263157894736842,0.0,0.2631578947368421
76,0.4927536231884058,0.2463768115942029,0.0,0.2608695652173913
77,0.0,0.40408163265306124,0.22448979591836735,0.37142857142857144
78,0.22580645161290322,0.4032258064516129,0.3709677419354839,0.0
79,0.27692307692307694,0.3384615384615385,0.38461538461538464,0.0
80,0.18699186991869918,0.0,0.13821138211382114,0.6747967479674797
81,0.0,0.36727272727272725,0.4581818181818182,0.17454545454545456
82,0.34646739130434784,0.0,0.2921195652173913,0.36141304347826086
83,0.17506631299734748,0.0,0.47877984084880637,0.34615384615384615
84,0.1951219512195122,0.3902439024390244,0.4146341463414634,0.0
85,0.1875,0.59375,0.21875,0.0
86,0.035398230088495575,0.7787610619469026,0.18584070796460178,0.0
87,0.3030927835051546,0.6247422680412371,0.0,0.07216494845360824
88,0.0,0.4375,0.49166666666666664,0.07083333333333333
89,0.3525423728813559,0.33220338983050846,0.3152542372881356,0.0
90,0.6363636363636364,0.24935064935064935,0.0,0.11428571428571428
91,0.0,0.6006389776357828,0.2364217252396166,0.16293929712460065
92,0.3482758620689655,0.5206896551724138,0.1310344827586207,0.0
93,0.18779342723004694,0.704225352112676,0.107981220657277,0.0
94,0.0,0.3080357142857143,0.08482142857142858,0.6071428571428571
95,0.03825136612021858,0.8306010928961749,0.13114754098360656,0.0
96,0.3826086956521739,0.24782608695652175,0.0,0.3695652173913043
97,0.19672131147540983,0.0,0.5016393442622951,0.3016393442622951
98,0.6274509803921569,0.0,0.0784313725490196,0.29411764705882354
99,0.0,0.39644970414201186,0.09467455621301775,0.5088757396449705
100,0.0,0.21052631578947367,0.7894736842105263,0.0
101,0.411522633744856,0.36213991769547327,0.0,0.22633744855967078
102,0.5922619047619048,0.0,0.08035714285714286,0.3273809523809524
103,0.0,0.38493723849372385,0.32217573221757323,0.2928870292887029
104,0.03900709219858156,0.0,0.22340425531914893,0.7375886524822695
105,0.07142857142857142,0.32142857142857145,0.6071428571428571,0.0
106,0.08695652173913043,0.08695652173913043,0.0,0.8260869565217391
107,0.14285714285714285,0.2857142857142857,0.0,0.5714285714285714
108,0.6470588235294118,0.029411764705882353,0.0,0.3235294117647059
109,0.057692307692307696,0.7884615384615384,0.15384615384615385,0.0
110,0.19298245614035087,0.0,0.21052631578947367,0.5964912280701754
111,0.4090909090909091,0.0,0.36363636363636365,0.22727272727272727
112,0.3333333333333333,0.23809523809523808,0.0,0.42857142857142855
113,0.0635593220338983,0.7033898305084746,0.2330508474576271,0.0
114,0.7142857142857143,0.0,0.14285714285714285,0.14285714285714285
115,0.0,0.1834862385321101,0.3853211009174312,0.43119266055045874
116,0.0,0.18971061093247588,0.7491961414790996,0.06109324758842444
117,0.3930530164533821,0.45886654478976235,0.0,0.1480804387568556
118,0.02122641509433962,0.0,0.3018867924528302,0.6768867924528302
119,0.12658227848101267,0.5822784810126582,0.2911392405063291,0.0
120,0.5342465753424658,0.0,0.3013698630136986,0.1643835616438356
121,0.6111111111111112,0.0,0.16666666666666666,0.2222222222222222
122,0.0,0.25161290322580643,0.5548387096774193,0.1935483870967742
123,0.3055555555555556,0.3333333333333333,0.0,0.3611111111111111
124,0.296875,0.359375,0.0,0.34375
125,0.608433734939759,0.21084337349397592,0.0,0.18072289156626506
126,0.0,0.3953488372093023,0.5503875968992248,0.05426356589147287
127,0.0,0.18396226415094338,0.6792452830188679,0.13679245283018868
128,0.38028169014084506,0.2676056338028169,0.0,0.352112676056338
129,0.5393939393939394,0.21212121212121213,0.0,0.24848484848484848
130,0.1590909090909091,0.553030303030303,0.0,0.2878787878787879
131,0.0547945205479452,0.4520547945205479,0.4931506849315068,0.0
132,0.27835051546391754,0.0,0.27835051546391754,0.44329896907216493
133,0.05185185185185185,0.6148148148148148,0.3333333333333333,0.0
134,0.3659574468085106,0.3276595744680851,0.0,0.30638297872340425
135,0.12598425196850394,0.6456692913385826,0.0,0.2283464566929134
136,0.0,0.06428571428571428,0.8,0.1357142857142857
137,0.7132616487455197,0.17204301075268819,0.0,0.11469534050179211
138,0.10666666666666667,0.02666666666666667,0.8666666666666667,0.0
139,0.12121212121212122,0.08333333333333333,0.0,0.7954545454545454
140,0.11475409836065574,0.36065573770491804,0.0,0.5245901639344263
141,0.5534246575342465,0.3452054794520548,0.0,0.10136986301369863
142,0.1111111111111111,0.1111111111111111,0.7777777777777778,0.0
143,0.33532934131736525,0.0,0.31736526946107785,0.3473053892215569
144,0.056818181818181816,0.026515151515151516,0.9166666666666666,0.0
145,0.09417040358744394,0.0,0.7399103139013453,0.16591928251121077
146,0.2897196261682243,0.29439252336448596,0.4158878504672897,0.0
147,0.11379310344827587,0.0,0.4672413793103448,0.4189655172413793
148,0.24427480916030533,0.21374045801526717,0.5419847328244275,0.0
149,0.1386986301369863,0.5376712328767124,0.3236301369863014,0.0
150,0.0,0.16883116883116883,0.5194805194805194,0.3116883116883117
151,0.07777777777777778,0.4444444444444444,0.4777777777777778,0.0
152,0.30158730158730157,0.47354497354497355,0.22486772486772486,0.0
153,0.0,0.27147766323024053,0.6219931271477663,0.10652920962199312
154,0.434375,0.4515625,0.0,0.1140625
155,0.30042918454935624,0.3905579399141631,0.3090128755364807,0.0
156,0.4524590163934426,0.19672131147540983,0.0,0.35081967213114756
157,0.32761904761904764,0.56,0.0,0.11238095238095239
158,0.5930735930735931,0.32142857142857145,0.0,0.0854978354978355
159,0.7313725490196078,0.1,0.0,0.16862745098039217
160,0.0,0.36363636363636365,0.32323232323232326,0.31313131313131315
161,0.16428571428571428,0.5761904761904761,0.25952380952380955,0.0
162,0.6870748299319728,0.034013605442176874,0.0,0.2789115646258503
163,0.30472103004291845,0.6008583690987125,0.0,0.0944206008583691
164,0.33650793650793653,0.39365079365079364,0.2698412698412698,0.0
165,0.6008359456635318,0.25705329153605017,0.0,0.14211076280041798
166,0.5159377316530763,0.2920681986656783,0.0,0.19199406968124536
167,0.3684992570579495,0.4903417533432392,0.1411589895988113,0.0
168,0.0,0.1952191235059761,0.5976095617529881,0.20717131474103587
169,0.3274725274725275,0.5010989010989011,0.0,0.17142857142857143
170,0.19538968166849616,0.0,0.3205268935236004,0.4840834248079034
171,0.0,0.22807017543859648,0.44360902255639095,0.3283208020050125
172,0.2887700534759358,0.0,0.22994652406417113,0.48128342245989303
173,0.0,0.38073394495412843,0.3623853211009174,0.25688073394495414
174,0.31527093596059114,0.32676518883415434,0.3579638752052545,0.0
175,0.0,0.23735408560311283,0.07976653696498054,0.6828793774319066
176,0.10805500982318271,0.0,0.18664047151277013,0.7053045186640472
177,0.11811023622047244,0.47244094488188976,0.4094488188976378,0.0
178,0.0,0.5517241379310345,0.1839080459770115,0.26436781609195403
179,0.026143790849673203,0.7843137254901961,0.1895424836601307,0.0
180,0.5805369127516778,0.1342281879194631,0.0,0.28523489932885904
181,0.22303921568627452,0.0,0.4338235294117647,0.3431372549019608
182,0.0,0.281786941580756,0.5463917525773195,0.1718213058419244
183,0.5733333333333334,0.13333333333333333,0.0,0.29333333333333333
184,0.0,0.6079545454545454,0.3522727272727273,0.03977272727272727
185,0.27218934911242604,0.0,0.5088757396449705,0.21893491124260356
186,0.248,0.064,0.688,0.0
187,0.30612244897959184,0.0,0.2653061224489796,0.42857142857142855
188,0.2028985507246377,0.5797101449275363,0.21739130434782608,0.0
189,0.3292307692307692,0.38461538461538464,0.0,0.28615384615384615
190,0.061224489795918366,0.29591836734693877,0.6428571428571429,0.0
191,0.5,0.3972602739726027,0.0,0.10273972602739725
192,0.0,0.48360655737704916,0.5040983606557377,0.012295081967213115
193,0.0,0.04428904428904429,0.8111888111888111,0.1445221445221445
194,0.3880597014925373,0.1791044776119403,0.0,0.43283582089552236
195,0.2222222222222222,0.12345679012345678,0.0,0.654320987654321
196,0.5119047619047619,0.2619047619047619,0.0,0.2261904761904762
197,0.3711340206185567,0.0,0.25773195876288657,0.3711340206185567
198,0.7419354838709677,0.0,0.06451612903225806,0.1935483870967742
199,0.20689655172413793,0.20689655172413793,0.0,0.5862068965517241
200,0.0,0.39855072463768115,0.48188405797101447,0.11956521739130435
201,0.27692307692307694,0.3076923076923077,0.4153846153846154,0.0
202,0.26666666666666666,0.1,0.6333333333333333,0.0
203,0.5416666666666666,0.0,0.08333333333333333,0.375
204,0.0,0.06923076923076923,0.49230769230769234,0.43846153846153846
205,0.1608695652173913,0.0,0.4956521739130435,0.34347826086956523
206,0.37777777777777777,0.0,0.24444444444444444,0.37777777777777777
207,0.0,0.06764705882352941,0.9058823529411765,0.026470588235294117
208,0.21311475409836064,0.32786885245901637,0.45901639344262296,0.0
209,0.24183006535947713,0.0,0.1437908496732026,0.6143790849673203
210,0.32653061224489793,0.16326530612244897,0.5102040816326531,0.0
211,0.25742574257425743,0.0,0.039603960396039604,0.7029702970297029
212,0.23333333333333334,0.0,0.3111111111111111,0.45555555555555555
213,0.0,0.703125,0.1875,0.109375
214,0.576271186440678,0.23728813559322035,0.0,0.1864406779661017
215,0.0,0.05405405405405406,0.9099099099099099,0.036036036036036036
216,0.4915254237288136,0.2711864406779661,0.0,0.23728813559322035
217,0.0,0.06896551724137931,0.27586206896551724,0.6551724137931034
218,0.35526315789473684,0.0,0.19736842105263158,0.4473684210526316
219,0.0,0.06818181818181818,0.5227272727272727,0.4090909090909091
220,0.0,0.25625,0.6,0.14375
221,0.24,0.0,0.09714285714285714,0.6628571428571428
222,0.0,0.13636363636363635,0.6545454545454545,0.20909090909090908
223,0.4449760765550239,0.4449760765550239,0.0,0.11004784688995216
224,0.12371134020618557,0.0,0.4793814432989691,0.39690721649484534
225,0.0,0.27488151658767773,0.6966824644549763,0.02843601895734597
226,0.0,0.03939393939393939,0.8666666666666667,0.09393939393939393
227,0.0,0.11594202898550725,0.8281573498964804,0.055900621118012424
228,0.0,0.19298245614035087,0.7298245614035088,0.07719298245614035
229,0.0,0.2717391304347826,0.6739130434782609,0.05434782608695652
230,0.12606837606837606,0.0,0.33974358974358976,0.5341880341880342
231,0.6622222222222223,0.04888888888888889,0.28888888888888886,0.0
232,0.12209302325581395,0.0,0.12790697674418605,0.75
233,0.5133689839572193,0.0,0.25133689839572193,0.23529411764705882
234,0.0815450643776824,0.0,0.7296137339055794,0.1888412017167382
235,0.2857142857142857,0.09523809523809523,0.6190476190476191,0.0
236,0.3644859813084112,0.46461949265687585,0.0,0.17089452603471295
237,0.07100591715976332,0.6094674556213018,0.31952662721893493,0.0
238,0.0,0.13087248322147652,0.013422818791946308,0.8557046979865772
239,0.06153846153846154,0.8153846153846154,0.12307692307692308,0.0
240,0.0670391061452514,0.0,0.08659217877094973,0.8463687150837989
241,0.16666666666666666,0.2222222222222222,0.6111111111111112,0.0
242,0.4980237154150198,0.32806324110671936,0.0,0.17391304347826086
243,0.12755102040816327,0.0,0.8316326530612245,0.04081632653061224
244,0.0,0.09302325581395349,0.5581395348837209,0.3488372093023256
245,0.0,0.5707762557077626,0.3287671232876712,0.1004566210045662
246,0.0,0.4198895027624309,0.20441988950276244,0.3756906077348066
247,0.23076923076923078,0.07692307692307693,0.6923076923076923,0.0
248,0.30864197530864196,0.48148148148148145,0.0,0.20987654320987653
249,0.0,0.11335012594458438,0.7758186397984886,0.11083123425692695
250,0.0,0.2316715542521994,0.656891495601173,0.11143695014662756
251,0.18840579710144928,0.0,0.18115942028985507,0.6304347826086957
252,0.0,0.33980582524271846,0.5922330097087378,0.06796116504854369
253,0.6284403669724771,0.24770642201834864,0.0,0.12385321100917432
254,0.0811965811965812,0.7051282051282052,0.21367521367521367,0.0
255,0.25925925925925924,0.0,0.3888888888888889,0.35185185185185186
256,0.10526315789473684,0.2631578947368421,0.631578947368421,0.0
257,0.11848341232227488,0.6824644549763034,0.0,0.1990521327014218
258,0.0,0.6363636363636364,0.3465909090909091,0.017045454545454544
259,0.2792297111416781,0.6960110041265475,0.0,0.024759284731774415
260,0.0,0.3967611336032389,0.46963562753036436,0.13360323886639677
261,0.0,0.39625850340136054,0.5170068027210885,0.08673469387755102
262,0.09725685785536159,0.0,0.43266832917705733,0.470074812967581
263,0.15966386554621848,0.5168067226890757,0.3235294117647059,0.0
264,0.4074074074074074,0.18518518518518517,0.0,0.4074074074074074
265,0.0,0.4909090909090909,0.42727272727272725,0.08181818181818182
266,0.4444444444444444,0.47491039426523296,0.0,0.08064516129032258
267,0.3,0.3,0.0,0.4
268,0.0,0.35714285714285715,0.5,0.14285714285714285
269,0.23404255319148937,0.0,0.0851063829787234,0.6808510638297872
270,0.0,0.008264462809917356,0.32231404958677684,0.6694214876033058
271,0.039525691699604744,0.0,0.8142292490118577,0.14624505928853754
272,0.1206896551724138,0.0,0.7988505747126436,0.08045977011494253
273,0.2,0.26666666666666666,0.0,0.5333333333333333
274,0.04430379746835443,0.0,0.9240506329113924,0.03164556962025317
275,0.18181818181818182,0.0,0.16161616161616163,0.6565656565656566
276,0.17068645640074212,0.5584415584415584,0.27087198515769945,0.0
277,0.15254237288135594,0.6101694915254238,0.23728813559322035,0.0
278,0.3209435310936383,0.5632594710507506,0.0,0.11579699785561115
279,0.0,0.18181818181818182,0.8181818181818182,0.0
280,0.0,0.12,0.04,0.84
281,0.009950248756218905,0.9651741293532339,0.024875621890547265,0.0
282,0.11428571428571428,0.45714285714285713,0.42857142857142855,0.0
283,0.0,0.01179245283018868,0.02358490566037736,0.964622641509434
284,0.01904761904761905,0.0,0.011428571428571429,0.9695238095238096
285,0.1891891891891892,0.1891891891891892,0.6216216216216216,0.0
286,0.2826086956521739,0.10869565217391304,0.0,0.6086956521739131
287,0.0,0.676056338028169,0.323943661971831,0.0
288,0.8695652173913043,0.03162055335968379,0.0,0.09881422924901186
289,0.05699481865284974,0.0,0.22020725388601037,0.7227979274611399
290,0.0,0.16161616161616163,0.6296296296296297,0.20875420875420875
291,0.0,0.6046511627906976,0.3953488372093023,0.0
292,0.0,0.07428571428571429,0.88,0.045714285714285714
293,0.0,0.03067484662576687,0.9386503067484663,0.03067484662576687
294,0.7843137254901961,0.0784313725490196,0.0,0.13725490196078433
295,0.0,0.4090909090909091,0.4090909090909091,0.18181818181818182
296,0.2777777777777778,0.4583333333333333,0.2638888888888889,0.0
297,0.0,0.5434782608695652,0.06521739130434782,0.391304347826087
298,0.18181818181818182,0.45454545454545453,0.36363636363636365,0.0
299,0.0,0.1,0.35,0.55
300,0.8333333333333334,0.16666666666666666,0.0,0.0
301,1.0,0.0,0.0,0.0
302,0.2,0.8,0.0,0.0
303,0.0,0.0,1.0,0.0
304,1.0,0.0,0.0,0.0
305,1.0,0.0,0.0,0.0
306,0.0,1.0,0.0,0.0
307,0.0,0.0,0.0,1.0
308,,,,
309,,,,
310,,,,
311,,,,
312,,,,
313,,,,
314,,,,
315,,,,
316,,,,
317,,,,
