,A,C,G,T
0,,,,
1,,,,
2,0.13333333333333333,0.8303030303030303,0.0,0.03636363636363636
3,0.3368421052631579,0.07368421052631578,0.0,0.5894736842105263
4,0.3541666666666667,0.2916666666666667,0.3541666666666667,0.0
5,0.6666666666666666,0.0,0.0,0.3333333333333333
6,0.23809523809523808,0.0,0.19047619047619047,0.5714285714285714
7,0.0,0.15841584158415842,0.37623762376237624,0.46534653465346537
8,0.5435466946484785,0.39244491080797483,0.0,0.06400839454354669
9,0.01718213058419244,0.0,0.07445589919816724,0.9083619702176403
10,0.07692307692307693,0.5384615384615384,0.38461538461538464,0.0
11,0.5905511811023622,0.15748031496062992,0.0,0.25196850393700787
12,0.325,0.6208333333333333,0.0,0.05416666666666667
13,0.4852941176470588,0.46078431372549017,0.05392156862745098,0.0
14,0.5672268907563025,0.27310924369747897,0.0,0.15966386554621848
15,0.23809523809523808,0.0,0.2857142857142857,0.47619047619047616
16,0.0,0.59375,0.21875,0.1875
17,0.9127906976744186,0.029069767441860465,0.0,0.05813953488372093
18,0.2,0.2571428571428571,0.5428571428571428,0.0
19,0.5238095238095238,0.0,0.2857142857142857,0.19047619047619047
20,0.1529126213592233,0.6771844660194175,0.16990291262135923,0.0
21,0.125,0.25,0.0,0.625
22,0.3050847457627119,0.3050847457627119,0.0,0.3898305084745763
23,0.2631578947368421,0.43859649122807015,0.0,0.2982456140350877
24,0.4591194968553459,0.3238993710691824,0.0,0.2169811320754717
25,0.2755102040816326,0.0,0.6224489795918368,0.10204081632653061
26,0.28846153846153844,0.4519230769230769,0.25961538461538464,0.0
27,0.0,0.6451612903225806,0.0,0.3548387096774194
28,0.0,0.7657657657657657,0.14414414414414414,0.09009009009009009
29,0.8699186991869918,0.08130081300813008,0.0,0.04878048780487805
30,0.4292929292929293,0.29797979797979796,0.0,0.2727272727272727
31,0.11428571428571428,0.2857142857142857,0.6,0.0
32,0.27884615384615385,0.22115384615384615,0.0,0.5
33,0.0,0.7165354330708661,0.2204724409448819,0.06299212598425197
34,0.0,0.1037037037037037,0.8345679012345679,0.06172839506172839
35,0.48717948717948717,0.23076923076923078,0.0,0.28205128205128205
36,0.0,0.5887445887445888,0.36363636363636365,0.047619047619047616
37,0.0,0.24129353233830847,0.654228855721393,0.1044776119402985
38,0.2894736842105263,0.39035087719298245,0.0,0.3201754385964912
39,0.22549019607843138,0.0,0.27450980392156865,0.5
40,0.4523809523809524,0.0,0.2857142857142857,0.2619047619047619
41,0.05460750853242321,0.18430034129692832,0.7610921501706485,0.0
42,0.2222222222222222,0.18518518518518517,0.0,0.5925925925925926
43,0.6842105263157895,0.14736842105263157,0.0,0.16842105263157894
44,0.4,0.2235294117647059,0.0,0.3764705882352941
45,0.15254237288135594,0.1864406779661017,0.6610169491525424,0.0
46,0.5263157894736842,0.0,0.10526315789473684,0.3684210526315789
47,0.08208955223880597,0.0,0.5771144278606966,0.3407960199004975
48,0.10869565217391304,0.13043478260869565,0.7608695652173914,0.0
49,0.3939393939393939,0.0,0.18181818181818182,0.42424242424242425
50,0.0,0.7916666666666666,0.0,0.20833333333333334
51,0.5645161290322581,0.2661290322580645,0.0,0.1693548387096774
52,0.14285714285714285,0.39285714285714285,0.4642857142857143,0.0
53,0.5,0.18421052631578946,0.0,0.3157894736842105
54,0.0,0.6610169491525424,0.3050847457627119,0.03389830508474576
55,0.0,0.31399317406143346,0.6450511945392492,0.040955631399317405
56,0.9237668161434978,0.04484304932735426,0.0,0.03139013452914798
57,0.6558704453441295,0.2834008097165992,0.0,0.06072874493927125
58,0.10714285714285714,0.4642857142857143,0.42857142857142855,0.0
59,0.13953488372093023,0.0,0.4186046511627907,0.4418604651162791
60,0.2,0.38571428571428573,0.4142857142857143,0.0
61,0.5714285714285714,0.0,0.14285714285714285,0.2857142857142857
62,0.08239700374531835,0.0,0.19101123595505617,0.7265917602996255
63,0.047619047619047616,0.42857142857142855,0.5238095238095238,0.0
64,0.2222222222222222,0.05555555555555555,0.0,0.7222222222222222
65,0.030120481927710843,0.0,0.012048192771084338,0.9578313253012049
66,0.0,0.3089887640449438,0.547752808988764,0.14325842696629212
67,0.0,0.44539614561027835,0.49036402569593146,0.06423982869379015
68,0.6557377049180327,0.14754098360655737,0.0,0.19672131147540983
69,0.6908127208480566,0.1254416961130742,0.0,0.18374558303886926
70,0.039301310043668124,0.0,0.043668122270742356,0.9170305676855895
71,0.03763440860215054,0.8185483870967742,0.14381720430107528,0.0
72,0.16875,0.26875,0.5625,0.0
73,0.2535211267605634,0.0,0.14084507042253522,0.6056338028169014
74,0.18848167539267016,0.581151832460733,0.23036649214659685,0.0
75,0.5526315789473685,0.13157894736842105,0.0,0.3157894736842105
76,0.42857142857142855,0.44537815126050423,0.0,0.12605042016806722
77,0.0,0.5104166666666666,0.4375,0.052083333333333336
78,0.23026315789473684,0.631578947368421,0.0,0.13815789473684212
79,0.7332155477031802,0.08215547703180212,0.0,0.18462897526501768
80,0.2661290322580645,0.0,0.5645161290322581,0.1693548387096774
81,0.0,0.18655097613882862,0.12147505422993492,0.6919739696312365
82,0.22297297297297297,0.0,0.4983108108108108,0.27871621621621623
83,0.37723214285714285,0.0,0.25669642857142855,0.36607142857142855
84,0.20704845814977973,0.6607929515418502,0.13215859030837004,0.0
85,0.15151515151515152,0.5757575757575758,0.2727272727272727,0.0
86,0.0737410071942446,0.0,0.03237410071942446,0.8938848920863309
87,0.0,0.1445221445221445,0.8321678321678322,0.023310023310023312
88,0.6564885496183206,0.27589967284623773,0.0,0.06761177753544166
89,0.2940603700097371,0.0,0.28432327166504384,0.4216163583252191
90,0.0,0.09569377990430622,0.8444976076555024,0.05980861244019139
91,0.5711965349214944,0.3789929615592853,0.0,0.04981050351922036
92,0.23128792987188132,0.0,0.08496291301416048,0.6837491571139582
93,0.2381786339754816,0.5604203152364273,0.20140105078809106,0.0
94,0.0,0.34296977660972405,0.05913272010512484,0.5978975032851511
95,0.04794520547945205,0.8184931506849316,0.13356164383561644,0.0
96,0.49071925754060325,0.3004640371229698,0.0,0.2088167053364269
97,0.050293925538863485,0.0,0.6949706074461136,0.25473546701502287
98,0.5322033898305085,0.3672316384180791,0.10056497175141244,0.0
99,0.0,0.18282988871224165,0.36327503974562797,0.4538950715421304
100,0.16883116883116883,0.5974025974025974,0.23376623376623376,0.0
101,0.10262008733624454,0.0,0.23580786026200873,0.6615720524017468
102,0.0,0.3742857142857143,0.5171428571428571,0.10857142857142857
103,0.5388850653819683,0.37302133516861663,0.0,0.088093599449415
104,0.024705882352941175,0.0,0.02,0.9552941176470588
105,0.02857142857142857,0.37142857142857144,0.6,0.0
106,0.25,0.1,0.0,0.65
107,0.21428571428571427,0.21428571428571427,0.0,0.5714285714285714
108,0.24714828897338403,0.44866920152091255,0.0,0.3041825095057034
109,0.04081632653061224,0.3673469387755102,0.5918367346938775,0.0
110,0.3129251700680272,0.272108843537415,0.0,0.41496598639455784
111,0.6981132075471698,0.0,0.16981132075471697,0.1320754716981132
112,0.47058823529411764,0.17647058823529413,0.0,0.35294117647058826
113,0.0,0.6032608695652174,0.34375,0.05298913043478261
114,0.68,0.0,0.2,0.12
115,0.0,0.07603686635944701,0.059907834101382486,0.8640552995391705
116,0.45652173913043476,0.1956521739130435,0.0,0.34782608695652173
117,0.3,0.42,0.0,0.28
118,0.03680981595092025,0.0,0.08588957055214724,0.8773006134969326
119,0.21978021978021978,0.0,0.16483516483516483,0.6153846153846154
120,0.4367816091954023,0.0,0.45977011494252873,0.10344827586206896
121,0.3125,0.0,0.5,0.1875
122,0.25874125874125875,0.6048951048951049,0.13636363636363635,0.0
123,0.4,0.15,0.0,0.45
124,0.2222222222222222,0.3333333333333333,0.0,0.4444444444444444
125,0.0,0.7263157894736842,0.1736842105263158,0.1
126,0.30952380952380953,0.0,0.6428571428571429,0.047619047619047616
127,0.0,0.11304347826086956,0.6173913043478261,0.26956521739130435
128,0.0,0.15690866510538642,0.6487119437939111,0.19437939110070257
129,0.6597222222222222,0.2708333333333333,0.0,0.06944444444444445
130,0.45454545454545453,0.2727272727272727,0.0,0.2727272727272727
131,0.5924731182795699,0.2978494623655914,0.0,0.10967741935483871
132,0.2077922077922078,0.0,0.33766233766233766,0.45454545454545453
133,0.036458333333333336,0.8489583333333334,0.11458333333333333,0.0
134,0.17094017094017094,0.33760683760683763,0.49145299145299143,0.0
135,0.08536585365853659,0.8414634146341463,0.0,0.07317073170731707
136,0.0,0.3870967741935484,0.5,0.11290322580645161
137,0.8857142857142857,0.06666666666666667,0.0,0.047619047619047616
138,0.09090909090909091,0.13636363636363635,0.7727272727272727,0.0
139,0.703125,0.046875,0.0,0.25
140,0.0,0.8181818181818182,0.0,0.18181818181818182
141,0.0,0.35543278084714547,0.4843462246777164,0.16022099447513813
142,0.041666666666666664,0.08333333333333333,0.875,0.0
143,0.30952380952380953,0.23809523809523808,0.0,0.4523809523809524
144,0.3,0.05,0.0,0.65
145,0.15789473684210525,0.631578947368421,0.0,0.21052631578947367
146,0.0,0.2661290322580645,0.6350806451612904,0.09879032258064516
147,0.0,0.4583333333333333,0.0,0.5416666666666666
148,0.2056451612903226,0.13172043010752688,0.0,0.6626344086021505
149,0.48522727272727273,0.4193181818181818,0.0,0.09545454545454546
150,0.0,0.22653721682847897,0.38349514563106796,0.38996763754045305
151,0.09507042253521127,0.44366197183098594,0.4612676056338028,0.0
152,0.3515625,0.0,0.25,0.3984375
153,0.0,0.38526315789473686,0.5515789473684211,0.06315789473684211
154,0.11428571428571428,0.4857142857142857,0.4,0.0
155,0.17899761336515513,0.0,0.3532219570405728,0.4677804295942721
156,0.3763440860215054,0.0,0.5161290322580645,0.10752688172043011
157,0.17699115044247787,0.0,0.5309734513274337,0.2920353982300885
158,0.19293078055964655,0.5846833578792342,0.22238586156111928,0.0
159,0.0,0.30934256055363324,0.43737024221453286,0.2532871972318339
160,0.27533783783783783,0.31756756756756754,0.40709459459459457,0.0
161,0.13884204609331086,0.0,0.6003372681281619,0.26082068577852724
162,0.36254980079681276,0.00199203187250996,0.6354581673306773,0.0
163,0.2940226171243942,0.568659127625202,0.13731825525040386,0.0
164,0.22549019607843138,0.40784313725490196,0.36666666666666664,0.0
165,0.4934426229508197,0.32131147540983607,0.0,0.18524590163934426
166,0.6166097838452788,0.2787258248009101,0.0,0.10466439135381114
167,0.4052964881980426,0.2452504317789292,0.3494530800230282,0.0
168,0.0,0.17532467532467533,0.4458874458874459,0.3787878787878788
169,0.19209914794732766,0.0,0.14717273431448488,0.6607281177381874
170,0.0,0.22135922330097088,0.5203883495145631,0.258252427184466
171,0.41506968641114983,0.5130662020905923,0.0,0.07186411149825785
172,0.23106060606060605,0.0,0.3371212121212121,0.4318181818181818
173,0.0,0.2992805755395683,0.4201438848920863,0.2805755395683453
174,0.0,0.17264150943396225,0.7415094339622641,0.08584905660377358
175,0.0,0.4252199413489736,0.38269794721407624,0.19208211143695014
176,0.3370707778556412,0.0,0.3132445690259285,0.3496846531184303
177,0.375,0.2774390243902439,0.3475609756097561,0.0
178,0.0,0.53125,0.1388888888888889,0.3298611111111111
179,0.040783034257748776,0.0,0.04730831973898858,0.9119086460032626
180,0.16087516087516088,0.2059202059202059,0.0,0.6332046332046332
181,0.4844961240310077,0.0,0.34108527131782945,0.1744186046511628
182,0.0,0.30133333333333334,0.35733333333333334,0.3413333333333333
183,0.27983539094650206,0.0,0.7078189300411523,0.012345679012345678
184,0.0,0.5710306406685237,0.3398328690807799,0.08913649025069638
185,0.38495575221238937,0.4557522123893805,0.0,0.1592920353982301
186,0.0,0.398406374501992,0.4820717131474104,0.11952191235059761
187,0.0,0.15111940298507462,0.7686567164179104,0.08022388059701492
188,0.6909385113268608,0.23705501618122976,0.0,0.07200647249190939
189,0.16030534351145037,0.31297709923664124,0.5267175572519084,0.0
190,0.2196969696969697,0.14393939393939395,0.6363636363636364,0.0
191,0.10758377425044091,0.0,0.14109347442680775,0.7513227513227513
192,0.528169014084507,0.0,0.4507042253521127,0.02112676056338028
193,0.0,0.09170305676855896,0.6681222707423581,0.24017467248908297
194,0.6317991631799164,0.20502092050209206,0.0,0.16317991631799164
195,0.32954545454545453,0.4431818181818182,0.0,0.22727272727272727
196,0.9475164011246485,0.03936269915651359,0.0,0.013120899718837863
197,0.5211267605633803,0.0,0.23340040241448692,0.2454728370221328
198,0.0,0.5,0.42391304347826086,0.07608695652173914
199,0.2978723404255319,0.425531914893617,0.0,0.2765957446808511
200,0.0,0.1282051282051282,0.8141025641025641,0.057692307692307696
201,0.1592775041050903,0.7824302134646962,0.0,0.05829228243021346
202,0.026845637583892617,0.610738255033557,0.3624161073825503,0.0
203,0.39669421487603307,0.0,0.2603305785123967,0.34297520661157027
204,0.0,0.10546875,0.26953125,0.625
205,0.20353982300884957,0.0,0.252212389380531,0.5442477876106194
206,0.48994326972666324,0.40897369778236203,0.0,0.10108303249097472
207,0.0,0.4439461883408072,0.24663677130044842,0.3094170403587444
208,0.34,0.1,0.56,0.0
209,0.5197969543147208,0.2893401015228426,0.19086294416243654,0.0
210,0.0,0.06936416184971098,0.2947976878612717,0.6358381502890174
211,0.14130434782608695,0.0,0.4782608695652174,0.3804347826086957
212,0.13005780346820808,0.0,0.20520231213872833,0.6647398843930635
213,0.17142857142857143,0.6714285714285714,0.0,0.15714285714285714
214,0.35443037974683544,0.0,0.20253164556962025,0.4430379746835443
215,0.4883720930232558,0.23255813953488372,0.0,0.27906976744186046
216,0.5882352941176471,0.21568627450980393,0.0,0.19607843137254902
217,0.0,0.19083969465648856,0.6717557251908397,0.13740458015267176
218,0.32926829268292684,0.0,0.5,0.17073170731707318
219,0.0,0.6462585034013606,0.0,0.35374149659863946
220,0.0,0.5143487858719646,0.3465783664459161,0.1390728476821192
221,0.0,0.17627567925778662,0.7090788601722995,0.11464546056991386
222,0.19023136246786632,0.32390745501285345,0.48586118251928023,0.0
223,0.2347266881028939,0.0,0.1414790996784566,0.6237942122186495
224,0.30396039603960395,0.0,0.3455445544554455,0.3504950495049505
225,0.0,0.10784313725490197,0.4730392156862745,0.41911764705882354
226,0.09289617486338798,0.0,0.3442622950819672,0.5628415300546448
227,0.3508771929824561,0.5394736842105263,0.0,0.10964912280701754
228,0.0,0.14678899082568808,0.6926605504587156,0.16055045871559634
229,0.5003274394237066,0.47544204322200395,0.0,0.024230517354289455
230,0.14682080924855492,0.0,0.40115606936416187,0.45202312138728323
231,0.0,0.13533834586466165,0.46616541353383456,0.39849624060150374
232,0.21804511278195488,0.0,0.10526315789473684,0.6766917293233082
233,0.0,0.2151639344262295,0.5061475409836066,0.2786885245901639
234,0.5696594427244582,0.07430340557275542,0.0,0.3560371517027864
235,0.019409282700421943,0.0,0.06329113924050633,0.9172995780590717
236,0.21696252465483234,0.0,0.46745562130177515,0.3155818540433925
237,0.05668016194331984,0.6234817813765182,0.31983805668016196,0.0
238,0.0,0.1791044776119403,0.03283582089552239,0.7880597014925373
239,0.01569506726457399,0.0,0.13452914798206278,0.8497757847533632
240,0.0,0.32894736842105265,0.125,0.5460526315789473
241,0.024390243902439025,0.24390243902439024,0.7317073170731707,0.0
242,0.6086956521739131,0.15217391304347827,0.0,0.2391304347826087
243,0.2803030303030303,0.5454545454545454,0.0,0.17424242424242425
244,0.0,0.25,0.6283783783783784,0.12162162162162163
245,0.7228549734244495,0.23462414578587698,0.0,0.0425208807896735
246,0.15495668912415783,0.0,0.19634263715110684,0.6487006737247353
247,0.044444444444444446,0.08888888888888889,0.8666666666666667,0.0
248,0.3463687150837989,0.49162011173184356,0.0,0.16201117318435754
249,0.0,0.5259593679458239,0.43792325056433407,0.03611738148984198
250,0.45194805194805193,0.5,0.0,0.048051948051948054
251,0.19627749576988154,0.0,0.2038917089678511,0.5998307952622673
252,0.0,0.08045977011494253,0.8601532567049809,0.05938697318007663
253,0.7870967741935484,0.1913978494623656,0.0,0.021505376344086023
254,0.11377245508982035,0.0,0.2375249500998004,0.6487025948103793
255,0.054878048780487805,0.0,0.06097560975609756,0.8841463414634146
256,0.0,0.16666666666666666,0.8333333333333334,0.0
257,0.3954248366013072,0.43137254901960786,0.0,0.17320261437908496
258,0.0,0.7283018867924528,0.2339622641509434,0.03773584905660377
259,0.2732824427480916,0.6687022900763359,0.0,0.05801526717557252
260,0.0,0.27705627705627706,0.2741702741702742,0.44877344877344877
261,0.14790996784565916,0.5273311897106109,0.3247588424437299,0.0
262,0.32338308457711445,0.0,0.029850746268656716,0.6467661691542289
263,0.32142857142857145,0.39285714285714285,0.2857142857142857,0.0
264,0.21428571428571427,0.7023809523809523,0.0,0.08333333333333333
265,0.0,0.34104046242774566,0.5260115606936416,0.1329479768786127
266,0.4543147208121827,0.4873096446700508,0.0,0.0583756345177665
267,0.06666666666666667,0.13333333333333333,0.0,0.8
268,0.0,0.2,0.5,0.3
269,0.2898550724637681,0.0,0.15942028985507245,0.5507246376811594
270,0.0,0.04830917874396135,0.25120772946859904,0.7004830917874396
271,0.1267605633802817,0.0,0.647887323943662,0.22535211267605634
272,0.2804878048780488,0.23170731707317074,0.0,0.4878048780487805
273,0.4166666666666667,0.16666666666666666,0.0,0.4166666666666667
274,0.15294117647058825,0.0,0.7764705882352941,0.07058823529411765
275,0.616822429906542,0.0,0.037383177570093455,0.34579439252336447
276,0.7991422444603288,0.139385275196569,0.0,0.061472480343102216
277,0.34545454545454546,0.5954545454545455,0.05909090909090909,0.0
278,0.24921630094043887,0.45768025078369906,0.0,0.29310344827586204
279,0.11764705882352941,0.11764705882352941,0.7647058823529411,0.0
280,0.0,0.022556390977443608,0.045112781954887216,0.9323308270676691
281,0.012121212121212121,0.9363636363636364,0.051515151515151514,0.0
282,0.0,0.18181818181818182,0.8181818181818182,0.0
283,0.0,0.007598784194528876,0.016717325227963525,0.9756838905775076
284,0.0054585152838427945,0.0,0.006550218340611353,0.9879912663755459
285,0.14634146341463414,0.21951219512195122,0.6341463414634146,0.0
286,0.25,0.1,0.0,0.65
287,0.0,0.8314606741573034,0.16853932584269662,0.0
288,0.5172413793103449,0.05747126436781609,0.0,0.42528735632183906
289,0.12941176470588237,0.0,0.14705882352941177,0.7235294117647059
290,0.33035714285714285,0.49107142857142855,0.0,0.17857142857142858
291,0.0,0.8449197860962567,0.15508021390374332,0.0
292,0.42995169082125606,0.4782608695652174,0.0,0.09178743961352658
293,0.0,0.14953271028037382,0.8037383177570093,0.04672897196261682
294,0.10434782608695652,0.8521739130434782,0.0,0.043478260869565216
295,0.0,0.19230769230769232,0.6346153846153846,0.17307692307692307
296,0.25925925925925924,0.37037037037037035,0.37037037037037035,0.0
297,0.5652173913043478,0.0,0.17391304347826086,0.2608695652173913
298,0.07142857142857142,0.6071428571428571,0.32142857142857145,0.0
299,0.2,0.0,0.2,0.6
300,0.07142857142857142,0.7857142857142857,0.14285714285714285,0.0
301,0.0,0.0,1.0,0.0
302,0.0,0.0,0.0,1.0
303,0.0,0.0,1.0,0.0
304,0.0,0.0,0.75,0.25
305,,,,
306,0.0,0.0,0.0,1.0
307,,,,
308,,,,
309,,,,
310,0.0,0.0,1.0,0.0
311,,,,
312,,,,
313,,,,
314,,,,
315,,,,
