,A,C,G,T
0,,,,
1,,,,
2,0.770042194092827,0.18459915611814345,0.0,0.04535864978902954
3,0.08558465663023304,0.0,0.5865126830274283,0.3279026603423386
4,0.1926977687626775,0.7931034482758621,0.014198782961460446,0.0
5,0.7411630558722919,0.08437856328392246,0.0,0.17445838084378562
6,0.44776119402985076,0.0,0.23134328358208955,0.3208955223880597
7,0.0,0.12405699916177704,0.5171835708298408,0.35875943000838223
8,0.5727063634040378,0.3432149246102735,0.0,0.08407871198568873
9,0.12894961571306576,0.0,0.12297181895815543,0.7480785653287788
10,0.410958904109589,0.4520547945205479,0.136986301369863,0.0
11,0.7525,0.1195,0.0,0.128
12,0.266,0.0,0.334,0.4
13,0.0,0.20019249278152068,0.629451395572666,0.17035611164581327
14,0.6001239925604464,0.16738995660260383,0.0,0.2324860508369498
15,0.02050113895216401,0.8473804100227791,0.0,0.13211845102505695
16,0.0,0.44919786096256686,0.24064171122994651,0.31016042780748665
17,0.719047619047619,0.047619047619047616,0.0,0.23333333333333334
18,0.3935018050541516,0.09747292418772563,0.5090252707581228,0.0
19,0.05434782608695652,0.0,0.7463768115942029,0.19927536231884058
20,0.07692307692307693,0.40384615384615385,0.0,0.5192307692307693
21,0.17582417582417584,0.16483516483516483,0.0,0.6593406593406593
22,0.18023255813953487,0.7005813953488372,0.0,0.11918604651162791
23,0.09414758269720101,0.0,0.4631043256997455,0.44274809160305345
24,0.203125,0.0,0.44140625,0.35546875
25,0.3269230769230769,0.0,0.25,0.4230769230769231
26,0.0,0.4507042253521127,0.3512323943661972,0.19806338028169015
27,0.49107142857142855,0.48125,0.0,0.027678571428571427
28,0.24352331606217617,0.533678756476684,0.0,0.22279792746113988
29,0.0,0.29143897996357016,0.588949605343048,0.1196114146933819
30,0.14149443561208266,0.0,0.5039745627980922,0.35453100158982515
31,0.5317796610169492,0.21398305084745764,0.2542372881355932,0.0
32,0.5308219178082192,0.2625570776255708,0.0,0.20662100456621005
33,0.25841476655808904,0.499457111834962,0.0,0.24212812160694897
34,0.1942675159235669,0.554140127388535,0.2515923566878981,0.0
35,0.45,0.15178571428571427,0.0,0.3982142857142857
36,0.0,0.5633484162895928,0.3665158371040724,0.07013574660633484
37,0.0,0.12107870115575124,0.8348926802421573,0.04402861860209136
38,0.5108055009823183,0.18271119842829076,0.0,0.30648330058939094
39,0.20084566596194503,0.0,0.3713883016208598,0.4277660324171952
40,0.30994152046783624,0.0,0.1286549707602339,0.5614035087719298
41,0.06757679180887372,0.7965870307167235,0.13583617747440274,0.0
42,0.2485207100591716,0.3767258382642998,0.3747534516765286,0.0
43,0.12716763005780346,0.0,0.5433526011560693,0.32947976878612717
44,0.48031496062992124,0.2887139107611549,0.0,0.23097112860892388
45,0.21714285714285714,0.6171428571428571,0.0,0.1657142857142857
46,0.0,0.26626323751891073,0.6928895612708018,0.04084720121028744
47,0.5291479820627802,0.2802690582959641,0.0,0.1905829596412556
48,0.0,0.26011560693641617,0.407514450867052,0.33236994219653176
49,0.20812182741116753,0.0,0.3096446700507614,0.48223350253807107
50,0.21784232365145229,0.0,0.2966804979253112,0.4854771784232365
51,0.1856060606060606,0.0,0.3522727272727273,0.4621212121212121
52,0.19008264462809918,0.49586776859504134,0.3140495867768595,0.0
53,0.23714285714285716,0.37714285714285717,0.0,0.38571428571428573
54,0.35129310344827586,0.21767241379310345,0.43103448275862066,0.0
55,0.34065934065934067,0.0,0.16483516483516483,0.4945054945054945
56,0.1466992665036675,0.0,0.36185819070904646,0.49144254278728605
57,0.1330049261083744,0.0,0.7783251231527094,0.08866995073891626
58,0.06827309236947791,0.6867469879518072,0.24497991967871485,0.0
59,0.38320209973753283,0.0,0.32020997375328086,0.29658792650918636
60,0.0,0.3408521303258145,0.3107769423558897,0.3483709273182957
61,0.22990543735224586,0.0,0.36524822695035464,0.40484633569739953
62,0.15743207245604687,0.0,0.3164624400639318,0.5261054874800213
63,0.2604166666666667,0.3854166666666667,0.3541666666666667,0.0
64,0.28104575163398693,0.16339869281045752,0.0,0.5555555555555556
65,0.024516129032258065,0.0,0.0025806451612903226,0.9729032258064516
66,0.0,0.11764705882352941,0.4054621848739496,0.47689075630252103
67,0.17384370015948963,0.0,0.5831339712918661,0.24302232854864433
68,0.4782122905027933,0.33743016759776534,0.18435754189944134,0.0
69,0.3132992327365729,0.42071611253196933,0.0,0.2659846547314578
70,0.07581227436823104,0.7833935018050542,0.1407942238267148,0.0
71,0.061277705345501955,0.0,0.6245110821382008,0.31421121251629724
72,0.19504310344827586,0.584051724137931,0.2209051724137931,0.0
73,0.31263858093126384,0.0,0.10421286031042129,0.5831485587583148
74,0.1870066788099575,0.5925925925925926,0.2204007285974499,0.0
75,0.5860373647984267,0.19665683382497542,0.0,0.21730580137659783
76,0.4527272727272727,0.36818181818181817,0.0,0.17909090909090908
77,0.4140127388535032,0.42038216560509556,0.16560509554140126,0.0
78,0.29338842975206614,0.1322314049586777,0.0,0.5743801652892562
79,0.5871619847729063,0.30336046206353373,0.0,0.10947755316355999
80,0.13736263736263737,0.0,0.42637362637362636,0.43626373626373627
81,0.14945919370698132,0.6076696165191741,0.24287118977384464,0.0
82,0.34051724137931033,0.0,0.04525862068965517,0.6142241379310345
83,0.41541755888650966,0.0,0.19271948608137046,0.39186295503211993
84,0.0,0.24910714285714286,0.5928571428571429,0.15803571428571428
85,0.0661625708884688,0.8034026465028355,0.13043478260869565,0.0
86,0.15497990174184903,0.0,0.3970522554711925,0.44796784278695845
87,0.0,0.25370919881305637,0.6003956478733927,0.14589515331355093
88,0.3870382585751979,0.45728891820580475,0.0,0.15567282321899736
89,0.20011045655375553,0.0,0.18593519882179677,0.6139543446244478
90,0.0,0.2059880239520958,0.6574850299401198,0.13652694610778443
91,0.44124857002778234,0.4562837064879882,0.0,0.10246772348422944
92,0.2372211239762779,0.4721829991527817,0.2905958768709404,0.0
93,0.0,0.29774322017826665,0.5251280106201404,0.177128769201593
94,0.44873817034700314,0.45741324921135645,0.0,0.09384858044164038
95,0.2842720510095643,0.4181721572794899,0.2975557917109458,0.0
96,0.0,0.2633024869866975,0.5296414112203586,0.2070561017929439
97,0.5108389143461403,0.387381036305957,0.0,0.10178004934790272
98,0.3981275078020508,0.5086937137761925,0.09317877842175658,0.0
99,0.2076069730586371,0.6015847860538828,0.1908082408874802,0.0
100,0.0,0.31506456241033,0.1133428981348637,0.5715925394548063
101,0.035077109162382825,0.0,0.061989718778348954,0.9029331720592683
102,0.22672872340425532,0.706781914893617,0.06648936170212766,0.0
103,0.0,0.2079207920792079,0.11698801459093278,0.6750911933298593
104,0.03850931677018633,0.0,0.13871635610766045,0.8227743271221533
105,0.05357142857142857,0.23214285714285715,0.7142857142857143,0.0
106,0.08056872037914692,0.18009478672985782,0.0,0.7393364928909952
107,0.09090909090909091,0.37967914438502676,0.0,0.5294117647058824
108,0.8231111111111111,0.052444444444444446,0.0,0.12444444444444444
109,0.15401430842607314,0.7486089030206677,0.0,0.09737678855325914
110,0.11571125265392782,0.0,0.2208067940552017,0.6634819532908705
111,0.0958904109589041,0.3356164383561644,0.5684931506849316,0.0
112,0.10975609756097561,0.18292682926829268,0.0,0.7073170731707317
113,0.05755395683453238,0.5755395683453237,0.0,0.3669064748201439
114,0.0,0.2062655086848635,0.69075682382134,0.10297766749379653
115,0.17475728155339806,0.5,0.32524271844660196,0.0
116,0.25395348837209303,0.0,0.08093023255813954,0.6651162790697674
117,0.45544554455445546,0.0,0.3069306930693069,0.2376237623762376
118,0.5374149659863946,0.20408163265306123,0.0,0.2585034013605442
119,0.15813953488372093,0.0,0.3868217054263566,0.45503875968992247
120,0.6818181818181818,0.0,0.14772727272727273,0.17045454545454544
121,0.0,0.24415584415584415,0.5324675324675324,0.22337662337662337
122,0.5304878048780488,0.23780487804878048,0.0,0.23170731707317074
123,0.18047097036134796,0.0,0.1758018676410881,0.643727161997564
124,0.39215686274509803,0.0,0.3254901960784314,0.2823529411764706
125,0.25297619047619047,0.0,0.2767857142857143,0.47023809523809523
126,0.22641509433962265,0.0,0.33962264150943394,0.4339622641509434
127,0.532608695652174,0.0,0.1956521739130435,0.2717391304347826
128,0.0,0.718610579987253,0.2179732313575526,0.0634161886551944
129,0.5786516853932584,0.19101123595505617,0.0,0.2303370786516854
130,0.6466666666666666,0.1288888888888889,0.0,0.22444444444444445
131,0.6390438247011953,0.17051792828685258,0.0,0.1904382470119522
132,0.0,0.49412915851272016,0.4911937377690802,0.014677103718199608
133,0.0,0.09853782581055308,0.7425301970756516,0.1589319771137953
134,0.4295612009237875,0.37644341801385683,0.0,0.19399538106235567
135,0.6343434343434343,0.2727272727272727,0.0,0.09292929292929293
136,0.36621454993834773,0.5807644882860666,0.0,0.0530209617755857
137,0.607389414472002,0.23382766555868065,0.0,0.15878291996931732
138,0.2709551656920078,0.0,0.1189083820662768,0.6101364522417154
139,0.06911447084233262,0.8142548596112311,0.11663066954643629,0.0
140,0.6785046728971963,0.17850467289719626,0.0,0.14299065420560747
141,0.029565217391304348,0.8765217391304347,0.0,0.09391304347826086
142,0.0,0.6231884057971014,0.2753623188405797,0.10144927536231885
143,0.8858766943594228,0.05684302579798863,0.0,0.057280279842588544
144,0.07317073170731707,0.17073170731707318,0.7560975609756098,0.0
145,0.44594594594594594,0.05912162162162162,0.0,0.49493243243243246
146,0.028346456692913385,0.7937007874015748,0.0,0.17795275590551182
147,0.0,0.5003538570417552,0.4720452937013447,0.027600849256900213
148,0.06077348066298342,0.44751381215469616,0.49171270718232046,0.0
149,0.1946564885496183,0.5931297709923664,0.21221374045801528,0.0
150,0.2537313432835821,0.1791044776119403,0.0,0.5671641791044776
151,0.029436860068259386,0.9005972696245734,0.0,0.06996587030716724
152,0.42178828365878723,0.510174717368962,0.0,0.06803699897225077
153,0.0,0.16613418530351437,0.5250266240681576,0.308839190628328
154,0.5280446637237082,0.4040508958712023,0.0,0.06790444040508958
155,0.23417721518987342,0.6951476793248945,0.07067510548523206,0.0
156,0.0,0.1623222748815166,0.5892575039494471,0.24842022116903634
157,0.18742724097788127,0.45168800931315484,0.3608847497089639,0.0
158,0.17281475541299118,0.0,0.3590617481956696,0.4681234963913392
159,0.2916779615071835,0.4998644619137978,0.2084575765790187,0.0
160,0.0,0.3623693379790941,0.09079729452756713,0.5468333674933388
161,0.0849740932642487,0.8367875647668394,0.07823834196891191,0.0
162,0.18188641481110834,0.6359769827370528,0.18213660245183888,0.0
163,0.0,0.5880546075085324,0.11023890784982936,0.30170648464163824
164,0.09098207118009098,0.8169654803318169,0.09205244848809205,0.0
165,0.0,0.2464304600740349,0.6901110523532522,0.06345848757271286
166,0.33264111761374365,0.5265244478006419,0.0,0.1408344345856145
167,0.28114285714285714,0.3325714285714286,0.3862857142857143,0.0
168,0.4950884086444008,0.17485265225933203,0.0,0.3300589390962672
169,0.6317957166392092,0.17627677100494235,0.0,0.19192751235584843
170,0.5378299120234604,0.33020527859237536,0.0,0.13196480938416422
171,0.0,0.2057074910820452,0.6834126040428062,0.11087990487514864
172,0.48386108273748724,0.41154239019407557,0.0,0.10459652706843718
173,0.3434624438262358,0.0,0.18510592766959127,0.4714316285041729
174,0.0,0.25059665871121717,0.440163654960791,0.3092396863279918
175,0.22451317296678122,0.0,0.40893470790378006,0.3665521191294387
176,0.24434719183078046,0.0,0.3741794310722101,0.38147337709700946
177,0.3713021197297927,0.3913347309573725,0.23736314931283484,0.0
178,0.0,0.3265067290813341,0.09479227618490345,0.5787009947337625
179,0.08026267785479752,0.0,0.131703757752645,0.7880335643925575
180,0.2313705054715998,0.5096404377279833,0.2589890568004169,0.0
181,0.0,0.5023160061760165,0.1276376737004632,0.37004632012352034
182,0.13201663201663202,0.0,0.08264033264033264,0.7853430353430353
183,0.0,0.40798045602605865,0.4763843648208469,0.11563517915309446
184,0.0,0.3476190476190476,0.5803571428571429,0.07202380952380952
185,0.05111452728670254,0.0,0.21060722521137587,0.7382782475019216
186,0.1431980906921241,0.0,0.30405727923627685,0.552744630071599
187,0.23047375160051217,0.0,0.1946222791293214,0.5749039692701664
188,0.25579470198675497,0.5149006622516556,0.0,0.2293046357615894
189,0.1931394481730052,0.19910514541387025,0.6077554064131245,0.0
190,0.5365853658536586,0.0,0.10452961672473868,0.3588850174216028
191,0.28641975308641976,0.0,0.1168724279835391,0.5967078189300411
192,0.12306101344364012,0.0,0.28852119958634953,0.5884177869700103
193,0.18181818181818182,0.17148760330578514,0.6466942148760331,0.0
194,0.30980392156862746,0.0,0.5192156862745098,0.17098039215686275
195,0.0,0.31794515793127387,0.6459562651856994,0.03609857688302673
196,0.0,0.16221873364730507,0.7441130298273155,0.09366823652537938
197,0.28649921507064363,0.5455259026687598,0.0,0.16797488226059654
198,0.0,0.18294748729531338,0.7780914737436476,0.03896103896103896
199,0.3753784056508577,0.45509586276488395,0.0,0.16952573158425832
200,0.13621480026195154,0.5684348395546824,0.2953503601833661,0.0
201,0.43824701195219123,0.0,0.4342629482071713,0.12749003984063745
202,0.36633663366336633,0.2508250825082508,0.0,0.38283828382838286
203,0.0,0.42564559216384684,0.4924309884238646,0.0819234194122885
204,0.2948148148148148,0.6144444444444445,0.0,0.09074074074074075
205,0.035175879396984924,0.7092605886575736,0.2555635319454415,0.0
206,0.35174746335963925,0.0,0.31228861330326946,0.3359639233370913
207,0.0,0.0875671210243701,0.372573316811235,0.5398595621643949
208,0.15308641975308643,0.0,0.42074074074074075,0.42617283950617285
209,0.19925857275254866,0.0,0.2567191844300278,0.5440222428174235
210,0.0,0.36523702031602706,0.41941309255079007,0.21534988713318284
211,0.11877394636015326,0.4878671775223499,0.3933588761174968,0.0
212,0.0,0.22499385598427132,0.4110346522487098,0.36397149176701893
213,0.26580459770114945,0.11494252873563218,0.6192528735632183,0.0
214,0.1625,0.0,0.09166666666666666,0.7458333333333333
215,0.0,0.37484308310318853,0.31182525734371075,0.31333165955310066
216,0.46946516626627893,0.37678594006827665,0.0,0.15374889366544442
217,0.25010969723562965,0.4278192189556823,0.32207108380868804,0.0
218,0.0,0.14378392691645703,0.6348470806302131,0.2213689924533298
219,0.38444924406047515,0.42548596112311016,0.0,0.1900647948164147
220,0.0,0.5842026825633383,0.323397913561848,0.09239940387481371
221,0.27417218543046357,0.0,0.40397350993377484,0.3218543046357616
222,0.0,0.19705159705159705,0.43095823095823094,0.371990171990172
223,0.3304831124412142,0.0,0.2501068832834545,0.4194100042753313
224,0.4494811578372474,0.3085745494265429,0.0,0.2419442927362097
225,0.14928057553956833,0.34952038369304556,0.5011990407673861,0.0
226,0.503030303030303,0.0,0.10303030303030303,0.3939393939393939
227,0.09170506912442396,0.0,0.5986175115207373,0.3096774193548387
228,0.0,0.2880747126436782,0.6623563218390804,0.04956896551724138
229,0.0,0.22430532306662204,0.6762638098426514,0.09943086709072649
230,0.24139167862266858,0.624103299856528,0.0,0.13450502152080343
231,0.0,0.23773173391494,0.7350054525627044,0.027262813522355506
232,0.0,0.23987164059366226,0.7180104292017649,0.0421179302045728
233,0.054048499794492395,0.0,0.24085491163173037,0.7050965885737772
234,0.29506641366223907,0.0,0.5246679316888045,0.18026565464895636
235,0.0,0.1688191881918819,0.46863468634686345,0.3625461254612546
236,0.5106382978723404,0.38276161528441166,0.0,0.10660008684324794
237,0.21257922964407605,0.30862993661628474,0.4787908337396392,0.0
238,0.2879684418145957,0.14003944773175542,0.571992110453649,0.0
239,0.06902815622161672,0.0,0.2888283378746594,0.6421435059037239
240,0.26499032882011603,0.0,0.7350096711798839,0.0
241,0.437555358724535,0.0,0.043401240035429584,0.5190434012400355
242,0.3761194029850746,0.0,0.2,0.42388059701492536
243,0.26609442060085836,0.0,0.12660944206008584,0.6072961373390557
244,0.09692671394799054,0.08037825059101655,0.8226950354609929,0.0
245,0.4685073339085418,0.36496980155306297,0.0,0.16652286453839515
246,0.0,0.5170511534603811,0.4493480441323972,0.033600802407221665
247,0.0,0.15805564047691836,0.795016814429838,0.04692754509324366
248,0.4877884226150317,0.3678316016731885,0.0,0.1443799757117798
249,0.14711899079440846,0.0,0.2703716331401296,0.5825093760654619
250,0.10119047619047619,0.19940476190476192,0.6994047619047619,0.0
251,0.30370942812983,0.48377125193199383,0.0,0.2125193199381762
252,0.0,0.3459289248762933,0.4327485380116959,0.2213225371120108
253,0.3401201602136182,0.6072263017356475,0.0,0.05265353805073431
254,0.07879185817465528,0.0,0.4891661195009849,0.43204202232435984
255,0.15265486725663716,0.10508849557522124,0.7422566371681416,0.0
256,0.43906510851419034,0.0,0.18363939899833054,0.3772954924874791
257,0.31422505307855625,0.43241330502477,0.25336164189667376,0.0
258,0.434304562946674,0.39362286970863114,0.0,0.1720725673446949
259,0.0858085808580858,0.49174917491749176,0.42244224422442245,0.0
260,0.296078431372549,0.4823529411764706,0.0,0.22156862745098038
261,0.0,0.21002710027100271,0.6260162601626016,0.16395663956639567
262,0.2752577319587629,0.0,0.47835051546391755,0.2463917525773196
263,0.09090909090909091,0.0,0.5320247933884298,0.37706611570247933
264,0.4870967741935484,0.26129032258064516,0.0,0.25161290322580643
265,0.13108614232209737,0.0,0.08614232209737828,0.7827715355805244
266,0.18347338935574228,0.0,0.1722689075630252,0.6442577030812325
267,0.6994949494949495,0.06060606060606061,0.0,0.2398989898989899
268,0.7966804979253111,0.0,0.0954356846473029,0.1078838174273859
269,0.6023794614902943,0.18221665623043207,0.0,0.21540388227927365
270,0.36363636363636365,0.15702479338842976,0.0,0.4793388429752066
271,0.0,0.408,0.448,0.144
272,0.5980707395498392,0.0,0.18971061093247588,0.21221864951768488
273,0.0,0.034782608695652174,0.3869565217391304,0.5782608695652174
274,0.22357723577235772,0.0,0.2926829268292683,0.483739837398374
275,0.3159420289855073,0.2608695652173913,0.0,0.42318840579710143
276,0.28846153846153844,0.0641025641025641,0.0,0.6474358974358975
277,0.1883289124668435,0.0,0.7108753315649867,0.10079575596816977
278,0.07960644007155634,0.0,0.12701252236135957,0.7933810375670841
279,0.7138054213069973,0.18596343769699517,0.0,0.10023114099600756
280,0.1797884841363102,0.6580493537015276,0.16216216216216217,0.0
281,0.3129168129168129,0.43015093015093014,0.0,0.2569322569322569
282,0.09178743961352658,0.357487922705314,0.5507246376811594,0.0
283,0.0,0.06269592476489028,0.07836990595611286,0.8589341692789969
284,0.013888888888888888,0.8979166666666667,0.08819444444444445,0.0
285,0.1276595744680851,0.574468085106383,0.2978723404255319,0.0
286,0.0,0.03816793893129771,0.02807190347205122,0.9337601575966511
287,0.007293666026871401,0.0,0.016122840690978888,0.9765834932821497
288,0.12577319587628866,0.13402061855670103,0.7402061855670103,0.0
289,0.2971246006389776,0.16293929712460065,0.0,0.5399361022364217
290,0.001713796058269066,0.572407883461868,0.4258783204798629,0.0
291,0.6477146042363434,0.04124860646599777,0.0,0.3110367892976589
292,0.1039339485186984,0.0,0.13501699854298202,0.7610490529383196
293,0.33171521035598706,0.45145631067961167,0.0,0.2168284789644013
294,0.0,0.6252452583387835,0.3734466971877044,0.0013080444735120995
295,0.33858267716535434,0.5423228346456693,0.0,0.11909448818897637
296,0.0,0.10820895522388059,0.6878109452736318,0.20398009950248755
297,0.3473684210526316,0.38105263157894737,0.0,0.27157894736842103
298,0.0,0.20386266094420602,0.3948497854077253,0.4012875536480687
299,0.3373493975903614,0.3614457831325301,0.30120481927710846,0.0
300,0.3705179282868526,0.0,0.33067729083665337,0.29880478087649404
301,0.22137404580152673,0.648854961832061,0.1297709923664122,0.0
302,0.171875,0.0,0.5,0.328125
303,0.4628099173553719,0.3884297520661157,0.1487603305785124,0.0
304,0.3023255813953488,0.0,0.5348837209302325,0.16279069767441862
305,0.11764705882352941,0.8235294117647058,0.0,0.058823529411764705
306,0.13157894736842105,0.0,0.3684210526315789,0.5
307,0.0,0.7222222222222222,0.2777777777777778,0.0
308,0.08333333333333333,0.0,0.25,0.6666666666666666
309,0.0,0.8275862068965517,0.10344827586206896,0.06896551724137931
310,0.375,0.375,0.0,0.25
311,0.0,0.12903225806451613,0.8709677419354839,0.0
312,,,,
313,0.0,0.10526315789473684,0.10526315789473684,0.7894736842105263
314,,,,
315,,,,
316,,,,
317,,,,
318,,,,
