,A,C,G,T
0,,,,
1,,,,
2,1.0,0.0,0.0,0.0
3,0.16666666666666666,0.5,0.0,0.3333333333333333
4,0.0,0.3333333333333333,0.6666666666666666,0.0
5,0.46153846153846156,0.46153846153846156,0.0,0.07692307692307693
6,0.375,0.0,0.375,0.25
7,0.0,0.09090909090909091,0.45454545454545453,0.45454545454545453
8,0.5777777777777777,0.28888888888888886,0.0,0.13333333333333333
9,0.038461538461538464,0.0,0.0,0.9615384615384616
10,,,,
11,0.8679245283018868,0.03773584905660377,0.0,0.09433962264150944
12,0.9090909090909091,0.0,0.0,0.09090909090909091
13,0.0,0.25,0.5,0.25
14,0.7575757575757576,0.12121212121212122,0.0,0.12121212121212122
15,0.01818181818181818,0.9818181818181818,0.0,0.0
16,0.0,1.0,0.0,0.0
17,0.75,0.25,0.0,0.0
18,0.0,0.0,1.0,0.0
19,0.0,0.0,1.0,0.0
20,0.0,0.8333333333333334,0.0,0.16666666666666666
21,,,,
22,1.0,0.0,0.0,0.0
23,0.0,0.0,0.3333333333333333,0.6666666666666666
24,0.023809523809523808,0.0,0.9285714285714286,0.047619047619047616
25,0.6666666666666666,0.0,0.3333333333333333,0.0
26,0.0,0.5,0.3333333333333333,0.16666666666666666
27,0.3333333333333333,0.25,0.0,0.4166666666666667
28,0.0625,0.9375,0.0,0.0
29,0.0,0.15789473684210525,0.5789473684210527,0.2631578947368421
30,0.0,0.0,0.631578947368421,0.3684210526315789
31,0.5,0.25,0.25,0.0
32,0.2,0.4,0.0,0.4
33,0.022222222222222223,0.17777777777777778,0.0,0.8
34,,,,
35,0.3333333333333333,0.3333333333333333,0.0,0.3333333333333333
36,0.0,0.7777777777777778,0.2222222222222222,0.0
37,0.0,0.08333333333333333,0.7083333333333334,0.20833333333333334
38,0.5,0.25,0.0,0.25
39,0.19047619047619047,0.0,0.3333333333333333,0.47619047619047616
40,,,,
41,0.06896551724137931,0.7931034482758621,0.13793103448275862,0.0
42,0.2222222222222222,0.5555555555555556,0.2222222222222222,0.0
43,0.125,0.0,0.5,0.375
44,0.9032258064516129,0.0967741935483871,0.0,0.0
45,0.0,1.0,0.0,0.0
46,0.0,0.06666666666666667,0.7333333333333333,0.2
47,,,,
48,0.0,0.0,0.25,0.75
49,0.0,0.0,0.75,0.25
50,0.0,0.0,0.0,1.0
51,0.5,0.0,0.5,0.0
52,,,,
53,0.0,0.0,0.0,1.0
54,1.0,0.0,0.0,0.0
55,0.25,0.0,0.0,0.75
56,0.0,0.0,0.36363636363636365,0.6363636363636364
57,0.5,0.0,0.5,0.0
58,0.0,0.0,1.0,0.0
59,0.75,0.0,0.25,0.0
60,0.0,0.2,0.4,0.4
61,0.5,0.0,0.3,0.2
62,0.2413793103448276,0.0,0.10344827586206896,0.6551724137931034
63,0.0,0.6666666666666666,0.3333333333333333,0.0
64,,,,
65,0.0,0.0,0.0,1.0
66,0.76,0.08,0.0,0.16
67,0.21428571428571427,0.5194805194805194,0.2662337662337662,0.0
68,0.23529411764705882,0.35294117647058826,0.4117647058823529,0.0
69,0.875,0.125,0.0,0.0
70,0.0,0.5,0.5,0.0
71,0.21052631578947367,0.0,0.47368421052631576,0.3157894736842105
72,0.4666666666666667,0.4,0.13333333333333333,0.0
73,0.6739130434782609,0.0,0.021739130434782608,0.30434782608695654
74,0.21428571428571427,0.5,0.2857142857142857,0.0
75,0.64,0.08,0.0,0.28
76,0.2857142857142857,0.7142857142857143,0.0,0.0
77,0.65,0.3,0.05,0.0
78,0.0,0.3333333333333333,0.0,0.6666666666666666
79,0.5921052631578947,0.2631578947368421,0.0,0.14473684210526316
80,0.09433962264150944,0.0,0.6981132075471698,0.20754716981132076
81,0.45454545454545453,0.45454545454545453,0.09090909090909091,0.0
82,0.07142857142857142,0.0,0.5,0.42857142857142855
83,0.18181818181818182,0.0,0.06818181818181818,0.75
84,0.0,0.27380952380952384,0.32142857142857145,0.40476190476190477
85,0.0,0.21428571428571427,0.7857142857142857,0.0
86,0.11764705882352941,0.0,0.6176470588235294,0.2647058823529412
87,0.0,0.2,0.5666666666666667,0.23333333333333334
88,0.16666666666666666,0.4666666666666667,0.0,0.36666666666666664
89,0.09836065573770492,0.0,0.16393442622950818,0.7377049180327869
90,0.0,0.05555555555555555,0.6666666666666666,0.2777777777777778
91,0.3448275862068966,0.5862068965517241,0.0,0.06896551724137931
92,0.2558139534883721,0.5116279069767442,0.23255813953488372,0.0
93,0.0,0.2328767123287671,0.684931506849315,0.0821917808219178
94,0.48,0.46,0.0,0.06
95,0.1875,0.6875,0.125,0.0
96,0.0,0.14814814814814814,0.24074074074074073,0.6111111111111112
97,0.0,0.2926829268292683,0.17073170731707318,0.5365853658536586
98,0.01818181818181818,0.0,0.09090909090909091,0.8909090909090909
99,0.0,0.6,0.4,0.0
100,0.7230769230769231,0.09230769230769231,0.0,0.18461538461538463
101,0.0375,0.9,0.0,0.0625
102,0.6,0.2,0.2,0.0
103,0.0,0.5,0.0,0.5
104,0.125,0.125,0.0,0.75
105,0.0,0.25925925925925924,0.7407407407407407,0.0
106,0.4074074074074074,0.5555555555555556,0.0,0.037037037037037035
107,0.10204081632653061,0.0,0.08163265306122448,0.8163265306122449
108,0.0,0.75,0.25,0.0
109,0.0,0.8,0.0,0.2
110,0.14285714285714285,0.8571428571428571,0.0,0.0
111,0.9375,0.0625,0.0,0.0
112,0.25,0.5,0.25,0.0
113,0.25,0.0,0.375,0.375
114,0.8,0.0,0.2,0.0
115,,,,
116,0.07692307692307693,0.0,0.6153846153846154,0.3076923076923077
117,,,,
118,0.0,0.7777777777777778,0.0,0.2222222222222222
119,0.5384615384615384,0.38461538461538464,0.0,0.07692307692307693
120,0.06593406593406594,0.0,0.27472527472527475,0.6593406593406593
121,0.17647058823529413,0.0,0.23529411764705882,0.5882352941176471
122,0.2222222222222222,0.0,0.2777777777777778,0.5
123,0.25,0.0,0.75,0.0
124,0.75,0.0,0.0,0.25
125,0.0,0.7058823529411765,0.11764705882352941,0.17647058823529413
126,0.42857142857142855,0.5714285714285714,0.0,0.0
127,0.6,0.15,0.0,0.25
128,0.5483870967741935,0.25806451612903225,0.0,0.1935483870967742
129,0.0,0.3076923076923077,0.6923076923076923,0.0
130,0.0,0.16666666666666666,0.6666666666666666,0.16666666666666666
131,0.8148148148148148,0.0,0.0,0.18518518518518517
132,0.25,0.75,0.0,0.0
133,0.6875,0.3125,0.0,0.0
134,0.6,0.3,0.0,0.1
135,0.3333333333333333,0.0,0.16666666666666666,0.5
136,0.0,0.7777777777777778,0.2222222222222222,0.0
137,0.375,0.125,0.0,0.5
138,0.0,1.0,0.0,0.0
139,0.0,0.5,0.5,0.0
140,0.8604651162790697,0.023255813953488372,0.0,0.11627906976744186
141,,,,
142,0.4,0.0,0.0,0.6
143,0.3333333333333333,0.3333333333333333,0.0,0.3333333333333333
144,0.0,0.42105263157894735,0.42105263157894735,0.15789473684210525
145,0.0,0.5,0.5,0.0
146,0.5555555555555556,0.2777777777777778,0.16666666666666666,0.0
147,0.5,0.0,0.0,0.5
148,0.125,0.875,0.0,0.0
149,0.5,0.2978723404255319,0.0,0.20212765957446807
150,0.3218390804597701,0.2988505747126437,0.0,0.3793103448275862
151,0.0,0.3333333333333333,0.5238095238095238,0.14285714285714285
152,0.0,0.2,0.24705882352941178,0.5529411764705883
153,0.0,0.05813953488372093,0.7441860465116279,0.19767441860465115
154,0.2,0.4,0.4,0.0
155,0.27586206896551724,0.0,0.1724137931034483,0.5517241379310345
156,0.35714285714285715,0.45714285714285713,0.18571428571428572,0.0
157,0.0,0.15,0.6666666666666666,0.18333333333333332
158,0.20512820512820512,0.28205128205128205,0.5128205128205128,0.0
159,0.2878787878787879,0.0,0.30303030303030304,0.4090909090909091
160,0.0,0.1956521739130435,0.717391304347826,0.08695652173913043
161,0.19607843137254902,0.6666666666666666,0.13725490196078433,0.0
162,0.0,0.25,0.5681818181818182,0.18181818181818182
163,0.2631578947368421,0.6140350877192983,0.0,0.12280701754385964
164,0.6470588235294118,0.29411764705882354,0.058823529411764705,0.0
165,0.5384615384615384,0.15384615384615385,0.0,0.3076923076923077
166,0.4583333333333333,0.3333333333333333,0.0,0.20833333333333334
167,0.5277777777777778,0.16666666666666666,0.0,0.3055555555555556
168,0.0,0.23809523809523808,0.6190476190476191,0.14285714285714285
169,0.3018867924528302,0.37735849056603776,0.0,0.32075471698113206
170,0.3442622950819672,0.0,0.29508196721311475,0.36065573770491804
171,0.7272727272727273,0.0,0.1652892561983471,0.10743801652892562
172,0.2,0.0,0.3,0.5
173,0.18181818181818182,0.0,0.7272727272727273,0.09090909090909091
174,0.0,0.208955223880597,0.23880597014925373,0.5522388059701493
175,0.0,0.6129032258064516,0.25806451612903225,0.12903225806451613
176,0.09090909090909091,0.0,0.45454545454545453,0.45454545454545453
177,0.2,0.4,0.4,0.0
178,0.0,0.42857142857142855,0.14285714285714285,0.42857142857142855
179,0.0,0.0,0.09523809523809523,0.9047619047619048
180,0.0,0.4,0.4,0.2
181,0.0,0.13725490196078433,0.7450980392156863,0.11764705882352941
182,0.018518518518518517,0.0,0.018518518518518517,0.9629629629629629
183,0.4,0.0,0.4,0.2
184,0.16666666666666666,0.0,0.16666666666666666,0.6666666666666666
185,0.0,1.0,0.0,0.0
186,0.16666666666666666,0.0,0.8333333333333334,0.0
187,0.5,0.0,0.5,0.0
188,0.3181818181818182,0.0,0.2727272727272727,0.4090909090909091
189,0.058823529411764705,0.0,0.058823529411764705,0.8823529411764706
190,0.125,0.25,0.625,0.0
191,0.07692307692307693,0.0,0.6153846153846154,0.3076923076923077
192,0.0,0.3392857142857143,0.6428571428571429,0.017857142857142856
193,0.0,0.38461538461538464,0.5769230769230769,0.038461538461538464
194,0.16666666666666666,0.8333333333333334,0.0,0.0
195,0.0,0.17391304347826086,0.8260869565217391,0.0
196,0.8461538461538461,0.07692307692307693,0.0,0.07692307692307693
197,0.14285714285714285,0.5714285714285714,0.2857142857142857,0.0
198,,,,
199,,,,
200,0.0,0.23809523809523808,0.6666666666666666,0.09523809523809523
201,0.2727272727272727,0.6363636363636364,0.0,0.09090909090909091
202,0.0,0.8,0.2,0.0
203,0.2,0.0,0.5,0.3
204,0.0,0.022727272727272728,0.75,0.22727272727272727
205,0.02631578947368421,0.0,0.5,0.47368421052631576
206,0.17647058823529413,0.0,0.35294117647058826,0.47058823529411764
207,0.0,0.4,0.4,0.2
208,1.0,0.0,0.0,0.0
209,0.0,0.17829457364341086,0.31007751937984496,0.5116279069767442
210,0.2222222222222222,0.2222222222222222,0.5555555555555556,0.0
211,0.0,0.0,0.125,0.875
212,0.0,0.35294117647058826,0.38235294117647056,0.2647058823529412
213,0.625,0.296875,0.0,0.078125
214,0.5507246376811594,0.3188405797101449,0.13043478260869565,0.0
215,0.0,0.1728395061728395,0.6172839506172839,0.20987654320987653
216,0.6666666666666666,0.3333333333333333,0.0,0.0
217,0.0,0.6,0.2,0.2
218,0.42857142857142855,0.0,0.0,0.5714285714285714
219,0.0,0.2222222222222222,0.7222222222222222,0.05555555555555555
220,0.0,0.85,0.10714285714285714,0.04285714285714286
221,0.25,0.5625,0.0,0.1875
222,0.09090909090909091,0.45454545454545453,0.45454545454545453,0.0
223,,,,
224,0.13636363636363635,0.0,0.5,0.36363636363636365
225,0.0,0.6875,0.3125,0.0
226,0.0,0.32558139534883723,0.627906976744186,0.046511627906976744
227,0.2549019607843137,0.45098039215686275,0.0,0.29411764705882354
228,0.0,0.0,1.0,0.0
229,0.0,0.3888888888888889,0.3888888888888889,0.2222222222222222
230,0.034482758620689655,0.0,0.08620689655172414,0.8793103448275862
231,0.2727272727272727,0.0,0.6363636363636364,0.09090909090909091
232,0.0,0.043478260869565216,0.30434782608695654,0.6521739130434783
233,0.44642857142857145,0.5357142857142857,0.0,0.017857142857142856
234,0.47368421052631576,0.15789473684210525,0.3684210526315789,0.0
235,0.0,0.0,1.0,0.0
236,0.0,0.0,0.35294117647058826,0.6470588235294118
237,0.5555555555555556,0.2222222222222222,0.2222222222222222,0.0
238,0.38461538461538464,0.0,0.0,0.6153846153846154
239,0.0,0.0,0.0,1.0
240,0.11764705882352941,0.0,0.058823529411764705,0.8235294117647058
241,1.0,0.0,0.0,0.0
242,0.3076923076923077,0.46153846153846156,0.0,0.23076923076923078
243,0.0,0.4,0.3,0.3
244,0.0,0.3880597014925373,0.5522388059701493,0.05970149253731343
245,0.4470588235294118,0.3411764705882353,0.0,0.21176470588235294
246,0.2903225806451613,0.0,0.24193548387096775,0.46774193548387094
247,0.0,1.0,0.0,0.0
248,0.2222222222222222,0.7222222222222222,0.0,0.05555555555555555
249,0.0,0.45,0.25,0.3
250,0.3333333333333333,0.6410256410256411,0.0,0.02564102564102564
251,0.056179775280898875,0.0,0.33707865168539325,0.6067415730337079
252,0.375,0.0,0.625,0.0
253,0.38461538461538464,0.0,0.23076923076923078,0.38461538461538464
254,0.25,0.625,0.125,0.0
255,0.4444444444444444,0.48148148148148145,0.0,0.07407407407407407
256,0.0,0.9523809523809523,0.047619047619047616,0.0
257,0.4,0.2,0.0,0.4
258,0.0,0.0,0.8333333333333334,0.16666666666666666
259,0.07692307692307693,0.0,0.46153846153846156,0.46153846153846156
260,0.0,0.0,0.25,0.75
261,0.0,1.0,0.0,0.0
262,0.5,0.0,0.0,0.5
263,0.15384615384615385,0.0,0.3076923076923077,0.5384615384615384
264,0.6363636363636364,0.09090909090909091,0.0,0.2727272727272727
265,0.5,0.0,0.0,0.5
266,0.9230769230769231,0.0,0.0,0.07692307692307693
267,0.0,0.0,0.0,1.0
268,0.0,0.0,1.0,0.0
269,0.0,0.0,0.0,1.0
270,0.0,0.125,0.375,0.5
271,,,,
272,0.0,1.0,0.0,0.0
273,0.42857142857142855,0.0,0.0,0.5714285714285714
274,0.0,0.0,1.0,0.0
275,0.08888888888888889,0.0,0.06666666666666667,0.8444444444444444
276,0.7037037037037037,0.25925925925925924,0.0,0.037037037037037035
277,0.08333333333333333,0.75,0.16666666666666666,0.0
278,0.4444444444444444,0.3111111111111111,0.0,0.24444444444444444
279,0.0,0.0,1.0,0.0
280,0.0,0.0,0.5,0.5
281,0.0,0.8571428571428571,0.14285714285714285,0.0
282,0.0,1.0,0.0,0.0
283,0.0,0.0,0.0,1.0
284,0.017857142857142856,0.0,0.03571428571428571,0.9464285714285714
285,0.0,0.0,1.0,0.0
286,,,,
287,0.0,1.0,0.0,0.0
288,0.5,0.0,0.0,0.5
289,0.11764705882352941,0.0,0.0,0.8823529411764706
290,0.8823529411764706,0.11764705882352941,0.0,0.0
291,0.0,1.0,0.0,0.0
292,0.2,0.8,0.0,0.0
293,0.0,0.5,0.5,0.0
294,0.0,0.9,0.0,0.1
295,0.0,0.2,0.2,0.6
296,0.0,1.0,0.0,0.0
297,0.0,0.0,1.0,0.0
298,,,,
299,,,,
300,,,,
301,,,,
302,,,,
303,,,,
304,,,,
305,,,,
306,,,,
307,,,,
308,,,,
309,,,,
310,,,,
311,,,,
312,,,,
313,,,,
314,,,,
315,,,,
