,A,C,G,T
0,,,,
1,,,,
2,0.18274111675126903,0.7766497461928934,0.0,0.04060913705583756
3,0.0,0.18543046357615894,0.7615894039735099,0.052980132450331126
4,0.06666666666666667,0.6,0.3333333333333333,0.0
5,0.12264150943396226,0.0,0.0660377358490566,0.8113207547169812
6,0.0,0.15789473684210525,0.2631578947368421,0.5789473684210527
7,0.35294117647058826,0.0,0.08823529411764706,0.5588235294117647
8,0.1320754716981132,0.0,0.37735849056603776,0.49056603773584906
9,0.09668508287292818,0.7845303867403315,0.11878453038674033,0.0
10,0.15384615384615385,0.38461538461538464,0.46153846153846156,0.0
11,0.5217391304347826,0.3739130434782609,0.0,0.10434782608695652
12,0.0,0.4597156398104265,0.5071090047393365,0.03317535545023697
13,0.0,0.1812366737739872,0.7718550106609808,0.046908315565031986
14,0.59375,0.078125,0.0,0.328125
15,0.16666666666666666,0.5,0.0,0.3333333333333333
16,0.0,0.37777777777777777,0.08888888888888889,0.5333333333333333
17,0.7954545454545454,0.1590909090909091,0.0,0.045454545454545456
18,0.5108695652173914,0.14130434782608695,0.34782608695652173,0.0
19,0.75,0.0,0.0625,0.1875
20,0.21978021978021978,0.45054945054945056,0.32967032967032966,0.0
21,0.2857142857142857,0.09523809523809523,0.0,0.6190476190476191
22,0.18181818181818182,0.42424242424242425,0.0,0.3939393939393939
23,0.2033195020746888,0.5145228215767634,0.2821576763485477,0.0
24,0.2857142857142857,0.0,0.0,0.7142857142857143
25,0.125,0.0,0.22916666666666666,0.6458333333333334
26,0.2895348837209302,0.5697674418604651,0.14069767441860465,0.0
27,0.0,0.19665271966527198,0.602510460251046,0.200836820083682
28,0.14666666666666667,0.0,0.04,0.8133333333333334
29,0.7377690802348337,0.18003913894324852,0.0,0.0821917808219178
30,0.047961630695443645,0.0,0.5779376498800959,0.37410071942446044
31,0.25333333333333335,0.3333333333333333,0.41333333333333333,0.0
32,0.5585585585585585,0.15315315315315314,0.0,0.2882882882882883
33,0.35664335664335667,0.40559440559440557,0.0,0.23776223776223776
34,0.02,0.26,0.72,0.0
35,0.5796610169491525,0.09830508474576272,0.0,0.3220338983050847
36,0.0,0.5214723926380368,0.4539877300613497,0.024539877300613498
37,0.0,0.1402116402116402,0.7513227513227513,0.10846560846560846
38,0.0,0.06544502617801047,0.8141361256544503,0.12041884816753927
39,0.03773584905660377,0.0,0.32075471698113206,0.6415094339622641
40,0.14893617021276595,0.0,0.2765957446808511,0.574468085106383
41,0.5,0.0,0.10526315789473684,0.39473684210526316
42,0.0,0.1592920353982301,0.415929203539823,0.4247787610619469
43,0.375,0.0,0.46875,0.15625
44,0.0,0.16065573770491803,0.5901639344262295,0.24918032786885247
45,0.038461538461538464,0.0,0.9437869822485208,0.01775147928994083
46,0.0,0.21875,0.59375,0.1875
47,0.6296296296296297,0.16666666666666666,0.0,0.2037037037037037
48,0.0,0.4838709677419355,0.41935483870967744,0.0967741935483871
49,0.4,0.0,0.4666666666666667,0.13333333333333333
50,0.5227272727272727,0.0,0.09090909090909091,0.38636363636363635
51,0.2916666666666667,0.0,0.5833333333333334,0.125
52,0.16666666666666666,0.5333333333333333,0.3,0.0
53,0.42857142857142855,0.0,0.31746031746031744,0.25396825396825395
54,0.0,0.5915492957746479,0.18309859154929578,0.22535211267605634
55,0.23595505617977527,0.0,0.38202247191011235,0.38202247191011235
56,0.7584033613445378,0.09243697478991597,0.0,0.14915966386554622
57,0.045307443365695796,0.0,0.2524271844660194,0.7022653721682848
58,0.2222222222222222,0.5185185185185185,0.25925925925925924,0.0
59,0.5657894736842105,0.14473684210526316,0.0,0.2894736842105263
60,0.0,0.43859649122807015,0.3333333333333333,0.22807017543859648
61,0.35294117647058826,0.0,0.17647058823529413,0.47058823529411764
62,0.11286089238845144,0.0,0.45931758530183725,0.42782152230971127
63,0.14285714285714285,0.2857142857142857,0.5714285714285714,0.0
64,0.3333333333333333,0.23076923076923078,0.0,0.4358974358974359
65,0.04090909090909091,0.0,0.01818181818181818,0.9409090909090909
66,0.0,0.11472602739726027,0.22773972602739725,0.6575342465753424
67,0.3079136690647482,0.0,0.6201438848920864,0.07194244604316546
68,0.2861271676300578,0.0,0.3554913294797688,0.3583815028901734
69,0.057692307692307696,0.3516483516483517,0.5906593406593407,0.0
70,0.25,0.1328125,0.6171875,0.0
71,0.12694300518134716,0.0,0.3626943005181347,0.5103626943005182
72,0.34946236559139787,0.41935483870967744,0.23118279569892472,0.0
73,0.3333333333333333,0.0,0.5208333333333334,0.14583333333333334
74,0.3277777777777778,0.3333333333333333,0.3388888888888889,0.0
75,0.2777777777777778,0.25,0.0,0.4722222222222222
76,0.6115107913669064,0.1223021582733813,0.0,0.26618705035971224
77,0.6314162028447743,0.3017934446505875,0.0,0.06679035250463822
78,0.21370967741935484,0.4717741935483871,0.31451612903225806,0.0
79,0.3855421686746988,0.4939759036144578,0.12048192771084337,0.0
80,0.03935185185185185,0.0,0.3333333333333333,0.6273148148148148
81,0.011695906432748537,0.43859649122807015,0.5497076023391813,0.0
82,0.25,0.0,0.20833333333333334,0.5416666666666666
83,0.0,0.3941798941798942,0.47619047619047616,0.12962962962962962
84,0.18668831168831168,0.0,0.375,0.4383116883116883
85,0.13333333333333333,0.6933333333333334,0.17333333333333334,0.0
86,0.0777027027027027,0.0,0.46959459459459457,0.4527027027027027
87,0.0,0.21396396396396397,0.4594594594594595,0.32657657657657657
88,0.3618925831202046,0.592071611253197,0.0,0.04603580562659847
89,0.11392405063291139,0.0,0.15040953090096798,0.7356664184661206
90,0.0,0.09717868338557993,0.37513061650992685,0.5276907001044933
91,0.16348195329087048,0.0,0.5700636942675159,0.2664543524416136
92,0.26449787835926447,0.4596888260254597,0.2758132956152758,0.0
93,0.0,0.3475177304964539,0.5145067698259188,0.13797549967762734
94,0.46933085501858735,0.4284386617100372,0.0,0.10223048327137546
95,0.5356371490280778,0.3801295896328294,0.08423326133909287,0.0
96,0.7083333333333334,0.12239583333333333,0.0,0.16927083333333334
97,0.6166666666666667,0.33589743589743587,0.0,0.047435897435897434
98,0.0,0.40264026402640263,0.41914191419141916,0.1782178217821782
99,0.6683937823834197,0.2141623488773748,0.0,0.11744386873920552
100,0.562107904642409,0.27728983688833125,0.1606022584692597,0.0
101,0.46956521739130436,0.3391304347826087,0.0,0.19130434782608696
102,0.7138508371385084,0.1917808219178082,0.0,0.0943683409436834
103,0.07311827956989247,0.8741935483870967,0.0,0.05268817204301075
104,0.44047619047619047,0.2976190476190476,0.2619047619047619,0.0
105,0.24369747899159663,0.42857142857142855,0.0,0.3277310924369748
106,0.043478260869565216,0.391304347826087,0.5652173913043478,0.0
107,0.36082474226804123,0.1958762886597938,0.0,0.44329896907216493
108,0.29770992366412213,0.4732824427480916,0.0,0.22900763358778625
109,0.13198573127229488,0.7800237812128419,0.0,0.08799048751486326
110,0.25,0.0,0.049019607843137254,0.7009803921568627
111,0.23076923076923078,0.3076923076923077,0.46153846153846156,0.0
112,0.058823529411764705,0.4117647058823529,0.0,0.5294117647058824
113,0.12903225806451613,0.5806451612903226,0.0,0.2903225806451613
114,0.0,0.17329545454545456,0.6036931818181818,0.22301136363636365
115,0.29545454545454547,0.45454545454545453,0.25,0.0
116,0.14457831325301204,0.0,0.09036144578313253,0.7650602409638554
117,0.5238095238095238,0.0,0.09523809523809523,0.38095238095238093
118,0.7857142857142857,0.0,0.0,0.21428571428571427
119,0.11683848797250859,0.5154639175257731,0.36769759450171824,0.0
120,0.2222222222222222,0.0,0.5185185185185185,0.25925925925925924
121,0.0,0.21951219512195122,0.4634146341463415,0.3170731707317073
122,0.8481012658227848,0.0759493670886076,0.0,0.0759493670886076
123,0.1544885177453027,0.0,0.22338204592901878,0.6221294363256785
124,0.23809523809523808,0.0,0.23809523809523808,0.5238095238095238
125,0.08208955223880597,0.0,0.7761194029850746,0.1417910447761194
126,0.45454545454545453,0.0,0.3939393939393939,0.15151515151515152
127,0.75,0.0,0.041666666666666664,0.20833333333333334
128,0.0,0.7113924050632912,0.15443037974683543,0.1341772151898734
129,0.4,0.5230769230769231,0.0,0.07692307692307693
130,0.6610169491525424,0.1694915254237288,0.0,0.1694915254237288
131,0.0,0.31845238095238093,0.5565476190476191,0.125
132,0.0,0.4222222222222222,0.5728395061728395,0.0049382716049382715
133,0.0,0.1834319526627219,0.727810650887574,0.08875739644970414
134,0.6666666666666666,0.08333333333333333,0.0,0.25
135,0.5771428571428572,0.3314285714285714,0.0,0.09142857142857143
136,0.1518987341772152,0.0,0.7341772151898734,0.11392405063291139
137,0.7857142857142857,0.0,0.14285714285714285,0.07142857142857142
138,0.2,0.0,0.05714285714285714,0.7428571428571429
139,0.005494505494505495,0.9587912087912088,0.03571428571428571,0.0
140,0.5725190839694656,0.183206106870229,0.0,0.24427480916030533
141,0.05806451612903226,0.8709677419354839,0.0,0.07096774193548387
142,0.0,0.5849056603773585,0.33962264150943394,0.07547169811320754
143,0.8438003220611916,0.10144927536231885,0.0,0.05475040257648953
144,0.2571428571428571,0.2857142857142857,0.45714285714285713,0.0
145,0.09821428571428571,0.15178571428571427,0.0,0.75
146,0.013422818791946308,0.8903803131991052,0.0,0.09619686800894854
147,0.31932773109243695,0.0,0.5546218487394958,0.12605042016806722
148,0.29411764705882354,0.11764705882352941,0.5882352941176471,0.0
149,0.45154185022026433,0.27312775330396477,0.2753303964757709,0.0
150,0.6892655367231638,0.022598870056497175,0.0,0.288135593220339
151,0.02544529262086514,0.0,0.9007633587786259,0.0737913486005089
152,0.0,0.23204419889502761,0.5013812154696132,0.26657458563535913
153,0.33462132921174653,0.0,0.4706336939721793,0.1947449768160742
154,0.526829268292683,0.25853658536585367,0.2146341463414634,0.0
155,0.14576271186440679,0.0,0.6338983050847458,0.22033898305084745
156,0.0,0.2646198830409357,0.4371345029239766,0.2982456140350877
157,0.08163265306122448,0.8285714285714286,0.08979591836734693,0.0
158,0.21703296703296704,0.5934065934065934,0.18956043956043955,0.0
159,0.17402597402597403,0.5246753246753246,0.3012987012987013,0.0
160,0.0,0.48,0.015555555555555555,0.5044444444444445
161,0.05622489959839357,0.8815261044176707,0.06224899598393574,0.0
162,0.26800670016750416,0.16080402010050251,0.5711892797319933,0.0
163,0.4072727272727273,0.41818181818181815,0.0,0.17454545454545456
164,0.4044943820224719,0.398876404494382,0.0,0.19662921348314608
165,0.0,0.4489311163895487,0.004750593824228029,0.5463182897862233
166,0.0,0.48983050847457626,0.3983050847457627,0.11186440677966102
167,0.16666666666666666,0.6041666666666666,0.22916666666666666,0.0
168,0.5888157894736842,0.3157894736842105,0.0,0.09539473684210527
169,0.0,0.06478405315614617,0.9036544850498339,0.03156146179401993
170,0.2682926829268293,0.5121951219512195,0.21951219512195122,0.0
171,0.600375234521576,0.29080675422138835,0.0,0.10881801125703565
172,0.0,0.24210526315789474,0.40842105263157896,0.3494736842105263
173,0.38646482635796975,0.30632235084594833,0.3072128227960819,0.0
174,0.0,0.29024943310657597,0.6746031746031746,0.035147392290249435
175,0.0,0.43443708609271525,0.4304635761589404,0.13509933774834437
176,0.5685840707964602,0.3307522123893805,0.0,0.1006637168141593
177,0.45550239234449763,0.0,0.13014354066985645,0.4143540669856459
178,0.6828675577156743,0.18286755771567437,0.0,0.13426488456865127
179,0.2077922077922078,0.0,0.22263450834879406,0.5695732838589982
180,0.35555555555555557,0.5066666666666667,0.13777777777777778,0.0
181,0.0,0.09,0.06666666666666667,0.8433333333333334
182,0.06765899864682003,0.0,0.02435723951285521,0.9079837618403248
183,0.0,0.45864661654135336,0.2781954887218045,0.2631578947368421
184,0.6607843137254902,0.12254901960784313,0.0,0.21666666666666667
185,0.07989821882951655,0.0,0.13231552162849872,0.7877862595419848
186,0.3333333333333333,0.0,0.2648809523809524,0.4017857142857143
187,0.3880597014925373,0.0,0.1417910447761194,0.4701492537313433
188,0.0,0.28407908428720086,0.5327783558792925,0.18314255983350677
189,0.23045267489711935,0.3374485596707819,0.43209876543209874,0.0
190,0.2968036529680365,0.0,0.1187214611872146,0.5844748858447488
191,0.16,0.34545454545454546,0.49454545454545457,0.0
192,0.19736842105263158,0.0,0.32894736842105265,0.47368421052631576
193,0.23880597014925373,0.208955223880597,0.5522388059701493,0.0
194,0.5225464190981433,0.3076923076923077,0.0,0.16976127320954906
195,0.0,0.37980241492864986,0.5982436882546652,0.021953896816684963
196,0.0,0.08096468561584841,0.8544358311800172,0.06459948320413436
197,0.31166912850812406,0.4623338257016248,0.0,0.2259970457902511
198,0.0,0.2676470588235294,0.6235294117647059,0.10882352941176471
199,0.6762589928057554,0.30986639260020554,0.0,0.013874614594039054
200,0.0950354609929078,0.0,0.13617021276595745,0.7687943262411348
201,0.0,0.6936170212765957,0.2851063829787234,0.02127659574468085
202,0.45652173913043476,0.13043478260869565,0.0,0.41304347826086957
203,0.961577350859454,0.01870576339737108,0.0,0.019716885743174924
204,0.24721189591078066,0.0,0.6579925650557621,0.09479553903345725
205,0.08653846153846154,0.4326923076923077,0.4807692307692308,0.0
206,0.41798941798941797,0.0,0.23809523809523808,0.3439153439153439
207,0.0,0.0482897384305835,0.5835010060362174,0.3682092555331992
208,0.20842105263157895,0.0,0.5915789473684211,0.2
209,0.3023255813953488,0.0,0.14534883720930233,0.5523255813953488
210,0.0,0.22470238095238096,0.7455357142857143,0.02976190476190476
211,0.20481927710843373,0.25301204819277107,0.5421686746987951,0.0
212,0.3604060913705584,0.0,0.1319796954314721,0.5076142131979695
213,0.0,0.06998158379373849,0.572744014732965,0.3572744014732965
214,0.2478448275862069,0.0,0.43103448275862066,0.32112068965517243
215,0.11627906976744186,0.0,0.36363636363636365,0.5200845665961945
216,0.0,0.1935483870967742,0.7692307692307693,0.03722084367245657
217,0.0,0.4121739130434783,0.5565217391304348,0.03130434782608696
218,0.6094276094276094,0.1919191919191919,0.0,0.19865319865319866
219,0.41379310344827586,0.3620689655172414,0.0,0.22413793103448276
220,0.0,0.2639751552795031,0.6335403726708074,0.10248447204968944
221,0.4358974358974359,0.0,0.17094017094017094,0.39316239316239315
222,0.0,0.4281298299845441,0.33075734157650694,0.241112828438949
223,0.1867704280155642,0.0,0.3463035019455253,0.4669260700389105
224,0.20077220077220076,0.0,0.42277992277992277,0.3764478764478765
225,0.26932668329177056,0.4114713216957606,0.3192019950124688,0.0
226,0.357487922705314,0.0,0.20772946859903382,0.43478260869565216
227,0.26609442060085836,0.0,0.44635193133047213,0.2875536480686695
228,0.0,0.11384615384615385,0.84,0.046153846153846156
229,0.0,0.18926974664679583,0.7555886736214605,0.05514157973174367
230,0.0,0.1395631067961165,0.5740291262135923,0.28640776699029125
231,0.0,0.1977077363896848,0.7392550143266475,0.06303724928366762
232,0.0,0.17249417249417248,0.7785547785547785,0.04895104895104895
233,0.0472636815920398,0.0,0.15671641791044777,0.7960199004975125
234,0.07720588235294118,0.0,0.8639705882352942,0.058823529411764705
235,0.0,0.1111111111111111,0.5476190476190477,0.3412698412698413
236,0.7304015296367112,0.17973231357552583,0.0,0.08986615678776291
237,0.28169014084507044,0.4084507042253521,0.0,0.30985915492957744
238,0.05970149253731343,0.417910447761194,0.5223880597014925,0.0
239,0.5840821566110398,0.17201540436456997,0.0,0.24390243902439024
240,0.34558823529411764,0.2610294117647059,0.0,0.39338235294117646
241,0.17333333333333334,0.5133333333333333,0.31333333333333335,0.0
242,0.24904214559386972,0.0,0.1111111111111111,0.6398467432950191
243,0.18497109826589594,0.0,0.08670520231213873,0.7283236994219653
244,0.075,0.15,0.775,0.0
245,0.24102964118564743,0.45085803432137284,0.3081123244929797,0.0
246,0.0,0.12727272727272726,0.49696969696969695,0.37575757575757573
247,0.276566757493188,0.0,0.5122615803814714,0.2111716621253406
248,0.0,0.3178947368421053,0.42947368421052634,0.25263157894736843
249,0.0,0.35042016806722687,0.3722689075630252,0.2773109243697479
250,0.10714285714285714,0.25,0.6428571428571429,0.0
251,0.36619718309859156,0.2112676056338028,0.0,0.4225352112676056
252,0.0,0.0870712401055409,0.7994722955145118,0.11345646437994723
253,0.16532258064516128,0.0,0.21774193548387097,0.6169354838709677
254,0.14507772020725387,0.0,0.5440414507772021,0.31088082901554404
255,0.0,0.11764705882352941,0.8108108108108109,0.07154213036565978
256,0.0,0.3319838056680162,0.5708502024291497,0.09716599190283401
257,0.1130952380952381,0.0,0.09821428571428571,0.7886904761904762
258,0.0,0.11338582677165354,0.7338582677165354,0.15275590551181104
259,0.05813953488372093,0.4883720930232558,0.45348837209302323,0.0
260,0.32098765432098764,0.35802469135802467,0.0,0.32098765432098764
261,0.49444444444444446,0.34444444444444444,0.0,0.16111111111111112
262,0.0,0.48021108179419525,0.47757255936675463,0.04221635883905013
263,0.09624413145539906,0.0,0.47183098591549294,0.431924882629108
264,0.3445121951219512,0.0,0.4024390243902439,0.2530487804878049
265,0.2268041237113402,0.0,0.25773195876288657,0.5154639175257731
266,0.27945205479452057,0.33424657534246577,0.3863013698630137,0.0
267,0.5234899328859061,0.34060402684563756,0.0,0.13590604026845637
268,0.17752100840336135,0.5640756302521008,0.25840336134453784,0.0
269,0.5163043478260869,0.28804347826086957,0.0,0.1956521739130435
270,0.40540540540540543,0.08108108108108109,0.0,0.5135135135135135
271,0.0,0.3,0.55,0.15
272,0.4431818181818182,0.0,0.09090909090909091,0.4659090909090909
273,0.0,0.041916167664670656,0.5149700598802395,0.4431137724550898
274,0.325,0.0,0.15,0.525
275,0.0,0.3492063492063492,0.49206349206349204,0.15873015873015872
276,0.3333333333333333,0.12121212121212122,0.0,0.5454545454545454
277,0.014096916299559472,0.0,0.9753303964757709,0.010572687224669603
278,0.3673469387755102,0.0,0.4387755102040816,0.19387755102040816
279,0.0,0.11666666666666667,0.5666666666666667,0.31666666666666665
280,0.13114754098360656,0.0,0.30327868852459017,0.5655737704918032
281,0.0,0.4272237196765499,0.1320754716981132,0.44070080862533695
282,0.06060606060606061,0.13636363636363635,0.803030303030303,0.0
283,0.0,0.25,0.19444444444444445,0.5555555555555556
284,0.004158004158004158,0.9022869022869023,0.09355509355509356,0.0
285,0.0707070707070707,0.5757575757575758,0.35353535353535354,0.0
286,0.0,0.03539019963702359,0.02631578947368421,0.9382940108892922
287,0.010338345864661654,0.0,0.015977443609022556,0.9736842105263158
288,0.09868421052631579,0.16447368421052633,0.7368421052631579,0.0
289,0.2894736842105263,0.13157894736842105,0.0,0.5789473684210527
290,0.0037593984962406013,0.7218045112781954,0.2744360902255639,0.0
291,0.558303886925795,0.0353356890459364,0.0,0.40636042402826855
292,0.11553784860557768,0.0,0.14143426294820718,0.7430278884462151
293,0.0,0.25396825396825395,0.4943310657596372,0.25170068027210885
294,0.2840466926070039,0.0,0.3151750972762646,0.40077821011673154
295,0.0,0.038202247191011236,0.8539325842696629,0.10786516853932585
296,0.3854166666666667,0.0,0.21875,0.3958333333333333
297,0.0,0.5244755244755245,0.43356643356643354,0.04195804195804196
298,0.3058823529411765,0.5294117647058824,0.0,0.16470588235294117
299,0.0,0.40384615384615385,0.2980769230769231,0.2980769230769231
300,0.6666666666666666,0.0,0.22807017543859648,0.10526315789473684
301,0.08771929824561403,0.5087719298245614,0.0,0.40350877192982454
302,0.23943661971830985,0.6338028169014085,0.1267605633802817,0.0
303,0.08333333333333333,0.0,0.4583333333333333,0.4583333333333333
304,0.11363636363636363,0.4772727272727273,0.4090909090909091,0.0
305,0.36363636363636365,0.6363636363636364,0.0,0.0
306,0.875,0.0,0.125,0.0
307,0.8333333333333334,0.0,0.0,0.16666666666666666
308,0.0,0.0,1.0,0.0
309,1.0,0.0,0.0,0.0
310,0.0,0.0,1.0,0.0
311,0.0,0.0,1.0,0.0
312,,,,
313,,,,
314,,,,
315,,,,
316,0.0,0.0,0.0,1.0
317,,,,
318,,,,
319,,,,
320,,,,
