,A,C,G,T
0,,,,
1,,,,
2,1.0,0.0,0.0,0.0
3,1.0,0.0,0.0,0.0
4,0.0,1.0,0.0,0.0
5,0.4,0.0,0.0,0.6
6,0.6,0.0,0.2,0.2
7,0.0,0.1111111111111111,0.7777777777777778,0.1111111111111111
8,0.6666666666666666,0.20833333333333334,0.0,0.125
9,0.21428571428571427,0.0,0.0,0.7857142857142857
10,1.0,0.0,0.0,0.0
11,,,,
12,0.0,0.0,0.0,1.0
13,0.5,0.5,0.0,0.0
14,0.5,0.0,0.0,0.5
15,0.0,0.6,0.0,0.4
16,0.0,0.0,0.0,1.0
17,1.0,0.0,0.0,0.0
18,1.0,0.0,0.0,0.0
19,,,,
20,0.0,0.0,1.0,0.0
21,,,,
22,,,,
23,0.75,0.25,0.0,0.0
24,,,,
25,,,,
26,0.0,0.0,1.0,0.0
27,1.0,0.0,0.0,0.0
28,0.8571428571428571,0.14285714285714285,0.0,0.0
29,0.75,0.0,0.0,0.25
30,0.0,1.0,0.0,0.0
31,0.0,1.0,0.0,0.0
32,0.25,0.75,0.0,0.0
33,0.6666666666666666,0.0,0.0,0.3333333333333333
34,,,,
35,0.8387096774193549,0.0,0.0967741935483871,0.06451612903225806
36,0.8125,0.0,0.1875,0.0
37,0.0,0.75,0.25,0.0
38,1.0,0.0,0.0,0.0
39,,,,
40,0.0,0.0,1.0,0.0
41,0.0,0.0,1.0,0.0
42,,,,
43,,,,
44,0.8181818181818182,0.09090909090909091,0.0,0.09090909090909091
45,1.0,0.0,0.0,0.0
46,1.0,0.0,0.0,0.0
47,0.0,0.0,0.0,1.0
48,,,,
49,,,,
50,1.0,0.0,0.0,0.0
51,0.0,0.0,1.0,0.0
52,,,,
53,0.625,0.0,0.0,0.375
54,0.0,0.5,0.5,0.0
55,0.2857142857142857,0.7142857142857143,0.0,0.0
56,0.0,0.0,1.0,0.0
57,0.25,0.0,0.75,0.0
58,,,,
59,0.0,0.0,1.0,0.0
60,0.3333333333333333,0.6666666666666666,0.0,0.0
61,1.0,0.0,0.0,0.0
62,0.5,0.0,0.5,0.0
63,,,,
64,,,,
65,0.0,1.0,0.0,0.0
66,0.5384615384615384,0.07692307692307693,0.0,0.38461538461538464
67,0.25,0.0,0.05,0.7
68,0.0,0.3333333333333333,0.5555555555555556,0.1111111111111111
69,1.0,0.0,0.0,0.0
70,0.0,0.0,0.23076923076923078,0.7692307692307693
71,0.3333333333333333,0.0,0.3333333333333333,0.3333333333333333
72,1.0,0.0,0.0,0.0
73,0.3333333333333333,0.0,0.0,0.6666666666666666
74,0.5,0.16666666666666666,0.3333333333333333,0.0
75,0.0,0.0,0.0,1.0
76,0.5,0.0,0.0,0.5
77,0.0,0.25,0.75,0.0
78,0.14285714285714285,0.7142857142857143,0.14285714285714285,0.0
79,0.0,0.0,1.0,0.0
80,0.25,0.0,0.5,0.25
81,0.0,0.8125,0.125,0.0625
82,0.21052631578947367,0.0,0.6842105263157895,0.10526315789473684
83,0.1111111111111111,0.0,0.2777777777777778,0.6111111111111112
84,0.0,0.3333333333333333,0.6666666666666666,0.0
85,0.0,0.25,0.75,0.0
86,0.1875,0.0,0.125,0.6875
87,0.0,0.75,0.25,0.0
88,0.5555555555555556,0.3333333333333333,0.0,0.1111111111111111
89,0.3076923076923077,0.5384615384615384,0.15384615384615385,0.0
90,0.6666666666666666,0.16666666666666666,0.0,0.16666666666666666
91,0.0,0.4,0.56,0.04
92,0.1875,0.0,0.375,0.4375
93,0.5714285714285714,0.21428571428571427,0.21428571428571427,0.0
94,0.0,0.16666666666666666,0.125,0.7083333333333334
95,0.1875,0.0,0.03125,0.78125
96,0.2857142857142857,0.14285714285714285,0.5714285714285714,0.0
97,0.0,0.1935483870967742,0.6774193548387096,0.12903225806451613
98,0.20689655172413793,0.0,0.3793103448275862,0.41379310344827586
99,0.0,0.125,0.375,0.5
100,,,,
101,0.2727272727272727,0.45454545454545453,0.0,0.2727272727272727
102,0.0,0.2,0.8,0.0
103,0.7454545454545455,0.23636363636363636,0.0,0.01818181818181818
104,0.0,0.0,0.0,1.0
105,0.0,0.0,1.0,0.0
106,,,,
107,0.0,0.0,0.0,1.0
108,0.5,0.0,0.0,0.5
109,,,,
110,0.0,0.0,1.0,0.0
111,0.6666666666666666,0.0,0.0,0.3333333333333333
112,,,,
113,0.0,0.0,0.6666666666666666,0.3333333333333333
114,0.0,0.0,1.0,0.0
115,0.0,0.0,0.6666666666666666,0.3333333333333333
116,0.3333333333333333,0.3333333333333333,0.0,0.3333333333333333
117,0.2,0.8,0.0,0.0
118,0.0,0.0,0.25,0.75
119,0.0,0.6666666666666666,0.3333333333333333,0.0
120,0.6666666666666666,0.0,0.3333333333333333,0.0
121,0.0,0.0,1.0,0.0
122,0.7384615384615385,0.0,0.15384615384615385,0.1076923076923077
123,1.0,0.0,0.0,0.0
124,0.75,0.25,0.0,0.0
125,0.2222222222222222,0.7777777777777778,0.0,0.0
126,0.0,0.6,0.4,0.0
127,0.0,0.0,0.75,0.25
128,0.5,0.5,0.0,0.0
129,0.0,1.0,0.0,0.0
130,0.5,0.0,0.0,0.5
131,0.75,0.16666666666666666,0.0,0.08333333333333333
132,1.0,0.0,0.0,0.0
133,0.0,0.3333333333333333,0.6666666666666666,0.0
134,0.0,0.0,0.0,1.0
135,0.25,0.75,0.0,0.0
136,0.0,0.2,0.8,0.0
137,0.8125,0.125,0.0,0.0625
138,0.0,0.0,1.0,0.0
139,0.0,0.0,0.0,1.0
140,0.5,0.25,0.0,0.25
141,0.5,0.5,0.0,0.0
142,0.2,0.2,0.6,0.0
143,0.0,0.36666666666666664,0.16666666666666666,0.4666666666666667
144,0.023809523809523808,0.047619047619047616,0.0,0.9285714285714286
145,0.0,1.0,0.0,0.0
146,0.7719298245614035,0.19298245614035087,0.03508771929824561,0.0
147,0.5714285714285714,0.2857142857142857,0.14285714285714285,0.0
148,0.7735849056603774,0.09433962264150944,0.1320754716981132,0.0
149,0.1875,0.0,0.1875,0.625
150,0.0,0.2857142857142857,0.42857142857142855,0.2857142857142857
151,0.0,0.0,1.0,0.0
152,0.5,0.5,0.0,0.0
153,0.0,0.11764705882352941,0.47058823529411764,0.4117647058823529
154,0.6,0.25,0.0,0.15
155,0.0,0.14634146341463414,0.1951219512195122,0.6585365853658537
156,0.0,0.10344827586206896,0.6896551724137931,0.20689655172413793
157,0.0,0.1509433962264151,0.4716981132075472,0.37735849056603776
158,0.06382978723404255,0.0,0.3191489361702128,0.6170212765957447
159,0.0,0.09375,0.8125,0.09375
160,0.0,0.25,0.3125,0.4375
161,0.0,0.08108108108108109,0.13513513513513514,0.7837837837837838
162,0.5263157894736842,0.10526315789473684,0.0,0.3684210526315789
163,0.1724137931034483,0.0,0.7586206896551724,0.06896551724137931
164,0.34615384615384615,0.11538461538461539,0.5384615384615384,0.0
165,0.0,0.3333333333333333,0.4444444444444444,0.2222222222222222
166,0.0,0.13333333333333333,0.7777777777777778,0.08888888888888889
167,0.16666666666666666,0.3333333333333333,0.5,0.0
168,0.7333333333333333,0.2,0.0,0.06666666666666667
169,0.5652173913043478,0.391304347826087,0.0,0.043478260869565216
170,0.5882352941176471,0.35294117647058826,0.058823529411764705,0.0
171,0.5789473684210527,0.21052631578947367,0.0,0.21052631578947367
172,0.3333333333333333,0.20833333333333334,0.0,0.4583333333333333
173,0.23076923076923078,0.1794871794871795,0.0,0.5897435897435898
174,0.0,0.07142857142857142,0.7142857142857143,0.21428571428571427
175,0.058823529411764705,0.0,0.7058823529411765,0.23529411764705882
176,0.0,0.5,0.2,0.3
177,0.0,0.05555555555555555,0.6666666666666666,0.2777777777777778
178,0.16666666666666666,0.0,0.0,0.8333333333333334
179,0.0,0.6363636363636364,0.2727272727272727,0.09090909090909091
180,0.19607843137254902,0.23529411764705882,0.0,0.5686274509803921
181,0.0,0.3333333333333333,0.041666666666666664,0.625
182,0.0,0.6923076923076923,0.038461538461538464,0.2692307692307692
183,1.0,0.0,0.0,0.0
184,0.0,0.7777777777777778,0.0,0.2222222222222222
185,0.0,0.43243243243243246,0.0,0.5675675675675675
186,0.0,0.5319148936170213,0.2765957446808511,0.19148936170212766
187,0.6666666666666666,0.0,0.3333333333333333,0.0
188,0.1111111111111111,0.0,0.7777777777777778,0.1111111111111111
189,0.0,0.07142857142857142,0.9285714285714286,0.0
190,0.8571428571428571,0.0,0.14285714285714285,0.0
191,0.29411764705882354,0.5882352941176471,0.0,0.11764705882352941
192,0.0,1.0,0.0,0.0
193,,,,
194,0.34615384615384615,0.6153846153846154,0.038461538461538464,0.0
195,0.5,0.5,0.0,0.0
196,0.0,0.0,1.0,0.0
197,1.0,0.0,0.0,0.0
198,0.0,0.0,1.0,0.0
199,0.0,0.0625,0.875,0.0625
200,0.0,0.0,1.0,0.0
201,,,,
202,0.5,0.5,0.0,0.0
203,,,,
204,0.0,1.0,0.0,0.0
205,,,,
206,0.0,0.4166666666666667,0.5833333333333334,0.0
207,,,,
208,0.0,0.0,1.0,0.0
209,0.0,0.0,0.0,1.0
210,0.0,0.0,1.0,0.0
211,0.0,0.0,0.125,0.875
212,0.0,0.9384615384615385,0.0,0.06153846153846154
213,0.0,0.2,0.6,0.2
214,0.0,1.0,0.0,0.0
215,0.0,0.0,0.6666666666666666,0.3333333333333333
216,,,,
217,0.3333333333333333,0.0,0.0,0.6666666666666666
218,0.0,0.9365079365079365,0.047619047619047616,0.015873015873015872
219,0.0,0.5,0.5,0.0
220,0.0,1.0,0.0,0.0
221,0.0,0.0,1.0,0.0
222,,,,
223,,,,
224,0.0,0.9818181818181818,0.01818181818181818,0.0
225,0.9024390243902439,0.0975609756097561,0.0,0.0
226,0.0,0.3333333333333333,0.6666666666666666,0.0
227,0.030303030303030304,0.9393939393939394,0.030303030303030304,0.0
228,0.10869565217391304,0.0,0.8913043478260869,0.0
229,0.0,0.0,1.0,0.0
230,0.5454545454545454,0.0,0.18181818181818182,0.2727272727272727
231,0.0,0.0,1.0,0.0
232,0.0,0.25,0.75,0.0
233,0.0,0.06896551724137931,0.9310344827586207,0.0
234,0.0,0.5,0.5,0.0
235,1.0,0.0,0.0,0.0
236,1.0,0.0,0.0,0.0
237,0.0,0.0,0.2,0.8
238,0.0,0.7,0.3,0.0
239,0.0,0.0,1.0,0.0
240,0.0,0.3684210526315789,0.47368421052631576,0.15789473684210525
241,0.0,0.0,0.0625,0.9375
242,0.03508771929824561,0.0,0.8421052631578947,0.12280701754385964
243,0.0,0.75,0.25,0.0
244,0.0,0.09090909090909091,0.0,0.9090909090909091
245,0.0,1.0,0.0,0.0
246,0.0,0.0,0.0,1.0
247,,,,
248,0.5,0.09090909090909091,0.0,0.4090909090909091
249,0.0,0.0,1.0,0.0
250,0.0,0.0,1.0,0.0
251,0.0,0.25,0.75,0.0
252,0.0,0.4,0.0,0.6
253,,,,
254,0.5,0.0,0.0,0.5
255,0.0,0.0,0.875,0.125
256,0.0,0.2222222222222222,0.5555555555555556,0.2222222222222222
257,0.0,0.0,0.0,1.0
258,0.0,0.14285714285714285,0.8571428571428571,0.0
259,0.8571428571428571,0.14285714285714285,0.0,0.0
260,0.0,0.0,0.5,0.5
261,0.0,0.0,1.0,0.0
262,,,,
263,0.3333333333333333,0.6666666666666666,0.0,0.0
264,0.0,0.16666666666666666,0.8333333333333334,0.0
265,1.0,0.0,0.0,0.0
266,0.0,0.5,0.25,0.25
267,0.6,0.4,0.0,0.0
268,0.34210526315789475,0.0,0.0,0.6578947368421053
269,0.0,0.0,0.625,0.375
270,0.0,0.0,0.0,1.0
271,0.0,0.0,1.0,0.0
272,0.5294117647058824,0.4117647058823529,0.0,0.058823529411764705
273,,,,
274,,,,
275,0.5,0.0,0.0,0.5
276,0.0,0.0,0.0,1.0
277,0.0,1.0,0.0,0.0
278,0.8,0.2,0.0,0.0
279,,,,
280,,,,
281,0.0,1.0,0.0,0.0
282,0.5384615384615384,0.46153846153846156,0.0,0.0
283,0.0,1.0,0.0,0.0
284,0.23404255319148937,0.40425531914893614,0.0,0.3617021276595745
285,,,,
286,0.0,0.0,0.0,1.0
287,0.0,1.0,0.0,0.0
288,,,,
289,0.0,0.0,0.1,0.9
290,0.0,0.0,0.0,1.0
291,,,,
292,,,,
293,0.0,1.0,0.0,0.0
294,1.0,0.0,0.0,0.0
295,0.0,0.0,0.0,1.0
296,0.0,0.8,0.0,0.2
297,0.0,1.0,0.0,0.0
298,0.5,0.5,0.0,0.0
299,,,,
300,0.3333333333333333,0.0,0.0,0.6666666666666666
301,0.0,0.0,0.0,1.0
302,0.0,1.0,0.0,0.0
303,0.6666666666666666,0.0,0.0,0.3333333333333333
304,0.0,1.0,0.0,0.0
305,,,,
306,,,,
307,,,,
308,,,,
309,,,,
310,,,,
311,,,,
312,,,,
313,,,,
314,,,,
315,,,,
316,,,,
317,,,,
318,,,,
319,,,,
320,,,,
321,,,,
