,A,C,G,T
0,,,,
1,,,,
2,0.5707692307692308,0.3830769230769231,0.0,0.046153846153846156
3,0.6914893617021277,0.1276595744680851,0.0,0.18085106382978725
4,0.34657039711191334,0.3862815884476534,0.26714801444043323,0.0
5,0.5614849187935035,0.12993039443155452,0.0,0.308584686774942
6,0.648936170212766,0.0,0.2473404255319149,0.10372340425531915
7,0.0,0.08771929824561403,0.6265664160401002,0.2857142857142857
8,0.723986856516977,0.18346111719605696,0.0,0.09255202628696604
9,0.04989308624376337,0.0,0.14682822523164646,0.8032786885245902
10,0.2777777777777778,0.2777777777777778,0.4444444444444444,0.0
11,0.6817102137767221,0.16864608076009502,0.0,0.1496437054631829
12,0.0,0.0,0.0,1.0
13,0.48095238095238096,0.4523809523809524,0.06666666666666667,0.0
14,0.5991379310344828,0.15948275862068967,0.0,0.2413793103448276
15,0.04669260700389105,0.8715953307392996,0.0,0.08171206225680934
16,0.0,0.5161290322580645,0.3064516129032258,0.1774193548387097
17,0.7378984651711924,0.22668240850059032,0.0,0.03541912632821724
18,0.4634146341463415,0.14634146341463414,0.3902439024390244,0.0
19,0.3108108108108108,0.0,0.20270270270270271,0.4864864864864865
20,0.04931192660550459,0.44954128440366975,0.5011467889908257,0.0
21,0.3333333333333333,0.13333333333333333,0.0,0.5333333333333333
22,0.27906976744186046,0.11627906976744186,0.0,0.6046511627906976
23,0.8249336870026526,0.04509283819628647,0.0,0.129973474801061
24,0.14814814814814814,0.2962962962962963,0.0,0.5555555555555556
25,0.21428571428571427,0.21428571428571427,0.0,0.5714285714285714
26,0.0,0.4316546762589928,0.45323741007194246,0.11510791366906475
27,0.6956521739130435,0.2140468227424749,0.0,0.0903010033444816
28,0.7007233273056058,0.24773960216998192,0.0,0.051537070524412296
29,0.30446194225721784,0.0,0.2755905511811024,0.4199475065616798
30,0.054461181923522596,0.7415990730011588,0.20393974507531865,0.0
31,0.07537688442211055,0.5376884422110553,0.3869346733668342,0.0
32,0.6842105263157895,0.23774954627949182,0.0,0.0780399274047187
33,0.8163992869875223,0.1140819964349376,0.0,0.06951871657754011
34,0.1963470319634703,0.5730593607305936,0.23059360730593606,0.0
35,0.0,0.49407437678790356,0.29260318757662446,0.213322435635472
36,0.8125,0.0,0.14338235294117646,0.04411764705882353
37,0.0,0.27631578947368424,0.5789473684210527,0.14473684210526316
38,0.5717884130982368,0.29219143576826195,0.0,0.13602015113350127
39,0.31125827814569534,0.0,0.2052980132450331,0.48344370860927155
40,0.2689075630252101,0.0,0.5042016806722689,0.226890756302521
41,0.040533860603064756,0.02570439940682155,0.9337617399901137,0.0
42,0.3684210526315789,0.07894736842105263,0.0,0.5526315789473685
43,0.3888888888888889,0.25,0.0,0.3611111111111111
44,0.5833333333333334,0.2786458333333333,0.0,0.13802083333333334
45,0.5745614035087719,0.31140350877192985,0.0,0.11403508771929824
46,0.8442367601246106,0.08411214953271028,0.0,0.07165109034267912
47,0.6190476190476191,0.1523809523809524,0.0,0.22857142857142856
48,0.16260162601626016,0.3089430894308943,0.5284552845528455,0.0
49,0.37362637362637363,0.0,0.3076923076923077,0.31868131868131866
50,0.2584745762711864,0.0,0.2669491525423729,0.4745762711864407
51,0.2535211267605634,0.0,0.5352112676056338,0.2112676056338028
52,0.23809523809523808,0.22857142857142856,0.5333333333333333,0.0
53,0.404,0.302,0.0,0.294
54,0.0,0.8359133126934984,0.14860681114551083,0.015479876160990712
55,0.3705179282868526,0.4820717131474104,0.0,0.14741035856573706
56,0.0,0.4661016949152542,0.4025423728813559,0.13135593220338984
57,0.2946058091286307,0.0,0.6265560165975104,0.07883817427385892
58,0.07142857142857142,0.44642857142857145,0.48214285714285715,0.0
59,0.16,0.0,0.452,0.388
60,0.439873417721519,0.26582278481012656,0.29430379746835444,0.0
61,0.4444444444444444,0.0,0.3888888888888889,0.16666666666666666
62,0.2746212121212121,0.0,0.22727272727272727,0.4981060606060606
63,0.057692307692307696,0.25,0.6923076923076923,0.0
64,0.04,0.24,0.0,0.72
65,0.014234875444839857,0.7544483985765125,0.2313167259786477,0.0
66,0.6287425149700598,0.04491017964071856,0.0,0.3263473053892216
67,0.27217125382262997,0.0,0.095565749235474,0.632262996941896
68,0.0,0.27315914489311166,0.5439429928741093,0.1828978622327791
69,0.6396761133603239,0.11336032388663968,0.0,0.24696356275303644
70,0.049773755656108594,0.0,0.40874811463046756,0.5414781297134238
71,0.10975609756097561,0.0,0.45121951219512196,0.43902439024390244
72,0.3253968253968254,0.30952380952380953,0.36507936507936506,0.0
73,0.4606741573033708,0.0,0.16853932584269662,0.3707865168539326
74,0.2952029520295203,0.43357933579335795,0.27121771217712176,0.0
75,0.49074074074074076,0.28703703703703703,0.0,0.2222222222222222
76,0.6022099447513812,0.22099447513812154,0.0,0.17679558011049723
77,0.0,0.46467817896389324,0.37990580847723704,0.1554160125588697
78,0.289044289044289,0.4801864801864802,0.23076923076923078,0.0
79,0.1506849315068493,0.541095890410959,0.3082191780821918,0.0
80,0.1967654986522911,0.0,0.1347708894878706,0.6684636118598383
81,0.0,0.354978354978355,0.3961038961038961,0.24891774891774893
82,0.25350036845983787,0.0,0.3920412675018423,0.3544583640383198
83,0.17498138495904692,0.0,0.28145941921072226,0.5435591958302308
84,0.23232323232323232,0.298989898989899,0.4686868686868687,0.0
85,0.23660714285714285,0.5625,0.20089285714285715,0.0
86,0.04936305732484077,0.8654458598726115,0.08519108280254777,0.0
87,0.0,0.25303643724696356,0.6204453441295547,0.12651821862348178
88,0.5612745098039216,0.2959558823529412,0.0,0.14276960784313725
89,0.13723948092803775,0.0,0.19229256783326779,0.6704679512386944
90,0.0,0.1500441306266549,0.5869373345101501,0.26301853486319504
91,0.6091081593927894,0.3187855787476281,0.0,0.07210626185958255
92,0.15285943345804381,0.0,0.1293425975414217,0.7177979690005345
93,0.29699248120300753,0.5877192982456141,0.11528822055137844,0.0
94,0.0,0.3843226788432268,0.11491628614916286,0.5007610350076104
95,0.061946902654867256,0.7964601769911505,0.1415929203539823,0.0
96,0.3286334056399132,0.22125813449023862,0.0,0.45010845986984815
97,0.2682274247491639,0.0,0.4836120401337793,0.24816053511705685
98,0.2059282371294852,0.0,0.5179407176287052,0.27613104524180965
99,0.0,0.4047244094488189,0.22992125984251968,0.3653543307086614
100,0.09574468085106383,0.3617021276595745,0.5425531914893617,0.0
101,0.3323943661971831,0.3436619718309859,0.0,0.323943661971831
102,0.0,0.4041331802525832,0.4730195177956372,0.12284730195177956
103,0.49210281820997215,0.46144317126045215,0.0,0.04645401052957572
104,0.05,0.0,0.09520547945205479,0.8547945205479452
105,0.03225806451612903,0.24193548387096775,0.7258064516129032,0.0
106,0.1320754716981132,0.1509433962264151,0.0,0.7169811320754716
107,0.22727272727272727,0.25,0.0,0.5227272727272727
108,0.4094488188976378,0.1732283464566929,0.0,0.41732283464566927
109,0.06666666666666667,0.7151515151515152,0.21818181818181817,0.0
110,0.20394736842105263,0.0,0.35526315789473684,0.4407894736842105
111,0.28,0.0,0.48,0.24
112,0.39473684210526316,0.21052631578947367,0.0,0.39473684210526316
113,0.14659685863874344,0.0,0.31151832460732987,0.5418848167539267
114,0.5245901639344263,0.0,0.2459016393442623,0.22950819672131148
115,0.0,0.24568965517241378,0.46120689655172414,0.29310344827586204
116,0.7142857142857143,0.19047619047619047,0.0,0.09523809523809523
117,0.5451127819548872,0.2236842105263158,0.0,0.231203007518797
118,0.058524173027989825,0.0,0.30279898218829515,0.638676844783715
119,0.05115089514066496,0.6035805626598465,0.3452685421994885,0.0
120,0.29292929292929293,0.0,0.32323232323232326,0.3838383838383838
121,0.6666666666666666,0.0,0.14814814814814814,0.18518518518518517
122,0.0,0.27577937649880097,0.41247002398081534,0.3117505995203837
123,0.17518248175182483,0.7226277372262774,0.0,0.10218978102189781
124,0.672566371681416,0.11504424778761062,0.0,0.21238938053097345
125,0.7944954128440367,0.13944954128440368,0.0,0.06605504587155964
126,0.0,0.40762463343108507,0.5630498533724341,0.02932551319648094
127,0.0,0.12108559498956159,0.6576200417536534,0.22129436325678498
128,0.5669291338582677,0.13385826771653545,0.0,0.2992125984251969
129,0.30973451327433627,0.3008849557522124,0.0,0.3893805309734513
130,0.35051546391752575,0.24742268041237114,0.0,0.4020618556701031
131,0.6019417475728155,0.27537511032656664,0.0,0.12268314210061783
132,0.27380952380952384,0.0,0.3968253968253968,0.32936507936507936
133,0.021611001964636542,0.6522593320235757,0.32612966601178783,0.0
134,0.4666666666666667,0.2111111111111111,0.0,0.32222222222222224
135,0.14334470989761092,0.6621160409556314,0.0,0.1945392491467577
136,0.0,0.1262135922330097,0.7223300970873786,0.15145631067961166
137,0.711755233494364,0.12560386473429952,0.0,0.16264090177133655
138,0.06779661016949153,0.07457627118644068,0.8576271186440678,0.0
139,0.21839080459770116,0.14367816091954022,0.0,0.6379310344827587
140,0.12093023255813953,0.46511627906976744,0.0,0.413953488372093
141,0.3886792452830189,0.41320754716981134,0.0,0.19811320754716982
142,0.05389221556886228,0.09580838323353294,0.8502994011976048,0.0
143,0.14527845036319612,0.0,0.3171912832929782,0.5375302663438256
144,0.03305785123966942,0.049586776859504134,0.9173553719008265,0.0
145,0.45217391304347826,0.0,0.28695652173913044,0.2608695652173913
146,0.0,0.30871670702179177,0.3910411622276029,0.30024213075060535
147,0.6884084979500559,0.06112560566530004,0.0,0.25046589638464406
148,0.10177865612648221,0.0,0.6258234519104084,0.2723978919631094
149,0.34210526315789475,0.41099071207430343,0.24690402476780185,0.0
150,0.0,0.38421052631578945,0.4768421052631579,0.13894736842105262
151,0.10355029585798817,0.4437869822485207,0.4526627218934911,0.0
152,0.2038770053475936,0.6022727272727273,0.19385026737967914,0.0
153,0.0,0.20805998125585753,0.6597938144329897,0.13214620431115276
154,0.3364674278038952,0.506380120886501,0.0,0.15715245130960376
155,0.17793594306049823,0.47568208778173193,0.34638196915776986,0.0
156,0.5778597785977859,0.2568265682656827,0.0,0.16531365313653137
157,0.42870285188592455,0.4604415823367065,0.0,0.11085556577736891
158,0.3008298755186722,0.43983402489626555,0.25933609958506226,0.0
159,0.0,0.23210023866348448,0.6957040572792362,0.07219570405727924
160,0.5045592705167173,0.34832826747720363,0.0,0.14711246200607903
161,0.2036637931034483,0.5280172413793104,0.2683189655172414,0.0
162,0.7094594594594594,0.08783783783783784,0.0,0.20270270270270271
163,0.3898488120950324,0.49892008639308855,0.0,0.11123110151187905
164,0.27317473338802295,0.4306808859721083,0.29614438063986875,0.0
165,0.5900123304562269,0.2120838471023428,0.0,0.19790382244143034
166,0.5418824246116357,0.28754188242461165,0.0,0.17057569296375266
167,0.33374844333748444,0.42341220423412207,0.24283935242839352,0.0
168,0.0,0.17248908296943233,0.6468340611353712,0.1806768558951965
169,0.4756498356737377,0.37227367792052585,0.0,0.15207648640573648
170,0.2442486539402839,0.0,0.23984336759667158,0.5159079784630446
171,0.0,0.20526315789473684,0.5013157894736842,0.29342105263157897
172,0.23835920177383593,0.0,0.24390243902439024,0.5177383592017738
173,0.0,0.2645381984036488,0.322690992018244,0.4127708095781072
174,0.3234323432343234,0.4231023102310231,0.25346534653465347,0.0
175,0.0,0.17131147540983607,0.11229508196721312,0.7163934426229508
176,0.0791311093871218,0.0,0.1590380139643134,0.7618308766485647
177,0.15738498789346247,0.4939467312348668,0.3486682808716707,0.0
178,0.0,0.40476190476190477,0.12585034013605442,0.46938775510204084
179,0.026068821689259645,0.0,0.051094890510948905,0.9228362877997914
180,0.44883040935672514,0.16228070175438597,0.0,0.3888888888888889
181,0.15860735009671179,0.0,0.4410058027079304,0.40038684719535783
182,0.0,0.24050632911392406,0.5203938115330521,0.2390998593530239
183,0.47520661157024796,0.24793388429752067,0.0,0.2768595041322314
184,0.0,0.5895765472312704,0.3241042345276873,0.08631921824104234
185,0.18227424749163879,0.0,0.45484949832775917,0.362876254180602
186,0.09813084112149532,0.21728971962616822,0.6845794392523364,0.0
187,0.28654970760233917,0.0,0.08771929824561403,0.6257309941520468
188,0.14173228346456693,0.0,0.10826771653543307,0.75
189,0.24745762711864408,0.4101694915254237,0.0,0.3423728813559322
190,0.048582995951417005,0.4251012145748988,0.5263157894736842,0.0
191,0.21348314606741572,0.19382022471910113,0.0,0.5926966292134831
192,0.0,0.40606060606060607,0.5712121212121212,0.022727272727272728
193,0.0,0.10810810810810811,0.8343125734430082,0.057579318448883664
194,0.46308724832214765,0.3087248322147651,0.0,0.22818791946308725
195,0.2,0.14444444444444443,0.0,0.6555555555555556
196,0.6139240506329114,0.12025316455696203,0.0,0.26582278481012656
197,0.18848167539267016,0.0,0.3717277486910995,0.4397905759162304
198,0.7222222222222222,0.0,0.12962962962962962,0.14814814814814814
199,0.44144144144144143,0.17117117117117117,0.0,0.38738738738738737
200,0.4298813376483279,0.5070118662351673,0.0,0.06310679611650485
201,0.14953271028037382,0.3925233644859813,0.45794392523364486,0.0
202,0.14150943396226415,0.27358490566037735,0.5849056603773585,0.0
203,0.32727272727272727,0.0,0.1,0.5727272727272728
204,0.0,0.08615384615384615,0.46153846153846156,0.4523076923076923
205,0.06584992343032159,0.0,0.3721286370597244,0.5620214395099541
206,0.3612565445026178,0.0,0.19895287958115182,0.4397905759162304
207,0.0,0.1095890410958904,0.8405977584059776,0.049813200498132
208,0.13274336283185842,0.49557522123893805,0.37168141592920356,0.0
209,0.14677419354838708,0.0,0.27741935483870966,0.5758064516129032
210,0.3333333333333333,0.1461187214611872,0.5205479452054794,0.0
211,0.28735632183908044,0.0,0.08045977011494253,0.632183908045977
212,0.3468013468013468,0.0,0.10774410774410774,0.5454545454545454
213,0.0,0.6126760563380281,0.29577464788732394,0.09154929577464789
214,0.5867768595041323,0.15702479338842976,0.0,0.256198347107438
215,0.0,0.2614213197969543,0.6979695431472082,0.04060913705583756
216,0.3389830508474576,0.3559322033898305,0.0,0.3050847457627119
217,0.0,0.3142857142857143,0.4857142857142857,0.2
218,0.39263803680981596,0.0,0.15337423312883436,0.4539877300613497
219,0.0,0.1493212669683258,0.7285067873303167,0.12217194570135746
220,0.0,0.4276315789473684,0.33771929824561403,0.23464912280701755
221,0.0699912510936133,0.7909011373578303,0.13910761154855644,0.0
222,0.11496350364963503,0.1551094890510949,0.7299270072992701,0.0
223,0.25,0.0,0.184375,0.565625
224,0.2781065088757396,0.0,0.4457593688362919,0.27613412228796846
225,0.0,0.4678030303030303,0.5056818181818182,0.026515151515151516
226,0.0,0.08940397350993377,0.7362030905077263,0.17439293598233996
227,0.32195121951219513,0.5902439024390244,0.0,0.08780487804878048
228,0.0,0.1437246963562753,0.7813765182186235,0.07489878542510121
229,0.0,0.12228260869565218,0.7622282608695652,0.11548913043478261
230,0.15198237885462554,0.0,0.19162995594713655,0.6563876651982379
231,0.0,0.08133971291866028,0.34688995215311,0.5717703349282297
232,0.1366120218579235,0.0,0.1092896174863388,0.7540983606557377
233,0.5377886634009797,0.2610216934919524,0.0,0.20118964310706788
234,0.11209876543209876,0.0,0.5530864197530864,0.3348148148148148
235,0.11578947368421053,0.22105263157894736,0.6631578947368421,0.0
236,0.35704607046070463,0.3218157181571816,0.0,0.32113821138211385
237,0.18036529680365296,0.4429223744292237,0.3767123287671233,0.0
238,0.0,0.25474254742547425,0.03048780487804878,0.714769647696477
239,0.066815144766147,0.734966592427617,0.19821826280623608,0.0
240,0.040236686390532544,0.0,0.16449704142011834,0.7952662721893491
241,0.04081632653061224,0.2653061224489796,0.6938775510204082,0.0
242,0.4587400177462289,0.3203194321206744,0.0,0.2209405501330967
243,0.11089866156787763,0.0,0.8145315487571702,0.0745697896749522
244,0.0,0.06542056074766354,0.6869158878504673,0.24766355140186916
245,0.0,0.2850467289719626,0.6343457943925234,0.08060747663551401
246,0.0,0.29694323144104806,0.3558951965065502,0.3471615720524017
247,0.08108108108108109,0.22522522522522523,0.6936936936936937,0.0
248,0.3474178403755869,0.352112676056338,0.0,0.3004694835680751
249,0.0,0.17666666666666667,0.7844444444444445,0.03888888888888889
250,0.0,0.24555903866248693,0.7189132706374086,0.035527690700104496
251,0.09646302250803858,0.0,0.2540192926045016,0.6495176848874598
252,0.0,0.15120967741935484,0.7217741935483871,0.12701612903225806
253,0.6720867208672087,0.25609756097560976,0.0,0.07181571815718157
254,0.20287539936102236,0.0,0.09904153354632587,0.6980830670926518
255,0.15270935960591134,0.0,0.3694581280788177,0.47783251231527096
256,0.047619047619047616,0.1523809523809524,0.8,0.0
257,0.23404255319148937,0.6109422492401215,0.0,0.15501519756838905
258,0.0,0.5213849287169042,0.4460285132382892,0.032586558044806514
259,0.3463414634146341,0.5902439024390244,0.0,0.06341463414634146
260,0.0,0.3173277661795407,0.5615866388308977,0.12108559498956159
261,0.4085510688836104,0.5273159144893111,0.0,0.06413301662707839
262,0.09013785790031813,0.0,0.1320254506892895,0.7778366914103924
263,0.10572687224669604,0.0,0.3744493392070485,0.5198237885462555
264,0.2923076923076923,0.3230769230769231,0.0,0.38461538461538464
265,0.0,0.2703862660944206,0.6866952789699571,0.04291845493562232
266,0.36457142857142855,0.5217142857142857,0.0,0.11371428571428571
267,0.05555555555555555,0.16666666666666666,0.0,0.7777777777777778
268,0.0,0.23809523809523808,0.47619047619047616,0.2857142857142857
269,0.33540372670807456,0.0,0.13043478260869565,0.5341614906832298
270,0.0,0.05263157894736842,0.3609022556390977,0.5864661654135338
271,0.24242424242424243,0.0,0.15151515151515152,0.6060606060606061
272,0.6510067114093959,0.1610738255033557,0.0,0.18791946308724833
273,0.2413793103448276,0.034482758620689655,0.0,0.7241379310344828
274,0.11510791366906475,0.0,0.8201438848920863,0.06474820143884892
275,0.08123249299719888,0.0,0.06722689075630252,0.8515406162464986
276,0.6590909090909091,0.22966507177033493,0.0,0.11124401913875598
277,0.171990171990172,0.6117936117936118,0.21621621621621623,0.0
278,0.0,0.3162040510127532,0.30532633158289574,0.3784696174043511
279,0.0,0.35,0.65,0.0
280,0.0,0.08108108108108109,0.10810810810810811,0.8108108108108109
281,0.011441647597254004,0.9176201372997712,0.07093821510297482,0.0
282,0.026041666666666668,0.75,0.22395833333333334,0.0
283,0.0,0.04859335038363171,0.014066496163682864,0.9373401534526854
284,0.01020408163265306,0.0,0.027551020408163266,0.9622448979591837
285,0.14736842105263157,0.12631578947368421,0.7263157894736842,0.0
286,0.2978723404255319,0.02127659574468085,0.0,0.6808510638297872
287,0.0,0.6436363636363637,0.3563636363636364,0.0
288,0.7088122605363985,0.02681992337164751,0.0,0.26436781609195403
289,0.047957371225577264,0.0,0.14742451154529307,0.8046181172291297
290,0.43197278911564624,0.3707482993197279,0.0,0.19727891156462585
291,0.0,0.5909090909090909,0.3787878787878788,0.030303030303030304
292,0.0,0.05613577023498695,0.9321148825065274,0.01174934725848564
293,0.0,0.048507462686567165,0.8843283582089553,0.06716417910447761
294,0.37333333333333335,0.36,0.0,0.26666666666666666
295,0.0,0.2663316582914573,0.6180904522613065,0.11557788944723618
296,0.28,0.5733333333333334,0.14666666666666667,0.0
297,0.4225352112676056,0.0,0.352112676056338,0.22535211267605634
298,0.35714285714285715,0.2857142857142857,0.35714285714285715,0.0
299,0.1,0.4,0.5,0.0
300,0.5789473684210527,0.3684210526315789,0.05263157894736842,0.0
301,0.0,0.0,1.0,0.0
302,0.3333333333333333,0.0,0.0,0.6666666666666666
303,0.25,0.0,0.5,0.25
304,,,,
305,0.0,0.0,0.0,1.0
306,0.0,0.0,1.0,0.0
307,,,,
308,,,,
309,,,,
310,,,,
311,,,,
312,,,,
313,0.0,0.0,1.0,0.0
314,,,,
315,,,,
