,A,C,G,T
0,,,,
1,,,,
2,,,,
3,,,,
4,1.0,0.0,0.0,0.0
5,1.0,0.0,0.0,0.0
6,,,,
7,,,,
8,0.5,0.0,0.5,0.0
9,0.0,0.0,0.0,1.0
10,,,,
11,,,,
12,,,,
13,,,,
14,,,,
15,,,,
16,,,,
17,,,,
18,,,,
19,,,,
20,0.0,1.0,0.0,0.0
21,,,,
22,,,,
23,0.0,1.0,0.0,0.0
24,,,,
25,,,,
26,0.0,0.0,1.0,0.0
27,,,,
28,0.0,1.0,0.0,0.0
29,,,,
30,,,,
31,,,,
32,1.0,0.0,0.0,0.0
33,,,,
34,,,,
35,0.0,0.0,0.5,0.5
36,,,,
37,,,,
38,,,,
39,,,,
40,,,,
41,0.0,0.0,1.0,0.0
42,,,,
43,,,,
44,,,,
45,0.0,0.0,0.0,1.0
46,1.0,0.0,0.0,0.0
47,,,,
48,0.0,0.0,0.0,1.0
49,,,,
50,1.0,0.0,0.0,0.0
51,,,,
52,,,,
53,,,,
54,,,,
55,0.0,0.5,0.0,0.5
56,,,,
57,,,,
58,,,,
59,,,,
60,,,,
61,,,,
62,,,,
63,0.0,0.0,1.0,0.0
64,,,,
65,,,,
66,,,,
67,0.0,0.0,0.0,1.0
68,,,,
69,,,,
70,0.0,0.0,1.0,0.0
71,,,,
72,,,,
73,,,,
74,,,,
75,,,,
76,,,,
77,0.0,0.0,1.0,0.0
78,,,,
79,0.0,1.0,0.0,0.0
80,,,,
81,,,,
82,0.0,0.0,1.0,0.0
83,,,,
84,,,,
85,,,,
86,,,,
87,,,,
88,,,,
89,0.0,0.0,1.0,0.0
90,,,,
91,,,,
92,,,,
93,,,,
94,,,,
95,,,,
96,,,,
97,0.0,0.0,0.0,1.0
98,0.5,0.0,0.5,0.0
99,,,,
100,,,,
101,0.0,1.0,0.0,0.0
102,,,,
103,0.0,0.0,0.0,1.0
104,,,,
105,,,,
106,,,,
107,,,,
108,,,,
109,,,,
110,,,,
111,,,,
112,,,,
113,,,,
114,,,,
115,,,,
116,,,,
117,,,,
118,0.0,0.0,0.0,1.0
119,,,,
120,0.0,0.5,0.5,0.0
121,,,,
122,,,,
123,,,,
124,,,,
125,0.0,0.0,1.0,0.0
126,0.0,1.0,0.0,0.0
127,,,,
128,0.0,0.0,1.0,0.0
129,,,,
130,,,,
131,0.5,0.5,0.0,0.0
132,,,,
133,,,,
134,,,,
135,,,,
136,0.0,0.0,0.0,1.0
137,,,,
138,,,,
139,,,,
140,,,,
141,0.0,1.0,0.0,0.0
142,,,,
143,,,,
144,,,,
145,,,,
146,0.0,0.0,1.0,0.0
147,0.0,1.0,0.0,0.0
148,0.0,0.0,1.0,0.0
149,0.0,0.0,0.5,0.5
150,,,,
151,0.0,0.0,0.0,1.0
152,,,,
153,1.0,0.0,0.0,0.0
154,,,,
155,,,,
156,0.0,0.0,1.0,0.0
157,0.0,0.0,1.0,0.0
158,,,,
159,,,,
160,1.0,0.0,0.0,0.0
161,,,,
162,,,,
163,,,,
164,0.0,0.0,1.0,0.0
165,1.0,0.0,0.0,0.0
166,0.0,0.5,0.0,0.5
167,0.0,0.0,0.0,1.0
168,0.0,0.0,0.0,1.0
169,,,,
170,,,,
171,,,,
172,,,,
173,,,,
174,,,,
175,,,,
176,0.0,1.0,0.0,0.0
177,0.0,0.0,0.5,0.5
178,,,,
179,0.0,0.0,1.0,0.0
180,,,,
181,1.0,0.0,0.0,0.0
182,,,,
183,,,,
184,,,,
185,1.0,0.0,0.0,0.0
186,,,,
187,,,,
188,,,,
189,0.0,0.0,1.0,0.0
190,,,,
191,,,,
192,,,,
193,,,,
194,0.5,0.5,0.0,0.0
195,,,,
196,,,,
197,,,,
198,,,,
199,,,,
200,,,,
201,,,,
202,0.0,0.0,0.0,1.0
203,,,,
204,0.0,0.0,1.0,0.0
205,,,,
206,,,,
207,,,,
208,,,,
209,,,,
210,,,,
211,,,,
212,0.0,0.0,1.0,0.0
213,,,,
214,,,,
215,0.0,1.0,0.0,0.0
216,,,,
217,,,,
218,0.0,1.0,0.0,0.0
219,,,,
220,,,,
221,,,,
222,,,,
223,0.0,0.0,1.0,0.0
224,,,,
225,,,,
226,,,,
227,,,,
228,1.0,0.0,0.0,0.0
229,,,,
230,0.0,0.0,1.0,0.0
231,0.0,0.0,1.0,0.0
232,,,,
233,0.0,0.0,0.0,1.0
234,,,,
235,0.0,0.0,0.0,1.0
236,0.0,1.0,0.0,0.0
237,,,,
238,,,,
239,0.5,0.0,0.5,0.0
240,,,,
241,,,,
242,0.0,1.0,0.0,0.0
243,0.0,0.5,0.0,0.5
244,,,,
245,1.0,0.0,0.0,0.0
246,0.0,0.0,0.0,1.0
247,0.0,1.0,0.0,0.0
248,,,,
249,,,,
250,1.0,0.0,0.0,0.0
251,0.0,0.0,0.0,1.0
252,0.0,0.0,1.0,0.0
253,,,,
254,,,,
255,0.0,1.0,0.0,0.0
256,,,,
257,,,,
258,,,,
259,0.0,0.0,0.5,0.5
260,,,,
261,,,,
262,1.0,0.0,0.0,0.0
263,0.0,1.0,0.0,0.0
264,,,,
265,,,,
266,0.0,0.0,0.0,1.0
267,0.0,0.0,0.0,1.0
268,,,,
269,,,,
270,,,,
271,,,,
272,,,,
273,0.0,0.0,0.0,1.0
274,,,,
275,0.5,0.5,0.0,0.0
276,,,,
277,,,,
278,,,,
279,,,,
280,,,,
281,0.0,0.0,0.0,1.0
282,,,,
283,,,,
284,,,,
285,,,,
286,,,,
287,,,,
288,,,,
289,,,,
290,,,,
291,,,,
292,,,,
293,,,,
294,0.0,0.0,0.0,1.0
295,,,,
296,,,,
297,0.0,1.0,0.0,0.0
298,,,,
299,,,,
300,,,,
301,,,,
302,,,,
303,,,,
304,,,,
305,,,,
306,,,,
307,,,,
308,,,,
309,,,,
310,,,,
311,,,,
312,,,,
