,A,C,G,T
0,,,,
1,,,,
2,,,,
3,,,,
4,,,,
5,1.0,0.0,0.0,0.0
6,,,,
7,,,,
8,0.0,1.0,0.0,0.0
9,0.0,0.0,0.0,1.0
10,,,,
11,,,,
12,0.0,0.0,0.0,1.0
13,0.0,1.0,0.0,0.0
14,,,,
15,,,,
16,0.0,1.0,0.0,0.0
17,,,,
18,,,,
19,,,,
20,,,,
21,0.6666666666666666,0.0,0.3333333333333333,0.0
22,,,,
23,,,,
24,,,,
25,,,,
26,,,,
27,,,,
28,,,,
29,,,,
30,,,,
31,,,,
32,,,,
33,,,,
34,1.0,0.0,0.0,0.0
35,,,,
36,,,,
37,,,,
38,1.0,0.0,0.0,0.0
39,0.3333333333333333,0.6666666666666666,0.0,0.0
40,,,,
41,,,,
42,,,,
43,,,,
44,,,,
45,,,,
46,,,,
47,,,,
48,0.0,0.0,1.0,0.0
49,,,,
50,,,,
51,,,,
52,,,,
53,,,,
54,,,,
55,,,,
56,,,,
57,,,,
58,,,,
59,,,,
60,,,,
61,,,,
62,,,,
63,,,,
64,,,,
65,,,,
66,,,,
67,0.0,1.0,0.0,0.0
68,0.0,0.0,1.0,0.0
69,0.0,0.0,1.0,0.0
70,0.0,1.0,0.0,0.0
71,0.0,0.0,1.0,0.0
72,,,,
73,,,,
74,,,,
75,,,,
76,1.0,0.0,0.0,0.0
77,0.0,1.0,0.0,0.0
78,,,,
79,1.0,0.0,0.0,0.0
80,0.0,1.0,0.0,0.0
81,,,,
82,1.0,0.0,0.0,0.0
83,1.0,0.0,0.0,0.0
84,0.0,0.0,0.0,1.0
85,,,,
86,0.0,0.0,0.0,1.0
87,,,,
88,,,,
89,0.0,0.0,0.0,1.0
90,0.0,0.0,1.0,0.0
91,0.6666666666666666,0.3333333333333333,0.0,0.0
92,,,,
93,0.0,1.0,0.0,0.0
94,0.0,0.0,0.0,1.0
95,,,,
96,0.0,0.0,0.0,1.0
97,1.0,0.0,0.0,0.0
98,0.0,1.0,0.0,0.0
99,,,,
100,,,,
101,,,,
102,,,,
103,,,,
104,,,,
105,,,,
106,,,,
107,,,,
108,0.0,1.0,0.0,0.0
109,,,,
110,,,,
111,,,,
112,0.0,0.0,1.0,0.0
113,0.0,0.3333333333333333,0.6666666666666666,0.0
114,,,,
115,,,,
116,,,,
117,0.0,0.0,1.0,0.0
118,,,,
119,,,,
120,,,,
121,,,,
122,,,,
123,,,,
124,,,,
125,,,,
126,1.0,0.0,0.0,0.0
127,,,,
128,,,,
129,,,,
130,0.0,1.0,0.0,0.0
131,,,,
132,,,,
133,0.0,1.0,0.0,0.0
134,,,,
135,,,,
136,,,,
137,,,,
138,,,,
139,,,,
140,,,,
141,,,,
142,,,,
143,,,,
144,,,,
145,,,,
146,0.0,0.0,0.0,1.0
147,,,,
148,,,,
149,,,,
150,,,,
151,,,,
152,,,,
153,0.0,0.0,1.0,0.0
154,,,,
155,,,,
156,,,,
157,,,,
158,0.0,1.0,0.0,0.0
159,1.0,0.0,0.0,0.0
160,1.0,0.0,0.0,0.0
161,1.0,0.0,0.0,0.0
162,0.0,0.0,1.0,0.0
163,0.0,0.0,1.0,0.0
164,0.0,1.0,0.0,0.0
165,,,,
166,,,,
167,0.0,1.0,0.0,0.0
168,0.0,0.0,1.0,0.0
169,0.0,1.0,0.0,0.0
170,0.0,0.0,0.0,1.0
171,1.0,0.0,0.0,0.0
172,,,,
173,,,,
174,0.0,1.0,0.0,0.0
175,1.0,0.0,0.0,0.0
176,0.0,0.0,0.0,1.0
177,,,,
178,0.0,0.0,0.0,1.0
179,,,,
180,,,,
181,,,,
182,1.0,0.0,0.0,0.0
183,0.0,1.0,0.0,0.0
184,,,,
185,0.0,1.0,0.0,0.0
186,,,,
187,0.0,0.0,1.0,0.0
188,1.0,0.0,0.0,0.0
189,,,,
190,,,,
191,0.0,1.0,0.0,0.0
192,0.0,0.0,1.0,0.0
193,,,,
194,,,,
195,,,,
196,1.0,0.0,0.0,0.0
197,0.0,0.0,0.0,1.0
198,,,,
199,,,,
200,0.0,0.0,1.0,0.0
201,0.0,0.6666666666666666,0.3333333333333333,0.0
202,,,,
203,0.0,0.0,0.0,1.0
204,,,,
205,0.0,0.0,0.0,1.0
206,,,,
207,0.0,0.0,1.0,0.0
208,,,,
209,,,,
210,,,,
211,,,,
212,,,,
213,,,,
214,,,,
215,,,,
216,,,,
217,,,,
218,,,,
219,,,,
220,0.0,1.0,0.0,0.0
221,1.0,0.0,0.0,0.0
222,0.0,0.0,1.0,0.0
223,,,,
224,,,,
225,,,,
226,0.0,0.0,0.0,1.0
227,0.0,1.0,0.0,0.0
228,0.0,0.0,1.0,0.0
229,,,,
230,,,,
231,,,,
232,,,,
233,0.0,0.0,1.0,0.0
234,1.0,0.0,0.0,0.0
235,0.0,0.0,0.0,1.0
236,0.0,0.0,0.0,1.0
237,,,,
238,,,,
239,0.0,0.0,0.0,1.0
240,,,,
241,0.0,0.0,0.0,1.0
242,0.0,0.0,1.0,0.0
243,,,,
244,,,,
245,1.0,0.0,0.0,0.0
246,0.0,0.0,0.0,1.0
247,,,,
248,0.6666666666666666,0.0,0.0,0.3333333333333333
249,,,,
250,,,,
251,1.0,0.0,0.0,0.0
252,0.0,0.0,1.0,0.0
253,,,,
254,,,,
255,,,,
256,,,,
257,,,,
258,,,,
259,1.0,0.0,0.0,0.0
260,,,,
261,1.0,0.0,0.0,0.0
262,0.0,0.0,0.0,1.0
263,,,,
264,,,,
265,,,,
266,0.0,1.0,0.0,0.0
267,,,,
268,,,,
269,0.0,0.0,0.0,1.0
270,,,,
271,,,,
272,,,,
273,,,,
274,0.0,0.0,1.0,0.0
275,0.0,1.0,0.0,0.0
276,,,,
277,,,,
278,0.0,1.0,0.0,0.0
279,,,,
280,,,,
281,,,,
282,,,,
283,,,,
284,0.0,0.0,0.0,1.0
285,,,,
286,0.0,0.0,1.0,0.0
287,,,,
288,,,,
289,,,,
290,,,,
291,,,,
292,,,,
293,,,,
294,0.0,0.0,0.0,1.0
295,,,,
296,,,,
297,,,,
298,,,,
299,,,,
300,,,,
301,,,,
302,,,,
303,,,,
304,,,,
305,,,,
306,,,,
307,,,,
308,,,,
309,,,,
310,,,,
311,,,,
312,,,,
313,,,,
314,,,,
315,,,,
