,A,C,G,T
0,,,,
1,,,,
2,0.9282511210762332,0.05829596412556054,0.0,0.013452914798206279
3,0.12877263581488935,0.0,0.49295774647887325,0.3782696177062374
4,0.38461538461538464,0.5769230769230769,0.038461538461538464,0.0
5,0.627906976744186,0.09302325581395349,0.0,0.27906976744186046
6,0.3157894736842105,0.0,0.5614035087719298,0.12280701754385964
7,0.0,0.058823529411764705,0.7294117647058823,0.21176470588235294
8,0.6280788177339901,0.23891625615763548,0.0,0.1330049261083744
9,0.13725490196078433,0.0,0.11372549019607843,0.7490196078431373
10,0.0,1.0,0.0,0.0
11,0.7967914438502673,0.03208556149732621,0.0,0.1711229946524064
12,0.3968253968253968,0.0,0.49206349206349204,0.1111111111111111
13,0.0,0.020100502512562814,0.6080402010050251,0.37185929648241206
14,0.6547619047619048,0.047619047619047616,0.0,0.2976190476190476
15,0.07142857142857142,0.75,0.0,0.17857142857142858
16,0.0,0.6410256410256411,0.05128205128205128,0.3076923076923077
17,0.8333333333333334,0.1,0.0,0.06666666666666667
18,0.9,0.1,0.0,0.0
19,0.14285714285714285,0.0,0.2857142857142857,0.5714285714285714
20,0.06716417910447761,0.0,0.7089552238805971,0.22388059701492538
21,0.375,0.0,0.0,0.625
22,0.5232558139534884,0.45348837209302323,0.0,0.023255813953488372
23,0.08771929824561403,0.0,0.5087719298245614,0.40350877192982454
24,0.07307692307692308,0.7538461538461538,0.17307692307692307,0.0
25,0.125,0.0,0.71875,0.15625
26,0.0,0.23703703703703705,0.5185185185185185,0.24444444444444444
27,0.4945652173913043,0.4782608695652174,0.0,0.02717391304347826
28,0.6333333333333333,0.23333333333333334,0.0,0.13333333333333333
29,0.0,0.15865384615384615,0.7307692307692307,0.11057692307692307
30,0.024390243902439025,0.0,0.6829268292682927,0.2926829268292683
31,0.75,0.11363636363636363,0.13636363636363635,0.0
32,0.2988505747126437,0.3563218390804598,0.0,0.3448275862068966
33,0.10909090909090909,0.8181818181818182,0.0,0.07272727272727272
34,0.08333333333333333,0.8333333333333334,0.08333333333333333,0.0
35,0.3770491803278688,0.14754098360655737,0.0,0.47540983606557374
36,0.0,0.5617977528089888,0.4044943820224719,0.033707865168539325
37,0.0,0.08904109589041095,0.8116438356164384,0.09931506849315068
38,0.5405405405405406,0.21621621621621623,0.0,0.24324324324324326
39,0.3488372093023256,0.0,0.20930232558139536,0.4418604651162791
40,0.625,0.0,0.25,0.125
41,0.018461538461538463,0.9476923076923077,0.033846153846153845,0.0
42,0.19047619047619047,0.07142857142857142,0.7380952380952381,0.0
43,0.0975609756097561,0.0,0.0,0.9024390243902439
44,0.0,0.32967032967032966,0.6043956043956044,0.06593406593406594
45,0.007692307692307693,0.0,0.9807692307692307,0.011538461538461539
46,0.0,0.75,0.16666666666666666,0.08333333333333333
47,0.3125,0.3125,0.0,0.375
48,0.0,0.56,0.2,0.24
49,0.05405405405405406,0.0,0.8108108108108109,0.13513513513513514
50,0.2222222222222222,0.0,0.2857142857142857,0.49206349206349204
51,0.2727272727272727,0.0,0.21212121212121213,0.5151515151515151
52,0.2727272727272727,0.7272727272727273,0.0,0.0
53,0.13559322033898305,0.22033898305084745,0.0,0.6440677966101694
54,0.45652173913043476,0.043478260869565216,0.5,0.0
55,0.12,0.0,0.08,0.8
56,0.2805755395683453,0.0,0.4316546762589928,0.28776978417266186
57,0.15492957746478872,0.0,0.8028169014084507,0.04225352112676056
58,0.058823529411764705,0.5882352941176471,0.35294117647058826,0.0
59,0.25,0.0,0.2,0.55
60,0.0,0.34065934065934067,0.42857142857142855,0.23076923076923078
61,0.34523809523809523,0.0,0.35714285714285715,0.2976190476190476
62,0.12087912087912088,0.0,0.3516483516483517,0.5274725274725275
63,0.125,0.25,0.625,0.0
64,0.3333333333333333,0.13333333333333333,0.0,0.5333333333333333
65,0.08333333333333333,0.0,0.0625,0.8541666666666666
66,0.8003597122302158,0.1223021582733813,0.0,0.07733812949640288
67,0.21415270018621974,0.0,0.4655493482309125,0.3202979515828678
68,0.5319148936170213,0.2127659574468085,0.2553191489361702,0.0
69,0.14705882352941177,0.6323529411764706,0.0,0.22058823529411764
70,0.23076923076923078,0.6923076923076923,0.07692307692307693,0.0
71,0.06006006006006006,0.0,0.6366366366366366,0.3033033033033033
72,0.2391304347826087,0.6086956521739131,0.15217391304347827,0.0
73,0.047619047619047616,0.0,0.023809523809523808,0.9285714285714286
74,0.07534246575342465,0.6232876712328768,0.3013698630136986,0.0
75,0.49411764705882355,0.3764705882352941,0.0,0.12941176470588237
76,0.4107142857142857,0.2857142857142857,0.0,0.30357142857142855
77,0.3791469194312796,0.3127962085308057,0.3080568720379147,0.0
78,0.6363636363636364,0.030303030303030304,0.0,0.3333333333333333
79,0.6211920529801325,0.21589403973509932,0.0,0.1629139072847682
80,0.15555555555555556,0.0,0.5111111111111111,0.3333333333333333
81,0.1619718309859155,0.6549295774647887,0.18309859154929578,0.0
82,0.6091954022988506,0.0,0.09195402298850575,0.2988505747126437
83,0.5128205128205128,0.0,0.15384615384615385,0.3333333333333333
84,0.0,0.23839009287925697,0.544891640866873,0.21671826625386997
85,0.10526315789473684,0.6842105263157895,0.21052631578947367,0.0
86,0.2610294117647059,0.0,0.41911764705882354,0.31985294117647056
87,0.0,0.40082644628099173,0.4628099173553719,0.13636363636363635
88,0.49162011173184356,0.4511173184357542,0.0,0.05726256983240224
89,0.12652068126520682,0.0,0.07785888077858881,0.7956204379562044
90,0.0,0.281786941580756,0.6426116838487973,0.07560137457044673
91,0.5773420479302832,0.30501089324618735,0.0,0.11764705882352941
92,0.2555066079295154,0.3788546255506608,0.3656387665198238,0.0
93,0.7523219814241486,0.1393188854489164,0.0,0.10835913312693499
94,0.43378119001919385,0.44529750479846447,0.0,0.12092130518234165
95,0.19827586206896552,0.44396551724137934,0.3577586206896552,0.0
96,0.502092050209205,0.3493723849372385,0.0,0.14853556485355648
97,0.5348101265822784,0.37763713080168776,0.0,0.08755274261603375
98,0.2932692307692308,0.47596153846153844,0.23076923076923078,0.0
99,0.19230769230769232,0.6615384615384615,0.14615384615384616,0.0
100,0.0,0.35795454545454547,0.15056818181818182,0.4914772727272727
101,0.013192612137203167,0.0,0.010554089709762533,0.9762532981530343
102,0.3888888888888889,0.2111111111111111,0.4,0.0
103,0.31901840490797545,0.0,0.25153374233128833,0.4294478527607362
104,0.28214285714285714,0.0,0.24285714285714285,0.475
105,0.1,0.4,0.5,0.0
106,0.43478260869565216,0.043478260869565216,0.0,0.5217391304347826
107,0.11764705882352941,0.6470588235294118,0.0,0.23529411764705882
108,0.0,0.2107843137254902,0.6715686274509803,0.11764705882352941
109,0.566320645905421,0.40369088811995385,0.0,0.029988465974625143
110,0.013953488372093023,0.0,0.09069767441860466,0.8953488372093024
111,0.0,0.6,0.4,0.0
112,0.16666666666666666,0.3333333333333333,0.0,0.5
113,0.0,0.42857142857142855,0.0,0.5714285714285714
114,0.0,0.40625,0.48828125,0.10546875
115,0.07692307692307693,0.5384615384615384,0.38461538461538464,0.0
116,0.1574074074074074,0.0,0.06481481481481481,0.7777777777777778
117,1.0,0.0,0.0,0.0
118,0.0,0.16666666666666666,0.0,0.8333333333333334
119,0.4451219512195122,0.4451219512195122,0.0,0.10975609756097561
120,0.8571428571428571,0.0,0.0,0.14285714285714285
121,0.0,0.25,0.36538461538461536,0.38461538461538464
122,0.4634146341463415,0.1951219512195122,0.0,0.34146341463414637
123,0.5323383084577115,0.0,0.46766169154228854,0.0
124,0.6666666666666666,0.0,0.09523809523809523,0.23809523809523808
125,0.0,0.31899641577060933,0.4336917562724014,0.24731182795698925
126,0.08823529411764706,0.0,0.7058823529411765,0.20588235294117646
127,0.0967741935483871,0.0,0.03225806451612903,0.8709677419354839
128,0.0,0.21142857142857144,0.5542857142857143,0.2342857142857143
129,0.36363636363636365,0.2727272727272727,0.0,0.36363636363636365
130,0.4583333333333333,0.20833333333333334,0.0,0.3333333333333333
131,0.65625,0.25,0.0,0.09375
132,0.0,0.41935483870967744,0.5806451612903226,0.0
133,0.0,0.17391304347826086,0.8043478260869565,0.021739130434782608
134,0.5,0.075,0.0,0.425
135,0.5333333333333333,0.26666666666666666,0.0,0.2
136,0.0872093023255814,0.7441860465116279,0.0,0.1686046511627907
137,0.2571428571428571,0.0,0.2571428571428571,0.4857142857142857
138,0.2727272727272727,0.0,0.045454545454545456,0.6818181818181818
139,0.016666666666666666,0.7333333333333333,0.25,0.0
140,0.5899280575539568,0.20863309352517986,0.0,0.2014388489208633
141,0.09090909090909091,0.7878787878787878,0.0,0.12121212121212122
142,0.0,0.42105263157894735,0.5263157894736842,0.05263157894736842
143,0.8982035928143712,0.059880239520958084,0.0,0.041916167664670656
144,0.07692307692307693,0.3076923076923077,0.6153846153846154,0.0
145,0.3090909090909091,0.02727272727272727,0.0,0.6636363636363637
146,0.06796116504854369,0.46601941747572817,0.0,0.46601941747572817
147,0.0,0.6911764705882353,0.28921568627450983,0.0196078431372549
148,0.25,0.3333333333333333,0.4166666666666667,0.0
149,0.26993865030674846,0.5644171779141104,0.1656441717791411,0.0
150,0.4,0.0,0.0,0.6
151,0.014705882352941176,0.9485294117647058,0.0,0.03676470588235294
152,0.604040404040404,0.2636363636363636,0.0,0.13232323232323231
153,0.3616504854368932,0.5606796116504854,0.07766990291262135,0.0
154,0.0,0.32727272727272727,0.19272727272727272,0.48
155,0.05699481865284974,0.0,0.05181347150259067,0.8911917098445595
156,0.0,0.2765957446808511,0.5404255319148936,0.1829787234042553
157,0.09929078014184398,0.8014184397163121,0.09929078014184398,0.0
158,0.22,0.0,0.43555555555555553,0.34444444444444444
159,0.29831932773109243,0.38235294117647056,0.31932773109243695,0.0
160,0.0,0.4472573839662447,0.016877637130801686,0.5358649789029536
161,0.008547008547008548,0.8205128205128205,0.17094017094017094,0.0
162,0.16666666666666666,0.0,0.3790322580645161,0.4543010752688172
163,0.0,0.4176829268292683,0.3871951219512195,0.1951219512195122
164,0.2583479789103691,0.45166959578207383,0.28998242530755713,0.0
165,0.0,0.2225705329153605,0.7084639498432602,0.06896551724137931
166,0.27313769751693,0.5733634311512416,0.0,0.15349887133182843
167,0.1774193548387097,0.43548387096774194,0.3870967741935484,0.0
168,0.29310344827586204,0.13793103448275862,0.0,0.5689655172413793
169,0.4453125,0.328125,0.0,0.2265625
170,0.4988235294117647,0.37411764705882355,0.0,0.12705882352941175
171,0.0,0.19904076738609114,0.7050359712230215,0.09592326139088729
172,0.4812775330396476,0.43061674008810574,0.0,0.0881057268722467
173,0.3490909090909091,0.0,0.14363636363636365,0.5072727272727273
174,0.0,0.3698630136986301,0.4246575342465753,0.2054794520547945
175,0.17370892018779344,0.0,0.460093896713615,0.36619718309859156
176,0.20081967213114754,0.0,0.3114754098360656,0.48770491803278687
177,0.2730318257956449,0.37353433835845895,0.35343383584589616,0.0
178,0.0,0.4944029850746269,0.03917910447761194,0.4664179104477612
179,0.10191082802547771,0.0,0.12420382165605096,0.7738853503184714
180,0.38848920863309355,0.2302158273381295,0.381294964028777,0.0
181,0.0,0.658008658008658,0.08225108225108226,0.2597402597402597
182,0.10526315789473684,0.0,0.02631578947368421,0.868421052631579
183,0.0,0.6351351351351351,0.2972972972972973,0.06756756756756757
184,0.0,0.2953216374269006,0.5906432748538012,0.11403508771929824
185,0.05134474327628362,0.0,0.1784841075794621,0.7701711491442543
186,0.024793388429752067,0.0,0.2892561983471074,0.6859504132231405
187,0.45689655172413796,0.0,0.3793103448275862,0.16379310344827586
188,0.2336448598130841,0.5233644859813084,0.0,0.24299065420560748
189,0.46853146853146854,0.16783216783216784,0.36363636363636365,0.0
190,0.8461538461538461,0.0,0.07692307692307693,0.07692307692307693
191,0.2702702702702703,0.0,0.02702702702702703,0.7027027027027027
192,0.12087912087912088,0.0,0.27472527472527475,0.6043956043956044
193,0.17777777777777778,0.15555555555555556,0.6666666666666666,0.0
194,0.15873015873015872,0.0,0.373015873015873,0.46825396825396826
195,0.0,0.3582887700534759,0.6283422459893048,0.013368983957219251
196,0.0,0.10904872389791183,0.7192575406032483,0.1716937354988399
197,0.1935483870967742,0.5483870967741935,0.0,0.25806451612903225
198,0.0,0.1831831831831832,0.8018018018018018,0.015015015015015015
199,0.421875,0.4609375,0.0,0.1171875
200,0.12121212121212122,0.6818181818181818,0.19696969696969696,0.0
201,0.4,0.0,0.45,0.15
202,0.42857142857142855,0.14285714285714285,0.0,0.42857142857142855
203,0.0,0.3576388888888889,0.4861111111111111,0.15625
204,0.25210084033613445,0.680672268907563,0.0,0.06722689075630252
205,0.008333333333333333,0.7416666666666667,0.25,0.0
206,0.4861111111111111,0.0,0.20833333333333334,0.3055555555555556
207,0.0,0.07692307692307693,0.22267206477732793,0.7004048582995951
208,0.16044776119402984,0.0,0.5634328358208955,0.27611940298507465
209,0.3763440860215054,0.0,0.26344086021505375,0.3602150537634409
210,0.0,0.3776595744680851,0.15425531914893617,0.46808510638297873
211,0.058823529411764705,0.37254901960784315,0.5686274509803921,0.0
212,0.0,0.199207135777998,0.4905847373637265,0.31020812685827553
213,0.18181818181818182,0.05454545454545454,0.7636363636363637,0.0
214,0.28,0.0,0.12,0.6
215,0.0,0.22950819672131148,0.41530054644808745,0.3551912568306011
216,0.5159515951595159,0.385038503850385,0.0,0.09900990099009901
217,0.2185792349726776,0.5245901639344263,0.2568306010928962,0.0
218,0.0,0.14002333722287047,0.6826137689614936,0.17736289381563594
219,0.29850746268656714,0.2835820895522388,0.0,0.417910447761194
220,0.0,0.375,0.55,0.075
221,0.13253012048192772,0.0,0.3855421686746988,0.4819277108433735
222,0.0,0.24253731343283583,0.5074626865671642,0.25
223,0.5455712451861361,0.32734274711168165,0.0,0.12708600770218229
224,0.1414141414141414,0.5202020202020202,0.0,0.3383838383838384
225,0.16176470588235295,0.40441176470588236,0.4338235294117647,0.0
226,0.45454545454545453,0.0,0.2727272727272727,0.2727272727272727
227,0.0944206008583691,0.0,0.5665236051502146,0.33905579399141633
228,0.0,0.5625,0.40625,0.03125
229,0.0,0.2154696132596685,0.7541436464088398,0.03038674033149171
230,0.2627450980392157,0.6313725490196078,0.0,0.10588235294117647
231,0.0,0.10606060606060606,0.8333333333333334,0.06060606060606061
232,0.0,0.18627450980392157,0.7549019607843137,0.058823529411764705
233,0.10803324099722991,0.0,0.11357340720221606,0.778393351800554
234,0.13138686131386862,0.0,0.7445255474452555,0.12408759124087591
235,0.0,0.08982035928143713,0.3652694610778443,0.5449101796407185
236,0.4363929146537842,0.4363929146537842,0.0,0.12721417069243157
237,0.20540540540540542,0.32432432432432434,0.4702702702702703,0.0
238,0.22727272727272727,0.09090909090909091,0.6818181818181818,0.0
239,0.04975124378109453,0.0,0.4427860696517413,0.5074626865671642
240,0.2807017543859649,0.08771929824561403,0.631578947368421,0.0
241,0.15748031496062992,0.0,0.08661417322834646,0.7559055118110236
242,0.2833333333333333,0.0,0.06666666666666667,0.65
243,0.3150684931506849,0.0,0.0684931506849315,0.6164383561643836
244,0.0,0.1875,0.8125,0.0
245,0.5730994152046783,0.2631578947368421,0.0,0.16374269005847952
246,0.0,0.6090534979423868,0.3662551440329218,0.024691358024691357
247,0.0,0.2718707940780619,0.6958277254374159,0.03230148048452221
248,0.3967889908256881,0.44724770642201833,0.0,0.1559633027522936
249,0.18536585365853658,0.0,0.183739837398374,0.6308943089430894
250,0.07142857142857142,0.21428571428571427,0.7142857142857143,0.0
251,0.23134328358208955,0.5895522388059702,0.0,0.1791044776119403
252,0.0,0.3063583815028902,0.4161849710982659,0.2774566473988439
253,0.389937106918239,0.5639412997903563,0.0,0.04612159329140461
254,0.10077519379844961,0.0,0.3953488372093023,0.5038759689922481
255,0.4270833333333333,0.22916666666666666,0.34375,0.0
256,0.3150684931506849,0.0,0.4383561643835616,0.2465753424657534
257,0.38,0.3466666666666667,0.2733333333333333,0.0
258,0.6515151515151515,0.2803030303030303,0.0,0.06818181818181818
259,0.011764705882352941,0.8,0.18823529411764706,0.0
260,0.22,0.46,0.0,0.32
261,0.0,0.041666666666666664,0.5,0.4583333333333333
262,0.19718309859154928,0.0,0.30985915492957744,0.49295774647887325
263,0.2204724409448819,0.0,0.4094488188976378,0.3700787401574803
264,0.42857142857142855,0.21428571428571427,0.0,0.35714285714285715
265,0.46875,0.0,0.125,0.40625
266,0.19047619047619047,0.0,0.6666666666666666,0.14285714285714285
267,0.35294117647058826,0.11764705882352941,0.0,0.5294117647058824
268,0.4117647058823529,0.0,0.47058823529411764,0.11764705882352941
269,0.9184782608695652,0.05434782608695652,0.0,0.02717391304347826
270,0.3,0.1,0.0,0.6
271,0.0,0.25,0.5,0.25
272,0.2222222222222222,0.0,0.0,0.7777777777777778
273,0.0,0.05357142857142857,0.39285714285714285,0.5535714285714286
274,0.3333333333333333,0.0,0.3333333333333333,0.3333333333333333
275,0.1,0.35,0.0,0.55
276,0.25,0.25,0.0,0.5
277,0.18181818181818182,0.0,0.696969696969697,0.12121212121212122
278,0.13924050632911392,0.0,0.05063291139240506,0.810126582278481
279,0.5205479452054794,0.36712328767123287,0.0,0.11232876712328767
280,0.10810810810810811,0.5135135135135135,0.3783783783783784,0.0
281,0.31226053639846746,0.4482758620689655,0.0,0.23946360153256704
282,0.0,0.23076923076923078,0.7692307692307693,0.0
283,0.0,0.0,0.045454545454545456,0.9545454545454546
284,0.0,0.9573170731707317,0.042682926829268296,0.0
285,0.0,0.75,0.25,0.0
286,0.0,0.013861386138613862,0.013861386138613862,0.9722772277227723
287,0.0013605442176870747,0.0,0.014965986394557823,0.9836734693877551
288,0.16666666666666666,0.13333333333333333,0.7,0.0
289,0.3103448275862069,0.06896551724137931,0.0,0.6206896551724138
290,0.009523809523809525,0.4380952380952381,0.5523809523809524,0.0
291,0.37735849056603776,0.03773584905660377,0.0,0.5849056603773585
292,0.10179640718562874,0.0,0.12574850299401197,0.7724550898203593
293,0.13333333333333333,0.0,0.46,0.4066666666666667
294,0.0,0.5333333333333333,0.4666666666666667,0.0
295,0.38235294117647056,0.2647058823529412,0.0,0.35294117647058826
296,0.0,0.13953488372093023,0.7906976744186046,0.06976744186046512
297,0.09090909090909091,0.12727272727272726,0.0,0.7818181818181819
298,0.0,0.12658227848101267,0.7215189873417721,0.1518987341772152
299,0.041666666666666664,0.5416666666666666,0.4166666666666667,0.0
300,0.2,0.0,0.6666666666666666,0.13333333333333333
301,0.0,0.47368421052631576,0.5263157894736842,0.0
302,0.25,0.0,0.5,0.25
303,0.0,0.3333333333333333,0.6666666666666666,0.0
304,1.0,0.0,0.0,0.0
305,,,,
306,0.0,0.0,0.75,0.25
307,0.0,1.0,0.0,0.0
308,0.0,0.0,0.0,1.0
309,0.0,0.0,1.0,0.0
310,,,,
311,1.0,0.0,0.0,0.0
312,0.0,0.0,1.0,0.0
313,,,,
314,,,,
315,,,,
316,,,,
317,,,,
318,,,,
