,A,C,G,T
0,,,,
1,,,,
2,0.5233022636484687,0.36884154460719043,0.0,0.10785619174434088
3,0.6264044943820225,0.16853932584269662,0.0,0.2050561797752809
4,0.4776470588235294,0.2964705882352941,0.22588235294117648,0.0
5,0.5497159090909091,0.14914772727272727,0.0,0.30113636363636365
6,0.3844282238442822,0.0,0.5036496350364964,0.11192214111922141
7,0.0,0.11494252873563218,0.5747126436781609,0.3103448275862069
8,0.7446722959388822,0.17490952955367914,0.0,0.08041817450743868
9,0.03898170246618934,0.0,0.22155926809864757,0.7394590294351631
10,0.3620689655172414,0.3275862068965517,0.3103448275862069,0.0
11,0.5956521739130435,0.20434782608695654,0.0,0.2
12,0.036890122967076555,0.0646568821896073,0.0,0.8984529948433162
13,0.3779264214046823,0.5484949832775919,0.07357859531772576,0.0
14,0.3581395348837209,0.13488372093023257,0.0,0.5069767441860465
15,0.06,0.7733333333333333,0.0,0.16666666666666666
16,0.0,0.5965909090909091,0.10227272727272728,0.30113636363636365
17,0.6943620178041543,0.19287833827893175,0.0,0.11275964391691394
18,0.1650485436893204,0.2912621359223301,0.5436893203883495,0.0
19,0.625,0.0,0.06944444444444445,0.3055555555555556
20,0.087,0.517,0.396,0.0
21,0.17721518987341772,0.24050632911392406,0.0,0.5822784810126582
22,0.19,0.22,0.0,0.59
23,0.35348837209302325,0.32558139534883723,0.0,0.3209302325581395
24,0.2,0.15555555555555556,0.0,0.6444444444444445
25,0.18888888888888888,0.2222222222222222,0.0,0.5888888888888889
26,0.0,0.44983818770226536,0.4401294498381877,0.11003236245954692
27,0.7915492957746478,0.11549295774647887,0.0,0.09295774647887324
28,0.7030260380014075,0.2603800140745954,0.0,0.036593947923997186
29,0.1762917933130699,0.0,0.3860182370820669,0.4376899696048632
30,0.03467406380027739,0.8155339805825242,0.14979195561719832,0.0
31,0.006097560975609756,0.4969512195121951,0.4969512195121951,0.0
32,0.7082706766917293,0.2,0.0,0.09172932330827067
33,0.6144578313253012,0.1686746987951807,0.0,0.21686746987951808
34,0.11940298507462686,0.7432835820895523,0.1373134328358209,0.0
35,0.6681048788582807,0.0,0.11184865582475938,0.22004646531695984
36,0.7220447284345048,0.0,0.16293929712460065,0.11501597444089456
37,0.0,0.3344594594594595,0.5337837837837838,0.13175675675675674
38,0.5465994962216625,0.33249370277078083,0.0,0.12090680100755667
39,0.2727272727272727,0.0,0.1717171717171717,0.5555555555555556
40,0.21019108280254778,0.0,0.39490445859872614,0.39490445859872614
41,0.02856159669649002,0.03785271851342051,0.9335856847900895,0.0
42,0.22033898305084745,0.2033898305084746,0.0,0.576271186440678
43,0.30097087378640774,0.22330097087378642,0.0,0.47572815533980584
44,0.6093189964157706,0.13978494623655913,0.0,0.25089605734767023
45,0.5271739130434783,0.25,0.0,0.22282608695652173
46,0.8149300155520995,0.09642301710730948,0.0,0.08864696734059098
47,0.5548961424332344,0.18991097922848665,0.0,0.2551928783382789
48,0.44029850746268656,0.31343283582089554,0.2462686567164179,0.0
49,0.41414141414141414,0.0,0.1414141414141414,0.4444444444444444
50,0.29454545454545455,0.0,0.2,0.5054545454545455
51,0.18584070796460178,0.0,0.3805309734513274,0.4336283185840708
52,0.1554054054054054,0.12837837837837837,0.7162162162162162,0.0
53,0.45425867507886436,0.2870662460567823,0.0,0.2586750788643533
54,0.0,0.7722772277227723,0.19141914191419143,0.036303630363036306
55,0.2511415525114155,0.6666666666666666,0.0,0.0821917808219178
56,0.0,0.40924092409240925,0.5181518151815182,0.07260726072607261
57,0.21875,0.0,0.58203125,0.19921875
58,0.05555555555555555,0.46825396825396826,0.47619047619047616,0.0
59,0.12374581939799331,0.0,0.46153846153846156,0.41471571906354515
60,0.16032608695652173,0.29891304347826086,0.5407608695652174,0.0
61,0.4431818181818182,0.0,0.2727272727272727,0.2840909090909091
62,0.26992753623188404,0.0,0.2971014492753623,0.4329710144927536
63,0.05084745762711865,0.2033898305084746,0.7457627118644068,0.0
64,0.2222222222222222,0.1111111111111111,0.0,0.6666666666666666
65,0.020512820512820513,0.8282051282051283,0.15128205128205127,0.0
66,0.5574572127139364,0.05012224938875306,0.0,0.3924205378973105
67,0.2726054922973878,0.0,0.09042196918955124,0.6369725385130609
68,0.0,0.32348596750369274,0.45790251107828656,0.21861152141802068
69,0.6655405405405406,0.20270270270270271,0.0,0.13175675675675674
70,0.03109540636042403,0.0,0.20636042402826854,0.7625441696113074
71,0.13202247191011235,0.0,0.43820224719101125,0.4297752808988764
72,0.323943661971831,0.28450704225352114,0.39154929577464787,0.0
73,0.2909090909090909,0.0,0.12121212121212122,0.5878787878787879
74,0.2013888888888889,0.6111111111111112,0.1875,0.0
75,0.6052631578947368,0.13157894736842105,0.0,0.2631578947368421
76,0.6214833759590793,0.26342710997442453,0.0,0.11508951406649616
77,0.0,0.548689138576779,0.22284644194756553,0.22846441947565543
78,0.2739981360671016,0.44175209692451073,0.2842497670083877,0.0
79,0.15079365079365079,0.6388888888888888,0.21031746031746032,0.0
80,0.21818181818181817,0.0,0.23636363636363636,0.5454545454545454
81,0.0,0.36211232187761944,0.3989941324392288,0.23889354568315171
82,0.1778063410454156,0.0,0.5655526992287918,0.25664095972579265
83,0.15933528836754643,0.0,0.21407624633431085,0.6265884652981427
84,0.07994100294985251,0.11504424778761062,0.0,0.8050147492625369
85,0.12302839116719243,0.580441640378549,0.29652996845425866,0.0
86,0.04631578947368421,0.0,0.050105263157894736,0.903578947368421
87,0.0,0.3052536231884058,0.5534420289855072,0.14130434782608695
88,0.4589003810560697,0.416984213391399,0.0,0.1241154055525313
89,0.09235074626865672,0.7611940298507462,0.146455223880597,0.0
90,0.0,0.20059731209556994,0.6550522648083623,0.1443504230960677
91,0.6215071972904318,0.3065198983911939,0.0,0.07197290431837426
92,0.16078629032258066,0.0,0.17943548387096775,0.6597782258064516
93,0.0,0.1752605595172792,0.15523861766319255,0.6695008228195283
94,0.0,0.4096806387225549,0.27944111776447106,0.31087824351297405
95,0.07320777642770353,0.0,0.1227217496962333,0.8040704738760632
96,0.032499066118789686,0.16697796040343668,0.8005229734777737,0.0
97,0.0,0.5705382436260623,0.24957507082152974,0.17988668555240794
98,0.05221932114882506,0.0,0.4247171453437772,0.5230635335073978
99,0.0,0.2818371607515658,0.4394572025052192,0.278705636743215
100,0.07058823529411765,0.47058823529411764,0.4588235294117647,0.0
101,0.39660056657223797,0.37252124645892354,0.0,0.23087818696883852
102,0.0,0.39266615737203975,0.44537815126050423,0.16195569136745608
103,0.4529035208047554,0.4883401920438957,0.0,0.05875628715134888
104,0.04305100608329434,0.0,0.13523631258773983,0.8217126813289658
105,0.05454545454545454,0.32727272727272727,0.6181818181818182,0.0
106,0.12903225806451613,0.3387096774193548,0.0,0.532258064516129
107,0.06349206349206349,0.42857142857142855,0.0,0.5079365079365079
108,0.44,0.13714285714285715,0.0,0.4228571428571429
109,0.07913669064748201,0.6546762589928058,0.26618705035971224,0.0
110,0.125,0.0,0.2125,0.6625
111,0.43010752688172044,0.0,0.3548387096774194,0.21505376344086022
112,0.5344827586206896,0.1724137931034483,0.0,0.29310344827586204
113,0.12903225806451613,0.0,0.20595533498759305,0.6650124069478908
114,0.55,0.0,0.1625,0.2875
115,0.0,0.17491749174917492,0.29042904290429045,0.5346534653465347
116,0.8557692307692307,0.10096153846153846,0.0,0.04326923076923077
117,0.4796547472256473,0.3008631319358816,0.0,0.21948212083847102
118,0.06297229219143577,0.0,0.4282115869017632,0.5088161209068011
119,0.05707196029776675,0.6699751861042184,0.2729528535980149,0.0
120,0.3238095238095238,0.0,0.4095238095238095,0.26666666666666666
121,0.5728155339805825,0.0,0.18446601941747573,0.24271844660194175
122,0.0,0.2685337726523888,0.5337726523887973,0.19769357495881384
123,0.38333333333333336,0.2833333333333333,0.0,0.3333333333333333
124,0.7222222222222222,0.06565656565656566,0.0,0.21212121212121213
125,0.6796368352788587,0.2191958495460441,0.0,0.10116731517509728
126,0.0,0.4451754385964912,0.5307017543859649,0.02412280701754386
127,0.0,0.2018842530282638,0.702557200538358,0.0955585464333782
128,0.3480392156862745,0.12745098039215685,0.0,0.5245098039215687
129,0.3821656050955414,0.25477707006369427,0.0,0.3630573248407643
130,0.4017094017094017,0.2564102564102564,0.0,0.3418803418803419
131,0.5962607377463366,0.2556846892369884,0.0,0.1480545730166751
132,0.23631123919308358,0.0,0.4265129682997118,0.3371757925072046
133,0.04666666666666667,0.5833333333333334,0.37,0.0
134,0.5191919191919192,0.13535353535353536,0.0,0.34545454545454546
135,0.24425887265135698,0.5908141962421712,0.0,0.1649269311064718
136,0.0,0.09518348623853211,0.5458715596330275,0.35894495412844035
137,0.7197664720600501,0.15346121768140117,0.0,0.1267723102585488
138,0.10199004975124377,0.04228855721393035,0.8557213930348259,0.0
139,0.3951612903225806,0.2540322580645161,0.0,0.35080645161290325
140,0.08023774145616643,0.4279346210995542,0.0,0.4918276374442793
141,0.44260204081632654,0.38010204081632654,0.0,0.17729591836734693
142,0.2831050228310502,0.1095890410958904,0.6073059360730594,0.0
143,0.18323863636363635,0.0,0.3977272727272727,0.4190340909090909
144,0.05822550831792976,0.022181146025878003,0.9195933456561922,0.0
145,0.47877358490566035,0.0,0.25471698113207547,0.2665094339622642
146,0.0,0.3723849372384937,0.3832635983263598,0.24435146443514644
147,0.528043422072887,0.3553889894029465,0.0,0.11656758852416645
148,0.11492641906096707,0.4800280308339173,0.4050455501051156,0.0
149,0.17528223410576352,0.5620915032679739,0.26262626262626265,0.0
150,0.0,0.5188802083333334,0.33203125,0.14908854166666666
151,0.1781609195402299,0.3390804597701149,0.4827586206896552,0.0
152,0.1355174981384959,0.530156366344006,0.3343261355174981,0.0
153,0.5406976744186046,0.19859241126070992,0.2607099143206854,0.0
154,0.0,0.2980599647266314,0.5321869488536155,0.1697530864197531
155,0.1659919028340081,0.5910931174089069,0.242914979757085,0.0
156,0.0,0.2082514734774067,0.6652259332023576,0.12652259332023574
157,0.28346456692913385,0.4949892627057981,0.0,0.221546170365068
158,0.09883130081300813,0.0,0.1290650406504065,0.7721036585365854
159,0.7650025214321735,0.14624306606152296,0.0,0.08875441250630359
160,0.6868483013790784,0.22973427514295325,0.0,0.08341742347796838
161,0.21739130434782608,0.545516304347826,0.23709239130434784,0.0
162,0.5598159509202454,0.18251533742331288,0.0,0.25766871165644173
163,0.6892430278884463,0.17928286852589642,0.0,0.13147410358565736
164,0.2940499040307102,0.4126679462571977,0.29328214971209216,0.0
165,0.0,0.1752808988764045,0.7018726591760299,0.12284644194756554
166,0.489187609585038,0.4120397428404442,0.0,0.09877264757451783
167,0.23881856540084387,0.0,0.2028129395218003,0.5583684950773559
168,0.0,0.25,0.567,0.183
169,0.23585912486659552,0.0,0.22838847385272146,0.535752401280683
170,0.0,0.31160714285714286,0.40535714285714286,0.2830357142857143
171,0.24178712220762155,0.4191852825229961,0.33902759526938236,0.0
172,0.0,0.25388323513658273,0.1376539903588645,0.6084627745045528
173,0.0846590909090909,0.0,0.17386363636363636,0.7414772727272727
174,0.18518518518518517,0.49455337690631807,0.3202614379084967,0.0
175,0.0,0.37203791469194314,0.1990521327014218,0.42890995260663506
176,0.031825795644891124,0.0,0.06532663316582915,0.9028475711892797
177,0.4815481548154815,0.16471647164716471,0.0,0.35373537353735374
178,0.18723994452149792,0.0,0.4521497919556172,0.3606102635228849
179,0.0,0.28,0.5336,0.1864
180,0.6578947368421053,0.2131578947368421,0.0,0.12894736842105264
181,0.0,0.4884318766066838,0.4267352185089974,0.08483290488431877
182,0.18357487922705315,0.0,0.4396135265700483,0.37681159420289856
183,0.16600790513833993,0.2865612648221344,0.5474308300395256,0.0
184,0.4,0.0,0.07246376811594203,0.527536231884058
185,0.30071599045346065,0.0,0.0883054892601432,0.6109785202863962
186,0.35911602209944754,0.4723756906077348,0.0,0.1685082872928177
187,0.05555555555555555,0.42483660130718953,0.5196078431372549,0.0
188,0.338768115942029,0.2971014492753623,0.0,0.3641304347826087
189,0.0,0.4290909090909091,0.5406060606060606,0.030303030303030304
190,0.0,0.08008213552361396,0.8685831622176592,0.0513347022587269
191,0.5150684931506849,0.2219178082191781,0.0,0.26301369863013696
192,0.328042328042328,0.1693121693121693,0.0,0.5026455026455027
193,0.8662337662337662,0.06363636363636363,0.0,0.07012987012987013
194,0.44308943089430897,0.0,0.15853658536585366,0.3983739837398374
195,0.0,0.9842662632375189,0.010892586989409985,0.004841149773071104
196,0.34831460674157305,0.16853932584269662,0.0,0.48314606741573035
197,0.0,0.1525562372188139,0.8102249488752556,0.03721881390593047
198,0.2891566265060241,0.2469879518072289,0.463855421686747,0.0
199,0.09090909090909091,0.375,0.5340909090909091,0.0
200,0.2736842105263158,0.0,0.09473684210526316,0.631578947368421
201,0.0,0.09769094138543517,0.47424511545293074,0.4280639431616341
202,0.09015151515151515,0.0,0.353030303030303,0.5568181818181818
203,0.42061855670103093,0.0,0.07835051546391752,0.5010309278350515
204,0.0,0.12254901960784313,0.8196078431372549,0.05784313725490196
205,0.09063444108761329,0.5015105740181269,0.4078549848942598,0.0
206,0.14246947082767977,0.0,0.4151967435549525,0.4423337856173677
207,0.25951557093425603,0.16608996539792387,0.5743944636678201,0.0
208,0.2831541218637993,0.0,0.12544802867383512,0.5913978494623656
209,0.4666666666666667,0.0,0.1310344827586207,0.40229885057471265
210,0.0,0.5977653631284916,0.36312849162011174,0.03910614525139665
211,0.5072886297376094,0.3177842565597668,0.0,0.1749271137026239
212,0.0,0.17793594306049823,0.7526690391459074,0.0693950177935943
213,0.49504950495049505,0.1485148514851485,0.0,0.3564356435643564
214,0.0,0.23232323232323232,0.494949494949495,0.2727272727272727
215,0.17922606924643583,0.0,0.1079429735234216,0.7128309572301426
216,0.0,0.17586206896551723,0.7198275862068966,0.10431034482758621
217,0.0,0.34232558139534885,0.3516279069767442,0.30604651162790697
218,0.12961998958875587,0.6871421134825612,0.18323789692868298,0.0
219,0.075,0.16477272727272727,0.7602272727272728,0.0
220,0.30174081237911027,0.0,0.1102514506769826,0.5880077369439072
221,0.1652892561983471,0.0,0.5361570247933884,0.29855371900826444
222,0.0,0.2747688243064729,0.6856010568031704,0.03963011889035667
223,0.0,0.22554347826086957,0.6612318840579711,0.11322463768115942
224,0.414004914004914,0.4987714987714988,0.0,0.08722358722358722
225,0.0,0.1675531914893617,0.7632978723404256,0.06914893617021277
226,0.0,0.20747663551401868,0.7626168224299066,0.029906542056074768
227,0.1011326860841424,0.0,0.08333333333333333,0.8155339805825242
228,0.0,0.09461966604823747,0.5027829313543599,0.4025974025974026
229,0.1407563025210084,0.0,0.1323529411764706,0.726890756302521
230,0.566390595778787,0.2727758482500668,0.0,0.16083355597114615
231,0.10784058348528262,0.0,0.6110966397499349,0.2810627767647825
232,0.2411764705882353,0.2411764705882353,0.5176470588235295,0.0
233,0.46094154164511125,0.3274702534919814,0.0,0.2115882048629074
234,0.1553701772679875,0.4984358706986444,0.3461939520333681,0.0
235,0.0,0.23878116343490305,0.029916897506925208,0.7313019390581718
236,0.09358288770053476,0.6096256684491979,0.2967914438502674,0.0
237,0.11174242424242424,0.0,0.1268939393939394,0.7613636363636364
238,0.0970873786407767,0.1650485436893204,0.7378640776699029,0.0
239,0.11620245582509733,0.1087151841868823,0.7750823599880203,0.0
240,0.13381555153707053,0.0,0.8227848101265823,0.0433996383363472
241,0.0,0.0748663101604278,0.5508021390374331,0.37433155080213903
242,0.0,0.23083067092651757,0.7212460063897763,0.04792332268370607
243,0.0,0.41847826086956524,0.28442028985507245,0.2971014492753623
244,0.1388888888888889,0.12037037037037036,0.7407407407407407,0.0
245,0.2184873949579832,0.5504201680672269,0.0,0.23109243697478993
246,0.0,0.13527851458885942,0.8116710875331565,0.05305039787798409
247,0.0,0.2763448784082535,0.6514369933677229,0.07221812822402358
248,0.11492890995260663,0.0,0.18009478672985782,0.7049763033175356
249,0.0,0.14545454545454545,0.7166666666666667,0.13787878787878788
250,0.7282511210762331,0.20179372197309417,0.0,0.06995515695067264
251,0.09453652547575199,0.0,0.09269490484960098,0.8127685696746471
252,0.14867617107942974,0.0,0.26476578411405294,0.5865580448065173
253,0.11594202898550725,0.2463768115942029,0.6376811594202898,0.0
254,0.32175925925925924,0.5115740740740741,0.0,0.16666666666666666
255,0.0,0.49361702127659574,0.475177304964539,0.031205673758865248
256,0.32030075187969925,0.6330827067669172,0.0,0.04661654135338346
257,0.0,0.3680297397769517,0.4962825278810409,0.13568773234200743
258,0.4444444444444444,0.4935400516795866,0.0,0.06201550387596899
259,0.08796296296296297,0.0,0.13392857142857142,0.7781084656084656
260,0.1053921568627451,0.0,0.08823529411764706,0.8063725490196079
261,0.3870967741935484,0.27419354838709675,0.0,0.3387096774193548
262,0.0,0.49019607843137253,0.47058823529411764,0.0392156862745098
263,0.39580602883355176,0.5578855395369157,0.0,0.04630843162953255
264,0.35135135135135137,0.10810810810810811,0.0,0.5405405405405406
265,0.0,0.4864864864864865,0.35135135135135137,0.16216216216216217
266,0.21,0.0,0.11333333333333333,0.6766666666666666
267,0.0,0.03581267217630854,0.33608815426997246,0.628099173553719
268,0.1893491124260355,0.0,0.3076923076923077,0.5029585798816568
269,0.49240121580547114,0.18541033434650456,0.0,0.3221884498480243
270,0.1386861313868613,0.021897810218978103,0.0,0.8394160583941606
271,0.07584269662921349,0.0,0.9101123595505618,0.014044943820224719
272,0.03945371775417299,0.9277693474962063,0.03277693474962064,0.0
273,0.6274815103152978,0.2608018684312962,0.0,0.11171662125340599
274,0.23017902813299232,0.5754475703324808,0.19437340153452684,0.0
275,0.47490216096647947,0.316317849242811,0.0,0.20877998979070955
276,0.05,0.15,0.8,0.0
277,0.0,0.05384615384615385,0.1,0.8461538461538461
278,0.007947019867549669,0.9271523178807947,0.06490066225165562,0.0
279,0.05704697986577181,0.7986577181208053,0.14429530201342283,0.0
280,0.0,0.05275779376498801,0.03836930455635491,0.9088729016786571
281,0.008500303582270795,0.0,0.01639344262295082,0.9751062537947783
282,0.14606741573033707,0.16292134831460675,0.6910112359550562,0.0
283,0.271523178807947,0.17880794701986755,0.0,0.5496688741721855
284,0.0,0.6361386138613861,0.36386138613861385,0.0
285,0.6764091858037579,0.018789144050104383,0.0,0.3048016701461378
286,0.11124401913875598,0.0,0.15669856459330145,0.7320574162679426
287,0.5141903171953256,0.2904841402337229,0.0,0.19532554257095158
288,0.0,0.48758465011286684,0.5124153498871332,0.0
289,0.8442466624284806,0.12078830260648442,0.0,0.03496503496503497
290,0.0,0.21067415730337077,0.6769662921348315,0.11235955056179775
291,0.7204301075268817,0.053763440860215055,0.0,0.22580645161290322
292,0.0,0.12422360248447205,0.6459627329192547,0.22981366459627328
293,0.12413793103448276,0.7655172413793103,0.1103448275862069,0.0
294,0.19047619047619047,0.0,0.4126984126984127,0.3968253968253968
295,0.1702127659574468,0.6808510638297872,0.14893617021276595,0.0
296,0.09523809523809523,0.0,0.42857142857142855,0.47619047619047616
297,0.3103448275862069,0.5517241379310345,0.13793103448275862,0.0
298,0.1111111111111111,0.0,0.7777777777777778,0.1111111111111111
299,0.2,0.8,0.0,0.0
300,0.1,0.0,0.5,0.4
301,0.0,0.0,1.0,0.0
302,,,,
303,0.0,0.0,1.0,0.0
304,,,,
305,,,,
306,0.0,0.0,1.0,0.0
307,0.0,0.0,0.0,1.0
308,,,,
309,,,,
310,,,,
311,,,,
312,,,,
