,A,C,G,T
0,,,,
1,,,,
2,1.0,0.0,0.0,0.0
3,1.0,0.0,0.0,0.0
4,0.7142857142857143,0.2857142857142857,0.0,0.0
5,0.7142857142857143,0.0,0.0,0.2857142857142857
6,0.0,0.0,0.625,0.375
7,0.0,0.0,0.7142857142857143,0.2857142857142857
8,0.6296296296296297,0.37037037037037035,0.0,0.0
9,0.09090909090909091,0.0,0.13636363636363635,0.7727272727272727
10,0.0,1.0,0.0,0.0
11,0.7,0.1,0.0,0.2
12,0.3333333333333333,0.6666666666666666,0.0,0.0
13,0.6585365853658537,0.2926829268292683,0.04878048780487805,0.0
14,0.7083333333333334,0.125,0.0,0.16666666666666666
15,1.0,0.0,0.0,0.0
16,0.0,0.5,0.0,0.5
17,0.88,0.08,0.0,0.04
18,0.0,1.0,0.0,0.0
19,0.0,0.0,0.0,1.0
20,0.0,1.0,0.0,0.0
21,0.5,0.5,0.0,0.0
22,0.8571428571428571,0.14285714285714285,0.0,0.0
23,0.6666666666666666,0.0,0.0,0.3333333333333333
24,0.28205128205128205,0.6153846153846154,0.0,0.10256410256410256
25,0.5,0.0,0.0,0.5
26,0.6666666666666666,0.26666666666666666,0.06666666666666667,0.0
27,0.0,1.0,0.0,0.0
28,0.0,0.5,0.25,0.25
29,0.8620689655172413,0.13793103448275862,0.0,0.0
30,0.4418604651162791,0.11627906976744186,0.0,0.4418604651162791
31,0.5,0.5,0.0,0.0
32,0.38095238095238093,0.0,0.0,0.6190476190476191
33,0.0,0.5384615384615384,0.46153846153846156,0.0
34,0.0,0.1,0.9,0.0
35,0.6,0.0,0.0,0.4
36,0.0,0.06521739130434782,0.9130434782608695,0.021739130434782608
37,0.0,0.02702702702702703,0.8108108108108109,0.16216216216216217
38,0.16666666666666666,0.6666666666666666,0.0,0.16666666666666666
39,0.1,0.0,0.2,0.7
40,0.0,0.0,0.5,0.5
41,0.08333333333333333,0.08333333333333333,0.8333333333333334,0.0
42,,,,
43,1.0,0.0,0.0,0.0
44,0.2,0.7,0.0,0.1
45,0.0,0.25,0.75,0.0
46,,,,
47,0.07142857142857142,0.0,0.40476190476190477,0.5238095238095238
48,0.0,0.0,1.0,0.0
49,0.3333333333333333,0.0,0.3333333333333333,0.3333333333333333
50,0.2727272727272727,0.5909090909090909,0.0,0.13636363636363635
51,0.7586206896551724,0.13793103448275862,0.0,0.10344827586206896
52,0.0,0.75,0.25,0.0
53,0.46153846153846156,0.38461538461538464,0.0,0.15384615384615385
54,0.0,0.6666666666666666,0.3333333333333333,0.0
55,0.0,0.41333333333333333,0.5333333333333333,0.05333333333333334
56,0.7777777777777778,0.14814814814814814,0.0,0.07407407407407407
57,0.5714285714285714,0.35714285714285715,0.0,0.07142857142857142
58,0.0,1.0,0.0,0.0
59,0.0,0.0,0.6,0.4
60,0.1111111111111111,0.06666666666666667,0.8222222222222222,0.0
61,,,,
62,0.2222222222222222,0.0,0.2222222222222222,0.5555555555555556
63,,,,
64,0.0,0.3333333333333333,0.0,0.6666666666666666
65,0.025,0.0,0.025,0.95
66,0.0,0.5636363636363636,0.4,0.03636363636363636
67,0.0,0.06666666666666667,0.9333333333333333,0.0
68,0.6666666666666666,0.26666666666666666,0.0,0.06666666666666667
69,0.7314814814814815,0.19444444444444445,0.0,0.07407407407407407
70,0.07142857142857142,0.0,0.07142857142857142,0.8571428571428571
71,0.0,0.9285714285714286,0.07142857142857142,0.0
72,0.058823529411764705,0.17647058823529413,0.7647058823529411,0.0
73,0.0,0.0,0.0,1.0
74,0.2727272727272727,0.36363636363636365,0.36363636363636365,0.0
75,0.25,0.0,0.0,0.75
76,0.4166666666666667,0.5,0.0,0.08333333333333333
77,0.0,0.1951219512195122,0.43902439024390244,0.36585365853658536
78,0.18181818181818182,0.7272727272727273,0.0,0.09090909090909091
79,0.6219512195121951,0.14634146341463414,0.0,0.23170731707317074
80,0.9130434782608695,0.0,0.08695652173913043,0.0
81,0.0,0.32075471698113206,0.4339622641509434,0.24528301886792453
82,0.38596491228070173,0.0,0.40350877192982454,0.21052631578947367
83,0.25,0.0,0.325,0.425
84,0.4,0.4,0.2,0.0
85,0.42857142857142855,0.5714285714285714,0.0,0.0
86,0.85,0.0,0.025,0.125
87,0.0,0.12903225806451613,0.7741935483870968,0.0967741935483871
88,0.5704225352112676,0.39436619718309857,0.0,0.035211267605633804
89,0.0,0.0,0.4807692307692308,0.5192307692307693
90,0.0,0.0847457627118644,0.13559322033898305,0.7796610169491526
91,0.6884422110552764,0.22613065326633167,0.0,0.08542713567839195
92,0.23232323232323232,0.0,0.31313131313131315,0.45454545454545453
93,0.16,0.64,0.2,0.0
94,0.0,0.08737864077669903,0.038834951456310676,0.8737864077669902
95,0.0625,0.625,0.3125,0.0
96,0.35,0.225,0.0,0.425
97,0.02857142857142857,0.0,0.7047619047619048,0.26666666666666666
98,0.5909090909090909,0.36363636363636365,0.045454545454545456,0.0
99,0.0,0.09210526315789473,0.48026315789473684,0.4276315789473684
100,0.0,0.3333333333333333,0.6666666666666666,0.0
101,0.08860759493670886,0.0,0.0379746835443038,0.8734177215189873
102,0.0,0.05970149253731343,0.1791044776119403,0.7611940298507462
103,0.3652173913043478,0.5739130434782609,0.0,0.06086956521739131
104,0.012987012987012988,0.0,0.012987012987012988,0.974025974025974
105,0.0,0.0,1.0,0.0
106,0.0,0.14285714285714285,0.0,0.8571428571428571
107,0.0,1.0,0.0,0.0
108,0.2727272727272727,0.5454545454545454,0.0,0.18181818181818182
109,0.2,0.4,0.4,0.0
110,0.7777777777777778,0.2222222222222222,0.0,0.0
111,0.8666666666666667,0.0,0.0,0.13333333333333333
112,0.0,0.0,0.0,1.0
113,0.0,0.2727272727272727,0.6181818181818182,0.10909090909090909
114,0.0,0.0,0.8333333333333334,0.16666666666666666
115,0.0,0.6,0.4,0.0
116,0.18181818181818182,0.6363636363636364,0.0,0.18181818181818182
117,0.9473684210526315,0.05263157894736842,0.0,0.0
118,0.0,0.0,0.0,1.0
119,0.0,0.0,0.0,1.0
120,0.0,0.0,1.0,0.0
121,0.3333333333333333,0.0,0.6666666666666666,0.0
122,0.3,0.55,0.15,0.0
123,0.0,1.0,0.0,0.0
124,1.0,0.0,0.0,0.0
125,0.0,0.2857142857142857,0.5714285714285714,0.14285714285714285
126,0.6666666666666666,0.0,0.3333333333333333,0.0
127,0.0,0.14285714285714285,0.8571428571428571,0.0
128,0.0,0.6233766233766234,0.35064935064935066,0.025974025974025976
129,0.4,0.6,0.0,0.0
130,1.0,0.0,0.0,0.0
131,0.6140350877192983,0.3684210526315789,0.0,0.017543859649122806
132,0.0,0.0,0.0,1.0
133,0.038461538461538464,0.9615384615384616,0.0,0.0
134,0.5454545454545454,0.18181818181818182,0.2727272727272727,0.0
135,0.0,1.0,0.0,0.0
136,0.0,0.5,0.0,0.5
137,1.0,0.0,0.0,0.0
138,,,,
139,0.5,0.0,0.0,0.5
140,0.0,1.0,0.0,0.0
141,0.0,0.27450980392156865,0.5686274509803921,0.1568627450980392
142,0.25,0.0,0.75,0.0
143,0.25,0.5833333333333334,0.0,0.16666666666666666
144,0.0,0.0,0.0,1.0
145,0.5,0.3333333333333333,0.0,0.16666666666666666
146,0.0,0.27692307692307694,0.6615384615384615,0.06153846153846154
147,0.0,0.7894736842105263,0.0,0.21052631578947367
148,0.8333333333333334,0.10606060606060606,0.0,0.06060606060606061
149,0.46987951807228917,0.43373493975903615,0.0,0.0963855421686747
150,0.0,0.4691358024691358,0.2839506172839506,0.24691358024691357
151,0.0,0.5833333333333334,0.4166666666666667,0.0
152,0.46153846153846156,0.0,0.0,0.5384615384615384
153,0.0,0.17777777777777778,0.8222222222222222,0.0
154,0.35714285714285715,0.25,0.39285714285714285,0.0
155,0.024390243902439025,0.0,0.4878048780487805,0.4878048780487805
156,0.6,0.0,0.4,0.0
157,0.5,0.0,0.0,0.5
158,0.20408163265306123,0.6326530612244898,0.16326530612244897,0.0
159,0.0,0.19135802469135801,0.5802469135802469,0.22839506172839505
160,0.2,0.4857142857142857,0.3142857142857143,0.0
161,0.18666666666666668,0.0,0.2733333333333333,0.54
162,0.6808510638297872,0.0,0.3191489361702128,0.0
163,0.5471698113207547,0.2641509433962264,0.18867924528301888,0.0
164,0.45161290322580644,0.41935483870967744,0.12903225806451613,0.0
165,0.5714285714285714,0.35714285714285715,0.0,0.07142857142857142
166,0.7261904761904762,0.23809523809523808,0.0,0.03571428571428571
167,0.5294117647058824,0.16666666666666666,0.30392156862745096,0.0
168,0.0,0.16981132075471697,0.7641509433962265,0.0660377358490566
169,,,,
170,0.0,0.3595505617977528,0.43820224719101125,0.20224719101123595
171,0.44642857142857145,0.4523809523809524,0.0,0.10119047619047619
172,0.4418604651162791,0.0,0.27906976744186046,0.27906976744186046
173,0.0,0.5084745762711864,0.3050847457627119,0.1864406779661017
174,0.0,0.4067796610169492,0.4576271186440678,0.13559322033898305
175,0.0,0.4807692307692308,0.2692307692307692,0.25
176,0.25842696629213485,0.0,0.30337078651685395,0.43820224719101125
177,0.23728813559322035,0.5084745762711864,0.2542372881355932,0.0
178,0.0,0.5714285714285714,0.05714285714285714,0.37142857142857144
179,0.17857142857142858,0.0,0.14285714285714285,0.6785714285714286
180,0.46153846153846156,0.2564102564102564,0.0,0.28205128205128205
181,0.5238095238095238,0.0,0.3333333333333333,0.14285714285714285
182,0.0,0.04878048780487805,0.7317073170731707,0.21951219512195122
183,0.2962962962962963,0.0,0.7037037037037037,0.0
184,0.0,0.5909090909090909,0.4090909090909091,0.0
185,0.2631578947368421,0.47368421052631576,0.0,0.2631578947368421
186,0.0,0.5833333333333334,0.375,0.041666666666666664
187,0.0,0.2571428571428571,0.6571428571428571,0.08571428571428572
188,0.7557251908396947,0.15267175572519084,0.0,0.0916030534351145
189,0.16666666666666666,0.2222222222222222,0.6111111111111112,0.0
190,0.18181818181818182,0.0,0.8181818181818182,0.0
191,0.14150943396226415,0.0,0.04716981132075472,0.8113207547169812
192,0.5813953488372093,0.0,0.37209302325581395,0.046511627906976744
193,0.0,0.029411764705882353,0.7352941176470589,0.23529411764705882
194,0.17543859649122806,0.8070175438596491,0.0,0.017543859649122806
195,0.6666666666666666,0.0,0.0,0.3333333333333333
196,0.9298245614035088,0.07017543859649122,0.0,0.0
197,0.2,0.0,0.2,0.6
198,0.0,0.5909090909090909,0.4090909090909091,0.0
199,0.75,0.125,0.0,0.125
200,0.0,0.18181818181818182,0.7272727272727273,0.09090909090909091
201,0.2558139534883721,0.7209302325581395,0.0,0.023255813953488372
202,0.14285714285714285,0.6428571428571429,0.21428571428571427,0.0
203,0.5,0.0,0.3333333333333333,0.16666666666666666
204,0.0,0.0,0.125,0.875
205,0.5,0.0,0.4,0.1
206,0.208,0.688,0.0,0.104
207,0.0,0.2682926829268293,0.34146341463414637,0.3902439024390244
208,0.0,0.3333333333333333,0.6666666666666666,0.0
209,0.4827586206896552,0.3103448275862069,0.20689655172413793,0.0
210,0.0,0.0,0.3333333333333333,0.6666666666666666
211,0.39759036144578314,0.0,0.4457831325301205,0.1566265060240964
212,0.043478260869565216,0.0,0.3695652173913043,0.5869565217391305
213,0.4,0.0,0.0,0.6
214,0.0,0.0,0.75,0.25
215,0.6,0.26666666666666666,0.0,0.13333333333333333
216,0.75,0.25,0.0,0.0
217,0.0,0.6666666666666666,0.0,0.3333333333333333
218,0.07692307692307693,0.0,0.07692307692307693,0.8461538461538461
219,0.0,0.5245901639344263,0.0,0.47540983606557374
220,0.0,0.6224489795918368,0.2755102040816326,0.10204081632653061
221,0.0,0.10752688172043011,0.7096774193548387,0.1827956989247312
222,0.3333333333333333,0.3333333333333333,0.3333333333333333,0.0
223,0.38461538461538464,0.0,0.23076923076923078,0.38461538461538464
224,0.30434782608695654,0.0,0.08695652173913043,0.6086956521739131
225,0.0,0.0,0.8387096774193549,0.16129032258064516
226,0.15,0.0,0.8,0.05
227,0.041666666666666664,0.7638888888888888,0.0,0.19444444444444445
228,0.0,0.015873015873015872,0.9047619047619048,0.07936507936507936
229,0.5392156862745098,0.46078431372549017,0.0,0.0
230,0.05555555555555555,0.0,0.08333333333333333,0.8611111111111112
231,0.0,1.0,0.0,0.0
232,0.4,0.0,0.2,0.4
233,0.0,0.18181818181818182,0.2727272727272727,0.5454545454545454
234,0.5428571428571428,0.11428571428571428,0.0,0.34285714285714286
235,0.024,0.0,0.096,0.88
236,0.047619047619047616,0.0,0.3333333333333333,0.6190476190476191
237,0.1,0.7,0.2,0.0
238,0.0,0.06666666666666667,0.0,0.9333333333333333
239,0.0,0.0,0.16666666666666666,0.8333333333333334
240,0.0,0.37037037037037035,0.07407407407407407,0.5555555555555556
241,0.2,0.2,0.6,0.0
242,0.0,0.5,0.0,0.5
243,0.5,0.4230769230769231,0.0,0.07692307692307693
244,0.0,0.7272727272727273,0.18181818181818182,0.09090909090909091
245,0.7310924369747899,0.24369747899159663,0.0,0.025210084033613446
246,0.10843373493975904,0.0,0.1686746987951807,0.7228915662650602
247,0.5,0.0,0.5,0.0
248,0.09090909090909091,0.6818181818181818,0.0,0.22727272727272727
249,0.0,0.5964912280701754,0.38596491228070173,0.017543859649122806
250,0.2638888888888889,0.5972222222222222,0.0,0.1388888888888889
251,0.39344262295081966,0.0,0.21311475409836064,0.39344262295081966
252,0.0,0.024390243902439025,0.9512195121951219,0.024390243902439025
253,0.8666666666666667,0.13333333333333333,0.0,0.0
254,0.03296703296703297,0.0,0.5934065934065934,0.37362637362637363
255,0.15,0.0,0.2,0.65
256,0.3333333333333333,0.0,0.6666666666666666,0.0
257,0.25,0.6764705882352942,0.0,0.07352941176470588
258,0.0,0.26666666666666666,0.6333333333333333,0.1
259,0.29577464788732394,0.6830985915492958,0.0,0.02112676056338028
260,0.0,0.3472222222222222,0.1388888888888889,0.5138888888888888
261,0.2894736842105263,0.5,0.21052631578947367,0.0
262,0.17647058823529413,0.0,0.0,0.8235294117647058
263,0.13846153846153847,0.8153846153846154,0.046153846153846156,0.0
264,0.2,0.6,0.0,0.2
265,0.0,0.1875,0.6875,0.125
266,0.3360655737704918,0.6475409836065574,0.0,0.01639344262295082
267,0.5,0.0,0.0,0.5
268,0.0,0.25,0.75,0.0
269,0.1,0.0,0.0,0.9
270,0.0,0.0,0.36363636363636365,0.6363636363636364
271,,,,
272,1.0,0.0,0.0,0.0
273,,,,
274,0.08695652173913043,0.0,0.8695652173913043,0.043478260869565216
275,0.5,0.0,0.5,0.0
276,0.7962962962962963,0.06481481481481481,0.0,0.1388888888888889
277,0.037037037037037035,0.7037037037037037,0.25925925925925924,0.0
278,0.2824074074074074,0.5092592592592593,0.0,0.20833333333333334
279,0.0,0.0,1.0,0.0
280,0.0,0.0,0.0,1.0
281,0.0,0.9411764705882353,0.058823529411764705,0.0
282,0.0,0.0,1.0,0.0
283,0.0,0.0,0.021739130434782608,0.9782608695652174
284,0.008403361344537815,0.0,0.0,0.9915966386554622
285,0.0,0.5,0.5,0.0
286,0.25,0.25,0.0,0.5
287,0.0,0.6842105263157895,0.3157894736842105,0.0
288,0.4230769230769231,0.0,0.0,0.5769230769230769
289,0.08695652173913043,0.0,0.043478260869565216,0.8695652173913043
290,0.125,0.5,0.0,0.375
291,0.0,0.5384615384615384,0.46153846153846156,0.0
292,0.8421052631578947,0.15789473684210525,0.0,0.0
293,0.0,0.125,0.5,0.375
294,0.3333333333333333,0.0,0.0,0.6666666666666666
295,0.0,0.0,0.8,0.2
296,0.6666666666666666,0.0,0.3333333333333333,0.0
297,0.0,0.0,0.8333333333333334,0.16666666666666666
298,1.0,0.0,0.0,0.0
299,,,,
300,,,,
301,,,,
302,,,,
303,0.0,0.0,0.0,1.0
304,,,,
305,,,,
306,,,,
307,,,,
308,,,,
309,,,,
310,,,,
311,,,,
312,,,,
313,,,,
314,,,,
315,,,,
