,A,C,G,T
0,,,,
1,,,,
2,0.8648648648648649,0.10810810810810811,0.0,0.02702702702702703
3,0.2,0.3,0.0,0.5
4,0.04,0.64,0.32,0.0
5,,,,
6,0.14285714285714285,0.0,0.42857142857142855,0.42857142857142855
7,0.0,0.1111111111111111,0.8055555555555556,0.08333333333333333
8,0.3644859813084112,0.5747663551401869,0.0,0.06074766355140187
9,0.10975609756097561,0.0,0.2601626016260163,0.6300813008130082
10,0.0,0.75,0.25,0.0
11,0.6206896551724138,0.13793103448275862,0.0,0.2413793103448276
12,0.47058823529411764,0.45098039215686275,0.0,0.0784313725490196
13,0.5806451612903226,0.3548387096774194,0.06451612903225806,0.0
14,0.5862068965517241,0.13793103448275862,0.0,0.27586206896551724
15,0.16666666666666666,0.0,0.0,0.8333333333333334
16,0.0,0.42857142857142855,0.42857142857142855,0.14285714285714285
17,0.8035714285714286,0.14285714285714285,0.0,0.05357142857142857
18,0.13333333333333333,0.4666666666666667,0.4,0.0
19,0.5,0.0,0.375,0.125
20,0.26666666666666666,0.6,0.13333333333333333,0.0
21,0.25,0.0,0.0,0.75
22,0.631578947368421,0.21052631578947367,0.0,0.15789473684210525
23,0.4666666666666667,0.4,0.0,0.13333333333333333
24,0.2846153846153846,0.36923076923076925,0.0,0.34615384615384615
25,0.1875,0.0,0.09375,0.71875
26,0.52,0.38,0.1,0.0
27,0.09090909090909091,0.6363636363636364,0.0,0.2727272727272727
28,0.0,0.6571428571428571,0.11428571428571428,0.22857142857142856
29,0.8348623853211009,0.11009174311926606,0.0,0.05504587155963303
30,0.4864864864864865,0.4189189189189189,0.0,0.0945945945945946
31,0.4,0.2,0.4,0.0
32,0.125,0.10714285714285714,0.0,0.7678571428571429
33,0.0,0.7619047619047619,0.16666666666666666,0.07142857142857142
34,0.0,0.11904761904761904,0.7380952380952381,0.14285714285714285
35,0.375,0.375,0.0,0.25
36,0.0,0.4716981132075472,0.49056603773584906,0.03773584905660377
37,0.0,0.13043478260869565,0.8188405797101449,0.050724637681159424
38,0.76,0.24,0.0,0.0
39,0.1875,0.0,0.46875,0.34375
40,0.2857142857142857,0.0,0.07142857142857142,0.6428571428571429
41,0.041666666666666664,0.16666666666666666,0.7916666666666666,0.0
42,0.0,0.4,0.0,0.6
43,0.5833333333333334,0.4166666666666667,0.0,0.0
44,0.5652173913043478,0.2608695652173913,0.0,0.17391304347826086
45,0.25,0.3333333333333333,0.4166666666666667,0.0
46,0.16666666666666666,0.0,0.16666666666666666,0.6666666666666666
47,0.0375,0.0,0.575,0.3875
48,0.2,0.3,0.5,0.0
49,0.2,0.0,0.2,0.6
50,0.0,0.7441860465116279,0.0,0.2558139534883721
51,0.3333333333333333,0.5942028985507246,0.0,0.07246376811594203
52,0.0,0.875,0.125,0.0
53,0.35714285714285715,0.17857142857142858,0.0,0.4642857142857143
54,0.0,0.8055555555555556,0.16666666666666666,0.027777777777777776
55,0.0,0.3505747126436782,0.6379310344827587,0.011494252873563218
56,0.6116504854368932,0.08737864077669903,0.0,0.30097087378640774
57,0.42857142857142855,0.5,0.0,0.07142857142857142
58,0.0,1.0,0.0,0.0
59,0.22727272727272727,0.0,0.3181818181818182,0.45454545454545453
60,0.09090909090909091,0.5,0.4090909090909091,0.0
61,0.2857142857142857,0.0,0.2857142857142857,0.42857142857142855
62,0.26666666666666666,0.0,0.38333333333333336,0.35
63,0.5,0.0,0.5,0.0
64,0.6666666666666666,0.3333333333333333,0.0,0.0
65,0.023255813953488372,0.0,0.023255813953488372,0.9534883720930233
66,0.0,0.5588235294117647,0.3897058823529412,0.051470588235294115
67,0.0,0.2903225806451613,0.5887096774193549,0.12096774193548387
68,0.88,0.04,0.0,0.08
69,0.7142857142857143,0.12605042016806722,0.0,0.15966386554621848
70,0.21428571428571427,0.0,0.08333333333333333,0.7023809523809523
71,0.024630541871921183,0.8620689655172413,0.11330049261083744,0.0
72,0.2235294117647059,0.5176470588235295,0.25882352941176473,0.0
73,0.3076923076923077,0.0,0.0,0.6923076923076923
74,0.08771929824561403,0.5263157894736842,0.38596491228070173,0.0
75,0.8095238095238095,0.14285714285714285,0.0,0.047619047619047616
76,0.375,0.375,0.0,0.25
77,0.0,0.29245283018867924,0.33962264150943394,0.36792452830188677
78,0.37209302325581395,0.4186046511627907,0.0,0.20930232558139536
79,0.8714859437751004,0.0642570281124498,0.0,0.0642570281124498
80,0.14634146341463414,0.0,0.4146341463414634,0.43902439024390244
81,0.0,0.31007751937984496,0.4573643410852713,0.23255813953488372
82,0.22459893048128343,0.0,0.39572192513368987,0.37967914438502676
83,0.2727272727272727,0.0,0.2159090909090909,0.5113636363636364
84,0.16393442622950818,0.7868852459016393,0.04918032786885246,0.0
85,0.125,0.6041666666666666,0.2708333333333333,0.0
86,0.22,0.0,0.04,0.74
87,0.0,0.19,0.79,0.02
88,0.5961538461538461,0.30128205128205127,0.0,0.10256410256410256
89,0.1483050847457627,0.0,0.1694915254237288,0.6822033898305084
90,0.0,0.12422360248447205,0.6708074534161491,0.20496894409937888
91,0.5828092243186582,0.3584905660377358,0.0,0.05870020964360587
92,0.13043478260869565,0.0,0.08115942028985507,0.7884057971014493
93,0.40993788819875776,0.34782608695652173,0.2422360248447205,0.0
94,0.0,0.2976190476190476,0.041666666666666664,0.6607142857142857
95,0.0703125,0.859375,0.0703125,0.0
96,0.24444444444444444,0.3888888888888889,0.0,0.36666666666666664
97,0.29914529914529914,0.0,0.3803418803418803,0.32051282051282054
98,0.2624113475177305,0.5319148936170213,0.20567375886524822,0.0
99,0.0,0.09090909090909091,0.38636363636363635,0.5227272727272727
100,0.125,0.5,0.375,0.0
101,0.02027027027027027,0.0,0.10810810810810811,0.8716216216216216
102,0.0,0.2777777777777778,0.4777777777777778,0.24444444444444444
103,0.6377171215880894,0.3225806451612903,0.0,0.03970223325062035
104,0.00784313725490196,0.0,0.043137254901960784,0.9490196078431372
105,0.16666666666666666,0.3333333333333333,0.5,0.0
106,0.0,0.25,0.0,0.75
107,0.0,0.75,0.0,0.25
108,0.3333333333333333,0.5166666666666667,0.0,0.15
109,0.18181818181818182,0.2727272727272727,0.5454545454545454,0.0
110,0.421875,0.25,0.0,0.328125
111,0.8235294117647058,0.0,0.17647058823529413,0.0
112,0.4,0.2,0.0,0.4
113,0.0,0.2206896551724138,0.7310344827586207,0.04827586206896552
114,0.5,0.0,0.5,0.0
115,0.0,0.3076923076923077,0.3076923076923077,0.38461538461538464
116,0.5714285714285714,0.42857142857142855,0.0,0.0
117,0.2857142857142857,0.2857142857142857,0.0,0.42857142857142855
118,0.0,0.0,0.11538461538461539,0.8846153846153846
119,0.5,0.0,0.0,0.5
120,0.05263157894736842,0.0,0.15789473684210525,0.7894736842105263
121,0.3888888888888889,0.0,0.4444444444444444,0.16666666666666666
122,0.3026315789473684,0.4868421052631579,0.21052631578947367,0.0
123,0.14285714285714285,0.2857142857142857,0.0,0.5714285714285714
124,0.2,0.6,0.0,0.2
125,0.0,0.3333333333333333,0.28205128205128205,0.38461538461538464
126,0.25,0.0,0.3333333333333333,0.4166666666666667
127,0.0,0.08695652173913043,0.43478260869565216,0.4782608695652174
128,0.0,0.1044776119402985,0.8059701492537313,0.08955223880597014
129,0.5416666666666666,0.4583333333333333,0.0,0.0
130,0.125,0.5,0.0,0.375
131,0.6169354838709677,0.21774193548387097,0.0,0.16532258064516128
132,0.02631578947368421,0.0,0.0,0.9736842105263158
133,0.03571428571428571,0.8928571428571429,0.07142857142857142,0.0
134,0.24242424242424243,0.48484848484848486,0.2727272727272727,0.0
135,0.0,0.9444444444444444,0.0,0.05555555555555555
136,0.0,0.2727272727272727,0.5454545454545454,0.18181818181818182
137,0.9014084507042254,0.056338028169014086,0.0,0.04225352112676056
138,0.0,0.25,0.75,0.0
139,0.8571428571428571,0.07142857142857142,0.0,0.07142857142857142
140,0.0,0.9375,0.0,0.0625
141,0.0,0.22,0.5733333333333334,0.20666666666666667
142,0.1,0.2,0.7,0.0
143,0.25,0.0625,0.0,0.6875
144,0.5,0.0,0.0,0.5
145,0.35714285714285715,0.5714285714285714,0.0,0.07142857142857142
146,0.0,0.19463087248322147,0.6442953020134228,0.1610738255033557
147,0.7475728155339806,0.13915857605177995,0.0,0.11326860841423948
148,0.5316455696202531,0.21518987341772153,0.0,0.25316455696202533
149,0.5,0.37341772151898733,0.0,0.12658227848101267
150,0.0,0.15602836879432624,0.5460992907801419,0.2978723404255319
151,0.029411764705882353,0.23529411764705882,0.7352941176470589,0.0
152,0.3902439024390244,0.0,0.04878048780487805,0.5609756097560976
153,0.0,0.16483516483516483,0.7032967032967034,0.13186813186813187
154,0.21818181818181817,0.44545454545454544,0.33636363636363636,0.0
155,0.2804878048780488,0.0,0.3170731707317073,0.4024390243902439
156,0.3191489361702128,0.0,0.2553191489361702,0.425531914893617
157,0.21428571428571427,0.0,0.14285714285714285,0.6428571428571429
158,0.16587677725118483,0.6540284360189573,0.18009478672985782,0.0
159,0.0,0.32951289398280803,0.5157593123209169,0.15472779369627507
160,0.248,0.312,0.44,0.0
161,0.22189349112426035,0.0,0.5295857988165681,0.2485207100591716
162,0.24778761061946902,0.26991150442477874,0.4823008849557522,0.0
163,0.418848167539267,0.43455497382198954,0.14659685863874344,0.0
164,0.1452991452991453,0.5213675213675214,0.3333333333333333,0.0
165,0.5930232558139535,0.3313953488372093,0.0,0.0755813953488372
166,0.6527777777777778,0.3125,0.0,0.034722222222222224
167,0.4973404255319149,0.28191489361702127,0.22074468085106383,0.0
168,0.0,0.23773584905660378,0.47547169811320755,0.28679245283018867
169,0.4176470588235294,0.0,0.3941176470588235,0.18823529411764706
170,0.0,0.15476190476190477,0.44047619047619047,0.40476190476190477
171,0.49203187250996017,0.4063745019920319,0.0,0.10159362549800798
172,0.2926829268292683,0.0,0.25203252032520324,0.45528455284552843
173,0.0,0.21768707482993196,0.54421768707483,0.23809523809523808
174,0.0,0.17488789237668162,0.6143497757847534,0.21076233183856502
175,0.0,0.34502923976608185,0.23391812865497075,0.42105263157894735
176,0.2815533980582524,0.0,0.3592233009708738,0.3592233009708738
177,0.35514018691588783,0.4672897196261682,0.17757009345794392,0.0
178,0.0,0.45614035087719296,0.05263157894736842,0.49122807017543857
179,0.03508771929824561,0.0,0.07017543859649122,0.8947368421052632
180,0.5,0.17647058823529413,0.0,0.3235294117647059
181,0.3026315789473684,0.0,0.15789473684210525,0.5394736842105263
182,0.0,0.35135135135135137,0.43243243243243246,0.21621621621621623
183,0.2857142857142857,0.0,0.680672268907563,0.03361344537815126
184,0.0,0.4945054945054945,0.43956043956043955,0.06593406593406594
185,0.5714285714285714,0.1836734693877551,0.0,0.24489795918367346
186,0.0,0.34545454545454546,0.5636363636363636,0.09090909090909091
187,0.0,0.2804878048780488,0.5914634146341463,0.12804878048780488
188,0.6475095785440613,0.2413793103448276,0.0,0.1111111111111111
189,0.13333333333333333,0.23333333333333334,0.6333333333333333,0.0
190,0.484375,0.09375,0.421875,0.0
191,0.06329113924050633,0.0,0.08860759493670886,0.8481012658227848
192,0.3090909090909091,0.0,0.6909090909090909,0.0
193,0.0,0.060240963855421686,0.7831325301204819,0.1566265060240964
194,0.2903225806451613,0.45161290322580644,0.0,0.25806451612903225
195,0.24,0.56,0.0,0.2
196,0.9176470588235294,0.07647058823529412,0.0,0.0058823529411764705
197,0.36363636363636365,0.0,0.19480519480519481,0.44155844155844154
198,0.0,0.7894736842105263,0.21052631578947367,0.0
199,0.45454545454545453,0.45454545454545453,0.0,0.09090909090909091
200,0.0,0.1076923076923077,0.8615384615384616,0.03076923076923077
201,0.3803418803418803,0.5598290598290598,0.0,0.05982905982905983
202,0.04,0.56,0.4,0.0
203,0.4069767441860465,0.0,0.26744186046511625,0.32558139534883723
204,0.0,0.041237113402061855,0.5257731958762887,0.4329896907216495
205,0.18032786885245902,0.0,0.2786885245901639,0.5409836065573771
206,0.35786802030456855,0.5558375634517766,0.0,0.08629441624365482
207,0.0,0.40540540540540543,0.10810810810810811,0.4864864864864865
208,0.04,0.36,0.6,0.0
209,0.26666666666666666,0.4627450980392157,0.27058823529411763,0.0
210,0.0,0.03773584905660377,0.27358490566037735,0.6886792452830188
211,0.2808219178082192,0.0,0.5273972602739726,0.1917808219178082
212,0.10588235294117647,0.0,0.24705882352941178,0.6470588235294118
213,0.6,0.22857142857142856,0.0,0.17142857142857143
214,0.15517241379310345,0.0,0.15517241379310345,0.6896551724137931
215,0.7105263157894737,0.13157894736842105,0.0,0.15789473684210525
216,0.6956521739130435,0.21739130434782608,0.0,0.08695652173913043
217,0.0,0.36,0.32,0.32
218,0.4666666666666667,0.0,0.43333333333333335,0.1
219,,,,
220,0.0,0.33544303797468356,0.5189873417721519,0.14556962025316456
221,0.0,0.0735930735930736,0.8398268398268398,0.08658008658008658
222,0.21875,0.125,0.65625,0.0
223,0.2891566265060241,0.0,0.25301204819277107,0.4578313253012048
224,0.2583732057416268,0.0,0.4258373205741627,0.3157894736842105
225,0.0,0.0673076923076923,0.6442307692307693,0.28846153846153844
226,0.36363636363636365,0.0,0.3333333333333333,0.30303030303030304
227,0.4,0.5444444444444444,0.0,0.05555555555555555
228,0.0,0.16428571428571428,0.6,0.2357142857142857
229,0.5206812652068127,0.45742092457420924,0.0,0.021897810218978103
230,0.14556962025316456,0.0,0.2848101265822785,0.569620253164557
231,0.0,0.21621621621621623,0.43243243243243246,0.35135135135135137
232,0.11363636363636363,0.0,0.0,0.8863636363636364
233,0.0,0.22033898305084745,0.4576271186440678,0.3220338983050847
234,0.42,0.03,0.0,0.55
235,0.02922077922077922,0.0,0.06818181818181818,0.9025974025974026
236,0.1130952380952381,0.0,0.42857142857142855,0.4583333333333333
237,0.06451612903225806,0.41935483870967744,0.5161290322580645,0.0
238,0.0,0.2289156626506024,0.04819277108433735,0.7228915662650602
239,0.048,0.0,0.016,0.936
240,0.0,0.2684563758389262,0.04697986577181208,0.6845637583892618
241,0.0,0.2,0.8,0.0
242,0.7142857142857143,0.14285714285714285,0.0,0.14285714285714285
243,0.16666666666666666,0.6923076923076923,0.0,0.14102564102564102
244,0.0,0.475,0.3,0.225
245,0.6544943820224719,0.27808988764044945,0.0,0.06741573033707865
246,0.2054794520547945,0.0,0.1461187214611872,0.6484018264840182
247,0.0,0.0,1.0,0.0
248,0.4098360655737705,0.36065573770491804,0.0,0.22950819672131148
249,0.0,0.6417910447761194,0.26865671641791045,0.08955223880597014
250,0.3391304347826087,0.6130434782608696,0.0,0.04782608695652174
251,0.3,0.0,0.188,0.512
252,0.0,0.09734513274336283,0.9026548672566371,0.0
253,0.7380952380952381,0.25396825396825395,0.0,0.007936507936507936
254,0.1411764705882353,0.0,0.32941176470588235,0.5294117647058824
255,0.075,0.0,0.125,0.8
256,0.0,0.2,0.8,0.0
257,0.3176470588235294,0.6,0.0,0.08235294117647059
258,0.0,0.5918367346938775,0.3673469387755102,0.04081632653061224
259,0.26878612716763006,0.6936416184971098,0.0,0.03757225433526012
260,0.0,0.1702127659574468,0.425531914893617,0.40425531914893614
261,0.3333333333333333,0.5370370370370371,0.12962962962962962,0.0
262,0.1111111111111111,0.0,0.15384615384615385,0.7350427350427351
263,0.3541666666666667,0.375,0.2708333333333333,0.0
264,0.4090909090909091,0.5,0.0,0.09090909090909091
265,0.0,0.6363636363636364,0.36363636363636365,0.0
266,0.34324942791762014,0.5995423340961098,0.0,0.057208237986270026
267,0.375,0.125,0.0,0.5
268,0.0,0.6,0.2,0.2
269,0.17857142857142858,0.0,0.03571428571428571,0.7857142857142857
270,0.0,0.06451612903225806,0.22580645161290322,0.7096774193548387
271,0.625,0.0,0.25,0.125
272,0.5769230769230769,0.07692307692307693,0.0,0.34615384615384615
273,0.6,0.2,0.0,0.2
274,0.26666666666666666,0.0,0.5333333333333333,0.2
275,0.21052631578947367,0.0,0.3157894736842105,0.47368421052631576
276,0.7019867549668874,0.23178807947019867,0.0,0.06622516556291391
277,0.20754716981132076,0.7547169811320755,0.03773584905660377,0.0
278,0.3062283737024221,0.3754325259515571,0.0,0.31833910034602075
279,0.14285714285714285,0.42857142857142855,0.42857142857142855,0.0
280,0.0,0.0,0.0,1.0
281,0.008849557522123894,0.9469026548672567,0.04424778761061947,0.0
282,0.25,0.25,0.5,0.0
283,0.0,0.004807692307692308,0.004807692307692308,0.9903846153846154
284,0.004672897196261682,0.0,0.004672897196261682,0.9906542056074766
285,0.08333333333333333,0.0,0.9166666666666666,0.0
286,0.5454545454545454,0.09090909090909091,0.0,0.36363636363636365
287,0.0,0.6458333333333334,0.3541666666666667,0.0
288,0.38461538461538464,0.07692307692307693,0.0,0.5384615384615384
289,0.13333333333333333,0.0,0.3333333333333333,0.5333333333333333
290,0.3181818181818182,0.4090909090909091,0.0,0.2727272727272727
291,0.0,0.7804878048780488,0.21951219512195122,0.0
292,0.4675324675324675,0.5064935064935064,0.0,0.025974025974025976
293,0.0,0.14814814814814814,0.3333333333333333,0.5185185185185185
294,0.42857142857142855,0.42857142857142855,0.0,0.14285714285714285
295,0.0,0.0,0.5,0.5
296,0.16666666666666666,0.16666666666666666,0.6666666666666666,0.0
297,0.7142857142857143,0.0,0.0,0.2857142857142857
298,0.0,1.0,0.0,0.0
299,0.05263157894736842,0.0,0.05263157894736842,0.8947368421052632
300,1.0,0.0,0.0,0.0
301,1.0,0.0,0.0,0.0
302,,,,
303,,,,
304,,,,
305,,,,
306,,,,
307,,,,
308,,,,
309,,,,
310,,,,
311,,,,
312,,,,
313,,,,
314,,,,
315,,,,
