,A,C,G,T
0,,,,
1,,,,
2,0.7885816235504014,0.10704727921498662,0.0,0.10437109723461195
3,0.46382978723404256,0.2542553191489362,0.0,0.28191489361702127
4,0.5202470830473576,0.41455044612216885,0.06520247083047358,0.0
5,0.600829249905767,0.19072747832642292,0.0,0.20844327176781002
6,0.23632130384167638,0.0,0.5820721769499418,0.18160651920838183
7,0.0,0.1255495847581827,0.7205666829506595,0.1538837322911578
8,0.6653734238603298,0.2708050436469447,0.0,0.06382153249272551
9,0.1383658372562206,0.0,0.19166106254203094,0.6699731002017485
10,0.24017467248908297,0.6986899563318777,0.0611353711790393,0.0
11,0.0,0.18722724853645556,0.48036189462480045,0.332410856838744
12,0.4067723960565795,0.0,0.48949849978568366,0.10372910415773683
13,0.0,0.17352941176470588,0.5788235294117647,0.24764705882352941
14,0.0,0.6005235602094241,0.0,0.3994764397905759
15,0.07077856420626896,0.0,0.788675429726997,0.14054600606673406
16,0.0,0.4363376251788269,0.16022889842632332,0.4034334763948498
17,0.9193083573487032,0.026897214217098942,0.0,0.053794428434197884
18,0.281198003327787,0.47587354409317806,0.24292845257903495,0.0
19,0.03202479338842975,0.65599173553719,0.0,0.3119834710743802
20,0.07225433526011561,0.4421965317919075,0.0,0.48554913294797686
21,0.1242603550295858,0.1893491124260355,0.0,0.6863905325443787
22,0.6340852130325815,0.11027568922305764,0.0,0.2556390977443609
23,0.3072463768115942,0.0,0.2492753623188406,0.4434782608695652
24,0.6681286549707602,0.22514619883040934,0.0,0.1067251461988304
25,0.12875536480686695,0.0,0.5879828326180258,0.2832618025751073
26,0.0,0.2007607776838546,0.43364327979712597,0.36559594251901945
27,0.484375,0.4228515625,0.0,0.0927734375
28,0.6502923976608187,0.22105263157894736,0.0,0.1286549707602339
29,0.0,0.27617924528301885,0.5846698113207547,0.1391509433962264
30,0.13856427378964942,0.0,0.5767946577629383,0.2846410684474123
31,0.3868343195266272,0.367603550295858,0.2455621301775148,0.0
32,0.44293174188735546,0.32506527415143605,0.0,0.2320029839612085
33,0.014263074484944533,0.5284129499660403,0.45732397554901516,0.0
34,0.0889487870619946,0.4339622641509434,0.477088948787062,0.0
35,0.5437665782493368,0.14677276746242263,0.0,0.3094606542882405
36,0.0,0.6831750339213026,0.26255088195386705,0.054274084124830396
37,0.0,0.13653013653013654,0.8181818181818182,0.04528804528804529
38,0.5882727852135118,0.21351179094964945,0.0,0.19821542383683874
39,0.21062740076824585,0.0,0.3559539052496799,0.4334186939820743
40,0.3522012578616352,0.0,0.20754716981132076,0.44025157232704404
41,0.13250132766861392,0.7615507169410515,0.10594795539033457,0.0
42,0.19401197604790418,0.2311377245508982,0.5748502994011976,0.0
43,0.14563106796116504,0.0,0.4627831715210356,0.39158576051779936
44,0.38976377952755903,0.23228346456692914,0.0,0.3779527559055118
45,0.23649906890130354,0.39664804469273746,0.0,0.36685288640595903
46,0.0,0.4350479511769834,0.5135135135135135,0.05143853530950305
47,0.36222509702457956,0.4482535575679172,0.0,0.18952134540750323
48,0.0,0.37910447761194027,0.3567164179104478,0.26417910447761195
49,0.2376425855513308,0.0,0.32509505703422054,0.4372623574144487
50,0.24834680382072005,0.0,0.31227038941954444,0.4393828067597355
51,0.21075740944017562,0.0,0.18551042810098792,0.6037321624588364
52,0.2543859649122807,0.5087719298245614,0.23684210526315788,0.0
53,0.3525698827772768,0.24887285843101895,0.0,0.3985572587917042
54,0.50814332247557,0.14223669923995658,0.3496199782844734,0.0
55,0.39667458432304037,0.0,0.18527315914489312,0.4180522565320665
56,0.288857006217121,0.0,0.31037780966044953,0.40076518412242945
57,0.2149321266968326,0.0,0.6334841628959276,0.1515837104072398
58,0.09049773755656108,0.5565610859728507,0.35294117647058826,0.0
59,0.45907473309608543,0.0,0.27283511269276395,0.2680901542111507
60,0.0,0.4049586776859504,0.20844811753902662,0.38659320477502296
61,0.23515519568151147,0.0,0.5266531713900134,0.23819163292847503
62,0.1609229403934329,0.0,0.34314450525070256,0.49593255435586453
63,0.17667844522968199,0.3215547703180212,0.5017667844522968,0.0
64,0.14363143631436315,0.22493224932249323,0.0,0.6314363143631436
65,0.05509433962264151,0.0,0.018867924528301886,0.9260377358490566
66,0.6948313215722687,0.06437635406994738,0.0,0.24079232435778397
67,0.19965618860510806,0.0,0.6192288801571709,0.18111493123772102
68,0.4139834406623735,0.33072677092916286,0.25528978840846367,0.0
69,0.43417462482946795,0.3369713506139154,0.0,0.22885402455661663
70,0.14,0.6235714285714286,0.23642857142857143,0.0
71,0.1099476439790576,0.0,0.5679088389282414,0.32214351709270095
72,0.36594202898550726,0.37986270022883295,0.2541952707856598,0.0
73,0.0,0.7843365319375788,0.03276146166521276,0.1829020063972085
74,0.16783954961294864,0.6910626319493315,0.1410978184377199,0.0
75,0.6035242290748899,0.26945668135095446,0.0,0.12701908957415564
76,0.6453940066592675,0.1567702552719201,0.0,0.19783573806881244
77,0.2158552348125808,0.5364067212408444,0.24773804394657475,0.0
78,0.48691384950926936,0.12159214830970556,0.0,0.3914940021810251
79,0.582921757213413,0.25630361320509487,0.0,0.16077462958149208
80,0.3915279138099902,0.4321743388834476,0.0,0.1762977473065622
81,0.14973614775725594,0.6540237467018469,0.1962401055408971,0.0
82,0.42303306727480045,0.0,0.04561003420752566,0.5313568985176739
83,0.20284995808885165,0.0,0.3540653813914501,0.44308466051969825
84,0.0789599617163822,0.8160791194767906,0.10496091880682724,0.0
85,0.15958549222797927,0.722279792746114,0.11813471502590674,0.0
86,0.24466192170818504,0.0,0.2452550415183867,0.5100830367734283
87,0.0,0.3589272593681117,0.5484937545922116,0.09257898603967671
88,0.4408383233532934,0.4425149700598802,0.0,0.11664670658682635
89,0.22348160821214713,0.5233105218135158,0.25320786997433703,0.0
90,0.6754481260184683,0.19975556762629007,0.0,0.12479630635524172
91,0.6518649045521292,0.2961527165932452,0.0,0.051982378854625554
92,0.2780952380952381,0.5613333333333334,0.16057142857142856,0.0
93,0.22252095524276452,0.5090937845959197,0.2683852601613158,0.0
94,0.0,0.2985781990521327,0.07765220561429093,0.6237695953335763
95,0.03169944232462577,0.0,0.08643968300557675,0.8818608746697975
96,0.15834726534511584,0.6809171244327681,0.16073561022211608,0.0
97,0.0,0.34085126069858895,0.09808003701133472,0.5610687022900763
98,0.03158730158730159,0.0,0.1565079365079365,0.8119047619047619
99,0.08418367346938775,0.2602040816326531,0.6556122448979592,0.0
100,0.31647398843930635,0.06213872832369942,0.0,0.6213872832369942
101,0.02865329512893983,0.6313276026743075,0.0,0.34001910219675263
102,0.0,0.2196433625813756,0.6651570902915369,0.11519954712708746
103,0.26669625027734634,0.6740071000665632,0.0,0.05929664965609053
104,0.019369540448157994,0.0,0.12913026965438662,0.8515001898974554
105,0.05472636815920398,0.31343283582089554,0.6318407960199005,0.0
106,0.2961783439490446,0.07643312101910828,0.0,0.6273885350318471
107,0.125,0.48863636363636365,0.0,0.38636363636363635
108,0.0,0.2952160768273164,0.6053707985061355,0.0994131246665481
109,0.11030741410488246,0.6292947558770343,0.2603978300180832,0.0
110,0.2001943634596696,0.0,0.08130871396177519,0.7184969225785552
111,0.42358078602620086,0.0,0.17467248908296942,0.4017467248908297
112,0.37318840579710144,0.21739130434782608,0.0,0.40942028985507245
113,0.1620016963528414,0.0,0.29318631608707946,0.5448119875600792
114,0.5404624277456648,0.0,0.14450867052023122,0.315028901734104
115,0.0,0.28656361474435194,0.28180737217598095,0.43162901307966706
116,0.5241301907968574,0.30976430976430974,0.0,0.16610549943883277
117,0.18207437358328737,0.0,0.1538320161734975,0.6640936102432151
118,0.14769520225776106,0.0,0.25117591721542804,0.6011288805268109
119,0.24126455906821964,0.0,0.2218524681087077,0.5368829728230726
120,0.18663594470046083,0.0,0.5253456221198156,0.2880184331797235
121,0.5261627906976745,0.0,0.18895348837209303,0.28488372093023256
122,0.0,0.707913400522583,0.19018290406868235,0.1019036954087346
123,0.4123989218328841,0.46495956873315364,0.0,0.12264150943396226
124,0.7888059701492537,0.08955223880597014,0.0,0.12164179104477611
125,0.6856920986216268,0.11667637351970492,0.0,0.19763152785866822
126,0.0,0.5054545454545455,0.4805194805194805,0.014025974025974027
127,0.0,0.13171471927162368,0.7614567526555387,0.10682852807283763
128,0.418212478920742,0.3676222596964587,0.0,0.21416526138279932
129,0.5682302771855011,0.302771855010661,0.0,0.12899786780383796
130,0.36082474226804123,0.4786450662739323,0.0,0.16053019145802652
131,0.5592807641880502,0.31382281326091027,0.0,0.12689642255103953
132,0.16568047337278108,0.0,0.0485207100591716,0.7857988165680473
133,0.030434782608695653,0.8147826086956522,0.15478260869565216,0.0
134,0.536428110896196,0.2488716956802063,0.0,0.21470019342359767
135,0.061371841155234655,0.8700361010830325,0.0,0.06859205776173286
136,0.0,0.47049924357034795,0.4039334341906203,0.12556732223903178
137,0.9210773567178202,0.043532727842154714,0.0,0.03538991544002505
138,0.05668016194331984,0.1700404858299595,0.7732793522267206,0.0
139,0.42,0.1,0.0,0.48
140,0.04245283018867924,0.6572327044025157,0.0,0.300314465408805
141,0.0,0.5122432859399684,0.453001579778831,0.03475513428120063
142,0.10545454545454545,0.2509090909090909,0.6436363636363637,0.0
143,0.20955201777119586,0.6064420584968531,0.18400592373195113,0.0
144,0.22988505747126436,0.10919540229885058,0.0,0.6609195402298851
145,0.022970085470085472,0.8931623931623932,0.0,0.08386752136752136
146,0.6185284280936455,0.23464882943143814,0.0,0.1468227424749164
147,0.37734537873523283,0.56636553161918,0.0,0.056289089645587216
148,0.0,0.2604166666666667,0.6316287878787878,0.10795454545454546
149,0.0,0.3030933194697167,0.5405510787626722,0.15635560176761112
150,0.0,0.08896797153024912,0.8404856604563533,0.07054636801339753
151,0.062169312169312166,0.5608465608465608,0.376984126984127,0.0
152,0.38298397040690507,0.0,0.2061652281134402,0.41085080147965475
153,0.0,0.24641542951402107,0.5206192107600558,0.2329653597259231
154,0.0,0.33304696449026344,0.6188430698739977,0.048109965635738834
155,0.11507709880068533,0.6404911479154769,0.24443175328383782,0.0
156,0.07612703699298204,0.0,0.5759486142500297,0.34792434875698824
157,0.0,0.42175899486007995,0.4077669902912621,0.1704740148486579
158,0.25904835440594537,0.5090242254608629,0.2319274201331918,0.0
159,0.0,0.26844919786096255,0.6156149732620321,0.11593582887700535
160,0.40286975717439294,0.4266617610988472,0.0,0.17046848172675988
161,0.372568093385214,0.3519455252918288,0.2754863813229572,0.0
162,0.3812814070351759,0.4547738693467337,0.0,0.16394472361809045
163,0.5847193347193347,0.19178794178794178,0.0,0.2234927234927235
164,0.0,0.4157323688969259,0.4670886075949367,0.11717902350813743
165,0.0,0.17010699232681292,0.6913433481033179,0.13854965956986923
166,0.49285538309928556,0.2997043606799704,0.0,0.20744025622074402
167,0.3146500910942021,0.0,0.22537777301468223,0.45997213589111563
168,0.0,0.20485816205197893,0.5700696449804654,0.22507219296755562
169,0.15848367207124914,0.0,0.37702671842886504,0.4644896094998858
170,0.31173879243327285,0.0,0.38636952578388184,0.3018916817828453
171,0.0,0.310912938331318,0.42986698911729143,0.25922007255139057
172,0.0,0.49917530631479734,0.3667530631479736,0.13407163053722904
173,0.12087004405286343,0.0,0.40730543318649043,0.4718245227606461
174,0.18703643985811028,0.4601741373750403,0.3527894227668494,0.0
175,0.0,0.44091967403958093,0.1559953434225844,0.4030849825378347
176,0.15117891816920942,0.0,0.08821081830790568,0.7606102635228849
177,0.0,0.5747967479674797,0.34796747967479674,0.07723577235772358
178,0.0,0.2751235584843493,0.63726224352254,0.08761419799311068
179,0.08452722063037249,0.0,0.14569098523253252,0.769781794137095
180,0.12395957193816885,0.0,0.34839476813317477,0.5276456599286563
181,0.3708370837083708,0.0,0.2664266426642664,0.3627362736273627
182,0.25127986348122866,0.39291808873720135,0.0,0.35580204778157
183,0.19322152341020266,0.17889587700908455,0.6278825995807128,0.0
184,0.6702453987730062,0.0,0.13803680981595093,0.19171779141104295
185,0.30654761904761907,0.0,0.21258503401360543,0.48086734693877553
186,0.226890756302521,0.0,0.23012281835811246,0.5429864253393665
187,0.17585931254996004,0.14708233413269384,0.6770583533173461,0.0
188,0.33415007656967843,0.0,0.5289433384379786,0.13690658499234304
189,0.0,0.26424682395644283,0.6956442831215971,0.04010889292196007
190,0.0,0.2,0.6398972602739726,0.1601027397260274
191,0.34993503681247295,0.48116067561715026,0.0,0.1689042875703768
192,0.0,0.17750393287886734,0.7682223387519664,0.05427372836916623
193,0.45621090259159963,0.4097408400357462,0.0,0.13404825737265416
194,0.08894022523823275,0.5659832515160266,0.3450765232457407,0.0
195,0.4311475409836066,0.0,0.45081967213114754,0.1180327868852459
196,0.3288084464555053,0.26244343891402716,0.0,0.40874811463046756
197,0.0,0.3577182669279338,0.5723927716089702,0.06988896146309602
198,0.2933488237002614,0.6359279697937845,0.0,0.07072320650595411
199,0.03683241252302026,0.6786372007366482,0.2845303867403315,0.0
200,0.36259228876127975,0.0,0.2502050861361772,0.38720262510254305
201,0.0,0.05813953488372093,0.5527408637873754,0.38911960132890366
202,0.15944084278768234,0.0,0.47649918962722854,0.36405996758508913
203,0.3030595813204509,0.0,0.1996779388083736,0.4972624798711755
204,0.0,0.34812789230122004,0.3634833824148086,0.2883887252839714
205,0.08187134502923976,0.49707602339181284,0.42105263157894735,0.0
206,0.0,0.18689320388349515,0.48046694405917706,0.33263985205732777
207,0.26647887323943664,0.07943661971830986,0.6540845070422535,0.0
208,0.1969872537659328,0.0,0.11471610660486674,0.6882966396292005
209,0.0,0.3449902858728837,0.4592006661115737,0.1958090480155426
210,0.5049847981333522,0.3388955667114474,0.0,0.15611963515520044
211,0.18739635157545606,0.5391560714943799,0.27344757693016397,0.0
212,0.0,0.1982104288799753,0.5297747608762727,0.2720148102437519
213,0.28765690376569036,0.4382845188284519,0.0,0.27405857740585776
214,0.0,0.2722678458622868,0.543903979785218,0.18382817435249527
215,0.3576104746317512,0.0,0.3269230769230769,0.31546644844517185
216,0.0,0.2426139698689102,0.4550968499315203,0.3022891801995696
217,0.2625023589356482,0.0,0.2715606718248726,0.46593696923947914
218,0.4238903783139708,0.4101876675603217,0.0,0.16592195412570748
219,0.1895424836601307,0.369281045751634,0.4411764705882353,0.0
220,0.4375,0.0,0.13581730769230768,0.4266826923076923
221,0.1198405253283302,0.0,0.5637898686679175,0.31636960600375236
222,0.0,0.40775510204081633,0.4926530612244898,0.09959183673469388
223,0.0,0.2123037212303721,0.705097870509787,0.08259840825984083
224,0.3566322478157268,0.511119936457506,0.0,0.13224781572676728
225,0.0,0.38740293356341676,0.49611734253666956,0.11647972389991372
226,0.0,0.18716959565652236,0.7411058722674668,0.07172453207601086
227,0.12048843014234635,0.0,0.3484449841462592,0.5310665857113944
228,0.26586102719033233,0.0,0.6379657603222558,0.09617321248741188
229,0.0,0.15734480639213275,0.5673017824216349,0.27535341118623236
230,0.625169147496617,0.3123912623236033,0.0,0.062439590179779625
231,0.3360323886639676,0.17338496743531068,0.4905826439007217,0.0
232,0.19911504424778761,0.20907079646017698,0.5918141592920354,0.0
233,0.08021954823728097,0.0,0.3061009077475195,0.6136795440151995
234,0.34749524413443245,0.0818008877615726,0.570703868103995,0.0
235,0.2536204975863349,0.0,0.06201262532491645,0.6843668770887487
236,0.3309075342465753,0.0,0.12970890410958905,0.5393835616438356
237,0.1755270394133822,0.0,0.11961503208065995,0.7048579285059579
238,0.099644128113879,0.132858837485172,0.767497034400949,0.0
239,0.5327339140207924,0.3307108738409666,0.0,0.13655521213824107
240,0.0,0.37485894831866395,0.5827127059354548,0.042428345745881293
241,0.0,0.21670090061621108,0.7108547953863169,0.07244430399747195
242,0.4862990335417851,0.3457646389994315,0.0,0.1679363274587834
243,0.17301293900184844,0.0,0.22316697473813926,0.6038200862600123
244,0.11849710982658959,0.13439306358381503,0.7471098265895953,0.0
245,0.4740307242136064,0.3496708119970739,0.0,0.17629846378931968
246,0.0,0.27301136363636364,0.4184659090909091,0.3085227272727273
247,0.339778683750728,0.605824111822947,0.0,0.05439720442632499
248,0.06994404476418865,0.0,0.5059952038369304,0.4240607513988809
249,0.15516107823800132,0.17357001972386588,0.6712689020381328,0.0
250,0.40035746201966044,0.0,0.18945487042001788,0.4101876675603217
251,0.19863994273443092,0.531496062992126,0.2698639942734431,0.0
252,0.38864528040618507,0.40826217401338566,0.0,0.20309254558042927
253,0.04582409460458241,0.5417590539541759,0.4124168514412417,0.0
254,0.2561950439648281,0.43325339728217427,0.0,0.3105515587529976
255,0.0,0.17606330365974282,0.5578635014836796,0.26607319485657766
256,0.21565802113352545,0.0,0.5268972142170989,0.2574447646493756
257,0.1464613368283093,0.0,0.1946264744429882,0.6589121887287025
258,0.4335403726708075,0.25217391304347825,0.0,0.3142857142857143
259,0.23642384105960265,0.0,0.17880794701986755,0.5847682119205299
260,0.34686346863468637,0.0,0.2115621156211562,0.44157441574415746
261,0.58875,0.10875,0.0,0.3025
262,0.5792563600782779,0.0,0.22309197651663404,0.19765166340508805
263,0.6575159022430532,0.19484432541011049,0.0,0.14763977234683628
264,0.2978723404255319,0.16312056737588654,0.0,0.5390070921985816
265,0.0,0.27507163323782235,0.5272206303724928,0.1977077363896848
266,0.3228768171384851,0.0,0.11476664116296863,0.5623565416985463
267,0.0,0.03610547667342799,0.4413793103448276,0.5225152129817444
268,0.1264792899408284,0.0,0.4541420118343195,0.4193786982248521
269,0.3403185247275775,0.42078792958927075,0.0,0.23889354568315171
270,0.1657922350472193,0.022035676810073453,0.0,0.8121720881427072
271,0.04002407463135721,0.0,0.9419199518507373,0.018055973517905506
272,0.2550449793338196,0.5805981035740335,0.16435691709214686,0.0
273,0.6787767053464917,0.24986443986552434,0.0,0.07135885478798396
274,0.1632064590542099,0.6868512110726643,0.14994232987312572,0.0
275,0.3479108113172194,0.39351695709199924,0.0,0.25857223159078135
276,0.087248322147651,0.12080536912751678,0.7919463087248322,0.0
277,0.0,0.038752362948960305,0.05198487712665406,0.9092627599243857
278,0.012462747222974803,0.905987537252777,0.08154971552424817,0.0
279,0.06839186691312385,0.48613678373382624,0.4454713493530499,0.0
280,0.0,0.0203780667649819,0.035661616838718324,0.9439603163962997
281,0.011244799280332845,0.0,0.02563814235915889,0.9631170583605083
282,0.1440466278101582,0.15736885928393005,0.6985845129059117,0.0
283,0.31800766283524906,0.17369093231162197,0.0,0.508301404853129
284,0.002764612954186414,0.5086887835703001,0.48854660347551343,0.0
285,0.5554923164484917,0.05122367672168469,0.0,0.39328400682982356
286,0.1763046544428773,0.0,0.1717207334273625,0.6519746121297603
287,0.41336353340883353,0.34144960362400906,0.0,0.24518686296715742
288,0.0,0.5901050304035379,0.4071310116086235,0.002763957987838585
289,0.46564885496183206,0.2748091603053435,0.0,0.2595419847328244
290,0.0,0.1757852077001013,0.7168186423505573,0.10739614994934144
291,0.44395924308588064,0.3304221251819505,0.0,0.22561863173216884
292,0.27311598075895244,0.42597541421699625,0.0,0.3009086050240513
293,0.48375451263537905,0.0,0.27256317689530685,0.24368231046931407
294,0.12433392539964476,0.0,0.4103019538188277,0.46536412078152756
295,0.3161993769470405,0.3613707165109034,0.32242990654205606,0.0
296,0.39069767441860465,0.0,0.16744186046511628,0.4418604651162791
297,0.208955223880597,0.5223880597014925,0.26865671641791045,0.0
298,0.2535211267605634,0.0,0.4507042253521127,0.29577464788732394
299,0.1728395061728395,0.5185185185185185,0.0,0.30864197530864196
300,0.1111111111111111,0.0,0.7530864197530864,0.13580246913580246
301,0.0,0.12,0.74,0.14
302,0.15384615384615385,0.0,0.46153846153846156,0.38461538461538464
303,0.0,0.6666666666666666,0.26666666666666666,0.06666666666666667
304,0.058823529411764705,0.23529411764705882,0.0,0.7058823529411765
305,0.13333333333333333,0.8666666666666667,0.0,0.0
306,0.0,0.0,0.8333333333333334,0.16666666666666666
307,0.0,0.0,0.23076923076923078,0.7692307692307693
308,,,,
309,,,,
310,,,,
311,,,,
312,,,,
