,A,C,G,T
0,,,,
1,,,,
2,0.4880952380952381,0.2261904761904762,0.0,0.2857142857142857
3,0.5197368421052632,0.17763157894736842,0.0,0.3026315789473684
4,0.5188284518828452,0.17154811715481172,0.30962343096234307,0.0
5,0.6122448979591837,0.14285714285714285,0.0,0.24489795918367346
6,0.5254237288135594,0.0,0.13559322033898305,0.3389830508474576
7,0.0,0.29365079365079366,0.48412698412698413,0.2222222222222222
8,0.5216931216931217,0.43492063492063493,0.0,0.04338624338624339
9,0.05394990366088632,0.0,0.12716763005780346,0.8188824662813102
10,0.11764705882352941,0.7058823529411765,0.17647058823529413,0.0
11,0.5072463768115942,0.10869565217391304,0.0,0.38405797101449274
12,0.3652173913043478,0.3130434782608696,0.0,0.3217391304347826
13,0.5961538461538461,0.27884615384615385,0.125,0.0
14,0.6728971962616822,0.09345794392523364,0.0,0.2336448598130841
15,0.0743801652892562,0.6694214876033058,0.0,0.256198347107438
16,0.0,0.65625,0.109375,0.234375
17,0.7661691542288557,0.07462686567164178,0.0,0.15920398009950248
18,0.2916666666666667,0.20833333333333334,0.5,0.0
19,0.6,0.0,0.13333333333333333,0.26666666666666666
20,0.04182509505703422,0.12927756653992395,0.8288973384030418,0.0
21,0.24324324324324326,0.24324324324324326,0.0,0.5135135135135135
22,0.10526315789473684,0.05263157894736842,0.0,0.8421052631578947
23,0.44047619047619047,0.05952380952380952,0.0,0.5
24,0.32,0.16,0.0,0.52
25,0.09523809523809523,0.21428571428571427,0.0,0.6904761904761905
26,0.0,0.2976190476190476,0.40476190476190477,0.2976190476190476
27,0.39285714285714285,0.08928571428571429,0.0,0.5178571428571429
28,0.3170731707317073,0.4695121951219512,0.0,0.21341463414634146
29,0.23300970873786409,0.0,0.2912621359223301,0.47572815533980584
30,0.16666666666666666,0.1875,0.0,0.6458333333333334
31,0.09090909090909091,0.5454545454545454,0.36363636363636365,0.0
32,0.3229166666666667,0.23958333333333334,0.0,0.4375
33,0.32,0.16,0.0,0.52
34,0.1506849315068493,0.589041095890411,0.2602739726027397,0.0
35,0.14285714285714285,0.0,0.6842105263157895,0.17293233082706766
36,0.3783783783783784,0.0,0.2972972972972973,0.32432432432432434
37,0.0,0.3786407766990291,0.39805825242718446,0.22330097087378642
38,0.43010752688172044,0.3118279569892473,0.0,0.25806451612903225
39,0.44086021505376344,0.0,0.12903225806451613,0.43010752688172044
40,0.5714285714285714,0.0,0.06666666666666667,0.3619047619047619
41,0.055,0.405,0.54,0.0
42,0.09375,0.0625,0.0,0.84375
43,0.24390243902439024,0.24390243902439024,0.0,0.5121951219512195
44,0.4701492537313433,0.26119402985074625,0.0,0.26865671641791045
45,0.0,0.16736401673640167,0.803347280334728,0.029288702928870293
46,0.4591078066914498,0.395910780669145,0.0,0.1449814126394052
47,0.20967741935483872,0.2903225806451613,0.0,0.5
48,0.24,0.3,0.46,0.0
49,0.5609756097560976,0.0,0.17073170731707318,0.2682926829268293
50,0.2907801418439716,0.0,0.2695035460992908,0.4397163120567376
51,0.125,0.0,0.5,0.375
52,0.13953488372093023,0.2558139534883721,0.6046511627906976,0.0
53,0.44651162790697674,0.4046511627906977,0.0,0.14883720930232558
54,0.0,0.7523809523809524,0.1619047619047619,0.08571428571428572
55,0.27044025157232704,0.5660377358490566,0.0,0.16352201257861634
56,0.0,0.628099173553719,0.24793388429752067,0.12396694214876033
57,0.22916666666666666,0.0,0.65625,0.11458333333333333
58,0.03571428571428571,0.6071428571428571,0.35714285714285715,0.0
59,0.23711340206185566,0.0,0.5360824742268041,0.2268041237113402
60,0.21465968586387435,0.3403141361256545,0.44502617801047123,0.0
61,0.6097560975609756,0.0,0.17073170731707318,0.21951219512195122
62,0.35175879396984927,0.0,0.18090452261306533,0.46733668341708545
63,0.1,0.325,0.575,0.0
64,0.14285714285714285,0.07142857142857142,0.0,0.7857142857142857
65,0.007246376811594203,0.7463768115942029,0.2463768115942029,0.0
66,0.5614035087719298,0.06578947368421052,0.0,0.37280701754385964
67,0.409009009009009,0.0,0.06126126126126126,0.5297297297297298
68,0.0,0.18490566037735848,0.6566037735849056,0.15849056603773584
69,0.7575757575757576,0.06666666666666667,0.0,0.17575757575757575
70,0.06572769953051644,0.0,0.27230046948356806,0.6619718309859155
71,0.23529411764705882,0.6844919786096256,0.0,0.08021390374331551
72,0.3986013986013986,0.2727272727272727,0.32867132867132864,0.0
73,0.3333333333333333,0.0,0.19047619047619047,0.47619047619047616
74,0.2145922746781116,0.45064377682403434,0.33476394849785407,0.0
75,0.0,0.26666666666666666,0.0,0.7333333333333333
76,0.6134453781512605,0.29411764705882354,0.0,0.09243697478991597
77,0.0,0.39944903581267216,0.46005509641873277,0.14049586776859505
78,0.26811594202898553,0.5362318840579711,0.1956521739130435,0.0
79,0.15789473684210525,0.5526315789473685,0.2894736842105263,0.0
80,0.15263157894736842,0.0,0.18947368421052632,0.6578947368421053
81,0.0,0.47665847665847666,0.3882063882063882,0.13513513513513514
82,0.2558886509635974,0.0,0.44325481798715205,0.30085653104925053
83,0.2011577424023155,0.0,0.25470332850940663,0.5441389290882779
84,0.19923371647509577,0.6666666666666666,0.13409961685823754,0.0
85,0.23728813559322035,0.3559322033898305,0.4067796610169492,0.0
86,0.291005291005291,0.0,0.08465608465608465,0.6243386243386243
87,0.0,0.49393939393939396,0.43333333333333335,0.07272727272727272
88,0.5524475524475524,0.3111888111888112,0.0,0.13636363636363635
89,0.28741721854304636,0.519205298013245,0.19337748344370861,0.0
90,0.0,0.22477522477522477,0.4855144855144855,0.2897102897102897
91,0.5783521809369951,0.34894991922455576,0.0,0.07269789983844911
92,0.20417422867513613,0.0,0.0662431941923775,0.7295825771324864
93,0.23097826086956522,0.6711956521739131,0.09782608695652174,0.0
94,0.0,0.3038251366120219,0.14098360655737704,0.5551912568306011
95,0.041353383458646614,0.7518796992481203,0.20676691729323307,0.0
96,0.2644628099173554,0.2727272727272727,0.0,0.4628099173553719
97,0.11007957559681697,0.7068965517241379,0.0,0.1830238726790451
98,0.3532608695652174,0.0,0.18478260869565216,0.46195652173913043
99,0.0,0.5271317829457365,0.09689922480620156,0.375968992248062
100,0.034482758620689655,0.3793103448275862,0.5862068965517241,0.0
101,0.4444444444444444,0.2852852852852853,0.0,0.2702702702702703
102,0.5254237288135594,0.0,0.04519774011299435,0.4293785310734463
103,0.0,0.6853932584269663,0.15168539325842698,0.16292134831460675
104,0.10638297872340426,0.0,0.2723404255319149,0.6212765957446809
105,0.03225806451612903,0.22580645161290322,0.7419354838709677,0.0
106,0.125,0.08333333333333333,0.0,0.7916666666666666
107,0.08333333333333333,0.5,0.0,0.4166666666666667
108,0.3533834586466165,0.37593984962406013,0.0,0.2706766917293233
109,0.15555555555555556,0.5111111111111111,0.3333333333333333,0.0
110,0.16091954022988506,0.0,0.09195402298850575,0.7471264367816092
111,0.3055555555555556,0.0,0.3611111111111111,0.3333333333333333
112,0.37037037037037035,0.25925925925925924,0.0,0.37037037037037035
113,0.16049382716049382,0.0,0.5308641975308642,0.30864197530864196
114,0.45,0.0,0.225,0.325
115,0.0,0.5507246376811594,0.2753623188405797,0.17391304347826086
116,0.5142857142857142,0.08571428571428572,0.0,0.4
117,0.37142857142857144,0.2714285714285714,0.0,0.35714285714285715
118,0.0594059405940594,0.0,0.3465346534653465,0.594059405940594
119,0.058823529411764705,0.8144796380090498,0.12669683257918551,0.0
120,0.38095238095238093,0.0,0.5,0.11904761904761904
121,0.6666666666666666,0.0,0.19047619047619047,0.14285714285714285
122,0.0,0.5132743362831859,0.36283185840707965,0.12389380530973451
123,0.4411764705882353,0.14705882352941177,0.0,0.4117647058823529
124,0.5882352941176471,0.17647058823529413,0.0,0.23529411764705882
125,0.5316455696202531,0.0,0.4050632911392405,0.06329113924050633
126,0.0,0.42105263157894735,0.5578947368421052,0.021052631578947368
127,0.0,0.1,0.6523809523809524,0.24761904761904763
128,0.6666666666666666,0.031746031746031744,0.0,0.30158730158730157
129,0.2926829268292683,0.07317073170731707,0.0,0.6341463414634146
130,0.2558139534883721,0.32558139534883723,0.0,0.4186046511627907
131,0.6717391304347826,0.20217391304347826,0.0,0.12608695652173912
132,0.3029045643153527,0.0,0.42323651452282157,0.27385892116182575
133,0.06382978723404255,0.3475177304964539,0.5886524822695035,0.0
134,0.4557823129251701,0.10204081632653061,0.0,0.4421768707482993
135,0.3181818181818182,0.3181818181818182,0.0,0.36363636363636365
136,0.0,0.06535947712418301,0.8790849673202614,0.05555555555555555
137,0.7640845070422535,0.0880281690140845,0.0,0.14788732394366197
138,0.04794520547945205,0.0410958904109589,0.910958904109589,0.0
139,0.13559322033898305,0.13559322033898305,0.0,0.7288135593220338
140,0.203125,0.1875,0.0,0.609375
141,0.1762295081967213,0.47950819672131145,0.0,0.3442622950819672
142,0.0859375,0.078125,0.8359375,0.0
143,0.232,0.144,0.0,0.624
144,0.37339055793991416,0.02575107296137339,0.0,0.6008583690987125
145,0.46226415094339623,0.0,0.4481132075471698,0.08962264150943396
146,0.0,0.3103448275862069,0.2920892494929006,0.3975659229208925
147,0.527367506516073,0.2988705473501303,0.0,0.1737619461337967
148,0.15567765567765568,0.4945054945054945,0.3498168498168498,0.0
149,0.24074074074074073,0.34175084175084175,0.4175084175084175,0.0
150,0.0,0.13013698630136986,0.6415525114155252,0.228310502283105
151,0.14925373134328357,0.472636815920398,0.3781094527363184,0.0
152,0.0,0.31688511950655357,0.15034695451040864,0.5327679259830378
153,0.23076923076923078,0.18974358974358974,0.5794871794871795,0.0
154,0.50997150997151,0.1737891737891738,0.0,0.3162393162393162
155,0.054901960784313725,0.5490196078431373,0.0,0.396078431372549
156,0.29880478087649404,0.48339973439575035,0.21779548472775564,0.0
157,0.0,0.3684782608695652,0.09021739130434783,0.5413043478260869
158,0.18875502008032127,0.46586345381526106,0.3453815261044177,0.0
159,0.5135135135135135,0.24324324324324326,0.0,0.24324324324324326
160,0.0,0.34375,0.5625,0.09375
161,0.1553030303030303,0.5416666666666666,0.30303030303030304,0.0
162,0.28169014084507044,0.11267605633802817,0.0,0.6056338028169014
163,0.5836065573770491,0.32459016393442625,0.0,0.09180327868852459
164,0.0,0.5992063492063492,0.29365079365079366,0.10714285714285714
165,0.0,0.3282828282828283,0.5353535353535354,0.13636363636363635
166,0.4270386266094421,0.41630901287553645,0.0,0.15665236051502146
167,0.3193612774451098,0.3972055888223553,0.2834331337325349,0.0
168,0.0,0.3462986198243413,0.5445420326223338,0.10915934755332497
169,0.0,0.4156378600823045,0.4609053497942387,0.12345679012345678
170,0.37643932683790965,0.21612046058458814,0.40744021257750224,0.0
171,0.0,0.2915451895043732,0.6778425655976676,0.030612244897959183
172,0.0,0.5650741350906096,0.28665568369028005,0.14827018121911037
173,0.0,0.2021505376344086,0.6172043010752688,0.18064516129032257
174,0.2827763496143959,0.3329048843187661,0.38431876606683807,0.0
175,0.0,0.13344887348353554,0.10745233968804159,0.7590987868284229
176,0.09339622641509433,0.0,0.12641509433962264,0.780188679245283
177,0.16312056737588654,0.44680851063829785,0.3900709219858156,0.0
178,0.0,0.32710280373831774,0.1308411214953271,0.5420560747663551
179,0.045081967213114756,0.7622950819672131,0.19262295081967212,0.0
180,0.5358024691358024,0.10617283950617284,0.0,0.35802469135802467
181,0.10690121786197564,0.0,0.5629228687415426,0.3301759133964817
182,0.0,0.1956521739130435,0.6847826086956522,0.11956521739130435
183,0.5176470588235295,0.2823529411764706,0.0,0.2
184,0.0,0.5035971223021583,0.4028776978417266,0.09352517985611511
185,0.16195372750642673,0.0,0.5038560411311054,0.3341902313624679
186,0.18324607329842932,0.3193717277486911,0.4973821989528796,0.0
187,0.3333333333333333,0.0,0.125,0.5416666666666666
188,0.1962962962962963,0.0,0.0962962962962963,0.7074074074074074
189,0.21379310344827587,0.6206896551724138,0.0,0.16551724137931034
190,0.11711711711711711,0.23423423423423423,0.6486486486486487,0.0
191,0.38524590163934425,0.1721311475409836,0.0,0.4426229508196721
192,0.0,0.40271493212669685,0.5610859728506787,0.03619909502262444
193,0.0,0.049868766404199474,0.910761154855643,0.03937007874015748
194,0.5643564356435643,0.19801980198019803,0.0,0.2376237623762376
195,0.3815789473684211,0.10526315789473684,0.0,0.5131578947368421
196,0.6153846153846154,0.1076923076923077,0.0,0.27692307692307694
197,0.16176470588235295,0.0,0.33088235294117646,0.5073529411764706
198,0.6140350877192983,0.0,0.17543859649122806,0.21052631578947367
199,0.42,0.18,0.0,0.4
200,0.0,0.3536977491961415,0.4533762057877814,0.19292604501607716
201,0.17796610169491525,0.211864406779661,0.6101694915254238,0.0
202,0.22727272727272727,0.18181818181818182,0.5909090909090909,0.0
203,0.5588235294117647,0.0,0.0661764705882353,0.375
204,0.0,0.13537117903930132,0.6375545851528385,0.22707423580786026
205,0.11021505376344086,0.0,0.3467741935483871,0.543010752688172
206,0.4166666666666667,0.0,0.18518518518518517,0.39814814814814814
207,0.0,0.11864406779661017,0.8406779661016949,0.04067796610169491
208,0.14736842105263157,0.42105263157894735,0.43157894736842106,0.0
209,0.33636363636363636,0.0,0.08181818181818182,0.5818181818181818
210,0.375,0.0625,0.5625,0.0
211,0.6344086021505376,0.0,0.0967741935483871,0.26881720430107525
212,0.32142857142857145,0.0,0.17857142857142858,0.5
213,0.0,0.48214285714285715,0.35714285714285715,0.16071428571428573
214,0.6714285714285714,0.12857142857142856,0.0,0.2
215,0.0,0.1651376146788991,0.7064220183486238,0.12844036697247707
216,0.3548387096774194,0.1935483870967742,0.0,0.45161290322580644
217,0.0,0.29411764705882354,0.4117647058823529,0.29411764705882354
218,0.47674418604651164,0.0,0.22093023255813954,0.3023255813953488
219,0.0,0.13924050632911392,0.7025316455696202,0.15822784810126583
220,0.0,0.4206008583690987,0.16738197424892703,0.41201716738197425
221,0.0,1.0,0.0,0.0
222,0.2247191011235955,0.2752808988764045,0.5,0.0
223,0.3103448275862069,0.0,0.06321839080459771,0.6264367816091954
224,0.23655913978494625,0.0,0.3709677419354839,0.3924731182795699
225,0.0,0.3548387096774194,0.6308243727598566,0.014336917562724014
226,0.0,0.05813953488372093,0.7790697674418605,0.16279069767441862
227,0.3300970873786408,0.459546925566343,0.0,0.21035598705501618
228,0.0,0.18994413407821228,0.7597765363128491,0.05027932960893855
229,0.0,0.11864406779661017,0.8271186440677966,0.05423728813559322
230,0.21052631578947367,0.0,0.08646616541353383,0.7030075187969925
231,0.0,0.04861111111111111,0.6180555555555556,0.3333333333333333
232,0.11528150134048257,0.0,0.10991957104557641,0.774798927613941
233,0.5384068278805121,0.22972972972972974,0.0,0.23186344238975817
234,0.05765765765765766,0.0,0.6288288288288288,0.31351351351351353
235,0.3287671232876712,0.1643835616438356,0.5068493150684932,0.0
236,0.44296296296296295,0.30962962962962964,0.0,0.2474074074074074
237,0.09236947791164658,0.3614457831325301,0.5461847389558233,0.0
238,0.0,0.25984251968503935,0.027559055118110236,0.7125984251968503
239,0.11666666666666667,0.6,0.2833333333333333,0.0
240,0.08108108108108109,0.0,0.07027027027027027,0.8486486486486486
241,0.23684210526315788,0.18421052631578946,0.5789473684210527,0.0
242,0.5253549695740365,0.3630831643002028,0.0,0.11156186612576065
243,0.0958904109589041,0.0,0.8575342465753425,0.04657534246575343
244,0.0,0.0975609756097561,0.43902439024390244,0.4634146341463415
245,0.0,0.32320441988950277,0.569060773480663,0.10773480662983426
246,0.0,0.21686746987951808,0.3614457831325301,0.42168674698795183
247,0.08108108108108109,0.1891891891891892,0.7297297297297297,0.0
248,0.4857142857142857,0.2571428571428571,0.0,0.2571428571428571
249,0.0,0.10278372591006424,0.880085653104925,0.017130620985010708
250,0.0,0.28350515463917525,0.6701030927835051,0.04639175257731959
251,0.061016949152542375,0.0,0.19661016949152543,0.7423728813559322
252,0.0,0.13270142180094788,0.7962085308056872,0.07109004739336493
253,0.7558139534883721,0.16279069767441862,0.0,0.08139534883720931
254,0.15723270440251572,0.0,0.1069182389937107,0.7358490566037735
255,0.1590909090909091,0.0,0.375,0.4659090909090909
256,0.20454545454545456,0.06818181818181818,0.7272727272727273,0.0
257,0.25287356321839083,0.632183908045977,0.0,0.11494252873563218
258,0.0,0.5434782608695652,0.44021739130434784,0.016304347826086956
259,0.2562814070351759,0.6683417085427136,0.0,0.07537688442211055
260,0.0,0.34269662921348315,0.5,0.15730337078651685
261,0.3333333333333333,0.5853658536585366,0.0,0.08130081300813008
262,0.09859154929577464,0.0,0.1448692152917505,0.7565392354124748
263,0.1330049261083744,0.0,0.2512315270935961,0.6157635467980296
264,0.7142857142857143,0.08571428571428572,0.0,0.2
265,0.0,0.20512820512820512,0.7307692307692307,0.0641025641025641
266,0.38313253012048193,0.5265060240963856,0.0,0.09036144578313253
267,0.4117647058823529,0.17647058823529413,0.0,0.4117647058823529
268,0.0,0.375,0.625,0.0
269,0.23893805309734514,0.0,0.07079646017699115,0.6902654867256637
270,0.0,0.038461538461538464,0.36538461538461536,0.5961538461538461
271,0.35714285714285715,0.0,0.16666666666666666,0.47619047619047616
272,0.4691358024691358,0.30864197530864196,0.0,0.2222222222222222
273,0.1875,0.0625,0.0,0.75
274,0.12949640287769784,0.0,0.841726618705036,0.02877697841726619
275,0.19714285714285715,0.7114285714285714,0.09142857142857143,0.0
276,0.6812796208530806,0.2725118483412322,0.0,0.0462085308056872
277,0.1223021582733813,0.7338129496402878,0.14388489208633093,0.0
278,0.3333333333333333,0.4491869918699187,0.0,0.21747967479674796
279,0.21739130434782608,0.21739130434782608,0.5652173913043478,0.0
280,0.0,0.125,0.1875,0.6875
281,0.017094017094017096,0.9145299145299145,0.06837606837606838,0.0
282,0.0,0.8674698795180723,0.13253012048192772,0.0
283,0.0,0.04559270516717325,0.02127659574468085,0.9331306990881459
284,0.05545286506469501,0.0,0.02033271719038817,0.9242144177449169
285,0.208955223880597,0.1791044776119403,0.6119402985074627,0.0
286,0.32432432432432434,0.13513513513513514,0.0,0.5405405405405406
287,0.005813953488372093,0.7267441860465116,0.26744186046511625,0.0
288,0.6161616161616161,0.030303030303030304,0.0,0.35353535353535354
289,0.10141509433962265,0.0,0.2617924528301887,0.6367924528301887
290,0.3898305084745763,0.4576271186440678,0.0,0.15254237288135594
291,0.0,0.4444444444444444,0.5555555555555556,0.0
292,0.0,0.7948717948717948,0.07692307692307693,0.1282051282051282
293,0.0,0.047058823529411764,0.9176470588235294,0.03529411764705882
294,0.7142857142857143,0.1111111111111111,0.0,0.1746031746031746
295,0.0,0.1509433962264151,0.660377358490566,0.18867924528301888
296,0.18,0.58,0.24,0.0
297,0.5416666666666666,0.0,0.25,0.20833333333333334
298,0.10344827586206896,0.8275862068965517,0.06896551724137931,0.0
299,0.9090909090909091,0.0,0.09090909090909091,0.0
300,0.25,0.25,0.5,0.0
301,0.25,0.0,0.75,0.0
302,0.3333333333333333,0.6666666666666666,0.0,0.0
303,0.0,0.0,0.07692307692307693,0.9230769230769231
304,,,,
305,,,,
306,,,,
307,,,,
308,,,,
309,0.0,0.0,1.0,0.0
310,,,,
311,,,,
312,,,,
313,,,,
314,,,,
315,,,,
