,A,C,G,T
0,,,,
1,,,,
2,1.0,0.0,0.0,0.0
3,,,,
4,,,,
5,0.0,1.0,0.0,0.0
6,,,,
7,,,,
8,0.375,0.375,0.0,0.25
9,0.0,0.0,0.5,0.5
10,0.0,1.0,0.0,0.0
11,0.0,1.0,0.0,0.0
12,,,,
13,1.0,0.0,0.0,0.0
14,0.5,0.0,0.0,0.5
15,,,,
16,,,,
17,1.0,0.0,0.0,0.0
18,,,,
19,0.0,0.0,0.0,1.0
20,,,,
21,,,,
22,0.0,0.0,0.0,1.0
23,,,,
24,0.3333333333333333,0.6666666666666666,0.0,0.0
25,0.0,0.0,0.0,1.0
26,0.5,0.5,0.0,0.0
27,0.0,0.0,0.0,1.0
28,0.0,1.0,0.0,0.0
29,1.0,0.0,0.0,0.0
30,0.0,0.0,0.0,1.0
31,0.0,0.0,1.0,0.0
32,0.0,0.0,0.0,1.0
33,,,,
34,0.0,0.2,0.4,0.4
35,1.0,0.0,0.0,0.0
36,,,,
37,0.0,0.0,1.0,0.0
38,0.0,1.0,0.0,0.0
39,0.0,0.0,0.0,1.0
40,,,,
41,0.0,0.5,0.5,0.0
42,,,,
43,,,,
44,,,,
45,0.0,0.5,0.5,0.0
46,,,,
47,0.0,0.0,0.0,1.0
48,,,,
49,,,,
50,0.5,0.5,0.0,0.0
51,0.5,0.0,0.0,0.5
52,,,,
53,1.0,0.0,0.0,0.0
54,0.0,0.0,0.0,1.0
55,0.0,0.0,0.5,0.5
56,0.6,0.0,0.0,0.4
57,0.0,0.0,0.0,1.0
58,,,,
59,0.0,0.0,0.3333333333333333,0.6666666666666666
60,,,,
61,,,,
62,,,,
63,,,,
64,,,,
65,0.0,0.0,0.0,1.0
66,0.0,1.0,0.0,0.0
67,0.0,0.25,0.5,0.25
68,,,,
69,0.4,0.0,0.0,0.6
70,0.0,0.0,0.5,0.5
71,0.0,1.0,0.0,0.0
72,,,,
73,1.0,0.0,0.0,0.0
74,,,,
75,0.3333333333333333,0.6666666666666666,0.0,0.0
76,0.0,1.0,0.0,0.0
77,0.0,0.0,0.0,1.0
78,,,,
79,0.75,0.25,0.0,0.0
80,,,,
81,,,,
82,0.5714285714285714,0.0,0.0,0.42857142857142855
83,,,,
84,0.0,0.0,1.0,0.0
85,0.0,0.0,1.0,0.0
86,0.0,0.0,0.0,1.0
87,0.0,0.0,1.0,0.0
88,1.0,0.0,0.0,0.0
89,0.0,0.0,0.8571428571428571,0.14285714285714285
90,,,,
91,0.6666666666666666,0.3333333333333333,0.0,0.0
92,0.2857142857142857,0.0,0.0,0.7142857142857143
93,,,,
94,0.0,0.25,0.0,0.75
95,0.0,1.0,0.0,0.0
96,0.3333333333333333,0.6666666666666666,0.0,0.0
97,0.0,0.0,0.0,1.0
98,0.0,0.0,1.0,0.0
99,0.0,0.0,0.7142857142857143,0.2857142857142857
100,,,,
101,0.0,0.0,0.0,1.0
102,0.0,0.0,1.0,0.0
103,0.42857142857142855,0.5714285714285714,0.0,0.0
104,0.0,0.0,0.0,1.0
105,,,,
106,,,,
107,,,,
108,1.0,0.0,0.0,0.0
109,1.0,0.0,0.0,0.0
110,0.6666666666666666,0.3333333333333333,0.0,0.0
111,0.5,0.0,0.5,0.0
112,,,,
113,,,,
114,0.0,0.0,1.0,0.0
115,,,,
116,,,,
117,1.0,0.0,0.0,0.0
118,0.0,0.0,0.0,1.0
119,0.0,0.0,0.0,1.0
120,0.0,0.0,0.0,1.0
121,,,,
122,0.0,1.0,0.0,0.0
123,,,,
124,,,,
125,0.0,1.0,0.0,0.0
126,0.0,0.0,0.0,1.0
127,,,,
128,0.0,0.0,0.6666666666666666,0.3333333333333333
129,,,,
130,,,,
131,0.8571428571428571,0.14285714285714285,0.0,0.0
132,,,,
133,,,,
134,0.0,1.0,0.0,0.0
135,0.0,1.0,0.0,0.0
136,,,,
137,1.0,0.0,0.0,0.0
138,,,,
139,,,,
140,,,,
141,0.0,0.0,0.0,1.0
142,,,,
143,,,,
144,,,,
145,,,,
146,0.0,0.5,0.3333333333333333,0.16666666666666666
147,0.8333333333333334,0.0,0.0,0.16666666666666666
148,0.6,0.4,0.0,0.0
149,0.42857142857142855,0.5714285714285714,0.0,0.0
150,0.0,1.0,0.0,0.0
151,0.5,0.5,0.0,0.0
152,0.0,0.0,0.0,1.0
153,0.0,1.0,0.0,0.0
154,0.0,1.0,0.0,0.0
155,0.0,0.0,0.0,1.0
156,,,,
157,0.0,0.0,0.0,1.0
158,0.0,1.0,0.0,0.0
159,0.0,0.2,0.0,0.8
160,0.5,0.25,0.25,0.0
161,0.375,0.0,0.25,0.375
162,0.5,0.5,0.0,0.0
163,0.6,0.4,0.0,0.0
164,,,,
165,0.3333333333333333,0.5,0.0,0.16666666666666666
166,0.7142857142857143,0.2857142857142857,0.0,0.0
167,0.75,0.25,0.0,0.0
168,0.0,0.0,0.25,0.75
169,0.0,0.0,0.0,1.0
170,0.0,0.375,0.25,0.375
171,0.42857142857142855,0.0,0.0,0.5714285714285714
172,,,,
173,0.0,0.3333333333333333,0.6666666666666666,0.0
174,0.0,0.75,0.25,0.0
175,0.0,0.0,1.0,0.0
176,0.5,0.0,0.16666666666666666,0.3333333333333333
177,0.0,1.0,0.0,0.0
178,0.0,0.3333333333333333,0.0,0.6666666666666666
179,0.0,0.0,1.0,0.0
180,0.3333333333333333,0.6666666666666666,0.0,0.0
181,0.0,0.0,0.75,0.25
182,0.0,0.5,0.16666666666666666,0.3333333333333333
183,0.5,0.0,0.5,0.0
184,0.0,0.6666666666666666,0.3333333333333333,0.0
185,0.0,0.0,0.0,1.0
186,0.0,0.0,1.0,0.0
187,0.0,0.0,1.0,0.0
188,0.42857142857142855,0.42857142857142855,0.0,0.14285714285714285
189,0.0,1.0,0.0,0.0
190,,,,
191,0.0,0.0,0.5,0.5
192,0.0,0.0,1.0,0.0
193,0.0,0.0,1.0,0.0
194,1.0,0.0,0.0,0.0
195,0.25,0.25,0.0,0.5
196,0.6,0.4,0.0,0.0
197,,,,
198,0.0,1.0,0.0,0.0
199,0.0,1.0,0.0,0.0
200,0.0,1.0,0.0,0.0
201,1.0,0.0,0.0,0.0
202,,,,
203,,,,
204,,,,
205,0.0,0.0,0.0,1.0
206,0.2222222222222222,0.2222222222222222,0.0,0.5555555555555556
207,0.0,0.3333333333333333,0.0,0.6666666666666666
208,0.0,0.0,1.0,0.0
209,0.0,1.0,0.0,0.0
210,0.0,0.0,0.5,0.5
211,1.0,0.0,0.0,0.0
212,1.0,0.0,0.0,0.0
213,1.0,0.0,0.0,0.0
214,,,,
215,,,,
216,,,,
217,0.0,0.0,1.0,0.0
218,,,,
219,1.0,0.0,0.0,0.0
220,0.0,0.0,1.0,0.0
221,0.0,0.125,0.625,0.25
222,0.0,0.0,1.0,0.0
223,,,,
224,0.0,0.0,0.0,1.0
225,0.0,0.0,0.5,0.5
226,0.3333333333333333,0.0,0.0,0.6666666666666666
227,0.0,1.0,0.0,0.0
228,0.0,0.0,1.0,0.0
229,0.5714285714285714,0.42857142857142855,0.0,0.0
230,0.0,0.0,1.0,0.0
231,0.0,1.0,0.0,0.0
232,,,,
233,0.0,0.6,0.4,0.0
234,1.0,0.0,0.0,0.0
235,0.0,0.0,0.0,1.0
236,0.25,0.0,0.75,0.0
237,,,,
238,0.0,1.0,0.0,0.0
239,0.0,0.0,0.0,1.0
240,0.0,0.5714285714285714,0.0,0.42857142857142855
241,,,,
242,,,,
243,,,,
244,,,,
245,0.6666666666666666,0.3333333333333333,0.0,0.0
246,0.3333333333333333,0.0,0.0,0.6666666666666666
247,,,,
248,0.0,0.5,0.0,0.5
249,0.0,1.0,0.0,0.0
250,0.4,0.6,0.0,0.0
251,0.16666666666666666,0.0,0.5,0.3333333333333333
252,0.0,0.0,0.8,0.2
253,0.5,0.5,0.0,0.0
254,0.0,0.0,0.0,1.0
255,,,,
256,,,,
257,0.25,0.75,0.0,0.0
258,,,,
259,0.0,1.0,0.0,0.0
260,0.0,0.0,0.0,1.0
261,0.6666666666666666,0.3333333333333333,0.0,0.0
262,0.0,0.0,0.0,1.0
263,0.0,0.3333333333333333,0.6666666666666666,0.0
264,1.0,0.0,0.0,0.0
265,0.0,1.0,0.0,0.0
266,0.3,0.4,0.3,0.0
267,,,,
268,,,,
269,,,,
270,0.0,0.0,0.5,0.5
271,,,,
272,0.0,0.5,0.0,0.5
273,,,,
274,,,,
275,,,,
276,,,,
277,,,,
278,,,,
279,,,,
280,,,,
281,,,,
282,,,,
283,,,,
284,,,,
285,,,,
286,,,,
287,,,,
288,,,,
289,,,,
290,,,,
291,,,,
292,,,,
293,,,,
294,,,,
