,A,C,G,T
0,,,,
1,,,,
2,0.0,0.18421052631578946,0.8157894736842105,0.0
3,0.0,0.10256410256410256,0.5128205128205128,0.38461538461538464
4,0.625,0.125,0.25,0.0
5,0.75,0.025,0.0,0.225
6,0.4634146341463415,0.0,0.4878048780487805,0.04878048780487805
7,0.0,0.125,0.625,0.25
8,0.8779840848806366,0.09814323607427056,0.0,0.023872679045092837
9,0.17346938775510204,0.0,0.08163265306122448,0.7448979591836735
10,0.0,0.5,0.5,0.0
11,0.3333333333333333,0.0,0.0,0.6666666666666666
12,0.13846153846153847,0.5846153846153846,0.0,0.27692307692307694
13,0.45454545454545453,0.5454545454545454,0.0,0.0
14,0.3333333333333333,0.11904761904761904,0.0,0.5476190476190477
15,0.07692307692307693,0.0,0.8461538461538461,0.07692307692307693
16,0.0,0.42857142857142855,0.14285714285714285,0.42857142857142855
17,0.9333333333333333,0.0,0.0,0.06666666666666667
18,0.2,0.2,0.6,0.0
19,0.0,0.0,0.0,1.0
20,0.058823529411764705,0.47058823529411764,0.47058823529411764,0.0
21,0.0,0.0,0.0,1.0
22,0.058823529411764705,0.7647058823529411,0.0,0.17647058823529413
23,0.8,0.0,0.0,0.2
24,0.3333333333333333,0.0,0.16666666666666666,0.5
25,1.0,0.0,0.0,0.0
26,0.045454545454545456,0.18181818181818182,0.7727272727272727,0.0
27,0.16666666666666666,0.3333333333333333,0.0,0.5
28,0.0,0.8260869565217391,0.0,0.17391304347826086
29,0.8571428571428571,0.07142857142857142,0.0,0.07142857142857142
30,0.5,0.4583333333333333,0.0,0.041666666666666664
31,0.1,0.6,0.3,0.0
32,0.0,0.25,0.0,0.75
33,0.0,0.2857142857142857,0.6666666666666666,0.047619047619047616
34,0.0,0.17647058823529413,0.7450980392156863,0.0784313725490196
35,0.8571428571428571,0.07142857142857142,0.0,0.07142857142857142
36,0.0,0.2777777777777778,0.6666666666666666,0.05555555555555555
37,0.0,0.05555555555555555,0.9259259259259259,0.018518518518518517
38,0.4666666666666667,0.2,0.0,0.3333333333333333
39,0.6428571428571429,0.0,0.14285714285714285,0.21428571428571427
40,0.2857142857142857,0.0,0.14285714285714285,0.5714285714285714
41,0.1,0.5,0.4,0.0
42,0.0,0.6,0.0,0.4
43,0.2857142857142857,0.14285714285714285,0.0,0.5714285714285714
44,0.0,0.0,0.0,1.0
45,0.0,0.15789473684210525,0.47368421052631576,0.3684210526315789
46,0.625,0.0,0.125,0.25
47,0.06862745098039216,0.0,0.11764705882352941,0.8137254901960784
48,0.4090909090909091,0.4090909090909091,0.18181818181818182,0.0
49,0.9230769230769231,0.0,0.0,0.07692307692307693
50,0.0,0.46875,0.3125,0.21875
51,0.78125,0.15625,0.0,0.0625
52,0.0,0.25,0.75,0.0
53,0.875,0.0,0.0,0.125
54,0.0,0.9444444444444444,0.0,0.05555555555555555
55,0.0,0.1650485436893204,0.7864077669902912,0.04854368932038835
56,0.926829268292683,0.04878048780487805,0.0,0.024390243902439025
57,0.06172839506172839,0.8765432098765432,0.0,0.06172839506172839
58,0.5,0.5,0.0,0.0
59,0.16666666666666666,0.0,0.75,0.08333333333333333
60,0.717391304347826,0.043478260869565216,0.2391304347826087,0.0
61,0.8,0.0,0.0,0.2
62,0.1111111111111111,0.0,0.5925925925925926,0.2962962962962963
63,0.0,0.4,0.6,0.0
64,0.16666666666666666,0.16666666666666666,0.0,0.6666666666666666
65,0.05660377358490566,0.0,0.018867924528301886,0.9245283018867925
66,0.0,0.1317365269461078,0.8682634730538922,0.0
67,0.0,0.5614035087719298,0.2631578947368421,0.17543859649122806
68,0.3333333333333333,0.5833333333333334,0.0,0.08333333333333333
69,0.8345323741007195,0.03597122302158273,0.0,0.12949640287769784
70,0.0,0.0,0.13131313131313133,0.8686868686868687
71,0.17073170731707318,0.7268292682926829,0.1024390243902439,0.0
72,0.5714285714285714,0.2857142857142857,0.14285714285714285,0.0
73,0.16666666666666666,0.0,0.16666666666666666,0.6666666666666666
74,0.25862068965517243,0.6379310344827587,0.10344827586206896,0.0
75,0.6538461538461539,0.2692307692307692,0.0,0.07692307692307693
76,0.6428571428571429,0.07142857142857142,0.0,0.2857142857142857
77,0.0,0.9604130808950087,0.025817555938037865,0.013769363166953529
78,0.10144927536231885,0.6811594202898551,0.21739130434782608,0.0
79,0.0,0.5238095238095238,0.47619047619047616,0.0
80,0.22580645161290322,0.0,0.021505376344086023,0.7526881720430108
81,0.0,0.5901639344262295,0.29508196721311475,0.11475409836065574
82,0.32558139534883723,0.0,0.5116279069767442,0.16279069767441862
83,0.2471264367816092,0.0,0.47126436781609193,0.28160919540229884
84,0.125,0.375,0.5,0.0
85,0.14285714285714285,0.7142857142857143,0.14285714285714285,0.0
86,0.08441558441558442,0.8701298701298701,0.045454545454545456,0.0
87,0.0,0.33064516129032256,0.47580645161290325,0.1935483870967742
88,0.1196319018404908,0.0,0.8006134969325154,0.07975460122699386
89,0.43434343434343436,0.3939393939393939,0.1717171717171717,0.0
90,0.0,0.21022727272727273,0.6704545454545454,0.11931818181818182
91,0.8382541720154044,0.15789473684210525,0.0,0.0038510911424903724
92,0.04678362573099415,0.0,0.20760233918128654,0.7456140350877193
93,0.3103448275862069,0.3793103448275862,0.3103448275862069,0.0
94,0.4807692307692308,0.0,0.23076923076923078,0.28846153846153844
95,0.3389830508474576,0.4915254237288136,0.1694915254237288,0.0
96,0.6666666666666666,0.14492753623188406,0.0,0.18840579710144928
97,0.078125,0.0,0.09375,0.828125
98,0.648068669527897,0.33047210300429186,0.02145922746781116,0.0
99,,,,
100,0.058823529411764705,0.5294117647058824,0.4117647058823529,0.0
101,0.6595744680851063,0.14095744680851063,0.0,0.19946808510638298
102,0.14814814814814814,0.0,0.6296296296296297,0.2222222222222222
103,0.0,0.8888888888888888,0.0,0.1111111111111111
104,0.4666666666666667,0.26666666666666666,0.0,0.26666666666666666
105,0.0,0.5,0.5,0.0
106,0.25,0.0,0.0,0.75
107,0.2727272727272727,0.36363636363636365,0.0,0.36363636363636365
108,0.2413793103448276,0.41379310344827586,0.0,0.3448275862068966
109,0.11764705882352941,0.4117647058823529,0.47058823529411764,0.0
110,0.06060606060606061,0.48484848484848486,0.0,0.45454545454545453
111,0.4,0.0,0.2,0.4
112,0.2857142857142857,0.0,0.0,0.7142857142857143
113,0.0,0.22709163346613545,0.7211155378486056,0.05179282868525897
114,0.6666666666666666,0.0,0.3333333333333333,0.0
115,0.0,0.8333333333333334,0.16666666666666666,0.0
116,0.5,0.0,0.0,0.5
117,0.6355140186915887,0.22429906542056074,0.0,0.14018691588785046
118,0.0,0.0,0.4411764705882353,0.5588235294117647
119,0.0625,0.75,0.1875,0.0
120,0.782608695652174,0.0,0.17391304347826086,0.043478260869565216
121,0.5333333333333333,0.37777777777777777,0.0,0.08888888888888889
122,0.4375,0.5,0.0625,0.0
123,0.2857142857142857,0.14285714285714285,0.0,0.5714285714285714
124,0.4,0.0,0.0,0.6
125,0.0,0.5277777777777778,0.4166666666666667,0.05555555555555555
126,0.3,0.0,0.65,0.05
127,0.0,0.2857142857142857,0.7142857142857143,0.0
128,0.0,0.45977011494252873,0.5287356321839081,0.011494252873563218
129,0.49019607843137253,0.0,0.46078431372549017,0.049019607843137254
130,0.5384615384615384,0.4230769230769231,0.0,0.038461538461538464
131,0.125,0.0,0.16666666666666666,0.7083333333333334
132,0.18181818181818182,0.0,0.0,0.8181818181818182
133,0.006578947368421052,0.9868421052631579,0.006578947368421052,0.0
134,0.04,0.16,0.8,0.0
135,0.0,0.6,0.0,0.4
136,0.0,0.5,0.5,0.0
137,0.88,0.04,0.0,0.08
138,0.16666666666666666,0.16666666666666666,0.6666666666666666,0.0
139,0.004424778761061947,0.048672566371681415,0.0,0.9469026548672567
140,0.004672897196261682,0.004672897196261682,0.0,0.9906542056074766
141,0.0,0.4666666666666667,0.4533333333333333,0.08
142,0.2,0.1,0.7,0.0
143,0.0,0.15932203389830507,0.6644067796610169,0.17627118644067796
144,0.09090909090909091,0.18181818181818182,0.0,0.7272727272727273
145,0.25,0.4583333333333333,0.0,0.2916666666666667
146,0.0,0.12,0.5777777777777777,0.3022222222222222
147,0.20512820512820512,0.20512820512820512,0.5897435897435898,0.0
148,0.23809523809523808,0.09523809523809523,0.0,0.6666666666666666
149,0.3125,0.25,0.0,0.4375
150,0.0,0.14285714285714285,0.6904761904761905,0.16666666666666666
151,0.40476190476190477,0.09523809523809523,0.5,0.0
152,0.34375,0.0,0.28125,0.375
153,0.23809523809523808,0.38095238095238093,0.0,0.38095238095238093
154,0.2391304347826087,0.358695652173913,0.40217391304347827,0.0
155,0.3548387096774194,0.0,0.5483870967741935,0.0967741935483871
156,0.43037974683544306,0.4050632911392405,0.0,0.16455696202531644
157,0.09523809523809523,0.5079365079365079,0.3968253968253968,0.0
158,0.06060606060606061,0.5303030303030303,0.4090909090909091,0.0
159,0.59375,0.15625,0.0,0.25
160,0.6016949152542372,0.3728813559322034,0.0,0.025423728813559324
161,0.7560975609756098,0.0,0.0975609756097561,0.14634146341463414
162,0.0,0.09090909090909091,0.8181818181818182,0.09090909090909091
163,0.574468085106383,0.3404255319148936,0.0,0.0851063829787234
164,0.19047619047619047,0.36507936507936506,0.4444444444444444,0.0
165,0.5483870967741935,0.12903225806451613,0.0,0.3225806451612903
166,0.6705882352941176,0.25882352941176473,0.0,0.07058823529411765
167,0.6153846153846154,0.23931623931623933,0.1452991452991453,0.0
168,0.0,0.16216216216216217,0.6554054054054054,0.18243243243243243
169,0.0,0.4918032786885246,0.4098360655737705,0.09836065573770492
170,0.19594594594594594,0.0,0.3108108108108108,0.49324324324324326
171,0.0,0.16666666666666666,0.5740740740740741,0.25925925925925924
172,0.2564102564102564,0.0,0.38461538461538464,0.358974358974359
173,0.0,0.16666666666666666,0.5555555555555556,0.2777777777777778
174,0.0,0.1650485436893204,0.6407766990291263,0.1941747572815534
175,0.0,0.47058823529411764,0.4852941176470588,0.04411764705882353
176,0.16129032258064516,0.0,0.5714285714285714,0.2672811059907834
177,0.21052631578947367,0.15789473684210525,0.631578947368421,0.0
178,0.0,0.4358974358974359,0.05982905982905983,0.5042735042735043
179,0.12727272727272726,0.0,0.09090909090909091,0.7818181818181819
180,0.35294117647058826,0.029411764705882353,0.0,0.6176470588235294
181,0.6551724137931034,0.0,0.29310344827586204,0.05172413793103448
182,0.0,0.25,0.6375,0.1125
183,0.21897810218978103,0.0,0.7372262773722628,0.043795620437956206
184,0.0,0.30434782608695654,0.6956521739130435,0.0
185,0.6851851851851852,0.05555555555555555,0.0,0.25925925925925924
186,0.0,0.6607142857142857,0.2857142857142857,0.05357142857142857
187,0.0,0.10236220472440945,0.7480314960629921,0.14960629921259844
188,0.18971631205673758,0.7588652482269503,0.0,0.051418439716312055
189,0.05357142857142857,0.6964285714285714,0.25,0.0
190,0.1724137931034483,0.13793103448275862,0.6896551724137931,0.0
191,0.3076923076923077,0.0,0.18681318681318682,0.5054945054945055
192,0.6296296296296297,0.0,0.3333333333333333,0.037037037037037035
193,0.0,0.008032128514056224,0.7429718875502008,0.24899598393574296
194,0.5222929936305732,0.4012738853503185,0.0,0.07643312101910828
195,0.41935483870967744,0.5,0.0,0.08064516129032258
196,0.0,0.008086253369272238,0.9919137466307277,0.0
197,0.0,0.7114093959731543,0.22371364653243847,0.06487695749440715
198,0.0,0.75,0.2222222222222222,0.027777777777777776
199,0.36363636363636365,0.18181818181818182,0.0,0.45454545454545453
200,0.0,0.07692307692307693,0.8076923076923077,0.11538461538461539
201,0.20253164556962025,0.7088607594936709,0.0,0.08860759493670886
202,0.4166666666666667,0.25,0.3333333333333333,0.0
203,0.16071428571428573,0.0,0.8303571428571429,0.008928571428571428
204,0.0,0.05263157894736842,0.40350877192982454,0.543859649122807
205,0.09803921568627451,0.0,0.13725490196078433,0.7647058823529411
206,0.2857142857142857,0.0,0.5714285714285714,0.14285714285714285
207,0.0,0.36486486486486486,0.4594594594594595,0.17567567567567569
208,0.2857142857142857,0.2857142857142857,0.42857142857142855,0.0
209,0.2753623188405797,0.4057971014492754,0.3188405797101449,0.0
210,0.0,0.08108108108108109,0.36486486486486486,0.5540540540540541
211,0.2153846153846154,0.0,0.5230769230769231,0.26153846153846155
212,0.15217391304347827,0.0,0.3695652173913043,0.4782608695652174
213,0.0,0.54,0.28,0.18
214,0.23255813953488372,0.3488372093023256,0.0,0.4186046511627907
215,0.3148148148148148,0.42592592592592593,0.0,0.25925925925925924
216,0.25,0.0625,0.0,0.6875
217,0.0,0.7692307692307693,0.15384615384615385,0.07692307692307693
218,0.42857142857142855,0.0,0.0,0.5714285714285714
219,0.0,0.2079207920792079,0.1782178217821782,0.6138613861386139
220,0.14018691588785046,0.8084112149532711,0.0514018691588785,0.0
221,0.36363636363636365,0.03896103896103896,0.0,0.5974025974025974
222,0.10256410256410256,0.05128205128205128,0.8461538461538461,0.0
223,0.5384615384615384,0.0,0.015384615384615385,0.4461538461538462
224,0.1951219512195122,0.0,0.36585365853658536,0.43902439024390244
225,0.0,0.07142857142857142,0.8928571428571429,0.03571428571428571
226,0.06203007518796992,0.0,0.9304511278195489,0.007518796992481203
227,0.0,0.4968553459119497,0.39622641509433965,0.1069182389937107
228,0.0,0.05555555555555555,0.9316239316239316,0.01282051282051282
229,0.8133333333333334,0.18,0.0,0.006666666666666667
230,0.0683453237410072,0.0,0.14028776978417265,0.7913669064748201
231,0.0,0.08333333333333333,0.6111111111111112,0.3055555555555556
232,0.2727272727272727,0.0,0.06060606060606061,0.6666666666666666
233,0.0,0.6715867158671587,0.11439114391143912,0.2140221402214022
234,0.9158878504672897,0.037383177570093455,0.0,0.04672897196261682
235,0.049019607843137254,0.0,0.17647058823529413,0.7745098039215687
236,0.043478260869565216,0.0,0.1956521739130435,0.7608695652173914
237,0.45161290322580644,0.12903225806451613,0.41935483870967744,0.0
238,0.0,0.18032786885245902,0.03278688524590164,0.7868852459016393
239,0.041237113402061855,0.0,0.020618556701030927,0.9381443298969072
240,0.0,0.12135922330097088,0.0048543689320388345,0.8737864077669902
241,0.0,0.25,0.75,0.0
242,0.18181818181818182,0.09090909090909091,0.0,0.7272727272727273
243,0.11764705882352941,0.5294117647058824,0.0,0.35294117647058826
244,0.0,0.5,0.42857142857142855,0.07142857142857142
245,0.76,0.23333333333333334,0.0,0.006666666666666667
246,0.05142857142857143,0.0,0.24,0.7085714285714285
247,0.3333333333333333,0.3333333333333333,0.3333333333333333,0.0
248,0.5192307692307693,0.40384615384615385,0.0,0.07692307692307693
249,0.0,0.9289617486338798,0.06557377049180328,0.00546448087431694
250,0.40186915887850466,0.4953271028037383,0.0,0.102803738317757
251,0.034482758620689655,0.0,0.8160919540229885,0.14942528735632185
252,0.0,0.14285714285714285,0.8571428571428571,0.0
253,0.6595744680851063,0.2765957446808511,0.0,0.06382978723404255
254,0.02564102564102564,0.0,0.4358974358974359,0.5384615384615384
255,0.3,0.0,0.0,0.7
256,0.3333333333333333,0.3333333333333333,0.3333333333333333,0.0
257,0.08585858585858586,0.8939393939393939,0.0,0.020202020202020204
258,0.0,0.17391304347826086,0.6521739130434783,0.17391304347826086
259,0.6303030303030303,0.3515151515151515,0.0,0.01818181818181818
260,0.0,0.3103448275862069,0.4827586206896552,0.20689655172413793
261,0.05555555555555555,0.6111111111111112,0.3333333333333333,0.0
262,0.0975609756097561,0.0,0.032520325203252036,0.8699186991869918
263,0.041666666666666664,0.0,0.4166666666666667,0.5416666666666666
264,0.5,0.0,0.0,0.5
265,0.0,0.14285714285714285,0.8095238095238095,0.047619047619047616
266,0.26813880126182965,0.7097791798107256,0.0,0.022082018927444796
267,0.125,0.25,0.0,0.625
268,0.0,0.4,0.4,0.2
269,0.7142857142857143,0.0,0.14285714285714285,0.14285714285714285
270,0.0,0.058823529411764705,0.6274509803921569,0.3137254901960784
271,0.6,0.0,0.2,0.2
272,0.3333333333333333,0.2,0.0,0.4666666666666667
273,0.75,0.0,0.0,0.25
274,0.25,0.0,0.5,0.25
275,0.3333333333333333,0.0,0.16666666666666666,0.5
276,0.8008474576271186,0.17372881355932204,0.0,0.025423728813559324
277,0.7391304347826086,0.21739130434782608,0.043478260869565216,0.0
278,0.22391304347826088,0.20434782608695654,0.0,0.5717391304347826
279,0.0,0.1111111111111111,0.8888888888888888,0.0
280,0.0,0.0,0.125,0.875
281,0.03125,0.875,0.09375,0.0
282,0.0,1.0,0.0,0.0
283,0.0,0.041666666666666664,0.0,0.9583333333333334
284,0.005681818181818182,0.0,0.0,0.9943181818181818
285,0.08333333333333333,0.3333333333333333,0.5833333333333334,0.0
286,0.26666666666666666,0.13333333333333333,0.0,0.6
287,0.0,0.3888888888888889,0.6111111111111112,0.0
288,0.2777777777777778,0.05555555555555555,0.0,0.6666666666666666
289,0.2835820895522388,0.0,0.1044776119402985,0.6119402985074627
290,0.375,0.16666666666666666,0.0,0.4583333333333333
291,0.5428571428571428,0.014285714285714285,0.0,0.44285714285714284
292,0.8571428571428571,0.0,0.14285714285714285,0.0
293,0.0,0.4418604651162791,0.4418604651162791,0.11627906976744186
294,0.012738853503184714,0.9787685774946921,0.0,0.008492569002123142
295,0.0,0.0,0.5,0.5
296,0.0,1.0,0.0,0.0
297,0.25,0.0,0.25,0.5
298,,,,
299,0.0,1.0,0.0,0.0
300,0.0,0.0,0.0,1.0
301,,,,
302,1.0,0.0,0.0,0.0
303,,,,
304,,,,
305,,,,
306,,,,
307,,,,
308,,,,
309,,,,
310,,,,
311,,,,
312,,,,
313,,,,
314,,,,
315,,,,
