,A,C,G,T
0,,,,
1,,,,
2,1.0,0.0,0.0,0.0
3,0.0,0.0,0.08333333333333333,0.9166666666666666
4,,,,
5,1.0,0.0,0.0,0.0
6,,,,
7,0.0,0.5,0.5,0.0
8,0.9,0.1,0.0,0.0
9,0.0,0.0,0.3333333333333333,0.6666666666666666
10,,,,
11,1.0,0.0,0.0,0.0
12,,,,
13,0.0,0.0,1.0,0.0
14,,,,
15,,,,
16,,,,
17,1.0,0.0,0.0,0.0
18,,,,
19,,,,
20,0.0,0.0,0.75,0.25
21,,,,
22,0.0,1.0,0.0,0.0
23,,,,
24,0.0,0.75,0.25,0.0
25,,,,
26,0.0,0.9333333333333333,0.0,0.06666666666666667
27,,,,
28,,,,
29,0.0,0.0,1.0,0.0
30,0.0,0.0,1.0,0.0
31,,,,
32,0.0,0.0,0.0,1.0
33,0.0,1.0,0.0,0.0
34,0.0,1.0,0.0,0.0
35,0.0,1.0,0.0,0.0
36,0.0,0.5,0.5,0.0
37,0.0,0.0,1.0,0.0
38,,,,
39,1.0,0.0,0.0,0.0
40,,,,
41,0.0,1.0,0.0,0.0
42,,,,
43,0.0,0.0,0.0,1.0
44,0.0,0.2,0.6,0.2
45,0.0,0.0,1.0,0.0
46,0.0,0.0,1.0,0.0
47,,,,
48,,,,
49,,,,
50,0.0,0.0,1.0,0.0
51,,,,
52,,,,
53,,,,
54,0.0,0.0,1.0,0.0
55,,,,
56,1.0,0.0,0.0,0.0
57,,,,
58,0.0,1.0,0.0,0.0
59,,,,
60,,,,
61,0.06666666666666667,0.0,0.9333333333333333,0.0
62,0.0,0.0,0.0,1.0
63,,,,
64,,,,
65,1.0,0.0,0.0,0.0
66,0.21428571428571427,0.07142857142857142,0.0,0.7142857142857143
67,0.2,0.0,0.6,0.2
68,0.0,1.0,0.0,0.0
69,0.0,0.0,0.0,1.0
70,,,,
71,0.8571428571428571,0.0,0.14285714285714285,0.0
72,0.0,1.0,0.0,0.0
73,,,,
74,0.0,1.0,0.0,0.0
75,,,,
76,,,,
77,0.0,1.0,0.0,0.0
78,1.0,0.0,0.0,0.0
79,0.2,0.2,0.0,0.6
80,1.0,0.0,0.0,0.0
81,0.0,0.5,0.5,0.0
82,1.0,0.0,0.0,0.0
83,,,,
84,0.0,0.4,0.4,0.2
85,0.0,1.0,0.0,0.0
86,0.125,0.0,0.0,0.875
87,0.0,0.08333333333333333,0.9166666666666666,0.0
88,0.14814814814814814,0.07407407407407407,0.0,0.7777777777777778
89,0.0,0.0,0.14285714285714285,0.8571428571428571
90,0.0,0.0,1.0,0.0
91,0.0,1.0,0.0,0.0
92,0.0,0.5,0.5,0.0
93,0.6521739130434783,0.043478260869565216,0.0,0.30434782608695654
94,0.08695652173913043,0.9130434782608695,0.0,0.0
95,0.0,1.0,0.0,0.0
96,0.9130434782608695,0.043478260869565216,0.0,0.043478260869565216
97,0.9230769230769231,0.07692307692307693,0.0,0.0
98,0.25,0.5,0.25,0.0
99,0.25,0.5,0.25,0.0
100,0.0,0.9,0.0,0.1
101,0.0,0.0,0.0,1.0
102,0.0,0.5,0.5,0.0
103,0.75,0.0,0.25,0.0
104,0.0,0.0,1.0,0.0
105,0.0,0.0,1.0,0.0
106,0.0,0.0,0.0,1.0
107,,,,
108,0.0,0.0,0.5,0.5
109,0.7777777777777778,0.2222222222222222,0.0,0.0
110,0.0,0.0,0.041666666666666664,0.9583333333333334
111,,,,
112,,,,
113,,,,
114,0.0,0.25,0.75,0.0
115,,,,
116,,,,
117,,,,
118,,,,
119,0.0,1.0,0.0,0.0
120,,,,
121,,,,
122,1.0,0.0,0.0,0.0
123,0.06666666666666667,0.0,0.9333333333333333,0.0
124,,,,
125,0.0,0.15789473684210525,0.10526315789473684,0.7368421052631579
126,0.0,0.0,1.0,0.0
127,,,,
128,0.0,0.9090909090909091,0.09090909090909091,0.0
129,,,,
130,,,,
131,1.0,0.0,0.0,0.0
132,,,,
133,0.0,0.0,1.0,0.0
134,1.0,0.0,0.0,0.0
135,,,,
136,0.0,1.0,0.0,0.0
137,0.6,0.0,0.3,0.1
138,,,,
139,0.0,1.0,0.0,0.0
140,0.14285714285714285,0.8571428571428571,0.0,0.0
141,,,,
142,,,,
143,1.0,0.0,0.0,0.0
144,,,,
145,1.0,0.0,0.0,0.0
146,0.0,0.0,0.0,1.0
147,,,,
148,,,,
149,1.0,0.0,0.0,0.0
150,,,,
151,0.0,1.0,0.0,0.0
152,0.8,0.0,0.0,0.2
153,0.75,0.17857142857142858,0.07142857142857142,0.0
154,0.0,1.0,0.0,0.0
155,0.2,0.0,0.0,0.8
156,0.0,1.0,0.0,0.0
157,,,,
158,0.3333333333333333,0.0,0.6666666666666666,0.0
159,0.1111111111111111,0.7777777777777778,0.1111111111111111,0.0
160,0.0,0.08,0.0,0.92
161,0.0,1.0,0.0,0.0
162,0.0,0.0,0.6666666666666666,0.3333333333333333
163,0.0,0.6666666666666666,0.0,0.3333333333333333
164,0.2857142857142857,0.7142857142857143,0.0,0.0
165,0.0,0.0,1.0,0.0
166,0.0,1.0,0.0,0.0
167,0.0,0.9333333333333333,0.06666666666666667,0.0
168,,,,
169,0.0,0.0,0.0,1.0
170,0.3333333333333333,0.5,0.0,0.16666666666666666
171,0.0,0.0,0.6666666666666666,0.3333333333333333
172,0.1,0.8333333333333334,0.0,0.06666666666666667
173,0.0,0.0,0.0,1.0
174,0.0,0.5,0.25,0.25
175,0.3333333333333333,0.0,0.0,0.6666666666666666
176,0.5,0.0,0.5,0.0
177,0.3333333333333333,0.16666666666666666,0.5,0.0
178,0.0,0.8846153846153846,0.0,0.11538461538461539
179,0.2222222222222222,0.0,0.0,0.7777777777777778
180,,,,
181,0.0,0.0,1.0,0.0
182,0.0,0.0,0.0,1.0
183,0.0,1.0,0.0,0.0
184,0.0,0.25,0.75,0.0
185,0.0,0.0,0.0,1.0
186,0.0,0.0,0.0,1.0
187,0.5,0.0,0.0,0.5
188,0.0,1.0,0.0,0.0
189,,,,
190,,,,
191,1.0,0.0,0.0,0.0
192,,,,
193,,,,
194,0.5,0.0,0.5,0.0
195,0.0,0.0,1.0,0.0
196,0.0,0.0,1.0,0.0
197,,,,
198,0.0,0.0,1.0,0.0
199,1.0,0.0,0.0,0.0
200,0.0,1.0,0.0,0.0
201,,,,
202,,,,
203,0.0,0.0,1.0,0.0
204,0.0,1.0,0.0,0.0
205,0.0,1.0,0.0,0.0
206,0.0,0.0,0.0,1.0
207,0.0,0.0,0.0,1.0
208,0.0,0.0,0.0,1.0
209,0.9523809523809523,0.0,0.0,0.047619047619047616
210,0.0,0.9333333333333333,0.0,0.06666666666666667
211,,,,
212,0.0,0.1111111111111111,0.8148148148148148,0.07407407407407407
213,0.0,0.0,1.0,0.0
214,,,,
215,0.0,0.75,0.15,0.1
216,0.7142857142857143,0.2857142857142857,0.0,0.0
217,,,,
218,0.0,0.041666666666666664,0.8333333333333334,0.125
219,1.0,0.0,0.0,0.0
220,,,,
221,0.0,0.0,1.0,0.0
222,0.0,0.0,0.21052631578947367,0.7894736842105263
223,0.0625,0.90625,0.0,0.03125
224,0.25,0.75,0.0,0.0
225,0.0,0.0,1.0,0.0
226,,,,
227,0.0,0.0,1.0,0.0
228,0.0,0.0,1.0,0.0
229,0.0,0.5,0.5,0.0
230,0.0,1.0,0.0,0.0
231,,,,
232,0.0,0.043478260869565216,0.9130434782608695,0.043478260869565216
233,0.058823529411764705,0.0,0.0,0.9411764705882353
234,0.0,0.0,0.0,1.0
235,0.0,0.0,0.08333333333333333,0.9166666666666666
236,0.08,0.6,0.0,0.32
237,0.0,0.0,1.0,0.0
238,,,,
239,0.0,0.0,0.0,1.0
240,0.0,0.0,1.0,0.0
241,0.0,0.0,0.0,1.0
242,,,,
243,,,,
244,,,,
245,0.5,0.5,0.0,0.0
246,0.0,0.5,0.5,0.0
247,0.0,0.75,0.25,0.0
248,0.8461538461538461,0.07692307692307693,0.0,0.07692307692307693
249,0.0,0.0,0.08,0.92
250,,,,
251,,,,
252,,,,
253,0.0967741935483871,0.9032258064516129,0.0,0.0
254,0.0,0.0,0.07407407407407407,0.9259259259259259
255,0.0,0.0,1.0,0.0
256,,,,
257,0.5,0.0,0.5,0.0
258,,,,
259,0.0,1.0,0.0,0.0
260,0.0,1.0,0.0,0.0
261,0.0,1.0,0.0,0.0
262,,,,
263,0.0,0.0,0.0,1.0
264,0.0,1.0,0.0,0.0
265,,,,
266,0.0,1.0,0.0,0.0
267,,,,
268,,,,
269,0.5,0.5,0.0,0.0
270,,,,
271,,,,
272,,,,
273,0.0,0.0,0.3333333333333333,0.6666666666666666
274,,,,
275,,,,
276,,,,
277,,,,
278,0.0,0.0,0.0,1.0
279,0.5,0.5,0.0,0.0
280,,,,
281,0.06896551724137931,0.7931034482758621,0.0,0.13793103448275862
282,,,,
283,,,,
284,0.0,1.0,0.0,0.0
285,,,,
286,0.0,0.0,0.0,1.0
287,0.0,0.0,0.0,1.0
288,,,,
289,0.0,0.0,0.0,1.0
290,0.0,0.0,1.0,0.0
291,,,,
292,,,,
293,,,,
294,,,,
295,,,,
296,,,,
297,,,,
298,,,,
299,,,,
300,,,,
301,,,,
302,,,,
303,,,,
304,,,,
305,,,,
306,,,,
307,,,,
308,,,,
309,,,,
310,,,,
311,,,,
312,,,,
313,,,,
