,A,C,G,T
0,,,,
1,,,,
2,0.4925373134328358,0.47761194029850745,0.0,0.029850746268656716
3,0.7209302325581395,0.18604651162790697,0.0,0.09302325581395349
4,0.3333333333333333,0.6666666666666666,0.0,0.0
5,0.4358974358974359,0.16666666666666666,0.0,0.3974358974358974
6,0.35294117647058826,0.0,0.47058823529411764,0.17647058823529413
7,0.0,0.030303030303030304,0.6060606060606061,0.36363636363636365
8,0.6666666666666666,0.22916666666666666,0.0,0.10416666666666667
9,0.05263157894736842,0.0,0.10526315789473684,0.8421052631578947
10,0.0,1.0,0.0,0.0
11,0.29411764705882354,0.6666666666666666,0.0,0.0392156862745098
12,0.5555555555555556,0.0,0.4444444444444444,0.0
13,0.0,0.020833333333333332,0.5833333333333334,0.3958333333333333
14,0.7857142857142857,0.11224489795918367,0.0,0.10204081632653061
15,0.0,1.0,0.0,0.0
16,0.0,0.6666666666666666,0.25,0.08333333333333333
17,0.8947368421052632,0.05263157894736842,0.0,0.05263157894736842
18,0.0,0.3333333333333333,0.6666666666666666,0.0
19,1.0,0.0,0.0,0.0
20,0.7777777777777778,0.2222222222222222,0.0,0.0
21,0.0,0.42857142857142855,0.0,0.5714285714285714
22,0.0,0.6,0.0,0.4
23,0.058823529411764705,0.0,0.8529411764705882,0.08823529411764706
24,0.2,0.0,0.2,0.6
25,0.4166666666666667,0.0,0.5,0.08333333333333333
26,0.0,0.24096385542168675,0.6626506024096386,0.0963855421686747
27,0.6338028169014085,0.352112676056338,0.0,0.014084507042253521
28,0.6428571428571429,0.21428571428571427,0.0,0.14285714285714285
29,0.0,0.07894736842105263,0.49122807017543857,0.4298245614035088
30,0.10526315789473684,0.0,0.7894736842105263,0.10526315789473684
31,0.59375,0.03125,0.375,0.0
32,0.7547169811320755,0.1320754716981132,0.0,0.11320754716981132
33,0.029411764705882353,0.9117647058823529,0.0,0.058823529411764705
34,0.0,1.0,0.0,0.0
35,0.5,0.0,0.0,0.5
36,0.0,0.5555555555555556,0.4444444444444444,0.0
37,0.0,0.06818181818181818,0.9204545454545454,0.011363636363636364
38,0.2857142857142857,0.2857142857142857,0.0,0.42857142857142855
39,0.21875,0.0,0.46875,0.3125
40,0.6,0.0,0.0,0.4
41,0.0379746835443038,0.9113924050632911,0.05063291139240506,0.0
42,0.0,0.5,0.5,0.0
43,0.08333333333333333,0.0,0.0,0.9166666666666666
44,0.0,0.14285714285714285,0.7032967032967034,0.15384615384615385
45,0.0078125,0.0,0.96875,0.0234375
46,0.0,0.9047619047619048,0.09523809523809523,0.0
47,0.8461538461538461,0.07692307692307693,0.0,0.07692307692307693
48,0.0,0.5384615384615384,0.38461538461538464,0.07692307692307693
49,0.3333333333333333,0.0,0.3888888888888889,0.2777777777777778
50,0.5714285714285714,0.0,0.35714285714285715,0.07142857142857142
51,0.5714285714285714,0.0,0.09523809523809523,0.3333333333333333
52,0.3333333333333333,0.3333333333333333,0.3333333333333333,0.0
53,0.4583333333333333,0.125,0.0,0.4166666666666667
54,0.46153846153846156,0.15384615384615385,0.38461538461538464,0.0
55,0.4,0.0,0.0,0.6
56,0.2,0.0,0.3090909090909091,0.4909090909090909
57,0.23076923076923078,0.0,0.6923076923076923,0.07692307692307693
58,0.2727272727272727,0.2727272727272727,0.45454545454545453,0.0
59,0.016129032258064516,0.0,0.8387096774193549,0.14516129032258066
60,0.0,0.1875,0.46875,0.34375
61,0.17333333333333334,0.0,0.38666666666666666,0.44
62,0.11711711711711711,0.0,0.3963963963963964,0.4864864864864865
63,0.16666666666666666,0.5,0.3333333333333333,0.0
64,0.07142857142857142,0.35714285714285715,0.0,0.5714285714285714
65,0.7769230769230769,0.0,0.2230769230769231,0.0
66,0.0,0.11442786069651742,0.3781094527363184,0.5074626865671642
67,0.11347517730496454,0.0,0.6134751773049646,0.2730496453900709
68,0.30612244897959184,0.6530612244897959,0.04081632653061224,0.0
69,0.045454545454545456,0.18181818181818182,0.0,0.7727272727272727
70,0.5,0.3333333333333333,0.16666666666666666,0.0
71,0.045454545454545456,0.0,0.6136363636363636,0.3409090909090909
72,0.3409090909090909,0.5,0.1590909090909091,0.0
73,0.08,0.0,0.6,0.32
74,0.28225806451612906,0.6370967741935484,0.08064516129032258,0.0
75,0.46875,0.375,0.0,0.15625
76,0.76,0.06,0.0,0.18
77,0.45454545454545453,0.494949494949495,0.050505050505050504,0.0
78,0.15789473684210525,0.3684210526315789,0.0,0.47368421052631576
79,0.6158940397350994,0.24834437086092714,0.0,0.1357615894039735
80,0.030303030303030304,0.0,0.21212121212121213,0.7575757575757576
81,0.36065573770491804,0.45901639344262296,0.18032786885245902,0.0
82,0.2222222222222222,0.0,0.0,0.7777777777777778
83,0.4444444444444444,0.0,0.16666666666666666,0.3888888888888889
84,0.0,0.37575757575757573,0.5393939393939394,0.08484848484848485
85,0.1111111111111111,0.6666666666666666,0.2222222222222222,0.0
86,0.25190839694656486,0.0,0.48091603053435117,0.26717557251908397
87,0.0,0.1271186440677966,0.7627118644067796,0.11016949152542373
88,0.705685618729097,0.2608695652173913,0.0,0.033444816053511704
89,0.18181818181818182,0.0,0.2878787878787879,0.5303030303030303
90,0.0,0.24096385542168675,0.6265060240963856,0.13253012048192772
91,0.39072847682119205,0.33774834437086093,0.0,0.271523178807947
92,0.31386861313868614,0.5693430656934306,0.11678832116788321,0.0
93,0.3381294964028777,0.5611510791366906,0.0,0.10071942446043165
94,0.46153846153846156,0.4,0.0,0.13846153846153847
95,0.5906040268456376,0.3087248322147651,0.10067114093959731,0.0
96,0.46835443037974683,0.37341772151898733,0.0,0.15822784810126583
97,0.7574931880108992,0.2016348773841962,0.0,0.04087193460490463
98,0.19387755102040816,0.5102040816326531,0.29591836734693877,0.0
99,0.17647058823529413,0.6199095022624435,0.20361990950226244,0.0
100,0.0,0.5294117647058824,0.022058823529411766,0.4485294117647059
101,0.23026315789473684,0.0,0.05921052631578947,0.7105263157894737
102,0.015625,0.875,0.109375,0.0
103,0.0,0.2635135135135135,0.31756756756756754,0.4189189189189189
104,0.08823529411764706,0.0,0.10294117647058823,0.8088235294117647
105,0.0,0.4,0.6,0.0
106,0.42857142857142855,0.14285714285714285,0.0,0.42857142857142855
107,0.07692307692307693,0.9230769230769231,0.0,0.0
108,0.0,0.32786885245901637,0.5901639344262295,0.08196721311475409
109,0.3033033033033033,0.6846846846846847,0.0,0.012012012012012012
110,0.012448132780082987,0.0,0.11618257261410789,0.8713692946058091
111,0.0,0.5,0.5,0.0
112,0.0,0.0,0.0,1.0
113,0.0,0.0,0.0,1.0
114,0.0,0.19166666666666668,0.7666666666666667,0.041666666666666664
115,0.16666666666666666,0.5,0.3333333333333333,0.0
116,0.2,0.0,0.275,0.525
117,0.0,0.0,0.0,1.0
118,0.5,0.5,0.0,0.0
119,0.0,0.0,0.7037037037037037,0.2962962962962963
120,0.5,0.0,0.5,0.0
121,0.0,0.07407407407407407,0.07407407407407407,0.8518518518518519
122,0.48299319727891155,0.5034013605442177,0.0,0.013605442176870748
123,0.04807692307692308,0.0,0.125,0.8269230769230769
124,0.0,0.10424710424710425,0.4671814671814672,0.42857142857142855
125,0.24242424242424243,0.0,0.5757575757575758,0.18181818181818182
126,0.2,0.0,0.4,0.4
127,0.6,0.0,0.2,0.2
128,0.0,0.4375,0.14583333333333334,0.4166666666666667
129,0.4444444444444444,0.1111111111111111,0.0,0.4444444444444444
130,0.6582278481012658,0.1518987341772152,0.0,0.189873417721519
131,0.7671232876712328,0.1232876712328767,0.0,0.1095890410958904
132,0.0,0.49056603773584906,0.5094339622641509,0.0
133,0.0,0.06666666666666667,0.7,0.23333333333333334
134,0.6666666666666666,0.25,0.0,0.08333333333333333
135,0.25,0.25,0.0,0.5
136,0.24390243902439024,0.5609756097560976,0.0,0.1951219512195122
137,0.14285714285714285,0.0,0.2,0.6571428571428571
138,0.0,0.0,0.0,1.0
139,0.0,0.42857142857142855,0.5714285714285714,0.0
140,0.5263157894736842,0.10526315789473684,0.0,0.3684210526315789
141,0.0,0.9629629629629629,0.0,0.037037037037037035
142,0.0,0.6666666666666666,0.3333333333333333,0.0
143,0.937984496124031,0.05426356589147287,0.0,0.007751937984496124
144,0.5,0.5,0.0,0.0
145,0.3333333333333333,0.3333333333333333,0.0,0.3333333333333333
146,0.0,0.4444444444444444,0.0,0.5555555555555556
147,0.0,0.8043478260869565,0.18478260869565216,0.010869565217391304
148,0.5,0.0,0.5,0.0
149,0.10101010101010101,0.5656565656565656,0.3333333333333333,0.0
150,0.5,0.16666666666666666,0.0,0.3333333333333333
151,0.02,0.96,0.0,0.02
152,0.4957983193277311,0.3445378151260504,0.0,0.15966386554621848
153,0.3894736842105263,0.4631578947368421,0.14736842105263157,0.0
154,0.0,0.08759124087591241,0.145985401459854,0.7664233576642335
155,0.12195121951219512,0.0,0.07317073170731707,0.8048780487804879
156,0.0,0.07462686567164178,0.835820895522388,0.08955223880597014
157,0.058823529411764705,0.7941176470588235,0.14705882352941177,0.0
158,0.0851063829787234,0.0,0.5851063829787234,0.32978723404255317
159,0.125,0.49166666666666664,0.38333333333333336,0.0
160,0.0,0.41346153846153844,0.028846153846153848,0.5576923076923077
161,0.019867549668874173,0.9205298013245033,0.059602649006622516,0.0
162,0.33458646616541354,0.5526315789473685,0.11278195488721804,0.0
163,0.0,0.851063829787234,0.06382978723404255,0.0851063829787234
164,0.006756756756756757,0.0,0.07432432432432433,0.918918918918919
165,0.0,0.0851063829787234,0.723404255319149,0.19148936170212766
166,0.3441295546558704,0.6153846153846154,0.0,0.04048582995951417
167,0.2647058823529412,0.5882352941176471,0.14705882352941177,0.0
168,0.25,0.08333333333333333,0.0,0.6666666666666666
169,0.4090909090909091,0.22727272727272727,0.0,0.36363636363636365
170,0.5172413793103449,0.35344827586206895,0.0,0.12931034482758622
171,0.0,0.18181818181818182,0.7373737373737373,0.08080808080808081
172,0.5266903914590747,0.3309608540925267,0.0,0.1423487544483986
173,0.2727272727272727,0.0,0.22727272727272727,0.5
174,0.0,0.17142857142857143,0.6785714285714286,0.15
175,0.203125,0.0,0.234375,0.5625
176,0.4742268041237113,0.0,0.18556701030927836,0.3402061855670103
177,0.287292817679558,0.56353591160221,0.14917127071823205,0.0
178,0.0,0.36312849162011174,0.0670391061452514,0.5698324022346368
179,0.040983606557377046,0.0,0.26229508196721313,0.6967213114754098
180,0.2222222222222222,0.4074074074074074,0.37037037037037035,0.0
181,0.0,0.36585365853658536,0.12195121951219512,0.5121951219512195
182,0.05263157894736842,0.0,0.010526315789473684,0.9368421052631579
183,0.0,0.6086956521739131,0.36231884057971014,0.028985507246376812
184,0.0,0.3416666666666667,0.6,0.058333333333333334
185,0.18181818181818182,0.0,0.17482517482517482,0.6433566433566433
186,0.15384615384615385,0.0,0.34615384615384615,0.5
187,0.18518518518518517,0.0,0.07407407407407407,0.7407407407407407
188,0.09090909090909091,0.7575757575757576,0.0,0.15151515151515152
189,0.06818181818181818,0.09090909090909091,0.8409090909090909,0.0
190,0.8333333333333334,0.0,0.16666666666666666,0.0
191,0.5238095238095238,0.0,0.1746031746031746,0.30158730158730157
192,0.030303030303030304,0.0,0.45454545454545453,0.5151515151515151
193,0.3333333333333333,0.0,0.6666666666666666,0.0
194,0.11904761904761904,0.0,0.6904761904761905,0.19047619047619047
195,0.0,0.53,0.46,0.01
196,0.0,0.1889763779527559,0.6614173228346457,0.14960629921259844
197,0.2857142857142857,0.47619047619047616,0.0,0.23809523809523808
198,0.0,0.030612244897959183,0.9387755102040817,0.030612244897959183
199,0.5789473684210527,0.3684210526315789,0.0,0.05263157894736842
200,0.05128205128205128,0.5897435897435898,0.358974358974359,0.0
201,0.2,0.0,0.6,0.2
202,0.6363636363636364,0.36363636363636365,0.0,0.0
203,0.0,0.3157894736842105,0.6105263157894737,0.07368421052631578
204,0.33976833976833976,0.6216216216216216,0.0,0.03861003861003861
205,0.0196078431372549,0.45098039215686275,0.5294117647058824,0.0
206,0.09349593495934959,0.7113821138211383,0.1951219512195122,0.0
207,0.0,0.011320754716981131,0.32075471698113206,0.6679245283018868
208,0.06735751295336788,0.0,0.20207253886010362,0.7305699481865285
209,0.0759493670886076,0.0,0.35443037974683544,0.569620253164557
210,0.0,0.2236842105263158,0.32894736842105265,0.4473684210526316
211,0.0,0.3,0.7,0.0
212,0.0,0.16338028169014085,0.48450704225352115,0.352112676056338
213,0.34615384615384615,0.0,0.6538461538461539,0.0
214,0.07142857142857142,0.0,0.6428571428571429,0.2857142857142857
215,0.0,0.2358490566037736,0.3867924528301887,0.37735849056603776
216,0.46496815286624205,0.445859872611465,0.0,0.08917197452229299
217,0.2638888888888889,0.2777777777777778,0.4583333333333333,0.0
218,0.0,0.22054380664652568,0.5468277945619335,0.2326283987915408
219,0.041666666666666664,0.7083333333333334,0.0,0.25
220,0.0,0.2777777777777778,0.2777777777777778,0.4444444444444444
221,0.3333333333333333,0.0,0.2222222222222222,0.4444444444444444
222,0.0,0.10526315789473684,0.5639097744360902,0.3308270676691729
223,0.3177570093457944,0.0,0.4672897196261682,0.21495327102803738
224,0.7384615384615385,0.2153846153846154,0.0,0.046153846153846156
225,0.3611111111111111,0.2222222222222222,0.4166666666666667,0.0
226,0.5555555555555556,0.0,0.4444444444444444,0.0
227,0.4095238095238095,0.37142857142857144,0.21904761904761905,0.0
228,0.0,0.448,0.52,0.032
229,0.0,0.24324324324324326,0.7567567567567568,0.0
230,0.24210526315789474,0.7157894736842105,0.0,0.042105263157894736
231,0.0,0.2972972972972973,0.6486486486486487,0.05405405405405406
232,0.0,0.08536585365853659,0.8658536585365854,0.04878048780487805
233,0.038834951456310676,0.0,0.30097087378640774,0.6601941747572816
234,0.29333333333333333,0.0,0.5733333333333334,0.13333333333333333
235,0.0,0.2727272727272727,0.5151515151515151,0.21212121212121213
236,0.5698324022346368,0.40782122905027934,0.0,0.0223463687150838
237,0.4411764705882353,0.35294117647058826,0.20588235294117646,0.0
238,0.45454545454545453,0.09090909090909091,0.45454545454545453,0.0
239,0.07936507936507936,0.0,0.07142857142857142,0.8492063492063492
240,0.5714285714285714,0.0,0.42857142857142855,0.0
241,0.5344827586206896,0.0,0.017241379310344827,0.4482758620689655
242,0.1926605504587156,0.0,0.42201834862385323,0.3853211009174312
243,0.1282051282051282,0.0,0.05128205128205128,0.8205128205128205
244,0.0,0.2222222222222222,0.7777777777777778,0.0
245,0.23076923076923078,0.5769230769230769,0.0,0.19230769230769232
246,0.0,0.6086956521739131,0.3695652173913043,0.021739130434782608
247,0.0,0.32167832167832167,0.6328671328671329,0.045454545454545456
248,0.31212121212121213,0.4,0.0,0.2878787878787879
249,0.12,0.0,0.205,0.675
250,0.0,0.6,0.4,0.0
251,0.4125,0.125,0.0,0.4625
252,0.0,0.25892857142857145,0.6160714285714286,0.125
253,0.2182890855457227,0.7020648967551623,0.0,0.07964601769911504
254,0.09836065573770492,0.0,0.30601092896174864,0.5956284153005464
255,0.0967741935483871,0.03225806451612903,0.8709677419354839,0.0
256,0.375,0.0,0.25,0.375
257,0.29347826086956524,0.5978260869565217,0.10869565217391304,0.0
258,0.4,0.38823529411764707,0.0,0.21176470588235294
259,0.15,0.5,0.35,0.0
260,0.18032786885245902,0.5573770491803278,0.0,0.26229508196721313
261,0.0,0.16666666666666666,0.0,0.8333333333333334
262,0.38461538461538464,0.0,0.38461538461538464,0.23076923076923078
263,0.13953488372093023,0.4186046511627907,0.4418604651162791,0.0
264,0.25,0.5,0.0,0.25
265,0.07954545454545454,0.0,0.06818181818181818,0.8522727272727273
266,0.2,0.0,0.4,0.4
267,0.9333333333333333,0.0,0.0,0.06666666666666667
268,0.7692307692307693,0.0,0.15384615384615385,0.07692307692307693
269,0.6,0.075,0.0,0.325
270,0.3333333333333333,0.16666666666666666,0.0,0.5
271,,,,
272,0.0,0.0,0.4,0.6
273,0.0,0.06451612903225806,0.3870967741935484,0.5483870967741935
274,0.3,0.0,0.2,0.5
275,0.5,0.25,0.0,0.25
276,0.6,0.2,0.0,0.2
277,0.09090909090909091,0.0,0.8181818181818182,0.09090909090909091
278,0.10256410256410256,0.0,0.02564102564102564,0.8717948717948718
279,0.7149321266968326,0.248868778280543,0.0,0.03619909502262444
280,0.04,0.84,0.12,0.0
281,0.26406926406926406,0.38095238095238093,0.0,0.354978354978355
282,0.3333333333333333,0.6666666666666666,0.0,0.0
283,0.0,0.5,0.3333333333333333,0.16666666666666666
284,0.0,0.9090909090909091,0.09090909090909091,0.0
285,0.0,0.9565217391304348,0.043478260869565216,0.0
286,0.0,0.008264462809917356,0.03305785123966942,0.9586776859504132
287,0.005988023952095809,0.0,0.011976047904191617,0.9820359281437125
288,0.1,0.0,0.9,0.0
289,0.3333333333333333,0.2222222222222222,0.0,0.4444444444444444
290,0.0,0.4583333333333333,0.5416666666666666,0.0
291,0.7916666666666666,0.08333333333333333,0.0,0.125
292,0.2,0.0,0.02857142857142857,0.7714285714285715
293,0.10714285714285714,0.7142857142857143,0.0,0.17857142857142858
294,0.0,0.8854166666666666,0.11458333333333333,0.0
295,0.6666666666666666,0.2222222222222222,0.0,0.1111111111111111
296,0.0,0.05555555555555555,0.8888888888888888,0.05555555555555555
297,0.2,0.6,0.0,0.2
298,0.0,0.25,0.25,0.5
299,0.0,1.0,0.0,0.0
300,0.2857142857142857,0.0,0.42857142857142855,0.2857142857142857
301,,,,
302,0.6666666666666666,0.0,0.0,0.3333333333333333
303,0.0,1.0,0.0,0.0
304,1.0,0.0,0.0,0.0
305,,,,
306,,,,
307,,,,
308,,,,
309,,,,
310,,,,
311,,,,
312,,,,
313,,,,
314,,,,
315,,,,
316,,,,
317,,,,
318,,,,
