,A,C,G,T
0,,,,
1,,,,
2,0.8,0.12,0.0,0.08
3,0.3611111111111111,0.4444444444444444,0.0,0.19444444444444445
4,0.8,0.12,0.08,0.0
5,0.6859504132231405,0.10743801652892562,0.0,0.2066115702479339
6,0.25925925925925924,0.0,0.6851851851851852,0.05555555555555555
7,0.0,0.4189189189189189,0.4864864864864865,0.0945945945945946
8,0.6310395314787701,0.33528550512445093,0.0,0.03367496339677892
9,0.050359712230215826,0.0,0.2446043165467626,0.7050359712230215
10,0.35,0.6,0.05,0.0
11,0.0,0.13240418118466898,0.6672473867595818,0.20034843205574912
12,0.4148936170212766,0.0,0.5319148936170213,0.05319148936170213
13,0.0,0.013605442176870748,0.8027210884353742,0.1836734693877551
14,0.1826625386996904,0.4984520123839009,0.0,0.3188854489164087
15,0.07142857142857142,0.0,0.8571428571428571,0.07142857142857142
16,0.0,0.2549019607843137,0.0392156862745098,0.7058823529411765
17,0.8375,0.1,0.0,0.0625
18,0.38095238095238093,0.35714285714285715,0.2619047619047619,0.0
19,0.0,0.6176470588235294,0.0,0.38235294117647056
20,0.041666666666666664,0.125,0.0,0.8333333333333334
21,0.2727272727272727,0.09090909090909091,0.0,0.6363636363636364
22,0.29411764705882354,0.17647058823529413,0.0,0.5294117647058824
23,0.07692307692307693,0.0,0.38461538461538464,0.5384615384615384
24,0.6210526315789474,0.29473684210526313,0.0,0.08421052631578947
25,0.1388888888888889,0.0,0.5555555555555556,0.3055555555555556
26,0.0,0.07894736842105263,0.5789473684210527,0.34210526315789475
27,0.4318181818181818,0.38636363636363635,0.0,0.18181818181818182
28,0.37037037037037035,0.48148148148148145,0.0,0.14814814814814814
29,0.0,0.4952076677316294,0.2779552715654952,0.2268370607028754
30,0.15789473684210525,0.0,0.39473684210526316,0.4473684210526316
31,0.5333333333333333,0.2833333333333333,0.18333333333333332,0.0
32,0.4026666666666667,0.18133333333333335,0.0,0.416
33,0.04830917874396135,0.41545893719806765,0.5362318840579711,0.0
34,0.4444444444444444,0.3333333333333333,0.2222222222222222,0.0
35,0.6285714285714286,0.17142857142857143,0.0,0.2
36,0.0,0.6923076923076923,0.2564102564102564,0.05128205128205128
37,0.0,0.24561403508771928,0.7192982456140351,0.03508771929824561
38,0.2714285714285714,0.4714285714285714,0.0,0.2571428571428571
39,0.07142857142857142,0.0,0.19047619047619047,0.7380952380952381
40,0.4,0.0,0.26666666666666666,0.3333333333333333
41,0.050955414012738856,0.8471337579617835,0.10191082802547771,0.0
42,0.3125,0.3125,0.375,0.0
43,0.2631578947368421,0.0,0.15789473684210525,0.5789473684210527
44,0.28,0.2,0.0,0.52
45,0.30434782608695654,0.2608695652173913,0.0,0.43478260869565216
46,0.0,0.2571428571428571,0.6428571428571429,0.1
47,0.47540983606557374,0.19672131147540983,0.0,0.32786885245901637
48,0.0,0.4,0.2,0.4
49,0.21739130434782608,0.0,0.391304347826087,0.391304347826087
50,0.19753086419753085,0.0,0.24691358024691357,0.5555555555555556
51,0.4,0.0,0.35,0.25
52,0.5,0.3333333333333333,0.16666666666666666,0.0
53,0.4065934065934066,0.12087912087912088,0.0,0.4725274725274725
54,0.6607142857142857,0.08928571428571429,0.25,0.0
55,0.45,0.0,0.15,0.4
56,0.45794392523364486,0.0,0.18691588785046728,0.35514018691588783
57,0.23076923076923078,0.0,0.6666666666666666,0.10256410256410256
58,0.10526315789473684,0.5789473684210527,0.3157894736842105,0.0
59,0.3695652173913043,0.0,0.17391304347826086,0.45652173913043476
60,0.0,0.3559322033898305,0.559322033898305,0.0847457627118644
61,0.3,0.0,0.45625,0.24375
62,0.17898832684824903,0.0,0.42023346303501946,0.40077821011673154
63,0.5,0.3333333333333333,0.16666666666666666,0.0
64,0.11538461538461539,0.23076923076923078,0.0,0.6538461538461539
65,0.030303030303030304,0.0,0.09090909090909091,0.8787878787878788
66,0.6923076923076923,0.07692307692307693,0.0,0.23076923076923078
67,0.19419642857142858,0.0,0.6830357142857143,0.12276785714285714
68,0.3434343434343434,0.3838383838383838,0.2727272727272727,0.0
69,0.503731343283582,0.34701492537313433,0.0,0.14925373134328357
70,0.21875,0.625,0.15625,0.0
71,0.12211981566820276,0.0,0.46543778801843316,0.41244239631336405
72,0.3220338983050847,0.4152542372881356,0.2627118644067797,0.0
73,0.0,0.7205240174672489,0.16302765647743814,0.11644832605531295
74,0.15,0.5375,0.3125,0.0
75,0.8076923076923077,0.09615384615384616,0.0,0.09615384615384616
76,0.7073170731707317,0.10365853658536585,0.0,0.18902439024390244
77,0.23853211009174313,0.41284403669724773,0.3486238532110092,0.0
78,0.2621359223300971,0.5048543689320388,0.0,0.23300970873786409
79,0.6639566395663956,0.25745257452574527,0.0,0.07859078590785908
80,0.48186528497409326,0.3316062176165803,0.0,0.18652849740932642
81,0.13846153846153847,0.7076923076923077,0.15384615384615385,0.0
82,0.11290322580645161,0.0,0.03225806451612903,0.8548387096774194
83,0.26229508196721313,0.0,0.28524590163934427,0.4524590163934426
84,0.0755287009063444,0.8126888217522659,0.11178247734138973,0.0
85,0.19230769230769232,0.6153846153846154,0.19230769230769232,0.0
86,0.17880794701986755,0.0,0.4304635761589404,0.39072847682119205
87,0.0,0.3482142857142857,0.5892857142857143,0.0625
88,0.5792778649921507,0.3516483516483517,0.0,0.06907378335949764
89,0.2799145299145299,0.1858974358974359,0.5341880341880342,0.0
90,0.6974063400576369,0.1844380403458213,0.0,0.11815561959654179
91,0.7639344262295082,0.17704918032786884,0.0,0.05901639344262295
92,0.35661764705882354,0.5294117647058824,0.11397058823529412,0.0
93,0.3005952380952381,0.4523809523809524,0.24702380952380953,0.0
94,0.0,0.3488372093023256,0.05581395348837209,0.5953488372093023
95,0.02356020942408377,0.0,0.04712041884816754,0.9293193717277487
96,0.171875,0.703125,0.125,0.0
97,0.0,0.2366412213740458,0.07442748091603053,0.6889312977099237
98,0.07729468599033816,0.0,0.16908212560386474,0.7536231884057971
99,0.0,0.6470588235294118,0.35294117647058826,0.0
100,0.3,0.03333333333333333,0.0,0.6666666666666666
101,0.2,0.5555555555555556,0.0,0.24444444444444444
102,0.0,0.15675675675675677,0.6972972972972973,0.14594594594594595
103,0.4674329501915709,0.49137931034482757,0.0,0.04118773946360153
104,0.015037593984962405,0.0,0.13032581453634084,0.8546365914786967
105,0.0,0.4444444444444444,0.5555555555555556,0.0
106,0.0,0.11764705882352941,0.0,0.8823529411764706
107,0.0,0.5,0.0,0.5
108,0.0,0.15267175572519084,0.7213740458015268,0.12595419847328243
109,0.08333333333333333,0.5,0.4166666666666667,0.0
110,0.42105263157894735,0.0,0.04784688995215311,0.5311004784688995
111,0.5833333333333334,0.0,0.3333333333333333,0.08333333333333333
112,0.3076923076923077,0.23076923076923078,0.0,0.46153846153846156
113,0.11650485436893204,0.0,0.5436893203883495,0.33980582524271846
114,0.5833333333333334,0.0,0.4166666666666667,0.0
115,0.0,0.25,0.42857142857142855,0.32142857142857145
116,0.48148148148148145,0.25925925925925924,0.0,0.25925925925925924
117,0.38927507447864945,0.0,0.15491559086395235,0.4558093346573982
118,0.15217391304347827,0.0,0.3695652173913043,0.4782608695652174
119,0.1111111111111111,0.0,0.18518518518518517,0.7037037037037037
120,0.20833333333333334,0.0,0.2916666666666667,0.5
121,0.5666666666666667,0.0,0.03333333333333333,0.4
122,0.0,0.6815286624203821,0.1337579617834395,0.18471337579617833
123,0.7058823529411765,0.29411764705882354,0.0,0.0
124,0.10899182561307902,0.051771117166212535,0.0,0.8392370572207084
125,0.5463414634146342,0.05365853658536585,0.0,0.4
126,0.0,0.2440944881889764,0.7559055118110236,0.0
127,0.0,0.15527950310559005,0.7577639751552795,0.08695652173913043
128,0.4,0.3,0.0,0.3
129,0.4,0.5111111111111111,0.0,0.08888888888888889
130,0.13333333333333333,0.7666666666666667,0.0,0.1
131,0.5792778649921507,0.2857142857142857,0.0,0.13500784929356358
132,0.0625,0.0,0.16666666666666666,0.7708333333333334
133,0.01818181818181818,0.7272727272727273,0.2545454545454545,0.0
134,0.5875,0.275,0.0,0.1375
135,0.029411764705882353,0.8235294117647058,0.0,0.14705882352941177
136,0.0,0.6111111111111112,0.3333333333333333,0.05555555555555555
137,0.8484848484848485,0.030303030303030304,0.0,0.12121212121212122
138,0.47619047619047616,0.047619047619047616,0.47619047619047616,0.0
139,0.5,0.0,0.0,0.5
140,0.0,0.7714285714285715,0.0,0.22857142857142856
141,0.0,0.550561797752809,0.43820224719101125,0.011235955056179775
142,0.16666666666666666,0.25,0.5833333333333334,0.0
143,0.03908794788273615,0.20195439739413681,0.758957654723127,0.0
144,0.0,0.18181818181818182,0.0,0.8181818181818182
145,0.08823529411764706,0.8235294117647058,0.0,0.08823529411764706
146,0.781431334622824,0.14990328820116053,0.0,0.06866537717601548
147,0.7555012224938875,0.1882640586797066,0.0,0.05623471882640587
148,0.0,0.16541353383458646,0.6015037593984962,0.23308270676691728
149,0.0,0.29376854599406527,0.3887240356083086,0.31750741839762614
150,0.0,0.028925619834710745,0.8223140495867769,0.1487603305785124
151,0.07758620689655173,0.4224137931034483,0.5,0.0
152,0.5108695652173914,0.0,0.15217391304347827,0.33695652173913043
153,0.0,0.3779697624190065,0.326133909287257,0.2958963282937365
154,0.2490974729241877,0.22382671480144403,0.5270758122743683,0.0
155,0.14685314685314685,0.6293706293706294,0.22377622377622378,0.0
156,0.07741935483870968,0.0,0.6548387096774193,0.267741935483871
157,0.0,0.5483870967741935,0.23655913978494625,0.21505376344086022
158,0.2752902155887231,0.42786069651741293,0.296849087893864,0.0
159,0.0,0.31295843520782396,0.5770171149144254,0.1100244498777506
160,0.47035573122529645,0.4189723320158103,0.0,0.11067193675889328
161,0.3037037037037037,0.5481481481481482,0.14814814814814814,0.0
162,0.3787878787878788,0.4393939393939394,0.0,0.18181818181818182
163,0.5327102803738317,0.12149532710280374,0.0,0.34579439252336447
164,0.0,0.24438902743142144,0.7007481296758105,0.05486284289276808
165,0.0,0.14166666666666666,0.75625,0.10208333333333333
166,0.3962516733601071,0.4725568942436412,0.0,0.13119143239625167
167,0.3,0.0,0.1864864864864865,0.5135135135135135
168,0.0,0.25951557093425603,0.49480968858131485,0.24567474048442905
169,0.18292682926829268,0.0,0.2804878048780488,0.5365853658536586
170,0.2,0.0,0.593103448275862,0.20689655172413793
171,0.0,0.348780487804878,0.29024390243902437,0.36097560975609755
172,0.0,0.6003460207612457,0.17474048442906576,0.22491349480968859
173,0.17848970251716248,0.0,0.38215102974828374,0.43935926773455375
174,0.34615384615384615,0.38461538461538464,0.2692307692307692,0.0
175,0.0,0.6583333333333333,0.125,0.21666666666666667
176,0.19811320754716982,0.0,0.02830188679245283,0.7735849056603774
177,0.0,0.6666666666666666,0.2518518518518518,0.08148148148148149
178,0.0,0.2975206611570248,0.6446280991735537,0.05785123966942149
179,0.027777777777777776,0.0,0.11324786324786325,0.8589743589743589
180,0.15151515151515152,0.0,0.2803030303030303,0.5681818181818182
181,0.5333333333333333,0.0,0.17777777777777778,0.28888888888888886
182,0.23255813953488372,0.4069767441860465,0.0,0.36046511627906974
183,0.15,0.13333333333333333,0.7166666666666667,0.0
184,0.8333333333333334,0.0,0.05555555555555555,0.1111111111111111
185,0.2672413793103448,0.0,0.29310344827586204,0.4396551724137931
186,0.1506849315068493,0.0,0.3287671232876712,0.5205479452054794
187,0.03636363636363636,0.16363636363636364,0.8,0.0
188,0.4444444444444444,0.0,0.42962962962962964,0.1259259259259259
189,0.0,0.2782608695652174,0.6565217391304348,0.06521739130434782
190,0.0,0.19333333333333333,0.7266666666666667,0.08
191,0.2875,0.45,0.0,0.2625
192,0.0,0.1952662721893491,0.757396449704142,0.047337278106508875
193,0.5081967213114754,0.38524590163934425,0.0,0.10655737704918032
194,0.02666666666666667,0.66,0.31333333333333335,0.0
195,0.5277777777777778,0.0,0.3055555555555556,0.16666666666666666
196,0.37037037037037035,0.1111111111111111,0.0,0.5185185185185185
197,0.0,0.3444976076555024,0.6172248803827751,0.03827751196172249
198,0.2564102564102564,0.673992673992674,0.0,0.0695970695970696
199,0.03361344537815126,0.8235294117647058,0.14285714285714285,0.0
200,0.3,0.0,0.375,0.325
201,0.0,0.07106598984771574,0.4263959390862944,0.5025380710659898
202,0.20952380952380953,0.0,0.38571428571428573,0.40476190476190477
203,0.2857142857142857,0.0,0.2222222222222222,0.49206349206349204
204,0.0,0.22186495176848875,0.2540192926045016,0.5241157556270096
205,0.05,0.25,0.7,0.0
206,0.0,0.1757679180887372,0.5358361774744027,0.2883959044368601
207,0.3484848484848485,0.13636363636363635,0.5151515151515151,0.0
208,0.2830188679245283,0.0,0.20754716981132076,0.5094339622641509
209,0.0,0.3657142857142857,0.37333333333333335,0.26095238095238094
210,0.3814866760168303,0.453015427769986,0.0,0.16549789621318373
211,0.2815533980582524,0.33495145631067963,0.38349514563106796,0.0
212,0.0,0.17365269461077845,0.47664670658682634,0.34970059880239523
213,0.2972972972972973,0.2702702702702703,0.0,0.43243243243243246
214,0.0,0.38372093023255816,0.20930232558139536,0.4069767441860465
215,0.46534653465346537,0.0,0.16831683168316833,0.36633663366336633
216,0.0,0.3739495798319328,0.41596638655462187,0.21008403361344538
217,0.25675675675675674,0.0,0.22297297297297297,0.5202702702702703
218,0.44805194805194803,0.42207792207792205,0.0,0.12987012987012986
219,0.1702127659574468,0.48404255319148937,0.34574468085106386,0.0
220,0.3023255813953488,0.0,0.06976744186046512,0.627906976744186
221,0.07012987012987013,0.0,0.7584415584415585,0.17142857142857143
222,0.0,0.7299270072992701,0.25547445255474455,0.014598540145985401
223,0.0,0.23684210526315788,0.6611842105263158,0.10197368421052631
224,0.19523809523809524,0.6714285714285714,0.0,0.13333333333333333
225,0.0,0.17204301075268819,0.6451612903225806,0.1827956989247312
226,0.0,0.10864197530864197,0.8074074074074075,0.08395061728395062
227,0.12297297297297298,0.0,0.41621621621621624,0.4608108108108108
228,0.21768707482993196,0.0,0.7278911564625851,0.05442176870748299
229,0.0,0.3541666666666667,0.4375,0.20833333333333334
230,0.6510791366906474,0.2715827338129496,0.0,0.07733812949640288
231,0.17312072892938496,0.1571753986332574,0.6697038724373576,0.0
232,0.11904761904761904,0.19047619047619047,0.6904761904761905,0.0
233,0.05188679245283019,0.0,0.3584905660377358,0.589622641509434
234,0.5113636363636364,0.11363636363636363,0.375,0.0
235,0.43478260869565216,0.0,0.08695652173913043,0.4782608695652174
236,0.5562913907284768,0.0,0.12582781456953643,0.31788079470198677
237,0.2553191489361702,0.0,0.10638297872340426,0.6382978723404256
238,0.1111111111111111,0.1111111111111111,0.7777777777777778,0.0
239,0.34375,0.5078125,0.0,0.1484375
240,0.0,0.4460093896713615,0.5305164319248826,0.023474178403755867
241,0.0,0.21098626716604243,0.7490636704119851,0.039950062421972535
242,0.5035663338088445,0.3723252496433666,0.0,0.12410841654778887
243,0.13968668407310705,0.0,0.23759791122715404,0.6227154046997389
244,0.14705882352941177,0.029411764705882353,0.8235294117647058,0.0
245,0.5233644859813084,0.37383177570093457,0.0,0.102803738317757
246,0.0,0.20822622107969152,0.2519280205655527,0.5398457583547558
247,0.23684210526315788,0.7278195488721805,0.0,0.035338345864661655
248,0.10172143974960876,0.0,0.4131455399061033,0.48513302034428796
249,0.14084507042253522,0.14084507042253522,0.7183098591549296,0.0
250,0.5522388059701493,0.0,0.208955223880597,0.23880597014925373
251,0.05555555555555555,0.5666666666666667,0.37777777777777777,0.0
252,0.2938388625592417,0.4075829383886256,0.0,0.2985781990521327
253,0.06896551724137931,0.5,0.43103448275862066,0.0
254,0.2318840579710145,0.4492753623188406,0.0,0.3188405797101449
255,0.0,0.23684210526315788,0.631578947368421,0.13157894736842105
256,0.15584415584415584,0.0,0.37012987012987014,0.474025974025974
257,0.13559322033898305,0.0,0.19491525423728814,0.6694915254237288
258,0.4782608695652174,0.21739130434782608,0.0,0.30434782608695654
259,0.18867924528301888,0.0,0.16981132075471697,0.6415094339622641
260,0.3611111111111111,0.0,0.2222222222222222,0.4166666666666667
261,0.6470588235294118,0.08823529411764706,0.0,0.2647058823529412
262,0.5714285714285714,0.0,0.2857142857142857,0.14285714285714285
263,0.3981264637002342,0.03747072599531616,0.0,0.5644028103044496
264,0.47058823529411764,0.11764705882352941,0.0,0.4117647058823529
265,0.0,0.35294117647058826,0.47058823529411764,0.17647058823529413
266,0.39655172413793105,0.0,0.05172413793103448,0.5517241379310345
267,0.0,0.08333333333333333,0.4861111111111111,0.4305555555555556
268,0.25,0.0,0.375,0.375
269,0.6470588235294118,0.13725490196078433,0.0,0.21568627450980393
270,0.15384615384615385,0.0,0.0,0.8461538461538461
271,0.06153846153846154,0.0,0.9153846153846154,0.023076923076923078
272,0.34516129032258064,0.5580645161290323,0.0967741935483871,0.0
273,0.6602409638554216,0.3060240963855422,0.0,0.033734939759036145
274,0.1686746987951807,0.7469879518072289,0.08433734939759036,0.0
275,0.27755430410297666,0.48189863234111024,0.0,0.24054706355591313
276,0.0,0.15,0.85,0.0
277,0.0,0.07142857142857142,0.17857142857142858,0.75
278,0.006097560975609756,0.8963414634146342,0.0975609756097561,0.0
279,0.1724137931034483,0.27586206896551724,0.5517241379310345,0.0
280,0.0,0.0364963503649635,0.025547445255474453,0.9379562043795621
281,0.01272264631043257,0.0,0.020356234096692113,0.9669211195928753
282,0.1568627450980392,0.17647058823529413,0.6666666666666666,0.0
283,0.1724137931034483,0.1724137931034483,0.0,0.6551724137931034
284,0.006711409395973154,0.6308724832214765,0.3624161073825503,0.0
285,0.2468354430379747,0.06329113924050633,0.0,0.689873417721519
286,0.22727272727272727,0.0,0.13636363636363635,0.6363636363636364
287,0.43010752688172044,0.43010752688172044,0.0,0.13978494623655913
288,0.0,0.30434782608695654,0.6956521739130435,0.0
289,0.5686274509803921,0.21568627450980393,0.0,0.21568627450980393
290,0.0,0.0851063829787234,0.6382978723404256,0.2765957446808511
291,0.22321428571428573,0.23214285714285715,0.5446428571428571,0.0
292,0.2318840579710145,0.0,0.36231884057971014,0.4057971014492754
293,0.21212121212121213,0.22727272727272727,0.5606060606060606,0.0
294,0.3076923076923077,0.0,0.23076923076923078,0.46153846153846156
295,0.13636363636363635,0.5,0.0,0.36363636363636365
296,0.06666666666666667,0.0,0.011111111111111112,0.9222222222222223
297,0.0,0.6,0.4,0.0
298,0.3333333333333333,0.0,0.2222222222222222,0.4444444444444444
299,,,,
300,0.0,0.5,0.0,0.5
301,0.0,0.0,1.0,0.0
302,0.0,0.0,1.0,0.0
303,0.0,0.25,0.0,0.75
304,,,,
305,,,,
306,,,,
307,,,,
308,,,,
309,,,,
310,,,,
