,A,C,G,T
0,,,,
1,,,,
2,,,,
3,,,,
4,,,,
5,,,,
6,,,,
7,,,,
8,,,,
9,,,,
10,,,,
11,,,,
12,,,,
13,0.0,0.0,1.0,0.0
14,,,,
15,,,,
16,,,,
17,,,,
18,,,,
19,,,,
20,,,,
21,,,,
22,,,,
23,,,,
24,,,,
25,,,,
26,,,,
27,1.0,0.0,0.0,0.0
28,,,,
29,,,,
30,,,,
31,1.0,0.0,0.0,0.0
32,,,,
33,,,,
34,,,,
35,,,,
36,,,,
37,,,,
38,,,,
39,,,,
40,0.0,1.0,0.0,0.0
41,,,,
42,,,,
43,,,,
44,1.0,0.0,0.0,0.0
45,,,,
46,,,,
47,,,,
48,,,,
49,,,,
50,,,,
51,,,,
52,,,,
53,,,,
54,,,,
55,,,,
56,,,,
57,,,,
58,,,,
59,,,,
60,,,,
61,0.0,1.0,0.0,0.0
62,,,,
63,,,,
64,,,,
65,,,,
66,0.0,0.0,0.0,1.0
67,,,,
68,,,,
69,,,,
70,,,,
71,,,,
72,,,,
73,,,,
74,,,,
75,,,,
76,,,,
77,1.0,0.0,0.0,0.0
78,,,,
79,0.0,0.0,1.0,0.0
80,,,,
81,1.0,0.0,0.0,0.0
82,0.0,0.0,1.0,0.0
83,1.0,0.0,0.0,0.0
84,0.0,1.0,0.0,0.0
85,,,,
86,0.0,0.0,0.0,1.0
87,,,,
88,0.0,0.0,0.0,1.0
89,0.0,0.0,0.0,1.0
90,0.0,0.0,1.0,0.0
91,,,,
92,,,,
93,,,,
94,,,,
95,,,,
96,0.0,0.0,0.0,1.0
97,,,,
98,,,,
99,,,,
100,,,,
101,0.0,1.0,0.0,0.0
102,,,,
103,0.0,0.0,0.0,1.0
104,0.0,0.0,1.0,0.0
105,,,,
106,0.0,1.0,0.0,0.0
107,0.0,0.0,1.0,0.0
108,,,,
109,,,,
110,,,,
111,1.0,0.0,0.0,0.0
112,,,,
113,,,,
114,,,,
115,,,,
116,,,,
117,,,,
118,,,,
119,,,,
120,,,,
121,,,,
122,,,,
123,,,,
124,,,,
125,,,,
126,,,,
127,,,,
128,1.0,0.0,0.0,0.0
129,,,,
130,,,,
131,,,,
132,,,,
133,,,,
134,,,,
135,,,,
136,,,,
137,,,,
138,,,,
139,,,,
140,,,,
141,,,,
142,,,,
143,,,,
144,,,,
145,0.0,0.0,1.0,0.0
146,,,,
147,,,,
148,,,,
149,,,,
150,,,,
151,,,,
152,,,,
153,0.0,0.0,1.0,0.0
154,,,,
155,,,,
156,,,,
157,0.0,0.0,1.0,0.0
158,0.0,0.0,1.0,0.0
159,,,,
160,,,,
161,,,,
162,0.0,0.0,0.0,1.0
163,1.0,0.0,0.0,0.0
164,,,,
165,,,,
166,,,,
167,,,,
168,0.0,0.0,1.0,0.0
169,,,,
170,0.0,0.0,0.0,1.0
171,0.0,0.0,0.0,1.0
172,0.0,0.0,0.0,1.0
173,,,,
174,1.0,0.0,0.0,0.0
175,,,,
176,,,,
177,,,,
178,,,,
179,,,,
180,,,,
181,,,,
182,,,,
183,,,,
184,,,,
185,,,,
186,,,,
187,,,,
188,,,,
189,,,,
190,,,,
191,,,,
192,,,,
193,,,,
194,,,,
195,0.0,1.0,0.0,0.0
196,1.0,0.0,0.0,0.0
197,,,,
198,,,,
199,,,,
200,,,,
201,,,,
202,,,,
203,,,,
204,,,,
205,,,,
206,,,,
207,,,,
208,,,,
209,0.0,0.0,0.0,1.0
210,,,,
211,,,,
212,,,,
213,1.0,0.0,0.0,0.0
214,1.0,0.0,0.0,0.0
215,,,,
216,,,,
217,,,,
218,,,,
219,,,,
220,,,,
221,0.0,1.0,0.0,0.0
222,,,,
223,,,,
224,,,,
225,,,,
226,,,,
227,,,,
228,,,,
229,,,,
230,,,,
231,,,,
232,,,,
233,1.0,0.0,0.0,0.0
234,,,,
235,,,,
236,,,,
237,,,,
238,0.0,1.0,0.0,0.0
239,,,,
240,,,,
241,,,,
242,,,,
243,,,,
244,,,,
245,,,,
246,1.0,0.0,0.0,0.0
247,,,,
248,,,,
249,,,,
250,,,,
251,,,,
252,,,,
253,,,,
254,,,,
255,,,,
256,,,,
257,,,,
258,,,,
259,,,,
260,,,,
261,,,,
262,,,,
263,,,,
264,,,,
265,,,,
266,,,,
267,,,,
268,,,,
269,,,,
270,,,,
271,,,,
272,,,,
273,,,,
274,,,,
275,,,,
276,,,,
277,,,,
278,1.0,0.0,0.0,0.0
279,,,,
280,,,,
281,0.0,1.0,0.0,0.0
282,,,,
283,,,,
284,,,,
285,,,,
286,,,,
287,,,,
288,,,,
289,,,,
290,,,,
291,,,,
292,,,,
293,,,,
294,,,,
295,,,,
296,,,,
297,,,,
298,,,,
299,,,,
300,,,,
301,,,,
302,,,,
303,,,,
304,,,,
305,,,,
306,,,,
