,A,C,G,T
0,,,,
1,,,,
2,0.9777777777777777,0.022222222222222223,0.0,0.0
3,0.23076923076923078,0.0,0.4230769230769231,0.34615384615384615
4,0.15384615384615385,0.8461538461538461,0.0,0.0
5,0.5263157894736842,0.0,0.0,0.47368421052631576
6,0.08,0.0,0.88,0.04
7,0.0,0.0,0.6190476190476191,0.38095238095238093
8,0.7244897959183674,0.22448979591836735,0.0,0.05102040816326531
9,0.024390243902439025,0.0,0.0975609756097561,0.8780487804878049
10,0.0,1.0,0.0,0.0
11,0.3548387096774194,0.22580645161290322,0.0,0.41935483870967744
12,0.6071428571428571,0.0,0.35714285714285715,0.03571428571428571
13,0.0,0.029411764705882353,0.9117647058823529,0.058823529411764705
14,0.8333333333333334,0.045454545454545456,0.0,0.12121212121212122
15,0.0,1.0,0.0,0.0
16,0.0,1.0,0.0,0.0
17,1.0,0.0,0.0,0.0
18,0.0,1.0,0.0,0.0
19,0.0,0.0,0.5,0.5
20,0.0,0.0,0.0,1.0
21,0.92,0.04,0.0,0.04
22,0.9444444444444444,0.0,0.0,0.05555555555555555
23,0.0,0.0,0.42857142857142855,0.5714285714285714
24,0.0,0.0,0.5,0.5
25,0.0,0.0,0.0,1.0
26,0.0,0.4528301886792453,0.20754716981132076,0.33962264150943394
27,0.9285714285714286,0.07142857142857142,0.0,0.0
28,0.0,1.0,0.0,0.0
29,0.0,0.21212121212121213,0.24242424242424243,0.5454545454545454
30,0.06666666666666667,0.0,0.4666666666666667,0.4666666666666667
31,0.5,0.25,0.25,0.0
32,0.1935483870967742,0.7419354838709677,0.0,0.06451612903225806
33,0.07692307692307693,0.46153846153846156,0.0,0.46153846153846156
34,0.0,0.5,0.5,0.0
35,0.28,0.6,0.0,0.12
36,0.0,0.75,0.25,0.0
37,0.0,0.022222222222222223,0.9555555555555556,0.022222222222222223
38,0.8333333333333334,0.0,0.0,0.16666666666666666
39,0.47619047619047616,0.0,0.047619047619047616,0.47619047619047616
40,1.0,0.0,0.0,0.0
41,0.125,0.8125,0.0625,0.0
42,0.0,0.08333333333333333,0.9166666666666666,0.0
43,0.75,0.0,0.0,0.25
44,0.0,0.0,0.0,1.0
45,0.05263157894736842,0.7894736842105263,0.0,0.15789473684210525
46,0.0,0.08333333333333333,0.9166666666666666,0.0
47,0.4,0.6,0.0,0.0
48,0.0,0.0,1.0,0.0
49,0.0,0.0,0.5,0.5
50,0.1111111111111111,0.0,0.3333333333333333,0.5555555555555556
51,0.8571428571428571,0.0,0.047619047619047616,0.09523809523809523
52,0.0,0.0,1.0,0.0
53,0.16666666666666666,0.5,0.0,0.3333333333333333
54,0.07407407407407407,0.9259259259259259,0.0,0.0
55,0.6,0.0,0.0,0.4
56,0.2916666666666667,0.0,0.5,0.20833333333333334
57,0.42857142857142855,0.0,0.14285714285714285,0.42857142857142855
58,0.2,0.6,0.2,0.0
59,0.6666666666666666,0.0,0.3333333333333333,0.0
60,0.0,0.23529411764705882,0.5294117647058824,0.23529411764705882
61,0.16129032258064516,0.0,0.5806451612903226,0.25806451612903225
62,0.04878048780487805,0.0,0.47560975609756095,0.47560975609756095
63,,,,
64,0.0,0.0,0.0,1.0
65,0.125,0.0,0.0,0.875
66,0.0,0.02127659574468085,0.2978723404255319,0.6808510638297872
67,0.14130434782608695,0.0,0.5978260869565217,0.2608695652173913
68,0.2222222222222222,0.3333333333333333,0.4444444444444444,0.0
69,0.675,0.175,0.0,0.15
70,0.0,0.8571428571428571,0.14285714285714285,0.0
71,0.1111111111111111,0.0,0.5555555555555556,0.3333333333333333
72,0.26666666666666666,0.6,0.13333333333333333,0.0
73,0.5555555555555556,0.0,0.0,0.4444444444444444
74,0.046875,0.859375,0.09375,0.0
75,0.4166666666666667,0.3333333333333333,0.0,0.25
76,0.26666666666666666,0.6222222222222222,0.0,0.1111111111111111
77,0.125,0.34375,0.53125,0.0
78,0.4444444444444444,0.1111111111111111,0.0,0.4444444444444444
79,0.4206896551724138,0.2413793103448276,0.0,0.33793103448275863
80,0.5384615384615384,0.0,0.38461538461538464,0.07692307692307693
81,0.10526315789473684,0.7368421052631579,0.15789473684210525,0.0
82,0.0,0.0,0.0,1.0
83,0.1,0.0,0.7,0.2
84,0.0,0.21621621621621623,0.6891891891891891,0.0945945945945946
85,0.037037037037037035,0.4074074074074074,0.5555555555555556,0.0
86,0.1702127659574468,0.0,0.1702127659574468,0.6595744680851063
87,0.0,0.20512820512820512,0.6923076923076923,0.10256410256410256
88,0.20833333333333334,0.4861111111111111,0.0,0.3055555555555556
89,0.20909090909090908,0.0,0.09090909090909091,0.7
90,0.0,0.34,0.48,0.18
91,0.2074074074074074,0.6,0.0,0.1925925925925926
92,0.4606741573033708,0.33707865168539325,0.20224719101123595,0.0
93,0.0,0.16279069767441862,0.5581395348837209,0.27906976744186046
94,0.5462184873949579,0.42016806722689076,0.0,0.03361344537815126
95,0.13953488372093023,0.7093023255813954,0.1511627906976744,0.0
96,0.0,0.3923076923076923,0.47692307692307695,0.13076923076923078
97,0.5493562231759657,0.33047210300429186,0.0,0.12017167381974249
98,0.5223880597014925,0.417910447761194,0.05970149253731343,0.0
99,0.35714285714285715,0.5357142857142857,0.10714285714285714,0.0
100,0.0,0.22580645161290322,0.16129032258064516,0.6129032258064516
101,0.22784810126582278,0.0,0.0,0.7721518987341772
102,0.5813953488372093,0.3953488372093023,0.023255813953488372,0.0
103,0.0,0.15384615384615385,0.02197802197802198,0.8241758241758241
104,0.0196078431372549,0.0,0.0784313725490196,0.9019607843137255
105,0.0,0.0,1.0,0.0
106,0.16666666666666666,0.16666666666666666,0.0,0.6666666666666666
107,0.0,0.2,0.0,0.8
108,0.9285714285714286,0.0,0.0,0.07142857142857142
109,0.2717391304347826,0.6521739130434783,0.0,0.07608695652173914
110,0.07317073170731707,0.0,0.07317073170731707,0.8536585365853658
111,0.0,0.5,0.5,0.0
112,0.0,0.0,0.0,1.0
113,0.0,0.8,0.0,0.2
114,0.0,0.07547169811320754,0.9056603773584906,0.018867924528301886
115,0.0,0.6,0.4,0.0
116,0.1724137931034483,0.0,0.1724137931034483,0.6551724137931034
117,0.0,0.0,1.0,0.0
118,0.0,0.6666666666666666,0.0,0.3333333333333333
119,0.037037037037037035,0.0,0.09259259259259259,0.8703703703703703
120,1.0,0.0,0.0,0.0
121,0.0,0.25,0.375,0.375
122,0.3333333333333333,0.5555555555555556,0.0,0.1111111111111111
123,0.2857142857142857,0.0,0.30434782608695654,0.40993788819875776
124,0.2,0.0,0.4,0.4
125,0.3076923076923077,0.0,0.07692307692307693,0.6153846153846154
126,0.0,0.0,1.0,0.0
127,1.0,0.0,0.0,0.0
128,0.0,0.6421052631578947,0.3368421052631579,0.021052631578947368
129,0.0,0.5,0.0,0.5
130,0.7450980392156863,0.0784313725490196,0.0,0.17647058823529413
131,0.75,0.2222222222222222,0.0,0.027777777777777776
132,0.0,0.4090909090909091,0.5909090909090909,0.0
133,0.0,0.03333333333333333,0.8666666666666667,0.1
134,0.7142857142857143,0.0,0.0,0.2857142857142857
135,0.4,0.6,0.0,0.0
136,0.25,0.75,0.0,0.0
137,0.740506329113924,0.17721518987341772,0.0,0.08227848101265822
138,0.15384615384615385,0.0,0.07692307692307693,0.7692307692307693
139,0.02127659574468085,0.9787234042553191,0.0,0.0
140,0.23076923076923078,0.6923076923076923,0.0,0.07692307692307693
141,0.0,0.8333333333333334,0.0,0.16666666666666666
142,0.0,0.25,0.5,0.25
143,0.9302325581395349,0.023255813953488372,0.0,0.046511627906976744
144,0.0,1.0,0.0,0.0
145,0.6666666666666666,0.0,0.0,0.3333333333333333
146,0.16666666666666666,0.75,0.0,0.08333333333333333
147,0.0,0.7894736842105263,0.19736842105263158,0.013157894736842105
148,0.0,0.0,1.0,0.0
149,0.11538461538461539,0.8461538461538461,0.038461538461538464,0.0
150,,,,
151,0.0,0.8452380952380952,0.0,0.15476190476190477
152,0.41346153846153844,0.5673076923076923,0.0,0.019230769230769232
153,0.0,0.2375,0.6,0.1625
154,0.38636363636363635,0.5757575757575758,0.0,0.03787878787878788
155,0.05172413793103448,0.9310344827586207,0.017241379310344827,0.0
156,0.0,0.12727272727272726,0.5272727272727272,0.34545454545454546
157,0.2777777777777778,0.5555555555555556,0.16666666666666666,0.0
158,0.08333333333333333,0.0,0.6166666666666667,0.3
159,0.05263157894736842,0.8947368421052632,0.05263157894736842,0.0
160,0.0,0.4,0.03529411764705882,0.5647058823529412
161,0.0,0.9875,0.0125,0.0
162,0.11764705882352941,0.8235294117647058,0.058823529411764705,0.0
163,0.0,0.5411764705882353,0.11764705882352941,0.3411764705882353
164,0.043859649122807015,0.631578947368421,0.32456140350877194,0.0
165,0.0,0.15625,0.625,0.21875
166,0.45569620253164556,0.4810126582278481,0.0,0.06329113924050633
167,0.4423076923076923,0.15384615384615385,0.40384615384615385,0.0
168,0.20833333333333334,0.6666666666666666,0.0,0.125
169,0.14285714285714285,0.5357142857142857,0.0,0.32142857142857145
170,0.38961038961038963,0.5714285714285714,0.0,0.03896103896103896
171,0.0,0.44594594594594594,0.44594594594594594,0.10810810810810811
172,0.593607305936073,0.365296803652968,0.0,0.0410958904109589
173,0.2413793103448276,0.0,0.2988505747126437,0.45977011494252873
174,0.0,0.18571428571428572,0.44285714285714284,0.37142857142857144
175,0.0,0.0,0.15625,0.84375
176,0.40298507462686567,0.0,0.16417910447761194,0.43283582089552236
177,0.18518518518518517,0.37037037037037035,0.4444444444444444,0.0
178,0.0,0.2767857142857143,0.05357142857142857,0.6696428571428571
179,0.033707865168539325,0.0,0.33707865168539325,0.6292134831460674
180,0.4090909090909091,0.22727272727272727,0.36363636363636365,0.0
181,0.0,0.75,0.1,0.15
182,0.07692307692307693,0.0,0.1282051282051282,0.7948717948717948
183,0.0,0.22727272727272727,0.6818181818181818,0.09090909090909091
184,0.0,0.24,0.7466666666666667,0.013333333333333334
185,0.020833333333333332,0.0,0.125,0.8541666666666666
186,0.05714285714285714,0.0,0.42857142857142855,0.5142857142857142
187,0.5,0.0,0.2,0.3
188,0.09090909090909091,0.8333333333333334,0.0,0.07575757575757576
189,0.125,0.2916666666666667,0.5833333333333334,0.0
190,0.0,0.0,0.0,1.0
191,0.08333333333333333,0.0,0.16666666666666666,0.75
192,0.04285714285714286,0.0,0.04285714285714286,0.9142857142857143
193,0.3,0.1,0.6,0.0
194,0.09090909090909091,0.0,0.41818181818181815,0.4909090909090909
195,0.0,0.5301204819277109,0.26506024096385544,0.20481927710843373
196,0.0,0.1981981981981982,0.7567567567567568,0.04504504504504504
197,0.19230769230769232,0.6153846153846154,0.0,0.19230769230769232
198,0.0,0.15,0.8,0.05
199,0.896551724137931,0.10344827586206896,0.0,0.0
200,0.1111111111111111,0.48148148148148145,0.4074074074074074,0.0
201,1.0,0.0,0.0,0.0
202,0.4,0.2,0.0,0.4
203,0.0,0.5925925925925926,0.4074074074074074,0.0
204,0.1111111111111111,0.875,0.0,0.013888888888888888
205,0.0,0.875,0.125,0.0
206,0.21428571428571427,0.0,0.2857142857142857,0.5
207,0.0,0.03896103896103896,0.1038961038961039,0.8571428571428571
208,0.2916666666666667,0.0,0.2777777777777778,0.4305555555555556
209,0.5555555555555556,0.0,0.2222222222222222,0.2222222222222222
210,0.0,0.32038834951456313,0.3786407766990291,0.30097087378640774
211,0.0,0.7894736842105263,0.21052631578947367,0.0
212,0.0,0.2782258064516129,0.29838709677419356,0.42338709677419356
213,0.0,0.29411764705882354,0.7058823529411765,0.0
214,0.17647058823529413,0.0,0.23529411764705882,0.5882352941176471
215,0.2638888888888889,0.0,0.16666666666666666,0.5694444444444444
216,0.6288659793814433,0.26804123711340205,0.0,0.10309278350515463
217,0.07407407407407407,0.3888888888888889,0.5370370370370371,0.0
218,0.0,0.21153846153846154,0.3557692307692308,0.4326923076923077
219,0.2222222222222222,0.5555555555555556,0.0,0.2222222222222222
220,0.0,0.5,0.5,0.0
221,0.42857142857142855,0.0,0.2857142857142857,0.2857142857142857
222,0.0,0.13513513513513514,0.8108108108108109,0.05405405405405406
223,0.2891566265060241,0.0,0.1686746987951807,0.5421686746987951
224,0.5517241379310345,0.40229885057471265,0.0,0.04597701149425287
225,0.0625,0.125,0.8125,0.0
226,0.058823529411764705,0.0,0.0,0.9411764705882353
227,0.02531645569620253,0.0,0.6582278481012658,0.31645569620253167
228,0.0,0.6046511627906976,0.3488372093023256,0.046511627906976744
229,0.0,0.25882352941176473,0.6235294117647059,0.11764705882352941
230,0.07407407407407407,0.8148148148148148,0.0,0.1111111111111111
231,0.0,0.10526315789473684,0.7894736842105263,0.10526315789473684
232,0.0,0.15555555555555556,0.8,0.044444444444444446
233,0.041666666666666664,0.0,0.14583333333333334,0.8125
234,0.7551020408163265,0.0,0.22448979591836735,0.02040816326530612
235,0.0,0.6808510638297872,0.2765957446808511,0.0425531914893617
236,0.5748502994011976,0.23952095808383234,0.0,0.18562874251497005
237,0.12195121951219512,0.04878048780487805,0.8292682926829268,0.0
238,0.3333333333333333,0.0,0.6666666666666666,0.0
239,0.01694915254237288,0.0,0.3728813559322034,0.6101694915254238
240,0.1,0.1,0.8,0.0
241,0.3684210526315789,0.0,0.05263157894736842,0.5789473684210527
242,0.21428571428571427,0.0,0.25,0.5357142857142857
243,0.05263157894736842,0.0,0.2631578947368421,0.6842105263157895
244,0.0,0.36363636363636365,0.6363636363636364,0.0
245,0.3888888888888889,0.5555555555555556,0.0,0.05555555555555555
246,0.0,0.6153846153846154,0.36752136752136755,0.017094017094017096
247,0.0,0.13142857142857142,0.8228571428571428,0.045714285714285714
248,0.23140495867768596,0.6611570247933884,0.0,0.10743801652892562
249,0.1523809523809524,0.0,0.38095238095238093,0.4666666666666667
250,0.045454545454545456,0.8181818181818182,0.13636363636363635,0.0
251,0.6086956521739131,0.2826086956521739,0.0,0.10869565217391304
252,0.0,0.6608695652173913,0.17391304347826086,0.16521739130434782
253,0.31316725978647686,0.6548042704626335,0.0,0.03202846975088968
254,0.04838709677419355,0.0,0.3064516129032258,0.6451612903225806
255,0.1,0.1,0.8,0.0
256,0.36363636363636365,0.0,0.0,0.6363636363636364
257,0.25,0.4166666666666667,0.3333333333333333,0.0
258,0.1935483870967742,0.7096774193548387,0.0,0.0967741935483871
259,0.0967741935483871,0.7741935483870968,0.12903225806451613,0.0
260,0.2631578947368421,0.05263157894736842,0.0,0.6842105263157895
261,0.0,0.044444444444444446,0.9333333333333333,0.022222222222222223
262,0.10526315789473684,0.0,0.15789473684210525,0.7368421052631579
263,0.0,0.0,0.5,0.5
264,0.05555555555555555,0.8888888888888888,0.0,0.05555555555555555
265,0.2,0.0,0.2,0.6
266,0.16666666666666666,0.0,0.16666666666666666,0.6666666666666666
267,0.6666666666666666,0.07407407407407407,0.0,0.25925925925925924
268,0.1282051282051282,0.0,0.8717948717948718,0.0
269,0.0,0.11904761904761904,0.6190476190476191,0.2619047619047619
270,0.4,0.4,0.0,0.2
271,,,,
272,0.5,0.0,0.0,0.5
273,0.0,0.18181818181818182,0.5454545454545454,0.2727272727272727
274,,,,
275,0.75,0.25,0.0,0.0
276,0.2,0.2,0.0,0.6
277,0.038461538461538464,0.0,0.9615384615384616,0.0
278,0.20652173913043478,0.0,0.22826086956521738,0.5652173913043478
279,0.7934782608695652,0.1793478260869565,0.0,0.02717391304347826
280,0.0,0.6764705882352942,0.3235294117647059,0.0
281,0.26296296296296295,0.3925925925925926,0.0,0.34444444444444444
282,1.0,0.0,0.0,0.0
283,0.0,0.2,0.0,0.8
284,0.0625,0.875,0.0625,0.0
285,0.027777777777777776,0.9444444444444444,0.027777777777777776,0.0
286,0.0,0.027777777777777776,0.0,0.9722222222222222
287,0.0,0.0,0.0,1.0
288,,,,
289,,,,
290,0.0,0.0,0.0,1.0
291,0.0,0.0,0.058823529411764705,0.9411764705882353
292,0.0,1.0,0.0,0.0
293,0.0,1.0,0.0,0.0
294,0.0,0.16666666666666666,0.8333333333333334,0.0
295,0.0,0.0,1.0,0.0
296,0.0,0.0,1.0,0.0
297,0.0,0.5,0.5,0.0
298,,,,
299,0.0,0.5,0.5,0.0
300,0.3333333333333333,0.0,0.6666666666666666,0.0
301,,,,
302,0.0,1.0,0.0,0.0
303,,,,
304,0.0,0.0,0.0,1.0
305,,,,
306,,,,
307,,,,
308,,,,
309,,,,
