,A,C,G,T
0,,,,
1,,,,
2,0.0,0.1709577754891864,0.7358393408856848,0.09320288362512873
3,0.775290215588723,0.13349917081260365,0.0,0.0912106135986733
4,0.3976143141153082,0.35984095427435386,0.24254473161033796,0.0
5,0.5554913294797688,0.16473988439306358,0.0,0.27976878612716766
6,0.5331010452961672,0.0,0.25551684088269455,0.21138211382113822
7,0.0,0.05714285714285714,0.536,0.40685714285714286
8,0.72817263908137,0.19679271431399722,0.0,0.07503464660463274
9,0.026818906001062136,0.0,0.15427509293680297,0.8189060010621348
10,0.29411764705882354,0.3764705882352941,0.32941176470588235,0.0
11,0.6069802731411229,0.18209408194233687,0.0,0.2109256449165402
12,0.34375,0.3327205882352941,0.0,0.3235294117647059
13,0.5544267053701016,0.38171262699564584,0.06386066763425254,0.0
14,0.5269121813031161,0.11898016997167139,0.0,0.35410764872521244
15,0.06060606060606061,0.6585858585858586,0.0,0.2808080808080808
16,0.0,0.6186666666666667,0.12266666666666666,0.25866666666666666
17,0.8362403100775194,0.09835271317829457,0.0,0.06540697674418605
18,0.3333333333333333,0.2159090909090909,0.45075757575757575,0.0
19,0.2971887550200803,0.0,0.1606425702811245,0.5421686746987951
20,0.06383928571428571,0.12544642857142857,0.8107142857142857,0.0
21,0.13636363636363635,0.1590909090909091,0.0,0.7045454545454546
22,0.15566037735849056,0.10849056603773585,0.0,0.7358490566037735
23,0.27901234567901234,0.21975308641975308,0.0,0.5012345679012346
24,0.0945273631840796,0.19402985074626866,0.0,0.7114427860696517
25,0.08383233532934131,0.17964071856287425,0.0,0.7365269461077845
26,0.0,0.33282674772036475,0.5319148936170213,0.135258358662614
27,0.5592654424040067,0.25208681135225375,0.0,0.18864774624373956
28,0.6539227399442453,0.2815611310234966,0.0,0.06451612903225806
29,0.1388638412984671,0.0,0.34986474301172227,0.5112714156898106
30,0.03871576959395656,0.7568460812086875,0.204438149197356,0.0
31,0.050724637681159424,0.6111111111111112,0.33816425120772947,0.0
32,0.5047120418848168,0.3507853403141361,0.0,0.14450261780104712
33,0.7545454545454545,0.11818181818181818,0.0,0.12727272727272726
34,0.1984375,0.65234375,0.14921875,0.0
35,0.0,0.2039691289966924,0.5598125689084895,0.2362183020948181
36,0.467966573816156,0.0,0.45403899721448465,0.07799442896935933
37,0.0,0.3197389885807504,0.5203915171288744,0.1598694942903752
38,0.628992628992629,0.19656019656019655,0.0,0.17444717444717445
39,0.313953488372093,0.0,0.2180232558139535,0.4680232558139535
40,0.36363636363636365,0.0,0.14624505928853754,0.4901185770750988
41,0.13858695652173914,0.38315217391304346,0.4782608695652174,0.0
42,0.21212121212121213,0.15151515151515152,0.0,0.6363636363636364
43,0.5165562913907285,0.1357615894039735,0.0,0.347682119205298
44,0.1871345029239766,0.0,0.5,0.3128654970760234
45,0.0,0.12313988095238096,0.8165922619047619,0.060267857142857144
46,0.5442379182156134,0.3100371747211896,0.0,0.14572490706319702
47,0.34306569343065696,0.24817518248175183,0.0,0.40875912408759124
48,0.45843828715365237,0.27204030226700254,0.2695214105793451,0.0
49,0.4028436018957346,0.0,0.16113744075829384,0.43601895734597157
50,0.3433373349339736,0.0,0.1608643457382953,0.4957983193277311
51,0.24726477024070023,0.0,0.36323851203501095,0.38949671772428884
52,0.2511013215859031,0.23788546255506607,0.5110132158590308,0.0
53,0.3896434634974533,0.47283531409168084,0.0,0.13752122241086587
54,0.0,0.791578947368421,0.1368421052631579,0.07157894736842105
55,0.2661955241460542,0.6207302709069493,0.0,0.11307420494699646
56,0.0,0.5039840637450199,0.4243027888446215,0.07171314741035857
57,0.36464088397790057,0.0,0.5082872928176796,0.1270718232044199
58,0.07796610169491526,0.488135593220339,0.43389830508474575,0.0
59,0.2344139650872818,0.0,0.39650872817955113,0.3690773067331671
60,0.44263775971093045,0.31616982836495033,0.24119241192411925,0.0
61,0.38848920863309355,0.0,0.3381294964028777,0.2733812949640288
62,0.3146148308135349,0.0,0.19726421886249101,0.48812095032397407
63,0.06923076923076923,0.33076923076923076,0.6,0.0
64,0.09009009009009009,0.15315315315315314,0.0,0.7567567567567568
65,0.016587677725118485,0.8483412322274881,0.13507109004739337,0.0
66,0.5979216626698641,0.05635491606714628,0.0,0.3457234212629896
67,0.24983058504630676,0.0,0.07002484752654167,0.6801445674271516
68,0.0,0.27055016181229774,0.4673139158576052,0.2621359223300971
69,0.7294455066921606,0.08604206500956023,0.0,0.18451242829827916
70,0.028154681139755767,0.0,0.5617367706919946,0.41010854816824965
71,0.11281588447653429,0.0,0.5108303249097473,0.37635379061371843
72,0.3066465256797583,0.40181268882175225,0.29154078549848944,0.0
73,0.3694915254237288,0.0,0.15593220338983052,0.4745762711864407
74,0.30513833992094863,0.42213438735177866,0.2727272727272727,0.0
75,0.6020408163265306,0.19387755102040816,0.0,0.20408163265306123
76,0.4186046511627907,0.35306553911205074,0.0,0.22832980972515857
77,0.0,0.4625158831003812,0.3087674714104193,0.22871664548919948
78,0.29129886506935687,0.38209331651954603,0.3266078184110971,0.0
79,0.3152454780361757,0.4005167958656331,0.2842377260981912,0.0
80,0.14407582938388624,0.0,0.08530805687203792,0.7706161137440758
81,0.0,0.39145299145299145,0.4594017094017094,0.14914529914529914
82,0.3720114759324195,0.0,0.35527574115396876,0.27271278291361173
83,0.19974226804123713,0.0,0.3952503681885125,0.4050073637702504
84,0.2599784250269687,0.5512405609492989,0.18878101402373246,0.0
85,0.562753036437247,0.0,0.43724696356275305,0.0
86,0.07172995780590717,0.6909282700421941,0.23734177215189872,0.0
87,0.41909590198563584,0.4824672581326574,0.0,0.0984368398817068
88,0.0,0.24758583690987124,0.6759656652360515,0.07644849785407726
89,0.3555340276095907,0.3199321869702107,0.3245337854201986,0.0
90,0.5979623824451411,0.2754702194357367,0.0,0.12656739811912227
91,0.0,0.4715394566623545,0.38939197930142305,0.1390685640362225
92,0.2949962658700523,0.5688324620363455,0.1361712720936022,0.0
93,0.11035653650254669,0.8183361629881154,0.07130730050933787,0.0
94,0.0,0.2185325743200506,0.0683111954459203,0.7131562302340291
95,0.04267892317793828,0.871306631648063,0.08601444517399869,0.0
96,0.4222065063649222,0.16265912305516267,0.0,0.41513437057991515
97,0.13406344410876134,0.0,0.6578549848942599,0.20808157099697885
98,0.4339853300733496,0.0,0.23471882640586797,0.3312958435207824
99,0.0,0.4592833876221498,0.17182410423452768,0.3688925081433225
100,0.06914893617021277,0.4574468085106383,0.4734042553191489,0.0
101,0.3826530612244898,0.27405247813411077,0.0,0.3432944606413994
102,0.47071583514099785,0.0,0.07212581344902386,0.4571583514099783
103,0.0,0.6352549889135255,0.1286031042128603,0.2361419068736142
104,0.12067881835323696,0.0,0.11753614079195475,0.7617850408548082
105,0.041666666666666664,0.2976190476190476,0.6607142857142857,0.0
106,0.12435233160621761,0.08808290155440414,0.0,0.7875647668393783
107,0.1,0.14545454545454545,0.0,0.7545454545454545
108,0.32075471698113206,0.30360205831903947,0.0,0.37564322469982847
109,0.10112359550561797,0.5280898876404494,0.3707865168539326,0.0
110,0.19868995633187772,0.0,0.2925764192139738,0.5087336244541485
111,0.7416413373860182,0.0,0.1398176291793313,0.11854103343465046
112,0.25961538461538464,0.10576923076923077,0.0,0.6346153846153846
113,0.51977587343441,0.3958470665787739,0.0,0.08437705998681608
114,0.5571955719557196,0.0,0.23247232472324722,0.21033210332103322
115,0.0,0.18067226890756302,0.2703081232492997,0.5490196078431373
116,0.0,0.15101070154577884,0.7687277051129607,0.0802615933412604
117,0.38988278840222085,0.49568167797655766,0.0,0.11443553362122147
118,0.011036073134574205,0.0,0.29138527425465327,0.6975786526107726
119,0.14583333333333334,0.5236742424242424,0.33049242424242425,0.0
120,0.2288135593220339,0.0,0.461864406779661,0.3093220338983051
121,0.310580204778157,0.0,0.09215017064846416,0.5972696245733788
122,0.0,0.24701195219123506,0.5687250996015937,0.18426294820717132
123,0.36363636363636365,0.3557312252964427,0.0,0.28063241106719367
124,0.47297297297297297,0.14189189189189189,0.0,0.38513513513513514
125,0.6273764258555133,0.16730038022813687,0.0,0.20532319391634982
126,0.0,0.3631578947368421,0.5723684210526315,0.06447368421052632
127,0.0,0.11538461538461539,0.7809364548494984,0.10367892976588629
128,0.42786069651741293,0.10696517412935323,0.0,0.4651741293532338
129,0.2741514360313316,0.0835509138381201,0.0,0.6422976501305483
130,0.2265625,0.3151041666666667,0.0,0.4583333333333333
131,0.2823250296559905,0.0,0.5243179122182681,0.1933570581257414
132,0.3230769230769231,0.0,0.4123076923076923,0.26461538461538464
133,0.041425020712510356,0.48053024026512015,0.4780447390223695,0.0
134,0.4396887159533074,0.23035019455252917,0.0,0.3299610894941634
135,0.15146831530139104,0.500772797527048,0.0,0.34775888717156106
136,0.0,0.08520790729379686,0.8186775732788003,0.09611451942740286
137,0.8050724637681159,0.0463768115942029,0.0,0.14855072463768115
138,0.056626506024096385,0.030120481927710843,0.9132530120481928,0.0
139,0.22773972602739725,0.06678082191780822,0.0,0.7054794520547946
140,0.2638623326959847,0.1931166347992352,0.0,0.5430210325047801
141,0.5724070450097848,0.23483365949119372,0.0,0.19275929549902152
142,0.09631147540983606,0.06352459016393443,0.8401639344262295,0.0
143,0.2178517397881997,0.0,0.3101361573373676,0.4720121028744327
144,0.03122043519394513,0.01261431725007884,0.956165247555976,0.0
145,0.4978601997146933,0.0,0.340941512125535,0.16119828815977175
146,0.0,0.40639013452914796,0.3649103139013453,0.22869955156950672
147,0.7450762829403607,0.1447988904299584,0.0,0.110124826629681
148,0.2798066595059076,0.4607948442534909,0.0,0.2593984962406015
149,0.2498166707406502,0.47005622097286726,0.2801271082864825,0.0
150,0.0,0.3914238592633315,0.45904343045629464,0.14953271028037382
151,0.10983397190293742,0.16475095785440613,0.7254150702426565,0.0
152,0.2160427807486631,0.6580213903743316,0.12593582887700536,0.0
153,0.0,0.167835941716136,0.5974096060442525,0.23475445223961144
154,0.5014097744360902,0.42042606516290726,0.0,0.0781641604010025
155,0.1274601686972821,0.6035613870665417,0.2689784442361762,0.0
156,0.14500683994528044,0.31942544459644323,0.5355677154582763,0.0
157,0.350625,0.401875,0.0,0.2475
158,0.231924882629108,0.46572769953051646,0.0,0.3023474178403756
159,0.0,0.19507714915503307,0.7634092578986039,0.04151359294636297
160,0.0,0.16120906801007556,0.6891687657430731,0.14962216624685137
161,0.12144522144522145,0.6941724941724942,0.18438228438228438,0.0
162,0.0,0.04822400829660358,0.9121078558465129,0.039668135856883585
163,0.3824884792626728,0.447926267281106,0.0,0.1695852534562212
164,0.22912353347135955,0.556935817805383,0.2139406487232574,0.0
165,0.5456120092378753,0.30225173210161665,0.0,0.1521362586605081
166,0.5921020656136088,0.24775212636695018,0.0,0.16014580801944106
167,0.33303370786516856,0.3833707865168539,0.28359550561797753,0.0
168,0.0,0.17267050912584053,0.5341018251681076,0.29322766570605185
169,0.48131056760498386,0.35486848177203506,0.0,0.16382095062298108
170,0.19178260304251724,0.0,0.23833051618775192,0.5698868807697308
171,0.0,0.16717493762129193,0.5799833656778486,0.25284169670085943
172,0.27087461081234077,0.4579677328049816,0.27115765638267764,0.0
173,0.0,0.2751322751322751,0.42063492063492064,0.30423280423280424
174,0.49422521655437923,0.2964388835418672,0.0,0.20933589990375362
175,0.4556411114830934,0.40609306996986944,0.0,0.13826581854703715
176,0.3118523316062176,0.0,0.3121761658031088,0.3759715025906736
177,0.24679029957203993,0.29814550641940085,0.4550641940085592,0.0
178,0.0,0.31419939577039274,0.18731117824773413,0.4984894259818731
179,0.04591321897073663,0.801715438950555,0.15237134207870837,0.0
180,0.29506172839506173,0.07407407407407407,0.0,0.6308641975308642
181,0.09955257270693513,0.0,0.4407158836689038,0.4597315436241611
182,0.45607476635514016,0.2822429906542056,0.0,0.2616822429906542
183,0.5333333333333333,0.21166666666666667,0.0,0.255
184,0.0,0.5515776699029126,0.3774271844660194,0.07099514563106796
185,0.25986597170513775,0.0,0.48622486969471335,0.2539091586001489
186,0.17023675310033823,0.18376550169109357,0.6459977452085682,0.0
187,0.30858806404657935,0.0,0.10625909752547306,0.5851528384279476
188,0.2445054945054945,0.4340659340659341,0.32142857142857145,0.0
189,0.31749049429657794,0.3041825095057034,0.0,0.37832699619771865
190,0.07929515418502203,0.3377386196769457,0.5829662261380323,0.0
191,0.36160188457008247,0.2226148409893993,0.0,0.41578327444051827
192,0.0,0.47604790419161674,0.49925149700598803,0.02470059880239521
193,0.0,0.07049238398866454,0.8760184201204393,0.05348919589089621
194,0.35947712418300654,0.27233115468409586,0.0,0.3681917211328976
195,0.32548179871520344,0.15417558886509636,0.0,0.5203426124197003
196,0.5255474452554745,0.17518248175182483,0.0,0.29927007299270075
197,0.3333333333333333,0.0,0.3557692307692308,0.3108974358974359
198,0.5948275862068966,0.0,0.21551724137931033,0.1896551724137931
199,0.2904761904761905,0.20476190476190476,0.0,0.5047619047619047
200,0.0,0.4941649899396378,0.4329979879275654,0.07283702213279677
201,0.19107142857142856,0.23214285714285715,0.5767857142857142,0.0
202,0.2747747747747748,0.23873873873873874,0.4864864864864865,0.0
203,0.25586854460093894,0.0,0.062206572769953054,0.681924882629108
204,0.0,0.08120133481646273,0.5161290322580645,0.40266963292547275
205,0.12599318955732122,0.0,0.246311010215664,0.6276958002270148
206,0.32670454545454547,0.0,0.17613636363636365,0.4971590909090909
207,0.0,0.11350737797956867,0.8558456299659478,0.03064699205448354
208,0.16905901116427433,0.4481658692185008,0.3827751196172249,0.0
209,0.1793478260869565,0.0,0.17323369565217392,0.6474184782608695
210,0.3188010899182561,0.11171662125340599,0.5694822888283378,0.0
211,0.5214899713467048,0.0,0.15472779369627507,0.3237822349570201
212,0.34104046242774566,0.0,0.2023121387283237,0.45664739884393063
213,0.0,0.7372611464968153,0.20063694267515925,0.06210191082802548
214,0.5077519379844961,0.16279069767441862,0.0,0.32945736434108525
215,0.0,0.12536443148688048,0.8415937803692906,0.03304178814382896
216,0.6487341772151899,0.1518987341772152,0.0,0.19936708860759494
217,0.0,0.26666666666666666,0.4066666666666667,0.32666666666666666
218,0.27426810477657937,0.0,0.2773497688751926,0.44838212634822805
219,0.0,0.08343868520859671,0.8343868520859671,0.08217446270543616
220,0.0,0.23728813559322035,0.6779661016949152,0.0847457627118644
221,0.13560732113144758,0.0,0.09900166389351081,0.7653910149750416
222,0.5234113712374582,0.14464882943143811,0.0,0.3319397993311037
223,0.2263803680981595,0.0,0.42760736196319016,0.3460122699386503
224,0.43304843304843305,0.0,0.39316239316239315,0.1737891737891738
225,0.0,0.4405385190725505,0.537771129394166,0.02169035153328347
226,0.0,0.07795560144553433,0.8311822405782138,0.09086215797625194
227,0.44804716285924834,0.44804716285924834,0.0,0.10390567428150331
228,0.0,0.23308270676691728,0.4924812030075188,0.2744360902255639
229,0.0,0.19976076555023922,0.7517942583732058,0.04844497607655503
230,0.07398250285279574,0.0,0.42772917459109927,0.498288322556105
231,0.42857142857142855,0.05592991913746631,0.5154986522911051,0.0
232,0.1817427385892116,0.0,0.09211618257261411,0.7261410788381742
233,0.4290633608815427,0.0,0.16046831955922866,0.41046831955922863
234,0.1359801488833747,0.0,0.6684863523573201,0.1955334987593052
235,0.19306930693069307,0.28217821782178215,0.5247524752475248,0.0
236,0.3006866642573184,0.5448138778460426,0.0,0.15449945789663896
237,0.19535221496005808,0.5453885257806826,0.25925925925925924,0.0
238,0.0,0.21605117766792672,0.03663855772026752,0.7473102646118057
239,0.06064209274673008,0.72294887039239,0.2164090368608799,0.0
240,0.05247169290251312,0.0,0.03534935100800884,0.9121789560894781
241,0.2254335260115607,0.14450867052023122,0.630057803468208,0.0
242,0.5847318196775255,0.2286936492267193,0.0,0.18657453109575517
243,0.06600808262236192,0.0,0.9164795689268074,0.017512348450830714
244,0.0,0.05546218487394958,0.6134453781512605,0.3310924369747899
245,0.0,0.3322818086225026,0.5814931650893796,0.08622502628811778
246,0.0,0.41512345679012347,0.3395061728395062,0.24537037037037038
247,0.16393442622950818,0.21311475409836064,0.6229508196721312,0.0
248,0.3082706766917293,0.3458646616541353,0.0,0.3458646616541353
249,0.0,0.12671821305841924,0.8449312714776632,0.028350515463917526
250,0.0,0.3127669672520171,0.6487897484575226,0.03844328429046037
251,0.08284939992257065,0.0,0.17228029423151375,0.7448703058459156
252,0.0,0.2775453277545328,0.6408647140864714,0.08158995815899582
253,0.7207792207792207,0.21428571428571427,0.0,0.06493506493506493
254,0.061447811447811446,0.7356902356902357,0.20286195286195285,0.0
255,0.1647940074906367,0.0,0.5880149812734082,0.24719101123595505
256,0.09274193548387097,0.42338709677419356,0.4838709677419355,0.0
257,0.3435662965382103,0.5127367733507512,0.0,0.14369693011103854
258,0.0,0.6420664206642066,0.3195571955719557,0.03837638376383764
259,0.3398963730569948,0.5797927461139897,0.0,0.08031088082901554
260,0.0,0.348585690515807,0.519134775374376,0.13227953410981697
261,0.31239198942767105,0.6505032021957914,0.0,0.03710480837653756
262,0.12980406932931424,0.0,0.2364355689525245,0.6337603617181613
263,0.2145435791645178,0.4997421351211965,0.2857142857142857,0.0
264,0.3333333333333333,0.20454545454545456,0.0,0.4621212121212121
265,0.0,0.5437616387337058,0.25884543761638734,0.1973929236499069
266,0.4498703543647364,0.49265341400172863,0.0,0.057476231633535005
267,0.3235294117647059,0.14705882352941177,0.0,0.5294117647058824
268,0.0,0.25316455696202533,0.5443037974683544,0.20253164556962025
269,0.15334207077326342,0.0,0.061598951507208385,0.7850589777195282
270,0.0,0.03253012048192771,0.18313253012048192,0.7843373493975904
271,0.3684210526315789,0.0,0.631578947368421,0.0
272,0.25862068965517243,0.367816091954023,0.0,0.3735632183908046
273,0.3728813559322034,0.11016949152542373,0.0,0.5169491525423728
274,0.13111888111888112,0.0,0.8269230769230769,0.04195804195804196
275,0.14469078179696615,0.0,0.18903150525087514,0.6662777129521587
276,0.20827300930713546,0.45749741468459154,0.334229576008273,0.0
277,0.29534883720930233,0.23255813953488372,0.4720930232558139,0.0
278,0.33204134366925064,0.5553567879149275,0.0,0.1126018684158219
279,0.09345794392523364,0.17757009345794392,0.7289719626168224,0.0
280,0.0,0.13513513513513514,0.1891891891891892,0.6756756756756757
281,0.011830635118306352,0.9215442092154421,0.06662515566625156,0.0
282,0.05489260143198091,0.6730310262529833,0.2720763723150358,0.0
283,0.0,0.033362218370883885,0.030329289428076257,0.9363084922010398
284,0.010224948875255624,0.0,0.01386048625312429,0.9759145648716201
285,0.14479638009049775,0.19909502262443438,0.6561085972850679,0.0
286,0.35542168674698793,0.14156626506024098,0.0,0.5030120481927711
287,0.001088139281828074,0.7584330794341676,0.24047878128400435,0.0
288,0.8467670504871567,0.034986713906111605,0.0,0.11824623560673161
289,0.03239162201656113,0.0,0.12396492937165124,0.8436434486117876
290,0.0,0.1893687707641196,0.6502135738016137,0.16041765543426673
291,0.0,0.4491525423728814,0.5211864406779662,0.029661016949152543
292,0.0,0.0553763440860215,0.9172043010752688,0.027419354838709678
293,0.0,0.05893909626719057,0.8939096267190569,0.047151277013752456
294,0.4309623430962343,0.23430962343096234,0.0,0.33472803347280333
295,0.0,0.3463414634146341,0.43414634146341463,0.21951219512195122
296,0.09057301293900184,0.7153419593345656,0.19408502772643252,0.0
297,0.0,0.49165120593692024,0.2894248608534323,0.2189239332096475
298,0.31386861313868614,0.12408759124087591,0.5620437956204379,0.0
299,0.0,0.3024193548387097,0.3387096774193548,0.3588709677419355
300,0.4657534246575342,0.0958904109589041,0.4383561643835616,0.0
301,0.26153846153846155,0.0,0.16923076923076924,0.5692307692307692
302,0.3333333333333333,0.2777777777777778,0.3888888888888889,0.0
303,0.05,0.15,0.8,0.0
304,0.3157894736842105,0.15789473684210525,0.5263157894736842,0.0
305,0.5,0.25,0.25,0.0
306,0.75,0.16666666666666666,0.0,0.08333333333333333
307,0.0,0.0,0.0,1.0
308,,,,
309,0.0,0.0,1.0,0.0
310,0.0,1.0,0.0,0.0
311,,,,
312,,,,
313,,,,
314,,,,
315,,,,
316,,,,
317,,,,
