,A,C,G,T
0,,,,
1,,,,
2,0.7692307692307693,0.1794871794871795,0.0,0.05128205128205128
3,0.08506224066390042,0.8103734439834025,0.0,0.1045643153526971
4,0.2987012987012987,0.5064935064935064,0.19480519480519481,0.0
5,0.5119236883942766,0.32114467408585057,0.0,0.1669316375198728
6,0.2975206611570248,0.0,0.5165289256198347,0.1859504132231405
7,0.0,0.08112874779541446,0.5308641975308642,0.3880070546737213
8,0.5123126338329764,0.36616702355460384,0.0,0.1215203426124197
9,0.05555555555555555,0.0,0.042328042328042326,0.9021164021164021
10,0.01098901098901099,0.9340659340659341,0.054945054945054944,0.0
11,0.5899014778325123,0.24014778325123154,0.0,0.16995073891625614
12,0.14847161572052403,0.0,0.6026200873362445,0.24890829694323144
13,0.0,0.06092436974789916,0.38445378151260506,0.5546218487394958
14,0.6548536209553159,0.18489984591679506,0.0,0.16024653312788906
15,0.029498525073746312,0.8908554572271387,0.0,0.07964601769911504
16,0.0,0.5944055944055944,0.1888111888111888,0.21678321678321677
17,0.8699186991869918,0.008130081300813009,0.0,0.12195121951219512
18,0.29245283018867924,0.08490566037735849,0.6226415094339622,0.0
19,0.07142857142857142,0.0,0.35714285714285715,0.5714285714285714
20,0.06299212598425197,0.7559055118110236,0.0,0.18110236220472442
21,0.5833333333333334,0.08333333333333333,0.0,0.3333333333333333
22,0.27450980392156865,0.3333333333333333,0.0,0.39215686274509803
23,0.14925373134328357,0.0,0.6417910447761194,0.208955223880597
24,0.25,0.0,0.42857142857142855,0.32142857142857145
25,0.3829787234042553,0.0,0.46808510638297873,0.14893617021276595
26,0.0,0.46153846153846156,0.36639676113360325,0.1720647773279352
27,0.477891156462585,0.49829931972789115,0.0,0.023809523809523808
28,0.2882882882882883,0.4594594594594595,0.0,0.25225225225225223
29,0.0,0.3680672268907563,0.41680672268907565,0.21512605042016808
30,0.02619047619047619,0.0,0.611904761904762,0.3619047619047619
31,0.8580542264752791,0.06539074960127592,0.07655502392344497,0.0
32,0.569620253164557,0.22151898734177214,0.0,0.2088607594936709
33,0.23633440514469453,0.6028938906752411,0.0,0.1607717041800643
34,0.07100591715976332,0.7337278106508875,0.1952662721893491,0.0
35,0.29198966408268734,0.43669250645994834,0.0,0.2713178294573643
36,0.0,0.5119363395225465,0.44562334217506633,0.042440318302387266
37,0.0,0.1383177570093458,0.7897196261682243,0.07196261682242991
38,0.5192307692307693,0.34615384615384615,0.0,0.1346153846153846
39,0.07962962962962963,0.0,0.46111111111111114,0.45925925925925926
40,0.4444444444444444,0.0,0.1746031746031746,0.38095238095238093
41,0.06818181818181818,0.7186147186147186,0.2132034632034632,0.0
42,0.027842227378190254,0.8120649651972158,0.16009280742459397,0.0
43,0.13026819923371646,0.0,0.42528735632183906,0.4444444444444444
44,0.7754318618042226,0.12667946257197696,0.0,0.09788867562380038
45,0.13135593220338984,0.8114406779661016,0.0,0.057203389830508475
46,0.0,0.15018315018315018,0.8461538461538461,0.003663003663003663
47,0.42038216560509556,0.39171974522292996,0.0,0.18789808917197454
48,0.0,0.49206349206349204,0.25396825396825395,0.25396825396825395
49,0.19626168224299065,0.0,0.5,0.3037383177570093
50,0.43147208121827413,0.0,0.23604060913705585,0.33248730964467005
51,0.2918454935622318,0.0,0.34334763948497854,0.3648068669527897
52,0.14,0.6,0.26,0.0
53,0.13011152416356878,0.2342007434944238,0.0,0.6356877323420075
54,0.4420731707317073,0.2530487804878049,0.3048780487804878,0.0
55,0.29850746268656714,0.0,0.12686567164179105,0.5746268656716418
56,0.22336769759450173,0.0,0.14891179839633448,0.6277205040091638
57,0.1935483870967742,0.0,0.6451612903225806,0.16129032258064516
58,0.05084745762711865,0.6186440677966102,0.3305084745762712,0.0
59,0.3142857142857143,0.0,0.45714285714285713,0.22857142857142856
60,0.0,0.3073394495412844,0.1926605504587156,0.5
61,0.15410726408689748,0.0,0.1690427698574338,0.6768499660556687
62,0.1678861788617886,0.0,0.25365853658536586,0.5784552845528456
63,0.15254237288135594,0.4576271186440678,0.3898305084745763,0.0
64,0.32142857142857145,0.13095238095238096,0.0,0.5476190476190477
65,0.03167420814479638,0.0,0.006787330316742082,0.9615384615384616
66,0.0,0.10039370078740158,0.5255905511811023,0.37401574803149606
67,0.24238578680203046,0.0,0.6072335025380711,0.15038071065989847
68,0.5047619047619047,0.31666666666666665,0.17857142857142858,0.0
69,0.4175531914893617,0.3670212765957447,0.0,0.2154255319148936
70,0.14473684210526316,0.618421052631579,0.23684210526315788,0.0
71,0.045949214026602174,0.0,0.5151148730350665,0.43893591293833134
72,0.2525879917184265,0.5238095238095238,0.2236024844720497,0.0
73,0.4274193548387097,0.0,0.23387096774193547,0.3387096774193548
74,0.16338880484114976,0.6384266263237519,0.19818456883509833,0.0
75,0.7175925925925926,0.1388888888888889,0.0,0.14351851851851852
76,0.7719580983078163,0.1313456889605157,0.0,0.09669621273166801
77,0.22988505747126436,0.6056587091069849,0.16445623342175067,0.0
78,0.021483491632745363,0.11940298507462686,0.8591135232926278,0.0
79,0.0,0.22871883061049011,0.4950558899398108,0.27622527944969905
80,0.05744336569579288,0.0,0.09870550161812297,0.8438511326860841
81,0.2629310344827586,0.5545977011494253,0.1824712643678161,0.0
82,0.2991944764096663,0.0,0.1380897583429229,0.5627157652474108
83,0.3402061855670103,0.0,0.13573883161512026,0.5240549828178694
84,0.0,0.4273658830620856,0.458710066305003,0.11392405063291139
85,0.1152073732718894,0.4976958525345622,0.3870967741935484,0.0
86,0.34288354898336415,0.0,0.2846580406654344,0.3724584103512015
87,0.0,0.25569620253164554,0.6481012658227848,0.09620253164556962
88,0.4338786639400136,0.461826857532379,0.0,0.10429447852760736
89,0.1111111111111111,0.0,0.11480455524776854,0.7740843336411204
90,0.0,0.14613911933631143,0.7492022973835354,0.10465858328015316
91,0.49320543565147884,0.41833200106581403,0.0,0.08846256328270717
92,0.27908496732026145,0.5084967320261438,0.21241830065359477,0.0
93,0.7661469933184856,0.15228285077951,0.0,0.08157015590200445
94,0.5611749680715198,0.32337164750957853,0.0,0.11545338441890166
95,0.2535211267605634,0.647247119078105,0.09923175416133162,0.0
96,0.31448763250883394,0.4452296819787986,0.24028268551236748,0.0
97,0.0,0.32167832167832167,0.1322314049586777,0.5460902733630006
98,0.017090069284064664,0.0,0.03926096997690531,0.94364896073903
99,0.4513157894736842,0.47960526315789476,0.06907894736842106,0.0
100,0.0,0.11695278969957082,0.16469957081545064,0.7183476394849786
101,0.020786933927245732,0.0,0.10170749814402376,0.8775055679287305
102,0.08296943231441048,0.314410480349345,0.6026200873362445,0.0
103,0.18181818181818182,0.1303030303030303,0.0,0.6878787878787879
104,0.040229885057471264,0.6264367816091954,0.0,0.3333333333333333
105,0.827438370846731,0.05787781350482315,0.0,0.11468381564844587
106,0.1392857142857143,0.7400793650793651,0.0,0.12063492063492064
107,0.10966810966810966,0.0,0.39105339105339104,0.49927849927849927
108,0.01293103448275862,0.6336206896551724,0.35344827586206895,0.0
109,0.06666666666666667,0.05714285714285714,0.0,0.8761904761904762
110,0.3411764705882353,0.3411764705882353,0.0,0.3176470588235294
111,0.0,0.21879978757302176,0.6893255443441317,0.09187466808284653
112,0.6125,0.17083333333333334,0.21666666666666667,0.0
113,0.06542056074766354,0.0,0.24966622162883845,0.684913217623498
114,0.44976076555023925,0.0,0.2822966507177033,0.2679425837320574
115,0.25462962962962965,0.5879629629629629,0.0,0.1574074074074074
116,0.10120412844036697,0.8038990825688074,0.0,0.09489678899082568
117,0.39436619718309857,0.0,0.09859154929577464,0.5070422535211268
118,0.0,0.46386946386946387,0.27972027972027974,0.2564102564102564
119,0.7406417112299465,0.19518716577540107,0.0,0.06417112299465241
120,0.18669711675706538,0.0,0.153011704253497,0.6602911789894377
121,0.40988372093023256,0.0,0.061046511627906974,0.5290697674418605
122,0.2608695652173913,0.0,0.28019323671497587,0.45893719806763283
123,0.23376623376623376,0.0,0.7012987012987013,0.06493506493506493
124,0.1076923076923077,0.0,0.07692307692307693,0.8153846153846154
125,0.0,0.689145793192036,0.2543352601156069,0.056518946692357096
126,0.5512820512820513,0.3557692307692308,0.0,0.09294871794871795
127,0.665948275862069,0.2801724137931034,0.0,0.05387931034482758
128,0.7337023370233703,0.14760147601476015,0.0,0.11869618696186962
129,0.0,0.5171537484116899,0.4714104193138501,0.011435832274459974
130,0.0,0.16009852216748768,0.7549261083743842,0.08497536945812807
131,0.6835443037974683,0.20675105485232068,0.0,0.10970464135021098
132,0.5991735537190083,0.3140495867768595,0.0,0.08677685950413223
133,0.3125,0.59375,0.0,0.09375
134,0.6170263788968825,0.2565947242206235,0.0,0.126378896882494
135,0.4935897435897436,0.0,0.14423076923076922,0.36217948717948717
136,0.1038961038961039,0.6545454545454545,0.24155844155844156,0.0
137,0.7662942271880819,0.05772811918063315,0.0,0.17597765363128492
138,0.05307262569832402,0.9022346368715084,0.0,0.0446927374301676
139,0.0,0.32786885245901637,0.5081967213114754,0.16393442622950818
140,0.8166915052160953,0.14008941877794337,0.0,0.043219076005961254
141,0.3076923076923077,0.15384615384615385,0.5384615384615384,0.0
142,0.34579439252336447,0.11214953271028037,0.0,0.5420560747663551
143,0.09821428571428571,0.5922619047619048,0.0,0.30952380952380953
144,0.0,0.42776523702031605,0.5282167042889391,0.04401805869074492
145,0.24651162790697675,0.12093023255813953,0.6325581395348837,0.0
146,0.14478918058870327,0.3731105807478122,0.4821002386634845,0.0
147,0.12962962962962962,0.21296296296296297,0.0,0.6574074074074074
148,0.014473684210526316,0.9230263157894737,0.0,0.0625
149,0.43282422987315555,0.5086720165674347,0.0,0.05850375355940979
150,0.0,0.4123957091775924,0.2306317044100119,0.3569725864123957
151,0.6067551266586249,0.3293124246079614,0.0,0.06393244873341375
152,0.11105345096004152,0.7446808510638298,0.1442656979761287,0.0
153,0.0,0.1176250933532487,0.6904406273338313,0.1919342793129201
154,0.2552166934189406,0.406099518459069,0.33868378812199035,0.0
155,0.14700912470429198,0.0,0.4464346062859074,0.40655626900980063
156,0.29508196721311475,0.594672131147541,0.11024590163934427,0.0
157,0.0,0.33302005012531327,0.16885964912280702,0.4981203007518797
158,0.04891304347826087,0.5163043478260869,0.43478260869565216,0.0
159,0.12360248447204969,0.0,0.09565217391304348,0.7807453416149068
160,0.0,0.38207200587803086,0.3783982365907421,0.23952975753122704
161,0.1459227467811159,0.6886461178306672,0.16543113538821694,0.0
162,0.0,0.22534491568727644,0.6668369954011242,0.10781808891159939
163,0.26733001658374794,0.6656716417910448,0.0,0.06699834162520729
164,0.5206547155105222,0.33982852689010135,0.13951675759937646,0.0
165,0.4666666666666667,0.10952380952380952,0.0,0.4238095238095238
166,0.4118942731277533,0.2841409691629956,0.0,0.3039647577092511
167,0.4648318042813456,0.3962429008300568,0.0,0.13892529488859764
168,0.0,0.23777403035413153,0.6205733558178752,0.14165261382799327
169,0.44209145427286356,0.4490254872563718,0.0,0.10888305847076461
170,0.27276439363005306,0.0,0.231523070641078,0.4957125357288689
171,0.0,0.22361359570661896,0.4770423375074538,0.29934406678592723
172,0.14481185860889395,0.0,0.4070695553021665,0.44811858608893956
173,0.19032047089601045,0.0,0.32308698495748855,0.486592544146501
174,0.4105613701236917,0.35680304471931495,0.23263558515699334,0.0
175,0.0,0.30191256830601093,0.08151183970856102,0.6165755919854281
176,0.07227615965480043,0.0,0.16127292340884575,0.7664509169363538
177,0.23283582089552238,0.5114427860696518,0.2557213930348259,0.0
178,0.0,0.4208523592085236,0.11491628614916286,0.4642313546423135
179,0.06901217861975643,0.0,0.09539918809201624,0.8355886332882273
180,0.0,0.4551148225469729,0.37160751565762007,0.1732776617954071
181,0.0,0.3455971049457177,0.5856453558504222,0.06875753920386007
182,0.05059203444564048,0.0,0.17007534983853606,0.7793326157158235
183,0.1413427561837456,0.0,0.31448763250883394,0.5441696113074205
184,0.23636363636363636,0.0,0.44242424242424244,0.3212121212121212
185,0.16226415094339622,0.7018867924528301,0.0,0.13584905660377358
186,0.22727272727272727,0.2603305785123967,0.512396694214876,0.0
187,0.4125874125874126,0.0,0.1958041958041958,0.3916083916083916
188,0.30401234567901236,0.0,0.09259259259259259,0.6033950617283951
189,0.125,0.0,0.24609375,0.62890625
190,0.20727272727272728,0.20363636363636364,0.5890909090909091,0.0
191,0.11529271206690561,0.0,0.7383512544802867,0.14635603345280765
192,0.0,0.30918635170603675,0.6551181102362205,0.03569553805774278
193,0.0,0.13185654008438819,0.7262658227848101,0.14187763713080168
194,0.22575976845151954,0.6324167872648335,0.0,0.14182344428364688
195,0.0,0.3233404710920771,0.6402569593147751,0.03640256959314775
196,0.5212014134275619,0.3586572438162544,0.0,0.12014134275618374
197,0.08121019108280254,0.6385350318471338,0.2802547770700637,0.0
198,0.39705882352941174,0.0,0.4852941176470588,0.11764705882352941
199,0.30113636363636365,0.2556818181818182,0.0,0.4431818181818182
200,0.0,0.4,0.48205128205128206,0.11794871794871795
201,0.2768817204301075,0.6404569892473119,0.0,0.08266129032258064
202,0.038551401869158876,0.772196261682243,0.18925233644859812,0.0
203,0.2551928783382789,0.0,0.24183976261127596,0.5029673590504451
204,0.0,0.03171390013495277,0.4392712550607287,0.5290148448043185
205,0.15009940357852883,0.0,0.3697813121272366,0.4801192842942346
206,0.41767068273092367,0.0,0.18473895582329317,0.39759036144578314
207,0.0,0.34232365145228216,0.4197786998616874,0.23789764868603042
208,0.12457912457912458,0.45791245791245794,0.4175084175084175,0.0
209,0.0,0.20266600839298937,0.4196494692668477,0.3776845223401629
210,0.21476510067114093,0.12416107382550336,0.6610738255033557,0.0
211,0.21025641025641026,0.0,0.11025641025641025,0.6794871794871795
212,0.0,0.48417642661350613,0.21704460503364068,0.2987789683528532
213,0.48756218905472637,0.38308457711442784,0.0,0.12935323383084577
214,0.2655367231638418,0.49878934624697335,0.23567393058918482,0.0
215,0.0,0.1345486111111111,0.6942274305555556,0.17122395833333334
216,0.24675324675324675,0.6051948051948052,0.0,0.14805194805194805
217,0.0,0.37916666666666665,0.4041666666666667,0.21666666666666667
218,0.20930232558139536,0.0,0.23449612403100775,0.5562015503875969
219,0.0,0.26212590299277605,0.4055727554179567,0.3323013415892673
220,0.18829707426856715,0.0,0.25131282820705175,0.5603900975243811
221,0.3456659619450317,0.3964059196617336,0.0,0.25792811839323465
222,0.13658536585365855,0.35365853658536583,0.5097560975609756,0.0
223,0.2278177458033573,0.0,0.4940047961630695,0.27817745803357313
224,0.046192259675405745,0.0,0.66167290886392,0.29213483146067415
225,0.0,0.4511784511784512,0.5235690235690236,0.025252525252525252
226,0.0,0.20488466757123475,0.6729986431478969,0.12211668928086838
227,0.3684210526315789,0.48911070780399274,0.0,0.1424682395644283
228,0.0,0.5061728395061729,0.46502057613168724,0.02880658436213992
229,0.0,0.27105666156202146,0.666156202143951,0.06278713629402756
230,0.028417818740399385,0.0,0.22235023041474655,0.749231950844854
231,0.5171696149843913,0.0,0.4068678459937565,0.07596253902185224
232,0.0,0.42567567567567566,0.34346846846846846,0.23085585585585586
233,0.5134672937152629,0.4228302693458743,0.0,0.06370243693886277
234,0.364476386036961,0.31724845995893225,0.3182751540041068,0.0
235,0.3574144486692015,0.09505703422053231,0.5475285171102662,0.0
236,0.06017925736235595,0.0,0.19526248399487836,0.7445582586427657
237,0.46742209631728043,0.09915014164305949,0.43342776203966005,0.0
238,0.30344827586206896,0.0,0.030344827586206897,0.6662068965517242
239,0.21858864027538727,0.0,0.16695352839931152,0.6144578313253012
240,0.13812154696132597,0.0,0.2302025782688766,0.6316758747697975
241,0.08502024291497975,0.10931174089068826,0.805668016194332,0.0
242,0.5071942446043165,0.2302158273381295,0.0,0.26258992805755393
243,0.0,0.4472700074794316,0.45848915482423336,0.09424083769633508
244,0.0,0.11056447436561367,0.8166752977731745,0.07276022786121181
245,0.4768601380721043,0.37177192533878806,0.0,0.15136793658910763
246,0.13653483992467044,0.0,0.2532956685499058,0.6101694915254238
247,0.10526315789473684,0.07368421052631578,0.8210526315789474,0.0
248,0.42679127725856697,0.40498442367601245,0.0,0.16822429906542055
249,0.0,0.3900414937759336,0.35684647302904565,0.25311203319502074
250,0.3727570603838352,0.566078951474489,0.0,0.06116398814167577
251,0.049282296650717705,0.0,0.45382775119617225,0.49688995215311005
252,0.1943127962085308,0.24170616113744076,0.5639810426540285,0.0
253,0.42071197411003236,0.0,0.20064724919093851,0.3786407766990291
254,0.15482954545454544,0.5440340909090909,0.30113636363636365,0.0
255,0.28780487804878047,0.45975609756097563,0.0,0.2524390243902439
256,0.07407407407407407,0.4928774928774929,0.43304843304843305,0.0
257,0.3624733475479744,0.43710021321961623,0.0,0.20042643923240938
258,0.0,0.07276995305164319,0.8004694835680751,0.1267605633802817
259,0.14328358208955225,0.0,0.6587064676616915,0.19800995024875623
260,0.08161816891412349,0.0,0.23278921220723917,0.6855926188786373
261,0.52,0.305,0.0,0.175
262,0.23043478260869565,0.0,0.1782608695652174,0.591304347826087
263,0.1974921630094044,0.0,0.19122257053291536,0.6112852664576802
264,0.752925877763329,0.02080624187256177,0.0,0.22626788036410922
265,0.6180555555555556,0.0,0.22916666666666666,0.1527777777777778
266,0.0,0.08190394511149228,0.6552315608919382,0.26286449399656947
267,0.17307692307692307,0.11538461538461539,0.0,0.7115384615384616
268,0.0,0.3050847457627119,0.5423728813559322,0.15254237288135594
269,0.24175824175824176,0.0,0.13186813186813187,0.6263736263736264
270,0.0,0.0779816513761468,0.31422018348623854,0.6077981651376146
271,0.21666666666666667,0.0,0.475,0.30833333333333335
272,0.3402061855670103,0.35051546391752575,0.0,0.30927835051546393
273,0.09803921568627451,0.0392156862745098,0.0,0.8627450980392157
274,0.07780979827089338,0.0,0.8328530259365994,0.0893371757925072
275,0.03757911392405063,0.0,0.028481012658227847,0.9339398734177216
276,0.6975485514167462,0.21680993314231137,0.0,0.08564151544094238
277,0.09274193548387097,0.6209677419354839,0.2862903225806452,0.0
278,0.3380152671755725,0.38625954198473283,0.0,0.27572519083969466
279,0.07462686567164178,0.19402985074626866,0.7313432835820896,0.0
280,0.0,0.05555555555555555,0.07407407407407407,0.8703703703703703
281,0.010624169986719787,0.9070385126162018,0.08233731739707835,0.0
282,0.0392156862745098,0.7450980392156863,0.21568627450980393,0.0
283,0.0,0.01590380139643134,0.01978277734678045,0.9643134212567882
284,0.009829059829059829,0.0,0.01452991452991453,0.9756410256410256
285,0.12618296529968454,0.17665615141955837,0.6971608832807571,0.0
286,0.28444444444444444,0.27111111111111114,0.0,0.4444444444444444
287,0.0017761989342806395,0.5808170515097691,0.41740674955595025,0.0
288,0.5609756097560976,0.024390243902439025,0.0,0.4146341463414634
289,0.06260869565217392,0.0,0.3472463768115942,0.5901449275362319
290,0.3046471600688468,0.5129087779690189,0.0,0.18244406196213425
291,0.0,0.6612111292962357,0.337152209492635,0.0016366612111292963
292,0.7995495495495496,0.08783783783783784,0.0,0.11261261261261261
293,0.0,0.3883495145631068,0.5533980582524272,0.05825242718446602
294,0.19810040705563092,0.689280868385346,0.0,0.11261872455902307
295,0.0,0.4634146341463415,0.25365853658536586,0.28292682926829266
296,0.10526315789473684,0.6578947368421053,0.23684210526315788,0.0
297,0.1073170731707317,0.0,0.40487804878048783,0.4878048780487805
298,0.25,0.5625,0.1875,0.0
299,0.14634146341463414,0.0,0.7317073170731707,0.12195121951219512
300,0.14285714285714285,0.6571428571428571,0.2,0.0
301,0.07692307692307693,0.0,0.5897435897435898,0.3333333333333333
302,0.05,0.7,0.0,0.25
303,0.8823529411764706,0.0,0.09803921568627451,0.0196078431372549
304,0.0,0.8461538461538461,0.15384615384615385,0.0
305,0.03571428571428571,0.0,0.0,0.9642857142857143
306,0.0,0.5,0.5,0.0
307,0.0,0.0,0.0,1.0
308,0.0,0.3333333333333333,0.6666666666666666,0.0
309,0.0,0.0,0.0,1.0
310,0.0,0.09090909090909091,0.8181818181818182,0.09090909090909091
311,,,,
312,,,,
313,,,,
314,,,,
315,,,,
