,A,C,G,T
0,,,,
1,,,,
2,0.0,0.19047619047619047,0.7142857142857143,0.09523809523809523
3,0.5625,0.375,0.0,0.0625
4,0.6,0.0,0.4,0.0
5,0.23529411764705882,0.17647058823529413,0.0,0.5882352941176471
6,0.4583333333333333,0.0,0.4583333333333333,0.08333333333333333
7,0.0,0.045454545454545456,0.7727272727272727,0.18181818181818182
8,0.863013698630137,0.0547945205479452,0.0,0.0821917808219178
9,0.01639344262295082,0.0,0.01639344262295082,0.9672131147540983
10,0.3333333333333333,0.3333333333333333,0.3333333333333333,0.0
11,0.6666666666666666,0.0,0.0,0.3333333333333333
12,0.6666666666666666,0.0,0.0,0.3333333333333333
13,0.6428571428571429,0.21428571428571427,0.14285714285714285,0.0
14,0.9,0.0,0.0,0.1
15,0.0,1.0,0.0,0.0
16,0.0,0.6666666666666666,0.0,0.3333333333333333
17,0.9411764705882353,0.058823529411764705,0.0,0.0
18,0.875,0.0,0.125,0.0
19,1.0,0.0,0.0,0.0
20,0.0,0.1111111111111111,0.8888888888888888,0.0
21,,,,
22,1.0,0.0,0.0,0.0
23,0.5,0.0,0.0,0.5
24,0.0,0.0,0.0,1.0
25,0.0,0.5,0.0,0.5
26,0.0,0.5,0.2,0.3
27,0.2962962962962963,0.6296296296296297,0.0,0.07407407407407407
28,0.011904761904761904,0.6904761904761905,0.2976190476190476,0.0
29,0.3333333333333333,0.0,0.3333333333333333,0.3333333333333333
30,0.3333333333333333,0.2,0.0,0.4666666666666667
31,0.0,0.8,0.2,0.0
32,0.4,0.25,0.0,0.35
33,0.6363636363636364,0.2727272727272727,0.0,0.09090909090909091
34,0.16666666666666666,0.6666666666666666,0.16666666666666666,0.0
35,0.0,0.3,0.5166666666666667,0.18333333333333332
36,0.6666666666666666,0.0,0.25,0.08333333333333333
37,0.0,0.4,0.6,0.0
38,0.4,0.2,0.0,0.4
39,0.027777777777777776,0.0,0.05555555555555555,0.9166666666666666
40,0.5,0.0,0.25,0.25
41,0.0,0.022988505747126436,0.9770114942528736,0.0
42,,,,
43,,,,
44,0.7692307692307693,0.07692307692307693,0.0,0.15384615384615385
45,1.0,0.0,0.0,0.0
46,0.0,0.0,0.0,1.0
47,0.3333333333333333,0.0,0.0,0.6666666666666666
48,0.0,1.0,0.0,0.0
49,0.5,0.0,0.5,0.0
50,0.3,0.0,0.2,0.5
51,0.46153846153846156,0.0,0.23076923076923078,0.3076923076923077
52,0.6666666666666666,0.0,0.3333333333333333,0.0
53,0.72,0.12,0.0,0.16
54,0.0,0.75,0.125,0.125
55,0.4444444444444444,0.4444444444444444,0.0,0.1111111111111111
56,0.0,0.8571428571428571,0.07142857142857142,0.07142857142857142
57,0.6666666666666666,0.0,0.3333333333333333,0.0
58,0.0,0.375,0.625,0.0
59,0.25,0.0,0.5,0.25
60,0.2,0.6,0.2,0.0
61,0.5,0.0,0.5,0.0
62,0.35714285714285715,0.0,0.0,0.6428571428571429
63,0.0,0.0,1.0,0.0
64,0.3333333333333333,0.3333333333333333,0.0,0.3333333333333333
65,0.0,0.8421052631578947,0.15789473684210525,0.0
66,0.26666666666666666,0.2,0.0,0.5333333333333333
67,0.23809523809523808,0.0,0.30952380952380953,0.4523809523809524
68,0.0,0.5882352941176471,0.29411764705882354,0.11764705882352941
69,0.7142857142857143,0.14285714285714285,0.0,0.14285714285714285
70,0.0,0.0,0.21621621621621623,0.7837837837837838
71,0.2857142857142857,0.0,0.21428571428571427,0.5
72,0.0,0.2857142857142857,0.7142857142857143,0.0
73,0.5,0.0,0.5,0.0
74,0.5,0.25,0.25,0.0
75,0.5,0.0,0.0,0.5
76,0.75,0.25,0.0,0.0
77,0.0,0.4,0.35,0.25
78,0.7777777777777778,0.16666666666666666,0.05555555555555555,0.0
79,0.0,0.2222222222222222,0.7777777777777778,0.0
80,0.2857142857142857,0.0,0.0,0.7142857142857143
81,0.0,0.5172413793103449,0.3448275862068966,0.13793103448275862
82,0.41975308641975306,0.0,0.43209876543209874,0.14814814814814814
83,0.28169014084507044,0.0,0.19718309859154928,0.5211267605633803
84,0.14285714285714285,0.2857142857142857,0.5714285714285714,0.0
85,0.058823529411764705,0.7647058823529411,0.17647058823529413,0.0
86,0.13333333333333333,0.5333333333333333,0.3333333333333333,0.0
87,0.48,0.16,0.0,0.36
88,0.0,0.45,0.4,0.15
89,0.3611111111111111,0.4444444444444444,0.19444444444444445,0.0
90,0.9210526315789473,0.0,0.0,0.07894736842105263
91,0.0,0.5,0.25,0.25
92,0.1724137931034483,0.6551724137931034,0.1724137931034483,0.0
93,0.0,0.8421052631578947,0.15789473684210525,0.0
94,0.0,0.3142857142857143,0.17142857142857143,0.5142857142857142
95,0.05263157894736842,0.6842105263157895,0.2631578947368421,0.0
96,0.45454545454545453,0.09090909090909091,0.0,0.45454545454545453
97,0.2222222222222222,0.0,0.3055555555555556,0.4722222222222222
98,0.5555555555555556,0.0,0.3333333333333333,0.1111111111111111
99,0.0,0.5333333333333333,0.26666666666666666,0.2
100,0.0,0.0,1.0,0.0
101,0.3076923076923077,0.34615384615384615,0.0,0.34615384615384615
102,0.68,0.0,0.04,0.28
103,0.0,0.7727272727272727,0.0,0.22727272727272727
104,0.0,0.0,0.3333333333333333,0.6666666666666666
105,0.0,0.0,1.0,0.0
106,0.0,0.5,0.0,0.5
107,0.0,0.5,0.0,0.5
108,0.0,0.1111111111111111,0.0,0.8888888888888888
109,0.0,1.0,0.0,0.0
110,0.037037037037037035,0.0,0.3333333333333333,0.6296296296296297
111,0.0,0.0,1.0,0.0
112,0.3333333333333333,0.0,0.0,0.6666666666666666
113,0.4838709677419355,0.3548387096774194,0.16129032258064516,0.0
114,0.75,0.0,0.0,0.25
115,0.0,0.625,0.25,0.125
116,0.0,0.3333333333333333,0.6666666666666666,0.0
117,0.3275862068965517,0.6206896551724138,0.0,0.05172413793103448
118,0.0,0.0,0.6842105263157895,0.3157894736842105
119,0.041666666666666664,0.9166666666666666,0.041666666666666664,0.0
120,0.0,0.0,1.0,0.0
121,0.6666666666666666,0.0,0.0,0.3333333333333333
122,0.8,0.0,0.0,0.2
123,0.5,0.0,0.0,0.5
124,0.6666666666666666,0.3333333333333333,0.0,0.0
125,0.7857142857142857,0.14285714285714285,0.0,0.07142857142857142
126,0.0,0.3,0.7,0.0
127,0.0,0.0,0.8181818181818182,0.18181818181818182
128,0.0,0.2,0.0,0.8
129,0.75,0.10416666666666667,0.0,0.14583333333333334
130,0.0,0.5,0.0,0.5
131,0.15,0.35,0.5,0.0
132,0.2222222222222222,0.0,0.5555555555555556,0.2222222222222222
133,0.0,0.38461538461538464,0.6153846153846154,0.0
134,0.12244897959183673,0.5510204081632653,0.0,0.32653061224489793
135,0.16666666666666666,0.5,0.0,0.3333333333333333
136,0.0,0.21739130434782608,0.6086956521739131,0.17391304347826086
137,0.6595744680851063,0.0,0.0,0.3404255319148936
138,0.0,0.07692307692307693,0.9230769230769231,0.0
139,0.13333333333333333,0.06666666666666667,0.0,0.8
140,0.08333333333333333,0.16666666666666666,0.0,0.75
141,0.5853658536585366,0.1951219512195122,0.0,0.21951219512195122
142,0.0,0.0,1.0,0.0
143,0.34615384615384615,0.0,0.19230769230769232,0.46153846153846156
144,0.10714285714285714,0.03571428571428571,0.8571428571428571,0.0
145,0.08695652173913043,0.0,0.4782608695652174,0.43478260869565216
146,0.2857142857142857,0.2571428571428571,0.45714285714285713,0.0
147,0.05405405405405406,0.0,0.43243243243243246,0.5135135135135135
148,0.125,0.0,0.875,0.0
149,0.12987012987012986,0.5974025974025974,0.2727272727272727,0.0
150,0.0,0.08333333333333333,0.75,0.16666666666666666
151,0.14285714285714285,0.21428571428571427,0.6428571428571429,0.0
152,0.17391304347826086,0.5217391304347826,0.30434782608695654,0.0
153,0.0,0.2127659574468085,0.5531914893617021,0.23404255319148937
154,0.5987261146496815,0.3821656050955414,0.0,0.01910828025477707
155,0.02564102564102564,0.4358974358974359,0.5384615384615384,0.0
156,0.19047619047619047,0.2857142857142857,0.5238095238095238,0.0
157,0.16,0.16,0.0,0.68
158,0.1111111111111111,0.3333333333333333,0.0,0.5555555555555556
159,0.9037037037037037,0.02962962962962963,0.0,0.06666666666666667
160,0.0,0.08108108108108109,0.8648648648648649,0.05405405405405406
161,0.36363636363636365,0.36363636363636365,0.2727272727272727,0.0
162,0.6428571428571429,0.07142857142857142,0.0,0.2857142857142857
163,0.6923076923076923,0.3076923076923077,0.0,0.0
164,0.43902439024390244,0.2682926829268293,0.2926829268292683,0.0
165,0.6266666666666667,0.24,0.0,0.13333333333333333
166,0.5903083700440529,0.24669603524229075,0.0,0.16299559471365638
167,0.43859649122807015,0.3684210526315789,0.19298245614035087,0.0
168,0.0,0.07339449541284404,0.45871559633027525,0.46788990825688076
169,0.38666666666666666,0.37333333333333335,0.0,0.24
170,0.0875,0.0,0.4375,0.475
171,0.0,0.16279069767441862,0.4186046511627907,0.4186046511627907
172,0.12962962962962962,0.0,0.37037037037037035,0.5
173,,,,
174,0.24444444444444444,0.4222222222222222,0.3333333333333333,0.0
175,0.0,0.4,0.044444444444444446,0.5555555555555556
176,0.06521739130434782,0.0,0.09782608695652174,0.8369565217391305
177,0.25,0.25,0.5,0.0
178,0.0,0.3333333333333333,0.3333333333333333,0.3333333333333333
179,0.02564102564102564,0.8461538461538461,0.1282051282051282,0.0
180,0.6825396825396826,0.047619047619047616,0.0,0.2698412698412698
181,0.05263157894736842,0.0,0.2631578947368421,0.6842105263157895
182,0.0,0.2127659574468085,0.6382978723404256,0.14893617021276595
183,0.4,0.0,0.0,0.6
184,0.0,0.5384615384615384,0.3076923076923077,0.15384615384615385
185,0.21428571428571427,0.0,0.5714285714285714,0.21428571428571427
186,0.08,0.04,0.88,0.0
187,0.1875,0.0,0.125,0.6875
188,0.1875,0.5,0.3125,0.0
189,0.045454545454545456,0.06818181818181818,0.0,0.8863636363636364
190,0.0,0.125,0.875,0.0
191,0.13636363636363635,0.5,0.0,0.36363636363636365
192,0.0,0.3,0.7,0.0
193,0.0,0.011764705882352941,0.9764705882352941,0.011764705882352941
194,0.0,0.0,0.0,1.0
195,0.0,0.2222222222222222,0.0,0.7777777777777778
196,0.0,0.25,0.0,0.75
197,0.3157894736842105,0.5,0.18421052631578946,0.0
198,0.6666666666666666,0.0,0.0,0.3333333333333333
199,0.5,0.0,0.0,0.5
200,0.0,0.17647058823529413,0.5882352941176471,0.23529411764705882
201,0.0,0.0,1.0,0.0
202,0.06666666666666667,0.5333333333333333,0.4,0.0
203,0.6666666666666666,0.0,0.3333333333333333,0.0
204,0.0,0.20833333333333334,0.041666666666666664,0.75
205,0.04,0.0,0.22666666666666666,0.7333333333333333
206,0.5,0.0,0.0,0.5
207,0.0,0.08695652173913043,0.9130434782608695,0.0
208,0.0,0.38461538461538464,0.6153846153846154,0.0
209,0.21428571428571427,0.0,0.07142857142857142,0.7142857142857143
210,0.125,0.125,0.75,0.0
211,0.6666666666666666,0.0,0.3333333333333333,0.0
212,0.5555555555555556,0.0,0.3333333333333333,0.1111111111111111
213,0.0,0.0,0.96875,0.03125
214,0.25,0.0,0.0,0.75
215,0.0,0.07317073170731707,0.926829268292683,0.0
216,0.25,0.0,0.0,0.75
217,0.0,0.6666666666666666,0.0,0.3333333333333333
218,1.0,0.0,0.0,0.0
219,0.0,0.16666666666666666,0.6666666666666666,0.16666666666666666
220,0.0,0.46153846153846156,0.07692307692307693,0.46153846153846156
221,0.21052631578947367,0.0,0.10526315789473684,0.6842105263157895
222,0.0,0.08333333333333333,0.6666666666666666,0.25
223,0.6904761904761905,0.21428571428571427,0.0,0.09523809523809523
224,0.15,0.0,0.325,0.525
225,0.0,0.3125,0.5625,0.125
226,0.0,0.0,1.0,0.0
227,0.0,0.2037037037037037,0.7777777777777778,0.018518518518518517
228,0.0,0.35714285714285715,0.5952380952380952,0.047619047619047616
229,0.0,0.12903225806451613,0.8709677419354839,0.0
230,0.035398230088495575,0.0,0.168141592920354,0.7964601769911505
231,0.3235294117647059,0.20588235294117646,0.47058823529411764,0.0
232,0.15,0.0,0.05,0.8
233,0.4666666666666667,0.0,0.2,0.3333333333333333
234,0.08695652173913043,0.0,0.782608695652174,0.13043478260869565
235,0.25,0.25,0.5,0.0
236,0.32,0.56,0.0,0.12
237,0.09523809523809523,0.5714285714285714,0.3333333333333333,0.0
238,0.0,0.1111111111111111,0.06944444444444445,0.8194444444444444
239,0.0,0.5416666666666666,0.4583333333333333,0.0
240,0.011235955056179775,0.0,0.033707865168539325,0.9550561797752809
241,0.2,0.0,0.8,0.0
242,0.5806451612903226,0.27419354838709675,0.0,0.14516129032258066
243,0.125,0.0,0.75,0.125
244,0.0,0.1111111111111111,0.1111111111111111,0.7777777777777778
245,0.0,0.35714285714285715,0.07142857142857142,0.5714285714285714
246,0.0,0.6,0.4,0.0
247,0.0,0.25,0.75,0.0
248,0.09090909090909091,0.6363636363636364,0.0,0.2727272727272727
249,0.0,0.2916666666666667,0.7083333333333334,0.0
250,0.0,0.18518518518518517,0.8024691358024691,0.012345679012345678
251,0.06578947368421052,0.0,0.013157894736842105,0.9210526315789473
252,0.0,0.15384615384615385,0.8461538461538461,0.0
253,0.8846153846153846,0.038461538461538464,0.0,0.07692307692307693
254,0.0,0.7692307692307693,0.23076923076923078,0.0
255,0.0,0.0,0.058823529411764705,0.9411764705882353
256,0.0,0.0,1.0,0.0
257,0.25,0.625,0.0,0.125
258,0.0,0.847457627118644,0.15254237288135594,0.0
259,0.35135135135135137,0.4864864864864865,0.0,0.16216216216216217
260,0.0,0.11764705882352941,0.6470588235294118,0.23529411764705882
261,0.2318840579710145,0.7391304347826086,0.0,0.028985507246376812
262,0.10526315789473684,0.0,0.5263157894736842,0.3684210526315789
263,0.08333333333333333,0.6944444444444444,0.2222222222222222,0.0
264,0.3333333333333333,0.0,0.0,0.6666666666666666
265,0.0,0.7222222222222222,0.2222222222222222,0.05555555555555555
266,0.46875,0.3125,0.0,0.21875
267,0.0,0.3333333333333333,0.0,0.6666666666666666
268,0.0,0.75,0.25,0.0
269,0.2,0.0,0.4,0.4
270,0.0,0.0,0.7142857142857143,0.2857142857142857
271,0.09090909090909091,0.0,0.8636363636363636,0.045454545454545456
272,0.047619047619047616,0.0,0.7142857142857143,0.23809523809523808
273,1.0,0.0,0.0,0.0
274,0.09090909090909091,0.0,0.9090909090909091,0.0
275,0.06666666666666667,0.0,0.0,0.9333333333333333
276,0.0859375,0.5078125,0.40625,0.0
277,0.3333333333333333,0.0,0.6666666666666666,0.0
278,0.4508670520231214,0.4508670520231214,0.0,0.09826589595375723
279,0.0,0.0,1.0,0.0
280,0.0,0.0,0.5,0.5
281,0.0,0.8571428571428571,0.14285714285714285,0.0
282,0.0,1.0,0.0,0.0
283,0.0,0.08333333333333333,0.0,0.9166666666666666
284,0.0,0.0,0.0,1.0
285,0.0,0.0,1.0,0.0
286,0.4,0.4,0.0,0.2
287,0.04,0.84,0.12,0.0
288,0.7,0.0,0.0,0.3
289,0.03636363636363636,0.0,0.21818181818181817,0.7454545454545455
290,0.0,0.03333333333333333,0.5666666666666667,0.4
291,0.0,0.25,0.75,0.0
292,0.0,0.015625,0.984375,0.0
293,0.0,0.045454545454545456,0.8636363636363636,0.09090909090909091
294,0.5,0.25,0.0,0.25
295,0.0,0.5,0.3333333333333333,0.16666666666666666
296,0.07407407407407407,0.8148148148148148,0.1111111111111111,0.0
297,0.0,0.0,0.6666666666666666,0.3333333333333333
298,0.5,0.0,0.5,0.0
299,0.0,0.0625,0.625,0.3125
300,,,,
301,0.0,0.0,0.0,1.0
302,,,,
303,,,,
304,,,,
305,,,,
306,,,,
307,,,,
308,,,,
309,,,,
310,,,,
311,,,,
312,,,,
313,,,,
314,,,,
315,,,,
316,,,,
317,,,,
