,A,C,G,T
0,,,,
1,,,,
2,0.6726190476190477,0.27976190476190477,0.0,0.047619047619047616
3,0.4490566037735849,0.3584905660377358,0.0,0.19245283018867926
4,0.26,0.52,0.22,0.0
5,0.6506849315068494,0.1780821917808219,0.0,0.17123287671232876
6,0.379746835443038,0.0,0.4936708860759494,0.12658227848101267
7,0.0,0.058823529411764705,0.43790849673202614,0.5032679738562091
8,0.45750452079566006,0.4755877034358047,0.0,0.06690777576853527
9,0.06666666666666667,0.0,0.08666666666666667,0.8466666666666667
10,0.8,0.2,0.0,0.0
11,0.6850961538461539,0.04567307692307692,0.0,0.2692307692307692
12,0.4406779661016949,0.0,0.5338983050847458,0.025423728813559324
13,0.0,0.043859649122807015,0.42543859649122806,0.5307017543859649
14,0.45472061657032753,0.47398843930635837,0.0,0.07129094412331406
15,0.022598870056497175,0.9378531073446328,0.0,0.03954802259887006
16,0.0,0.3793103448275862,0.39655172413793105,0.22413793103448276
17,0.7857142857142857,0.017857142857142856,0.0,0.19642857142857142
18,0.18181818181818182,0.2727272727272727,0.5454545454545454,0.0
19,0.06172839506172839,0.0,0.8518518518518519,0.08641975308641975
20,0.6060606060606061,0.09090909090909091,0.0,0.30303030303030304
21,0.6,0.06666666666666667,0.0,0.3333333333333333
22,0.36363636363636365,0.22727272727272727,0.0,0.4090909090909091
23,0.07258064516129033,0.0,0.29838709677419356,0.6290322580645161
24,0.2222222222222222,0.0,0.6464646464646465,0.13131313131313133
25,0.4,0.0,0.15,0.45
26,0.0,0.41228070175438597,0.3508771929824561,0.23684210526315788
27,0.5176056338028169,0.4507042253521127,0.0,0.03169014084507042
28,0.22857142857142856,0.5428571428571428,0.0,0.22857142857142856
29,0.0,0.25,0.6666666666666666,0.08333333333333333
30,0.10256410256410256,0.0,0.7435897435897436,0.15384615384615385
31,0.3384615384615385,0.27692307692307694,0.38461538461538464,0.0
32,0.43820224719101125,0.43258426966292135,0.0,0.12921348314606743
33,0.2988826815642458,0.41899441340782123,0.0,0.28212290502793297
34,0.14285714285714285,0.75,0.10714285714285714,0.0
35,0.6838709677419355,0.03870967741935484,0.0,0.27741935483870966
36,0.0,0.6551724137931034,0.2413793103448276,0.10344827586206896
37,0.0,0.10076045627376426,0.8783269961977186,0.02091254752851711
38,0.4807692307692308,0.2403846153846154,0.0,0.27884615384615385
39,0.2511013215859031,0.0,0.1762114537444934,0.5726872246696035
40,0.2631578947368421,0.0,0.13157894736842105,0.6052631578947368
41,0.039735099337748346,0.8609271523178808,0.09933774834437085,0.0
42,0.08163265306122448,0.45918367346938777,0.45918367346938777,0.0
43,0.21739130434782608,0.0,0.30434782608695654,0.4782608695652174
44,0.6329113924050633,0.10126582278481013,0.0,0.26582278481012656
45,0.18269230769230768,0.5673076923076923,0.0,0.25
46,0.0,0.38596491228070173,0.5789473684210527,0.03508771929824561
47,0.34782608695652173,0.5043478260869565,0.0,0.14782608695652175
48,0.0,0.6451612903225806,0.1935483870967742,0.16129032258064516
49,0.24193548387096775,0.0,0.46774193548387094,0.2903225806451613
50,0.5,0.0,0.14516129032258066,0.3548387096774194
51,0.2638888888888889,0.0,0.3055555555555556,0.4305555555555556
52,0.09523809523809523,0.6190476190476191,0.2857142857142857,0.0
53,0.24347826086956523,0.6086956521739131,0.0,0.14782608695652175
54,0.32941176470588235,0.32941176470588235,0.3411764705882353,0.0
55,0.4666666666666667,0.0,0.16666666666666666,0.36666666666666664
56,0.3125,0.0,0.21428571428571427,0.4732142857142857
57,0.25757575757575757,0.0,0.6515151515151515,0.09090909090909091
58,0.09090909090909091,0.7272727272727273,0.18181818181818182,0.0
59,0.6111111111111112,0.0,0.16666666666666666,0.2222222222222222
60,0.0,0.44329896907216493,0.3402061855670103,0.21649484536082475
61,0.13690476190476192,0.0,0.27380952380952384,0.5892857142857143
62,0.22151898734177214,0.0,0.3338607594936709,0.44462025316455694
63,0.25,0.375,0.375,0.0
64,0.4117647058823529,0.08823529411764706,0.0,0.5
65,0.03067484662576687,0.0,0.006134969325153374,0.9631901840490797
66,0.0,0.11517615176151762,0.5745257452574526,0.31029810298102983
67,0.13566739606126915,0.0,0.687089715536105,0.1772428884026258
68,0.1554054054054054,0.6486486486486487,0.19594594594594594,0.0
69,0.47413793103448276,0.27586206896551724,0.0,0.25
70,0.16666666666666666,0.6333333333333333,0.2,0.0
71,0.08823529411764706,0.0,0.6617647058823529,0.25
72,0.30973451327433627,0.5088495575221239,0.18141592920353983,0.0
73,0.3333333333333333,0.0,0.041666666666666664,0.625
74,0.17846153846153845,0.6215384615384615,0.2,0.0
75,0.6370967741935484,0.1975806451612903,0.0,0.16532258064516128
76,0.6542056074766355,0.16355140186915887,0.0,0.1822429906542056
77,0.25925925925925924,0.3055555555555556,0.4351851851851852,0.0
78,0.1329479768786127,0.34104046242774566,0.0,0.5260115606936416
79,0.5467836257309941,0.2631578947368421,0.0,0.19005847953216373
80,0.06329113924050633,0.0,0.4767932489451477,0.459915611814346
81,0.28634361233480177,0.5903083700440529,0.12334801762114538,0.0
82,0.18032786885245902,0.0,0.22950819672131148,0.5901639344262295
83,0.26262626262626265,0.0,0.1717171717171717,0.5656565656565656
84,0.658008658008658,0.2712842712842713,0.0,0.0707070707070707
85,0.0851063829787234,0.5212765957446809,0.39361702127659576,0.0
86,0.30246913580246915,0.0,0.43209876543209874,0.2654320987654321
87,0.0,0.2411764705882353,0.55,0.2088235294117647
88,0.49514563106796117,0.3898431665421957,0.0,0.11501120238984316
89,0.1056338028169014,0.0,0.12852112676056338,0.7658450704225352
90,0.0,0.18864468864468864,0.7124542124542125,0.0989010989010989
91,0.3497983870967742,0.5211693548387096,0.0,0.12903225806451613
92,0.23236514522821577,0.5726141078838174,0.1950207468879668,0.0
93,0.5963149078726968,0.2830820770519263,0.0,0.12060301507537688
94,0.61596548004315,0.30204962243797195,0.0,0.08198489751887811
95,0.3112107623318386,0.4295964125560538,0.2591928251121076,0.0
96,0.0,0.5892648774795799,0.0011668611435239206,0.40956826137689617
97,0.44978981784212985,0.44184960298925735,0.0,0.1083605791686128
98,0.26223776223776224,0.6398601398601399,0.0979020979020979,0.0
99,0.2050561797752809,0.5294943820224719,0.2654494382022472,0.0
100,0.0,0.20291777188328913,0.2625994694960212,0.5344827586206896
101,0.017543859649122806,0.0,0.18031189083820662,0.8021442495126706
102,0.2937625754527163,0.6498993963782697,0.056338028169014086,0.0
103,0.0,0.2664526484751204,0.2375601926163724,0.4959871589085072
104,0.03119584055459272,0.0,0.12824956672443674,0.8405545927209706
105,0.10869565217391304,0.41304347826086957,0.4782608695652174,0.0
106,0.04411764705882353,0.07352941176470588,0.0,0.8823529411764706
107,0.125,0.2916666666666667,0.0,0.5833333333333334
108,0.0,0.17534246575342466,0.7698630136986301,0.0547945205479452
109,0.3128526645768025,0.5830721003134797,0.0,0.10407523510971786
110,0.053738317757009345,0.0,0.11565420560747663,0.830607476635514
111,0.046052631578947366,0.8618421052631579,0.09210526315789473,0.0
112,0.0784313725490196,0.7450980392156863,0.0,0.17647058823529413
113,0.037037037037037035,0.8518518518518519,0.0,0.1111111111111111
114,0.0,0.3091133004926108,0.4987684729064039,0.1921182266009852
115,0.24630541871921183,0.1330049261083744,0.6206896551724138,0.0
116,0.10991957104557641,0.0,0.17962466487935658,0.710455764075067
117,0.9,0.0,0.04,0.06
118,0.22033898305084745,0.711864406779661,0.0,0.06779661016949153
119,0.26013513513513514,0.6030405405405406,0.0,0.13682432432432431
120,0.3111111111111111,0.0,0.4444444444444444,0.24444444444444444
121,0.0,0.38164251207729466,0.32367149758454106,0.2946859903381642
122,0.37579617834394907,0.5095541401273885,0.0,0.11464968152866242
123,0.1703239289446186,0.0,0.1724137931034483,0.6572622779519331
124,0.051094890510948905,0.0,0.48905109489051096,0.45985401459854014
125,0.0811965811965812,0.0,0.7478632478632479,0.17094017094017094
126,0.08333333333333333,0.0,0.8697916666666666,0.046875
127,0.7766497461928934,0.0,0.1218274111675127,0.10152284263959391
128,0.0,0.7419354838709677,0.21222410865874364,0.04584040747028863
129,0.43283582089552236,0.3880597014925373,0.0,0.1791044776119403
130,0.7542372881355932,0.0847457627118644,0.0,0.16101694915254236
131,0.7786885245901639,0.12295081967213115,0.0,0.09836065573770492
132,0.0,0.6041666666666666,0.37916666666666665,0.016666666666666666
133,0.0,0.3864077669902913,0.5728155339805825,0.040776699029126215
134,0.20717131474103587,0.05179282868525897,0.0,0.7410358565737052
135,0.4899713467048711,0.40974212034383956,0.0,0.10028653295128939
136,0.20638820638820637,0.6437346437346437,0.0,0.14987714987714987
137,0.0,0.3138401559454191,0.3820662768031189,0.30409356725146197
138,0.22821576763485477,0.0,0.5726141078838174,0.1991701244813278
139,0.03896103896103896,0.8051948051948052,0.15584415584415584,0.0
140,0.5,0.15503875968992248,0.0,0.3449612403100775
141,0.08396946564885496,0.8320610687022901,0.0,0.08396946564885496
142,0.0,0.56,0.3466666666666667,0.09333333333333334
143,0.7455012853470437,0.042416452442159386,0.0,0.2120822622107969
144,0.35135135135135137,0.1891891891891892,0.4594594594594595,0.0
145,0.5424836601307189,0.11437908496732026,0.0,0.3431372549019608
146,0.03942652329749104,0.7562724014336918,0.0,0.20430107526881722
147,0.0,0.5247524752475248,0.4381188118811881,0.03712871287128713
148,0.22857142857142856,0.15714285714285714,0.6142857142857143,0.0
149,0.1827956989247312,0.6487455197132617,0.16845878136200718,0.0
150,0.6106870229007634,0.11450381679389313,0.0,0.2748091603053435
151,0.033783783783783786,0.7297297297297297,0.0,0.23648648648648649
152,0.47845206684256814,0.415127528583993,0.0,0.10642040457343888
153,0.49700598802395207,0.32934131736526945,0.17365269461077845,0.0
154,0.0,0.24904214559386972,0.2656449553001277,0.48531289910600256
155,0.12919896640826872,0.8359173126614987,0.03488372093023256,0.0
156,0.0,0.1921182266009852,0.6420361247947455,0.16584564860426929
157,0.2981132075471698,0.4981132075471698,0.2037735849056604,0.0
158,0.18213866039952997,0.0,0.2984723854289072,0.5193889541715628
159,0.20486555697823303,0.5633802816901409,0.23175416133162613,0.0
160,0.0,0.4145785876993166,0.1716021260440395,0.4138192862566439
161,0.12034383954154727,0.6461318051575932,0.2335243553008596,0.0
162,0.3077956989247312,0.39919354838709675,0.29301075268817206,0.0
163,0.0,0.5303514376996805,0.20607028753993611,0.26357827476038337
164,0.0707182320441989,0.0,0.10828729281767956,0.8209944751381215
165,0.0,0.1894353369763206,0.6775956284153005,0.13296903460837886
166,0.24839400428265523,0.6573875802997858,0.0,0.09421841541755889
167,0.3236842105263158,0.43157894736842106,0.24473684210526317,0.0
168,0.4057142857142857,0.22857142857142856,0.0,0.3657142857142857
169,0.6298568507157464,0.18200408997955012,0.0,0.18813905930470348
170,0.44248704663212435,0.42383419689119173,0.0,0.13367875647668392
171,0.0,0.16336633663366337,0.6666666666666666,0.16996699669966997
172,0.579849946409432,0.33440514469453375,0.0,0.0857449088960343
173,0.3282051282051282,0.0,0.1371794871794872,0.5346153846153846
174,0.0,0.2401656314699793,0.5238095238095238,0.2360248447204969
175,0.31607629427792916,0.0,0.34332425068119893,0.3405994550408719
176,0.2195945945945946,0.0,0.3581081081081081,0.4222972972972973
177,0.0,0.2426470588235294,0.5625,0.1948529411764706
178,0.0,0.3825396825396825,0.4603174603174603,0.15714285714285714
179,0.14203316510454217,0.0,0.36553713049747655,0.4924297043979812
180,0.28486646884273,0.5074183976261127,0.20771513353115728,0.0
181,0.0,0.43316831683168316,0.10396039603960396,0.4628712871287129
182,0.08029197080291971,0.0,0.0535279805352798,0.8661800486618005
183,0.0,0.5747663551401869,0.29906542056074764,0.1261682242990654
184,0.0,0.19324577861163228,0.7091932457786116,0.0975609756097561
185,0.029166666666666667,0.0,0.10416666666666667,0.8666666666666667
186,0.21646341463414634,0.0,0.2774390243902439,0.5060975609756098
187,0.2857142857142857,0.0,0.24285714285714285,0.4714285714285714
188,0.09230769230769231,0.0,0.558974358974359,0.3487179487179487
189,0.16793893129770993,0.16412213740458015,0.6679389312977099,0.0
190,0.5,0.0,0.14285714285714285,0.35714285714285715
191,0.21428571428571427,0.0,0.2193877551020408,0.5663265306122449
192,0.0410958904109589,0.0,0.16095890410958905,0.797945205479452
193,0.2,0.16296296296296298,0.6370370370370371,0.0
194,0.16,0.0,0.4857142857142857,0.35428571428571426
195,0.0,0.3872387238723872,0.605060506050605,0.007700770077007701
196,0.0,0.14542936288088643,0.6980609418282548,0.15650969529085873
197,0.20087336244541484,0.5109170305676856,0.0,0.28820960698689957
198,0.0,0.13819095477386933,0.821608040201005,0.04020100502512563
199,0.5387931034482759,0.36637931034482757,0.0,0.09482758620689655
200,0.11143695014662756,0.5689149560117303,0.3196480938416422,0.0
201,0.4583333333333333,0.0,0.3541666666666667,0.1875
202,0.20833333333333334,0.4861111111111111,0.0,0.3055555555555556
203,0.0,0.4670781893004115,0.42386831275720166,0.10905349794238683
204,0.2702702702702703,0.6317567567567568,0.0,0.09797297297297297
205,0.04844290657439446,0.7335640138408305,0.2179930795847751,0.0
206,0.2576419213973799,0.0,0.2663755458515284,0.4759825327510917
207,0.0,0.04,0.4876190476190476,0.4723809523809524
208,0.17094017094017094,0.0,0.3995726495726496,0.42948717948717946
209,0.2907488986784141,0.0,0.2290748898678414,0.4801762114537445
210,0.0,0.4140845070422535,0.30704225352112674,0.27887323943661974
211,0.07971014492753623,0.5434782608695652,0.37681159420289856,0.0
212,0.0,0.20278551532033426,0.48467966573816157,0.3125348189415042
213,0.23255813953488372,0.06395348837209303,0.7034883720930233,0.0
214,0.18292682926829268,0.0,0.09146341463414634,0.725609756097561
215,0.0,0.3446969696969697,0.39141414141414144,0.2638888888888889
216,0.45907859078590785,0.34688346883468835,0.0,0.1940379403794038
217,0.2634730538922156,0.5189620758483033,0.21756487025948104,0.0
218,0.0,0.12690355329949238,0.6161167512690355,0.2569796954314721
219,0.45714285714285713,0.42857142857142855,0.0,0.11428571428571428
220,0.0,0.37142857142857144,0.5285714285714286,0.1
221,0.18446601941747573,0.0,0.3883495145631068,0.42718446601941745
222,0.0,0.24622030237580994,0.5248380129589633,0.22894168466522677
223,0.1838905775075988,0.0,0.2765957446808511,0.5395136778115501
224,0.41492537313432837,0.41492537313432837,0.0,0.1701492537313433
225,0.13821138211382114,0.46747967479674796,0.3943089430894309,0.0
226,0.65,0.0,0.13333333333333333,0.21666666666666667
227,0.10416666666666667,0.0,0.5442708333333334,0.3515625
228,0.0,0.46206896551724136,0.5172413793103449,0.020689655172413793
229,0.0,0.2286158631415241,0.6920684292379471,0.07931570762052877
230,0.37530864197530867,0.4222222222222222,0.0,0.20246913580246914
231,0.0,0.22602739726027396,0.6506849315068494,0.1232876712328767
232,0.0,0.19661016949152543,0.7423728813559322,0.061016949152542375
233,0.02710027100271003,0.0,0.1987353206865402,0.7741644083107497
234,0.2233502538071066,0.0,0.6852791878172588,0.09137055837563451
235,0.0,0.12578616352201258,0.5345911949685535,0.33962264150943394
236,0.839563862928349,0.006230529595015576,0.0,0.1542056074766355
237,0.19739696312364424,0.25162689804772237,0.5509761388286334,0.0
238,0.24358974358974358,0.21794871794871795,0.5384615384615384,0.0
239,0.0815347721822542,0.0,0.3764988009592326,0.5419664268585132
240,0.23809523809523808,0.09523809523809523,0.6666666666666666,0.0
241,0.3028571428571429,0.0,0.05142857142857143,0.6457142857142857
242,0.2857142857142857,0.0,0.21428571428571427,0.5
243,0.23417721518987342,0.0,0.11392405063291139,0.6518987341772152
244,0.05405405405405406,0.12162162162162163,0.8243243243243243,0.0
245,0.41232227488151657,0.2559241706161137,0.0,0.33175355450236965
246,0.0,0.5197568389057751,0.4133738601823708,0.0668693009118541
247,0.0,0.23482077542062912,0.7044623262618873,0.06071689831748354
248,0.4347581552305962,0.43532058492688414,0.0,0.12992125984251968
249,0.19129720853858784,0.0,0.2372742200328407,0.5714285714285714
250,0.14814814814814814,0.12962962962962962,0.7222222222222222,0.0
251,0.4517241379310345,0.3448275862068966,0.0,0.20344827586206896
252,0.0,0.3503184713375796,0.48089171974522293,0.16878980891719744
253,0.3750985027580772,0.5756501182033097,0.0,0.04925137903861308
254,0.07354001441961067,0.0,0.4664744051910598,0.45998558038932946
255,0.13934426229508196,0.14754098360655737,0.7131147540983607,0.0
256,0.37815126050420167,0.0,0.07563025210084033,0.5462184873949579
257,0.21660649819494585,0.516245487364621,0.26714801444043323,0.0
258,0.5461956521739131,0.3641304347826087,0.0,0.08967391304347826
259,0.05357142857142857,0.6607142857142857,0.2857142857142857,0.0
260,0.2972972972972973,0.3918918918918919,0.0,0.3108108108108108
261,0.0,0.12727272727272726,0.7454545454545455,0.12727272727272726
262,0.25853658536585367,0.0,0.45365853658536587,0.28780487804878047
263,0.09448818897637795,0.0,0.10236220472440945,0.8031496062992126
264,0.49850746268656715,0.26865671641791045,0.0,0.23283582089552238
265,0.29931972789115646,0.0,0.2585034013605442,0.4421768707482993
266,0.16644993498049415,0.7594278283485045,0.0741222366710013,0.0
267,0.4824561403508772,0.02631578947368421,0.0,0.49122807017543857
268,0.7346938775510204,0.0,0.12244897959183673,0.14285714285714285
269,0.822141560798548,0.050816696914700546,0.0,0.12704174228675136
270,0.30434782608695654,0.043478260869565216,0.0,0.6521739130434783
271,0.0,0.2,0.4,0.4
272,0.3902439024390244,0.0,0.08536585365853659,0.524390243902439
273,0.0,0.04017857142857143,0.45089285714285715,0.5089285714285714
274,0.08064516129032258,0.0,0.8548387096774194,0.06451612903225806
275,0.6386554621848739,0.17647058823529413,0.0,0.18487394957983194
276,0.6904761904761905,0.047619047619047616,0.0,0.2619047619047619
277,0.13924050632911392,0.0,0.759493670886076,0.10126582278481013
278,0.16981132075471697,0.0,0.05188679245283019,0.7783018867924528
279,0.6736242884250474,0.20588235294117646,0.0,0.1204933586337761
280,0.27439024390243905,0.6097560975609756,0.11585365853658537,0.0
281,0.26745098039215687,0.4286274509803922,0.0,0.30392156862745096
282,0.07142857142857142,0.21428571428571427,0.7142857142857143,0.0
283,0.0,0.046511627906976744,0.11627906976744186,0.8372093023255814
284,0.007957559681697613,0.9124668435013262,0.07957559681697612,0.0
285,0.14285714285714285,0.5428571428571428,0.3142857142857143,0.0
286,0.0,0.0327653997378768,0.014416775884665793,0.9528178243774574
287,0.007150153217568948,0.0,0.015321756894790603,0.9775280898876404
288,0.09411764705882353,0.18823529411764706,0.7176470588235294,0.0
289,0.2711864406779661,0.15254237288135594,0.0,0.576271186440678
290,0.0,0.5701754385964912,0.4298245614035088,0.0
291,0.6206896551724138,0.017241379310344827,0.0,0.3620689655172414
292,0.13026819923371646,0.0,0.1532567049808429,0.7164750957854407
293,0.3422818791946309,0.42953020134228187,0.0,0.22818791946308725
294,0.0,0.6753731343283582,0.3246268656716418,0.0
295,0.46825396825396826,0.38095238095238093,0.0,0.15079365079365079
296,0.0,0.06097560975609756,0.75,0.18902439024390244
297,0.18085106382978725,0.5106382978723404,0.0,0.30851063829787234
298,0.0,0.16551724137931034,0.6275862068965518,0.20689655172413793
299,0.06060606060606061,0.5757575757575758,0.36363636363636365,0.0
300,0.18181818181818182,0.0,0.5151515151515151,0.30303030303030304
301,0.16666666666666666,0.4583333333333333,0.375,0.0
302,0.0,0.0,0.16666666666666666,0.8333333333333334
303,0.0,0.6,0.4,0.0
304,0.3333333333333333,0.0,0.6666666666666666,0.0
305,1.0,0.0,0.0,0.0
306,0.0,0.0,0.8333333333333334,0.16666666666666666
307,,,,
308,0.0,0.0,0.6,0.4
309,,,,
310,,,,
311,0.0,1.0,0.0,0.0
312,,,,
313,0.0,0.0,0.0,1.0
314,,,,
315,,,,
316,,,,
317,,,,
318,,,,
