,A,C,G,T
0,,,,
1,,,,
2,,,,
3,1.0,0.0,0.0,0.0
4,,,,
5,,,,
6,,,,
7,,,,
8,,,,
9,,,,
10,,,,
11,,,,
12,0.0,0.0,1.0,0.0
13,,,,
14,,,,
15,,,,
16,,,,
17,,,,
18,,,,
19,,,,
20,,,,
21,,,,
22,,,,
23,,,,
24,,,,
25,,,,
26,,,,
27,1.0,0.0,0.0,0.0
28,0.0,0.0,0.0,1.0
29,1.0,0.0,0.0,0.0
30,,,,
31,,,,
32,,,,
33,,,,
34,0.0,1.0,0.0,0.0
35,0.0,1.0,0.0,0.0
36,,,,
37,,,,
38,0.0,0.0,1.0,0.0
39,,,,
40,,,,
41,,,,
42,,,,
43,,,,
44,,,,
45,0.0,0.0,1.0,0.0
46,,,,
47,,,,
48,,,,
49,,,,
50,,,,
51,,,,
52,,,,
53,,,,
54,,,,
55,,,,
56,0.0,0.0,1.0,0.0
57,,,,
58,,,,
59,,,,
60,,,,
61,0.0,0.0,1.0,0.0
62,,,,
63,,,,
64,,,,
65,,,,
66,0.0,0.05263157894736842,0.9473684210526315,0.0
67,1.0,0.0,0.0,0.0
68,,,,
69,0.0,1.0,0.0,0.0
70,,,,
71,,,,
72,0.0,1.0,0.0,0.0
73,,,,
74,0.0,1.0,0.0,0.0
75,,,,
76,,,,
77,0.3333333333333333,0.3333333333333333,0.0,0.3333333333333333
78,,,,
79,,,,
80,0.0,0.0,0.0,1.0
81,,,,
82,,,,
83,0.0,1.0,0.0,0.0
84,0.0,0.0,1.0,0.0
85,0.0,1.0,0.0,0.0
86,,,,
87,0.0,1.0,0.0,0.0
88,0.3333333333333333,0.6666666666666666,0.0,0.0
89,0.0,0.0,0.05555555555555555,0.9444444444444444
90,,,,
91,0.0,0.0,0.95,0.05
92,,,,
93,0.0,0.0,1.0,0.0
94,0.047619047619047616,0.9523809523809523,0.0,0.0
95,0.0,1.0,0.0,0.0
96,0.0,1.0,0.0,0.0
97,1.0,0.0,0.0,0.0
98,,,,
99,0.0,0.0,1.0,0.0
100,,,,
101,,,,
102,0.0,0.0,0.05263157894736842,0.9473684210526315
103,1.0,0.0,0.0,0.0
104,,,,
105,,,,
106,0.0,0.0,1.0,0.0
107,,,,
108,0.0,0.0,1.0,0.0
109,,,,
110,0.0,0.0,1.0,0.0
111,,,,
112,,,,
113,,,,
114,,,,
115,,,,
116,0.0,0.0,1.0,0.0
117,,,,
118,0.0,1.0,0.0,0.0
119,,,,
120,1.0,0.0,0.0,0.0
121,,,,
122,,,,
123,0.0,0.0,1.0,0.0
124,,,,
125,,,,
126,,,,
127,,,,
128,,,,
129,,,,
130,,,,
131,1.0,0.0,0.0,0.0
132,0.0,0.0,0.0,1.0
133,,,,
134,,,,
135,0.0,1.0,0.0,0.0
136,,,,
137,,,,
138,,,,
139,,,,
140,,,,
141,,,,
142,0.0,1.0,0.0,0.0
143,,,,
144,,,,
145,,,,
146,,,,
147,0.0,0.6666666666666666,0.3333333333333333,0.0
148,,,,
149,,,,
150,,,,
151,0.0,0.0,1.0,0.0
152,0.0,0.0,0.0,1.0
153,1.0,0.0,0.0,0.0
154,0.0,0.0,0.0,1.0
155,0.0,0.0,0.0,1.0
156,,,,
157,,,,
158,,,,
159,0.0,0.0,0.0,1.0
160,0.0,0.0,0.0,1.0
161,,,,
162,,,,
163,,,,
164,,,,
165,,,,
166,,,,
167,,,,
168,,,,
169,0.0,0.0,1.0,0.0
170,0.0,1.0,0.0,0.0
171,,,,
172,,,,
173,,,,
174,,,,
175,,,,
176,0.0,0.0,1.0,0.0
177,,,,
178,0.0,0.0,0.3333333333333333,0.6666666666666666
179,0.0,0.0,0.05,0.95
180,,,,
181,,,,
182,,,,
183,0.0,0.0,0.0,1.0
184,0.0,1.0,0.0,0.0
185,0.0,0.0,1.0,0.0
186,0.0,1.0,0.0,0.0
187,,,,
188,,,,
189,,,,
190,,,,
191,,,,
192,,,,
193,,,,
194,0.0,1.0,0.0,0.0
195,0.0,0.0,1.0,0.0
196,,,,
197,,,,
198,0.0,1.0,0.0,0.0
199,1.0,0.0,0.0,0.0
200,,,,
201,,,,
202,1.0,0.0,0.0,0.0
203,0.9523809523809523,0.0,0.0,0.047619047619047616
204,0.0,0.0,1.0,0.0
205,,,,
206,,,,
207,0.0,0.0,1.0,0.0
208,,,,
209,,,,
210,,,,
211,,,,
212,,,,
213,0.5,0.0,0.5,0.0
214,,,,
215,,,,
216,,,,
217,0.0,0.0,1.0,0.0
218,,,,
219,,,,
220,,,,
221,,,,
222,,,,
223,,,,
224,0.0,0.0,0.0,1.0
225,,,,
226,,,,
227,0.0,0.0,1.0,0.0
228,,,,
229,,,,
230,0.0,0.0,1.0,0.0
231,,,,
232,0.0,0.0,1.0,0.0
233,,,,
234,,,,
235,0.0,1.0,0.0,0.0
236,,,,
237,,,,
238,,,,
239,,,,
240,,,,
241,,,,
242,,,,
243,,,,
244,,,,
245,0.1,0.0,0.9,0.0
246,,,,
247,0.0,0.0,1.0,0.0
248,0.0,0.0,1.0,0.0
249,,,,
250,,,,
251,0.0,0.5,0.0,0.5
252,0.0,0.0,1.0,0.0
253,,,,
254,,,,
255,,,,
256,,,,
257,,,,
258,0.0,0.0,1.0,0.0
259,,,,
260,,,,
261,,,,
262,,,,
263,,,,
264,,,,
265,0.0,0.0,0.0,1.0
266,0.0,1.0,0.0,0.0
267,0.0,1.0,0.0,0.0
268,,,,
269,,,,
270,,,,
271,,,,
272,,,,
273,,,,
274,1.0,0.0,0.0,0.0
275,,,,
276,,,,
277,0.0,0.0,1.0,0.0
278,,,,
279,,,,
280,,,,
281,0.5,0.0,0.0,0.5
282,,,,
283,,,,
284,0.0,1.0,0.0,0.0
285,0.0,0.0,1.0,0.0
286,,,,
287,,,,
288,,,,
289,,,,
290,0.0,1.0,0.0,0.0
291,,,,
292,,,,
293,,,,
294,0.0,0.0,0.0,1.0
295,,,,
296,,,,
297,,,,
298,,,,
299,,,,
300,,,,
301,,,,
302,,,,
303,,,,
304,,,,
305,,,,
306,,,,
307,,,,
308,,,,
309,,,,
310,,,,
311,,,,
312,,,,
313,,,,
314,,,,
315,,,,
316,,,,
317,,,,
318,,,,
319,,,,
320,,,,
