,A,C,G,T
0,,,,
1,,,,
2,0.7758284600389863,0.12475633528265107,0.0,0.09941520467836257
3,0.3167660702451955,0.5195493704440026,0.0,0.16368455931080186
4,0.4320388349514563,0.3907766990291262,0.17718446601941748,0.0
5,0.532244196044712,0.19604471195184867,0.0,0.2717110920034394
6,0.428,0.0,0.332,0.24
7,0.0,0.04892367906066536,0.5916503587736465,0.3594259621656882
8,0.546302182665819,0.33651197287560924,0.0,0.11718584445857173
9,0.09858156028368795,0.0,0.18865248226950354,0.7127659574468085
10,0.14814814814814814,0.6666666666666666,0.18518518518518517,0.0
11,0.6971522453450164,0.15279299014238773,0.0,0.15005476451259583
12,0.2946859903381642,0.0,0.573268921095008,0.1320450885668277
13,0.0,0.05170068027210884,0.591156462585034,0.35714285714285715
14,0.6806569343065694,0.17335766423357665,0.0,0.145985401459854
15,0.030828516377649325,0.9007707129094412,0.0,0.06840077071290944
16,0.0,0.5434782608695652,0.26268115942028986,0.19384057971014493
17,0.7447916666666666,0.0703125,0.0,0.18489583333333334
18,0.12053571428571429,0.19642857142857142,0.6830357142857143,0.0
19,0.19047619047619047,0.0,0.35374149659863946,0.4557823129251701
20,0.2565947242206235,0.5059952038369304,0.0,0.23741007194244604
21,0.19090909090909092,0.3090909090909091,0.0,0.5
22,0.2903225806451613,0.23870967741935484,0.0,0.47096774193548385
23,0.14421768707482993,0.0,0.3945578231292517,0.46122448979591835
24,0.15159574468085107,0.0,0.1622340425531915,0.6861702127659575
25,0.4731182795698925,0.0,0.0967741935483871,0.43010752688172044
26,0.0,0.2761904761904762,0.5063492063492063,0.21746031746031746
27,0.6388286334056399,0.324295010845987,0.0,0.0368763557483731
28,0.25754060324825984,0.4709976798143852,0.0,0.271461716937355
29,0.0,0.2715201465201465,0.44871794871794873,0.27976190476190477
30,0.1292517006802721,0.0,0.5891156462585034,0.2816326530612245
31,0.5991983967935872,0.1282565130260521,0.2725450901803607,0.0
32,0.590625,0.15208333333333332,0.0,0.25729166666666664
33,0.2491506228765572,0.6619479048697622,0.0,0.08890147225368063
34,0.07384615384615385,0.8123076923076923,0.11384615384615385,0.0
35,0.47167630057803467,0.15028901734104047,0.0,0.37803468208092483
36,0.0,0.4986979166666667,0.4505208333333333,0.05078125
37,0.0,0.14203612479474548,0.8070607553366174,0.05090311986863711
38,0.6423076923076924,0.1782051282051282,0.0,0.1794871794871795
39,0.2016188373804268,0.0,0.33774834437086093,0.4606328182487123
40,0.23983739837398374,0.0,0.13821138211382114,0.6219512195121951
41,0.04836709384042993,0.8350558081852005,0.11657709797436958,0.0
42,0.1170018281535649,0.340036563071298,0.5429616087751371,0.0
43,0.21220159151193635,0.0,0.41644562334217505,0.3713527851458886
44,0.4125,0.2375,0.0,0.35
45,0.1868583162217659,0.5338809034907598,0.0,0.2792607802874743
46,0.0,0.2834170854271357,0.6763819095477387,0.04020100502512563
47,0.6724470134874759,0.08863198458574181,0.0,0.23892100192678228
48,0.0,0.45714285714285713,0.32857142857142857,0.21428571428571427
49,0.22162162162162163,0.0,0.4135135135135135,0.36486486486486486
50,0.22289156626506024,0.0,0.2459839357429719,0.5311244979919679
51,0.22321428571428573,0.0,0.3482142857142857,0.42857142857142855
52,0.25,0.5378787878787878,0.21212121212121213,0.0
53,0.39260312944523473,0.27453769559032715,0.0,0.3328591749644381
54,0.425531914893617,0.20130932896890344,0.37315875613747956,0.0
55,0.2795031055900621,0.0,0.13354037267080746,0.5869565217391305
56,0.23650107991360692,0.0,0.26187904967602593,0.5016198704103672
57,0.24371859296482412,0.0,0.6030150753768844,0.15326633165829145
58,0.07407407407407407,0.6734006734006734,0.25252525252525254,0.0
59,0.2975,0.0,0.48375,0.21875
60,0.0,0.29178743961352654,0.2579710144927536,0.4502415458937198
61,0.21377978106889892,0.0,0.31262073406310364,0.4735994848679974
62,0.1424124513618677,0.0,0.28424124513618676,0.5733463035019455
63,0.20149253731343283,0.4701492537313433,0.3283582089552239,0.0
64,0.29017857142857145,0.18303571428571427,0.0,0.5267857142857143
65,0.028005464480874317,0.0,0.015710382513661202,0.9562841530054644
66,0.0,0.1062725631768953,0.47044223826714804,0.4232851985559567
67,0.20320100423662327,0.0,0.616977875411894,0.17982112035148282
68,0.3386454183266932,0.4402390438247012,0.22111553784860558,0.0
69,0.5426114151681001,0.22048475371383894,0.0,0.236903831118061
70,0.15693430656934307,0.5583941605839416,0.2846715328467153,0.0
71,0.08409090909090909,0.0,0.5754545454545454,0.34045454545454545
72,0.19508670520231214,0.5722543352601156,0.23265895953757226,0.0
73,0.20631067961165048,0.0,0.06796116504854369,0.7257281553398058
74,0.16440501043841335,0.5902922755741128,0.2453027139874739,0.0
75,0.6449020592667002,0.22601707684580613,0.0,0.12908086388749374
76,0.6559040590405905,0.18357933579335795,0.0,0.16051660516605165
77,0.22737306843267108,0.5447019867549668,0.22792494481236203,0.0
78,0.4117647058823529,0.13622291021671826,0.0,0.4520123839009288
79,0.5470637234485631,0.3254893794252395,0.0,0.12744689712619742
80,0.14807436918990705,0.0,0.33200531208499334,0.5199203187250996
81,0.17173178967679692,0.5904486251808972,0.23781958514230583,0.0
82,0.3506637168141593,0.0,0.05641592920353982,0.5929203539823009
83,0.3004115226337449,0.0,0.09259259259259259,0.6069958847736625
84,0.0,0.580478520935291,0.0002718868950516585,0.4192495921696574
85,0.11442786069651742,0.6298507462686567,0.2557213930348259,0.0
86,0.132579105532968,0.0,0.5587767367862825,0.3086441576807495
87,0.0,0.20651420651420652,0.6933471933471933,0.10013860013860014
88,0.5001464700712821,0.42515379357484623,0.0,0.0746997363538717
89,0.21401384083044983,0.5377162629757786,0.24826989619377163,0.0
90,0.0,0.23955267804590935,0.6213458897390622,0.13910143221502844
91,0.5514417452343267,0.3822861468584406,0.0,0.06627210790723281
92,0.30405594405594405,0.5365034965034965,0.15944055944055943,0.0
93,0.2421299397186872,0.5212659075686538,0.23660415271265908,0.0
94,0.0,0.33014623172103486,0.07067866516685414,0.599175103112111
95,0.04610073111291633,0.0,0.05056864337936637,0.9033306255077173
96,0.23092955398082535,0.6802834514380992,0.08878699458107545,0.0
97,0.0,0.2926694837405842,0.12584971523057137,0.5814808010288444
98,0.02586394262116931,0.0,0.127798304716366,0.8463377526624647
99,0.07017543859649122,0.3508771929824561,0.5789473684210527,0.0
100,0.32084690553745926,0.057003257328990226,0.0,0.6221498371335505
101,0.0718562874251497,0.5643712574850299,0.0,0.36377245508982037
102,0.0,0.2200659099231051,0.6645917246429879,0.115342365433907
103,0.42265713210387656,0.5397064358298833,0.0,0.03763643206624012
104,0.018752441724182837,0.0,0.059252506836827715,0.9219950514389894
105,0.05660377358490566,0.33962264150943394,0.6037735849056604,0.0
106,0.0898876404494382,0.07303370786516854,0.0,0.8370786516853933
107,0.07692307692307693,0.6153846153846154,0.0,0.3076923076923077
108,0.0,0.3007324429125377,0.5850926324859974,0.11417492460146489
109,0.2169811320754717,0.449685534591195,0.3333333333333333,0.0
110,0.15384615384615385,0.0,0.1597960050998725,0.6863578410539737
111,0.8450704225352113,0.0,0.03380281690140845,0.12112676056338029
112,0.3173076923076923,0.125,0.0,0.5576923076923077
113,0.4758281110116383,0.3782452999104745,0.0,0.1459265890778872
114,0.639618138424821,0.0,0.15990453460620524,0.20047732696897375
115,0.0,0.15130830489192265,0.4311717861205916,0.41751990898748575
116,0.5683229813664596,0.2732919254658385,0.0,0.15838509316770186
117,0.16493682310469315,0.0,0.14993231046931407,0.6851308664259927
118,0.17434210526315788,0.0,0.1875,0.6381578947368421
119,0.24259055982436883,0.0,0.3260153677277717,0.4313940724478595
120,0.28063241106719367,0.0,0.30039525691699603,0.4189723320158103
121,0.391304347826087,0.0,0.27053140096618356,0.33816425120772947
122,0.0,0.4613832324344157,0.47422491286002566,0.06439185470555861
123,0.43640897755610975,0.4339152119700748,0.0,0.12967581047381546
124,0.6761168384879725,0.22250859106529208,0.0,0.1013745704467354
125,0.7284743202416919,0.18768882175226587,0.0,0.08383685800604229
126,0.0,0.4865831842576029,0.4991055456171735,0.014311270125223614
127,0.0,0.13564668769716087,0.7638575935105903,0.10049571879224876
128,0.572,0.24,0.0,0.188
129,0.6361951822112415,0.3218035824583076,0.0,0.042001235330450894
130,0.38466622604097817,0.5849306014540647,0.0,0.03040317250495704
131,0.0,0.3082191780821918,0.5228310502283106,0.1689497716894977
132,0.2838002436053593,0.0,0.11449451887941535,0.6017052375152253
133,0.013937282229965157,0.8362369337979094,0.14982578397212543,0.0
134,0.5523747560182173,0.18998048145738453,0.0,0.25764476252439816
135,0.03981264637002342,0.9086651053864169,0.0,0.05152224824355972
136,0.0,0.40370370370370373,0.4222222222222222,0.17407407407407408
137,0.8385775460808044,0.13610128467696891,0.0,0.025321169242226774
138,0.2361111111111111,0.3680555555555556,0.3958333333333333,0.0
139,0.596661281637049,0.08831448572967152,0.0,0.3150242326332795
140,0.05144149236856981,0.7608818541548897,0.0,0.18767665347654042
141,0.0,0.5117669032499066,0.4542398206948076,0.033993276055285765
142,0.12295081967213115,0.2540983606557377,0.6229508196721312,0.0
143,0.2590042372881356,0.5916313559322034,0.149364406779661,0.0
144,0.2727272727272727,0.09090909090909091,0.0,0.6363636363636364
145,0.016794625719769675,0.9328214971209213,0.0,0.05038387715930902
146,0.48084312839059673,0.41387884267631103,0.0,0.10527802893309222
147,0.39139579349904396,0.4701720841300191,0.1384321223709369,0.0
148,0.0,0.26029376354442574,0.21550686250902962,0.5241993739465447
149,0.07568359375,0.8330078125,0.09130859375,0.0
150,0.0,0.11278195488721804,0.7448885371323044,0.1423295079804775
151,0.13172966781214204,0.588774341351661,0.27949599083619703,0.0
152,0.16728297235428774,0.0,0.3345659447085755,0.49815108293713684
153,0.12806287563569116,0.6819232547387887,0.1900138696255201,0.0
154,0.0,0.5566355140186916,0.08510903426791278,0.3582554517133956
155,0.09015025041736227,0.7715637173066221,0.13828603227601557,0.0
156,0.286526550918875,0.4020712762717027,0.3114021728094223,0.0
157,0.0,0.5878707392651615,0.17795484727755645,0.234174413457282
158,0.0922994842610706,0.0,0.0794949315312111,0.8282055842077183
159,0.0,0.21986499517839922,0.6788813886210222,0.10125361620057859
160,0.2640299832330605,0.645527172304961,0.0,0.0904428444619785
161,0.3025027203482046,0.46318462096481683,0.2343126586869786,0.0
162,0.4218487394957983,0.1815126050420168,0.0,0.39663865546218485
163,0.5623229461756374,0.2443342776203966,0.0,0.193342776203966
164,0.49972958355868036,0.3734451054624121,0.0,0.1268253109789075
165,0.0,0.19953863898500576,0.6653210303729334,0.13514033064206074
166,0.47671822675809283,0.4044809440280657,0.0,0.1188008292138415
167,0.28018003536408936,0.0,0.2068799228419868,0.5129400417939238
168,0.0,0.24092140921409214,0.4785907859078591,0.2804878048780488
169,0.19130100076982295,0.0,0.3972286374133949,0.41147036181678215
170,0.24851569126378287,0.0,0.26547921967769295,0.4860050890585242
171,0.0,0.22093213409648405,0.5651676206050695,0.21390024529844645
172,0.0,0.3691353887399464,0.44587801608579086,0.18498659517426275
173,0.13775567860775229,0.0,0.42795796135156516,0.43428636004068255
174,0.23446893787575152,0.49899799599198397,0.2665330661322645,0.0
175,0.0,0.46984126984126984,0.10698412698412699,0.42317460317460315
176,0.06698187549251379,0.0,0.09101654846335698,0.8420015760441293
177,0.0,0.5292207792207793,0.33376623376623377,0.137012987012987
178,0.0,0.20329113924050632,0.739240506329114,0.057468354430379745
179,0.043266205160478285,0.0,0.10210824417872875,0.8546255506607929
180,0.1398876404494382,0.0,0.25786516853932584,0.6022471910112359
181,0.3700564971751412,0.0,0.269774011299435,0.3601694915254237
182,0.13106796116504854,0.0,0.5440360610263523,0.3248959778085992
183,0.18057663125948406,0.2205361659079413,0.5988872028325746,0.0
184,0.5206611570247934,0.0,0.1115702479338843,0.3677685950413223
185,0.27877237851662406,0.0,0.10294117647058823,0.6182864450127877
186,0.10771369006254343,0.0,0.18276580958999306,0.7095205003474635
187,0.16234498308906425,0.17249154453213078,0.6651634723788049,0.0
188,0.21435059037238874,0.0,0.5517711171662125,0.23387829246139874
189,0.0,0.34386576596208324,0.6217040749618653,0.034430159076051424
190,0.0,0.15955101222689919,0.7219883744237322,0.11846061334936861
191,0.3055271238485159,0.5680655066530195,0.0,0.12640736949846468
192,0.0,0.1803807679896741,0.7841239109390126,0.03549532107131333
193,0.5707547169811321,0.33077830188679247,0.0,0.09846698113207547
194,0.061352910330361825,0.6428945988463556,0.29575249082328264,0.0
195,0.5459770114942529,0.0,0.34195402298850575,0.11206896551724138
196,0.33002481389578164,0.28287841191067,0.0,0.3870967741935484
197,0.0,0.4835490830636462,0.4336569579288026,0.08279395900755124
198,0.3243756786102063,0.6197068403908795,0.0,0.05591748099891422
199,0.023224043715846996,0.8037340619307832,0.17304189435336975,0.0
200,0.35241210139002455,0.0,0.28454619787408014,0.3630417007358953
201,0.0,0.045327364297705654,0.41214325685506437,0.54252937884723
202,0.18599791013584116,0.0,0.43120863810518983,0.382793451758969
203,0.29223433242506813,0.0,0.2438692098092643,0.46389645776566757
204,0.0,0.3473442873519297,0.280855941918227,0.3717997707298433
205,0.07757404795486601,0.48801128349788436,0.43441466854724964,0.0
206,0.0,0.17005671077504725,0.4795463137996219,0.3503969754253308
207,0.21653971708378672,0.08705114254624592,0.6964091403699674,0.0
208,0.2802599512591389,0.0,0.07148659626320066,0.6482534524776604
209,0.0,0.3048732943469786,0.352046783625731,0.34307992202729043
210,0.4842667556965195,0.36098823136633,0.0,0.15474501293715048
211,0.22428288822947576,0.4903560830860534,0.28536102868447083,0.0
212,0.0,0.19251529327096079,0.5788053256567111,0.22867938107232819
213,0.17736486486486486,0.6596283783783784,0.0,0.16300675675675674
214,0.0,0.35171790235081374,0.47649186256781195,0.1717902350813743
215,0.2855863921217547,0.0,0.3052820053715309,0.40913160250671443
216,0.0,0.31067639257294427,0.4797745358090186,0.20954907161803712
217,0.21775898520084566,0.0,0.2735200845665962,0.5087209302325582
218,0.4678764100049044,0.342815105443845,0.0,0.1893084845512506
219,0.1815742397137746,0.33273703041144903,0.4856887298747764,0.0
220,0.5305719921104537,0.0,0.1301775147928994,0.33925049309664695
221,0.11210191082802548,0.0,0.5915074309978768,0.29639065817409765
222,0.0,0.348610433934666,0.5923939541686982,0.05899561189663579
223,0.0,0.18431194740421672,0.7018816594876445,0.11380639310813874
224,0.29573170731707316,0.5599593495934959,0.0,0.1443089430894309
225,0.0,0.3191823899371069,0.5935534591194969,0.08726415094339622
226,0.0,0.24815889310421782,0.692256192814104,0.059584914081678195
227,0.07515997673065736,0.0,0.30378126817917395,0.6210587550901687
228,0.30493273542600896,0.0,0.5291479820627802,0.16591928251121077
229,0.0,0.15877640203932994,0.5506190823015294,0.2906045156591406
230,0.4181544418154442,0.4917186491718649,0.0,0.0901269090126909
231,0.28748248482017746,0.2347034096216721,0.4778141055581504,0.0
232,0.22077922077922077,0.21103896103896103,0.5681818181818182,0.0
233,0.0764481034989709,0.0,0.37959423698912087,0.5439576595119082
234,0.38837920489296635,0.08154943934760449,0.5300713557594292,0.0
235,0.4236147074054894,0.0,0.09425168306576903,0.48213360952874157
236,0.23773584905660378,0.0,0.17169811320754716,0.590566037735849
237,0.1692047377326565,0.0,0.1649746192893401,0.6658206429780034
238,0.07789473684210527,0.13473684210526315,0.7873684210526316,0.0
239,0.3898412698412698,0.3980952380952381,0.0,0.21206349206349207
240,0.0,0.3293465577596266,0.6196032672112018,0.05105017502917153
241,0.0,0.17768416504644632,0.759451285374811,0.06286454957874271
242,0.48023336816440265,0.37634970393591083,0.0,0.14341692789968652
243,0.143387314439946,0.0,0.24775078722447144,0.6088618983355826
244,0.10126582278481013,0.14177215189873418,0.7569620253164557,0.0
245,0.43896103896103894,0.37662337662337664,0.0,0.18441558441558442
246,0.0,0.3034647550776583,0.5109518120270808,0.18558343289526086
247,0.3344821643977253,0.6218048136021598,0.0,0.043713022000114884
248,0.0827839619582838,0.0,0.46125580892683454,0.45596022911488165
249,0.17370892018779344,0.12112676056338029,0.7051643192488263,0.0
250,0.3925,0.0,0.135,0.4725
251,0.22436548223350253,0.49949238578680205,0.27614213197969545,0.0
252,0.37323279924599434,0.47360980207351555,0.0,0.1531573986804901
253,0.028481012658227847,0.6909282700421941,0.2805907172995781,0.0
254,0.2870782940802037,0.33991088478676,0.0,0.3730108211330363
255,0.0,0.1475177304964539,0.6056737588652482,0.24680851063829787
256,0.2040510127531883,0.0,0.5356339084771192,0.2603150787696924
257,0.19415292353823088,0.0,0.2151424287856072,0.5907046476761619
258,0.5035270406449446,0.32751091703056767,0.0,0.16896204232448775
259,0.319774011299435,0.0,0.19661016949152543,0.48361581920903957
260,0.1947305389221557,0.6318562874251497,0.17341317365269462,0.0
261,0.5080645161290323,0.0532258064516129,0.0,0.43870967741935485
262,0.4878419452887538,0.0,0.22796352583586627,0.28419452887537994
263,0.5196615231458437,0.24888003982080636,0.0,0.23145843703334992
264,0.30612244897959184,0.17006802721088435,0.0,0.5238095238095238
265,0.0,0.38,0.39,0.23
266,0.37209302325581395,0.0,0.13416815742397137,0.4937388193202147
267,0.0,0.05374823196605375,0.3642149929278642,0.582036775106082
268,0.40711462450592883,0.0,0.2964426877470356,0.2964426877470356
269,0.4423676012461059,0.3317757009345794,0.0,0.22585669781931464
270,0.3905325443786982,0.07692307692307693,0.0,0.5325443786982249
271,0.1451851851851852,0.0,0.7866666666666666,0.06814814814814815
272,0.25925925925925924,0.0,0.12238325281803543,0.6183574879227053
273,0.6947751785964421,0.18237848438156604,0.0,0.12284633702199188
274,0.21422142214221424,0.5886588658865887,0.19711971197119713,0.0
275,0.28245895993571346,0.46624956950981516,0.0,0.2512914705544714
276,0.05555555555555555,0.16203703703703703,0.7824074074074074,0.0
277,0.0,0.05947955390334572,0.12267657992565056,0.8178438661710037
278,0.00753880266075388,0.9068736141906873,0.08558758314855876,0.0
279,0.056451612903225805,0.543010752688172,0.40053763440860213,0.0
280,0.0,0.035842293906810034,0.02951718321737297,0.934640522875817
281,0.007153502235469449,0.0,0.02280178837555887,0.9700447093889717
282,0.1173974540311174,0.15275813295615276,0.7298444130127298,0.0
283,0.30176211453744495,0.15418502202643172,0.0,0.5440528634361234
284,0.0005094243504839531,0.5899133978604177,0.4095771777890983,0.0
285,0.536318407960199,0.0527363184079602,0.0,0.4109452736318408
286,0.15113871635610765,0.0,0.13561076604554864,0.7132505175983437
287,0.4307800421644413,0.3520730850316233,0.0,0.21714687280393535
288,0.0,0.56656346749226,0.4293085655314757,0.0041279669762641896
289,0.5039727582292849,0.30533484676503975,0.0,0.19069239500567536
290,0.0,0.11669658886894076,0.7953321364452424,0.08797127468581688
291,0.2857142857142857,0.2819875776397516,0.0,0.4322981366459627
292,0.0,0.2600985221674877,0.5399014778325123,0.2
293,0.17647058823529413,0.5155709342560554,0.3079584775086505,0.0
294,0.15748031496062992,0.0,0.44881889763779526,0.3937007874015748
295,0.4412811387900356,0.2669039145907473,0.2918149466192171,0.0
296,0.38095238095238093,0.0,0.15873015873015872,0.4603174603174603
297,0.17391304347826086,0.40217391304347827,0.42391304347826086,0.0
298,0.5454545454545454,0.0,0.36363636363636365,0.09090909090909091
299,0.12121212121212122,0.5454545454545454,0.0,0.3333333333333333
300,0.18,0.0,0.44,0.38
301,0.0,0.3,0.2,0.5
302,0.3,0.0,0.0,0.7
303,0.0,0.5,0.25,0.25
304,0.0,0.0,0.0,1.0
305,0.25,0.5,0.25,0.0
306,0.0,0.0,0.0,1.0
307,0.0,0.6,0.4,0.0
308,,,,
309,,,,
310,,,,
311,,,,
312,,,,
