,A,C,G,T
0,,,,
1,,,,
2,0.5,0.0,0.0,0.5
3,0.16666666666666666,0.5,0.0,0.3333333333333333
4,,,,
5,0.5,0.0,0.0,0.5
6,0.0,0.0,1.0,0.0
7,0.0,0.0,1.0,0.0
8,0.5294117647058824,0.29411764705882354,0.0,0.17647058823529413
9,0.0,0.0,0.14285714285714285,0.8571428571428571
10,,,,
11,1.0,0.0,0.0,0.0
12,0.5,0.0,0.5,0.0
13,0.0,0.5,0.5,0.0
14,0.6666666666666666,0.0,0.0,0.3333333333333333
15,0.0,1.0,0.0,0.0
16,,,,
17,0.5,0.0,0.0,0.5
18,,,,
19,0.0,0.0,1.0,0.0
20,0.5,0.0,0.0,0.5
21,0.5,0.0,0.0,0.5
22,1.0,0.0,0.0,0.0
23,0.0,0.0,1.0,0.0
24,,,,
25,0.5,0.0,0.5,0.0
26,0.0,1.0,0.0,0.0
27,0.8333333333333334,0.16666666666666666,0.0,0.0
28,0.25,0.25,0.0,0.5
29,0.0,0.2222222222222222,0.4444444444444444,0.3333333333333333
30,0.0,0.0,0.0,1.0
31,1.0,0.0,0.0,0.0
32,0.0,0.0,0.0,1.0
33,0.0,0.6666666666666666,0.0,0.3333333333333333
34,0.25,0.75,0.0,0.0
35,0.6666666666666666,0.3333333333333333,0.0,0.0
36,0.0,1.0,0.0,0.0
37,0.0,0.0,1.0,0.0
38,1.0,0.0,0.0,0.0
39,0.0,0.0,1.0,0.0
40,,,,
41,0.0,1.0,0.0,0.0
42,0.0,0.0,1.0,0.0
43,,,,
44,0.9696969696969697,0.015151515151515152,0.0,0.015151515151515152
45,0.0,1.0,0.0,0.0
46,0.0,0.0,1.0,0.0
47,0.0,1.0,0.0,0.0
48,,,,
49,0.5,0.0,0.5,0.0
50,0.0,0.0,0.0,1.0
51,0.0,0.0,0.0,1.0
52,0.3333333333333333,0.0,0.6666666666666666,0.0
53,0.3333333333333333,0.0,0.0,0.6666666666666666
54,1.0,0.0,0.0,0.0
55,0.0,0.0,0.0,1.0
56,0.6,0.0,0.0,0.4
57,1.0,0.0,0.0,0.0
58,0.0,0.5,0.5,0.0
59,0.0,0.0,0.3333333333333333,0.6666666666666666
60,0.0,0.0,1.0,0.0
61,0.06666666666666667,0.0,0.2,0.7333333333333333
62,0.07692307692307693,0.0,0.07692307692307693,0.8461538461538461
63,0.0,1.0,0.0,0.0
64,0.0,0.0,0.0,1.0
65,0.0,0.0,0.0,1.0
66,0.0,0.14285714285714285,0.5714285714285714,0.2857142857142857
67,0.1875,0.0,0.5,0.3125
68,0.5,0.25,0.25,0.0
69,0.6666666666666666,0.3333333333333333,0.0,0.0
70,0.0,1.0,0.0,0.0
71,0.0,0.0,0.75,0.25
72,0.0,0.034722222222222224,0.013888888888888888,0.9513888888888888
73,0.5,0.0,0.25,0.25
74,0.2,0.7,0.1,0.0
75,1.0,0.0,0.0,0.0
76,0.42857142857142855,0.14285714285714285,0.0,0.42857142857142855
77,0.42857142857142855,0.42857142857142855,0.14285714285714285,0.0
78,0.2,0.4,0.0,0.4
79,0.6296296296296297,0.2962962962962963,0.0,0.07407407407407407
80,0.125,0.0,0.5,0.375
81,0.25,0.5,0.25,0.0
82,0.3333333333333333,0.0,0.3333333333333333,0.3333333333333333
83,0.0,0.0,0.0,1.0
84,0.0,0.8723404255319149,0.06382978723404255,0.06382978723404255
85,0.0,0.0,1.0,0.0
86,0.045454545454545456,0.0,0.7727272727272727,0.18181818181818182
87,0.0,0.024390243902439025,0.8780487804878049,0.0975609756097561
88,0.5263157894736842,0.42105263157894735,0.0,0.05263157894736842
89,0.10714285714285714,0.7142857142857143,0.17857142857142858,0.0
90,0.0,0.07352941176470588,0.8235294117647058,0.10294117647058823
91,0.6756756756756757,0.2972972972972973,0.0,0.02702702702702703
92,0.2727272727272727,0.5454545454545454,0.18181818181818182,0.0
93,0.5263157894736842,0.10526315789473684,0.3684210526315789,0.0
94,0.0,0.2608695652173913,0.43478260869565216,0.30434782608695654
95,0.045454545454545456,0.0,0.09090909090909091,0.8636363636363636
96,0.0,0.75,0.25,0.0
97,0.0,0.8085106382978723,0.0851063829787234,0.10638297872340426
98,0.0,0.0,0.045454545454545456,0.9545454545454546
99,,,,
100,0.3333333333333333,0.0,0.0,0.6666666666666666
101,0.0,0.0,0.0,1.0
102,0.0,0.3333333333333333,0.3333333333333333,0.3333333333333333
103,0.13432835820895522,0.8507462686567164,0.0,0.014925373134328358
104,0.0,0.0,0.034482758620689655,0.9655172413793104
105,,,,
106,1.0,0.0,0.0,0.0
107,,,,
108,0.0,0.3076923076923077,0.6153846153846154,0.07692307692307693
109,,,,
110,0.0,0.0,0.0,1.0
111,0.5,0.0,0.25,0.25
112,0.0,0.0,0.0,1.0
113,0.03260869565217391,0.9347826086956522,0.0,0.03260869565217391
114,0.0,0.0,1.0,0.0
115,0.0,0.0,0.5,0.5
116,0.5454545454545454,0.36363636363636365,0.0,0.09090909090909091
117,0.125,0.0,0.041666666666666664,0.8333333333333334
118,0.9069767441860465,0.0,0.046511627906976744,0.046511627906976744
119,0.5,0.0,0.25,0.25
120,0.007142857142857143,0.9857142857142858,0.0,0.007142857142857143
121,,,,
122,0.6394557823129252,0.3469387755102041,0.013605442176870748,0.0
123,1.0,0.0,0.0,0.0
124,0.6666666666666666,0.0,0.0,0.3333333333333333
125,0.5555555555555556,0.1111111111111111,0.0,0.3333333333333333
126,0.0,0.2222222222222222,0.7777777777777778,0.0
127,0.0,0.25,0.75,0.0
128,0.8181818181818182,0.18181818181818182,0.0,0.0
129,0.0,1.0,0.0,0.0
130,0.6,0.4,0.0,0.0
131,0.9166666666666666,0.0,0.08333333333333333,0.0
132,0.25,0.0,0.0,0.75
133,0.0,0.75,0.25,0.0
134,0.6,0.2,0.0,0.2
135,0.2,0.8,0.0,0.0
136,0.0,0.25,0.25,0.5
137,0.9622641509433962,0.03773584905660377,0.0,0.0
138,0.0,0.0,1.0,0.0
139,0.875,0.0,0.0,0.125
140,0.0,1.0,0.0,0.0
141,0.0,0.3333333333333333,0.4444444444444444,0.2222222222222222
142,0.0,0.0,1.0,0.0
143,0.2,0.6,0.2,0.0
144,,,,
145,0.0,1.0,0.0,0.0
146,0.4025974025974026,0.5584415584415584,0.0,0.03896103896103896
147,0.6724137931034483,0.27586206896551724,0.05172413793103448,0.0
148,0.0,0.16666666666666666,0.75,0.08333333333333333
149,0.10714285714285714,0.0,0.03571428571428571,0.8571428571428571
150,0.0,0.3333333333333333,0.5555555555555556,0.1111111111111111
151,0.0,0.75,0.25,0.0
152,0.058823529411764705,0.0,0.11764705882352941,0.8235294117647058
153,0.16666666666666666,0.6666666666666666,0.16666666666666666,0.0
154,0.0,0.1206896551724138,0.1206896551724138,0.7586206896551724
155,0.022727272727272728,0.9318181818181818,0.045454545454545456,0.0
156,0.12903225806451613,0.5483870967741935,0.3225806451612903,0.0
157,0.0,0.5294117647058824,0.23529411764705882,0.23529411764705882
158,0.2,0.0,0.2,0.6
159,0.0,0.09090909090909091,0.36363636363636365,0.5454545454545454
160,0.1346153846153846,0.8461538461538461,0.0,0.019230769230769232
161,0.0,0.8333333333333334,0.16666666666666666,0.0
162,0.0,0.0,0.0,1.0
163,0.5,0.0,0.0,0.5
164,0.5714285714285714,0.42857142857142855,0.0,0.0
165,0.0,0.16666666666666666,0.5833333333333334,0.25
166,0.7727272727272727,0.19318181818181818,0.0,0.03409090909090909
167,0.2222222222222222,0.0,0.05555555555555555,0.7222222222222222
168,0.0,0.2,0.6666666666666666,0.13333333333333333
169,0.6363636363636364,0.0,0.0,0.36363636363636365
170,0.09523809523809523,0.0,0.7619047619047619,0.14285714285714285
171,0.3793103448275862,0.2413793103448276,0.3793103448275862,0.0
172,0.0,0.46153846153846156,0.038461538461538464,0.5
173,0.1,0.0,0.3,0.6
174,0.6666666666666666,0.3333333333333333,0.0,0.0
175,0.0,0.5,0.0,0.5
176,0.0,0.0,0.021739130434782608,0.9782608695652174
177,0.0,1.0,0.0,0.0
178,0.0,0.2857142857142857,0.7142857142857143,0.0
179,0.03508771929824561,0.0,0.017543859649122806,0.9473684210526315
180,0.1,0.0,0.2,0.7
181,0.07894736842105263,0.0,0.868421052631579,0.05263157894736842
182,0.05555555555555555,0.8888888888888888,0.0,0.05555555555555555
183,0.5,0.0,0.5,0.0
184,,,,
185,0.2222222222222222,0.0,0.0,0.7777777777777778
186,0.25,0.0,0.0,0.75
187,0.0,0.3333333333333333,0.6666666666666666,0.0
188,0.2,0.0,0.6,0.2
189,0.0,0.10344827586206896,0.896551724137931,0.0
190,0.0,0.15,0.75,0.1
191,0.2,0.8,0.0,0.0
192,0.0,0.3,0.7,0.0
193,0.5,0.5,0.0,0.0
194,0.16666666666666666,0.6666666666666666,0.16666666666666666,0.0
195,0.0,0.0,1.0,0.0
196,0.0,0.0,0.0,1.0
197,0.0,0.0975609756097561,0.8780487804878049,0.024390243902439025
198,0.5,0.4411764705882353,0.0,0.058823529411764705
199,0.0,0.9772727272727273,0.022727272727272728,0.0
200,0.0625,0.84375,0.09375,0.0
201,0.0,0.09090909090909091,0.4090909090909091,0.5
202,0.16666666666666666,0.0,0.5,0.3333333333333333
203,0.14285714285714285,0.0,0.35714285714285715,0.5
204,0.0,0.8636363636363636,0.0,0.13636363636363635
205,0.0,1.0,0.0,0.0
206,0.0,0.06329113924050633,0.22784810126582278,0.7088607594936709
207,0.0,0.3333333333333333,0.6666666666666666,0.0
208,0.1,0.0,0.1,0.8
209,0.0,0.75,0.038461538461538464,0.21153846153846154
210,0.4406779661016949,0.4915254237288136,0.0,0.06779661016949153
211,0.07692307692307693,0.6153846153846154,0.3076923076923077,0.0
212,0.0,0.5873015873015873,0.23809523809523808,0.1746031746031746
213,,,,
214,0.0,0.5,0.25,0.25
215,0.2857142857142857,0.0,0.2857142857142857,0.42857142857142855
216,0.0,0.07692307692307693,0.8974358974358975,0.02564102564102564
217,0.5,0.0,0.25,0.25
218,0.3333333333333333,0.5,0.0,0.16666666666666666
219,0.5,0.5,0.0,0.0
220,,,,
221,0.03389830508474576,0.8813559322033898,0.0847457627118644,0.0
222,0.0,0.25,0.75,0.0
223,0.0,0.375,0.5,0.125
224,0.5,0.3,0.0,0.2
225,0.0,0.0,0.8,0.2
226,0.0,0.6111111111111112,0.2777777777777778,0.1111111111111111
227,0.0,0.0,0.13333333333333333,0.8666666666666667
228,0.75,0.0,0.0,0.25
229,,,,
230,0.5217391304347826,0.43478260869565216,0.0,0.043478260869565216
231,0.0,0.5,0.5,0.0
232,0.25,0.25,0.5,0.0
233,0.125,0.0,0.0,0.875
234,0.14285714285714285,0.42857142857142855,0.42857142857142855,0.0
235,0.5,0.0,0.0,0.5
236,0.0,0.0,0.0,1.0
237,,,,
238,0.2,0.0,0.8,0.0
239,0.25,0.5,0.0,0.25
240,0.0,0.2857142857142857,0.7142857142857143,0.0
241,0.0,0.6333333333333333,0.3333333333333333,0.03333333333333333
242,0.5641025641025641,0.38461538461538464,0.0,0.05128205128205128
243,0.05660377358490566,0.0,0.7358490566037735,0.20754716981132076
244,0.0,0.0,1.0,0.0
245,0.6,0.2,0.0,0.2
246,0.0,0.0,0.4,0.6
247,0.6326530612244898,0.3469387755102041,0.0,0.02040816326530612
248,0.04411764705882353,0.0,0.1323529411764706,0.8235294117647058
249,0.2,0.0,0.8,0.0
250,1.0,0.0,0.0,0.0
251,0.3,0.3,0.4,0.0
252,0.6,0.2,0.0,0.2
253,0.1,0.2,0.7,0.0
254,0.5,0.0,0.0,0.5
255,0.0,0.75,0.0,0.25
256,0.0,0.0,0.8,0.2
257,0.037037037037037035,0.7407407407407407,0.2222222222222222,0.0
258,0.0,0.0,0.0,1.0
259,0.02702702702702703,0.0,0.0,0.972972972972973
260,0.25,0.0,0.0,0.75
261,1.0,0.0,0.0,0.0
262,0.0,0.0,0.0,1.0
263,0.14285714285714285,0.023809523809523808,0.0,0.8333333333333334
264,,,,
265,0.0,0.5,0.0,0.5
266,0.5,0.0,0.16666666666666666,0.3333333333333333
267,0.0,0.0,0.0,1.0
268,,,,
269,0.0,0.0,0.0,1.0
270,,,,
271,0.0,0.0,1.0,0.0
272,,,,
273,0.3389830508474576,0.6271186440677966,0.0,0.03389830508474576
274,0.0,1.0,0.0,0.0
275,0.5280898876404494,0.23595505617977527,0.0,0.23595505617977527
276,0.5,0.0,0.5,0.0
277,0.0,0.0,0.0,1.0
278,0.0,1.0,0.0,0.0
279,0.0,0.0,1.0,0.0
280,0.0,0.0,0.125,0.875
281,0.0,0.0,0.020833333333333332,0.9791666666666666
282,0.0,0.0,1.0,0.0
283,0.0,0.0,0.0,1.0
284,0.0,0.3333333333333333,0.6666666666666666,0.0
285,1.0,0.0,0.0,0.0
286,0.0,0.0,0.0,1.0
287,0.0,0.0,0.0,1.0
288,0.5,0.0,0.5,0.0
289,,,,
290,,,,
291,,,,
292,,,,
293,,,,
294,,,,
295,,,,
296,,,,
297,,,,
298,,,,
299,,,,
300,,,,
301,,,,
302,,,,
303,,,,
304,,,,
305,,,,
306,,,,
307,,,,
