,A,C,G,T
0,,,,
1,,,,
2,0.7777777777777778,0.125,0.0,0.09722222222222222
3,0.5757575757575758,0.24242424242424243,0.0,0.18181818181818182
4,0.47619047619047616,0.2943722943722944,0.22943722943722944,0.0
5,0.546875,0.20833333333333334,0.0,0.24479166666666666
6,0.2553191489361702,0.0,0.6595744680851063,0.0851063829787234
7,0.0,0.29714285714285715,0.4514285714285714,0.25142857142857145
8,0.6539792387543253,0.29325259515570934,0.0,0.052768166089965395
9,0.07890961262553801,0.0,0.13055954088952654,0.7905308464849354
10,0.375,0.375,0.25,0.0
11,0.5495495495495496,0.23423423423423423,0.0,0.21621621621621623
12,0.16042780748663102,0.7219251336898396,0.0,0.11764705882352941
13,0.48484848484848486,0.3838383838383838,0.13131313131313133,0.0
14,0.41353383458646614,0.12030075187969924,0.0,0.46616541353383456
15,0.0707070707070707,0.7272727272727273,0.0,0.20202020202020202
16,0.0,0.7317073170731707,0.15853658536585366,0.10975609756097561
17,0.8638132295719845,0.08171206225680934,0.0,0.054474708171206226
18,0.32558139534883723,0.2558139534883721,0.4186046511627907,0.0
19,0.3157894736842105,0.0,0.21052631578947367,0.47368421052631576
20,0.05670103092783505,0.22164948453608246,0.7216494845360825,0.0
21,0.2,0.13333333333333333,0.0,0.6666666666666666
22,0.23333333333333334,0.2,0.0,0.5666666666666667
23,0.32558139534883723,0.2558139534883721,0.0,0.4186046511627907
24,0.17857142857142858,0.07142857142857142,0.0,0.75
25,0.1388888888888889,0.08333333333333333,0.0,0.7777777777777778
26,0.0,0.592,0.216,0.192
27,0.5256410256410257,0.15384615384615385,0.0,0.32051282051282054
28,0.5460992907801419,0.3617021276595745,0.0,0.09219858156028368
29,0.21686746987951808,0.0,0.1566265060240964,0.6265060240963856
30,0.35294117647058826,0.39705882352941174,0.0,0.25
31,0.07352941176470588,0.6176470588235294,0.3088235294117647,0.0
32,0.4573170731707317,0.35365853658536583,0.0,0.18902439024390244
33,0.5121951219512195,0.17073170731707318,0.0,0.3170731707317073
34,0.05454545454545454,0.6909090909090909,0.2545454545454545,0.0
35,0.2571428571428571,0.0,0.37142857142857144,0.37142857142857144
36,0.5306122448979592,0.0,0.2857142857142857,0.1836734693877551
37,0.0,0.1925925925925926,0.7185185185185186,0.08888888888888889
38,0.5365853658536586,0.3333333333333333,0.0,0.13008130081300814
39,0.16161616161616163,0.0,0.09090909090909091,0.7474747474747475
40,0.5384615384615384,0.0,0.11538461538461539,0.34615384615384615
41,0.1079136690647482,0.26618705035971224,0.6258992805755396,0.0
42,0.34615384615384615,0.19230769230769232,0.0,0.46153846153846156
43,0.7804878048780488,0.11382113821138211,0.0,0.10569105691056911
44,0.36477987421383645,0.46540880503144655,0.0,0.16981132075471697
45,0.0,0.2209026128266033,0.7529691211401425,0.026128266033254157
46,0.5458452722063037,0.38108882521489973,0.0,0.07306590257879657
47,0.453125,0.21875,0.0,0.328125
48,0.1,0.375,0.525,0.0
49,0.6153846153846154,0.0,0.11538461538461539,0.2692307692307692
50,0.46616541353383456,0.0,0.21052631578947367,0.3233082706766917
51,0.27631578947368424,0.0,0.2894736842105263,0.4342105263157895
52,0.12903225806451613,0.0967741935483871,0.7741935483870968,0.0
53,0.3783783783783784,0.43783783783783786,0.0,0.1837837837837838
54,0.0,0.6304347826086957,0.3333333333333333,0.036231884057971016
55,0.2717391304347826,0.7010869565217391,0.0,0.02717391304347826
56,0.0,0.575,0.275,0.15
57,0.43564356435643564,0.0,0.4752475247524752,0.0891089108910891
58,0.04838709677419355,0.5806451612903226,0.3709677419354839,0.0
59,0.13513513513513514,0.0,0.5855855855855856,0.27927927927927926
60,0.1732283464566929,0.4881889763779528,0.33858267716535434,0.0
61,0.4857142857142857,0.0,0.22857142857142856,0.2857142857142857
62,0.3937007874015748,0.0,0.16141732283464566,0.4448818897637795
63,0.037037037037037035,0.3333333333333333,0.6296296296296297,0.0
64,0.1111111111111111,0.3333333333333333,0.0,0.5555555555555556
65,0.013157894736842105,0.6578947368421053,0.32894736842105265,0.0
66,0.4935483870967742,0.12903225806451613,0.0,0.3774193548387097
67,0.3328220858895706,0.0,0.0736196319018405,0.593558282208589
68,0.0,0.22424242424242424,0.5272727272727272,0.24848484848484848
69,0.837037037037037,0.08888888888888889,0.0,0.07407407407407407
70,0.08352668213457076,0.0,0.22505800464037123,0.691415313225058
71,0.35294117647058826,0.0,0.0,0.6470588235294118
72,0.11570247933884298,0.5206611570247934,0.36363636363636365,0.0
73,0.2708333333333333,0.0,0.3541666666666667,0.375
74,0.2669902912621359,0.4368932038834951,0.2961165048543689,0.0
75,0.7362637362637363,0.17582417582417584,0.0,0.08791208791208792
76,0.6280193236714976,0.3188405797101449,0.0,0.05314009661835749
77,0.0,0.4146341463414634,0.43089430894308944,0.15447154471544716
78,0.4291845493562232,0.40772532188841204,0.1630901287553648,0.0
79,0.5815602836879432,0.3049645390070922,0.11347517730496454,0.0
80,0.18181818181818182,0.0,0.16161616161616163,0.6565656565656566
81,0.0,0.4666666666666667,0.37916666666666665,0.15416666666666667
82,0.20348837209302326,0.0,0.48023255813953486,0.31627906976744186
83,0.22981366459627328,0.0,0.2422360248447205,0.5279503105590062
84,0.1450980392156863,0.5647058823529412,0.2901960784313726,0.0
85,0.15384615384615385,0.5384615384615384,0.3076923076923077,0.0
86,0.23137254901960785,0.0,0.07058823529411765,0.6980392156862745
87,0.0,0.28596491228070176,0.6403508771929824,0.07368421052631578
88,0.7011904761904761,0.21428571428571427,0.0,0.08452380952380953
89,0.26674107142857145,0.44308035714285715,0.29017857142857145,0.0
90,0.0,0.16863905325443787,0.5769230769230769,0.25443786982248523
91,0.5136852394916911,0.4149560117302053,0.0,0.07135874877810362
92,0.15351257588898526,0.0,0.09019947961838681,0.7562879444926279
93,0.14761904761904762,0.6976190476190476,0.15476190476190477,0.0
94,0.0,0.3395931142410016,0.06729264475743349,0.593114241001565
95,0.0856353591160221,0.7928176795580111,0.12154696132596685,0.0
96,0.286480686695279,0.3133047210300429,0.0,0.4002145922746781
97,0.26695842450765866,0.0,0.3610503282275711,0.37199124726477023
98,0.3711507293354943,0.473257698541329,0.15559157212317667,0.0
99,0.0,0.348159509202454,0.22699386503067484,0.42484662576687116
100,0.10810810810810811,0.1891891891891892,0.7027027027027027,0.0
101,0.52088772845953,0.2950391644908616,0.0,0.18407310704960836
102,0.4420289855072464,0.0,0.18478260869565216,0.37318840579710144
103,0.0,0.6556603773584906,0.05188679245283019,0.29245283018867924
104,0.132,0.0,0.168,0.7
105,0.05,0.225,0.725,0.0
106,0.16666666666666666,0.1,0.0,0.7333333333333333
107,0.10714285714285714,0.21428571428571427,0.0,0.6785714285714286
108,0.3287037037037037,0.4583333333333333,0.0,0.21296296296296297
109,0.14,0.64,0.22,0.0
110,0.1092896174863388,0.0,0.09289617486338798,0.7978142076502732
111,0.53125,0.0,0.21875,0.25
112,0.4090909090909091,0.22727272727272727,0.0,0.36363636363636365
113,0.08,0.0,0.22666666666666666,0.6933333333333334
114,0.55,0.0,0.1,0.35
115,0.0,0.3300970873786408,0.39805825242718446,0.27184466019417475
116,0.20689655172413793,0.27586206896551724,0.0,0.5172413793103449
117,0.4858156028368794,0.1950354609929078,0.0,0.3191489361702128
118,0.06382978723404255,0.0,0.45390070921985815,0.48226950354609927
119,0.2857142857142857,0.0,0.7142857142857143,0.0
120,0.5357142857142857,0.0,0.32142857142857145,0.14285714285714285
121,0.9302325581395349,0.0,0.0,0.06976744186046512
122,0.0,0.3915094339622642,0.0,0.6084905660377359
123,0.4,0.4,0.0,0.2
124,0.36,0.24,0.0,0.4
125,0.5460992907801419,0.0,0.36879432624113473,0.0851063829787234
126,0.0,0.36254980079681276,0.6175298804780877,0.0199203187250996
127,0.0,0.10283687943262411,0.8049645390070922,0.09219858156028368
128,0.5434782608695652,0.07608695652173914,0.0,0.3804347826086957
129,0.27710843373493976,0.12048192771084337,0.0,0.6024096385542169
130,0.21794871794871795,0.1794871794871795,0.0,0.6025641025641025
131,0.5962910128388017,0.23680456490727533,0.0,0.16690442225392296
132,0.2782258064516129,0.0,0.33064516129032256,0.3911290322580645
133,0.0267639902676399,0.46228710462287104,0.5109489051094891,0.0
134,0.0,0.1072961373390558,0.0008583690987124463,0.8918454935622318
135,0.09689922480620156,0.7558139534883721,0.0,0.14728682170542637
136,0.0,0.09597523219814241,0.804953560371517,0.09907120743034056
137,0.5918918918918918,0.17567567567567569,0.0,0.23243243243243245
138,0.07407407407407407,0.026455026455026454,0.8994708994708994,0.0
139,0.16374269005847952,0.21052631578947367,0.0,0.6257309941520468
140,0.17391304347826086,0.375,0.0,0.45108695652173914
141,0.21822033898305085,0.4872881355932203,0.0,0.2944915254237288
142,0.09659090909090909,0.10795454545454546,0.7954545454545454,0.0
143,0.22992700729927007,0.28832116788321166,0.0,0.48175182481751827
144,0.5317164179104478,0.029850746268656716,0.0,0.43843283582089554
145,0.4,0.0,0.42745098039215684,0.17254901960784313
146,0.0,0.3839869281045752,0.2173202614379085,0.39869281045751637
147,0.3151291512915129,0.42140221402214023,0.0,0.26346863468634685
148,0.24157303370786518,0.4887640449438202,0.2696629213483146,0.0
149,0.2,0.4298507462686567,0.3701492537313433,0.0
150,0.0,0.13513513513513514,0.6324324324324324,0.23243243243243245
151,0.21019108280254778,0.47770700636942676,0.31210191082802546,0.0
152,0.0,0.37922403003754696,0.21589486858573217,0.4048811013767209
153,0.3188976377952756,0.1062992125984252,0.5748031496062992,0.0
154,0.35051546391752575,0.0,0.211340206185567,0.4381443298969072
155,0.0,0.3118466898954704,0.4738675958188153,0.21428571428571427
156,0.2335907335907336,0.38706563706563707,0.37934362934362936,0.0
157,0.0,0.3772635814889336,0.11167002012072434,0.5110663983903421
158,0.17480719794344474,0.40616966580976865,0.4190231362467866,0.0
159,0.6260623229461756,0.1529745042492918,0.0,0.22096317280453256
160,0.0,0.4645161290322581,0.36774193548387096,0.16774193548387098
161,0.2410958904109589,0.5095890410958904,0.2493150684931507,0.0
162,0.21568627450980393,0.0718954248366013,0.0,0.7124183006535948
163,0.47161572052401746,0.4432314410480349,0.0,0.0851528384279476
164,0.0,0.48394495412844035,0.40825688073394495,0.10779816513761468
165,0.0,0.19572953736654805,0.5533807829181495,0.2508896797153025
166,0.4406060606060606,0.31757575757575757,0.0,0.24181818181818182
167,0.2661469933184855,0.40757238307349664,0.3262806236080178,0.0
168,0.0,0.2459349593495935,0.5945121951219512,0.15955284552845528
169,0.0,0.35575679172056923,0.3829236739974127,0.2613195342820181
170,0.3117505995203837,0.3820943245403677,0.3061550759392486,0.0
171,0.0,0.340878828229028,0.6191744340878829,0.03994673768308921
172,0.0,0.3672955974842767,0.2440251572327044,0.3886792452830189
173,0.0,0.22135007849293564,0.6216640502354788,0.15698587127158556
174,0.25829383886255924,0.39454976303317535,0.3471563981042654,0.0
175,0.0,0.24573378839590443,0.13651877133105803,0.6177474402730375
176,0.08466603951081844,0.0,0.1288805268109125,0.786453433678269
177,0.19747899159663865,0.47478991596638653,0.3277310924369748,0.0
178,0.0,0.344,0.112,0.544
179,0.03598971722365039,0.0,0.042416452442159386,0.9215938303341902
180,0.0,0.5074074074074074,0.0,0.4925925925925926
181,0.14357262103505844,0.0,0.333889816360601,0.5225375626043406
182,0.0,0.24394785847299813,0.5977653631284916,0.15828677839851024
183,0.640625,0.1875,0.0,0.171875
184,0.0,0.546875,0.359375,0.09375
185,0.20448179271708683,0.0,0.40336134453781514,0.39215686274509803
186,0.15267175572519084,0.2366412213740458,0.6106870229007634,0.0
187,0.3894736842105263,0.0,0.11578947368421053,0.49473684210526314
188,0.328125,0.0,0.08984375,0.58203125
189,0.2032967032967033,0.41208791208791207,0.0,0.38461538461538464
190,0.04145077720207254,0.31088082901554404,0.6476683937823834,0.0
191,0.3227848101265823,0.3987341772151899,0.0,0.27848101265822783
192,0.0,0.2604501607717042,0.6977491961414791,0.04180064308681672
193,0.0,0.08470588235294117,0.8470588235294118,0.06823529411764706
194,0.21904761904761905,0.26666666666666666,0.0,0.5142857142857142
195,0.2857142857142857,0.1619047619047619,0.0,0.5523809523809524
196,0.5922330097087378,0.07766990291262135,0.0,0.3300970873786408
197,0.2727272727272727,0.0,0.26136363636363635,0.4659090909090909
198,0.6341463414634146,0.0,0.17073170731707318,0.1951219512195122
199,0.3,0.12,0.0,0.58
200,0.0,0.39420289855072466,0.5391304347826087,0.06666666666666667
201,0.10434782608695652,0.40869565217391307,0.48695652173913045,0.0
202,0.08823529411764706,0.20588235294117646,0.7058823529411765,0.0
203,0.23880597014925373,0.0,0.11940298507462686,0.6417910447761194
204,0.0,0.14673913043478262,0.2608695652173913,0.592391304347826
205,0.12244897959183673,0.0,0.3142857142857143,0.563265306122449
206,0.18446601941747573,0.0,0.22330097087378642,0.5922330097087378
207,0.0,0.2822429906542056,0.6747663551401869,0.04299065420560748
208,0.112,0.256,0.632,0.0
209,0.1643192488262911,0.0,0.28169014084507044,0.5539906103286385
210,0.379746835443038,0.0759493670886076,0.5443037974683544,0.0
211,0.3087248322147651,0.0,0.040268456375838924,0.6510067114093959
212,0.13131313131313133,0.0,0.08585858585858586,0.7828282828282829
213,0.0,0.6944444444444444,0.2777777777777778,0.027777777777777776
214,0.5645161290322581,0.14516129032258066,0.0,0.2903225806451613
215,0.0,0.1308411214953271,0.8271028037383178,0.04205607476635514
216,0.38095238095238093,0.07142857142857142,0.0,0.5476190476190477
217,0.0,0.2,0.6666666666666666,0.13333333333333333
218,0.5064935064935064,0.0,0.14285714285714285,0.35064935064935066
219,0.0,0.06701030927835051,0.8505154639175257,0.08247422680412371
220,0.0,0.436046511627907,0.3372093023255814,0.22674418604651161
221,0.09515859766277128,0.5175292153589316,0.38731218697829717,0.0
222,0.16666666666666666,0.2986111111111111,0.5347222222222222,0.0
223,0.3101851851851852,0.0,0.1527777777777778,0.5370370370370371
224,0.22325581395348837,0.0,0.4372093023255814,0.3395348837209302
225,0.0,0.3579418344519016,0.5928411633109619,0.049217002237136466
226,0.0,0.12915851272015655,0.786692759295499,0.08414872798434442
227,0.2446043165467626,0.6330935251798561,0.0,0.1223021582733813
228,0.0,0.11627906976744186,0.8372093023255814,0.046511627906976744
229,0.0,0.14500941619585686,0.8267419962335216,0.02824858757062147
230,0.291044776119403,0.0,0.12388059701492538,0.5850746268656717
231,0.0,0.09251101321585903,0.42290748898678415,0.4845814977973568
232,0.20168067226890757,0.0,0.10644257703081232,0.6918767507002801
233,0.5045936395759717,0.3010600706713781,0.0,0.19434628975265017
234,0.1271585557299843,0.0,0.5753532182103611,0.29748822605965464
235,0.12745098039215685,0.5196078431372549,0.35294117647058826,0.0
236,0.5182767624020888,0.2258485639686684,0.0,0.2558746736292428
237,0.27292110874200426,0.42857142857142855,0.29850746268656714,0.0
238,0.0,0.30454042081949056,0.02768549280177187,0.6677740863787376
239,0.06976744186046512,0.6046511627906976,0.32558139534883723,0.0
240,0.061946902654867256,0.0,0.17035398230088494,0.7676991150442478
241,0.2222222222222222,0.16666666666666666,0.6111111111111112,0.0
242,0.6159420289855072,0.3170289855072464,0.0,0.06702898550724638
243,0.09253731343283582,0.0,0.8746268656716418,0.03283582089552239
244,0.0,0.09090909090909091,0.3977272727272727,0.5113636363636364
245,0.0,0.26464646464646463,0.692929292929293,0.04242424242424243
246,0.0,0.4612676056338028,0.20774647887323944,0.33098591549295775
247,0.17391304347826086,0.2608695652173913,0.5652173913043478,0.0
248,0.25471698113207547,0.39622641509433965,0.0,0.3490566037735849
249,0.0,0.08617234468937876,0.8517034068136272,0.06212424849699399
250,0.0,0.5548387096774193,0.0,0.44516129032258067
251,0.047619047619047616,0.0,0.14058956916099774,0.8117913832199547
252,0.0,0.18627450980392157,0.7205882352941176,0.09313725490196079
253,0.4875,0.4575,0.0,0.055
254,0.12224938875305623,0.0,0.21026894865525672,0.6674816625916871
255,0.16666666666666666,0.0,0.4351851851851852,0.39814814814814814
256,0.10666666666666667,0.4266666666666667,0.4666666666666667,0.0
257,0.2752808988764045,0.5730337078651685,0.0,0.15168539325842698
258,0.0,0.4837758112094395,0.5014749262536873,0.014749262536873156
259,0.17517006802721088,0.7346938775510204,0.0,0.09013605442176871
260,0.0,0.5094339622641509,0.34591194968553457,0.14465408805031446
261,0.38439635535307515,0.5637813211845103,0.0,0.051822323462414575
262,0.12363238512035012,0.0,0.21772428884026257,0.6586433260393874
263,0.4774774774774775,0.0,0.5225225225225225,0.0
264,0.16666666666666666,0.6428571428571429,0.0,0.19047619047619047
265,0.0,0.3225806451612903,0.5483870967741935,0.12903225806451613
266,0.42729083665338646,0.46713147410358563,0.0,0.10557768924302789
267,0.29411764705882354,0.058823529411764705,0.0,0.6470588235294118
268,0.0,0.0625,0.6875,0.25
269,0.4411764705882353,0.0,0.13725490196078433,0.4215686274509804
270,0.0,0.00510204081632653,0.4744897959183674,0.5204081632653061
271,0.08,0.0,0.15428571428571428,0.7657142857142857
272,0.3783783783783784,0.33783783783783783,0.0,0.28378378378378377
273,0.2222222222222222,0.0,0.0,0.7777777777777778
274,0.03314917127071823,0.0,0.9392265193370166,0.027624309392265192
275,0.21100917431192662,0.591743119266055,0.19724770642201836,0.0
276,0.5449915110356537,0.3684210526315789,0.0,0.0865874363327674
277,0.32044198895027626,0.4972375690607735,0.18232044198895028,0.0
278,0.37339449541284403,0.30779816513761465,0.0,0.31880733944954126
279,0.17391304347826086,0.30434782608695654,0.5217391304347826,0.0
280,0.0,0.011764705882352941,0.07058823529411765,0.9176470588235294
281,0.00872093023255814,0.9156976744186046,0.0755813953488372,0.0
282,0.15476190476190477,0.7023809523809523,0.14285714285714285,0.0
283,0.0,0.0911062906724512,0.06290672451193059,0.8459869848156182
284,0.012727272727272728,0.0,0.056363636363636366,0.9309090909090909
285,0.2222222222222222,0.1746031746031746,0.6031746031746031,0.0
286,0.3157894736842105,0.10526315789473684,0.0,0.5789473684210527
287,0.0,0.5424836601307189,0.45751633986928103,0.0
288,0.7580645161290323,0.026881720430107527,0.0,0.21505376344086022
289,0.05278592375366569,0.0,0.10850439882697947,0.8387096774193549
290,0.46853146853146854,0.36363636363636365,0.0,0.16783216783216784
291,0.0,0.8444444444444444,0.1511111111111111,0.0044444444444444444
292,0.6564102564102564,0.2512820512820513,0.0,0.09230769230769231
293,0.0,0.1038961038961039,0.7857142857142857,0.11038961038961038
294,0.5185185185185185,0.25925925925925924,0.0,0.2222222222222222
295,0.0,0.32653061224489793,0.5102040816326531,0.16326530612244897
296,0.28125,0.5625,0.15625,0.0
297,0.3111111111111111,0.0,0.37777777777777777,0.3111111111111111
298,0.375,0.375,0.25,0.0
299,0.375,0.0,0.25,0.375
300,0.2413793103448276,0.06896551724137931,0.6896551724137931,0.0
301,0.6666666666666666,0.0,0.3333333333333333,0.0
302,1.0,0.0,0.0,0.0
303,0.16666666666666666,0.0,0.5,0.3333333333333333
304,0.0,1.0,0.0,0.0
305,1.0,0.0,0.0,0.0
306,0.0,0.0,1.0,0.0
307,,,,
308,0.0,0.0,1.0,0.0
309,0.0,0.0,0.0,1.0
310,0.0,0.0,0.0,1.0
311,,,,
312,,,,
313,,,,
314,,,,
315,,,,
