,A,C,G,T
0,,,,
1,,,,
2,0.21333333333333335,0.5733333333333334,0.0,0.21333333333333335
3,0.4117647058823529,0.35294117647058826,0.0,0.23529411764705882
4,0.6753246753246753,0.07792207792207792,0.24675324675324675,0.0
5,0.5952380952380952,0.2619047619047619,0.0,0.14285714285714285
6,0.2830188679245283,0.0,0.41509433962264153,0.3018867924528302
7,0.0,0.12,0.36,0.52
8,0.7941176470588235,0.20220588235294118,0.0,0.003676470588235294
9,0.025362318840579712,0.0,0.427536231884058,0.5471014492753623
10,0.0,1.0,0.0,0.0
11,0.868421052631579,0.02631578947368421,0.0,0.10526315789473684
12,0.27450980392156865,0.37254901960784315,0.0,0.35294117647058826
13,0.08333333333333333,0.9166666666666666,0.0,0.0
14,0.7,0.15,0.0,0.15
15,0.05405405405405406,0.8648648648648649,0.0,0.08108108108108109
16,0.0,0.4444444444444444,0.3333333333333333,0.2222222222222222
17,0.8611111111111112,0.1111111111111111,0.0,0.027777777777777776
18,0.0,0.0,0.0,1.0
19,0.02127659574468085,0.0,0.574468085106383,0.40425531914893614
20,0.08333333333333333,0.7291666666666666,0.1875,0.0
21,1.0,0.0,0.0,0.0
22,0.125,0.125,0.0,0.75
23,0.0,0.275,0.575,0.15
24,0.0,0.5,0.0,0.5
25,0.0,0.0,0.0,1.0
26,0.0,0.4166666666666667,0.5416666666666666,0.041666666666666664
27,0.8923076923076924,0.07692307692307693,0.0,0.03076923076923077
28,0.35267857142857145,0.6383928571428571,0.0,0.008928571428571428
29,0.203125,0.0,0.40625,0.390625
30,0.03529411764705882,0.788235294117647,0.17647058823529413,0.0
31,0.08333333333333333,0.5277777777777778,0.3888888888888889,0.0
32,0.5348837209302325,0.23255813953488372,0.0,0.23255813953488372
33,0.0,0.0859375,0.8671875,0.046875
34,0.2,0.4666666666666667,0.3333333333333333,0.0
35,0.2222222222222222,0.0,0.41975308641975306,0.35802469135802467
36,0.48,0.0,0.44,0.08
37,0.0,0.4782608695652174,0.4782608695652174,0.043478260869565216
38,0.21897810218978103,0.2846715328467153,0.0,0.49635036496350365
39,0.4444444444444444,0.0,0.1111111111111111,0.4444444444444444
40,0.3333333333333333,0.0,0.4444444444444444,0.2222222222222222
41,0.007425742574257425,0.16584158415841585,0.8267326732673267,0.0
42,0.0,0.5,0.0,0.5
43,0.2857142857142857,0.2857142857142857,0.0,0.42857142857142855
44,0.21739130434782608,0.17391304347826086,0.0,0.6086956521739131
45,0.5,0.3333333333333333,0.0,0.16666666666666666
46,0.9302325581395349,0.046511627906976744,0.0,0.023255813953488372
47,0.3055555555555556,0.05555555555555555,0.0,0.6388888888888888
48,0.2,0.13333333333333333,0.6666666666666666,0.0
49,0.45454545454545453,0.0,0.0,0.5454545454545454
50,0.36585365853658536,0.0,0.07317073170731707,0.5609756097560976
51,0.38461538461538464,0.0,0.34615384615384615,0.2692307692307692
52,0.4375,0.1875,0.375,0.0
53,0.3942307692307692,0.125,0.0,0.4807692307692308
54,0.0,0.7659574468085106,0.19148936170212766,0.0425531914893617
55,0.375,0.575,0.0,0.05
56,0.0,0.2786885245901639,0.6721311475409836,0.04918032786885246
57,0.3125,0.0,0.59375,0.09375
58,0.03225806451612903,0.4838709677419355,0.4838709677419355,0.0
59,0.2857142857142857,0.0,0.4523809523809524,0.2619047619047619
60,0.125,0.625,0.25,0.0
61,0.6666666666666666,0.0,0.08333333333333333,0.25
62,0.39361702127659576,0.0,0.09574468085106383,0.5106382978723404
63,0.13333333333333333,0.26666666666666666,0.6,0.0
64,0.75,0.0,0.0,0.25
65,0.06521739130434782,0.717391304347826,0.21739130434782608,0.0
66,0.5802469135802469,0.12345679012345678,0.0,0.2962962962962963
67,0.23076923076923078,0.0,0.14743589743589744,0.6217948717948718
68,0.0,0.31343283582089554,0.47761194029850745,0.208955223880597
69,0.2857142857142857,0.5142857142857142,0.0,0.2
70,0.019230769230769232,0.0,0.11153846153846154,0.8692307692307693
71,0.2777777777777778,0.0,0.3333333333333333,0.3888888888888889
72,0.14634146341463414,0.6097560975609756,0.24390243902439024,0.0
73,0.6,0.0,0.2,0.2
74,0.049019607843137254,0.27450980392156865,0.6764705882352942,0.0
75,0.6363636363636364,0.18181818181818182,0.0,0.18181818181818182
76,0.7397260273972602,0.13013698630136986,0.0,0.13013698630136986
77,0.660482374768089,0.2820037105751391,0.0,0.0575139146567718
78,0.2625,0.625,0.1125,0.0
79,0.08333333333333333,0.6666666666666666,0.25,0.0
80,0.3181818181818182,0.0,0.07575757575757576,0.6060606060606061
81,0.0,0.3141592920353982,0.4557522123893805,0.23008849557522124
82,0.1189710610932476,0.0,0.5144694533762058,0.3665594855305466
83,0.1744186046511628,0.0,0.1511627906976744,0.6744186046511628
84,0.32142857142857145,0.14285714285714285,0.0,0.5357142857142857
85,0.10344827586206896,0.5862068965517241,0.3103448275862069,0.0
86,0.2826086956521739,0.0,0.06521739130434782,0.6521739130434783
87,0.0,0.26785714285714285,0.6785714285714286,0.05357142857142857
88,0.5254901960784314,0.41568627450980394,0.0,0.058823529411764705
89,0.25071225071225073,0.3646723646723647,0.38461538461538464,0.0
90,0.0,0.22448979591836735,0.43197278911564624,0.3435374149659864
91,0.5997267759562842,0.36065573770491804,0.0,0.03961748633879782
92,0.33881578947368424,0.0,0.3026315789473684,0.35855263157894735
93,0.0,0.24344569288389514,0.19850187265917604,0.5580524344569289
94,0.0,0.33691756272401435,0.4014336917562724,0.2616487455197133
95,0.12639405204460966,0.0,0.16728624535315986,0.7063197026022305
96,0.10852713178294573,0.43410852713178294,0.4573643410852713,0.0
97,0.0,0.3393939393939394,0.10909090909090909,0.5515151515151515
98,0.14035087719298245,0.0,0.15789473684210525,0.7017543859649122
99,0.0,0.375,0.33653846153846156,0.28846153846153844
100,0.0,0.35714285714285715,0.6428571428571429,0.0
101,0.34,0.3,0.0,0.36
102,0.0,0.21428571428571427,0.6428571428571429,0.14285714285714285
103,0.38591549295774646,0.5676056338028169,0.0,0.04647887323943662
104,0.010752688172043012,0.0,0.1827956989247312,0.8064516129032258
105,0.1,0.1,0.8,0.0
106,0.0,0.2,0.0,0.8
107,0.14285714285714285,0.14285714285714285,0.0,0.7142857142857143
108,0.35714285714285715,0.2619047619047619,0.0,0.38095238095238093
109,0.0,0.7586206896551724,0.2413793103448276,0.0
110,0.4074074074074074,0.0,0.07407407407407407,0.5185185185185185
111,0.5,0.0,0.16666666666666666,0.3333333333333333
112,0.5,0.25,0.0,0.25
113,0.125,0.0,0.32142857142857145,0.5535714285714286
114,0.5714285714285714,0.0,0.0,0.42857142857142855
115,0.0,0.2857142857142857,0.4523809523809524,0.2619047619047619
116,0.42105263157894735,0.47368421052631576,0.0,0.10526315789473684
117,0.475,0.3125,0.0,0.2125
118,0.06060606060606061,0.0,0.3333333333333333,0.6060606060606061
119,0.02,0.86,0.12,0.0
120,0.13636363636363635,0.0,0.8636363636363636,0.0
121,0.38461538461538464,0.0,0.07692307692307693,0.5384615384615384
122,0.0,0.16981132075471697,0.49056603773584906,0.33962264150943394
123,0.6,0.2,0.0,0.2
124,0.4230769230769231,0.38461538461538464,0.0,0.19230769230769232
125,0.8527131782945736,0.09302325581395349,0.0,0.05426356589147287
126,0.0,0.5142857142857142,0.4857142857142857,0.0
127,0.0,0.19607843137254902,0.7254901960784313,0.0784313725490196
128,0.5555555555555556,0.3333333333333333,0.0,0.1111111111111111
129,0.34210526315789475,0.39473684210526316,0.0,0.2631578947368421
130,0.2857142857142857,0.5428571428571428,0.0,0.17142857142857143
131,0.5193370165745856,0.20441988950276244,0.0,0.27624309392265195
132,0.14,0.0,0.54,0.32
133,0.04838709677419355,0.5,0.45161290322580644,0.0
134,0.44155844155844154,0.2077922077922078,0.0,0.35064935064935066
135,0.18181818181818182,0.5454545454545454,0.0,0.2727272727272727
136,0.0,0.10576923076923077,0.8173076923076923,0.07692307692307693
137,0.803921568627451,0.0718954248366013,0.0,0.12418300653594772
138,0.018867924528301886,0.05660377358490566,0.9245283018867925,0.0
139,0.4166666666666667,0.10416666666666667,0.0,0.4791666666666667
140,0.04477611940298507,0.582089552238806,0.0,0.373134328358209
141,0.5517241379310345,0.22988505747126436,0.0,0.21839080459770116
142,0.1875,0.125,0.6875,0.0
143,0.16176470588235295,0.0,0.36764705882352944,0.47058823529411764
144,0.054945054945054944,0.03296703296703297,0.9120879120879121,0.0
145,0.5227272727272727,0.0,0.3409090909090909,0.13636363636363635
146,0.0,0.3793103448275862,0.25287356321839083,0.367816091954023
147,0.42946058091286304,0.43775933609958506,0.0,0.13278008298755187
148,0.26424870466321243,0.3471502590673575,0.38860103626943004,0.0
149,0.2210144927536232,0.5942028985507246,0.18478260869565216,0.0
150,0.0,0.48928571428571427,0.2892857142857143,0.22142857142857142
151,0.03225806451612903,0.6129032258064516,0.3548387096774194,0.0
152,0.11602209944751381,0.3259668508287293,0.5580110497237569,0.0
153,0.140625,0.54296875,0.31640625,0.0
154,0.0,0.4011627906976744,0.11627906976744186,0.48255813953488375
155,0.12658227848101267,0.729957805907173,0.14345991561181434,0.0
156,0.0,0.20540540540540542,0.7054054054054054,0.0891891891891892
157,0.3279569892473118,0.5268817204301075,0.0,0.14516129032258066
158,0.17272727272727273,0.0,0.20909090909090908,0.6181818181818182
159,0.8431372549019608,0.12156862745098039,0.0,0.03529411764705882
160,0.6036217303822937,0.36619718309859156,0.0,0.030181086519114688
161,0.16417910447761194,0.48507462686567165,0.35074626865671643,0.0
162,0.5223880597014925,0.13432835820895522,0.0,0.34328358208955223
163,0.8271604938271605,0.10493827160493827,0.0,0.06790123456790123
164,0.3900709219858156,0.3120567375886525,0.2978723404255319,0.0
165,0.0,0.19413919413919414,0.6483516483516484,0.1575091575091575
166,0.5090655509065551,0.42538354253835425,0.0,0.06555090655509066
167,0.20081967213114754,0.0,0.1290983606557377,0.6700819672131147
168,0.0,0.06976744186046512,0.4325581395348837,0.49767441860465117
169,0.11290322580645161,0.0,0.14516129032258066,0.7419354838709677
170,0.0,0.21022727272727273,0.625,0.16477272727272727
171,0.25308641975308643,0.2654320987654321,0.48148148148148145,0.0
172,0.0,0.24663677130044842,0.09865470852017937,0.6547085201793722
173,0.06074766355140187,0.0,0.21962616822429906,0.719626168224299
174,0.1111111111111111,0.5185185185185185,0.37037037037037035,0.0
175,0.0,0.849624060150376,0.022556390977443608,0.12781954887218044
176,0.02727272727272727,0.0,0.01818181818181818,0.9545454545454546
177,0.5076923076923077,0.11538461538461539,0.0,0.3769230769230769
178,0.1746031746031746,0.0,0.5714285714285714,0.25396825396825395
179,0.0,0.30851063829787234,0.4787234042553192,0.2127659574468085
180,0.5454545454545454,0.29545454545454547,0.0,0.1590909090909091
181,0.0,0.6037735849056604,0.33962264150943394,0.05660377358490566
182,0.09146341463414634,0.0,0.6036585365853658,0.3048780487804878
183,0.08333333333333333,0.3541666666666667,0.5625,0.0
184,0.21428571428571427,0.0,0.21428571428571427,0.5714285714285714
185,0.07142857142857142,0.0,0.17857142857142858,0.75
186,0.06818181818181818,0.5909090909090909,0.0,0.3409090909090909
187,0.02857142857142857,0.37142857142857144,0.6,0.0
188,0.35384615384615387,0.16923076923076924,0.0,0.47692307692307695
189,0.0,0.6744186046511628,0.313953488372093,0.011627906976744186
190,0.0,0.031578947368421054,0.9403508771929825,0.028070175438596492
191,0.21428571428571427,0.21428571428571427,0.0,0.5714285714285714
192,0.23333333333333334,0.16666666666666666,0.0,0.6
193,0.6666666666666666,0.0,0.0,0.3333333333333333
194,0.3125,0.0,0.5,0.1875
195,0.7,0.0,0.05,0.25
196,0.09090909090909091,0.2727272727272727,0.0,0.6363636363636364
197,0.0,0.4728682170542636,0.4186046511627907,0.10852713178294573
198,0.14285714285714285,0.25,0.6071428571428571,0.0
199,0.2,0.0,0.8,0.0
200,0.17073170731707318,0.0,0.0975609756097561,0.7317073170731707
201,0.0,0.09433962264150944,0.4528301886792453,0.4528301886792453
202,0.13725490196078433,0.0,0.30392156862745096,0.5588235294117647
203,0.18604651162790697,0.0,0.4418604651162791,0.37209302325581395
204,0.0,0.5202702702702703,0.42567567567567566,0.05405405405405406
205,0.06451612903225806,0.5483870967741935,0.3870967741935484,0.0
206,0.3235294117647059,0.0,0.39705882352941174,0.27941176470588236
207,0.43243243243243246,0.08108108108108109,0.4864864864864865,0.0
208,0.23076923076923078,0.0,0.19230769230769232,0.5769230769230769
209,0.1836734693877551,0.0,0.24489795918367346,0.5714285714285714
210,0.0,0.6956521739130435,0.2391304347826087,0.06521739130434782
211,0.42857142857142855,0.3333333333333333,0.0,0.23809523809523808
212,0.0,0.07317073170731707,0.8414634146341463,0.08536585365853659
213,0.22727272727272727,0.5454545454545454,0.0,0.22727272727272727
214,0.0,0.25,0.125,0.625
215,0.35294117647058826,0.0,0.11764705882352941,0.5294117647058824
216,0.0,0.13872832369942195,0.5375722543352601,0.3236994219653179
217,0.0,0.30844155844155846,0.37987012987012986,0.3116883116883117
218,0.17391304347826086,0.6376811594202898,0.18840579710144928,0.0
219,0.28703703703703703,0.16666666666666666,0.5462962962962963,0.0
220,0.22807017543859648,0.0,0.14035087719298245,0.631578947368421
221,0.25,0.0,0.4264705882352941,0.3235294117647059
222,0.0,0.36507936507936506,0.5952380952380952,0.03968253968253968
223,0.0,0.2026431718061674,0.748898678414097,0.048458149779735685
224,0.24489795918367346,0.6020408163265306,0.0,0.15306122448979592
225,0.0,0.21568627450980393,0.7254901960784313,0.058823529411764705
226,0.0,0.21428571428571427,0.6428571428571429,0.14285714285714285
227,0.03669724770642202,0.0,0.045871559633027525,0.9174311926605505
228,0.0,0.11363636363636363,0.2727272727272727,0.6136363636363636
229,0.1076923076923077,0.0,0.2923076923076923,0.6
230,0.39274447949526814,0.3864353312302839,0.0,0.22082018927444794
231,0.06320907617504051,0.0,0.7260940032414911,0.2106969205834684
232,0.125,0.3125,0.5625,0.0
233,0.5044052863436124,0.3392070484581498,0.0,0.15638766519823788
234,0.15602836879432624,0.6879432624113475,0.15602836879432624,0.0
235,0.0,0.2847682119205298,0.052980132450331126,0.6622516556291391
236,0.09523809523809523,0.6428571428571429,0.2619047619047619,0.0
237,0.21875,0.0,0.25,0.53125
238,0.23076923076923078,0.23076923076923078,0.5384615384615384,0.0
239,0.128,0.184,0.688,0.0
240,0.08275862068965517,0.0,0.8689655172413793,0.04827586206896552
241,0.0,0.04,0.56,0.4
242,0.0,0.33783783783783783,0.6351351351351351,0.02702702702702703
243,0.0,0.6153846153846154,0.15384615384615385,0.23076923076923078
244,0.09090909090909091,0.18181818181818182,0.7272727272727273,0.0
245,0.19047619047619047,0.6349206349206349,0.0,0.1746031746031746
246,0.0,0.09574468085106383,0.8829787234042553,0.02127659574468085
247,0.0,0.3178294573643411,0.5736434108527132,0.10852713178294573
248,0.0410958904109589,0.0,0.1415525114155251,0.817351598173516
249,0.0,0.12408759124087591,0.781021897810219,0.0948905109489051
250,0.4646840148698885,0.5092936802973977,0.0,0.026022304832713755
251,0.2012987012987013,0.0,0.12987012987012986,0.6688311688311688
252,0.09090909090909091,0.0,0.22727272727272727,0.6818181818181818
253,0.0,0.0,1.0,0.0
254,0.21951219512195122,0.6585365853658537,0.0,0.12195121951219512
255,0.0,0.3522727272727273,0.625,0.022727272727272728
256,0.27692307692307694,0.6615384615384615,0.0,0.06153846153846154
257,0.0,0.30434782608695654,0.6086956521739131,0.08695652173913043
258,0.19166666666666668,0.7833333333333333,0.0,0.025
259,0.15347721822541965,0.0,0.05755395683453238,0.7889688249400479
260,0.20454545454545456,0.0,0.13636363636363635,0.6590909090909091
261,0.25,0.125,0.0,0.625
262,0.0,0.21052631578947367,0.7368421052631579,0.05263157894736842
263,0.4126984126984127,0.5691609977324263,0.0,0.018140589569160998
264,0.0,1.0,0.0,0.0
265,0.0,0.75,0.25,0.0
266,0.17142857142857143,0.0,0.08571428571428572,0.7428571428571429
267,0.0,0.029411764705882353,0.29411764705882354,0.6764705882352942
268,0.3333333333333333,0.0,0.1111111111111111,0.5555555555555556
269,0.5238095238095238,0.2857142857142857,0.0,0.19047619047619047
270,0.6666666666666666,0.16666666666666666,0.0,0.16666666666666666
271,0.0625,0.0,0.875,0.0625
272,0.0,0.0,0.08,0.92
273,0.6190476190476191,0.272108843537415,0.0,0.10884353741496598
274,0.14285714285714285,0.5142857142857142,0.34285714285714286,0.0
275,0.40476190476190477,0.3601190476190476,0.0,0.23511904761904762
276,0.3333333333333333,0.0,0.6666666666666666,0.0
277,0.0,0.3333333333333333,0.0,0.6666666666666666
278,0.0,0.9823008849557522,0.017699115044247787,0.0
279,0.0,0.7857142857142857,0.21428571428571427,0.0
280,0.0,0.021897810218978103,0.014598540145985401,0.9635036496350365
281,0.005780346820809248,0.0,0.011560693641618497,0.9826589595375722
282,0.14285714285714285,0.14285714285714285,0.7142857142857143,0.0
283,0.29411764705882354,0.11764705882352941,0.0,0.5882352941176471
284,0.0,0.5217391304347826,0.4782608695652174,0.0
285,0.8,0.0,0.0,0.2
286,0.10204081632653061,0.0,0.11224489795918367,0.7857142857142857
287,0.3877551020408163,0.3673469387755102,0.0,0.24489795918367346
288,0.0,0.47692307692307695,0.5076923076923077,0.015384615384615385
289,0.7083333333333334,0.20833333333333334,0.0,0.08333333333333333
290,0.0,0.12727272727272726,0.7818181818181819,0.09090909090909091
291,0.20512820512820512,0.6153846153846154,0.0,0.1794871794871795
292,0.0,0.391304347826087,0.391304347826087,0.21739130434782608
293,0.17647058823529413,0.6470588235294118,0.17647058823529413,0.0
294,0.0,0.0,0.5,0.5
295,0.14285714285714285,0.7142857142857143,0.14285714285714285,0.0
296,0.0,0.0,0.0,1.0
297,0.6666666666666666,0.0,0.3333333333333333,0.0
298,,,,
299,0.25,0.75,0.0,0.0
300,,,,
301,0.0,1.0,0.0,0.0
302,,,,
303,,,,
304,,,,
305,,,,
306,,,,
307,,,,
308,,,,
309,,,,
310,,,,
311,,,,
312,,,,
