,A,C,G,T
0,,,,
1,,,,
2,0.8666666666666667,0.1,0.0,0.03333333333333333
3,0.7142857142857143,0.14285714285714285,0.0,0.14285714285714285
4,0.6170212765957447,0.14893617021276595,0.23404255319148937,0.0
5,0.4583333333333333,0.041666666666666664,0.0,0.5
6,0.04,0.0,0.4,0.56
7,0.0,0.2631578947368421,0.42105263157894735,0.3157894736842105
8,0.636,0.32,0.0,0.044
9,0.008547008547008548,0.0,0.13675213675213677,0.8547008547008547
10,0.0,1.0,0.0,0.0
11,0.875,0.10416666666666667,0.0,0.020833333333333332
12,0.3076923076923077,0.38461538461538464,0.0,0.3076923076923077
13,0.2413793103448276,0.7241379310344828,0.034482758620689655,0.0
14,0.20588235294117646,0.7058823529411765,0.0,0.08823529411764706
15,0.0,0.9649122807017544,0.0,0.03508771929824561
16,0.0,0.6666666666666666,0.0,0.3333333333333333
17,0.7878787878787878,0.09090909090909091,0.0,0.12121212121212122
18,0.3333333333333333,0.16666666666666666,0.5,0.0
19,0.2,0.0,0.0,0.8
20,0.0,0.12643678160919541,0.8735632183908046,0.0
21,0.2,0.2,0.0,0.6
22,0.2,0.0,0.0,0.8
23,0.4,0.13333333333333333,0.0,0.4666666666666667
24,0.2857142857142857,0.0,0.0,0.7142857142857143
25,0.0,0.0,0.0,1.0
26,0.0,0.5833333333333334,0.375,0.041666666666666664
27,0.2222222222222222,0.2222222222222222,0.0,0.5555555555555556
28,0.5,0.3125,0.0,0.1875
29,0.25,0.0,0.3333333333333333,0.4166666666666667
30,0.21428571428571427,0.07142857142857142,0.0,0.7142857142857143
31,0.23076923076923078,0.6153846153846154,0.15384615384615385,0.0
32,0.5714285714285714,0.3333333333333333,0.0,0.09523809523809523
33,0.3333333333333333,0.2222222222222222,0.0,0.4444444444444444
34,0.0,0.9333333333333333,0.06666666666666667,0.0
35,0.35714285714285715,0.0,0.21428571428571427,0.42857142857142855
36,0.7619047619047619,0.0,0.09523809523809523,0.14285714285714285
37,0.0,0.53125,0.34375,0.125
38,0.14285714285714285,0.6428571428571429,0.0,0.21428571428571427
39,0.6666666666666666,0.0,0.0,0.3333333333333333
40,0.4,0.0,0.0,0.6
41,0.047619047619047616,0.23809523809523808,0.7142857142857143,0.0
42,0.0,0.0,0.0,1.0
43,0.6153846153846154,0.15384615384615385,0.0,0.23076923076923078
44,0.15789473684210525,0.13157894736842105,0.0,0.7105263157894737
45,0.0,0.3254437869822485,0.6686390532544378,0.005917159763313609
46,0.7065217391304348,0.2608695652173913,0.0,0.03260869565217391
47,0.47619047619047616,0.19047619047619047,0.0,0.3333333333333333
48,0.18181818181818182,0.7272727272727273,0.09090909090909091,0.0
49,0.8181818181818182,0.0,0.09090909090909091,0.09090909090909091
50,0.125,0.0,0.21875,0.65625
51,0.09090909090909091,0.0,0.7727272727272727,0.13636363636363635
52,0.3333333333333333,0.3333333333333333,0.3333333333333333,0.0
53,0.21782178217821782,0.3564356435643564,0.0,0.42574257425742573
54,0.0,0.7317073170731707,0.21951219512195122,0.04878048780487805
55,0.1951219512195122,0.6341463414634146,0.0,0.17073170731707318
56,0.0,0.4090909090909091,0.3409090909090909,0.25
57,0.42857142857142855,0.0,0.35714285714285715,0.21428571428571427
58,0.0625,0.5,0.4375,0.0
59,0.25,0.0,0.4375,0.3125
60,0.09375,0.4375,0.46875,0.0
61,0.5,0.0,0.0,0.5
62,0.38666666666666666,0.0,0.29333333333333333,0.32
63,0.0,0.0,1.0,0.0
64,0.25,0.0,0.0,0.75
65,0.0,0.8666666666666667,0.13333333333333333,0.0
66,0.6056338028169014,0.04225352112676056,0.0,0.352112676056338
67,0.5153374233128835,0.0,0.11042944785276074,0.37423312883435583
68,0.0,0.2608695652173913,0.6521739130434783,0.08695652173913043
69,0.8,0.03333333333333333,0.0,0.16666666666666666
70,0.0273972602739726,0.0,0.4657534246575342,0.5068493150684932
71,0.2833333333333333,0.0,0.4666666666666667,0.25
72,0.14285714285714285,0.5714285714285714,0.2857142857142857,0.0
73,0.25,0.0,0.25,0.5
74,0.16666666666666666,0.2916666666666667,0.5416666666666666,0.0
75,0.5,0.2857142857142857,0.0,0.21428571428571427
76,0.6206896551724138,0.27586206896551724,0.0,0.10344827586206896
77,0.0,0.6438356164383562,0.2465753424657534,0.1095890410958904
78,0.24,0.36,0.4,0.0
79,0.2,0.3,0.5,0.0
80,0.11428571428571428,0.0,0.05714285714285714,0.8285714285714286
81,0.0,0.5365853658536586,0.3902439024390244,0.07317073170731707
82,0.2608695652173913,0.0,0.4492753623188406,0.2898550724637681
83,0.5185185185185185,0.0,0.2222222222222222,0.25925925925925924
84,0.0,0.8333333333333334,0.16666666666666666,0.0
85,0.0,0.5714285714285714,0.42857142857142855,0.0
86,0.10909090909090909,0.0,0.18181818181818182,0.7090909090909091
87,0.0,0.21818181818181817,0.7181818181818181,0.06363636363636363
88,0.579185520361991,0.38461538461538464,0.0,0.03619909502262444
89,0.10285714285714286,0.5714285714285714,0.32571428571428573,0.0
90,0.0,0.37610619469026546,0.4336283185840708,0.1902654867256637
91,0.5669291338582677,0.38320209973753283,0.0,0.049868766404199474
92,0.1759656652360515,0.0,0.08583690987124463,0.7381974248927039
93,0.14705882352941177,0.7941176470588235,0.058823529411764705,0.0
94,0.0,0.40487804878048783,0.16097560975609757,0.43414634146341463
95,0.07692307692307693,0.6410256410256411,0.28205128205128205,0.0
96,0.39603960396039606,0.46534653465346537,0.0,0.13861386138613863
97,0.18556701030927836,0.0,0.30927835051546393,0.5051546391752577
98,0.391812865497076,0.34502923976608185,0.2631578947368421,0.0
99,0.0,0.37272727272727274,0.13636363636363635,0.4909090909090909
100,0.14285714285714285,0.14285714285714285,0.7142857142857143,0.0
101,0.33070866141732286,0.5039370078740157,0.0,0.16535433070866143
102,0.2222222222222222,0.0,0.2,0.5777777777777777
103,0.0,0.5813953488372093,0.0,0.4186046511627907
104,0.0,0.0,0.08333333333333333,0.9166666666666666
105,0.25,0.75,0.0,0.0
106,0.0,0.25,0.0,0.75
107,0.3333333333333333,0.0,0.0,0.6666666666666666
108,0.5538461538461539,0.16923076923076924,0.0,0.27692307692307694
109,0.0,0.3333333333333333,0.6666666666666666,0.0
110,0.2222222222222222,0.0,0.2222222222222222,0.5555555555555556
111,0.3333333333333333,0.0,0.3333333333333333,0.3333333333333333
112,0.5,0.0,0.0,0.5
113,0.13043478260869565,0.0,0.391304347826087,0.4782608695652174
114,1.0,0.0,0.0,0.0
115,0.0,0.16,0.68,0.16
116,0.5,0.5,0.0,0.0
117,0.6235294117647059,0.11764705882352941,0.0,0.25882352941176473
118,0.0,0.0,0.21739130434782608,0.782608695652174
119,0.013333333333333334,0.8666666666666667,0.12,0.0
120,0.0,0.0,1.0,0.0
121,0.3333333333333333,0.0,0.0,0.6666666666666666
122,0.0,0.3939393939393939,0.3787878787878788,0.22727272727272727
123,0.5,0.25,0.0,0.25
124,0.8,0.0,0.0,0.2
125,0.375,0.0,0.1875,0.4375
126,0.0,0.36363636363636365,0.6233766233766234,0.012987012987012988
127,0.0,0.11904761904761904,0.8809523809523809,0.0
128,0.6666666666666666,0.0,0.0,0.3333333333333333
129,0.18181818181818182,0.2727272727272727,0.0,0.5454545454545454
130,0.2857142857142857,0.0,0.0,0.7142857142857143
131,0.4972677595628415,0.4371584699453552,0.0,0.06557377049180328
132,0.14285714285714285,0.0,0.5,0.35714285714285715
133,0.02631578947368421,0.5263157894736842,0.4473684210526316,0.0
134,0.0,0.1722488038277512,0.18181818181818182,0.645933014354067
135,0.09375,0.875,0.0,0.03125
136,0.0,0.05454545454545454,0.7636363636363637,0.18181818181818182
137,0.5662650602409639,0.26506024096385544,0.0,0.1686746987951807
138,0.03125,0.03125,0.9375,0.0
139,0.16666666666666666,0.16666666666666666,0.0,0.6666666666666666
140,0.15789473684210525,0.3157894736842105,0.0,0.5263157894736842
141,0.18085106382978725,0.5638297872340425,0.0,0.2553191489361702
142,0.0,0.0,1.0,0.0
143,0.1111111111111111,0.5873015873015873,0.0,0.30158730158730157
144,0.5819672131147541,0.02459016393442623,0.0,0.39344262295081966
145,0.5,0.0,0.3333333333333333,0.16666666666666666
146,0.0,0.4024390243902439,0.17073170731707318,0.4268292682926829
147,0.3664383561643836,0.5102739726027398,0.0,0.1232876712328767
148,0.13186813186813187,0.1978021978021978,0.6703296703296703,0.0
149,0.2328767123287671,0.4589041095890411,0.3082191780821918,0.0
150,0.0,0.3026315789473684,0.5263157894736842,0.17105263157894737
151,0.056818181818181816,0.7727272727272727,0.17045454545454544,0.0
152,0.0,0.2708333333333333,0.22916666666666666,0.5
153,0.3793103448275862,0.15517241379310345,0.46551724137931033,0.0
154,0.4090909090909091,0.0,0.22727272727272727,0.36363636363636365
155,0.0,0.3974358974358974,0.3974358974358974,0.20512820512820512
156,0.18584070796460178,0.3407079646017699,0.47345132743362833,0.0
157,0.0,0.42408376963350786,0.13612565445026178,0.4397905759162304
158,0.19696969696969696,0.3181818181818182,0.48484848484848486,0.0
159,0.41304347826086957,0.42391304347826086,0.0,0.16304347826086957
160,0.0,0.6296296296296297,0.18518518518518517,0.18518518518518517
161,0.1111111111111111,0.7407407407407407,0.14814814814814814,0.0
162,0.36,0.12,0.0,0.52
163,0.5882352941176471,0.3137254901960784,0.0,0.09803921568627451
164,0.0,0.26,0.61,0.13
165,0.0,0.10483870967741936,0.5161290322580645,0.3790322580645161
166,0.4524590163934426,0.45901639344262296,0.0,0.08852459016393442
167,0.32142857142857145,0.5119047619047619,0.16666666666666666,0.0
168,0.0,0.1469387755102041,0.7510204081632653,0.10204081632653061
169,0.0,0.38323353293413176,0.24550898203592814,0.3712574850299401
170,0.45622119815668205,0.3456221198156682,0.19815668202764977,0.0
171,0.0,0.33653846153846156,0.6346153846153846,0.028846153846153848
172,0.0,0.5913978494623656,0.14516129032258066,0.26344086021505375
173,0.0,0.33490566037735847,0.5943396226415094,0.07075471698113207
174,0.11904761904761904,0.29365079365079366,0.5873015873015873,0.0
175,0.0,0.13013698630136986,0.06164383561643835,0.8082191780821918
176,0.2420091324200913,0.0,0.0867579908675799,0.6712328767123288
177,0.3333333333333333,0.18181818181818182,0.48484848484848486,0.0
178,0.0,0.5454545454545454,0.06060606060606061,0.3939393939393939
179,0.0374331550802139,0.0,0.06951871657754011,0.893048128342246
180,0.0,0.0,0.6666666666666666,0.3333333333333333
181,0.11320754716981132,0.0,0.4858490566037736,0.4009433962264151
182,0.0,0.29310344827586204,0.43103448275862066,0.27586206896551724
183,0.4444444444444444,0.3333333333333333,0.0,0.2222222222222222
184,0.0,0.5416666666666666,0.4166666666666667,0.041666666666666664
185,0.4358974358974359,0.0,0.3974358974358974,0.16666666666666666
186,0.12195121951219512,0.07317073170731707,0.8048780487804879,0.0
187,0.375,0.0,0.375,0.25
188,0.20833333333333334,0.0,0.0,0.7916666666666666
189,0.20833333333333334,0.3333333333333333,0.0,0.4583333333333333
190,0.07142857142857142,0.2857142857142857,0.6428571428571429,0.0
191,0.2222222222222222,0.25925925925925924,0.0,0.5185185185185185
192,0.0,0.40625,0.5,0.09375
193,0.0,0.040268456375838924,0.9463087248322147,0.013422818791946308
194,0.2777777777777778,0.1111111111111111,0.0,0.6111111111111112
195,0.23529411764705882,0.058823529411764705,0.0,0.7058823529411765
196,0.6666666666666666,0.05555555555555555,0.0,0.2777777777777778
197,0.6666666666666666,0.0,0.13333333333333333,0.2
198,0.5,0.0,0.25,0.25
199,0.3,0.1,0.0,0.6
200,0.0,0.6282051282051282,0.32051282051282054,0.05128205128205128
201,0.0,0.6206896551724138,0.3793103448275862,0.0
202,0.2,0.2,0.6,0.0
203,0.047619047619047616,0.0,0.047619047619047616,0.9047619047619048
204,0.0,0.13793103448275862,0.41379310344827586,0.4482758620689655
205,0.28,0.0,0.3,0.42
206,0.16,0.0,0.32,0.52
207,0.0,0.12121212121212122,0.8686868686868687,0.010101010101010102
208,0.06896551724137931,0.5172413793103449,0.41379310344827586,0.0
209,0.0547945205479452,0.0,0.0410958904109589,0.9041095890410958
210,0.2857142857142857,0.0,0.7142857142857143,0.0
211,0.6,0.0,0.2,0.2
212,0.13793103448275862,0.0,0.06896551724137931,0.7931034482758621
213,0.0,0.5714285714285714,0.14285714285714285,0.2857142857142857
214,0.4666666666666667,0.4,0.0,0.13333333333333333
215,0.0,0.06666666666666667,0.8333333333333334,0.1
216,0.3333333333333333,0.5,0.0,0.16666666666666666
217,0.0,0.5,0.0,0.5
218,0.42857142857142855,0.0,0.35714285714285715,0.21428571428571427
219,0.0,0.08571428571428572,0.9142857142857143,0.0
220,0.0,0.391304347826087,0.5217391304347826,0.08695652173913043
221,0.12295081967213115,0.7786885245901639,0.09836065573770492,0.0
222,0.2463768115942029,0.4927536231884058,0.2608695652173913,0.0
223,0.2727272727272727,0.0,0.13636363636363635,0.5909090909090909
224,0.18181818181818182,0.0,0.6363636363636364,0.18181818181818182
225,0.0,0.36,0.6,0.04
226,0.0,0.18518518518518517,0.7222222222222222,0.09259259259259259
227,0.12244897959183673,0.7551020408163265,0.0,0.12244897959183673
228,0.0,0.10204081632653061,0.7959183673469388,0.10204081632653061
229,0.0,0.20512820512820512,0.7692307692307693,0.02564102564102564
230,0.18032786885245902,0.0,0.12295081967213115,0.6967213114754098
231,0.0,0.047619047619047616,0.14285714285714285,0.8095238095238095
232,0.14583333333333334,0.0,0.052083333333333336,0.8020833333333334
233,0.6021798365122616,0.1771117166212534,0.0,0.22070844686648503
234,0.1552511415525114,0.0,0.4885844748858447,0.3561643835616438
235,0.2222222222222222,0.4444444444444444,0.3333333333333333,0.0
236,0.5815602836879432,0.2907801418439716,0.0,0.1276595744680851
237,0.1044776119402985,0.6119402985074627,0.2835820895522388,0.0
238,0.0,0.49696969696969695,0.030303030303030304,0.4727272727272727
239,0.023809523809523808,0.8095238095238095,0.16666666666666666,0.0
240,0.04081632653061224,0.0,0.061224489795918366,0.8979591836734694
241,0.16666666666666666,0.3333333333333333,0.5,0.0
242,0.601123595505618,0.3202247191011236,0.0,0.07865168539325842
243,0.06818181818181818,0.0,0.9090909090909091,0.022727272727272728
244,0.0,0.08695652173913043,0.6956521739130435,0.21739130434782608
245,0.0,0.5035460992907801,0.48936170212765956,0.0070921985815602835
246,0.0,0.42857142857142855,0.14285714285714285,0.42857142857142855
247,0.16666666666666666,0.0,0.8333333333333334,0.0
248,0.26666666666666666,0.5333333333333333,0.0,0.2
249,0.0,0.05660377358490566,0.8867924528301887,0.05660377358490566
250,0.0,0.16091954022988506,0.735632183908046,0.10344827586206896
251,0.14545454545454545,0.0,0.14545454545454545,0.7090909090909091
252,0.0,0.05952380952380952,0.8809523809523809,0.05952380952380952
253,0.6301369863013698,0.3287671232876712,0.0,0.0410958904109589
254,0.14583333333333334,0.0,0.20833333333333334,0.6458333333333334
255,0.12121212121212122,0.0,0.3333333333333333,0.5454545454545454
256,0.0,0.5,0.5,0.0
257,0.39285714285714285,0.4642857142857143,0.0,0.14285714285714285
258,0.0,0.4827586206896552,0.5172413793103449,0.0
259,0.19540229885057472,0.7471264367816092,0.0,0.05747126436781609
260,0.0,0.3333333333333333,0.5151515151515151,0.15151515151515152
261,0.41116751269035534,0.5,0.0,0.08883248730964467
262,0.18110236220472442,0.0,0.29133858267716534,0.5275590551181102
263,0.3411764705882353,0.11764705882352941,0.5411764705882353,0.0
264,0.9444444444444444,0.0,0.0,0.05555555555555555
265,0.0,0.38461538461538464,0.5384615384615384,0.07692307692307693
266,0.33727810650887574,0.6153846153846154,0.0,0.047337278106508875
267,1.0,0.0,0.0,0.0
268,0.0,0.5,0.5,0.0
269,0.23076923076923078,0.0,0.0,0.7692307692307693
270,0.0,0.0,0.25925925925925924,0.7407407407407407
271,0.02702702702702703,0.0,0.02702702702702703,0.9459459459459459
272,0.46153846153846156,0.3076923076923077,0.0,0.23076923076923078
273,0.5,0.0,0.0,0.5
274,0.022222222222222223,0.0,0.9777777777777777,0.0
275,0.016666666666666666,0.26666666666666666,0.7166666666666667,0.0
276,0.4,0.48292682926829267,0.0,0.11707317073170732
277,0.08,0.68,0.24,0.0
278,0.37799043062200954,0.35645933014354064,0.0,0.26555023923444976
279,0.0,0.25,0.75,0.0
280,0.0,0.0,0.0,1.0
281,0.0,0.9734513274336283,0.02654867256637168,0.0
282,0.25,0.625,0.125,0.0
283,0.0,0.19658119658119658,0.02564102564102564,0.7777777777777778
284,0.07339449541284404,0.0,0.009174311926605505,0.9174311926605505
285,0.18181818181818182,0.18181818181818182,0.6363636363636364,0.0
286,0.6,0.0,0.0,0.4
287,0.0,0.7391304347826086,0.2608695652173913,0.0
288,0.6666666666666666,0.09523809523809523,0.0,0.23809523809523808
289,0.07142857142857142,0.0,0.17142857142857143,0.7571428571428571
290,0.5,0.2916666666666667,0.0,0.20833333333333334
291,0.0,0.7391304347826086,0.2608695652173913,0.0
292,0.8095238095238095,0.09523809523809523,0.0,0.09523809523809523
293,0.0,0.0,0.8,0.2
294,0.5,0.0,0.0,0.5
295,0.0,0.15384615384615385,0.6923076923076923,0.15384615384615385
296,0.0,0.5,0.5,0.0
297,0.14285714285714285,0.0,0.14285714285714285,0.7142857142857143
298,0.6666666666666666,0.0,0.3333333333333333,0.0
299,0.5,0.0,0.0,0.5
300,,,,
301,1.0,0.0,0.0,0.0
302,0.0,0.0,0.0,1.0
303,0.0,0.0,1.0,0.0
304,,,,
305,,,,
306,,,,
307,,,,
308,,,,
309,,,,
310,,,,
311,,,,
312,,,,
313,,,,
314,,,,
315,,,,
