,A,C,G,T
0,,,,
1,,,,
2,0.3333333333333333,0.6666666666666666,0.0,0.0
3,1.0,0.0,0.0,0.0
4,0.5,0.5,0.0,0.0
5,0.5,0.5,0.0,0.0
6,0.0,0.0,0.6666666666666666,0.3333333333333333
7,0.0,0.4,0.4,0.2
8,0.782608695652174,0.21739130434782608,0.0,0.0
9,0.12,0.0,0.0,0.88
10,,,,
11,0.7777777777777778,0.2222222222222222,0.0,0.0
12,0.25,0.75,0.0,0.0
13,0.75,0.25,0.0,0.0
14,0.46153846153846156,0.5384615384615384,0.0,0.0
15,0.0,0.0,0.0,1.0
16,,,,
17,0.9230769230769231,0.07692307692307693,0.0,0.0
18,,,,
19,1.0,0.0,0.0,0.0
20,0.0,0.5,0.5,0.0
21,1.0,0.0,0.0,0.0
22,1.0,0.0,0.0,0.0
23,0.0,1.0,0.0,0.0
24,0.0,0.9285714285714286,0.0,0.07142857142857142
25,,,,
26,0.16666666666666666,0.5,0.3333333333333333,0.0
27,0.0,0.0,0.0,1.0
28,0.0,0.6666666666666666,0.0,0.3333333333333333
29,0.8888888888888888,0.1111111111111111,0.0,0.0
30,0.5,0.3333333333333333,0.0,0.16666666666666666
31,0.0,0.0,1.0,0.0
32,0.5,0.0,0.0,0.5
33,0.0,0.4,0.6,0.0
34,0.0,0.0,0.95,0.05
35,0.0,0.5,0.0,0.5
36,0.0,0.36363636363636365,0.6363636363636364,0.0
37,0.0,0.0,0.75,0.25
38,0.9411764705882353,0.0,0.0,0.058823529411764705
39,1.0,0.0,0.0,0.0
40,,,,
41,0.25,0.75,0.0,0.0
42,,,,
43,0.0,1.0,0.0,0.0
44,1.0,0.0,0.0,0.0
45,0.16666666666666666,0.0,0.0,0.8333333333333334
46,,,,
47,0.25,0.0,0.25,0.5
48,0.0,0.0,1.0,0.0
49,,,,
50,0.0,0.0,0.6666666666666666,0.3333333333333333
51,,,,
52,,,,
53,0.0,0.0,0.0,1.0
54,0.0,0.3333333333333333,0.6666666666666666,0.0
55,0.0,0.12,0.8,0.08
56,0.7142857142857143,0.14285714285714285,0.0,0.14285714285714285
57,0.16666666666666666,0.5,0.0,0.3333333333333333
58,,,,
59,0.0,0.0,0.3076923076923077,0.6923076923076923
60,,,,
61,,,,
62,0.6666666666666666,0.0,0.0,0.3333333333333333
63,0.0,0.0,1.0,0.0
64,,,,
65,0.0,0.0,0.0,1.0
66,0.0,1.0,0.0,0.0
67,0.0,0.6,0.4,0.0
68,1.0,0.0,0.0,0.0
69,1.0,0.0,0.0,0.0
70,0.0,0.0,0.16666666666666666,0.8333333333333334
71,0.12,0.32,0.56,0.0
72,0.0,0.5,0.5,0.0
73,0.0,0.0,0.0,1.0
74,0.1111111111111111,0.7777777777777778,0.1111111111111111,0.0
75,,,,
76,1.0,0.0,0.0,0.0
77,0.0,0.6363636363636364,0.2727272727272727,0.09090909090909091
78,0.14285714285714285,0.0,0.8571428571428571,0.0
79,0.0,0.0,0.8333333333333334,0.16666666666666666
80,0.0,0.0,0.08333333333333333,0.9166666666666666
81,0.0,0.3333333333333333,0.5,0.16666666666666666
82,0.5384615384615384,0.34615384615384615,0.11538461538461539,0.0
83,0.2857142857142857,0.0,0.4857142857142857,0.22857142857142856
84,0.0,0.5,0.5,0.0
85,0.0,0.0,1.0,0.0
86,0.0,0.0,0.8461538461538461,0.15384615384615385
87,0.0,0.18518518518518517,0.6666666666666666,0.14814814814814814
88,0.30434782608695654,0.0,0.5217391304347826,0.17391304347826086
89,0.375,0.0,0.625,0.0
90,0.6666666666666666,0.16666666666666666,0.0,0.16666666666666666
91,0.0,0.8461538461538461,0.15384615384615385,0.0
92,0.4,0.0,0.2,0.4
93,0.14285714285714285,0.8571428571428571,0.0,0.0
94,0.0,0.2857142857142857,0.2857142857142857,0.42857142857142855
95,0.0,0.0,0.045454545454545456,0.9545454545454546
96,0.07692307692307693,0.5384615384615384,0.38461538461538464,0.0
97,0.0,0.2,0.08,0.72
98,0.3333333333333333,0.6666666666666666,0.0,0.0
99,0.0,0.3157894736842105,0.42105263157894735,0.2631578947368421
100,,,,
101,0.5238095238095238,0.3333333333333333,0.0,0.14285714285714285
102,0.5714285714285714,0.0,0.0,0.42857142857142855
103,0.0,0.0,1.0,0.0
104,0.15384615384615385,0.0,0.0,0.8461538461538461
105,,,,
106,1.0,0.0,0.0,0.0
107,,,,
108,0.8846153846153846,0.11538461538461539,0.0,0.0
109,,,,
110,0.6666666666666666,0.16666666666666666,0.0,0.16666666666666666
111,,,,
112,,,,
113,0.0,0.08333333333333333,0.9166666666666666,0.0
114,0.0,0.0,1.0,0.0
115,0.0,0.16666666666666666,0.0,0.8333333333333334
116,1.0,0.0,0.0,0.0
117,0.7777777777777778,0.0,0.0,0.2222222222222222
118,0.0,0.0,0.3333333333333333,0.6666666666666666
119,0.0,0.0,0.125,0.875
120,0.5,0.0,0.5,0.0
121,0.0,0.0,1.0,0.0
122,0.0,1.0,0.0,0.0
123,1.0,0.0,0.0,0.0
124,0.0,0.0,0.0,1.0
125,0.0,0.047619047619047616,0.9523809523809523,0.0
126,0.75,0.0,0.25,0.0
127,0.0,0.0,1.0,0.0
128,0.0,0.0,0.9166666666666666,0.08333333333333333
129,,,,
130,0.0,0.017857142857142856,0.9642857142857143,0.017857142857142856
131,0.36666666666666664,0.4,0.0,0.23333333333333334
132,0.0,0.0,0.0,1.0
133,0.0,0.75,0.25,0.0
134,0.0,1.0,0.0,0.0
135,0.0,1.0,0.0,0.0
136,0.9824561403508771,0.017543859649122806,0.0,0.0
137,0.875,0.125,0.0,0.0
138,,,,
139,0.0,0.5,0.0,0.5
140,0.0,1.0,0.0,0.0
141,0.0,0.5483870967741935,0.3870967741935484,0.06451612903225806
142,0.0,0.0,1.0,0.0
143,0.5,0.5,0.0,0.0
144,,,,
145,0.0,1.0,0.0,0.0
146,0.0,0.0625,0.5,0.4375
147,0.2608695652173913,0.0,0.1956521739130435,0.5434782608695652
148,0.5,0.0,0.0,0.5
149,0.3333333333333333,0.6,0.0,0.06666666666666667
150,0.0,0.18181818181818182,0.6363636363636364,0.18181818181818182
151,0.25,0.5,0.25,0.0
152,0.14285714285714285,0.0,0.2857142857142857,0.5714285714285714
153,0.0,0.2222222222222222,0.5555555555555556,0.2222222222222222
154,0.0,0.0,0.375,0.625
155,0.14285714285714285,0.0,0.0,0.8571428571428571
156,0.1111111111111111,0.0,0.6666666666666666,0.2222222222222222
157,0.3333333333333333,0.0,0.3333333333333333,0.3333333333333333
158,0.125,0.625,0.25,0.0
159,0.0,0.3333333333333333,0.3333333333333333,0.3333333333333333
160,0.0,0.07142857142857142,0.6428571428571429,0.2857142857142857
161,0.3448275862068966,0.0,0.41379310344827586,0.2413793103448276
162,0.0,0.07692307692307693,0.6153846153846154,0.3076923076923077
163,0.2647058823529412,0.6764705882352942,0.0,0.058823529411764705
164,0.08333333333333333,0.5833333333333334,0.3333333333333333,0.0
165,0.4,0.5,0.0,0.1
166,0.16666666666666666,0.6666666666666666,0.0,0.16666666666666666
167,0.20833333333333334,0.5,0.2916666666666667,0.0
168,0.2727272727272727,0.2727272727272727,0.0,0.45454545454545453
169,0.75,0.07142857142857142,0.0,0.17857142857142858
170,0.14285714285714285,0.0,0.7142857142857143,0.14285714285714285
171,0.0,0.0,0.6,0.4
172,0.25,0.0,0.0,0.75
173,0.0,0.05,0.8,0.15
174,0.0,0.3076923076923077,0.6153846153846154,0.07692307692307693
175,0.0,0.07407407407407407,0.5555555555555556,0.37037037037037035
176,0.125,0.0,0.5833333333333334,0.2916666666666667
177,0.125,0.8125,0.0625,0.0
178,0.0,0.75,0.0,0.25
179,0.0,1.0,0.0,0.0
180,0.25,0.0,0.0,0.75
181,0.16666666666666666,0.0,0.6666666666666666,0.16666666666666666
182,0.0,0.23076923076923078,0.6923076923076923,0.07692307692307693
183,0.0,0.0,1.0,0.0
184,0.0,0.8,0.16,0.04
185,0.5714285714285714,0.2857142857142857,0.0,0.14285714285714285
186,0.0,0.46153846153846156,0.5384615384615384,0.0
187,0.0,0.13793103448275862,0.6206896551724138,0.2413793103448276
188,0.7073170731707317,0.14634146341463414,0.0,0.14634146341463414
189,0.0,0.5,0.5,0.0
190,0.875,0.125,0.0,0.0
191,0.0,0.9230769230769231,0.07692307692307693,0.0
192,0.1875,0.0,0.4375,0.375
193,0.0,0.0,0.38461538461538464,0.6153846153846154
194,0.3333333333333333,0.6666666666666666,0.0,0.0
195,0.5,0.0,0.0,0.5
196,0.6153846153846154,0.23076923076923078,0.0,0.15384615384615385
197,0.4,0.0,0.4,0.2
198,0.0,1.0,0.0,0.0
199,,,,
200,0.0,0.05,0.9,0.05
201,0.3,0.35,0.0,0.35
202,,,,
203,0.16666666666666666,0.0,0.5833333333333334,0.25
204,0.0,0.0,0.14285714285714285,0.8571428571428571
205,0.0,0.0,0.2857142857142857,0.7142857142857143
206,0.25,0.0,0.5,0.25
207,0.0,0.20512820512820512,0.2564102564102564,0.5384615384615384
208,,,,
209,0.0,0.42857142857142855,0.0,0.5714285714285714
210,0.0,0.1,0.4,0.5
211,1.0,0.0,0.0,0.0
212,1.0,0.0,0.0,0.0
213,0.0,0.6111111111111112,0.3333333333333333,0.05555555555555555
214,0.0,0.8571428571428571,0.0,0.14285714285714285
215,0.2222222222222222,0.2777777777777778,0.0,0.5
216,1.0,0.0,0.0,0.0
217,0.0,0.3333333333333333,0.3333333333333333,0.3333333333333333
218,0.5,0.0,0.0,0.5
219,0.0,0.0,0.6666666666666666,0.3333333333333333
220,0.3333333333333333,0.0,0.0,0.6666666666666666
221,0.5555555555555556,0.4444444444444444,0.0,0.0
222,0.0,0.0,1.0,0.0
223,,,,
224,0.125,0.0,0.5,0.375
225,0.0,0.8181818181818182,0.18181818181818182,0.0
226,0.23529411764705882,0.7647058823529411,0.0,0.0
227,0.08695652173913043,0.0,0.782608695652174,0.13043478260869565
228,0.0,0.0,0.4444444444444444,0.5555555555555556
229,0.37142857142857144,0.6285714285714286,0.0,0.0
230,0.0625,0.0,0.5,0.4375
231,0.0,0.0,0.2222222222222222,0.7777777777777778
232,0.0,0.0,0.0,1.0
233,0.0,0.07142857142857142,0.9285714285714286,0.0
234,0.2,0.7,0.0,0.1
235,0.0,0.0,0.023809523809523808,0.9761904761904762
236,0.13793103448275862,0.0,0.5172413793103449,0.3448275862068966
237,0.0,1.0,0.0,0.0
238,0.0,0.25,0.0,0.75
239,0.0,0.0,0.0,1.0
240,0.0,0.6666666666666666,0.0,0.3333333333333333
241,,,,
242,0.0,0.5,0.0,0.5
243,0.4,0.6,0.0,0.0
244,0.0,0.4,0.4,0.2
245,0.8478260869565217,0.15217391304347827,0.0,0.0
246,0.38235294117647056,0.0,0.058823529411764705,0.5588235294117647
247,,,,
248,0.75,0.0,0.0,0.25
249,0.0,0.14285714285714285,0.8571428571428571,0.0
250,0.29411764705882354,0.7058823529411765,0.0,0.0
251,0.25,0.0,0.125,0.625
252,0.0,0.047619047619047616,0.6666666666666666,0.2857142857142857
253,0.9230769230769231,0.0,0.0,0.07692307692307693
254,0.18181818181818182,0.0,0.09090909090909091,0.7272727272727273
255,0.05555555555555555,0.0,0.0,0.9444444444444444
256,0.0,0.0,1.0,0.0
257,0.38461538461538464,0.6153846153846154,0.0,0.0
258,0.0,0.9285714285714286,0.07142857142857142,0.0
259,0.12121212121212122,0.696969696969697,0.0,0.18181818181818182
260,0.0,0.7857142857142857,0.21428571428571427,0.0
261,0.6363636363636364,0.36363636363636365,0.0,0.0
262,0.1,0.0,0.6,0.3
263,0.9090909090909091,0.09090909090909091,0.0,0.0
264,1.0,0.0,0.0,0.0
265,0.0,1.0,0.0,0.0
266,0.2,0.72,0.0,0.08
267,,,,
268,,,,
269,0.0,0.0,1.0,0.0
270,0.0,0.0,1.0,0.0
271,0.25,0.0,0.0,0.75
272,0.0,1.0,0.0,0.0
273,,,,
274,0.0,0.0,1.0,0.0
275,0.0,0.0,0.0,1.0
276,0.0,0.38461538461538464,0.38461538461538464,0.23076923076923078
277,0.037037037037037035,0.0,0.0,0.9629629629629629
278,0.5084745762711864,0.13559322033898305,0.0,0.3559322033898305
279,0.0,0.0,1.0,0.0
280,,,,
281,0.0,1.0,0.0,0.0
282,0.0,1.0,0.0,0.0
283,0.0,0.0,0.0,1.0
284,0.0,0.0,0.0,1.0
285,,,,
286,,,,
287,0.0,1.0,0.0,0.0
288,0.0,0.0,0.0,1.0
289,0.25,0.0,0.0,0.75
290,,,,
291,0.0,0.8333333333333334,0.16666666666666666,0.0
292,1.0,0.0,0.0,0.0
293,0.0,0.2,0.8,0.0
294,0.5,0.5,0.0,0.0
295,0.0,0.0,1.0,0.0
296,,,,
297,,,,
298,,,,
299,,,,
300,,,,
301,,,,
302,,,,
303,,,,
304,,,,
305,,,,
306,,,,
307,,,,
308,,,,
309,,,,
310,,,,
311,,,,
312,,,,
313,,,,
314,,,,
315,,,,
