,A,C,G,T
0,,,,
1,,,,
2,1.0,0.0,0.0,0.0
3,0.3333333333333333,0.6666666666666666,0.0,0.0
4,0.2857142857142857,0.5714285714285714,0.14285714285714285,0.0
5,0.6666666666666666,0.16666666666666666,0.0,0.16666666666666666
6,,,,
7,0.0,0.5555555555555556,0.4444444444444444,0.0
8,0.3157894736842105,0.631578947368421,0.0,0.05263157894736842
9,0.34782608695652173,0.0,0.0,0.6521739130434783
10,,,,
11,0.0,0.6666666666666666,0.0,0.3333333333333333
12,0.0,1.0,0.0,0.0
13,,,,
14,0.0,0.0,0.0,1.0
15,0.3333333333333333,0.6666666666666666,0.0,0.0
16,0.0,1.0,0.0,0.0
17,0.5,0.5,0.0,0.0
18,0.0,0.5,0.5,0.0
19,,,,
20,0.0,0.0,1.0,0.0
21,0.5,0.0,0.0,0.5
22,0.0,0.0,0.0,1.0
23,0.16666666666666666,0.6666666666666666,0.0,0.16666666666666666
24,0.0,0.0,0.0,1.0
25,0.5,0.5,0.0,0.0
26,0.045454545454545456,0.8181818181818182,0.0,0.13636363636363635
27,0.3333333333333333,0.6666666666666666,0.0,0.0
28,1.0,0.0,0.0,0.0
29,0.0,0.0,0.25,0.75
30,0.7142857142857143,0.0,0.0,0.2857142857142857
31,0.0,0.5,0.5,0.0
32,0.0,0.5,0.0,0.5
33,,,,
34,0.0,1.0,0.0,0.0
35,0.0,0.0,0.0,1.0
36,,,,
37,0.0,0.0,1.0,0.0
38,1.0,0.0,0.0,0.0
39,,,,
40,0.0,0.0,1.0,0.0
41,0.0,0.0,1.0,0.0
42,0.0,0.0,0.0,1.0
43,0.0,0.0,0.0,1.0
44,0.7142857142857143,0.0,0.0,0.2857142857142857
45,0.0,0.5714285714285714,0.42857142857142855,0.0
46,0.5217391304347826,0.34782608695652173,0.0,0.13043478260869565
47,0.0,0.0,0.0,1.0
48,0.0,0.5,0.5,0.0
49,0.0,0.0,0.0,1.0
50,0.16666666666666666,0.0,0.5,0.3333333333333333
51,0.0,0.0,0.25,0.75
52,0.0,0.5,0.5,0.0
53,0.3333333333333333,0.3333333333333333,0.0,0.3333333333333333
54,0.0,0.2,0.6,0.2
55,0.25,0.5,0.0,0.25
56,0.0,0.2222222222222222,0.6666666666666666,0.1111111111111111
57,0.6666666666666666,0.0,0.0,0.3333333333333333
58,0.0,0.0,1.0,0.0
59,0.0,0.0,0.6,0.4
60,0.3333333333333333,0.3333333333333333,0.3333333333333333,0.0
61,0.5,0.0,0.0,0.5
62,0.09090909090909091,0.0,0.18181818181818182,0.7272727272727273
63,0.0,0.0,1.0,0.0
64,0.0,0.0,0.0,1.0
65,0.0,0.6666666666666666,0.3333333333333333,0.0
66,0.7777777777777778,0.1111111111111111,0.0,0.1111111111111111
67,0.3076923076923077,0.0,0.38461538461538464,0.3076923076923077
68,0.0,0.3333333333333333,0.08333333333333333,0.5833333333333334
69,0.0,0.0,0.0,1.0
70,0.0,0.0,0.125,0.875
71,0.14285714285714285,0.7142857142857143,0.0,0.14285714285714285
72,0.0,0.5,0.5,0.0
73,,,,
74,0.14285714285714285,0.42857142857142855,0.42857142857142855,0.0
75,0.0,0.0,0.0,1.0
76,0.0,1.0,0.0,0.0
77,0.0,0.25,0.5833333333333334,0.16666666666666666
78,0.0,0.0,1.0,0.0
79,0.25,0.5,0.25,0.0
80,0.14285714285714285,0.0,0.2857142857142857,0.5714285714285714
81,0.0,0.5,0.16666666666666666,0.3333333333333333
82,0.10526315789473684,0.0,0.3684210526315789,0.5263157894736842
83,0.375,0.0,0.375,0.25
84,0.0,1.0,0.0,0.0
85,0.0,1.0,0.0,0.0
86,1.0,0.0,0.0,0.0
87,0.0,0.4,0.2,0.4
88,0.8,0.1,0.0,0.1
89,0.058823529411764705,0.5294117647058824,0.4117647058823529,0.0
90,0.0,0.3333333333333333,0.3333333333333333,0.3333333333333333
91,0.5185185185185185,0.3333333333333333,0.0,0.14814814814814814
92,0.17857142857142858,0.0,0.17857142857142858,0.6428571428571429
93,0.2857142857142857,0.5714285714285714,0.14285714285714285,0.0
94,0.0,0.35294117647058826,0.11764705882352941,0.5294117647058824
95,0.0,0.5,0.5,0.0
96,0.16666666666666666,0.5,0.0,0.3333333333333333
97,0.4166666666666667,0.08333333333333333,0.0,0.5
98,0.5,0.0,0.16666666666666666,0.3333333333333333
99,0.0,0.5,0.0,0.5
100,0.0,1.0,0.0,0.0
101,0.6666666666666666,0.0,0.0,0.3333333333333333
102,0.09090909090909091,0.0,0.36363636363636365,0.5454545454545454
103,0.0,1.0,0.0,0.0
104,0.0,0.0,0.4,0.6
105,,,,
106,1.0,0.0,0.0,0.0
107,,,,
108,0.3333333333333333,0.3333333333333333,0.0,0.3333333333333333
109,0.3333333333333333,0.6666666666666666,0.0,0.0
110,0.0,0.0,0.0,1.0
111,,,,
112,0.0,1.0,0.0,0.0
113,0.0,0.0,0.75,0.25
114,,,,
115,0.0,1.0,0.0,0.0
116,0.5,0.0,0.0,0.5
117,0.6666666666666666,0.3333333333333333,0.0,0.0
118,0.5,0.0,0.0,0.5
119,0.2,0.6,0.2,0.0
120,,,,
121,,,,
122,0.0,0.0,1.0,0.0
123,0.0,0.0,0.0,1.0
124,,,,
125,0.5,0.0,0.5,0.0
126,0.0,0.75,0.25,0.0
127,0.0,0.0,0.8,0.2
128,1.0,0.0,0.0,0.0
129,1.0,0.0,0.0,0.0
130,,,,
131,0.5555555555555556,0.2222222222222222,0.0,0.2222222222222222
132,0.6666666666666666,0.0,0.3333333333333333,0.0
133,0.0,0.6666666666666666,0.3333333333333333,0.0
134,0.0,0.11428571428571428,0.8,0.08571428571428572
135,0.0,0.5,0.0,0.5
136,0.0,0.0,0.42857142857142855,0.5714285714285714
137,0.75,0.0,0.0,0.25
138,0.0,0.0,1.0,0.0
139,0.0,0.0,0.0,1.0
140,1.0,0.0,0.0,0.0
141,0.0,0.75,0.0,0.25
142,0.0,0.6666666666666666,0.3333333333333333,0.0
143,0.0,0.6666666666666666,0.0,0.3333333333333333
144,0.09090909090909091,0.0,0.0,0.9090909090909091
145,1.0,0.0,0.0,0.0
146,0.0,0.2857142857142857,0.42857142857142855,0.2857142857142857
147,0.1875,0.375,0.0,0.4375
148,0.15384615384615385,0.7692307692307693,0.07692307692307693,0.0
149,0.10526315789473684,0.631578947368421,0.2631578947368421,0.0
150,0.0,0.46153846153846156,0.07692307692307693,0.46153846153846156
151,0.0,0.0,1.0,0.0
152,0.0,0.0,0.23333333333333334,0.7666666666666667
153,0.5,0.25,0.25,0.0
154,0.625,0.0,0.1875,0.1875
155,0.0,0.25,0.4166666666666667,0.3333333333333333
156,0.14285714285714285,0.5,0.35714285714285715,0.0
157,0.0,0.6111111111111112,0.16666666666666666,0.2222222222222222
158,0.0,0.4,0.6,0.0
159,0.3333333333333333,0.6666666666666666,0.0,0.0
160,0.0,0.0,1.0,0.0
161,0.0,1.0,0.0,0.0
162,1.0,0.0,0.0,0.0
163,0.7142857142857143,0.14285714285714285,0.0,0.14285714285714285
164,0.0,1.0,0.0,0.0
165,0.0,0.375,0.375,0.25
166,0.6086956521739131,0.30434782608695654,0.0,0.08695652173913043
167,0.7222222222222222,0.05555555555555555,0.2222222222222222,0.0
168,0.0,0.26666666666666666,0.7333333333333333,0.0
169,0.0,0.7058823529411765,0.058823529411764705,0.23529411764705882
170,0.5882352941176471,0.17647058823529413,0.23529411764705882,0.0
171,0.0,0.5454545454545454,0.2727272727272727,0.18181818181818182
172,0.0,0.4444444444444444,0.3888888888888889,0.16666666666666666
173,0.0,0.3,0.7,0.0
174,0.125,0.4166666666666667,0.4583333333333333,0.0
175,0.0,0.0,0.4,0.6
176,0.13636363636363635,0.0,0.045454545454545456,0.8181818181818182
177,0.0,0.125,0.875,0.0
178,0.0,0.25,0.25,0.5
179,0.06666666666666667,0.0,0.4666666666666667,0.4666666666666667
180,0.4166666666666667,0.0,0.0,0.5833333333333334
181,0.14285714285714285,0.0,0.5714285714285714,0.2857142857142857
182,0.0,0.0,0.8333333333333334,0.16666666666666666
183,0.5,0.5,0.0,0.0
184,0.0,0.4,0.6,0.0
185,0.1,0.0,0.5,0.4
186,0.0,0.0,1.0,0.0
187,0.3333333333333333,0.0,0.0,0.6666666666666666
188,0.2857142857142857,0.0,0.42857142857142855,0.2857142857142857
189,0.0,0.0,0.0,1.0
190,0.0,0.0,1.0,0.0
191,0.0,0.0,0.0,1.0
192,0.0,0.8,0.2,0.0
193,0.0,0.1111111111111111,0.8888888888888888,0.0
194,,,,
195,1.0,0.0,0.0,0.0
196,0.75,0.25,0.0,0.0
197,0.0,0.0,0.7142857142857143,0.2857142857142857
198,,,,
199,1.0,0.0,0.0,0.0
200,0.0,0.47058823529411764,0.5294117647058824,0.0
201,,,,
202,,,,
203,0.6666666666666666,0.0,0.0,0.3333333333333333
204,0.0,0.0,0.6666666666666666,0.3333333333333333
205,0.0,0.0,0.3333333333333333,0.6666666666666666
206,0.0,0.0,0.0,1.0
207,0.0,0.07692307692307693,0.7692307692307693,0.15384615384615385
208,0.0,0.0,1.0,0.0
209,0.5,0.0,0.5,0.0
210,0.5,0.0,0.5,0.0
211,,,,
212,0.0,0.0,1.0,0.0
213,0.0,1.0,0.0,0.0
214,1.0,0.0,0.0,0.0
215,0.0,0.0,1.0,0.0
216,,,,
217,,,,
218,0.0,0.0,0.5,0.5
219,0.0,0.0,1.0,0.0
220,0.0,0.8,0.2,0.0
221,0.0,1.0,0.0,0.0
222,0.0,0.5555555555555556,0.4444444444444444,0.0
223,0.3333333333333333,0.0,0.3333333333333333,0.3333333333333333
224,0.3333333333333333,0.0,0.6666666666666666,0.0
225,0.0,0.3333333333333333,0.6666666666666666,0.0
226,0.0,0.0,0.8,0.2
227,0.5,0.25,0.0,0.25
228,0.0,0.0,1.0,0.0
229,0.0,0.5,0.5,0.0
230,0.0,0.0,0.07692307692307693,0.9230769230769231
231,0.0,0.0,0.8888888888888888,0.1111111111111111
232,0.0,0.0,0.23076923076923078,0.7692307692307693
233,0.3076923076923077,0.19230769230769232,0.0,0.5
234,0.07692307692307693,0.0,0.23076923076923078,0.6923076923076923
235,1.0,0.0,0.0,0.0
236,0.05263157894736842,0.5263157894736842,0.0,0.42105263157894735
237,0.0,0.5,0.5,0.0
238,0.0,0.5714285714285714,0.0,0.42857142857142855
239,0.0,1.0,0.0,0.0
240,0.2857142857142857,0.0,0.0,0.7142857142857143
241,0.0,0.5,0.5,0.0
242,0.25,0.5,0.0,0.25
243,0.0,0.0,1.0,0.0
244,,,,
245,0.0,0.7272727272727273,0.18181818181818182,0.09090909090909091
246,0.0,0.75,0.0,0.25
247,,,,
248,,,,
249,0.0,0.25,0.75,0.0
250,0.0,0.8571428571428571,0.14285714285714285,0.0
251,0.3333333333333333,0.0,0.0,0.6666666666666666
252,0.0,0.25,0.5,0.25
253,0.6666666666666666,0.1111111111111111,0.0,0.2222222222222222
254,0.058823529411764705,0.0,0.0,0.9411764705882353
255,0.0,0.0,0.42857142857142855,0.5714285714285714
256,0.0,0.8333333333333334,0.16666666666666666,0.0
257,0.0,0.6666666666666666,0.0,0.3333333333333333
258,0.0,0.75,0.25,0.0
259,0.0,1.0,0.0,0.0
260,0.0,0.6666666666666666,0.3333333333333333,0.0
261,0.0,0.8571428571428571,0.0,0.14285714285714285
262,0.0,0.0,0.05263157894736842,0.9473684210526315
263,1.0,0.0,0.0,0.0
264,,,,
265,0.0,1.0,0.0,0.0
266,0.2222222222222222,0.7777777777777778,0.0,0.0
267,,,,
268,,,,
269,0.0,0.0,0.0,1.0
270,0.0,0.0,0.0,1.0
271,,,,
272,1.0,0.0,0.0,0.0
273,,,,
274,0.0,0.0,1.0,0.0
275,0.1111111111111111,0.3333333333333333,0.5555555555555556,0.0
276,0.6875,0.0,0.0,0.3125
277,0.0,0.75,0.25,0.0
278,0.34210526315789475,0.34210526315789475,0.0,0.3157894736842105
279,,,,
280,0.0,0.0,0.0,1.0
281,0.0,1.0,0.0,0.0
282,,,,
283,0.0,0.0,0.0,1.0
284,0.0,0.0,0.0,1.0
285,,,,
286,,,,
287,0.0,0.6666666666666666,0.3333333333333333,0.0
288,1.0,0.0,0.0,0.0
289,0.0,0.0,0.0,1.0
290,0.0,1.0,0.0,0.0
291,0.0,0.8333333333333334,0.16666666666666666,0.0
292,1.0,0.0,0.0,0.0
293,,,,
294,,,,
295,,,,
296,,,,
297,1.0,0.0,0.0,0.0
298,0.0,0.0,1.0,0.0
299,,,,
300,,,,
301,,,,
302,,,,
303,,,,
304,,,,
305,,,,
306,,,,
307,,,,
308,,,,
309,,,,
310,,,,
311,,,,
312,,,,
313,,,,
314,,,,
315,,,,
