,A,C,G,T
0,,,,
1,,,,
2,0.7894736842105263,0.07017543859649122,0.0,0.14035087719298245
3,0.3790849673202614,0.5228758169934641,0.0,0.09803921568627451
4,0.5642458100558659,0.30726256983240224,0.12849162011173185,0.0
5,0.5369649805447471,0.25680933852140075,0.0,0.20622568093385213
6,0.45287958115183247,0.0,0.31675392670157065,0.23036649214659685
7,0.0,0.11591355599214145,0.5363457760314342,0.3477406679764244
8,0.5881435257410297,0.3391575663026521,0.0,0.07269890795631825
9,0.07302231237322515,0.0,0.1389452332657201,0.7880324543610547
10,0.14285714285714285,0.6122448979591837,0.24489795918367346,0.0
11,0.5286783042394015,0.22194513715710723,0.0,0.24937655860349128
12,0.529126213592233,0.3155339805825243,0.0,0.1553398058252427
13,0.4004282655246253,0.5396145610278372,0.059957173447537475,0.0
14,0.45481927710843373,0.12349397590361445,0.0,0.42168674698795183
15,0.04011461318051576,0.830945558739255,0.0,0.12893982808022922
16,0.0,0.6802030456852792,0.17258883248730963,0.14720812182741116
17,0.7893864013266998,0.12437810945273632,0.0,0.08623548922056384
18,0.34285714285714286,0.2761904761904762,0.38095238095238093,0.0
19,0.3707865168539326,0.0,0.21348314606741572,0.4157303370786517
20,0.0851063829787234,0.11992263056092843,0.7949709864603481,0.0
21,0.2916666666666667,0.16666666666666666,0.0,0.5416666666666666
22,0.17204301075268819,0.23655913978494625,0.0,0.5913978494623656
23,0.2768361581920904,0.288135593220339,0.0,0.4350282485875706
24,0.17204301075268819,0.13978494623655913,0.0,0.6881720430107527
25,0.15853658536585366,0.1951219512195122,0.0,0.6463414634146342
26,0.0,0.5614973262032086,0.3074866310160428,0.13101604278074866
27,0.5221238938053098,0.30973451327433627,0.0,0.168141592920354
28,0.5635910224438903,0.30673316708229426,0.0,0.12967581047381546
29,0.3048780487804878,0.0,0.15040650406504066,0.5447154471544715
30,0.3712121212121212,0.32323232323232326,0.0,0.3055555555555556
31,0.18018018018018017,0.6096096096096096,0.21021021021021022,0.0
32,0.5223529411764706,0.2541176470588235,0.0,0.2235294117647059
33,0.5310344827586206,0.15172413793103448,0.0,0.31724137931034485
34,0.020942408376963352,0.7696335078534031,0.2094240837696335,0.0
35,0.13147410358565736,0.0,0.7091633466135459,0.1593625498007968
36,0.4076086956521739,0.0,0.40217391304347827,0.19021739130434784
37,0.0,0.3228200371057514,0.5807050092764379,0.09647495361781076
38,0.47802197802197804,0.34615384615384615,0.0,0.17582417582417584
39,0.20384615384615384,0.0,0.2230769230769231,0.573076923076923
40,0.4,0.0,0.15555555555555556,0.4444444444444444
41,0.16297262059973924,0.16558018252933507,0.6714471968709257,0.0
42,0.12222222222222222,0.34444444444444444,0.0,0.5333333333333333
43,0.4810126582278481,0.26582278481012656,0.0,0.25316455696202533
44,0.4926829268292683,0.23902439024390243,0.0,0.2682926829268293
45,0.0,0.10130331753554503,0.8364928909952607,0.06220379146919431
46,0.4910432033719705,0.39146469968387776,0.0,0.11749209694415173
47,0.43205574912891986,0.3867595818815331,0.0,0.18118466898954705
48,0.22131147540983606,0.2786885245901639,0.5,0.0
49,0.47794117647058826,0.0,0.11764705882352941,0.40441176470588236
50,0.2205607476635514,0.0,0.16635514018691588,0.6130841121495327
51,0.11666666666666667,0.0,0.34444444444444444,0.5388888888888889
52,0.2782608695652174,0.19130434782608696,0.5304347826086957,0.0
53,0.4494047619047619,0.44494047619047616,0.0,0.1056547619047619
54,0.0,0.7639593908629442,0.19543147208121828,0.04060913705583756
55,0.338006230529595,0.5965732087227414,0.0,0.06542056074766354
56,0.0,0.35294117647058826,0.5176470588235295,0.12941176470588237
57,0.3079470198675497,0.0,0.6026490066225165,0.08940397350993377
58,0.06217616580310881,0.5284974093264249,0.40932642487046633,0.0
59,0.11217183770883055,0.0,0.5393794749403341,0.34844868735083534
60,0.20408163265306123,0.3741496598639456,0.4217687074829932,0.0
61,0.4642857142857143,0.0,0.14285714285714285,0.39285714285714285
62,0.27380952380952384,0.0,0.24702380952380953,0.4791666666666667
63,0.02702702702702703,0.2702702702702703,0.7027027027027027,0.0
64,0.06060606060606061,0.3181818181818182,0.0,0.6212121212121212
65,0.023880597014925373,0.7671641791044777,0.208955223880597,0.0
66,0.5825027685492802,0.05647840531561462,0.0,0.3610188261351052
67,0.35269516728624534,0.0,0.12360594795539033,0.5236988847583643
68,0.0,0.39225806451612905,0.4167741935483871,0.19096774193548388
69,0.7936893203883495,0.08980582524271845,0.0,0.11650485436893204
70,0.03135313531353135,0.0,0.4240924092409241,0.5445544554455446
71,0.10887772194304858,0.0,0.592964824120603,0.2981574539363484
72,0.19362745098039216,0.49264705882352944,0.3137254901960784,0.0
73,0.32450331125827814,0.0,0.18543046357615894,0.4900662251655629
74,0.2075187969924812,0.5323308270676692,0.26015037593984963,0.0
75,0.65748031496063,0.1732283464566929,0.0,0.16929133858267717
76,0.5854126679462572,0.33397312859884837,0.0,0.08061420345489444
77,0.0,0.43827859569648925,0.3827859569648924,0.17893544733861835
78,0.3118081180811808,0.4870848708487085,0.2011070110701107,0.0
79,0.24642857142857144,0.48928571428571427,0.2642857142857143,0.0
80,0.20803782505910165,0.0,0.1536643026004728,0.6382978723404256
81,0.0,0.4527736131934033,0.39205397301349326,0.15517241379310345
82,0.23911516853932585,0.0,0.40308988764044945,0.3577949438202247
83,0.1724770642201835,0.0,0.3406727828746177,0.4868501529051988
84,0.24343434343434345,0.5868686868686869,0.1696969696969697,0.0
85,0.16908212560386474,0.5942028985507246,0.23671497584541062,0.0
86,0.18960244648318042,0.0,0.08256880733944955,0.72782874617737
87,0.0,0.3210227272727273,0.5823863636363636,0.09659090909090909
88,0.5849941383352872,0.32180539273153574,0.0,0.09320046893317702
89,0.2840501792114695,0.4359318996415771,0.2800179211469534,0.0
90,0.0,0.24465188642551536,0.5647607934655776,0.19058732010890703
91,0.552272302225547,0.3570226295118758,0.0,0.09070506826257714
92,0.1603269412134549,0.0,0.10782772712983339,0.7318453316567117
93,0.12455197132616487,0.7885304659498208,0.08691756272401434,0.0
94,0.0,0.2653846153846154,0.04010989010989011,0.6945054945054945
95,0.04864091559370529,0.8526466380543634,0.09871244635193133,0.0
96,0.4798619102416571,0.30264672036823936,0.0,0.21749136939010358
97,0.2452404001290739,0.5366247176508551,0.0,0.218134882220071
98,0.3335329341317365,0.0,0.22874251497005987,0.4377245508982036
99,0.0,0.3535811423390752,0.2302810516772439,0.4161378059836809
100,0.03937007874015748,0.5118110236220472,0.44881889763779526,0.0
101,0.4722536806342016,0.2944507361268403,0.0,0.2332955832389581
102,0.4771838331160365,0.0,0.12646675358539766,0.3963494132985658
103,0.0,0.5896328293736501,0.14038876889848811,0.26997840172786175
104,0.07979274611398963,0.0,0.21139896373056996,0.7088082901554404
105,0.02912621359223301,0.3300970873786408,0.6407766990291263,0.0
106,0.0967741935483871,0.1935483870967742,0.0,0.7096774193548387
107,0.05660377358490566,0.1320754716981132,0.0,0.8113207547169812
108,0.39335180055401664,0.3185595567867036,0.0,0.2880886426592798
109,0.033112582781456956,0.7483443708609272,0.2185430463576159,0.0
110,0.17964071856287425,0.0,0.3712574850299401,0.4491017964071856
111,0.35714285714285715,0.0,0.39285714285714285,0.25
112,0.3898305084745763,0.288135593220339,0.0,0.3220338983050847
113,0.20052083333333334,0.0,0.21354166666666666,0.5859375
114,0.43373493975903615,0.0,0.3855421686746988,0.18072289156626506
115,0.0,0.19014084507042253,0.4119718309859155,0.397887323943662
116,0.49635036496350365,0.29927007299270075,0.0,0.20437956204379562
117,0.5302857142857142,0.18171428571428572,0.0,0.288
118,0.0891891891891892,0.0,0.2918918918918919,0.6189189189189189
119,0.14641288433382138,0.4978038067349927,0.3557833089311859,0.0
120,0.390625,0.0,0.234375,0.375
121,0.6233766233766234,0.0,0.11688311688311688,0.2597402597402597
122,0.0,0.24448529411764705,0.48713235294117646,0.26838235294117646
123,0.32608695652173914,0.30434782608695654,0.0,0.3695652173913043
124,0.546875,0.234375,0.0,0.21875
125,0.5069637883008357,0.0,0.4011142061281337,0.09192200557103064
126,0.0,0.46105919003115264,0.4984423676012461,0.040498442367601244
127,0.0,0.11775043936731107,0.7644991212653779,0.11775043936731107
128,0.38636363636363635,0.16666666666666666,0.0,0.44696969696969696
129,0.3197278911564626,0.19727891156462585,0.0,0.48299319727891155
130,0.24,0.22285714285714286,0.0,0.5371428571428571
131,0.5866495507060334,0.2772785622593068,0.0,0.13607188703465983
132,0.27710843373493976,0.0,0.3686746987951807,0.3542168674698795
133,0.027237354085603113,0.5914396887159533,0.38132295719844356,0.0
134,0.2857142857142857,0.17559523809523808,0.0,0.5386904761904762
135,0.16019417475728157,0.6407766990291263,0.0,0.19902912621359223
136,0.0,0.1019786910197869,0.8006088280060882,0.0974124809741248
137,0.7206611570247934,0.1371900826446281,0.0,0.14214876033057852
138,0.046296296296296294,0.04938271604938271,0.904320987654321,0.0
139,0.18146718146718147,0.16602316602316602,0.0,0.6525096525096525
140,0.25680933852140075,0.27626459143968873,0.0,0.4669260700389105
141,0.1848512173128945,0.563570784490532,0.0,0.2515779981965735
142,0.08741258741258741,0.15384615384615385,0.7587412587412588,0.0
143,0.1983640081799591,0.17177914110429449,0.0,0.6298568507157464
144,0.5285087719298246,0.01864035087719298,0.0,0.45285087719298245
145,0.36489151873767256,0.0,0.5285996055226825,0.10650887573964497
146,0.0,0.23634272570442783,0.2673950546290972,0.496262219666475
147,0.32235900372172915,0.40538219295734323,0.0,0.27225880332092756
148,0.24352331606217617,0.4721502590673575,0.28432642487046633,0.0
149,0.1643573817486861,0.524605828953655,0.3110367892976589,0.0
150,0.0,0.17481884057971014,0.634963768115942,0.19021739130434784
151,0.10334788937409024,0.6550218340611353,0.24163027656477437,0.0
152,0.0,0.31722365038560413,0.18611825192802056,0.4966580976863753
153,0.2873980054397099,0.13961922030825022,0.5729827742520399,0.0
154,0.3005524861878453,0.0,0.23756906077348067,0.46187845303867403
155,0.0,0.295,0.425625,0.279375
156,0.3207742827514691,0.46284134116833736,0.21638437608019356,0.0
157,0.0,0.4053356282271945,0.10757314974182444,0.48709122203098104
158,0.20863970588235295,0.5147058823529411,0.2766544117647059,0.0
159,0.5490867579908676,0.3162100456621005,0.0,0.13470319634703196
160,0.0,0.30648330058939094,0.5225933202357563,0.17092337917485265
161,0.21072436500470368,0.5512699905926622,0.23800564440263405,0.0
162,0.551980198019802,0.1311881188118812,0.0,0.31683168316831684
163,0.5401831129196337,0.323499491353001,0.0,0.1363173957273652
164,0.0,0.46810506566604126,0.38461538461538464,0.1472795497185741
165,0.0,0.2644135188866799,0.5911199469847581,0.14446653412856197
166,0.49937849596022377,0.3586078309509012,0.0,0.14201367308887508
167,0.37412858249419056,0.37335398915569323,0.2525174283501162,0.0
168,0.0,0.26844262295081966,0.5286885245901639,0.2028688524590164
169,0.0,0.3319838056680162,0.40350877192982454,0.26450742240215924
170,0.32301153612629024,0.3017607771706132,0.37522768670309653,0.0
171,0.0,0.3399822695035461,0.6312056737588653,0.028812056737588652
172,0.0,0.5036529680365297,0.236986301369863,0.2593607305936073
173,0.0,0.24755501222493886,0.5751833740831296,0.17726161369193155
174,0.2546786004882018,0.38486574450772987,0.36045565500406834,0.0
175,0.0,0.18619246861924685,0.16265690376569036,0.6511506276150628
176,0.07575757575757576,0.0,0.12272727272727273,0.8015151515151515
177,0.16485507246376813,0.5543478260869565,0.2807971014492754,0.0
178,0.0,0.22529644268774704,0.13438735177865613,0.6403162055335968
179,0.05274725274725275,0.8336996336996337,0.11355311355311355,0.0
180,0.4698961937716263,0.20484429065743945,0.0,0.32525951557093424
181,0.10609200165768752,0.0,0.4778284293410692,0.41607956900124327
182,0.0,0.23183391003460208,0.5717993079584776,0.19636678200692043
183,0.5435897435897435,0.3230769230769231,0.0,0.13333333333333333
184,0.0,0.48773006134969327,0.4386503067484663,0.0736196319018405
185,0.1457142857142857,0.0,0.5142857142857142,0.34
186,0.16869565217391305,0.19304347826086957,0.6382608695652174,0.0
187,0.24431818181818182,0.0,0.08522727272727272,0.6704545454545454
188,0.16722408026755853,0.0,0.08807134894091416,0.7447045707915273
189,0.3873239436619718,0.4471830985915493,0.0,0.16549295774647887
190,0.11888111888111888,0.4522144522144522,0.4289044289044289,0.0
191,0.36666666666666664,0.3484848484848485,0.0,0.28484848484848485
192,0.0,0.3878048780487805,0.5890243902439024,0.023170731707317073
193,0.0,0.07815771109560363,0.8674110258199581,0.05443126308443824
194,0.28512396694214875,0.32644628099173556,0.0,0.3884297520661157
195,0.35377358490566035,0.1509433962264151,0.0,0.49528301886792453
196,0.7,0.07727272727272727,0.0,0.22272727272727272
197,0.33220338983050846,0.0,0.19322033898305085,0.4745762711864407
198,0.5865384615384616,0.0,0.23076923076923078,0.18269230769230768
199,0.46153846153846156,0.14423076923076922,0.0,0.3942307692307692
200,0.0,0.42981691368788144,0.46817785527462946,0.1020052310374891
201,0.15761821366024517,0.43782837127845886,0.404553415061296,0.0
202,0.17123287671232876,0.3698630136986301,0.4589041095890411,0.0
203,0.1745635910224439,0.0,0.16957605985037408,0.655860349127182
204,0.0,0.11308562197092084,0.46849757673667203,0.4184168012924071
205,0.11229946524064172,0.0,0.37219251336898396,0.5155080213903743
206,0.2082018927444795,0.0,0.1829652996845426,0.6088328075709779
207,0.0,0.12629070691024621,0.8316123907863384,0.04209690230341541
208,0.11,0.3,0.59,0.0
209,0.13025780189959293,0.0,0.18995929443690637,0.6797829036635007
210,0.36741214057507987,0.0926517571884984,0.5399361022364217,0.0
211,0.5370370370370371,0.0,0.11728395061728394,0.345679012345679
212,0.3404255319148936,0.0,0.14095744680851063,0.5186170212765957
213,0.0,0.6889952153110048,0.23444976076555024,0.07655502392344497
214,0.5978260869565217,0.19021739130434784,0.0,0.21195652173913043
215,0.0,0.11844331641285956,0.8291032148900169,0.05245346869712352
216,0.323943661971831,0.18309859154929578,0.0,0.49295774647887325
217,0.0,0.379746835443038,0.379746835443038,0.24050632911392406
218,0.4309623430962343,0.0,0.24267782426778242,0.3263598326359833
219,0.0,0.14666666666666667,0.7746666666666666,0.07866666666666666
220,0.0,0.462111801242236,0.2745341614906832,0.26335403726708073
221,0.07228195937873358,0.7945041816009558,0.13321385902031063,0.0
222,0.17861205915813425,0.30602957906712175,0.515358361774744,0.0
223,0.312625250501002,0.0,0.12625250501002003,0.561122244488978
224,0.14074074074074075,0.0,0.5140740740740741,0.3451851851851852
225,0.0,0.2994011976047904,0.6706586826347305,0.029940119760479042
226,0.0,0.1548480463096961,0.7633863965267728,0.08176555716353111
227,0.31020812685827553,0.5847373637264618,0.0,0.10505450941526263
228,0.0,0.15691868758915833,0.7631954350927247,0.07988587731811697
229,0.0,0.11842105263157894,0.8444976076555024,0.03708133971291866
230,0.17212041884816753,0.0,0.20353403141361257,0.6243455497382199
231,0.0,0.07905982905982906,0.5363247863247863,0.38461538461538464
232,0.08423686405337781,0.0,0.10925771476230192,0.8065054211843202
233,0.5542368858295751,0.2781865653928317,0.0,0.16757654877759318
234,0.09971419498253414,0.0,0.5411241664020324,0.3591616386154335
235,0.2222222222222222,0.3742690058479532,0.40350877192982454,0.0
236,0.4092609915809167,0.30823199251637046,0.0,0.2825070159027128
237,0.2178988326848249,0.41115434500648507,0.37094682230869,0.0
238,0.0,0.29961587708066584,0.03969270166453265,0.6606914212548015
239,0.04119850187265917,0.7059925093632958,0.25280898876404495,0.0
240,0.06177260519247986,0.0,0.1396598030438675,0.7985675917636527
241,0.12162162162162163,0.1891891891891892,0.6891891891891891,0.0
242,0.5314559616536848,0.3085680047932894,0.0,0.15997603355302575
243,0.09247506799637353,0.0,0.8712601994560291,0.03626473254759746
244,0.0,0.08960573476702509,0.48028673835125446,0.43010752688172044
245,0.0,0.30405405405405406,0.6001228501228502,0.09582309582309582
246,0.0,0.3118932038834951,0.375,0.3131067961165049
247,0.08527131782945736,0.43410852713178294,0.4806201550387597,0.0
248,0.44471153846153844,0.31971153846153844,0.0,0.23557692307692307
249,0.0,0.14615384615384616,0.8118881118881119,0.04195804195804196
250,0.0,0.3459983831851253,0.5885206143896524,0.06548100242522231
251,0.09046692607003891,0.0,0.16245136186770429,0.7470817120622568
252,0.0,0.2602040816326531,0.6823979591836735,0.05739795918367347
253,0.6949443016281063,0.2622107969151671,0.0,0.04284490145672665
254,0.16494845360824742,0.0,0.1134020618556701,0.7216494845360825
255,0.12100456621004566,0.0,0.591324200913242,0.2876712328767123
256,0.08035714285714286,0.5178571428571429,0.4017857142857143,0.0
257,0.36610878661087864,0.3263598326359833,0.0,0.3075313807531381
258,0.0,0.44914134742404227,0.5297225891677675,0.021136063408190225
259,0.3294460641399417,0.6341107871720116,0.0,0.03644314868804665
260,0.0,0.38274932614555257,0.3247978436657682,0.29245283018867924
261,0.3466606088141754,0.5840527033166742,0.0,0.06928668786915039
262,0.11216859279401767,0.0,0.2590074779061863,0.628823929299796
263,0.1578544061302682,0.6766283524904214,0.16551724137931034,0.0
264,0.4700854700854701,0.358974358974359,0.0,0.17094017094017094
265,0.0,0.4051724137931034,0.5402298850574713,0.05459770114942529
266,0.40399737876802094,0.5170380078636959,0.0,0.07896461336828309
267,0.2608695652173913,0.21739130434782608,0.0,0.5217391304347826
268,0.0,0.2857142857142857,0.47619047619047616,0.23809523809523808
269,0.2313167259786477,0.0,0.08540925266903915,0.6832740213523132
270,0.0,0.02242152466367713,0.2937219730941704,0.6838565022421524
271,0.25,0.0,0.21551724137931033,0.5344827586206896
272,0.30976430976430974,0.494949494949495,0.0,0.19528619528619529
273,0.2571428571428571,0.005714285714285714,0.0,0.7371428571428571
274,0.06652806652806653,0.0,0.9002079002079002,0.033264033264033266
275,0.2601726263871763,0.6165228113440198,0.12330456226880394,0.0
276,0.5241482590789966,0.3852489704230625,0.0,0.09060277049794084
277,0.14887640449438203,0.6348314606741573,0.21629213483146068,0.0
278,0.2900515562344854,0.41397746801603974,0.0,0.2959709757494749
279,0.2222222222222222,0.2839506172839506,0.49382716049382713,0.0
280,0.0,0.06770833333333333,0.057291666666666664,0.875
281,0.007882882882882882,0.9369369369369369,0.05518018018018018,0.0
282,0.07317073170731707,0.794425087108014,0.13240418118466898,0.0
283,0.0,0.05712409717662508,0.02954694681549573,0.9133289560078792
284,0.021399652978600348,0.0,0.027183342972816656,0.951417004048583
285,0.18867924528301888,0.16981132075471697,0.6415094339622641,0.0
286,0.26373626373626374,0.26373626373626374,0.0,0.4725274725274725
287,0.0,0.6370558375634517,0.3629441624365482,0.0
288,0.5639097744360902,0.09523809523809523,0.0,0.3408521303258145
289,0.09121245828698554,0.0,0.13681868743047831,0.7719688542825361
290,0.3982808022922636,0.37822349570200575,0.0,0.22349570200573066
291,0.0,0.8152173913043478,0.18043478260869567,0.004347826086956522
292,0.07079646017699115,0.7256637168141593,0.0,0.20353982300884957
293,0.0,0.10582010582010581,0.7354497354497355,0.15873015873015872
294,0.5,0.18269230769230768,0.0,0.3173076923076923
295,0.0,0.18823529411764706,0.6352941176470588,0.17647058823529413
296,0.12195121951219512,0.5853658536585366,0.2926829268292683,0.0
297,0.2923076923076923,0.0,0.3923076923076923,0.3153846153846154
298,0.11764705882352941,0.3764705882352941,0.5058823529411764,0.0
299,0.1282051282051282,0.0,0.46153846153846156,0.41025641025641024
300,0.0,0.8125,0.1875,0.0
301,0.07142857142857142,0.0,0.7857142857142857,0.14285714285714285
302,0.2222222222222222,0.0,0.0,0.7777777777777778
303,0.16666666666666666,0.0,0.5,0.3333333333333333
304,0.0,1.0,0.0,0.0
305,0.5,0.0,0.16666666666666666,0.3333333333333333
306,0.0,0.0,1.0,0.0
307,,,,
308,0.0,0.5,0.5,0.0
309,0.0,0.0,0.0,1.0
310,0.0,0.16666666666666666,0.6666666666666666,0.16666666666666666
311,,,,
312,,,,
313,,,,
314,,,,
315,,,,
