,A,C,G,T
0,,,,
1,,,,
2,0.875,0.125,0.0,0.0
3,0.0,0.0,1.0,0.0
4,,,,
5,0.6666666666666666,0.0,0.0,0.3333333333333333
6,0.5,0.0,0.0,0.5
7,0.0,0.0,0.0,1.0
8,0.6666666666666666,0.3333333333333333,0.0,0.0
9,0.0,0.0,0.0,1.0
10,,,,
11,0.5,0.5,0.0,0.0
12,,,,
13,,,,
14,1.0,0.0,0.0,0.0
15,0.0,1.0,0.0,0.0
16,,,,
17,1.0,0.0,0.0,0.0
18,,,,
19,0.0,0.0,0.0,1.0
20,0.0,0.0,1.0,0.0
21,,,,
22,1.0,0.0,0.0,0.0
23,0.0,0.0,1.0,0.0
24,0.0,0.85,0.15,0.0
25,0.0,0.0,1.0,0.0
26,0.0,0.5,0.5,0.0
27,0.5,0.5,0.0,0.0
28,,,,
29,0.0,0.0,0.0,1.0
30,0.0,0.0,1.0,0.0
31,0.0,0.0,1.0,0.0
32,0.3333333333333333,0.3333333333333333,0.0,0.3333333333333333
33,0.125,0.875,0.0,0.0
34,0.0,1.0,0.0,0.0
35,0.0,0.0,0.0,1.0
36,0.0,1.0,0.0,0.0
37,0.0,0.0,0.6666666666666666,0.3333333333333333
38,1.0,0.0,0.0,0.0
39,,,,
40,,,,
41,0.0,0.75,0.25,0.0
42,,,,
43,1.0,0.0,0.0,0.0
44,0.0,0.0,1.0,0.0
45,0.0,0.0,1.0,0.0
46,0.0,0.3333333333333333,0.6666666666666666,0.0
47,0.0,1.0,0.0,0.0
48,,,,
49,,,,
50,,,,
51,0.0,0.0,0.0,1.0
52,,,,
53,,,,
54,0.0,0.5,0.5,0.0
55,,,,
56,,,,
57,,,,
58,,,,
59,0.0,0.0,0.0,1.0
60,0.0,0.0,0.0,1.0
61,0.0,0.0,0.6666666666666666,0.3333333333333333
62,0.0,0.0,0.3333333333333333,0.6666666666666666
63,,,,
64,,,,
65,0.0,0.0,0.0,1.0
66,0.6666666666666666,0.23809523809523808,0.0,0.09523809523809523
67,0.08333333333333333,0.0,0.5833333333333334,0.3333333333333333
68,0.0,0.5,0.5,0.0
69,,,,
70,,,,
71,0.0,0.0,0.0,1.0
72,0.0,0.5,0.5,0.0
73,1.0,0.0,0.0,0.0
74,0.0,1.0,0.0,0.0
75,0.0,1.0,0.0,0.0
76,0.5,0.5,0.0,0.0
77,0.0,0.0,1.0,0.0
78,,,,
79,0.5625,0.3125,0.0,0.125
80,0.0,0.0,1.0,0.0
81,0.0,1.0,0.0,0.0
82,0.0,0.0,0.0,1.0
83,,,,
84,0.0,0.75,0.25,0.0
85,0.0,0.6666666666666666,0.3333333333333333,0.0
86,0.3333333333333333,0.0,0.0,0.6666666666666666
87,0.0,0.0,1.0,0.0
88,0.5555555555555556,0.3333333333333333,0.0,0.1111111111111111
89,0.0,0.0,0.1,0.9
90,0.0,0.3333333333333333,0.6666666666666666,0.0
91,0.8,0.2,0.0,0.0
92,0.25,0.5,0.25,0.0
93,0.8333333333333334,0.16666666666666666,0.0,0.0
94,0.6666666666666666,0.3333333333333333,0.0,0.0
95,0.3333333333333333,0.3333333333333333,0.3333333333333333,0.0
96,0.375,0.25,0.0,0.375
97,0.7,0.3,0.0,0.0
98,0.14285714285714285,0.42857142857142855,0.42857142857142855,0.0
99,0.3333333333333333,0.6666666666666666,0.0,0.0
100,0.0,1.0,0.0,0.0
101,0.0,0.0,0.0,1.0
102,0.5,0.0,0.5,0.0
103,0.7222222222222222,0.0,0.05555555555555555,0.2222222222222222
104,0.0,0.0,0.6,0.4
105,,,,
106,,,,
107,,,,
108,0.0,0.09090909090909091,0.9090909090909091,0.0
109,0.7777777777777778,0.2222222222222222,0.0,0.0
110,0.0,0.0,0.0,1.0
111,1.0,0.0,0.0,0.0
112,,,,
113,,,,
114,0.0,0.0,0.75,0.25
115,,,,
116,0.0,0.0,0.0,1.0
117,,,,
118,,,,
119,0.0,1.0,0.0,0.0
120,,,,
121,,,,
122,0.0,0.0,0.0,1.0
123,0.2,0.0,0.4,0.4
124,0.8333333333333334,0.0,0.16666666666666666,0.0
125,0.0,1.0,0.0,0.0
126,,,,
127,,,,
128,0.0,0.6,0.4,0.0
129,,,,
130,1.0,0.0,0.0,0.0
131,,,,
132,0.0,0.6666666666666666,0.3333333333333333,0.0
133,0.0,0.0,1.0,0.0
134,,,,
135,,,,
136,0.0,1.0,0.0,0.0
137,0.35714285714285715,0.0,0.5714285714285714,0.07142857142857142
138,0.0,0.0,0.0,1.0
139,0.0,1.0,0.0,0.0
140,,,,
141,0.0,1.0,0.0,0.0
142,,,,
143,0.8,0.2,0.0,0.0
144,,,,
145,0.0,0.0,0.0,1.0
146,,,,
147,0.0,0.6666666666666666,0.3333333333333333,0.0
148,,,,
149,0.0,0.5,0.5,0.0
150,0.0,1.0,0.0,0.0
151,0.0,1.0,0.0,0.0
152,0.7857142857142857,0.14285714285714285,0.0,0.07142857142857142
153,0.0,0.3125,0.375,0.3125
154,0.7368421052631579,0.21052631578947367,0.0,0.05263157894736842
155,0.16666666666666666,0.8333333333333334,0.0,0.0
156,0.0,0.2857142857142857,0.5714285714285714,0.14285714285714285
157,0.3333333333333333,0.6666666666666666,0.0,0.0
158,0.14285714285714285,0.0,0.8571428571428571,0.0
159,0.4,0.4,0.2,0.0
160,0.0,1.0,0.0,0.0
161,0.2,0.6,0.2,0.0
162,0.16666666666666666,0.8333333333333334,0.0,0.0
163,0.0,0.375,0.0,0.625
164,0.14285714285714285,0.8571428571428571,0.0,0.0
165,0.0,0.0,1.0,0.0
166,0.2222222222222222,0.6666666666666666,0.0,0.1111111111111111
167,0.0,0.5,0.5,0.0
168,0.0,0.0,0.0,1.0
169,0.0,0.6666666666666666,0.0,0.3333333333333333
170,0.5,0.5,0.0,0.0
171,0.0,0.0,0.75,0.25
172,0.5555555555555556,0.4444444444444444,0.0,0.0
173,1.0,0.0,0.0,0.0
174,0.0,0.875,0.125,0.0
175,0.3333333333333333,0.0,0.0,0.6666666666666666
176,0.0,0.0,1.0,0.0
177,0.4,0.4,0.2,0.0
178,0.0,0.2222222222222222,0.1111111111111111,0.6666666666666666
179,0.0,0.0,0.16666666666666666,0.8333333333333334
180,0.0,0.75,0.25,0.0
181,0.0,0.625,0.25,0.125
182,0.0,0.0,0.0,1.0
183,0.0,0.5,0.5,0.0
184,0.0,0.0,1.0,0.0
185,0.08333333333333333,0.0,0.08333333333333333,0.8333333333333334
186,0.0,0.0,0.3333333333333333,0.6666666666666666
187,,,,
188,0.0,0.6666666666666666,0.0,0.3333333333333333
189,0.0,0.5,0.5,0.0
190,,,,
191,1.0,0.0,0.0,0.0
192,0.0,0.0,0.0,1.0
193,0.0,0.0,1.0,0.0
194,0.2,0.0,0.8,0.0
195,0.0,0.3333333333333333,0.6666666666666666,0.0
196,0.0,0.125,0.875,0.0
197,,,,
198,0.0,0.0,1.0,0.0
199,0.0,0.0,0.0,1.0
200,0.0,0.0,1.0,0.0
201,1.0,0.0,0.0,0.0
202,,,,
203,0.0,0.6666666666666666,0.3333333333333333,0.0
204,0.7142857142857143,0.2857142857142857,0.0,0.0
205,0.0,0.5,0.5,0.0
206,0.5,0.0,0.0,0.5
207,0.0,0.0,0.0,1.0
208,0.16666666666666666,0.0,0.3333333333333333,0.5
209,,,,
210,0.0,0.0,0.0,1.0
211,,,,
212,0.0,0.15384615384615385,0.46153846153846156,0.38461538461538464
213,0.5,0.5,0.0,0.0
214,0.0,0.0,0.25,0.75
215,0.7,0.0,0.0,0.3
216,0.4666666666666667,0.4,0.0,0.13333333333333333
217,0.0,0.6666666666666666,0.3333333333333333,0.0
218,0.0,0.2631578947368421,0.3684210526315789,0.3684210526315789
219,0.5,0.5,0.0,0.0
220,0.0,0.0,1.0,0.0
221,0.0,0.0,1.0,0.0
222,0.0,0.0,0.0,1.0
223,0.4,0.0,0.2,0.4
224,0.0,0.6,0.0,0.4
225,0.2,0.4,0.4,0.0
226,0.5,0.0,0.5,0.0
227,0.0,0.0,1.0,0.0
228,0.0,0.25,0.75,0.0
229,0.0,1.0,0.0,0.0
230,0.0,0.5,0.0,0.5
231,,,,
232,0.0,0.3333333333333333,0.6666666666666666,0.0
233,0.0,0.0,0.2222222222222222,0.7777777777777778
234,0.3333333333333333,0.0,0.5,0.16666666666666666
235,0.0,0.5,0.5,0.0
236,0.2727272727272727,0.6363636363636364,0.0,0.09090909090909091
237,0.2,0.0,0.8,0.0
238,,,,
239,0.0,0.0,0.6666666666666666,0.3333333333333333
240,,,,
241,,,,
242,0.0,0.0,0.0,1.0
243,0.0,0.0,0.0,1.0
244,0.0,0.0,1.0,0.0
245,0.0,1.0,0.0,0.0
246,0.0,0.0,1.0,0.0
247,0.0,0.0,0.8888888888888888,0.1111111111111111
248,0.47058823529411764,0.4117647058823529,0.0,0.11764705882352941
249,0.08333333333333333,0.0,0.25,0.6666666666666666
250,1.0,0.0,0.0,0.0
251,1.0,0.0,0.0,0.0
252,0.0,0.4,0.6,0.0
253,0.1875,0.8125,0.0,0.0
254,0.1,0.0,0.4,0.5
255,0.0,1.0,0.0,0.0
256,,,,
257,0.5,0.5,0.0,0.0
258,,,,
259,0.0,0.4,0.6,0.0
260,0.0,1.0,0.0,0.0
261,0.0,0.0,0.0,1.0
262,0.0,0.0,0.5,0.5
263,0.0,0.0,0.0,1.0
264,,,,
265,0.5,0.0,0.0,0.5
266,0.02702702702702703,0.9459459459459459,0.02702702702702703,0.0
267,,,,
268,1.0,0.0,0.0,0.0
269,0.0,0.25,0.6666666666666666,0.08333333333333333
270,,,,
271,,,,
272,0.3333333333333333,0.0,0.0,0.6666666666666666
273,0.0,0.0,0.6666666666666666,0.3333333333333333
274,0.0,0.0,0.0,1.0
275,1.0,0.0,0.0,0.0
276,0.0,0.0,0.0,1.0
277,0.0,0.0,0.6666666666666666,0.3333333333333333
278,0.09090909090909091,0.7272727272727273,0.18181818181818182,0.0
279,0.7142857142857143,0.2857142857142857,0.0,0.0
280,,,,
281,0.3,0.4,0.0,0.3
282,,,,
283,,,,
284,0.0,1.0,0.0,0.0
285,,,,
286,0.0,0.14285714285714285,0.0,0.8571428571428571
287,0.16666666666666666,0.0,0.0,0.8333333333333334
288,,,,
289,,,,
290,,,,
291,0.6666666666666666,0.0,0.0,0.3333333333333333
292,0.0,0.0,0.25,0.75
293,0.0,1.0,0.0,0.0
294,0.0,1.0,0.0,0.0
295,,,,
296,0.0,0.0,0.0,1.0
297,,,,
298,,,,
299,,,,
300,0.0,1.0,0.0,0.0
301,,,,
302,,,,
303,,,,
304,,,,
305,,,,
306,,,,
307,,,,
308,,,,
309,,,,
310,,,,
311,,,,
312,,,,
313,,,,
314,,,,
315,,,,
316,,,,
317,,,,
318,,,,
