,A,C,G,T
0,,,,
1,,,,
2,0.8125,0.125,0.0,0.0625
3,0.8181818181818182,0.18181818181818182,0.0,0.0
4,0.7272727272727273,0.13636363636363635,0.13636363636363635,0.0
5,0.3333333333333333,0.2222222222222222,0.0,0.4444444444444444
6,0.5,0.0,0.4,0.1
7,0.0,0.0625,0.8125,0.125
8,0.6931216931216931,0.2804232804232804,0.0,0.026455026455026454
9,0.03896103896103896,0.0,0.05194805194805195,0.9090909090909091
10,0.25,0.0,0.75,0.0
11,0.5,0.045454545454545456,0.0,0.45454545454545453
12,0.37209302325581395,0.3488372093023256,0.0,0.27906976744186046
13,0.6666666666666666,0.2962962962962963,0.037037037037037035,0.0
14,0.7339449541284404,0.1651376146788991,0.0,0.10091743119266056
15,0.6666666666666666,0.0,0.0,0.3333333333333333
16,0.0,1.0,0.0,0.0
17,0.9583333333333334,0.041666666666666664,0.0,0.0
18,0.07692307692307693,0.6923076923076923,0.23076923076923078,0.0
19,1.0,0.0,0.0,0.0
20,0.07142857142857142,0.7142857142857143,0.21428571428571427,0.0
21,1.0,0.0,0.0,0.0
22,0.2727272727272727,0.18181818181818182,0.0,0.5454545454545454
23,0.5,0.25,0.0,0.25
24,0.8076923076923077,0.16346153846153846,0.0,0.028846153846153848
25,0.16666666666666666,0.0,0.0,0.8333333333333334
26,0.21428571428571427,0.5,0.2857142857142857,0.0
27,0.0,0.875,0.0,0.125
28,0.0,0.75,0.0,0.25
29,0.7755102040816326,0.1836734693877551,0.0,0.04081632653061224
30,0.5294117647058824,0.23529411764705882,0.0,0.23529411764705882
31,0.02564102564102564,0.46153846153846156,0.5128205128205128,0.0
32,0.5714285714285714,0.07142857142857142,0.0,0.35714285714285715
33,0.0,0.3157894736842105,0.631578947368421,0.05263157894736842
34,0.0,0.04838709677419355,0.9274193548387096,0.024193548387096774
35,0.6666666666666666,0.0,0.0,0.3333333333333333
36,0.0,0.5813953488372093,0.4186046511627907,0.0
37,0.0,0.21153846153846154,0.7115384615384616,0.07692307692307693
38,0.7619047619047619,0.09523809523809523,0.0,0.14285714285714285
39,0.125,0.0,0.25,0.625
40,1.0,0.0,0.0,0.0
41,0.22727272727272727,0.22727272727272727,0.5454545454545454,0.0
42,0.0,0.3333333333333333,0.0,0.6666666666666666
43,0.0,0.8571428571428571,0.0,0.14285714285714285
44,0.14285714285714285,0.42857142857142855,0.0,0.42857142857142855
45,0.49122807017543857,0.0,0.0,0.5087719298245614
46,0.5,0.0,0.1,0.4
47,0.3333333333333333,0.0,0.0,0.6666666666666666
48,0.3333333333333333,0.0,0.6666666666666666,0.0
49,0.25,0.0,0.25,0.5
50,0.0,0.2857142857142857,0.3333333333333333,0.38095238095238093
51,0.21428571428571427,0.5714285714285714,0.0,0.21428571428571427
52,0.0,0.5,0.5,0.0
53,0.3793103448275862,0.06896551724137931,0.0,0.5517241379310345
54,0.0,0.6923076923076923,0.23076923076923078,0.07692307692307693
55,0.0,0.23880597014925373,0.6865671641791045,0.07462686567164178
56,0.8679245283018868,0.09433962264150944,0.0,0.03773584905660377
57,0.4666666666666667,0.26666666666666666,0.0,0.26666666666666666
58,0.625,0.125,0.25,0.0
59,0.25,0.0,0.08333333333333333,0.6666666666666666
60,0.1111111111111111,0.3333333333333333,0.5555555555555556,0.0
61,0.6,0.0,0.4,0.0
62,0.4166666666666667,0.0,0.25,0.3333333333333333
63,0.2,0.4,0.4,0.0
64,0.25,0.75,0.0,0.0
65,0.04032258064516129,0.0,0.024193548387096774,0.9354838709677419
66,0.0,0.6086956521739131,0.37681159420289856,0.014492753623188406
67,0.0,0.36792452830188677,0.6132075471698113,0.018867924528301886
68,0.5,0.25,0.0,0.25
69,0.8548387096774194,0.07258064516129033,0.0,0.07258064516129033
70,0.2,0.0,0.1,0.7
71,0.07344632768361582,0.8587570621468926,0.06779661016949153,0.0
72,0.2857142857142857,0.2857142857142857,0.42857142857142855,0.0
73,0.5,0.0,0.08333333333333333,0.4166666666666667
74,0.1044776119402985,0.7164179104477612,0.1791044776119403,0.0
75,0.8928571428571429,0.03571428571428571,0.0,0.07142857142857142
76,0.28,0.68,0.0,0.04
77,0.0,0.3617021276595745,0.5531914893617021,0.0851063829787234
78,0.6292134831460674,0.21348314606741572,0.15730337078651685,0.0
79,0.0,0.3333333333333333,0.1794871794871795,0.48717948717948717
80,0.072,0.0,0.04,0.888
81,0.0,0.12658227848101267,0.33544303797468356,0.5379746835443038
82,0.09349593495934959,0.0,0.44715447154471544,0.45934959349593496
83,0.34459459459459457,0.0,0.1554054054054054,0.5
84,0.03225806451612903,0.7096774193548387,0.25806451612903225,0.0
85,0.0,0.2222222222222222,0.7777777777777778,0.0
86,0.3,0.0,0.05,0.65
87,0.0,0.35714285714285715,0.4142857142857143,0.22857142857142856
88,0.09221902017291066,0.0,0.6311239193083573,0.276657060518732
89,0.25833333333333336,0.0,0.25833333333333336,0.48333333333333334
90,0.0,0.1292517006802721,0.8163265306122449,0.05442176870748299
91,0.6869918699186992,0.25609756097560976,0.0,0.056910569105691054
92,0.6666666666666666,0.0,0.32407407407407407,0.009259259259259259
93,0.13,0.74,0.13,0.0
94,0.0,0.35119047619047616,0.02976190476190476,0.6190476190476191
95,0.08571428571428572,0.8428571428571429,0.07142857142857142,0.0
96,0.673469387755102,0.1836734693877551,0.0,0.14285714285714285
97,0.0,0.47368421052631576,0.2894736842105263,0.23684210526315788
98,0.40186915887850466,0.5046728971962616,0.09345794392523364,0.0
99,0.0,0.1888111888111888,0.4405594405594406,0.3706293706293706
100,0.375,0.25,0.375,0.0
101,0.3090909090909091,0.0,0.21818181818181817,0.4727272727272727
102,0.0,0.6586826347305389,0.2754491017964072,0.0658682634730539
103,0.0,0.4105263157894737,0.47368421052631576,0.11578947368421053
104,0.04504504504504504,0.0,0.13513513513513514,0.8198198198198198
105,0.0,0.5,0.5,0.0
106,0.0,0.0,0.0,1.0
107,0.0,0.75,0.0,0.25
108,0.53125,0.28125,0.0,0.1875
109,0.09090909090909091,0.045454545454545456,0.8636363636363636,0.0
110,0.6666666666666666,0.14035087719298245,0.0,0.19298245614035087
111,0.75,0.0,0.25,0.0
112,0.5,0.0,0.0,0.5
113,0.0,0.3064516129032258,0.4596774193548387,0.23387096774193547
114,0.3333333333333333,0.0,0.6666666666666666,0.0
115,0.0,0.25806451612903225,0.3870967741935484,0.3548387096774194
116,0.5,0.0,0.0,0.5
117,0.7586206896551724,0.1206896551724138,0.0,0.1206896551724138
118,0.15151515151515152,0.0,0.6060606060606061,0.24242424242424243
119,0.75,0.0,0.25,0.0
120,0.0,0.5159914712153518,0.39232409381663114,0.09168443496801706
121,0.5263157894736842,0.0,0.47368421052631576,0.0
122,0.038461538461538464,0.6923076923076923,0.2692307692307692,0.0
123,0.0,0.6666666666666666,0.0,0.3333333333333333
124,0.5,0.25,0.0,0.25
125,0.0,0.424,0.416,0.16
126,0.6875,0.0,0.3125,0.0
127,0.0,0.07407407407407407,0.6296296296296297,0.2962962962962963
128,0.0,0.14925373134328357,0.7910447761194029,0.05970149253731343
129,0.7,0.2,0.0,0.1
130,0.0,0.6666666666666666,0.0,0.3333333333333333
131,0.5742574257425742,0.32673267326732675,0.0,0.09900990099009901
132,0.1875,0.0,0.0625,0.75
133,0.18604651162790697,0.5813953488372093,0.23255813953488372,0.0
134,0.6509433962264151,0.11320754716981132,0.2358490566037736,0.0
135,0.0,1.0,0.0,0.0
136,0.0,0.29411764705882354,0.29411764705882354,0.4117647058823529
137,0.9047619047619048,0.031746031746031744,0.0,0.06349206349206349
138,0.23529411764705882,0.058823529411764705,0.7058823529411765,0.0
139,0.08333333333333333,0.08333333333333333,0.0,0.8333333333333334
140,0.25,0.625,0.0,0.125
141,0.0,0.23711340206185566,0.4948453608247423,0.26804123711340205
142,0.11764705882352941,0.17647058823529413,0.7058823529411765,0.0
143,0.7209302325581395,0.06976744186046512,0.0,0.20930232558139536
144,0.21428571428571427,0.35714285714285715,0.0,0.42857142857142855
145,0.1111111111111111,0.7777777777777778,0.0,0.1111111111111111
146,0.0,0.3149171270718232,0.585635359116022,0.09944751381215469
147,0.30434782608695654,0.17391304347826086,0.5217391304347826,0.0
148,0.2926829268292683,0.24390243902439024,0.0,0.4634146341463415
149,0.21153846153846154,0.6153846153846154,0.0,0.17307692307692307
150,0.0,0.2350230414746544,0.6774193548387096,0.08755760368663594
151,0.11904761904761904,0.40476190476190477,0.47619047619047616,0.0
152,0.4,0.34444444444444444,0.0,0.25555555555555554
153,0.0,0.19402985074626866,0.7910447761194029,0.014925373134328358
154,0.0,0.10344827586206896,0.75,0.14655172413793102
155,0.15966386554621848,0.0,0.08403361344537816,0.7563025210084033
156,0.3181818181818182,0.0,0.45454545454545453,0.22727272727272727
157,0.14814814814814814,0.0,0.14814814814814814,0.7037037037037037
158,0.2154696132596685,0.3314917127071823,0.4530386740331492,0.0
159,0.0,0.25925925925925924,0.5267489711934157,0.2139917695473251
160,0.0,0.3782608695652174,0.46956521739130436,0.15217391304347827
161,0.16052631578947368,0.0,0.2789473684210526,0.5605263157894737
162,0.0,0.30434782608695654,0.5217391304347826,0.17391304347826086
163,0.38309859154929576,0.5633802816901409,0.0,0.05352112676056338
164,0.10909090909090909,0.5818181818181818,0.3090909090909091,0.0
165,0.2826086956521739,0.41304347826086957,0.0,0.30434782608695654
166,0.4253731343283582,0.43283582089552236,0.0,0.1417910447761194
167,0.4972677595628415,0.30601092896174864,0.19672131147540983,0.0
168,0.0,0.1232876712328767,0.7876712328767124,0.08904109589041095
169,0.0,0.22448979591836735,0.6122448979591837,0.16326530612244897
170,0.1902834008097166,0.0,0.291497975708502,0.5182186234817814
171,0.0,0.061224489795918366,0.2693877551020408,0.6693877551020408
172,0.16981132075471697,0.0,0.6226415094339622,0.20754716981132076
173,0.0,0.5371900826446281,0.256198347107438,0.2066115702479339
174,0.5,0.3142857142857143,0.0,0.18571428571428572
175,0.41333333333333333,0.4,0.0,0.18666666666666668
176,0.1643835616438356,0.0,0.5753424657534246,0.2602739726027397
177,0.11428571428571428,0.5285714285714286,0.35714285714285715,0.0
178,0.0,0.33689839572192515,0.053475935828877004,0.6096256684491979
179,0.2111111111111111,0.6333333333333333,0.15555555555555556,0.0
180,0.29545454545454547,0.18181818181818182,0.0,0.5227272727272727
181,0.19230769230769232,0.0,0.6923076923076923,0.11538461538461539
182,0.0,0.13380281690140844,0.30985915492957744,0.5563380281690141
183,0.28735632183908044,0.0,0.6551724137931034,0.05747126436781609
184,0.0,0.6048387096774194,0.20967741935483872,0.18548387096774194
185,0.4375,0.375,0.0,0.1875
186,0.0,0.828125,0.15104166666666666,0.020833333333333332
187,0.0,0.25925925925925924,0.6962962962962963,0.044444444444444446
188,0.4860557768924303,0.30677290836653387,0.0,0.20717131474103587
189,0.2,0.2,0.6,0.0
190,0.14285714285714285,0.21428571428571427,0.6428571428571429,0.0
191,0.03488372093023256,0.0,0.1511627906976744,0.813953488372093
192,0.7692307692307693,0.0,0.19230769230769232,0.038461538461538464
193,0.0,0.09523809523809523,0.8571428571428571,0.047619047619047616
194,0.5277777777777778,0.4444444444444444,0.0,0.027777777777777776
195,0.21052631578947367,0.21052631578947367,0.0,0.5789473684210527
196,0.9470899470899471,0.026455026455026454,0.0,0.026455026455026454
197,0.3333333333333333,0.0,0.3333333333333333,0.3333333333333333
198,0.0,0.8571428571428571,0.047619047619047616,0.09523809523809523
199,0.7297297297297297,0.05405405405405406,0.0,0.21621621621621623
200,0.0,0.04878048780487805,0.9146341463414634,0.036585365853658534
201,0.1864406779661017,0.655367231638418,0.0,0.15819209039548024
202,0.08333333333333333,0.25,0.6666666666666666,0.0
203,0.5833333333333334,0.0,0.125,0.2916666666666667
204,0.0,0.043478260869565216,0.5797101449275363,0.37681159420289856
205,0.2,0.0,0.15555555555555556,0.6444444444444445
206,0.25,0.0,0.38461538461538464,0.36538461538461536
207,0.0,0.26101694915254237,0.05423728813559322,0.6847457627118644
208,0.07407407407407407,0.4444444444444444,0.48148148148148145,0.0
209,0.0,0.0,1.0,0.0
210,0.0,0.14285714285714285,0.11224489795918367,0.7448979591836735
211,0.040983606557377046,0.0,0.8114754098360656,0.14754098360655737
212,0.03225806451612903,0.0,0.14516129032258066,0.8225806451612904
213,0.0,0.25833333333333336,0.55,0.19166666666666668
214,0.33980582524271846,0.5242718446601942,0.0,0.13592233009708737
215,0.4012738853503185,0.2484076433121019,0.0,0.3503184713375796
216,0.0,0.03064066852367688,0.9554317548746518,0.013927576601671309
217,0.0,0.35135135135135137,0.5945945945945946,0.05405405405405406
218,0.20175438596491227,0.0,0.07894736842105263,0.7192982456140351
219,0.0,0.11016949152542373,0.4915254237288136,0.3983050847457627
220,0.19444444444444445,0.0,0.1574074074074074,0.6481481481481481
221,0.3116883116883117,0.0,0.2792207792207792,0.4090909090909091
222,0.0,0.1111111111111111,0.8888888888888888,0.0
223,0.23529411764705882,0.0,0.0,0.7647058823529411
224,0.02631578947368421,0.0,0.15789473684210525,0.8157894736842105
225,0.0,0.30120481927710846,0.5180722891566265,0.18072289156626506
226,0.08275862068965517,0.696551724137931,0.2206896551724138,0.0
227,0.0,0.43870967741935485,0.3870967741935484,0.17419354838709677
228,0.0,0.07303370786516854,0.898876404494382,0.028089887640449437
229,0.4827586206896552,0.49137931034482757,0.0,0.02586206896551724
230,0.1590909090909091,0.0,0.1553030303030303,0.6856060606060606
231,0.0,0.05263157894736842,0.8947368421052632,0.05263157894736842
232,0.0,0.0,0.18181818181818182,0.8181818181818182
233,0.0,0.3469387755102041,0.40816326530612246,0.24489795918367346
234,0.6666666666666666,0.030303030303030304,0.0,0.30303030303030304
235,0.029197080291970802,0.0,0.043795620437956206,0.927007299270073
236,0.15873015873015872,0.0,0.4603174603174603,0.38095238095238093
237,0.09090909090909091,0.5454545454545454,0.36363636363636365,0.0
238,0.0,0.27586206896551724,0.06896551724137931,0.6551724137931034
239,0.045454545454545456,0.0,0.022727272727272728,0.9318181818181818
240,0.0,0.25274725274725274,0.03296703296703297,0.7142857142857143
241,0.0,0.3,0.7,0.0
242,0.36363636363636365,0.09090909090909091,0.0,0.5454545454545454
243,0.26666666666666666,0.6666666666666666,0.0,0.06666666666666667
244,0.0,0.3333333333333333,0.5833333333333334,0.08333333333333333
245,0.7770491803278688,0.20327868852459016,0.0,0.019672131147540985
246,0.06593406593406594,0.0,0.27106227106227104,0.663003663003663
247,0.06666666666666667,0.13333333333333333,0.8,0.0
248,0.1875,0.1875,0.0,0.625
249,0.0,0.7191011235955056,0.20224719101123595,0.07865168539325842
250,0.25870646766169153,0.5572139303482587,0.0,0.18407960199004975
251,0.1901840490797546,0.0,0.49693251533742333,0.3128834355828221
252,0.0,0.02040816326530612,0.9693877551020408,0.01020408163265306
253,0.6197183098591549,0.18309859154929578,0.0,0.19718309859154928
254,0.088,0.0,0.056,0.856
255,0.07142857142857142,0.0,0.17857142857142858,0.75
256,0.0,0.3333333333333333,0.6666666666666666,0.0
257,0.4528301886792453,0.3584905660377358,0.0,0.18867924528301888
258,0.0,0.2777777777777778,0.6388888888888888,0.08333333333333333
259,0.16262975778546712,0.8062283737024222,0.0,0.031141868512110725
260,0.0,0.26153846153846155,0.38461538461538464,0.35384615384615387
261,0.16326530612244897,0.7142857142857143,0.12244897959183673,0.0
262,0.28205128205128205,0.0,0.1794871794871795,0.5384615384615384
263,0.3055555555555556,0.3333333333333333,0.3611111111111111,0.0
264,0.7142857142857143,0.14285714285714285,0.0,0.14285714285714285
265,0.0,0.52,0.4,0.08
266,0.399581589958159,0.49372384937238495,0.0,0.10669456066945607
267,0.0,0.5,0.0,0.5
268,0.0,0.75,0.0,0.25
269,0.4,0.0,0.06666666666666667,0.5333333333333333
270,0.0,0.12195121951219512,0.24390243902439024,0.6341463414634146
271,0.0,0.0,0.18181818181818182,0.8181818181818182
272,0.4444444444444444,0.3333333333333333,0.0,0.2222222222222222
273,0.0,0.0,0.0,1.0
274,0.1111111111111111,0.0,0.2777777777777778,0.6111111111111112
275,0.0,0.0,0.0,1.0
276,0.8,0.16216216216216217,0.0,0.03783783783783784
277,0.25,0.5833333333333334,0.16666666666666666,0.0
278,0.30642201834862387,0.3229357798165138,0.0,0.3706422018348624
279,0.0,0.16666666666666666,0.8333333333333334,0.0
280,0.0,0.0,1.0,0.0
281,0.0,0.9344262295081968,0.06557377049180328,0.0
282,0.0,0.125,0.875,0.0
283,0.0,0.06707317073170732,0.006097560975609756,0.926829268292683
284,0.014563106796116505,0.0,0.0048543689320388345,0.9805825242718447
285,0.1,0.05,0.85,0.0
286,0.3333333333333333,0.0,0.0,0.6666666666666666
287,0.0,0.38461538461538464,0.6153846153846154,0.0
288,0.9354838709677419,0.03225806451612903,0.0,0.03225806451612903
289,0.06666666666666667,0.0,0.09333333333333334,0.84
290,0.46511627906976744,0.4418604651162791,0.0,0.09302325581395349
291,0.0,0.5609756097560976,0.43902439024390244,0.0
292,0.18181818181818182,0.6818181818181818,0.0,0.13636363636363635
293,0.0,0.043478260869565216,0.782608695652174,0.17391304347826086
294,0.5714285714285714,0.375,0.0,0.05357142857142857
295,0.2857142857142857,0.5142857142857142,0.0,0.2
296,0.3333333333333333,0.0,0.08333333333333333,0.5833333333333334
297,0.0,0.0,0.4444444444444444,0.5555555555555556
298,0.11764705882352941,0.7058823529411765,0.17647058823529413,0.0
299,,,,
300,1.0,0.0,0.0,0.0
301,,,,
302,,,,
303,1.0,0.0,0.0,0.0
304,,,,
305,,,,
306,0.0,0.0,1.0,0.0
307,,,,
308,,,,
309,0.0,1.0,0.0,0.0
310,,,,
311,,,,
312,,,,
313,,,,
314,,,,
315,,,,
