,A,C,G,T
0,,,,
1,,,,
2,0.851063829787234,0.0851063829787234,0.0,0.06382978723404255
3,0.7446808510638298,0.19148936170212766,0.0,0.06382978723404255
4,0.45454545454545453,0.30303030303030304,0.24242424242424243,0.0
5,0.5043478260869565,0.09565217391304348,0.0,0.4
6,0.3953488372093023,0.0,0.13953488372093023,0.46511627906976744
7,0.0,0.11764705882352941,0.7352941176470589,0.14705882352941177
8,0.6053268765133172,0.32929782082324455,0.0,0.06537530266343826
9,0.06395348837209303,0.0,0.08430232558139535,0.8517441860465116
10,0.5,0.5,0.0,0.0
11,0.78125,0.08333333333333333,0.0,0.13541666666666666
12,0.41333333333333333,0.30666666666666664,0.0,0.28
13,0.6,0.34,0.06,0.0
14,0.4583333333333333,0.14583333333333334,0.0,0.3958333333333333
15,0.023809523809523808,0.8333333333333334,0.0,0.14285714285714285
16,0.0,0.42857142857142855,0.19047619047619047,0.38095238095238093
17,0.6804123711340206,0.17525773195876287,0.0,0.14432989690721648
18,0.45454545454545453,0.22727272727272727,0.3181818181818182,0.0
19,0.3333333333333333,0.0,0.25,0.4166666666666667
20,0.032679738562091505,0.09803921568627451,0.869281045751634,0.0
21,0.14285714285714285,0.0,0.0,0.8571428571428571
22,0.2,0.15,0.0,0.65
23,0.17391304347826086,0.34782608695652173,0.0,0.4782608695652174
24,0.1,0.3,0.0,0.6
25,0.4,0.06666666666666667,0.0,0.5333333333333333
26,0.0,0.5853658536585366,0.34146341463414637,0.07317073170731707
27,0.7291666666666666,0.20833333333333334,0.0,0.0625
28,0.39090909090909093,0.5727272727272728,0.0,0.03636363636363636
29,0.11290322580645161,0.0,0.03225806451612903,0.8548387096774194
30,0.22807017543859648,0.15789473684210525,0.0,0.6140350877192983
31,0.04,0.68,0.28,0.0
32,0.4716981132075472,0.16981132075471697,0.0,0.3584905660377358
33,0.375,0.16666666666666666,0.0,0.4583333333333333
34,0.05714285714285714,0.7714285714285715,0.17142857142857143,0.0
35,0.1590909090909091,0.0,0.3409090909090909,0.5
36,0.2222222222222222,0.0,0.5,0.2777777777777778
37,0.0,0.14705882352941177,0.38235294117647056,0.47058823529411764
38,0.36585365853658536,0.5365853658536586,0.0,0.0975609756097561
39,0.21428571428571427,0.0,0.21428571428571427,0.5714285714285714
40,0.5,0.0,0.3,0.2
41,0.06722689075630252,0.5126050420168067,0.42016806722689076,0.0
42,0.375,0.125,0.0,0.5
43,0.7551020408163265,0.04081632653061224,0.0,0.20408163265306123
44,0.6122448979591837,0.16326530612244897,0.0,0.22448979591836735
45,0.0,0.19534883720930232,0.7627906976744186,0.04186046511627907
46,0.45726495726495725,0.5,0.0,0.042735042735042736
47,0.65625,0.09375,0.0,0.25
48,0.1111111111111111,0.19444444444444445,0.6944444444444444,0.0
49,0.7058823529411765,0.0,0.11764705882352941,0.17647058823529413
50,0.1935483870967742,0.0,0.22580645161290322,0.5806451612903226
51,0.13513513513513514,0.0,0.2972972972972973,0.5675675675675675
52,0.46875,0.09375,0.4375,0.0
53,0.5116279069767442,0.37209302325581395,0.0,0.11627906976744186
54,0.0,0.84375,0.140625,0.015625
55,0.07476635514018691,0.7289719626168224,0.0,0.19626168224299065
56,0.0,0.5774647887323944,0.3380281690140845,0.08450704225352113
57,0.38636363636363635,0.0,0.5454545454545454,0.06818181818181818
58,0.05,0.45,0.5,0.0
59,0.09433962264150944,0.0,0.6226415094339622,0.2830188679245283
60,0.09259259259259259,0.4444444444444444,0.46296296296296297,0.0
61,0.375,0.0,0.25,0.375
62,0.3157894736842105,0.0,0.10526315789473684,0.5789473684210527
63,0.08333333333333333,0.25,0.6666666666666666,0.0
64,0.0,0.09090909090909091,0.0,0.9090909090909091
65,0.016666666666666666,0.8833333333333333,0.1,0.0
66,0.5921052631578947,0.1118421052631579,0.0,0.29605263157894735
67,0.35019455252918286,0.0,0.07782101167315175,0.5719844357976653
68,0.0,0.2814814814814815,0.362962962962963,0.35555555555555557
69,0.7450980392156863,0.11764705882352941,0.0,0.13725490196078433
70,0.14193548387096774,0.0,0.4258064516129032,0.432258064516129
71,0.08333333333333333,0.0,0.6666666666666666,0.25
72,0.2857142857142857,0.4,0.3142857142857143,0.0
73,0.14285714285714285,0.0,0.14285714285714285,0.7142857142857143
74,0.38613861386138615,0.43564356435643564,0.1782178217821782,0.0
75,0.6956521739130435,0.2318840579710145,0.0,0.07246376811594203
76,0.6808510638297872,0.2127659574468085,0.0,0.10638297872340426
77,0.0,0.5086206896551724,0.3017241379310345,0.1896551724137931
78,0.21212121212121213,0.5,0.2878787878787879,0.0
79,0.08333333333333333,0.75,0.16666666666666666,0.0
80,0.1746031746031746,0.0,0.09523809523809523,0.7301587301587301
81,0.0,0.37777777777777777,0.4266666666666667,0.19555555555555557
82,0.37579617834394907,0.0,0.31528662420382164,0.3089171974522293
83,0.20952380952380953,0.0,0.16666666666666666,0.6238095238095238
84,0.3305785123966942,0.5950413223140496,0.0743801652892562,0.0
85,0.2,0.44,0.36,0.0
86,0.08695652173913043,0.0,0.31521739130434784,0.5978260869565217
87,0.0,0.23076923076923078,0.6,0.16923076923076924
88,0.6048387096774194,0.29838709677419356,0.0,0.0967741935483871
89,0.275974025974026,0.40584415584415584,0.3181818181818182,0.0
90,0.0,0.3101449275362319,0.4608695652173913,0.2289855072463768
91,0.5194986072423399,0.3969359331476323,0.0,0.08356545961002786
92,0.15384615384615385,0.0,0.13942307692307693,0.7067307692307693
93,0.09420289855072464,0.7898550724637681,0.11594202898550725,0.0
94,0.0,0.2616279069767442,0.0755813953488372,0.6627906976744186
95,0.06481481481481481,0.8240740740740741,0.1111111111111111,0.0
96,0.4227941176470588,0.27205882352941174,0.0,0.30514705882352944
97,0.32592592592592595,0.0,0.4111111111111111,0.26296296296296295
98,0.3765182186234818,0.4574898785425101,0.1659919028340081,0.0
99,0.0,0.33783783783783783,0.25675675675675674,0.40540540540540543
100,0.2,0.5,0.3,0.0
101,0.37543859649122807,0.35789473684210527,0.0,0.26666666666666666
102,0.4375,0.0,0.17857142857142858,0.38392857142857145
103,0.0,0.6274509803921569,0.058823529411764705,0.3137254901960784
104,0.0625,0.0,0.265625,0.671875
105,0.1,0.2,0.7,0.0
106,0.14285714285714285,0.14285714285714285,0.0,0.7142857142857143
107,0.125,0.25,0.0,0.625
108,0.5,0.2727272727272727,0.0,0.22727272727272727
109,0.06666666666666667,0.7333333333333333,0.2,0.0
110,0.15789473684210525,0.0,0.2894736842105263,0.5526315789473685
111,0.18181818181818182,0.0,0.36363636363636365,0.45454545454545453
112,0.5,0.2,0.0,0.3
113,0.19148936170212766,0.0,0.19148936170212766,0.6170212765957447
114,0.45454545454545453,0.0,0.2727272727272727,0.2727272727272727
115,0.0,0.34285714285714286,0.37142857142857144,0.2857142857142857
116,0.32,0.48,0.0,0.2
117,0.5178571428571429,0.3392857142857143,0.0,0.14285714285714285
118,0.05660377358490566,0.0,0.16981132075471697,0.7735849056603774
119,0.03731343283582089,0.582089552238806,0.3805970149253731,0.0
120,0.8,0.0,0.1,0.1
121,0.5,0.0,0.25,0.25
122,0.0,0.2962962962962963,0.42592592592592593,0.2777777777777778
123,0.2222222222222222,0.3333333333333333,0.0,0.4444444444444444
124,0.65,0.3,0.0,0.05
125,0.48717948717948717,0.0,0.41025641025641024,0.10256410256410256
126,0.0,0.3333333333333333,0.543859649122807,0.12280701754385964
127,0.0,0.22784810126582278,0.6582278481012658,0.11392405063291139
128,0.36363636363636365,0.18181818181818182,0.0,0.45454545454545453
129,0.4827586206896552,0.10344827586206896,0.0,0.41379310344827586
130,0.2,0.12,0.0,0.68
131,0.4684385382059801,0.3920265780730897,0.0,0.13953488372093023
132,0.3333333333333333,0.0,0.36507936507936506,0.30158730158730157
133,0.0,0.4838709677419355,0.5161290322580645,0.0
134,0.0,0.2413793103448276,0.0,0.7586206896551724
135,0.18032786885245902,0.639344262295082,0.0,0.18032786885245902
136,0.0,0.21052631578947367,0.6929824561403509,0.09649122807017543
137,0.5649717514124294,0.3163841807909605,0.0,0.11864406779661017
138,0.07142857142857142,0.03571428571428571,0.8928571428571429,0.0
139,0.25806451612903225,0.16129032258064516,0.0,0.5806451612903226
140,0.15,0.45,0.0,0.4
141,0.19727891156462585,0.5918367346938775,0.0,0.2108843537414966
142,0.09090909090909091,0.24242424242424243,0.6666666666666666,0.0
143,0.29850746268656714,0.13432835820895522,0.0,0.5671641791044776
144,0.5294117647058824,0.0196078431372549,0.0,0.45098039215686275
145,0.38235294117647056,0.0,0.35294117647058826,0.2647058823529412
146,0.0,0.1953125,0.32421875,0.48046875
147,0.3073170731707317,0.33170731707317075,0.0,0.36097560975609755
148,0.19672131147540983,0.40437158469945356,0.3989071038251366,0.0
149,0.22661870503597123,0.539568345323741,0.23381294964028776,0.0
150,0.0,0.31756756756756754,0.5135135135135135,0.16891891891891891
151,0.07368421052631578,0.7578947368421053,0.16842105263157894,0.0
152,0.0,0.2902097902097902,0.17832167832167833,0.5314685314685315
153,0.2457627118644068,0.1440677966101695,0.6101694915254238,0.0
154,0.22857142857142856,0.0,0.21428571428571427,0.5571428571428572
155,0.0,0.34977578475336324,0.3721973094170404,0.27802690582959644
156,0.2606516290726817,0.43609022556390975,0.3032581453634085,0.0
157,0.0,0.3291139240506329,0.17721518987341772,0.4936708860759494
158,0.20118343195266272,0.40828402366863903,0.3905325443786982,0.0
159,0.583941605839416,0.25547445255474455,0.0,0.16058394160583941
160,0.0,0.24193548387096775,0.6935483870967742,0.06451612903225806
161,0.05232558139534884,0.7674418604651163,0.18023255813953487,0.0
162,0.2222222222222222,0.18518518518518517,0.0,0.5925925925925926
163,0.3918918918918919,0.5202702702702703,0.0,0.08783783783783784
164,0.0,0.5379310344827586,0.41379310344827586,0.04827586206896552
165,0.0,0.25,0.6277777777777778,0.12222222222222222
166,0.44421487603305787,0.4359504132231405,0.0,0.11983471074380166
167,0.3220338983050847,0.5404896421845574,0.1374764595103578,0.0
168,0.0,0.2711864406779661,0.5649717514124294,0.1638418079096045
169,0.0,0.4219409282700422,0.31645569620253167,0.2616033755274262
170,0.30857142857142855,0.38,0.31142857142857144,0.0
171,0.0,0.47435897435897434,0.47115384615384615,0.05448717948717949
172,0.0,0.5038759689922481,0.26356589147286824,0.23255813953488372
173,0.0,0.1781818181818182,0.6618181818181819,0.16
174,0.2740112994350282,0.3898305084745763,0.3361581920903955,0.0
175,0.0,0.14678899082568808,0.12385321100917432,0.7293577981651376
176,0.16076294277929154,0.0,0.14986376021798364,0.6893732970027248
177,0.27058823529411763,0.3176470588235294,0.4117647058823529,0.0
178,0.0,0.16363636363636364,0.045454545454545456,0.7909090909090909
179,0.03007518796992481,0.0,0.14661654135338345,0.8233082706766918
180,0.47619047619047616,0.1836734693877551,0.0,0.3401360544217687
181,0.1702127659574468,0.0,0.324468085106383,0.5053191489361702
182,0.0,0.3050847457627119,0.480225988700565,0.21468926553672316
183,0.6153846153846154,0.23076923076923078,0.0,0.15384615384615385
184,0.0,0.4485981308411215,0.4766355140186916,0.07476635514018691
185,0.11409395973154363,0.0,0.47651006711409394,0.40939597315436244
186,0.325,0.175,0.5,0.0
187,0.475,0.0,0.1,0.425
188,0.12790697674418605,0.0,0.011627906976744186,0.8604651162790697
189,0.5625,0.1875,0.0,0.25
190,0.044444444444444446,0.1111111111111111,0.8444444444444444,0.0
191,0.25757575757575757,0.21212121212121213,0.0,0.5303030303030303
192,0.0,0.4444444444444444,0.4666666666666667,0.08888888888888889
193,0.0,0.11764705882352941,0.8382352941176471,0.04411764705882353
194,0.14285714285714285,0.08571428571428572,0.0,0.7714285714285715
195,0.32608695652173914,0.13043478260869565,0.0,0.5434782608695652
196,0.5625,0.1875,0.0,0.25
197,0.15151515151515152,0.0,0.5909090909090909,0.25757575757575757
198,0.5652173913043478,0.0,0.30434782608695654,0.13043478260869565
199,0.59375,0.0625,0.0,0.34375
200,0.0,0.5867768595041323,0.35537190082644626,0.05785123966942149
201,0.14444444444444443,0.2222222222222222,0.6333333333333333,0.0
202,0.25,0.25,0.5,0.0
203,0.26666666666666666,0.0,0.022222222222222223,0.7111111111111111
204,0.0,0.26865671641791045,0.04477611940298507,0.6865671641791045
205,0.11428571428571428,0.0,0.4,0.4857142857142857
206,0.26785714285714285,0.0,0.32142857142857145,0.4107142857142857
207,0.0,0.08085106382978724,0.8851063829787233,0.03404255319148936
208,0.1388888888888889,0.5,0.3611111111111111,0.0
209,0.13675213675213677,0.0,0.18803418803418803,0.6752136752136753
210,0.28205128205128205,0.23076923076923078,0.48717948717948717,0.0
211,0.2033898305084746,0.0,0.05084745762711865,0.7457627118644068
212,0.4594594594594595,0.0,0.21621621621621623,0.32432432432432434
213,0.0,0.5277777777777778,0.4166666666666667,0.05555555555555555
214,0.7586206896551724,0.06896551724137931,0.0,0.1724137931034483
215,0.0,0.19696969696969696,0.6363636363636364,0.16666666666666666
216,0.12121212121212122,0.6363636363636364,0.0,0.24242424242424243
217,0.0,0.19230769230769232,0.07692307692307693,0.7307692307692307
218,0.3888888888888889,0.0,0.2222222222222222,0.3888888888888889
219,0.0,0.11956521739130435,0.7608695652173914,0.11956521739130435
220,0.0,0.3173076923076923,0.2692307692307692,0.41346153846153844
221,0.09090909090909091,0.7696969696969697,0.1393939393939394,0.0
222,0.2345679012345679,0.19753086419753085,0.5679012345679012,0.0
223,0.2459016393442623,0.0,0.18032786885245902,0.5737704918032787
224,0.17829457364341086,0.0,0.2248062015503876,0.5968992248062015
225,0.0,0.35403726708074534,0.4782608695652174,0.16770186335403728
226,0.0,0.12,0.665,0.215
227,0.24475524475524477,0.6923076923076923,0.0,0.06293706293706294
228,0.0,0.15151515151515152,0.7070707070707071,0.1414141414141414
229,0.0,0.21052631578947367,0.6491228070175439,0.14035087719298245
230,0.18181818181818182,0.0,0.23863636363636365,0.5795454545454546
231,0.0,0.10112359550561797,0.3146067415730337,0.5842696629213483
232,0.0967741935483871,0.0,0.10483870967741936,0.7983870967741935
233,0.5502471169686985,0.257001647446458,0.0,0.1927512355848435
234,0.14043583535108958,0.0,0.49878934624697335,0.36077481840193704
235,0.07692307692307693,0.6153846153846154,0.3076923076923077,0.0
236,0.5092348284960422,0.25065963060686014,0.0,0.24010554089709762
237,0.16417910447761194,0.5074626865671642,0.3283582089552239,0.0
238,0.0,0.2919254658385093,0.027950310559006212,0.6801242236024845
239,0.07017543859649122,0.6140350877192983,0.3157894736842105,0.0
240,0.24731182795698925,0.0,0.21505376344086022,0.5376344086021505
241,0.08695652173913043,0.08695652173913043,0.8260869565217391,0.0
242,0.375,0.5208333333333334,0.10416666666666667,0.0
243,0.08247422680412371,0.0,0.7422680412371134,0.17525773195876287
244,0.0,0.11428571428571428,0.3142857142857143,0.5714285714285714
245,0.0,0.3409090909090909,0.5681818181818182,0.09090909090909091
246,0.0,0.45121951219512196,0.24390243902439024,0.3048780487804878
247,0.047619047619047616,0.47619047619047616,0.47619047619047616,0.0
248,0.5423728813559322,0.288135593220339,0.0,0.1694915254237288
249,0.0,0.14285714285714285,0.7032967032967034,0.15384615384615385
250,0.0,0.29381443298969073,0.6030927835051546,0.10309278350515463
251,0.08888888888888889,0.0,0.22777777777777777,0.6833333333333333
252,0.0,0.1724137931034483,0.7448275862068966,0.08275862068965517
253,0.4819277108433735,0.41566265060240964,0.0,0.10240963855421686
254,0.14720812182741116,0.0,0.14720812182741116,0.7055837563451777
255,0.12280701754385964,0.0,0.5789473684210527,0.2982456140350877
256,0.06,0.68,0.26,0.0
257,0.10526315789473684,0.7280701754385965,0.0,0.16666666666666666
258,0.0,0.5384615384615384,0.46153846153846156,0.0
259,0.40476190476190477,0.5666666666666667,0.0,0.02857142857142857
260,0.0,0.35106382978723405,0.5212765957446809,0.1276595744680851
261,0.3142389525368249,0.6579378068739771,0.0,0.027823240589198037
262,0.16363636363636364,0.0,0.19090909090909092,0.6454545454545455
263,0.21232876712328766,0.6712328767123288,0.11643835616438356,0.0
264,0.2857142857142857,0.42857142857142855,0.0,0.2857142857142857
265,0.0,0.647887323943662,0.3380281690140845,0.014084507042253521
266,0.37280701754385964,0.5131578947368421,0.0,0.11403508771929824
267,0.14285714285714285,0.0,0.0,0.8571428571428571
268,0.0,0.4,0.4,0.2
269,0.3,0.0,0.1,0.6
270,0.0,0.08620689655172414,0.3103448275862069,0.603448275862069
271,0.2,0.0,0.3333333333333333,0.4666666666666667
272,0.275,0.375,0.0,0.35
273,0.3,0.0,0.0,0.7
274,0.05555555555555555,0.0,0.9305555555555556,0.013888888888888888
275,0.28688524590163933,0.6147540983606558,0.09836065573770492,0.0
276,0.6055045871559633,0.327217125382263,0.0,0.0672782874617737
277,0.015151515151515152,0.7575757575757576,0.22727272727272727,0.0
278,0.22334293948126802,0.4365994236311239,0.0,0.3400576368876081
279,0.2857142857142857,0.2857142857142857,0.42857142857142855,0.0
280,0.0,0.06896551724137931,0.0,0.9310344827586207
281,0.0,0.8865979381443299,0.1134020618556701,0.0
282,0.0,0.9230769230769231,0.07692307692307693,0.0
283,0.0,0.1415929203539823,0.017699115044247787,0.8407079646017699
284,0.0045045045045045045,0.0,0.009009009009009009,0.9864864864864865
285,0.35714285714285715,0.14285714285714285,0.5,0.0
286,0.4444444444444444,0.1111111111111111,0.0,0.4444444444444444
287,0.0,0.9302325581395349,0.06976744186046512,0.0
288,0.5428571428571428,0.14285714285714285,0.0,0.3142857142857143
289,0.034482758620689655,0.0,0.1206896551724138,0.8448275862068966
290,0.23214285714285715,0.6071428571428571,0.0,0.16071428571428573
291,0.0,0.6326530612244898,0.3673469387755102,0.0
292,0.8058252427184466,0.13592233009708737,0.0,0.05825242718446602
293,0.0,0.10416666666666667,0.8541666666666666,0.041666666666666664
294,0.3076923076923077,0.46153846153846156,0.0,0.23076923076923078
295,0.0,0.14285714285714285,0.5,0.35714285714285715
296,0.42857142857142855,0.5714285714285714,0.0,0.0
297,0.0,0.0,0.5454545454545454,0.45454545454545453
298,0.25,0.0,0.75,0.0
299,0.0,0.0,0.5,0.5
300,0.0,0.0,1.0,0.0
301,1.0,0.0,0.0,0.0
302,,,,
303,,,,
304,0.0,0.0,0.0,1.0
305,,,,
306,,,,
307,,,,
308,,,,
309,,,,
310,,,,
311,,,,
312,,,,
313,,,,
314,,,,
315,,,,
