,A,C,G,T
0,,,,
1,,,,
2,0.6363636363636364,0.18181818181818182,0.0,0.18181818181818182
3,0.8888888888888888,0.1111111111111111,0.0,0.0
4,0.2,0.7777777777777778,0.022222222222222223,0.0
5,0.48936170212765956,0.2553191489361702,0.0,0.2553191489361702
6,0.42857142857142855,0.0,0.14285714285714285,0.42857142857142855
7,0.0,0.014184397163120567,0.9361702127659575,0.04964539007092199
8,0.7759562841530054,0.18579234972677597,0.0,0.03825136612021858
9,0.034383954154727794,0.0,0.022922636103151862,0.9426934097421203
10,0.4,0.6,0.0,0.0
11,0.1875,0.1875,0.0,0.625
12,0.6896551724137931,0.27586206896551724,0.0,0.034482758620689655
13,0.625,0.125,0.25,0.0
14,0.7714285714285715,0.05714285714285714,0.0,0.17142857142857143
15,0.4,0.0,0.4,0.2
16,0.0,0.6666666666666666,0.3333333333333333,0.0
17,0.9875,0.0,0.0,0.0125
18,0.1875,0.6875,0.125,0.0
19,0.25,0.0,0.25,0.5
20,0.27586206896551724,0.3103448275862069,0.41379310344827586,0.0
21,0.3333333333333333,0.2222222222222222,0.0,0.4444444444444444
22,0.43333333333333335,0.5,0.0,0.06666666666666667
23,0.3333333333333333,0.25,0.0,0.4166666666666667
24,0.3064516129032258,0.45161290322580644,0.0,0.24193548387096775
25,0.7272727272727273,0.0,0.09090909090909091,0.18181818181818182
26,0.3157894736842105,0.47368421052631576,0.21052631578947367,0.0
27,0.5,0.0,0.0,0.5
28,0.0,0.4090909090909091,0.45454545454545453,0.13636363636363635
29,0.6229508196721312,0.29508196721311475,0.0,0.08196721311475409
30,0.7285714285714285,0.15714285714285714,0.0,0.11428571428571428
31,0.011049723756906077,0.09944751381215469,0.8895027624309392,0.0
32,0.4444444444444444,0.0,0.0,0.5555555555555556
33,0.0,0.3684210526315789,0.6052631578947368,0.02631578947368421
34,0.0,0.20987654320987653,0.7283950617283951,0.06172839506172839
35,0.5714285714285714,0.14285714285714285,0.0,0.2857142857142857
36,0.0,0.3488372093023256,0.627906976744186,0.023255813953488372
37,0.0,0.16981132075471697,0.7735849056603774,0.05660377358490566
38,0.19607843137254902,0.5098039215686274,0.0,0.29411764705882354
39,0.0,0.0,0.16666666666666666,0.8333333333333334
40,1.0,0.0,0.0,0.0
41,0.012195121951219513,0.9573170731707317,0.03048780487804878,0.0
42,0.0,0.0,0.0,1.0
43,0.16666666666666666,0.3333333333333333,0.0,0.5
44,0.36363636363636365,0.09090909090909091,0.0,0.5454545454545454
45,0.953125,0.0,0.0,0.046875
46,0.9444444444444444,0.0,0.05555555555555555,0.0
47,0.0,0.0,0.13333333333333333,0.8666666666666667
48,0.5,0.0,0.5,0.0
49,1.0,0.0,0.0,0.0
50,0.0,0.42105263157894735,0.3684210526315789,0.21052631578947367
51,0.21739130434782608,0.6086956521739131,0.0,0.17391304347826086
52,0.0,0.7222222222222222,0.2777777777777778,0.0
53,0.7948717948717948,0.05128205128205128,0.0,0.15384615384615385
54,0.0,0.8666666666666667,0.13333333333333333,0.0
55,0.0,0.22758620689655173,0.6482758620689655,0.12413793103448276
56,0.8415841584158416,0.10891089108910891,0.0,0.04950495049504951
57,0.7978436657681941,0.1940700808625337,0.0,0.008086253369272238
58,0.0,1.0,0.0,0.0
59,0.06756756756756757,0.7432432432432432,0.1891891891891892,0.0
60,0.3,0.2,0.5,0.0
61,0.0,0.0,0.0,1.0
62,0.07692307692307693,0.0,0.19230769230769232,0.7307692307692307
63,0.5,0.0,0.5,0.0
64,0.3333333333333333,0.3333333333333333,0.0,0.3333333333333333
65,0.0,0.0,0.0,1.0
66,0.0,0.5671641791044776,0.3582089552238806,0.07462686567164178
67,0.0,0.21495327102803738,0.7383177570093458,0.04672897196261682
68,0.5454545454545454,0.09090909090909091,0.0,0.36363636363636365
69,0.8554913294797688,0.04046242774566474,0.0,0.10404624277456648
70,0.23809523809523808,0.0,0.047619047619047616,0.7142857142857143
71,0.0,0.29375,0.3625,0.34375
72,0.14285714285714285,0.2857142857142857,0.5714285714285714,0.0
73,0.02247191011235955,0.0,0.0,0.9775280898876404
74,0.015228426395939087,0.9390862944162437,0.04568527918781726,0.0
75,0.6666666666666666,0.1111111111111111,0.0,0.2222222222222222
76,0.6923076923076923,0.23076923076923078,0.0,0.07692307692307693
77,0.0,0.30526315789473685,0.47368421052631576,0.22105263157894736
78,0.11940298507462686,0.08955223880597014,0.7910447761194029,0.0
79,0.0,0.12,0.1,0.78
80,0.13513513513513514,0.0,0.05405405405405406,0.8108108108108109
81,0.0,0.36153846153846153,0.36153846153846153,0.27692307692307694
82,0.2125,0.0,0.625,0.1625
83,0.1254355400696864,0.0,0.1916376306620209,0.6829268292682927
84,0.058823529411764705,0.9019607843137255,0.0392156862745098,0.0
85,0.2,0.7,0.1,0.0
86,0.13793103448275862,0.0,0.08620689655172414,0.7758620689655172
87,0.0,0.36,0.62,0.02
88,0.004132231404958678,0.0,0.6528925619834711,0.34297520661157027
89,0.21100917431192662,0.0,0.21100917431192662,0.5779816513761468
90,0.0,0.10179640718562874,0.8083832335329342,0.08982035928143713
91,0.6204188481675392,0.34293193717277487,0.0,0.03664921465968586
92,0.09375,0.0,0.06534090909090909,0.8409090909090909
93,0.25133689839572193,0.6951871657754011,0.053475935828877004,0.0
94,0.0,0.5057471264367817,0.034482758620689655,0.45977011494252873
95,0.045454545454545456,0.0,0.00909090909090909,0.9454545454545454
96,0.06746031746031746,0.7063492063492064,0.2261904761904762,0.0
97,0.0,0.31007751937984496,0.13953488372093023,0.5503875968992248
98,0.1111111111111111,0.75,0.1388888888888889,0.0
99,0.0,0.18902439024390244,0.6219512195121951,0.18902439024390244
100,0.0,0.9,0.1,0.0
101,0.5888888888888889,0.23055555555555557,0.0,0.18055555555555555
102,0.3333333333333333,0.0,0.041666666666666664,0.625
103,0.0,0.3333333333333333,0.05128205128205128,0.6153846153846154
104,0.031007751937984496,0.0,0.13178294573643412,0.8372093023255814
105,0.0,0.0,1.0,0.0
106,0.0625,0.125,0.0,0.8125
107,0.0,0.25,0.0,0.75
108,0.7647058823529411,0.16993464052287582,0.0,0.06535947712418301
109,0.2857142857142857,0.2857142857142857,0.42857142857142855,0.0
110,0.8418079096045198,0.0903954802259887,0.0,0.06779661016949153
111,0.7894736842105263,0.0,0.05263157894736842,0.15789473684210525
112,0.5,0.0,0.0,0.5
113,0.0,0.20224719101123595,0.5955056179775281,0.20224719101123595
114,0.4444444444444444,0.0,0.4444444444444444,0.1111111111111111
115,0.0,0.08333333333333333,0.4166666666666667,0.5
116,0.0,0.3333333333333333,0.0,0.6666666666666666
117,0.6,0.2,0.0,0.2
118,0.05263157894736842,0.0,0.3684210526315789,0.5789473684210527
119,0.09090909090909091,0.0,0.0,0.9090909090909091
120,0.25,0.0,0.625,0.125
121,0.0,0.0,0.5,0.5
122,0.2641509433962264,0.33962264150943394,0.39622641509433965,0.0
123,1.0,0.0,0.0,0.0
124,0.8,0.2,0.0,0.0
125,0.0,0.16923076923076924,0.3230769230769231,0.5076923076923077
126,0.3,0.0,0.7,0.0
127,0.0,0.21875,0.75,0.03125
128,0.0,0.07920792079207921,0.8811881188118812,0.039603960396039604
129,0.2857142857142857,0.2857142857142857,0.0,0.42857142857142855
130,0.125,0.75,0.0,0.125
131,0.20711974110032363,0.7378640776699029,0.0,0.05501618122977346
132,0.38636363636363635,0.0,0.045454545454545456,0.5681818181818182
133,0.0,0.875,0.125,0.0
134,0.07692307692307693,0.6410256410256411,0.28205128205128205,0.0
135,0.15151515151515152,0.7272727272727273,0.0,0.12121212121212122
136,0.0,0.4,0.4,0.2
137,0.875,0.03125,0.0,0.09375
138,0.0,0.25,0.75,0.0
139,0.8666666666666667,0.06666666666666667,0.0,0.06666666666666667
140,0.06666666666666667,0.7333333333333333,0.0,0.2
141,0.0,0.20224719101123595,0.7490636704119851,0.04868913857677903
142,0.0,0.14285714285714285,0.8571428571428571,0.0
143,0.3333333333333333,0.25,0.0,0.4166666666666667
144,0.0,0.0,0.0,1.0
145,0.07142857142857142,0.8095238095238095,0.0,0.11904761904761904
146,0.0,0.6363636363636364,0.32167832167832167,0.04195804195804196
147,0.0,0.20253164556962025,0.5274261603375527,0.270042194092827
148,0.2222222222222222,0.4111111111111111,0.36666666666666664,0.0
149,0.0,0.23684210526315788,0.6403508771929824,0.12280701754385964
150,0.0,0.06584362139917696,0.8724279835390947,0.06172839506172839
151,0.18181818181818182,0.22727272727272727,0.5909090909090909,0.0
152,0.2396694214876033,0.0,0.35537190082644626,0.4049586776859504
153,0.0,0.2079207920792079,0.6831683168316832,0.10891089108910891
154,0.0,0.20987654320987653,0.5308641975308642,0.25925925925925924
155,0.09696969696969697,0.0,0.5454545454545454,0.3575757575757576
156,0.8358974358974359,0.0,0.11282051282051282,0.05128205128205128
157,0.1951219512195122,0.0,0.12195121951219512,0.6829268292682927
158,0.22162162162162163,0.6054054054054054,0.17297297297297298,0.0
159,0.0,0.225130890052356,0.675392670157068,0.09947643979057591
160,0.3557422969187675,0.453781512605042,0.0,0.19047619047619047
161,0.14601769911504425,0.2831858407079646,0.5707964601769911,0.0
162,0.8301886792452831,0.07547169811320754,0.0,0.09433962264150944
163,0.7868852459016393,0.17759562841530055,0.0,0.03551912568306011
164,0.26506024096385544,0.4457831325301205,0.2891566265060241,0.0
165,0.6741573033707865,0.2247191011235955,0.0,0.10112359550561797
166,0.5895953757225434,0.3236994219653179,0.0,0.08670520231213873
167,0.611731843575419,0.19553072625698323,0.19273743016759776,0.0
168,0.0,0.08620689655172414,0.735632183908046,0.1781609195402299
169,0.17889908256880735,0.7591743119266054,0.0,0.06192660550458716
170,0.1834862385321101,0.0,0.3119266055045872,0.5045871559633027
171,0.0,0.17708333333333334,0.34375,0.4791666666666667
172,0.8755760368663594,0.0,0.08294930875576037,0.041474654377880185
173,0.0,0.23958333333333334,0.375,0.3854166666666667
174,0.0,0.18333333333333332,0.5416666666666666,0.275
175,0.4,0.47160493827160493,0.0,0.12839506172839507
176,0.18282548476454294,0.0,0.5290858725761773,0.2880886426592798
177,0.5263157894736842,0.21052631578947367,0.2631578947368421,0.0
178,0.0,0.509090909090909,0.09090909090909091,0.4
179,0.04081632653061224,0.0,0.04081632653061224,0.9183673469387755
180,0.3157894736842105,0.3368421052631579,0.0,0.3473684210526316
181,0.35185185185185186,0.0,0.2962962962962963,0.35185185185185186
182,0.0,0.04205607476635514,0.14018691588785046,0.8177570093457944
183,0.08421052631578947,0.0,0.9052631578947369,0.010526315789473684
184,0.0,0.67,0.27,0.06
185,0.4473684210526316,0.39473684210526316,0.0,0.15789473684210525
186,0.0,0.42718446601941745,0.5631067961165048,0.009708737864077669
187,0.0,0.24705882352941178,0.6705882352941176,0.08235294117647059
188,0.3370165745856354,0.15193370165745856,0.0,0.511049723756906
189,0.5294117647058824,0.23529411764705882,0.23529411764705882,0.0
190,0.21212121212121213,0.30303030303030304,0.48484848484848486,0.0
191,0.0858085808580858,0.0,0.45544554455445546,0.45874587458745875
192,0.09693877551020408,0.0,0.8826530612244898,0.02040816326530612
193,0.0,0.008620689655172414,0.9310344827586207,0.0603448275862069
194,0.5138888888888888,0.4861111111111111,0.0,0.0
195,0.1111111111111111,0.2222222222222222,0.0,0.6666666666666666
196,0.9133333333333333,0.02,0.0,0.06666666666666667
197,0.08695652173913043,0.0,0.4782608695652174,0.43478260869565216
198,0.0,0.9836065573770492,0.01092896174863388,0.00546448087431694
199,0.25,0.25,0.0,0.5
200,0.0,0.23333333333333334,0.6666666666666666,0.1
201,0.5046728971962616,0.42990654205607476,0.0,0.06542056074766354
202,0.42857142857142855,0.14285714285714285,0.42857142857142855,0.0
203,0.7081545064377682,0.0,0.10300429184549356,0.1888412017167382
204,0.0,0.04838709677419355,0.45161290322580644,0.5
205,0.38144329896907214,0.0,0.4639175257731959,0.15463917525773196
206,0.07575757575757576,0.0,0.4696969696969697,0.45454545454545453
207,0.0,0.21379310344827587,0.47586206896551725,0.3103448275862069
208,0.2,0.2,0.6,0.0
209,0.07692307692307693,0.11538461538461539,0.0,0.8076923076923077
210,0.0,0.1111111111111111,0.8148148148148148,0.07407407407407407
211,0.17647058823529413,0.0,0.14705882352941177,0.6764705882352942
212,0.22448979591836735,0.0,0.2857142857142857,0.4897959183673469
213,0.0,0.2054794520547945,0.6438356164383562,0.1506849315068493
214,0.18181818181818182,0.6233766233766234,0.0,0.19480519480519481
215,0.3525641025641026,0.3333333333333333,0.0,0.3141025641025641
216,0.8181818181818182,0.13636363636363635,0.0,0.045454545454545456
217,0.0,0.6,0.1,0.3
218,0.3870967741935484,0.0,0.12903225806451613,0.4838709677419355
219,0.0,0.225,0.45,0.325
220,0.38144329896907214,0.0,0.13402061855670103,0.4845360824742268
221,0.5882352941176471,0.2647058823529412,0.0,0.14705882352941177
222,0.058823529411764705,0.3235294117647059,0.6176470588235294,0.0
223,0.6,0.0,0.2,0.2
224,0.12871287128712872,0.0,0.19801980198019803,0.6732673267326733
225,0.0,0.14285714285714285,0.5178571428571429,0.3392857142857143
226,0.3076923076923077,0.0,0.0,0.6923076923076923
227,0.5925925925925926,0.2962962962962963,0.0,0.1111111111111111
228,0.0,0.07264957264957266,0.9017094017094017,0.02564102564102564
229,0.6103896103896104,0.38311688311688313,0.0,0.006493506493506494
230,0.18888888888888888,0.0,0.35555555555555557,0.45555555555555555
231,0.0,0.21739130434782608,0.6086956521739131,0.17391304347826086
232,0.15151515151515152,0.0,0.09090909090909091,0.7575757575757576
233,0.0,0.09900990099009901,0.46534653465346537,0.43564356435643564
234,0.3543307086614173,0.25196850393700787,0.0,0.3937007874015748
235,0.18032786885245902,0.6065573770491803,0.21311475409836064,0.0
236,0.03867403314917127,0.0,0.40331491712707185,0.5580110497237569
237,0.11764705882352941,0.7058823529411765,0.17647058823529413,0.0
238,0.0,0.14705882352941177,0.058823529411764705,0.7941176470588235
239,0.017391304347826087,0.0,0.02608695652173913,0.9565217391304348
240,0.0,0.46296296296296297,0.12962962962962962,0.4074074074074074
241,0.2,0.1,0.7,0.0
242,0.7,0.0,0.0,0.3
243,0.03636363636363636,0.8727272727272727,0.0,0.09090909090909091
244,0.0,0.1,0.7,0.2
245,0.80083857442348,0.15932914046121593,0.0,0.039832285115303984
246,0.09366391184573003,0.0,0.1184573002754821,0.7878787878787878
247,0.1,0.0,0.9,0.0
248,0.845771144278607,0.06467661691542288,0.0,0.08955223880597014
249,0.0,0.6567164179104478,0.22388059701492538,0.11940298507462686
250,0.25675675675675674,0.6756756756756757,0.0,0.06756756756756757
251,0.5141242937853108,0.0,0.2853107344632768,0.20056497175141244
252,0.0,0.03669724770642202,0.963302752293578,0.0
253,0.7272727272727273,0.2727272727272727,0.0,0.0
254,0.19572953736654805,0.0,0.3665480427046263,0.4377224199288256
255,0.14285714285714285,0.0,0.5714285714285714,0.2857142857142857
256,0.0,0.0,1.0,0.0
257,0.2289156626506024,0.7228915662650602,0.0,0.04819277108433735
258,0.0,0.2153846153846154,0.7692307692307693,0.015384615384615385
259,0.17412935323383086,0.7860696517412935,0.0,0.03980099502487562
260,0.0,0.047872340425531915,0.8936170212765957,0.05851063829787234
261,0.07407407407407407,0.7777777777777778,0.14814814814814814,0.0
262,0.6893939393939394,0.0,0.030303030303030304,0.2803030303030303
263,0.10465116279069768,0.8081395348837209,0.0872093023255814,0.0
264,0.25,0.25,0.0,0.5
265,0.0,0.47619047619047616,0.47619047619047616,0.047619047619047616
266,0.24644549763033174,0.7227488151658767,0.0,0.030805687203791468
267,0.3333333333333333,0.16666666666666666,0.0,0.5
268,0.0,1.0,0.0,0.0
269,0.3125,0.0,0.25,0.4375
270,0.0,0.05555555555555555,0.25925925925925924,0.6851851851851852
271,0.2,0.0,0.0,0.8
272,0.5,0.16666666666666666,0.0,0.3333333333333333
273,0.5,0.16666666666666666,0.0,0.3333333333333333
274,0.25,0.0,0.6666666666666666,0.08333333333333333
275,0.1111111111111111,0.0,0.4444444444444444,0.4444444444444444
276,0.6258503401360545,0.2653061224489796,0.0,0.10884353741496598
277,0.16666666666666666,0.5833333333333334,0.25,0.0
278,0.1950354609929078,0.6684397163120568,0.0,0.13652482269503546
279,0.0,0.5555555555555556,0.4444444444444444,0.0
280,0.0,0.08695652173913043,0.0,0.9130434782608695
281,0.0,0.9010989010989011,0.0989010989010989,0.0
282,0.0,1.0,0.0,0.0
283,0.0,0.036231884057971016,0.0,0.9637681159420289
284,0.0024937655860349127,0.0,0.014962593516209476,0.9825436408977556
285,0.0,0.18181818181818182,0.8181818181818182,0.0
286,0.2857142857142857,0.2857142857142857,0.0,0.42857142857142855
287,0.0,0.9166666666666666,0.08333333333333333,0.0
288,0.8283582089552238,0.0,0.0,0.17164179104477612
289,0.07352941176470588,0.0,0.5147058823529411,0.4117647058823529
290,0.2,0.23333333333333334,0.5666666666666667,0.0
291,0.0,0.9431818181818182,0.056818181818181816,0.0
292,0.5,0.14705882352941177,0.0,0.35294117647058826
293,0.0,0.12903225806451613,0.6129032258064516,0.25806451612903225
294,0.0,0.3333333333333333,0.0,0.6666666666666666
295,0.0,0.2727272727272727,0.5454545454545454,0.18181818181818182
296,0.2631578947368421,0.2631578947368421,0.47368421052631576,0.0
297,0.6363636363636364,0.0,0.09090909090909091,0.2727272727272727
298,0.3333333333333333,0.3333333333333333,0.3333333333333333,0.0
299,0.4,0.0,0.0,0.6
300,0.0,0.6666666666666666,0.3333333333333333,0.0
301,,,,
302,,,,
303,0.0,0.0,0.0,1.0
304,,,,
305,,,,
306,0.0,0.0,1.0,0.0
307,,,,
308,,,,
309,,,,
310,,,,
311,,,,
312,,,,
313,,,,
314,,,,
315,,,,
