,A,C,G,T
0,,,,
1,,,,
2,1.0,0.0,0.0,0.0
3,0.7142857142857143,0.23809523809523808,0.0,0.047619047619047616
4,0.42857142857142855,0.39285714285714285,0.17857142857142858,0.0
5,0.2777777777777778,0.5277777777777778,0.0,0.19444444444444445
6,0.65625,0.0,0.03125,0.3125
7,0.0,0.25,0.16666666666666666,0.5833333333333334
8,0.6022727272727273,0.36363636363636365,0.0,0.03409090909090909
9,0.04838709677419355,0.0,0.04838709677419355,0.9032258064516129
10,,,,
11,0.1875,0.625,0.0,0.1875
12,0.07692307692307693,0.9230769230769231,0.0,0.0
13,0.875,0.0625,0.0625,0.0
14,0.8,0.0,0.0,0.2
15,0.0,0.8,0.0,0.2
16,0.0,0.8333333333333334,0.0,0.16666666666666666
17,0.7027027027027027,0.2702702702702703,0.0,0.02702702702702703
18,0.5,0.0,0.5,0.0
19,0.0,0.0,0.0,1.0
20,0.10204081632653061,0.1836734693877551,0.7142857142857143,0.0
21,,,,
22,0.0,0.0,0.0,1.0
23,0.5,0.32142857142857145,0.0,0.17857142857142858
24,0.0,0.0,0.0,1.0
25,0.25,0.25,0.0,0.5
26,0.0,0.5454545454545454,0.45454545454545453,0.0
27,0.8571428571428571,0.09523809523809523,0.0,0.047619047619047616
28,0.3333333333333333,0.6666666666666666,0.0,0.0
29,0.3333333333333333,0.0,0.05555555555555555,0.6111111111111112
30,0.0,0.5,0.0,0.5
31,0.0,0.5,0.5,0.0
32,0.2631578947368421,0.631578947368421,0.0,0.10526315789473684
33,0.4,0.6,0.0,0.0
34,0.0,1.0,0.0,0.0
35,0.0,0.0,0.25,0.75
36,0.2,0.0,0.0,0.8
37,0.0,0.3333333333333333,0.6666666666666666,0.0
38,0.17647058823529413,0.6470588235294118,0.0,0.17647058823529413
39,0.0,0.0,0.0,1.0
40,0.0,0.0,0.2,0.8
41,0.23809523809523808,0.047619047619047616,0.7142857142857143,0.0
42,0.0,0.0,0.0,1.0
43,0.2857142857142857,0.5714285714285714,0.0,0.14285714285714285
44,0.2222222222222222,0.5555555555555556,0.0,0.2222222222222222
45,0.0,0.12,0.88,0.0
46,0.5,0.42592592592592593,0.0,0.07407407407407407
47,0.11538461538461539,0.34615384615384615,0.0,0.5384615384615384
48,0.25,0.5,0.25,0.0
49,1.0,0.0,0.0,0.0
50,0.21428571428571427,0.0,0.21428571428571427,0.5714285714285714
51,0.06666666666666667,0.0,0.6,0.3333333333333333
52,0.0,0.5,0.5,0.0
53,0.3076923076923077,0.6923076923076923,0.0,0.0
54,0.0,0.5416666666666666,0.4166666666666667,0.041666666666666664
55,0.12121212121212122,0.45454545454545453,0.0,0.42424242424242425
56,0.0,0.10344827586206896,0.4827586206896552,0.41379310344827586
57,0.6923076923076923,0.0,0.23076923076923078,0.07692307692307693
58,0.0,0.3333333333333333,0.6666666666666666,0.0
59,0.06666666666666667,0.0,0.9333333333333333,0.0
60,0.2857142857142857,0.14285714285714285,0.5714285714285714,0.0
61,0.5,0.0,0.0,0.5
62,0.24324324324324326,0.0,0.35135135135135137,0.40540540540540543
63,0.0,0.5,0.5,0.0
64,0.0,0.0,0.0,1.0
65,0.0,0.75,0.25,0.0
66,0.23076923076923078,0.15384615384615385,0.0,0.6153846153846154
67,0.4057971014492754,0.0,0.028985507246376812,0.5652173913043478
68,0.0,0.1956521739130435,0.5,0.30434782608695654
69,0.6875,0.0,0.0,0.3125
70,0.04,0.0,0.64,0.32
71,0.15789473684210525,0.8157894736842105,0.0,0.02631578947368421
72,0.14285714285714285,0.42857142857142855,0.42857142857142855,0.0
73,0.5,0.0,0.0,0.5
74,0.7777777777777778,0.14814814814814814,0.07407407407407407,0.0
75,0.5,0.0,0.0,0.5
76,0.4166666666666667,0.08333333333333333,0.0,0.5
77,0.0,0.782608695652174,0.043478260869565216,0.17391304347826086
78,0.375,0.375,0.25,0.0
79,0.16666666666666666,0.6666666666666666,0.16666666666666666,0.0
80,0.25,0.0,0.041666666666666664,0.7083333333333334
81,0.0,0.45454545454545453,0.3409090909090909,0.20454545454545456
82,0.30952380952380953,0.0,0.32142857142857145,0.36904761904761907
83,0.26865671641791045,0.0,0.373134328358209,0.3582089552238806
84,0.36363636363636365,0.45454545454545453,0.18181818181818182,0.0
85,0.2857142857142857,0.5714285714285714,0.14285714285714285,0.0
86,0.1875,0.0,0.125,0.6875
87,0.0,0.2857142857142857,0.6428571428571429,0.07142857142857142
88,0.7317073170731707,0.21951219512195122,0.0,0.04878048780487805
89,0.2222222222222222,0.6666666666666666,0.1111111111111111,0.0
90,0.0,0.13333333333333333,0.7111111111111111,0.15555555555555556
91,0.6201550387596899,0.26356589147286824,0.0,0.11627906976744186
92,0.16260162601626016,0.0,0.17073170731707318,0.6666666666666666
93,0.0,0.9130434782608695,0.08695652173913043,0.0
94,0.0,0.24444444444444444,0.06666666666666667,0.6888888888888889
95,0.08333333333333333,0.8333333333333334,0.08333333333333333,0.0
96,0.5,0.5,0.0,0.0
97,0.4807692307692308,0.38461538461538464,0.0,0.1346153846153846
98,0.2857142857142857,0.0,0.42857142857142855,0.2857142857142857
99,0.0,0.3611111111111111,0.2222222222222222,0.4166666666666667
100,0.3333333333333333,0.3333333333333333,0.3333333333333333,0.0
101,0.25,0.4375,0.0,0.3125
102,0.5384615384615384,0.0,0.0,0.46153846153846156
103,0.0,0.6153846153846154,0.07692307692307693,0.3076923076923077
104,0.05263157894736842,0.0,0.21052631578947367,0.7368421052631579
105,0.0,0.5,0.5,0.0
106,0.0,0.0,0.0,1.0
107,0.0,0.0,0.0,1.0
108,0.14285714285714285,0.42857142857142855,0.0,0.42857142857142855
109,0.0,1.0,0.0,0.0
110,0.5555555555555556,0.0,0.1111111111111111,0.3333333333333333
111,0.25,0.0,0.25,0.5
112,,,,
113,0.14285714285714285,0.0,0.0,0.8571428571428571
114,0.5,0.0,0.5,0.0
115,0.0,0.14285714285714285,0.2857142857142857,0.5714285714285714
116,0.6666666666666666,0.3333333333333333,0.0,0.0
117,0.10526315789473684,0.6842105263157895,0.0,0.21052631578947367
118,0.1,0.0,0.1,0.8
119,0.125,0.75,0.125,0.0
120,0.0,0.0,1.0,0.0
121,0.8,0.0,0.0,0.2
122,0.0,0.2857142857142857,0.6190476190476191,0.09523809523809523
123,0.0,0.0,0.0,1.0
124,0.6666666666666666,0.0,0.0,0.3333333333333333
125,0.5625,0.0,0.4375,0.0
126,0.0,0.7222222222222222,0.2777777777777778,0.0
127,0.0,0.09090909090909091,0.8181818181818182,0.09090909090909091
128,1.0,0.0,0.0,0.0
129,0.5,0.25,0.0,0.25
130,0.42857142857142855,0.2857142857142857,0.0,0.2857142857142857
131,0.6981132075471698,0.18867924528301888,0.0,0.11320754716981132
132,0.0967741935483871,0.0,0.22580645161290322,0.6774193548387096
133,0.027777777777777776,0.3333333333333333,0.6388888888888888,0.0
134,0.0,0.13829787234042554,0.031914893617021274,0.8297872340425532
135,0.375,0.625,0.0,0.0
136,0.0,0.10344827586206896,0.8275862068965517,0.06896551724137931
137,0.8571428571428571,0.09523809523809523,0.0,0.047619047619047616
138,0.11764705882352941,0.0,0.8823529411764706,0.0
139,0.125,0.0,0.0,0.875
140,0.25,0.25,0.0,0.5
141,0.22727272727272727,0.5909090909090909,0.0,0.18181818181818182
142,0.18181818181818182,0.0,0.8181818181818182,0.0
143,0.3333333333333333,0.027777777777777776,0.0,0.6388888888888888
144,0.6153846153846154,0.0,0.0,0.38461538461538464
145,0.10810810810810811,0.0,0.7567567567567568,0.13513513513513514
146,0.0,0.14285714285714285,0.19047619047619047,0.6666666666666666
147,0.2777777777777778,0.4666666666666667,0.0,0.25555555555555554
148,0.23809523809523808,0.19047619047619047,0.5714285714285714,0.0
149,0.06666666666666667,0.6444444444444445,0.28888888888888886,0.0
150,0.0,0.13953488372093023,0.627906976744186,0.23255813953488372
151,0.09090909090909091,0.5454545454545454,0.36363636363636365,0.0
152,0.0,0.21739130434782608,0.09782608695652174,0.6847826086956522
153,0.3684210526315789,0.4473684210526316,0.18421052631578946,0.0
154,0.2571428571428571,0.5714285714285714,0.0,0.17142857142857143
155,0.5517241379310345,0.20689655172413793,0.0,0.2413793103448276
156,0.11392405063291139,0.6708860759493671,0.21518987341772153,0.0
157,0.0,0.5147058823529411,0.04411764705882353,0.4411764705882353
158,0.3076923076923077,0.4230769230769231,0.2692307692307692,0.0
159,0.3333333333333333,0.5,0.0,0.16666666666666666
160,0.0,0.5714285714285714,0.42857142857142855,0.0
161,0.34285714285714286,0.0,0.6,0.05714285714285714
162,0.22727272727272727,0.0,0.0,0.7727272727272727
163,0.2692307692307692,0.5769230769230769,0.0,0.15384615384615385
164,0.0,0.6829268292682927,0.2682926829268293,0.04878048780487805
165,0.0,0.38461538461538464,0.4230769230769231,0.19230769230769232
166,0.4305555555555556,0.4027777777777778,0.0,0.16666666666666666
167,0.5588235294117647,0.3235294117647059,0.11764705882352941,0.0
168,0.0,0.42105263157894735,0.47368421052631576,0.10526315789473684
169,0.0,0.3469387755102041,0.3673469387755102,0.2857142857142857
170,0.37209302325581395,0.20930232558139536,0.4186046511627907,0.0
171,0.0,0.4027777777777778,0.5555555555555556,0.041666666666666664
172,0.0,0.3880597014925373,0.4925373134328358,0.11940298507462686
173,0.0,0.22807017543859648,0.7017543859649122,0.07017543859649122
174,0.19753086419753085,0.1728395061728395,0.6296296296296297,0.0
175,0.0,0.13043478260869565,0.17391304347826086,0.6956521739130435
176,0.0625,0.0,0.0625,0.875
177,0.4,0.24,0.36,0.0
178,0.0,0.6666666666666666,0.13333333333333333,0.2
179,0.0,0.7878787878787878,0.21212121212121213,0.0
180,0.7428571428571429,0.02857142857142857,0.0,0.22857142857142856
181,0.07954545454545454,0.0,0.6818181818181818,0.23863636363636365
182,0.0,0.09090909090909091,0.45454545454545453,0.45454545454545453
183,0.7272727272727273,0.09090909090909091,0.0,0.18181818181818182
184,0.0,0.2727272727272727,0.7272727272727273,0.0
185,0.18181818181818182,0.0,0.22727272727272727,0.5909090909090909
186,0.0,0.23076923076923078,0.7692307692307693,0.0
187,0.0,0.0,0.09090909090909091,0.9090909090909091
188,0.22727272727272727,0.0,0.09090909090909091,0.6818181818181818
189,0.3333333333333333,0.3888888888888889,0.0,0.2777777777777778
190,0.2,0.4,0.4,0.0
191,0.14285714285714285,0.14285714285714285,0.0,0.7142857142857143
192,0.0,0.5172413793103449,0.3793103448275862,0.10344827586206896
193,0.0,0.2037037037037037,0.7962962962962963,0.0
194,0.375,0.25,0.0,0.375
195,0.6666666666666666,0.0,0.0,0.3333333333333333
196,0.0,0.0,0.0,1.0
197,0.7777777777777778,0.0,0.0,0.2222222222222222
198,1.0,0.0,0.0,0.0
199,0.4,0.0,0.0,0.6
200,0.0,0.1875,0.75,0.0625
201,0.1,0.8,0.1,0.0
202,0.0,0.0,1.0,0.0
203,0.6666666666666666,0.0,0.2222222222222222,0.1111111111111111
204,0.0,0.07692307692307693,0.8846153846153846,0.038461538461538464
205,0.2558139534883721,0.0,0.20930232558139536,0.5348837209302325
206,0.42857142857142855,0.0,0.2857142857142857,0.2857142857142857
207,0.0,0.0,0.8292682926829268,0.17073170731707318
208,0.2857142857142857,0.14285714285714285,0.5714285714285714,0.0
209,0.05263157894736842,0.0,0.631578947368421,0.3157894736842105
210,0.30434782608695654,0.043478260869565216,0.6521739130434783,0.0
211,,,,
212,0.0,0.0,0.3125,0.6875
213,0.0,0.5,0.5,0.0
214,0.75,0.08333333333333333,0.0,0.16666666666666666
215,0.0,0.030303030303030304,0.9090909090909091,0.06060606060606061
216,0.0,0.0,0.0,1.0
217,0.0,0.5,0.5,0.0
218,0.4666666666666667,0.0,0.4,0.13333333333333333
219,0.0,0.2727272727272727,0.7272727272727273,0.0
220,0.0,0.3181818181818182,0.22727272727272727,0.45454545454545453
221,0.08108108108108109,0.7297297297297297,0.1891891891891892,0.0
222,0.2,0.04,0.76,0.0
223,0.17391304347826086,0.0,0.043478260869565216,0.782608695652174
224,0.1388888888888889,0.0,0.6944444444444444,0.16666666666666666
225,0.0,0.42857142857142855,0.5714285714285714,0.0
226,0.0,0.0,0.9375,0.0625
227,0.68,0.24,0.0,0.08
228,0.0,0.0,0.9285714285714286,0.07142857142857142
229,0.0,0.09523809523809523,0.8095238095238095,0.09523809523809523
230,0.0975609756097561,0.0,0.12195121951219512,0.7804878048780488
231,0.0,0.1111111111111111,0.6666666666666666,0.2222222222222222
232,0.05,0.0,0.025,0.925
233,0.5039370078740157,0.25984251968503935,0.0,0.23622047244094488
234,0.14772727272727273,0.0,0.5568181818181818,0.29545454545454547
235,0.1111111111111111,0.4444444444444444,0.4444444444444444,0.0
236,0.2676056338028169,0.5915492957746479,0.0,0.14084507042253522
237,0.15384615384615385,0.23076923076923078,0.6153846153846154,0.0
238,0.0,0.16666666666666666,0.06666666666666667,0.7666666666666667
239,0.0,0.6363636363636364,0.36363636363636365,0.0
240,0.0,0.0,0.17391304347826086,0.8260869565217391
241,0.0,0.25,0.75,0.0
242,0.328125,0.390625,0.0,0.28125
243,0.0,0.0,1.0,0.0
244,0.0,0.25,0.25,0.5
245,0.0,0.5945945945945946,0.32432432432432434,0.08108108108108109
246,0.0,0.7619047619047619,0.14285714285714285,0.09523809523809523
247,0.0,0.0,1.0,0.0
248,0.5384615384615384,0.15384615384615385,0.0,0.3076923076923077
249,0.0,0.0,0.8717948717948718,0.1282051282051282
250,0.0,0.38636363636363635,0.5909090909090909,0.022727272727272728
251,0.3076923076923077,0.0,0.05128205128205128,0.6410256410256411
252,0.0,0.3870967741935484,0.3548387096774194,0.25806451612903225
253,0.5128205128205128,0.4358974358974359,0.0,0.05128205128205128
254,0.022222222222222223,0.0,0.08888888888888889,0.8888888888888888
255,0.3076923076923077,0.0,0.3076923076923077,0.38461538461538464
256,0.0,0.4,0.6,0.0
257,0.2,0.6666666666666666,0.0,0.13333333333333333
258,0.0,0.36363636363636365,0.6363636363636364,0.0
259,0.5555555555555556,0.4444444444444444,0.0,0.0
260,0.0,0.2857142857142857,0.7142857142857143,0.0
261,0.2916666666666667,0.25,0.0,0.4583333333333333
262,0.11382113821138211,0.0,0.13008130081300814,0.7560975609756098
263,0.07407407407407407,0.0,0.25925925925925924,0.6666666666666666
264,,,,
265,0.0,0.7391304347826086,0.2608695652173913,0.0
266,0.4,0.3875,0.0,0.2125
267,0.5,0.0,0.0,0.5
268,0.0,0.0,1.0,0.0
269,0.0,0.0,0.06666666666666667,0.9333333333333333
270,0.0,0.0,0.7,0.3
271,0.0,0.0,0.3333333333333333,0.6666666666666666
272,0.375,0.5,0.0,0.125
273,0.0,0.0,0.0,1.0
274,0.0,0.0,1.0,0.0
275,0.0975609756097561,0.4878048780487805,0.4146341463414634,0.0
276,0.7083333333333334,0.25,0.0,0.041666666666666664
277,0.1,0.9,0.0,0.0
278,0.1935483870967742,0.45161290322580644,0.0,0.3548387096774194
279,0.0,0.0,1.0,0.0
280,0.0,0.0,0.5,0.5
281,0.0,0.9375,0.0625,0.0
282,0.0,0.8,0.2,0.0
283,0.0,0.0,0.02564102564102564,0.9743589743589743
284,0.0,0.0,0.018867924528301886,0.9811320754716981
285,0.5,0.0,0.5,0.0
286,1.0,0.0,0.0,0.0
287,0.0,0.8666666666666667,0.13333333333333333,0.0
288,0.36363636363636365,0.0,0.0,0.6363636363636364
289,0.023255813953488372,0.0,0.06976744186046512,0.9069767441860465
290,0.19047619047619047,0.7619047619047619,0.0,0.047619047619047616
291,0.0,0.9473684210526315,0.05263157894736842,0.0
292,0.7692307692307693,0.23076923076923078,0.0,0.0
293,0.0,0.0,1.0,0.0
294,0.5,0.0,0.0,0.5
295,,,,
296,0.6666666666666666,0.3333333333333333,0.0,0.0
297,0.0,0.0,0.3333333333333333,0.6666666666666666
298,0.0,0.6666666666666666,0.3333333333333333,0.0
299,1.0,0.0,0.0,0.0
300,,,,
301,0.0,0.0,1.0,0.0
302,,,,
303,0.0,0.0,1.0,0.0
304,,,,
305,0.0,0.0,1.0,0.0
306,,,,
307,,,,
308,,,,
309,,,,
310,,,,
311,,,,
312,,,,
313,,,,
314,,,,
315,,,,
