,A,C,G,T
0,,,,
1,,,,
2,0.6666666666666666,0.0,0.0,0.3333333333333333
3,0.0,0.9722222222222222,0.0,0.027777777777777776
4,,,,
5,0.8571428571428571,0.0,0.0,0.14285714285714285
6,,,,
7,0.0,0.0,1.0,0.0
8,0.40384615384615385,0.3269230769230769,0.0,0.2692307692307692
9,0.25,0.0,0.0,0.75
10,,,,
11,0.8333333333333334,0.0,0.0,0.16666666666666666
12,0.0,0.0,0.0,1.0
13,0.0,0.0,0.4,0.6
14,0.6,0.4,0.0,0.0
15,0.0,1.0,0.0,0.0
16,0.0,1.0,0.0,0.0
17,1.0,0.0,0.0,0.0
18,,,,
19,,,,
20,0.0,0.9714285714285714,0.0,0.02857142857142857
21,,,,
22,0.23529411764705882,0.7647058823529411,0.0,0.0
23,0.0,0.0,0.6666666666666666,0.3333333333333333
24,0.0,0.0,0.0,1.0
25,,,,
26,0.0,0.1,0.6,0.3
27,1.0,0.0,0.0,0.0
28,0.0,1.0,0.0,0.0
29,0.0,0.2222222222222222,0.6296296296296297,0.14814814814814814
30,0.0,0.0,1.0,0.0
31,,,,
32,0.75,0.25,0.0,0.0
33,0.375,0.25,0.0,0.375
34,0.0,0.6666666666666666,0.3333333333333333,0.0
35,1.0,0.0,0.0,0.0
36,0.0,0.09090909090909091,0.9090909090909091,0.0
37,0.0,0.6,0.4,0.0
38,0.0,0.3333333333333333,0.0,0.6666666666666666
39,0.0,0.0,0.5,0.5
40,0.0,0.0,0.0,1.0
41,0.0,0.5833333333333334,0.4166666666666667,0.0
42,0.0,0.0,1.0,0.0
43,0.0,0.0,0.6666666666666666,0.3333333333333333
44,0.0,0.07692307692307693,0.9230769230769231,0.0
45,0.0,0.0,1.0,0.0
46,0.0,1.0,0.0,0.0
47,0.0,0.0,0.0,1.0
48,,,,
49,0.3333333333333333,0.0,0.3333333333333333,0.3333333333333333
50,1.0,0.0,0.0,0.0
51,,,,
52,,,,
53,0.6666666666666666,0.0,0.0,0.3333333333333333
54,0.5,0.0,0.5,0.0
55,0.3333333333333333,0.0,0.0,0.6666666666666666
56,0.5833333333333334,0.0,0.08333333333333333,0.3333333333333333
57,0.0,0.0,1.0,0.0
58,0.0,0.0,1.0,0.0
59,0.0,0.0,0.9090909090909091,0.09090909090909091
60,0.0,0.25,0.0,0.75
61,0.5,0.0,0.2,0.3
62,0.0,0.0,0.7142857142857143,0.2857142857142857
63,,,,
64,0.0,1.0,0.0,0.0
65,1.0,0.0,0.0,0.0
66,0.8125,0.041666666666666664,0.0,0.14583333333333334
67,0.44,0.0,0.28,0.28
68,0.0,1.0,0.0,0.0
69,0.8571428571428571,0.07142857142857142,0.0,0.07142857142857142
70,,,,
71,0.2,0.0,0.6,0.2
72,0.0,0.6666666666666666,0.3333333333333333,0.0
73,0.0,0.0,0.0,1.0
74,0.05263157894736842,0.6842105263157895,0.2631578947368421,0.0
75,0.5,0.25,0.0,0.25
76,1.0,0.0,0.0,0.0
77,0.5,0.08333333333333333,0.4166666666666667,0.0
78,0.006756756756756757,0.033783783783783786,0.9594594594594594,0.0
79,0.0,0.29508196721311475,0.6311475409836066,0.07377049180327869
80,0.16666666666666666,0.0,0.1111111111111111,0.7222222222222222
81,0.25,0.5,0.25,0.0
82,0.0,0.0,0.0,1.0
83,0.0,0.0,0.1,0.9
84,0.0,0.21212121212121213,0.7878787878787878,0.0
85,0.2,0.4,0.4,0.0
86,0.2631578947368421,0.0,0.3684210526315789,0.3684210526315789
87,0.0,0.391304347826087,0.4782608695652174,0.13043478260869565
88,0.38,0.58,0.0,0.04
89,0.05714285714285714,0.0,0.04285714285714286,0.9
90,0.0,0.024390243902439025,0.975609756097561,0.0
91,0.22448979591836735,0.7142857142857143,0.0,0.061224489795918366
92,0.4,0.3333333333333333,0.26666666666666666,0.0
93,0.0,0.05434782608695652,0.9347826086956522,0.010869565217391304
94,0.44,0.30666666666666664,0.0,0.25333333333333335
95,0.3076923076923077,0.46153846153846156,0.23076923076923078,0.0
96,0.0,0.01652892561983471,0.3884297520661157,0.5950413223140496
97,0.0,0.38,0.32,0.3
98,0.03278688524590164,0.0,0.04918032786885246,0.9180327868852459
99,0.2727272727272727,0.5454545454545454,0.18181818181818182,0.0
100,0.6048387096774194,0.25806451612903225,0.0,0.13709677419354838
101,0.022058823529411766,0.875,0.0,0.10294117647058823
102,0.5,0.5,0.0,0.0
103,0.08695652173913043,0.0,0.0,0.9130434782608695
104,0.0,0.6666666666666666,0.0,0.3333333333333333
105,0.935251798561151,0.03597122302158273,0.0,0.02877697841726619
106,0.38333333333333336,0.6,0.0,0.016666666666666666
107,0.0,0.0,0.03571428571428571,0.9642857142857143
108,0.16666666666666666,0.5,0.3333333333333333,0.0
109,0.2857142857142857,0.2857142857142857,0.0,0.42857142857142855
110,0.0,0.5,0.0,0.5
111,0.0,0.3076923076923077,0.38461538461538464,0.3076923076923077
112,0.5,0.0,0.5,0.0
113,0.0,0.0,0.4,0.6
114,0.42857142857142855,0.0,0.2857142857142857,0.2857142857142857
115,0.375,0.25,0.0,0.375
116,0.024,0.904,0.0,0.072
117,,,,
118,0.0,0.5714285714285714,0.0,0.42857142857142855
119,0.75,0.25,0.0,0.0
120,0.06666666666666667,0.0,0.044444444444444446,0.8888888888888888
121,0.6857142857142857,0.0,0.08571428571428572,0.22857142857142856
122,0.6363636363636364,0.0,0.06818181818181818,0.29545454545454547
123,0.125,0.0,0.75,0.125
124,0.75,0.0,0.25,0.0
125,0.0,0.35,0.05,0.6
126,0.8,0.0,0.0,0.2
127,1.0,0.0,0.0,0.0
128,0.3,0.1,0.0,0.6
129,0.0,0.16666666666666666,0.8333333333333334,0.0
130,0.0,0.1875,0.5,0.3125
131,0.8181818181818182,0.0,0.0,0.18181818181818182
132,,,,
133,0.0,1.0,0.0,0.0
134,0.0,0.8880597014925373,0.09701492537313433,0.014925373134328358
135,1.0,0.0,0.0,0.0
136,0.0,0.8,0.2,0.0
137,0.5714285714285714,0.2857142857142857,0.0,0.14285714285714285
138,0.0,0.6666666666666666,0.0,0.3333333333333333
139,0.0,0.16666666666666666,0.16666666666666666,0.6666666666666666
140,0.9259259259259259,0.0,0.0,0.07407407407407407
141,0.3333333333333333,0.0,0.6666666666666666,0.0
142,0.0,0.0,0.0,1.0
143,0.0,1.0,0.0,0.0
144,0.0,0.9047619047619048,0.047619047619047616,0.047619047619047616
145,,,,
146,0.0,0.3333333333333333,0.6666666666666666,0.0
147,0.0,0.0,0.0,1.0
148,0.0,1.0,0.0,0.0
149,0.38571428571428573,0.5428571428571428,0.0,0.07142857142857142
150,0.6470588235294118,0.35294117647058826,0.0,0.0
151,0.0,0.125,0.5,0.375
152,0.0,0.0,0.0,1.0
153,0.0,0.3076923076923077,0.5384615384615384,0.15384615384615385
154,,,,
155,0.13793103448275862,0.0,0.034482758620689655,0.8275862068965517
156,0.0,0.7115384615384616,0.28846153846153844,0.0
157,0.0,0.10526315789473684,0.3157894736842105,0.5789473684210527
158,0.0,0.14285714285714285,0.8571428571428571,0.0
159,0.3230769230769231,0.5076923076923077,0.16923076923076924,0.0
160,0.0,0.3333333333333333,0.5185185185185185,0.14814814814814814
161,0.0380952380952381,0.9142857142857143,0.047619047619047616,0.0
162,0.0,0.1111111111111111,0.7777777777777778,0.1111111111111111
163,0.16216216216216217,0.8108108108108109,0.0,0.02702702702702703
164,0.038461538461538464,0.7692307692307693,0.19230769230769232,0.0
165,0.5,0.25,0.0,0.25
166,0.3333333333333333,0.4444444444444444,0.0,0.2222222222222222
167,0.2916666666666667,0.2916666666666667,0.0,0.4166666666666667
168,0.0,0.0784313725490196,0.6666666666666666,0.2549019607843137
169,0.4696969696969697,0.18181818181818182,0.0,0.3484848484848485
170,0.15555555555555556,0.0,0.022222222222222223,0.8222222222222222
171,0.0,0.55,0.35,0.1
172,0.022058823529411766,0.9264705882352942,0.051470588235294115,0.0
173,0.0,0.0,0.8,0.2
174,0.4,0.38181818181818183,0.21818181818181817,0.0
175,0.0,0.5,0.038461538461538464,0.46153846153846156
176,0.1111111111111111,0.0,0.5555555555555556,0.3333333333333333
177,0.16666666666666666,0.6666666666666666,0.16666666666666666,0.0
178,0.0,0.5384615384615384,0.15384615384615385,0.3076923076923077
179,0.045454545454545456,0.0,0.09090909090909091,0.8636363636363636
180,0.0,0.7142857142857143,0.2857142857142857,0.0
181,0.0,0.18181818181818182,0.7272727272727273,0.09090909090909091
182,0.058823529411764705,0.0,0.058823529411764705,0.8823529411764706
183,0.5,0.0,0.0,0.5
184,1.0,0.0,0.0,0.0
185,0.14285714285714285,0.6190476190476191,0.0,0.23809523809523808
186,0.0,0.25,0.75,0.0
187,0.25,0.0,0.0,0.75
188,0.2,0.0,0.6,0.2
189,0.0,0.0,0.0,1.0
190,0.0,0.0,1.0,0.0
191,0.10526315789473684,0.0,0.7894736842105263,0.10526315789473684
192,0.0,0.023255813953488372,0.9534883720930233,0.023255813953488372
193,0.0,0.06666666666666667,0.9,0.03333333333333333
194,0.0,0.6666666666666666,0.0,0.3333333333333333
195,0.0,0.23076923076923078,0.6923076923076923,0.07692307692307693
196,0.6842105263157895,0.3157894736842105,0.0,0.0
197,0.0,0.8888888888888888,0.1111111111111111,0.0
198,1.0,0.0,0.0,0.0
199,0.25,0.0,0.0,0.75
200,0.0,0.3333333333333333,0.5185185185185185,0.14814814814814814
201,0.16666666666666666,0.8333333333333334,0.0,0.0
202,0.25,0.5,0.25,0.0
203,0.03614457831325301,0.0,0.10843373493975904,0.8554216867469879
204,0.0,0.025,0.225,0.75
205,0.0,0.0,0.32432432432432434,0.6756756756756757
206,0.06451612903225806,0.0,0.8064516129032258,0.12903225806451613
207,0.0,0.23076923076923078,0.6153846153846154,0.15384615384615385
208,0.0,0.0,1.0,0.0
209,0.4666666666666667,0.1,0.0,0.43333333333333335
210,0.0,0.0,1.0,0.0
211,1.0,0.0,0.0,0.0
212,0.0,0.38235294117647056,0.3235294117647059,0.29411764705882354
213,0.4270833333333333,0.3854166666666667,0.0,0.1875
214,0.7931034482758621,0.10344827586206896,0.10344827586206896,0.0
215,0.0,0.056338028169014086,0.4788732394366197,0.4647887323943662
216,0.0,0.8,0.0,0.2
217,0.0,0.3333333333333333,0.6666666666666666,0.0
218,0.0,0.0,0.0,1.0
219,0.0,0.2857142857142857,0.5714285714285714,0.14285714285714285
220,0.05405405405405406,0.0,0.918918918918919,0.02702702702702703
221,0.17647058823529413,0.7647058823529411,0.0,0.058823529411764705
222,0.2,0.4,0.4,0.0
223,0.0,0.0,1.0,0.0
224,0.0273972602739726,0.0,0.0547945205479452,0.9178082191780822
225,0.0,0.2,0.76,0.04
226,0.0,0.06896551724137931,0.9310344827586207,0.0
227,0.25925925925925924,0.6666666666666666,0.0,0.07407407407407407
228,0.0,0.125,0.875,0.0
229,0.0,0.4583333333333333,0.5416666666666666,0.0
230,0.03333333333333333,0.0,0.06666666666666667,0.9
231,0.7916666666666666,0.0,0.16666666666666666,0.041666666666666664
232,0.0,0.0,0.625,0.375
233,0.3170731707317073,0.5365853658536586,0.0,0.14634146341463414
234,0.3333333333333333,0.3333333333333333,0.3333333333333333,0.0
235,1.0,0.0,0.0,0.0
236,0.06666666666666667,0.0,0.06666666666666667,0.8666666666666667
237,0.2857142857142857,0.2857142857142857,0.42857142857142855,0.0
238,0.07142857142857142,0.0,0.0,0.9285714285714286
239,0.3333333333333333,0.0,0.6666666666666666,0.0
240,0.07692307692307693,0.0,0.0,0.9230769230769231
241,0.0,0.0,1.0,0.0
242,0.6666666666666666,0.16666666666666666,0.0,0.16666666666666666
243,0.0,0.5,0.375,0.125
244,0.0,0.2222222222222222,0.7592592592592593,0.018518518518518517
245,0.4696969696969697,0.3787878787878788,0.0,0.15151515151515152
246,0.08695652173913043,0.0,0.34782608695652173,0.5652173913043478
247,0.0,1.0,0.0,0.0
248,,,,
249,0.0,0.5555555555555556,0.2222222222222222,0.2222222222222222
250,0.3779527559055118,0.5433070866141733,0.0,0.07874015748031496
251,0.0,0.0,0.6,0.4
252,0.25,0.125,0.625,0.0
253,,,,
254,0.19230769230769232,0.3076923076923077,0.5,0.0
255,0.25,0.5,0.0,0.25
256,0.0,0.0,1.0,0.0
257,0.1,0.4,0.0,0.5
258,0.0,0.0,0.0,1.0
259,0.0,0.0,1.0,0.0
260,0.033707865168539325,0.0,0.0898876404494382,0.8764044943820225
261,,,,
262,0.6666666666666666,0.0,0.0,0.3333333333333333
263,0.6666666666666666,0.0,0.0,0.3333333333333333
264,1.0,0.0,0.0,0.0
265,0.0,0.987012987012987,0.012987012987012988,0.0
266,0.95,0.05,0.0,0.0
267,,,,
268,,,,
269,0.3333333333333333,0.0,0.0,0.6666666666666666
270,0.0,0.0,0.0,1.0
271,,,,
272,,,,
273,,,,
274,,,,
275,0.0,0.0,0.2,0.8
276,0.5277777777777778,0.1111111111111111,0.0,0.3611111111111111
277,0.0,0.6666666666666666,0.3333333333333333,0.0
278,0.21839080459770116,0.3448275862068966,0.0,0.4367816091954023
279,,,,
280,0.0,0.0,0.0,1.0
281,0.0,1.0,0.0,0.0
282,,,,
283,0.0,0.0,0.0,1.0
284,0.021739130434782608,0.0,0.0,0.9782608695652174
285,0.3333333333333333,0.0,0.6666666666666666,0.0
286,,,,
287,0.0,0.4,0.6,0.0
288,0.75,0.0,0.0,0.25
289,0.5,0.0,0.0,0.5
290,0.11764705882352941,0.8823529411764706,0.0,0.0
291,0.0,0.7142857142857143,0.2857142857142857,0.0
292,,,,
293,0.0,0.0,1.0,0.0
294,0.0,0.058823529411764705,0.9411764705882353,0.0
295,0.0,0.0,0.125,0.875
296,,,,
297,,,,
298,,,,
299,,,,
300,,,,
301,,,,
302,,,,
303,,,,
304,,,,
305,0.0,0.0,0.0,1.0
306,,,,
307,,,,
308,,,,
309,,,,
310,,,,
311,,,,
312,,,,
313,,,,
314,,,,
315,,,,
