,A,C,G,T
0,,,,
1,,,,
2,0.696078431372549,0.029411764705882353,0.0,0.27450980392156865
3,0.45161290322580644,0.3467741935483871,0.0,0.20161290322580644
4,0.3181818181818182,0.6363636363636364,0.045454545454545456,0.0
5,0.6101694915254238,0.1016949152542373,0.0,0.288135593220339
6,0.6507936507936508,0.0,0.2222222222222222,0.12698412698412698
7,0.0,0.056074766355140186,0.35514018691588783,0.5887850467289719
8,0.6747720364741642,0.22188449848024316,0.0,0.1033434650455927
9,0.1743119266055046,0.0,0.12844036697247707,0.6972477064220184
10,0.2,0.4,0.4,0.0
11,0.6666666666666666,0.17687074829931973,0.0,0.1564625850340136
12,0.3333333333333333,0.0,0.4444444444444444,0.2222222222222222
13,0.0,0.025423728813559324,0.7457627118644068,0.2288135593220339
14,0.5748031496062992,0.31496062992125984,0.0,0.11023622047244094
15,0.030303030303030304,0.8484848484848485,0.0,0.12121212121212122
16,0.0,0.6774193548387096,0.16129032258064516,0.16129032258064516
17,0.8125,0.09375,0.0,0.09375
18,0.0,0.42857142857142855,0.5714285714285714,0.0
19,0.0,0.0,0.6,0.4
20,0.6,0.0,0.0,0.4
21,0.16666666666666666,0.16666666666666666,0.0,0.6666666666666666
22,0.6,0.3,0.0,0.1
23,0.4,0.0,0.3875,0.2125
24,0.6,0.0,0.4,0.0
25,0.42857142857142855,0.0,0.0,0.5714285714285714
26,0.0,0.4444444444444444,0.452991452991453,0.10256410256410256
27,0.5866666666666667,0.38666666666666666,0.0,0.02666666666666667
28,0.5217391304347826,0.391304347826087,0.0,0.08695652173913043
29,0.0,0.18243243243243243,0.6283783783783784,0.1891891891891892
30,0.0392156862745098,0.0,0.7450980392156863,0.21568627450980393
31,0.08421052631578947,0.021052631578947368,0.8947368421052632,0.0
32,0.30357142857142855,0.5178571428571429,0.0,0.17857142857142858
33,0.15714285714285714,0.5357142857142857,0.0,0.30714285714285716
34,0.0,0.9534883720930233,0.046511627906976744,0.0
35,0.5348837209302325,0.09302325581395349,0.0,0.37209302325581395
36,0.0,0.45161290322580644,0.5268817204301075,0.021505376344086023
37,0.0,0.060109289617486336,0.8852459016393442,0.0546448087431694
38,0.825,0.0875,0.0,0.0875
39,0.23076923076923078,0.0,0.46153846153846156,0.3076923076923077
40,0.125,0.0,0.1875,0.6875
41,0.023166023166023165,0.8687258687258688,0.10810810810810811,0.0
42,0.47619047619047616,0.21428571428571427,0.30952380952380953,0.0
43,0.21428571428571427,0.0,0.2857142857142857,0.5
44,0.26506024096385544,0.4939759036144578,0.0,0.24096385542168675
45,0.044444444444444446,0.8,0.0,0.15555555555555556
46,0.0,0.28169014084507044,0.7183098591549296,0.0
47,0.6730769230769231,0.15384615384615385,0.0,0.17307692307692307
48,0.0,0.35294117647058826,0.4117647058823529,0.23529411764705882
49,0.1,0.0,0.5,0.4
50,0.07692307692307693,0.0,0.36752136752136755,0.5555555555555556
51,0.10869565217391304,0.0,0.5217391304347826,0.3695652173913043
52,0.0,0.25,0.75,0.0
53,0.2857142857142857,0.22448979591836735,0.0,0.4897959183673469
54,0.2978723404255319,0.10638297872340426,0.5957446808510638,0.0
55,0.016666666666666666,0.0,0.0,0.9833333333333333
56,0.04716981132075472,0.0,0.18867924528301888,0.7641509433962265
57,0.5769230769230769,0.0,0.19230769230769232,0.23076923076923078
58,0.0,0.6153846153846154,0.38461538461538464,0.0
59,0.375,0.0,0.6,0.025
60,0.0,0.25301204819277107,0.30120481927710846,0.4457831325301205
61,0.055900621118012424,0.0,0.4409937888198758,0.5031055900621118
62,0.08974358974358974,0.0,0.4337606837606838,0.47649572649572647
63,0.14285714285714285,0.5714285714285714,0.2857142857142857,0.0
64,0.2727272727272727,0.2727272727272727,0.0,0.45454545454545453
65,0.03333333333333333,0.0,0.011111111111111112,0.9555555555555556
66,0.0,0.07741935483870968,0.4967741935483871,0.4258064516129032
67,0.141280353200883,0.0,0.7704194260485652,0.08830022075055188
68,0.2358490566037736,0.6132075471698113,0.1509433962264151,0.0
69,0.3114754098360656,0.45901639344262296,0.0,0.22950819672131148
70,0.0,0.7,0.3,0.0
71,0.06504065040650407,0.0,0.4715447154471545,0.4634146341463415
72,0.22,0.48,0.3,0.0
73,0.2857142857142857,0.0,0.14285714285714285,0.5714285714285714
74,0.3422459893048128,0.40641711229946526,0.25133689839572193,0.0
75,0.7720588235294118,0.125,0.0,0.10294117647058823
76,0.6229508196721312,0.28415300546448086,0.0,0.09289617486338798
77,0.445859872611465,0.47770700636942676,0.07643312101910828,0.0
78,0.2777777777777778,0.3611111111111111,0.0,0.3611111111111111
79,0.6103896103896104,0.28715728715728717,0.0,0.10245310245310245
80,0.2155688622754491,0.0,0.32934131736526945,0.4550898203592814
81,0.1259259259259259,0.5259259259259259,0.34814814814814815,0.0
82,0.2222222222222222,0.0,0.1111111111111111,0.6666666666666666
83,0.21,0.0,0.26,0.53
84,0.0,0.49894736842105264,0.2,0.30105263157894735
85,0.2564102564102564,0.5897435897435898,0.15384615384615385,0.0
86,0.19827586206896552,0.0,0.3879310344827586,0.41379310344827586
87,0.0,0.13020833333333334,0.7760416666666666,0.09375
88,0.510752688172043,0.3906810035842294,0.0,0.0985663082437276
89,0.29603729603729606,0.5011655011655012,0.20279720279720279,0.0
90,0.0,0.25506756756756754,0.6030405405405406,0.14189189189189189
91,0.6493150684931507,0.32054794520547947,0.0,0.030136986301369864
92,0.31555555555555553,0.5511111111111111,0.13333333333333333,0.0
93,0.26717557251908397,0.4707379134860051,0.26208651399491095,0.0
94,0.0,0.5,0.05191256830601093,0.44808743169398907
95,0.10158730158730159,0.0,0.1492063492063492,0.7492063492063492
96,0.13513513513513514,0.8040540540540541,0.060810810810810814,0.0
97,0.0,0.3176470588235294,0.18823529411764706,0.49411764705882355
98,0.024539877300613498,0.0,0.24539877300613497,0.7300613496932515
99,0.16666666666666666,0.3333333333333333,0.5,0.0
100,0.32608695652173914,0.043478260869565216,0.0,0.6304347826086957
101,0.02127659574468085,0.6808510638297872,0.0,0.2978723404255319
102,0.0,0.08108108108108109,0.6801801801801802,0.23873873873873874
103,0.3713235294117647,0.5790441176470589,0.0,0.04963235294117647
104,0.019867549668874173,0.0,0.03642384105960265,0.9437086092715232
105,0.2,0.4,0.4,0.0
106,0.1,0.1,0.0,0.8
107,0.16666666666666666,0.3333333333333333,0.0,0.5
108,0.0,0.2606060606060606,0.6727272727272727,0.06666666666666667
109,0.1891891891891892,0.10810810810810811,0.7027027027027027,0.0
110,0.06818181818181818,0.0,0.07575757575757576,0.8560606060606061
111,0.21568627450980393,0.0,0.0784313725490196,0.7058823529411765
112,0.25,0.16666666666666666,0.0,0.5833333333333334
113,0.3465045592705167,0.44376899696048633,0.0,0.20972644376899696
114,0.15789473684210525,0.0,0.631578947368421,0.21052631578947367
115,0.0,0.15492957746478872,0.28169014084507044,0.5633802816901409
116,0.4262295081967213,0.08196721311475409,0.0,0.4918032786885246
117,0.17002881844380405,0.0,0.28530259365994237,0.5446685878962536
118,0.10638297872340426,0.0,0.0425531914893617,0.851063829787234
119,0.10810810810810811,0.0,0.1891891891891892,0.7027027027027027
120,0.43243243243243246,0.0,0.4594594594594595,0.10810810810810811
121,0.625,0.0,0.125,0.25
122,0.0,0.5,0.43131868131868134,0.06868131868131869
123,0.05,0.85,0.0,0.1
124,0.5151515151515151,0.42424242424242425,0.0,0.06060606060606061
125,0.7257142857142858,0.22857142857142856,0.0,0.045714285714285714
126,0.0,0.6203703703703703,0.37037037037037035,0.009259259259259259
127,0.0,0.17391304347826086,0.7652173913043478,0.06086956521739131
128,0.6206896551724138,0.2413793103448276,0.0,0.13793103448275862
129,0.6145833333333334,0.3541666666666667,0.0,0.03125
130,0.35526315789473684,0.618421052631579,0.0,0.02631578947368421
131,0.0,0.33876221498371334,0.5928338762214984,0.06840390879478828
132,0.2840909090909091,0.0,0.14772727272727273,0.5681818181818182
133,0.018518518518518517,0.6759259259259259,0.3055555555555556,0.0
134,0.5,0.3225806451612903,0.0,0.1774193548387097
135,0.3611111111111111,0.625,0.0,0.013888888888888888
136,0.0,0.40384615384615385,0.4230769230769231,0.17307692307692307
137,0.8375,0.125,0.0,0.0375
138,0.375,0.25,0.375,0.0
139,0.46788990825688076,0.06422018348623854,0.0,0.46788990825688076
140,0.07291666666666667,0.6145833333333334,0.0,0.3125
141,0.0,0.42948717948717946,0.4423076923076923,0.1282051282051282
142,0.2807017543859649,0.43859649122807015,0.2807017543859649,0.0
143,0.4855072463768116,0.3115942028985507,0.2028985507246377,0.0
144,0.3333333333333333,0.16666666666666666,0.0,0.5
145,0.01485148514851485,0.9504950495049505,0.0,0.034653465346534656
146,0.47833935018050544,0.4287003610108303,0.0,0.09296028880866426
147,0.36127167630057805,0.44508670520231214,0.1936416184971098,0.0
148,0.0,0.2773972602739726,0.21232876712328766,0.5102739726027398
149,0.08629441624365482,0.8197969543147208,0.09390862944162437,0.0
150,0.0,0.16735537190082644,0.7355371900826446,0.09710743801652892
151,0.0457516339869281,0.32679738562091504,0.6274509803921569,0.0
152,0.20424403183023873,0.0,0.4270557029177719,0.3687002652519894
153,0.21548117154811716,0.5355648535564853,0.2489539748953975,0.0
154,0.0,0.585278276481149,0.21005385996409337,0.20466786355475763
155,0.1978319783197832,0.6205962059620597,0.18157181571815717,0.0
156,0.0,0.4633867276887872,0.2574370709382151,0.2791762013729977
157,0.6566347469220246,0.0,0.20656634746922026,0.13679890560875513
158,0.22823529411764706,0.0,0.11529411764705882,0.6564705882352941
159,0.0,0.24761904761904763,0.6571428571428571,0.09523809523809523
160,0.27708703374777977,0.6607460035523979,0.0,0.06216696269982238
161,0.24324324324324326,0.5459459459459459,0.21081081081081082,0.0
162,0.6,0.13333333333333333,0.0,0.26666666666666666
163,0.5056179775280899,0.16853932584269662,0.0,0.3258426966292135
164,0.3834355828220859,0.5674846625766872,0.0,0.049079754601226995
165,0.0,0.19154228855721392,0.6144278606965174,0.19402985074626866
166,0.38412291933418696,0.4058898847631242,0.0,0.20998719590268886
167,0.19375,0.0,0.15416666666666667,0.6520833333333333
168,0.0,0.2175141242937853,0.6299435028248588,0.15254237288135594
169,0.04406779661016949,0.0,0.6677966101694915,0.288135593220339
170,0.2975778546712803,0.0,0.17301038062283736,0.5294117647058824
171,0.0,0.248868778280543,0.5113122171945701,0.2398190045248869
172,0.0,0.42990654205607476,0.3925233644859813,0.17757009345794392
173,0.1703125,0.0,0.453125,0.3765625
174,0.2248062015503876,0.5891472868217055,0.18604651162790697,0.0
175,0.0,0.3249211356466877,0.34069400630914826,0.334384858044164
176,0.03414634146341464,0.0,0.1902439024390244,0.775609756097561
177,0.0,0.5929203539823009,0.336283185840708,0.07079646017699115
178,0.0,0.4157303370786517,0.5692883895131086,0.0149812734082397
179,0.010810810810810811,0.0,0.10270270270270271,0.8864864864864865
180,0.26548672566371684,0.0,0.2743362831858407,0.46017699115044247
181,0.23,0.0,0.42,0.35
182,0.043076923076923075,0.0,0.6092307692307692,0.3476923076923077
183,0.16049382716049382,0.21604938271604937,0.6234567901234568,0.0
184,0.7931034482758621,0.0,0.1206896551724138,0.08620689655172414
185,0.36486486486486486,0.0,0.06756756756756757,0.5675675675675675
186,0.19090909090909092,0.0,0.03636363636363636,0.7727272727272727
187,0.15789473684210525,0.18421052631578946,0.6578947368421053,0.0
188,0.20080321285140562,0.0,0.4779116465863454,0.321285140562249
189,0.0,0.30606860158311344,0.6728232189973615,0.021108179419525065
190,0.0,0.12694877505567928,0.6325167037861915,0.24053452115812918
191,0.5544041450777202,0.32642487046632124,0.0,0.11917098445595854
192,0.0,0.15736040609137056,0.8223350253807107,0.02030456852791878
193,0.6585365853658537,0.25609756097560976,0.0,0.08536585365853659
194,0.02857142857142857,0.45714285714285713,0.5142857142857142,0.0
195,0.5,0.0,0.375,0.125
196,0.23076923076923078,0.46153846153846156,0.0,0.3076923076923077
197,0.0,0.4166666666666667,0.3620689655172414,0.22126436781609196
198,0.22857142857142856,0.7306122448979592,0.0,0.04081632653061224
199,0.0,0.9170506912442397,0.08294930875576037,0.0
200,0.1773049645390071,0.0,0.3971631205673759,0.425531914893617
201,0.0,0.03597122302158273,0.28776978417266186,0.6762589928057554
202,0.3106796116504854,0.0,0.22815533980582525,0.46116504854368934
203,0.24545454545454545,0.0,0.42727272727272725,0.32727272727272727
204,0.0,0.2839506172839506,0.49382716049382713,0.2222222222222222
205,0.046511627906976744,0.6511627906976745,0.3023255813953488,0.0
206,0.0,0.2572421784472769,0.49710312862108924,0.24565469293163383
207,0.16666666666666666,0.12962962962962962,0.7037037037037037,0.0
208,0.13259668508287292,0.0,0.06629834254143646,0.8011049723756906
209,0.4280155642023346,0.0,0.377431906614786,0.19455252918287938
210,0.40229885057471265,0.4109195402298851,0.0,0.1867816091954023
211,0.09473684210526316,0.7631578947368421,0.14210526315789473,0.0
212,0.0,0.2176039119804401,0.5134474327628362,0.26894865525672373
213,0.15841584158415842,0.7029702970297029,0.0,0.13861386138613863
214,0.0,0.1267605633802817,0.323943661971831,0.5492957746478874
215,0.14634146341463414,0.0,0.45121951219512196,0.4024390243902439
216,0.0,0.1903323262839879,0.7220543806646526,0.08761329305135952
217,0.23046875,0.0,0.203125,0.56640625
218,0.4720812182741117,0.24873096446700507,0.0,0.27918781725888325
219,0.15,0.45,0.4,0.0
220,0.42105263157894735,0.0,0.21052631578947367,0.3684210526315789
221,0.17842323651452283,0.0,0.5518672199170125,0.2697095435684647
222,0.0,0.42105263157894735,0.5338345864661654,0.045112781954887216
223,0.0,0.3082901554404145,0.4430051813471503,0.24870466321243523
224,0.33460076045627374,0.5513307984790875,0.0,0.11406844106463879
225,0.0,0.4189189189189189,0.527027027027027,0.05405405405405406
226,0.0,0.33519553072625696,0.6312849162011173,0.0335195530726257
227,0.07967479674796749,0.0,0.3300813008130081,0.5902439024390244
228,0.25,0.0,0.5862068965517241,0.16379310344827586
229,0.0,0.17582417582417584,0.5054945054945055,0.31868131868131866
230,0.589622641509434,0.37971698113207547,0.0,0.030660377358490566
231,0.3697916666666667,0.140625,0.4895833333333333,0.0
232,0.21875,0.15625,0.625,0.0
233,0.03225806451612903,0.0,0.3790322580645161,0.5887096774193549
234,0.2727272727272727,0.11363636363636363,0.6136363636363636,0.0
235,0.29906542056074764,0.0,0.009345794392523364,0.6915887850467289
236,0.2,0.0,0.12173913043478261,0.6782608695652174
237,0.19230769230769232,0.0,0.16666666666666666,0.6410256410256411
238,0.1111111111111111,0.1111111111111111,0.7777777777777778,0.0
239,0.5280898876404494,0.33707865168539325,0.0,0.1348314606741573
240,0.0,0.4,0.5864406779661017,0.013559322033898305
241,0.0,0.21437740693196405,0.754813863928113,0.03080872913992298
242,0.4634551495016611,0.3521594684385382,0.0,0.18438538205980065
243,0.18473895582329317,0.0,0.1465863453815261,0.6686746987951807
244,0.041666666666666664,0.16666666666666666,0.7916666666666666,0.0
245,0.4930555555555556,0.4444444444444444,0.0,0.0625
246,0.0,0.32044198895027626,0.36464088397790057,0.3149171270718232
247,0.21818181818181817,0.7333333333333333,0.0,0.048484848484848485
248,0.0732899022801303,0.0,0.5912052117263844,0.3355048859934853
249,0.21568627450980393,0.21568627450980393,0.5686274509803921,0.0
250,0.41379310344827586,0.0,0.06896551724137931,0.5172413793103449
251,0.23841059602649006,0.33774834437086093,0.423841059602649,0.0
252,0.24324324324324326,0.6486486486486487,0.0,0.10810810810810811
253,0.07692307692307693,0.6307692307692307,0.2923076923076923,0.0
254,0.273972602739726,0.2054794520547945,0.0,0.5205479452054794
255,0.0,0.07079646017699115,0.831858407079646,0.09734513274336283
256,0.10526315789473684,0.0,0.631578947368421,0.2631578947368421
257,0.12162162162162163,0.0,0.4189189189189189,0.4594594594594595
258,0.25333333333333335,0.34,0.0,0.4066666666666667
259,0.2112676056338028,0.0,0.2676056338028169,0.5211267605633803
260,0.19901719901719903,0.0,0.16461916461916462,0.6363636363636364
261,0.38311688311688313,0.032467532467532464,0.0,0.5844155844155844
262,0.6,0.0,0.12,0.28
263,0.0,0.05660377358490566,0.7484276729559748,0.1949685534591195
264,0.4,0.1,0.0,0.5
265,0.0,0.4444444444444444,0.1111111111111111,0.4444444444444444
266,0.21621621621621623,0.0,0.02702702702702703,0.7567567567567568
267,0.0,0.04938271604938271,0.25925925925925924,0.691358024691358
268,0.45454545454545453,0.0,0.18181818181818182,0.36363636363636365
269,0.7735849056603774,0.09433962264150944,0.0,0.1320754716981132
270,0.5714285714285714,0.0,0.0,0.42857142857142855
271,0.0851063829787234,0.0,0.8085106382978723,0.10638297872340426
272,0.10843373493975904,0.0,0.0963855421686747,0.7951807228915663
273,0.525974025974026,0.4069264069264069,0.0,0.0670995670995671
274,0.109375,0.765625,0.125,0.0
275,0.34115523465703973,0.3664259927797834,0.0,0.2924187725631769
276,0.2857142857142857,0.0,0.7142857142857143,0.0
277,0.0,0.0,0.14285714285714285,0.8571428571428571
278,0.010101010101010102,0.9444444444444444,0.045454545454545456,0.0
279,0.0,0.7692307692307693,0.23076923076923078,0.0
280,0.0,0.014084507042253521,0.03943661971830986,0.9464788732394366
281,0.012307692307692308,0.0,0.04,0.9476923076923077
282,0.08823529411764706,0.14705882352941177,0.7647058823529411,0.0
283,0.10526315789473684,0.15789473684210525,0.0,0.7368421052631579
284,0.0,0.6388888888888888,0.3611111111111111,0.0
285,0.475,0.075,0.0,0.45
286,0.13333333333333333,0.0,0.1111111111111111,0.7555555555555555
287,0.25675675675675674,0.6351351351351351,0.0,0.10810810810810811
288,0.0,0.832258064516129,0.16129032258064516,0.0064516129032258064
289,0.8666666666666667,0.06666666666666667,0.0,0.06666666666666667
290,0.0,0.034482758620689655,0.8275862068965517,0.13793103448275862
291,0.13333333333333333,0.7333333333333333,0.0,0.13333333333333333
292,0.0,0.4,0.5428571428571428,0.05714285714285714
293,0.3333333333333333,0.3333333333333333,0.3333333333333333,0.0
294,0.14285714285714285,0.0,0.0,0.8571428571428571
295,0.5,0.3333333333333333,0.16666666666666666,0.0
296,0.0,0.0,0.0,1.0
297,,,,
298,0.0,0.0,0.0,1.0
299,0.0,1.0,0.0,0.0
300,0.0,0.0,1.0,0.0
301,0.0,1.0,0.0,0.0
302,0.0,0.0,1.0,0.0
303,,,,
304,,,,
305,,,,
306,0.0,0.0,0.0,1.0
307,,,,
308,,,,
309,,,,
310,,,,
311,,,,
312,,,,
