,A,C,G,T
0,,,,
1,,,,
2,0.8490566037735849,0.0,0.0,0.1509433962264151
3,0.49019607843137253,0.2549019607843137,0.0,0.2549019607843137
4,0.6338028169014085,0.2112676056338028,0.15492957746478872,0.0
5,0.392,0.24,0.0,0.368
6,0.3,0.0,0.225,0.475
7,0.0,0.3191489361702128,0.14893617021276595,0.5319148936170213
8,0.5689655172413793,0.34913793103448276,0.0,0.08189655172413793
9,0.07623318385650224,0.0,0.14798206278026907,0.7757847533632287
10,0.2,0.5,0.3,0.0
11,0.6020408163265306,0.1326530612244898,0.0,0.2653061224489796
12,0.29473684210526313,0.15789473684210525,0.0,0.5473684210526316
13,0.234375,0.75,0.015625,0.0
14,0.52,0.14,0.0,0.34
15,0.058823529411764705,0.7058823529411765,0.0,0.23529411764705882
16,0.0,0.5909090909090909,0.36363636363636365,0.045454545454545456
17,0.78,0.12,0.0,0.1
18,0.6041666666666666,0.1875,0.20833333333333334,0.0
19,0.5,0.0,0.16666666666666666,0.3333333333333333
20,0.07246376811594203,0.21014492753623187,0.717391304347826,0.0
21,0.07142857142857142,0.07142857142857142,0.0,0.8571428571428571
22,0.06666666666666667,0.13333333333333333,0.0,0.8
23,0.4642857142857143,0.21428571428571427,0.0,0.32142857142857145
24,0.2857142857142857,0.0,0.0,0.7142857142857143
25,0.25,0.0,0.0,0.75
26,0.0,0.6,0.3,0.1
27,0.45714285714285713,0.34285714285714286,0.0,0.2
28,0.5764705882352941,0.2,0.0,0.2235294117647059
29,0.3793103448275862,0.0,0.1896551724137931,0.43103448275862066
30,0.47368421052631576,0.3684210526315789,0.0,0.15789473684210525
31,0.23684210526315788,0.47368421052631576,0.2894736842105263,0.0
32,0.48333333333333334,0.2833333333333333,0.0,0.23333333333333334
33,0.45,0.3,0.0,0.25
34,0.10526315789473684,0.7368421052631579,0.15789473684210525,0.0
35,0.10714285714285714,0.0,0.7142857142857143,0.17857142857142858
36,0.21428571428571427,0.0,0.4642857142857143,0.32142857142857145
37,0.0,0.22666666666666666,0.6666666666666666,0.10666666666666667
38,0.36666666666666664,0.3,0.0,0.3333333333333333
39,0.3181818181818182,0.0,0.18181818181818182,0.5
40,0.3333333333333333,0.0,0.4444444444444444,0.2222222222222222
41,0.16091954022988506,0.3448275862068966,0.4942528735632184,0.0
42,0.3333333333333333,0.5555555555555556,0.0,0.1111111111111111
43,0.175,0.75,0.0,0.075
44,0.5357142857142857,0.25,0.0,0.21428571428571427
45,0.0,0.15060240963855423,0.7951807228915663,0.05421686746987952
46,0.4245614035087719,0.4807017543859649,0.0,0.09473684210526316
47,0.22580645161290322,0.16129032258064516,0.0,0.6129032258064516
48,0.3333333333333333,0.3888888888888889,0.2777777777777778,0.0
49,0.5263157894736842,0.0,0.21052631578947367,0.2631578947368421
50,0.4375,0.0,0.109375,0.453125
51,0.3333333333333333,0.0,0.42105263157894735,0.24561403508771928
52,0.5555555555555556,0.14814814814814814,0.2962962962962963,0.0
53,0.30357142857142855,0.5892857142857143,0.0,0.10714285714285714
54,0.0,0.8166666666666667,0.11666666666666667,0.06666666666666667
55,0.3013698630136986,0.6164383561643836,0.0,0.0821917808219178
56,0.0,0.47435897435897434,0.28205128205128205,0.24358974358974358
57,0.2708333333333333,0.0,0.6666666666666666,0.0625
58,0.030303030303030304,0.5757575757575758,0.3939393939393939,0.0
59,0.06666666666666667,0.0,0.43333333333333335,0.5
60,0.3333333333333333,0.3508771929824561,0.3157894736842105,0.0
61,0.45,0.0,0.25,0.3
62,0.3465346534653465,0.0,0.2079207920792079,0.44554455445544555
63,0.06666666666666667,0.13333333333333333,0.8,0.0
64,0.0,0.3333333333333333,0.0,0.6666666666666666
65,0.022727272727272728,0.7045454545454546,0.2727272727272727,0.0
66,0.5277777777777778,0.05555555555555555,0.0,0.4166666666666667
67,0.22265625,0.0,0.12109375,0.65625
68,0.0,0.4015151515151515,0.4772727272727273,0.12121212121212122
69,0.8392857142857143,0.05357142857142857,0.0,0.10714285714285714
70,0.07692307692307693,0.0,0.375,0.5480769230769231
71,0.6590909090909091,0.022727272727272728,0.0,0.3181818181818182
72,0.2978723404255319,0.3404255319148936,0.3617021276595745,0.0
73,0.6,0.0,0.1,0.3
74,0.125,0.5416666666666666,0.3333333333333333,0.0
75,0.6,0.22857142857142856,0.0,0.17142857142857143
76,0.4166666666666667,0.4444444444444444,0.0,0.1388888888888889
77,0.0,0.40594059405940597,0.37623762376237624,0.21782178217821782
78,0.2912621359223301,0.49514563106796117,0.21359223300970873,0.0
79,0.32142857142857145,0.2857142857142857,0.39285714285714285,0.0
80,0.14285714285714285,0.0,0.14285714285714285,0.7142857142857143
81,0.0,0.35294117647058826,0.4264705882352941,0.22058823529411764
82,0.272108843537415,0.0,0.30612244897959184,0.4217687074829932
83,0.18253968253968253,0.0,0.23015873015873015,0.5873015873015873
84,0.09278350515463918,0.7319587628865979,0.17525773195876287,0.0
85,0.2857142857142857,0.21428571428571427,0.5,0.0
86,0.11538461538461539,0.0,0.057692307692307696,0.8269230769230769
87,0.0,0.24528301886792453,0.6918238993710691,0.06289308176100629
88,0.6447876447876448,0.3127413127413127,0.0,0.04247104247104247
89,0.31313131313131315,0.3939393939393939,0.29292929292929293,0.0
90,0.0,0.32142857142857145,0.4030612244897959,0.2755102040816326
91,0.4936416184971098,0.3895953757225434,0.0,0.11676300578034682
92,0.1803921568627451,0.0,0.06862745098039216,0.7509803921568627
93,0.281437125748503,0.6467065868263473,0.0718562874251497,0.0
94,0.0,0.30448717948717946,0.07692307692307693,0.6185897435897436
95,0.03508771929824561,0.8070175438596491,0.15789473684210525,0.0
96,0.45454545454545453,0.3522727272727273,0.0,0.19318181818181818
97,0.27639751552795033,0.6490683229813664,0.0,0.07453416149068323
98,0.43820224719101125,0.0,0.19101123595505617,0.3707865168539326
99,0.0,0.21551724137931033,0.2413793103448276,0.5431034482758621
100,0.05263157894736842,0.15789473684210525,0.7894736842105263,0.0
101,0.5043859649122807,0.2894736842105263,0.0,0.20614035087719298
102,0.4954128440366973,0.0,0.1743119266055046,0.3302752293577982
103,0.0,0.7777777777777778,0.044444444444444446,0.17777777777777778
104,0.2857142857142857,0.0,0.18571428571428572,0.5285714285714286
105,0.0,0.38461538461538464,0.6153846153846154,0.0
106,0.0,0.14285714285714285,0.0,0.8571428571428571
107,0.21428571428571427,0.0,0.0,0.7857142857142857
108,0.3111111111111111,0.26666666666666666,0.0,0.4222222222222222
109,0.06666666666666667,0.6,0.3333333333333333,0.0
110,0.25,0.0,0.1875,0.5625
111,0.5333333333333333,0.0,0.26666666666666666,0.2
112,0.4444444444444444,0.1111111111111111,0.0,0.4444444444444444
113,0.06382978723404255,0.0,0.2765957446808511,0.6595744680851063
114,0.2857142857142857,0.0,0.2857142857142857,0.42857142857142855
115,0.0,0.175,0.375,0.45
116,0.6,0.28888888888888886,0.0,0.1111111111111111
117,0.3125,0.453125,0.0,0.234375
118,0.07575757575757576,0.0,0.42424242424242425,0.5
119,0.08490566037735849,0.5283018867924528,0.3867924528301887,0.0
120,0.5555555555555556,0.0,0.3333333333333333,0.1111111111111111
121,0.35714285714285715,0.0,0.2857142857142857,0.35714285714285715
122,0.0,0.21052631578947367,0.2982456140350877,0.49122807017543857
123,0.14285714285714285,0.2857142857142857,0.0,0.5714285714285714
124,0.4722222222222222,0.3888888888888889,0.0,0.1388888888888889
125,0.5370370370370371,0.0,0.37037037037037035,0.09259259259259259
126,0.0,0.625,0.359375,0.015625
127,0.0,0.09090909090909091,0.8051948051948052,0.1038961038961039
128,0.21428571428571427,0.0,0.0,0.7857142857142857
129,0.43478260869565216,0.17391304347826086,0.0,0.391304347826087
130,0.16666666666666666,0.2222222222222222,0.0,0.6111111111111112
131,0.6066350710900474,0.24644549763033174,0.0,0.14691943127962084
132,0.23809523809523808,0.0,0.27380952380952384,0.4880952380952381
133,0.017857142857142856,0.32142857142857145,0.6607142857142857,0.0
134,0.40625,0.0625,0.0,0.53125
135,0.16666666666666666,0.6,0.0,0.23333333333333334
136,0.0,0.14035087719298245,0.7982456140350878,0.06140350877192982
137,0.6717557251908397,0.183206106870229,0.0,0.1450381679389313
138,0.03076923076923077,0.06153846153846154,0.9076923076923077,0.0
139,0.15555555555555556,0.044444444444444446,0.0,0.8
140,0.21951219512195122,0.24390243902439024,0.0,0.5365853658536586
141,0.2,0.4866666666666667,0.0,0.31333333333333335
142,0.0784313725490196,0.21568627450980393,0.7058823529411765,0.0
143,0.27941176470588236,0.029411764705882353,0.0,0.6911764705882353
144,0.42592592592592593,0.013888888888888888,0.0,0.5601851851851852
145,0.5308641975308642,0.0,0.37037037037037035,0.09876543209876543
146,0.0,0.4098360655737705,0.2459016393442623,0.3442622950819672
147,0.35596026490066224,0.3526490066225166,0.0,0.2913907284768212
148,0.288135593220339,0.4152542372881356,0.2966101694915254,0.0
149,0.1724137931034483,0.4942528735632184,0.3333333333333333,0.0
150,0.0,0.3076923076923077,0.5604395604395604,0.13186813186813187
151,0.13541666666666666,0.5729166666666666,0.2916666666666667,0.0
152,0.0,0.36472945891783565,0.2605210420841683,0.374749498997996
153,0.3333333333333333,0.3380281690140845,0.3286384976525822,0.0
154,0.4913294797687861,0.0,0.0,0.5086705202312138
155,0.0,0.5612244897959183,0.0,0.4387755102040816
156,0.21764705882352942,0.5264705882352941,0.25588235294117645,0.0
157,0.0,0.456,0.12,0.424
158,0.208955223880597,0.3208955223880597,0.4701492537313433,0.0
159,0.5277777777777778,0.2777777777777778,0.0,0.19444444444444445
160,0.0,0.2903225806451613,0.5483870967741935,0.16129032258064516
161,0.16129032258064516,0.6064516129032258,0.23225806451612904,0.0
162,0.3125,0.0,0.0,0.6875
163,0.5,0.34285714285714286,0.0,0.15714285714285714
164,0.0,0.3851851851851852,0.4666666666666667,0.14814814814814814
165,0.0,0.2573099415204678,0.4678362573099415,0.27485380116959063
166,0.4400785854616896,0.4361493123772102,0.0,0.1237721021611002
167,0.44954128440366975,0.3623853211009174,0.18807339449541285,0.0
168,0.0,0.25625,0.5229166666666667,0.22083333333333333
169,0.0,0.3424242424242424,0.38484848484848483,0.2727272727272727
170,0.27388535031847133,0.25690021231422505,0.4692144373673036,0.0
171,0.0,0.42118863049095606,0.5658914728682171,0.012919896640826873
172,0.0,0.2928870292887029,0.3723849372384937,0.33472803347280333
173,0.0,0.1541501976284585,0.7075098814229249,0.1383399209486166
174,0.32722513089005234,0.35602094240837695,0.31675392670157065,0.0
175,0.0,0.1752988047808765,0.199203187250996,0.6254980079681275
176,0.025145067698259187,0.0,0.22243713733075435,0.7524177949709865
177,0.07692307692307693,0.6263736263736264,0.2967032967032967,0.0
178,0.0,0.4666666666666667,0.06666666666666667,0.4666666666666667
179,0.19047619047619047,0.0,0.8095238095238095,0.0
180,0.44886363636363635,0.3352272727272727,0.0,0.2159090909090909
181,0.044444444444444446,0.0,0.5523809523809524,0.4031746031746032
182,0.0,0.2857142857142857,0.5850340136054422,0.1292517006802721
183,0.6739130434782609,0.13043478260869565,0.0,0.1956521739130435
184,0.0,0.3411764705882353,0.4470588235294118,0.21176470588235294
185,0.10396039603960396,0.0,0.48514851485148514,0.41089108910891087
186,0.12,0.21333333333333335,0.6666666666666666,0.0
187,0.5490196078431373,0.0,0.09803921568627451,0.35294117647058826
188,0.15602836879432624,0.0,0.07092198581560284,0.7730496453900709
189,0.3118279569892473,0.4838709677419355,0.0,0.20430107526881722
190,0.07547169811320754,0.33962264150943394,0.5849056603773585,0.0
191,0.23728813559322035,0.3559322033898305,0.0,0.4067796610169492
192,0.0,0.41975308641975306,0.49382716049382713,0.08641975308641975
193,0.0,0.036036036036036036,0.9279279279279279,0.036036036036036036
194,0.2647058823529412,0.23529411764705882,0.0,0.5
195,0.3170731707317073,0.12195121951219512,0.0,0.5609756097560976
196,0.7222222222222222,0.12962962962962962,0.0,0.14814814814814814
197,0.21052631578947367,0.0,0.3508771929824561,0.43859649122807015
198,0.7368421052631579,0.0,0.15789473684210525,0.10526315789473684
199,0.34782608695652173,0.34782608695652173,0.0,0.30434782608695654
200,0.0,0.4701492537313433,0.44776119402985076,0.08208955223880597
201,0.23529411764705882,0.35294117647058826,0.4117647058823529,0.0
202,0.16,0.2,0.64,0.0
203,0.18604651162790697,0.0,0.18604651162790697,0.627906976744186
204,0.0,0.12371134020618557,0.6082474226804123,0.26804123711340205
205,0.08396946564885496,0.0,0.44274809160305345,0.4732824427480916
206,0.38,0.0,0.42,0.2
207,0.0,0.14583333333333334,0.8229166666666666,0.03125
208,0.12121212121212122,0.30303030303030304,0.5757575757575758,0.0
209,0.19148936170212766,0.0,0.23404255319148937,0.574468085106383
210,0.35714285714285715,0.04285714285714286,0.6,0.0
211,0.5161290322580645,0.0,0.12903225806451613,0.3548387096774194
212,0.3111111111111111,0.0,0.24444444444444444,0.4444444444444444
213,0.0,0.5161290322580645,0.45161290322580644,0.03225806451612903
214,0.6,0.1,0.0,0.3
215,0.0,0.17857142857142858,0.7023809523809523,0.11904761904761904
216,0.5833333333333334,0.08333333333333333,0.0,0.3333333333333333
217,0.0,0.8571428571428571,0.0,0.14285714285714285
218,0.3125,0.0,0.375,0.3125
219,0.0,0.0,1.0,0.0
220,0.0,0.5333333333333333,0.26666666666666666,0.2
221,0.07476635514018691,0.8084112149532711,0.11682242990654206,0.0
222,0.1297709923664122,0.26717557251908397,0.6030534351145038,0.0
223,0.1891891891891892,0.0,0.013513513513513514,0.7972972972972973
224,0.22857142857142856,0.0,0.6,0.17142857142857143
225,0.0,0.4608695652173913,0.5217391304347826,0.017391304347826087
226,0.0,0.09248554913294797,0.8670520231213873,0.04046242774566474
227,0.2897727272727273,0.5284090909090909,0.0,0.18181818181818182
228,0.0,0.18421052631578946,0.7368421052631579,0.07894736842105263
229,0.0,0.056074766355140186,0.9065420560747663,0.037383177570093455
230,0.18493150684931506,0.0,0.136986301369863,0.678082191780822
231,0.0,0.2,0.4166666666666667,0.38333333333333336
232,0.05741626794258373,0.0,0.05263157894736842,0.8899521531100478
233,0.4920071047957371,0.23623445825932504,0.0,0.27175843694493784
234,0.12085769980506822,0.0,0.571150097465887,0.3079922027290448
235,0.36666666666666664,0.4666666666666667,0.16666666666666666,0.0
236,0.4680232558139535,0.2761627906976744,0.0,0.2558139534883721
237,0.1038961038961039,0.5974025974025974,0.2987012987012987,0.0
238,0.0,0.3745704467353952,0.024054982817869417,0.6013745704467354
239,0.01818181818181818,0.7818181818181819,0.2,0.0
240,0.0514018691588785,0.0,0.1542056074766355,0.794392523364486
241,0.17647058823529413,0.058823529411764705,0.7647058823529411,0.0
242,0.4899328859060403,0.3926174496644295,0.0,0.1174496644295302
243,0.0962962962962963,0.0,0.8740740740740741,0.02962962962962963
244,0.0,0.11764705882352941,0.5294117647058824,0.35294117647058826
245,0.0,0.2803030303030303,0.6818181818181818,0.03787878787878788
246,0.0,0.3389830508474576,0.3220338983050847,0.3389830508474576
247,0.07692307692307693,0.3076923076923077,0.6153846153846154,0.0
248,0.265625,0.40625,0.0,0.328125
249,0.0,0.13559322033898305,0.8389830508474576,0.025423728813559324
250,0.0,0.22598870056497175,0.7344632768361582,0.03954802259887006
251,0.12413793103448276,0.0,0.19310344827586207,0.6827586206896552
252,0.0,0.06976744186046512,0.875968992248062,0.05426356589147287
253,0.6515151515151515,0.2878787878787879,0.0,0.06060606060606061
254,0.08333333333333333,0.0,0.1,0.8166666666666667
255,0.07547169811320754,0.0,0.7924528301886793,0.1320754716981132
256,0.12,0.52,0.36,0.0
257,0.46153846153846156,0.4153846153846154,0.0,0.12307692307692308
258,0.0,0.3488372093023256,0.627906976744186,0.023255813953488372
259,0.1968503937007874,0.7795275590551181,0.0,0.023622047244094488
260,0.0,0.5063291139240507,0.3924050632911392,0.10126582278481013
261,0.34615384615384615,0.47115384615384615,0.0,0.18269230769230768
262,0.1328125,0.0,0.220703125,0.646484375
263,0.5945945945945946,0.0,0.35135135135135137,0.05405405405405406
264,0.5161290322580645,0.41935483870967744,0.0,0.06451612903225806
265,0.0,0.527027027027027,0.3783783783783784,0.0945945945945946
266,0.33229813664596275,0.5745341614906833,0.0,0.09316770186335403
267,0.2,0.1,0.0,0.7
268,0.0,0.2857142857142857,0.7142857142857143,0.0
269,0.19230769230769232,0.0,0.17307692307692307,0.6346153846153846
270,0.0,0.02666666666666667,0.14666666666666667,0.8266666666666667
271,0.375,0.0,0.125,0.5
272,0.21739130434782608,0.5217391304347826,0.0,0.2608695652173913
273,0.3333333333333333,0.0,0.0,0.6666666666666666
274,0.0,0.0,0.9789473684210527,0.021052631578947368
275,0.14414414414414414,0.6936936936936937,0.16216216216216217,0.0
276,0.5354107648725213,0.29745042492917845,0.0,0.1671388101983003
277,0.24489795918367346,0.5306122448979592,0.22448979591836735,0.0
278,0.3842239185750636,0.3816793893129771,0.0,0.2340966921119593
279,0.0,0.25,0.75,0.0
280,0.0,0.0,0.08695652173913043,0.9130434782608695
281,0.0196078431372549,0.9313725490196079,0.049019607843137254,0.0
282,0.0,0.9,0.1,0.0
283,0.0,0.017857142857142856,0.03571428571428571,0.9464285714285714
284,0.014018691588785047,0.0,0.014018691588785047,0.9719626168224299
285,0.11764705882352941,0.17647058823529413,0.7058823529411765,0.0
286,0.4166666666666667,0.08333333333333333,0.0,0.5
287,0.0,0.5490196078431373,0.45098039215686275,0.0
288,0.39285714285714285,0.08928571428571429,0.0,0.5178571428571429
289,0.06818181818181818,0.0,0.0625,0.8693181818181818
290,0.4375,0.40625,0.0,0.15625
291,0.0,0.7777777777777778,0.2222222222222222,0.0
292,0.773109243697479,0.13445378151260504,0.0,0.09243697478991597
293,0.0,0.16666666666666666,0.7962962962962963,0.037037037037037035
294,0.4,0.1,0.0,0.5
295,0.0,0.06666666666666667,0.6,0.3333333333333333
296,0.3333333333333333,0.5833333333333334,0.08333333333333333,0.0
297,0.3,0.0,0.05,0.65
298,0.0,0.45454545454545453,0.5454545454545454,0.0
299,0.5,0.0,0.0,0.5
300,,,,
301,,,,
302,,,,
303,0.0,0.0,1.0,0.0
304,,,,
305,0.0,0.0,1.0,0.0
306,0.0,0.0,1.0,0.0
307,1.0,0.0,0.0,0.0
308,,,,
309,,,,
310,0.0,0.0,1.0,0.0
311,,,,
312,,,,
313,,,,
314,,,,
315,,,,
