,A,C,G,T
0,,,,
1,,,,
2,,,,
3,1.0,0.0,0.0,0.0
4,,,,
5,,,,
6,,,,
7,,,,
8,,,,
9,,,,
10,,,,
11,,,,
12,,,,
13,,,,
14,,,,
15,,,,
16,,,,
17,,,,
18,,,,
19,,,,
20,,,,
21,,,,
22,,,,
23,,,,
24,,,,
25,,,,
26,,,,
27,0.6666666666666666,0.3333333333333333,0.0,0.0
28,,,,
29,0.6666666666666666,0.3333333333333333,0.0,0.0
30,,,,
31,,,,
32,,,,
33,,,,
34,,,,
35,,,,
36,,,,
37,,,,
38,,,,
39,,,,
40,,,,
41,,,,
42,,,,
43,,,,
44,,,,
45,,,,
46,,,,
47,,,,
48,,,,
49,,,,
50,,,,
51,,,,
52,,,,
53,,,,
54,,,,
55,,,,
56,0.0,0.0,1.0,0.0
57,,,,
58,,,,
59,0.0,0.0,0.0,1.0
60,,,,
61,,,,
62,,,,
63,,,,
64,,,,
65,,,,
66,,,,
67,,,,
68,1.0,0.0,0.0,0.0
69,,,,
70,,,,
71,,,,
72,,,,
73,,,,
74,,,,
75,,,,
76,,,,
77,0.0,1.0,0.0,0.0
78,1.0,0.0,0.0,0.0
79,,,,
80,0.0,0.0,0.0,1.0
81,,,,
82,,,,
83,,,,
84,0.0,0.0,1.0,0.0
85,,,,
86,,,,
87,,,,
88,1.0,0.0,0.0,0.0
89,,,,
90,,,,
91,0.0,0.0,1.0,0.0
92,,,,
93,,,,
94,0.0,1.0,0.0,0.0
95,1.0,0.0,0.0,0.0
96,0.0,1.0,0.0,0.0
97,1.0,0.0,0.0,0.0
98,0.0,1.0,0.0,0.0
99,0.0,0.0,1.0,0.0
100,,,,
101,,,,
102,0.0,0.0,1.0,0.0
103,0.0,1.0,0.0,0.0
104,,,,
105,1.0,0.0,0.0,0.0
106,,,,
107,,,,
108,0.0,0.0,1.0,0.0
109,,,,
110,,,,
111,,,,
112,,,,
113,,,,
114,,,,
115,,,,
116,0.0,0.0,1.0,0.0
117,,,,
118,,,,
119,,,,
120,,,,
121,,,,
122,,,,
123,0.0,0.0,1.0,0.0
124,,,,
125,,,,
126,,,,
127,,,,
128,,,,
129,,,,
130,,,,
131,1.0,0.0,0.0,0.0
132,,,,
133,,,,
134,,,,
135,0.0,1.0,0.0,0.0
136,,,,
137,,,,
138,,,,
139,,,,
140,,,,
141,,,,
142,,,,
143,,,,
144,,,,
145,,,,
146,,,,
147,,,,
148,,,,
149,1.0,0.0,0.0,0.0
150,,,,
151,0.0,0.0,1.0,0.0
152,,,,
153,0.6666666666666666,0.0,0.3333333333333333,0.0
154,0.0,0.0,0.0,1.0
155,0.0,0.0,0.0,1.0
156,,,,
157,,,,
158,,,,
159,0.0,0.0,0.0,1.0
160,0.0,0.0,0.0,1.0
161,,,,
162,,,,
163,,,,
164,,,,
165,1.0,0.0,0.0,0.0
166,,,,
167,,,,
168,1.0,0.0,0.0,0.0
169,,,,
170,0.0,1.0,0.0,0.0
171,,,,
172,,,,
173,,,,
174,,,,
175,,,,
176,0.0,0.0,1.0,0.0
177,0.0,1.0,0.0,0.0
178,,,,
179,0.0,0.0,0.0,1.0
180,,,,
181,,,,
182,,,,
183,0.0,0.0,0.0,1.0
184,0.0,1.0,0.0,0.0
185,0.0,0.0,0.0,1.0
186,0.0,1.0,0.0,0.0
187,,,,
188,,,,
189,,,,
190,,,,
191,0.0,0.0,0.0,1.0
192,,,,
193,,,,
194,,,,
195,,,,
196,,,,
197,,,,
198,,,,
199,0.6666666666666666,0.0,0.3333333333333333,0.0
200,1.0,0.0,0.0,0.0
201,,,,
202,1.0,0.0,0.0,0.0
203,1.0,0.0,0.0,0.0
204,0.0,0.0,1.0,0.0
205,,,,
206,,,,
207,,,,
208,,,,
209,,,,
210,0.0,0.0,1.0,0.0
211,,,,
212,,,,
213,1.0,0.0,0.0,0.0
214,,,,
215,,,,
216,,,,
217,0.0,0.0,1.0,0.0
218,,,,
219,,,,
220,,,,
221,,,,
222,,,,
223,,,,
224,0.0,0.0,0.3333333333333333,0.6666666666666666
225,,,,
226,,,,
227,,,,
228,,,,
229,0.0,1.0,0.0,0.0
230,,,,
231,,,,
232,0.0,0.0,1.0,0.0
233,,,,
234,0.0,0.0,1.0,0.0
235,,,,
236,,,,
237,,,,
238,,,,
239,,,,
240,,,,
241,,,,
242,,,,
243,,,,
244,,,,
245,1.0,0.0,0.0,0.0
246,,,,
247,0.0,0.0,1.0,0.0
248,0.0,0.0,1.0,0.0
249,,,,
250,,,,
251,,,,
252,0.0,0.0,1.0,0.0
253,,,,
254,,,,
255,0.0,0.0,0.0,1.0
256,,,,
257,,,,
258,0.0,0.0,1.0,0.0
259,,,,
260,,,,
261,,,,
262,,,,
263,,,,
264,,,,
265,,,,
266,,,,
267,,,,
268,,,,
269,,,,
270,,,,
271,,,,
272,,,,
273,,,,
274,,,,
275,1.0,0.0,0.0,0.0
276,,,,
277,,,,
278,,,,
279,1.0,0.0,0.0,0.0
280,0.0,1.0,0.0,0.0
281,1.0,0.0,0.0,0.0
282,,,,
283,,,,
284,,,,
285,,,,
286,,,,
287,,,,
288,,,,
289,,,,
290,,,,
291,,,,
292,,,,
293,,,,
294,,,,
295,,,,
296,,,,
297,,,,
298,,,,
299,,,,
300,,,,
301,,,,
302,,,,
303,,,,
304,,,,
305,,,,
306,,,,
307,,,,
308,,,,
309,,,,
