,A,C,G,T
0,,,,
1,,,,
2,1.0,0.0,0.0,0.0
3,1.0,0.0,0.0,0.0
4,0.0,1.0,0.0,0.0
5,1.0,0.0,0.0,0.0
6,1.0,0.0,0.0,0.0
7,,,,
8,0.6666666666666666,0.0,0.0,0.3333333333333333
9,0.0,0.0,0.0,1.0
10,0.0,0.0,1.0,0.0
11,,,,
12,0.5,0.0,0.0,0.5
13,,,,
14,,,,
15,,,,
16,0.0,0.5,0.5,0.0
17,0.5,0.0,0.0,0.5
18,,,,
19,,,,
20,0.0,0.0,1.0,0.0
21,,,,
22,0.0,0.0,0.0,1.0
23,,,,
24,,,,
25,,,,
26,0.0,1.0,0.0,0.0
27,,,,
28,,,,
29,,,,
30,,,,
31,,,,
32,,,,
33,0.0,1.0,0.0,0.0
34,0.0,1.0,0.0,0.0
35,,,,
36,0.0,0.0,0.0,1.0
37,0.0,1.0,0.0,0.0
38,0.0,0.6666666666666666,0.0,0.3333333333333333
39,,,,
40,,,,
41,0.0,0.0,1.0,0.0
42,,,,
43,,,,
44,0.0,1.0,0.0,0.0
45,0.0,0.2,0.8,0.0
46,1.0,0.0,0.0,0.0
47,,,,
48,0.0,0.0,1.0,0.0
49,,,,
50,0.0,0.0,0.0,1.0
51,0.5,0.0,0.5,0.0
52,,,,
53,0.3333333333333333,0.6666666666666666,0.0,0.0
54,0.0,1.0,0.0,0.0
55,0.0,1.0,0.0,0.0
56,0.0,0.0,1.0,0.0
57,,,,
58,0.0,0.0,1.0,0.0
59,,,,
60,,,,
61,,,,
62,,,,
63,,,,
64,0.0,0.0,0.0,1.0
65,0.0,0.0,1.0,0.0
66,0.0,0.6666666666666666,0.0,0.3333333333333333
67,1.0,0.0,0.0,0.0
68,0.0,0.5,0.0,0.5
69,1.0,0.0,0.0,0.0
70,0.0,0.0,1.0,0.0
71,0.0,0.0,0.8,0.2
72,,,,
73,,,,
74,0.0,1.0,0.0,0.0
75,0.0,0.0,0.0,1.0
76,,,,
77,,,,
78,,,,
79,,,,
80,,,,
81,0.0,0.2,0.4,0.4
82,0.0,0.0,0.6666666666666666,0.3333333333333333
83,0.3333333333333333,0.0,0.6666666666666666,0.0
84,,,,
85,0.0,1.0,0.0,0.0
86,0.0,0.0,0.0,1.0
87,0.0,1.0,0.0,0.0
88,0.3333333333333333,0.3333333333333333,0.0,0.3333333333333333
89,1.0,0.0,0.0,0.0
90,0.0,0.3333333333333333,0.5,0.16666666666666666
91,0.5833333333333334,0.16666666666666666,0.0,0.25
92,0.0,0.0,0.75,0.25
93,0.0,1.0,0.0,0.0
94,0.0,0.3333333333333333,0.0,0.6666666666666666
95,0.0,1.0,0.0,0.0
96,,,,
97,0.0,0.5,0.0,0.5
98,,,,
99,0.0,0.0,0.0,1.0
100,,,,
101,0.0,1.0,0.0,0.0
102,,,,
103,0.0,1.0,0.0,0.0
104,0.0,0.0,0.0,1.0
105,,,,
106,,,,
107,1.0,0.0,0.0,0.0
108,,,,
109,,,,
110,,,,
111,,,,
112,,,,
113,,,,
114,,,,
115,,,,
116,0.0,1.0,0.0,0.0
117,0.0,0.0,0.0,1.0
118,,,,
119,0.0,0.0,1.0,0.0
120,,,,
121,1.0,0.0,0.0,0.0
122,0.0,0.25,0.75,0.0
123,,,,
124,,,,
125,,,,
126,,,,
127,,,,
128,,,,
129,,,,
130,,,,
131,0.0,1.0,0.0,0.0
132,,,,
133,,,,
134,0.0,0.0,0.0,1.0
135,0.0,0.0,0.0,1.0
136,0.0,0.0,1.0,0.0
137,0.0,1.0,0.0,0.0
138,0.0,0.0,1.0,0.0
139,0.0,0.0,0.0,1.0
140,,,,
141,0.0,0.0,0.0,1.0
142,,,,
143,0.5,0.0,0.0,0.5
144,1.0,0.0,0.0,0.0
145,0.0,0.0,1.0,0.0
146,0.0,0.0,1.0,0.0
147,0.42857142857142855,0.14285714285714285,0.0,0.42857142857142855
148,0.5,0.5,0.0,0.0
149,0.5,0.0,0.5,0.0
150,0.0,0.0,1.0,0.0
151,0.0,1.0,0.0,0.0
152,0.0,0.6666666666666666,0.0,0.3333333333333333
153,0.2857142857142857,0.14285714285714285,0.5714285714285714,0.0
154,0.3333333333333333,0.0,0.6666666666666666,0.0
155,0.0,0.125,0.625,0.25
156,0.4,0.6,0.0,0.0
157,0.0,0.5,0.0,0.5
158,,,,
159,0.0,0.0,0.0,1.0
160,,,,
161,0.2857142857142857,0.7142857142857143,0.0,0.0
162,0.0,0.0,0.0,1.0
163,0.25,0.75,0.0,0.0
164,0.0,0.6666666666666666,0.0,0.3333333333333333
165,0.0,0.5,0.5,0.0
166,1.0,0.0,0.0,0.0
167,0.5,0.16666666666666666,0.3333333333333333,0.0
168,0.0,0.0,0.6666666666666666,0.3333333333333333
169,0.0,0.5,0.5,0.0
170,0.2857142857142857,0.42857142857142855,0.2857142857142857,0.0
171,0.0,1.0,0.0,0.0
172,0.0,0.3333333333333333,0.5,0.16666666666666666
173,0.0,0.5,0.5,0.0
174,0.0,0.0,1.0,0.0
175,0.0,0.0,0.0,1.0
176,0.0,0.0,0.0,1.0
177,0.0,1.0,0.0,0.0
178,0.0,0.6666666666666666,0.0,0.3333333333333333
179,0.0,1.0,0.0,0.0
180,0.0,1.0,0.0,0.0
181,0.0,0.0,0.6,0.4
182,0.0,0.0,0.75,0.25
183,0.0,0.0,0.0,1.0
184,0.0,0.0,1.0,0.0
185,,,,
186,0.0,0.0,1.0,0.0
187,0.5,0.0,0.0,0.5
188,,,,
189,,,,
190,1.0,0.0,0.0,0.0
191,0.0,0.0,0.0,1.0
192,0.0,0.3333333333333333,0.0,0.6666666666666666
193,0.0,0.0,1.0,0.0
194,1.0,0.0,0.0,0.0
195,0.0,1.0,0.0,0.0
196,,,,
197,,,,
198,1.0,0.0,0.0,0.0
199,,,,
200,0.0,0.6666666666666666,0.3333333333333333,0.0
201,0.0,0.0,1.0,0.0
202,,,,
203,0.0,0.0,0.0,1.0
204,0.0,0.0,1.0,0.0
205,0.0,0.0,0.3333333333333333,0.6666666666666666
206,,,,
207,0.0,0.0,1.0,0.0
208,0.0,0.0,1.0,0.0
209,,,,
210,0.0,0.0,1.0,0.0
211,1.0,0.0,0.0,0.0
212,0.3333333333333333,0.0,0.6666666666666666,0.0
213,,,,
214,,,,
215,,,,
216,0.0,0.0,0.0,1.0
217,,,,
218,0.0,0.0,0.0,1.0
219,0.0,0.0,1.0,0.0
220,0.0,1.0,0.0,0.0
221,1.0,0.0,0.0,0.0
222,0.0,0.3333333333333333,0.6666666666666666,0.0
223,,,,
224,0.3333333333333333,0.0,0.6666666666666666,0.0
225,0.0,0.0,1.0,0.0
226,0.0,0.0,1.0,0.0
227,1.0,0.0,0.0,0.0
228,0.0,0.0,1.0,0.0
229,0.0,0.0,1.0,0.0
230,,,,
231,0.0,0.0,1.0,0.0
232,,,,
233,0.75,0.25,0.0,0.0
234,0.25,0.0,0.75,0.0
235,0.0,1.0,0.0,0.0
236,1.0,0.0,0.0,0.0
237,1.0,0.0,0.0,0.0
238,0.0,0.5,0.0,0.5
239,0.5,0.0,0.5,0.0
240,0.0,0.0,0.0,1.0
241,,,,
242,0.0,1.0,0.0,0.0
243,0.0,0.0,1.0,0.0
244,0.0,0.0,0.0,1.0
245,0.0,0.6666666666666666,0.0,0.3333333333333333
246,0.0,0.25,0.25,0.5
247,,,,
248,0.0,0.0,0.0,1.0
249,0.0,0.0,0.5,0.5
250,,,,
251,0.0,0.0,0.2,0.8
252,0.0,0.0,1.0,0.0
253,0.16666666666666666,0.8333333333333334,0.0,0.0
254,0.0,0.0,0.25,0.75
255,0.0,0.0,0.6666666666666666,0.3333333333333333
256,0.0,1.0,0.0,0.0
257,1.0,0.0,0.0,0.0
258,0.0,1.0,0.0,0.0
259,0.8,0.2,0.0,0.0
260,0.0,1.0,0.0,0.0
261,0.375,0.625,0.0,0.0
262,0.0,0.0,0.0,1.0
263,0.125,0.875,0.0,0.0
264,,,,
265,0.0,1.0,0.0,0.0
266,0.0,1.0,0.0,0.0
267,,,,
268,,,,
269,,,,
270,0.0,0.0,1.0,0.0
271,,,,
272,0.6666666666666666,0.3333333333333333,0.0,0.0
273,,,,
274,,,,
275,0.5,0.5,0.0,0.0
276,0.3333333333333333,0.3333333333333333,0.0,0.3333333333333333
277,,,,
278,0.375,0.625,0.0,0.0
279,0.0,0.0,1.0,0.0
280,,,,
281,,,,
282,,,,
283,,,,
284,0.0,0.0,0.0,1.0
285,,,,
286,,,,
287,,,,
288,1.0,0.0,0.0,0.0
289,0.0,0.0,0.0,1.0
290,0.0,1.0,0.0,0.0
291,,,,
292,0.0,1.0,0.0,0.0
293,,,,
294,,,,
295,,,,
296,,,,
297,,,,
298,,,,
299,,,,
300,,,,
301,,,,
302,,,,
303,,,,
304,,,,
305,,,,
306,,,,
307,,,,
308,,,,
309,,,,
310,,,,
311,,,,
312,,,,
313,,,,
314,,,,
315,,,,
