,A,C,G,T
0,,,,
1,,,,
2,0.8198849387815312,0.1442690662339578,0.0,0.03584599498451099
3,0.11381950040290088,0.0,0.5296132151490733,0.35656728444802577
4,0.1953551912568306,0.7274590163934426,0.07718579234972678,0.0
5,0.6330206378986867,0.13133208255159476,0.0,0.23564727954971856
6,0.30754352030947774,0.0,0.3771760154738878,0.3152804642166344
7,0.0,0.09403254972875226,0.5650994575045208,0.34086799276672697
8,0.540393180771003,0.3444171402242359,0.0,0.11518967900476117
9,0.13450215883815256,0.0,0.13816564176370535,0.7273321993981421
10,0.1834319526627219,0.6863905325443787,0.1301775147928994,0.0
11,0.6669291338582677,0.14519685039370078,0.0,0.1878740157480315
12,0.3581267217630854,0.0,0.5488980716253443,0.09297520661157024
13,0.0,0.07240333586050038,0.6501137225170583,0.27748294162244125
14,0.6870909090909091,0.15163636363636362,0.0,0.16127272727272726
15,0.041596402473299605,0.8392355255761664,0.0,0.11916807195053401
16,0.0,0.3899147727272727,0.36363636363636365,0.24644886363636365
17,0.5610021786492375,0.25163398692810457,0.0,0.18736383442265794
18,0.18038331454340473,0.2040586245772266,0.6155580608793687,0.0
19,0.13135593220338984,0.0,0.4216101694915254,0.4470338983050847
20,0.16470588235294117,0.14823529411764705,0.0,0.6870588235294117
21,0.47378640776699027,0.08932038834951456,0.0,0.4368932038834951
22,0.4268104776579353,0.2650231124807396,0.0,0.3081664098613251
23,0.06414868105515588,0.0,0.41906474820143885,0.5167865707434053
24,0.21285714285714286,0.0,0.35285714285714287,0.4342857142857143
25,0.5427872860635696,0.0,0.13447432762836187,0.32273838630806845
26,0.0,0.2567447376222947,0.5677438482063445,0.17551141417136082
27,0.6065573770491803,0.35589635113696455,0.0,0.0375462718138551
28,0.2283205268935236,0.6004390779363337,0.0,0.1712403951701427
29,0.0,0.34854672111458085,0.477780446793178,0.17367283209224116
30,0.13436442725954567,0.0,0.5055582406959884,0.3600773320444659
31,0.38306188925081436,0.250814332247557,0.36612377850162864,0.0
32,0.4697272122421823,0.26147704590818366,0.0,0.26879574184963406
33,0.2085672082717873,0.6011816838995568,0.0,0.19025110782865584
34,0.11447492904446546,0.7369914853358562,0.14853358561967833,0.0
35,0.4356905552918842,0.17987660180351212,0.0,0.3844328429046037
36,0.0,0.6027536970933197,0.322284548699643,0.07496175420703723
37,0.0,0.12135255750085822,0.833676622039135,0.04497082046000687
38,0.5013082155939299,0.21350078492935637,0.0,0.2851909994767138
39,0.24033711130485325,0.0,0.2839290903807033,0.47573379831444346
40,0.3551912568306011,0.0,0.12750455373406194,0.517304189435337
41,0.0612061206120612,0.8171017101710171,0.12169216921692169,0.0
42,0.10964083175803403,0.3377441713925646,0.5526149968494014,0.0
43,0.18331805682859761,0.0,0.3162236480293309,0.5004582951420715
44,0.4219047619047619,0.28095238095238095,0.0,0.29714285714285715
45,0.17791970802919707,0.5675182481751825,0.0,0.2545620437956204
46,0.0,0.36038394415357766,0.5964223385689355,0.04319371727748691
47,0.48234754699679044,0.3429619440623567,0.0,0.1746905089408528
48,0.0,0.3881278538812785,0.38538812785388127,0.2264840182648402
49,0.22857142857142856,0.0,0.37857142857142856,0.39285714285714285
50,0.2633214920071048,0.0,0.2602131438721137,0.47646536412078155
51,0.1784324624791551,0.0,0.45136186770428016,0.3702056698165648
52,0.2606060606060606,0.3575757575757576,0.38181818181818183,0.0
53,0.37408450704225354,0.2856338028169014,0.0,0.3402816901408451
54,0.32568149210903874,0.26255380200860834,0.4117647058823529,0.0
55,0.3078730904817861,0.0,0.1410105757931845,0.5511163337250293
56,0.3132241310427487,0.0,0.21094686376348382,0.4758290051937675
57,0.19786535303776684,0.0,0.7060755336617406,0.0960591133004926
58,0.10419485791610285,0.631935047361299,0.2638700947225981,0.0
59,0.3141564318034906,0.0,0.3555268261150614,0.33031674208144796
60,0.0,0.3248502994011976,0.3106287425149701,0.36452095808383234
61,0.1478529603122967,0.0,0.34970722186076775,0.5024398178269356
62,0.1726674744677168,0.0,0.3080318504414056,0.5193006750908776
63,0.1569767441860465,0.5203488372093024,0.3226744186046512,0.0
64,0.30474452554744524,0.20072992700729927,0.0,0.49452554744525545
65,0.044660982541615914,0.0,0.028420625253755584,0.9269183922046285
66,0.0,0.15677787162162163,0.33847128378378377,0.5047508445945946
67,0.22180279856817442,0.0,0.6324764074194598,0.14572079401236576
68,0.4226552984165652,0.3747462444173772,0.20259845716605765,0.0
69,0.4600371747211896,0.2555762081784387,0.0,0.2843866171003718
70,0.08289054197662062,0.7003188097768331,0.21679064824654623,0.0
71,0.07699920823436263,0.0,0.5528503562945368,0.37015043547110055
72,0.1942056669850366,0.5705189430117796,0.2352753900031837,0.0
73,0.2507002801120448,0.0,0.11624649859943978,0.6330532212885154
74,0.16291327264015332,0.6042165788212746,0.2328701485385721,0.0
75,0.4837905236907731,0.3132793017456359,0.0,0.20293017456359103
76,0.5236755743084857,0.2508204406938584,0.0,0.2255039849976559
77,0.296028880866426,0.501323706377858,0.20264741275571602,0.0
78,0.22060957910014514,0.18093855829704886,0.0,0.598451862602806
79,0.5434935618763714,0.2850163540760982,0.0,0.17149008404753033
80,0.17541979278313682,0.0,0.28653090389424796,0.5380493033226152
81,0.13973922902494332,0.5535714285714286,0.3066893424036281,0.0
82,0.29909706546275394,0.0,0.07844243792325056,0.6224604966139955
83,0.16306068601583112,0.0,0.20158311345646437,0.6353562005277045
84,0.0,0.24460805543525335,0.6184495452576874,0.13694239930705934
85,0.0743202416918429,0.6906344410876133,0.2350453172205438,0.0
86,0.2695548961424332,0.0,0.348486646884273,0.3819584569732938
87,0.0,0.23907692307692308,0.5918461538461538,0.16907692307692307
88,0.34513658043069806,0.5243050537168185,0.0,0.1305583658524835
89,0.22512933341261818,0.0,0.12707379437473984,0.6477968722126419
90,0.0,0.1597753346080306,0.7216778202676865,0.11854684512428298
91,0.4652991980259099,0.42910754678182195,0.0,0.10559325519226814
92,0.2709005810200129,0.49418979987088446,0.23490961910910266,0.0
93,0.0,0.24837584626957532,0.6022703959515832,0.14935375777884155
94,0.4816433239962652,0.4283846872082166,0.0,0.08997198879551821
95,0.262739965095986,0.4969458987783595,0.24031413612565444,0.0
96,0.0,0.3066500344115623,0.5048176187198898,0.18853234686854783
97,0.48596228032576083,0.3921988855550793,0.0,0.12183883411915988
98,0.3427059712773998,0.5408919123204837,0.1164021164021164,0.0
99,0.15666874415705828,0.6205204113430975,0.2228108444998442,0.0
100,0.0,0.35401234567901235,0.05874485596707819,0.5872427983539095
101,0.03998276604911676,0.0,0.042998707453683754,0.9170185264971995
102,0.2427536231884058,0.6654589371980676,0.09178743961352658,0.0
103,0.0,0.2402045937077784,0.13009071607797723,0.6297046902142444
104,0.034954407294832825,0.0,0.10182370820668693,0.8632218844984803
105,0.1286549707602339,0.2646198830409357,0.6067251461988304,0.0
106,0.1441543700340522,0.16458569807037457,0.0,0.6912599318955732
107,0.08505997818974918,0.40021810250817885,0.0,0.514721919302072
108,0.6865740740740741,0.075,0.0,0.23842592592592593
109,0.19254476078661578,0.6938068682125037,0.0,0.11364837100088054
110,0.12635814889336017,0.0,0.2442655935613682,0.6293762575452716
111,0.07476635514018691,0.4485981308411215,0.4766355140186916,0.0
112,0.2673913043478261,0.08260869565217391,0.0,0.65
113,0.07129094412331406,0.5722543352601156,0.0,0.35645472061657035
114,0.0,0.2214561500275786,0.7019672733958449,0.07657657657657657
115,0.1415929203539823,0.5309734513274337,0.3274336283185841,0.0
116,0.23060851397231652,0.0,0.10655523635413947,0.662836249673544
117,0.529113924050633,0.0,0.1240506329113924,0.3468354430379747
118,0.6204819277108434,0.12449799196787148,0.0,0.25502008032128515
119,0.11020300553651463,0.0,0.3466912733983654,0.54310572106512
120,0.6437054631828979,0.0,0.0997624703087886,0.25653206650831356
121,0.0,0.19313593539703902,0.35397039030955585,0.4528936742934051
122,0.5055401662049861,0.2950138504155125,0.0,0.1994459833795014
123,0.16025386751289172,0.0,0.17393891312971044,0.6658072193573978
124,0.17195767195767195,0.0,0.2552910052910053,0.5727513227513228
125,0.2751729438893159,0.0,0.21521906225980014,0.509607993850884
126,0.2874564459930314,0.0,0.3310104529616725,0.38153310104529614
127,0.48699763593380613,0.0,0.18203309692671396,0.3309692671394799
128,0.0,0.694118676702258,0.22571328548923508,0.08016803780850691
129,0.3968565815324165,0.33595284872298625,0.0,0.26719056974459726
130,0.6632600919775166,0.17271333673990802,0.0,0.16402657128257536
131,0.6780807440287465,0.19784400760938492,0.0,0.12407524836186852
132,0.0,0.5330657088527361,0.4584829917599831,0.008451299387280795
133,0.0,0.1267088349316466,0.7243419710263211,0.14894919404203225
134,0.4139167862266858,0.24031563845050216,0.0,0.34576757532281205
135,0.6441642944286295,0.29686864579097194,0.0,0.05896705978039853
136,0.4464555052790347,0.46644042232277527,0.0,0.08710407239819004
137,0.5855883132119745,0.24297013965106157,0.0,0.171441547136964
138,0.1631162507608034,0.0,0.057212416311625075,0.7796713329275715
139,0.019143576826196475,0.9032745591939546,0.07758186397984887,0.0
140,0.5243488108720272,0.24178935447338618,0.0,0.23386183465458663
141,0.08945868945868946,0.833048433048433,0.0,0.07749287749287749
142,0.0,0.47564935064935066,0.37256493506493504,0.15178571428571427
143,0.8722461685823755,0.09686302681992337,0.0,0.03089080459770115
144,0.06349206349206349,0.35374149659863946,0.5827664399092971,0.0
145,0.6257668711656442,0.09713701431492842,0.0,0.2770961145194274
146,0.05374032674118659,0.6964746345657782,0.0,0.24978503869303526
147,0.0,0.5890922674635787,0.36813597310422114,0.042771759432200226
148,0.06333333333333334,0.6366666666666667,0.3,0.0
149,0.1845963245921949,0.6661160437745199,0.14928763163328515,0.0
150,0.345679012345679,0.19506172839506172,0.0,0.45925925925925926
151,0.02425815186731355,0.9207943134378879,0.0,0.0549475346947986
152,0.4681585677749361,0.47103580562659847,0.0,0.06080562659846547
153,0.0,0.21311814607903992,0.4897579143389199,0.29712393958204014
154,0.3938376047109563,0.5435017002571121,0.0,0.06266069503193165
155,0.11905074078930117,0.8076570079979022,0.07329225121279664,0.0
156,0.0,0.1258570029382958,0.6720535422788116,0.20208945478289259
157,0.18871672626142233,0.589590782677791,0.22169249106078665,0.0
158,0.14279376346812017,0.0,0.31645328939029027,0.5407529471415895
159,0.1982719417917235,0.6276489313324238,0.17407912687585267,0.0
160,0.0,0.4673076923076923,0.06521493212669684,0.46747737556561086
161,0.046255191178576543,0.8556494343405413,0.09809537448088214,0.0
162,0.24566777524943112,0.6240154034657798,0.13031682128478908,0.0
163,0.0,0.45914998968434084,0.09954611099649267,0.44130389931916647
164,0.08776539836031112,0.8291990750472987,0.08303552659239016,0.0
165,0.0,0.22828744971207698,0.6847045831032579,0.08700796718466514
166,0.3637041826229671,0.5314567066195852,0.0,0.10483911075744766
167,0.31741793623370507,0.381969530391079,0.300612533375216,0.0
168,0.4719314938154139,0.22074215033301617,0.0,0.3073263558515699
169,0.49847525216983346,0.22800844475721324,0.0,0.2735163030729533
170,0.5144011239901651,0.3660871092377942,0.0,0.11951176677204074
171,0.0,0.2580565400148356,0.6106486441935218,0.13129481579164262
172,0.44529909291493014,0.4553812208874724,0.0,0.09931968619759746
173,0.2807551344996888,0.0,0.18034714058502177,0.5388977249152894
174,0.0,0.26665272404057305,0.46868137613719546,0.26466589982223154
175,0.17721050684424713,0.0,0.31779504254532004,0.5049944506104328
176,0.20492610837438424,0.0,0.29709906951286263,0.4979748221127531
177,0.27889730775431243,0.49290665806867645,0.22819603417701112,0.0
178,0.0,0.3245659274540141,0.07323362558019597,0.6022004469657899
179,0.07849983106205653,0.0,0.16432030634080413,0.7571798625971393
180,0.35589489613426883,0.35905901774659515,0.28504608611913607,0.0
181,0.0,0.48710449348577506,0.17614996011699016,0.33674554639723475
182,0.10737228510247782,0.0,0.11762006729886816,0.775007647598654
183,0.0,0.47699702449073017,0.4097047379262989,0.11329823758297093
184,0.0,0.3100185842203075,0.6343132285859098,0.055668187193782734
185,0.06239687098942737,0.0,0.1887795636496975,0.7488235653608751
186,0.170341962288271,0.0,0.26302333013742407,0.5666347075743049
187,0.29297052154195014,0.0,0.2113378684807256,0.49569160997732425
188,0.3147226173541963,0.39864864864864863,0.0,0.28662873399715505
189,0.1769019248395967,0.3132447296058662,0.5098533455545371,0.0
190,0.5473041709053916,0.0,0.11190233977619532,0.340793489318413
191,0.31369587109768376,0.0,0.1596173212487412,0.526686807653575
192,0.17693773824650572,0.0,0.20552731893265566,0.6175349428208387
193,0.257396449704142,0.1502958579881657,0.5923076923076923,0.0
194,0.33549564159740525,0.0,0.4767889722278532,0.18771538617474154
195,0.0,0.3978505525702119,0.5655480077055662,0.03660143972422184
196,0.0,0.15277257399775196,0.7672349194454852,0.07999250655676284
197,0.310692375109553,0.5712094653812445,0.0,0.11809815950920245
198,0.0,0.18350079323109467,0.7657324167107351,0.05076679005817028
199,0.41933139534883723,0.470203488372093,0.0,0.11046511627906977
200,0.09127565982404692,0.6367302052785924,0.2719941348973607,0.0
201,0.47988223748773307,0.0,0.4210009813542689,0.09911678115799803
202,0.2936267071320182,0.44840667678300455,0.0,0.25796661608497723
203,0.0,0.3970074115508321,0.5192280799888127,0.0837645084603552
204,0.2970001704448611,0.6465825805351969,0.0,0.05641724901994205
205,0.03894120641384576,0.7207940951896157,0.24026469839653855,0.0
206,0.37047803617571057,0.0,0.22868217054263565,0.40083979328165376
207,0.0,0.058117866293966924,0.4220824598183089,0.5197996738877242
208,0.1562189054726368,0.0,0.4043117744610282,0.439469320066335
209,0.32906373894480023,0.0,0.23726745959133883,0.43366880146386094
210,0.0,0.26462676529926027,0.4689531495180453,0.26642008518269444
211,0.13700107874865156,0.5156418554476807,0.34735706580366776,0.0
212,0.0,0.22177606177606177,0.4793822393822394,0.29884169884169887
213,0.22322731251823752,0.11963816749343449,0.657134519988328,0.0
214,0.3013906447534766,0.0,0.08116308470290771,0.6174462705436157
215,0.14618453223523356,0.0,0.2625144769012997,0.5913009908634668
216,0.6635338345864662,0.18059572006940428,0.0,0.15587044534412955
217,0.13566433566433567,0.5427738927738928,0.32156177156177157,0.0
218,0.0,0.17068600293302916,0.5002036825810656,0.32911031448590516
219,0.43137254901960786,0.36541889483065954,0.0,0.20320855614973263
220,0.0,0.4777636594663278,0.3951715374841169,0.12706480304955528
221,0.30720690800398537,0.0,0.3799402191962803,0.3128528727997343
222,0.0,0.25638584800888464,0.45311756306520706,0.2904965889259083
223,0.2889090909090909,0.0,0.2972727272727273,0.4138181818181818
224,0.3565217391304348,0.47292490118577074,0.0,0.17055335968379445
225,0.1559748427672956,0.3953878406708595,0.44863731656184486,0.0
226,0.4219269102990033,0.0,0.1461794019933555,0.4318936877076412
227,0.12864219114219114,0.0,0.558420745920746,0.3129370629370629
228,0.0,0.37263359693266235,0.5880661394680087,0.03930026359932902
229,0.0,0.2627975886379892,0.6505568611423317,0.08664555021967917
230,0.30731085293284216,0.5355624822896005,0.0,0.15712666477755738
231,0.0,0.24869960988296488,0.6661248374512354,0.08517555266579974
232,0.0,0.22565395524739992,0.6966593129530413,0.07768673179955878
233,0.055405997620985414,0.0,0.18863081449946786,0.7559631878795467
234,0.2573173835581573,0.0,0.6383303639602952,0.10435225248154746
235,0.0,0.0958641468090934,0.5349219391947412,0.36921391399616543
236,0.765666140073723,0.10549411971212919,0.0,0.1288397402141478
237,0.2131078814980436,0.2546115148127446,0.5322806036892118,0.0
238,0.4,0.09152542372881356,0.5084745762711864,0.0
239,0.04441294590125207,0.0,0.40101582801795416,0.5545712260807938
240,0.32477788746298125,0.11352418558736427,0.5616979269496545,0.0
241,0.33421052631578946,0.0,0.05175438596491228,0.6140350877192983
242,0.32059123343527013,0.0,0.1373598369011213,0.5420489296636085
243,0.19685273159144892,0.0,0.19714964370546317,0.6059976247030879
244,0.09576271186440678,0.1,0.8042372881355933,0.0
245,0.4233190632082599,0.3875598086124402,0.0,0.18912112817929994
246,0.0,0.44193999689103064,0.5083164930825431,0.04974351002642624
247,0.0,0.14265854944633527,0.7768563347874023,0.0804851157662624
248,0.4839125374127037,0.3678500166278683,0.0,0.148237445959428
249,0.17417180175909833,0.0,0.2750829514931269,0.5507452467477748
250,0.19121951219512195,0.14146341463414633,0.6673170731707317,0.0
251,0.4096496619545175,0.32544560540872775,0.0,0.26490473263675474
252,0.0,0.31725465041693396,0.4894162924951892,0.19332905708787684
253,0.35543579470105247,0.5890352981010694,0.0,0.05552890719787816
254,0.08214693962381793,0.0,0.5080016626831549,0.40985139769302714
255,0.20082644628099172,0.2652892561983471,0.5338842975206611,0.0
256,0.38409209837781266,0.0,0.1433804290947148,0.4725274725274725
257,0.25382262996941896,0.5109217999126257,0.23525557011795545,0.0
258,0.40501947209000433,0.45672868887927304,0.0,0.13825183903072263
259,0.07492195629552549,0.6194935830731877,0.30558446063128686,0.0
260,0.3495405819295559,0.37557427258805515,0.0,0.27488514548238896
261,0.0,0.14637985309548793,0.6243441762854145,0.22927597061909757
262,0.13247729408080175,0.0,0.5126839962417788,0.3548387096774194
263,0.20485175202156333,0.0,0.15700808625336926,0.6381401617250674
264,0.5374887082204155,0.23486901535682023,0.0,0.22764227642276422
265,0.2496506753609688,0.0,0.18723800652072659,0.5631113181183046
266,0.3453908984830805,0.0,0.3290548424737456,0.32555425904317387
267,0.6392514546312313,0.05991508098757666,0.0,0.300833464381192
268,0.4843630816170862,0.0,0.30739893211289093,0.20823798627002288
269,0.0,0.16848338043331987,0.4448930157448526,0.3866236038218275
270,0.2560240963855422,0.14759036144578314,0.0,0.5963855421686747
271,0.0,0.29545454545454547,0.4935064935064935,0.21103896103896103
272,0.21768707482993196,0.0,0.08843537414965986,0.6938775510204082
273,0.0,0.03842396613480951,0.6053402800390753,0.3562357538261153
274,0.16925351071692535,0.0,0.3385070214338507,0.49223946784922396
275,0.431858407079646,0.32035398230088497,0.0,0.24778761061946902
276,0.21955636034404707,0.008601177003168854,0.0,0.7718424626527841
277,0.07754670426506874,0.0,0.8836799436023969,0.03877335213253437
278,0.2740685171292823,0.5291322830707677,0.19679919979994998,0.0
279,0.6171849744617572,0.28286028318355205,0.0,0.09995474235469064
280,0.17562346329469616,0.6403231471724622,0.1840533895328416,0.0
281,0.3055386202691929,0.40742390845565823,0.0,0.2870374712751489
282,0.06581352833638025,0.3436928702010969,0.5904936014625228,0.0
283,0.0,0.030752333882482153,0.04942339373970346,0.9198242723778144
284,0.010596479234318919,0.9215518714749615,0.06785164929071953,0.0
285,0.0473186119873817,0.6443217665615142,0.3083596214511041,0.0
286,0.0,0.04709576138147567,0.03247645211930926,0.9204277864992151
287,0.01350231941683234,0.0,0.020957587806494368,0.9655400927766733
288,0.12823397075365578,0.14454443194600675,0.7272215973003374,0.0
289,0.2893772893772894,0.21904761904761905,0.0,0.49157509157509155
290,0.0014695077149155032,0.6132745530247368,0.3852559392603478,0.0
291,0.5396262886597938,0.03962628865979381,0.0,0.4207474226804124
292,0.12442524731782081,0.0,0.18921554967256513,0.6863592030096141
293,0.3036649214659686,0.33420593368237345,0.0,0.3621291448516579
294,0.0,0.6045585306483735,0.39344987829165745,0.00199159105996902
295,0.41219872110182,0.3782587309394983,0.0,0.20954254795868174
296,0.0,0.22905027932960895,0.5195530726256983,0.25139664804469275
297,0.6216361679224973,0.0,0.11894510226049515,0.25941872981700753
298,0.0,0.08093994778067885,0.3289817232375979,0.5900783289817232
299,0.377292576419214,0.2427947598253275,0.3799126637554585,0.0
300,0.24,0.3515151515151515,0.0,0.4084848484848485
301,0.42286751361161523,0.41197822141560797,0.16515426497277677,0.0
302,0.19571045576407506,0.0,0.30294906166219837,0.5013404825737265
303,0.36363636363636365,0.2762237762237762,0.36013986013986016,0.0
304,0.22941176470588234,0.0,0.6058823529411764,0.16470588235294117
305,0.2,0.6555555555555556,0.0,0.14444444444444443
306,0.3137254901960784,0.0,0.3235294117647059,0.3627450980392157
307,0.0,0.05,0.15,0.8
308,0.03508771929824561,0.0,0.05263157894736842,0.9122807017543859
309,0.0,0.0,0.2,0.8
310,0.0,1.0,0.0,0.0
311,0.0,0.0,1.0,0.0
312,0.0,0.0,0.9047619047619048,0.09523809523809523
313,0.0,0.34545454545454546,0.01818181818181818,0.6363636363636364
314,,,,
315,,,,
316,,,,
317,,,,
318,,,,
