,A,C,G,T
0,,,,
1,,,,
2,0.8288590604026845,0.06375838926174497,0.0,0.10738255033557047
3,0.6480186480186481,0.20512820512820512,0.0,0.14685314685314685
4,0.5394736842105263,0.2894736842105263,0.17105263157894737,0.0
5,0.4988344988344988,0.1794871794871795,0.0,0.32167832167832167
6,0.4691358024691358,0.0,0.2074074074074074,0.3234567901234568
7,0.0,0.10689655172413794,0.6155172413793103,0.2775862068965517
8,0.6534110387384299,0.2958519026396983,0.0,0.050737058621871785
9,0.07188577055637617,0.0,0.1935007385524372,0.7346134908911867
10,0.6551724137931034,0.1896551724137931,0.15517241379310345,0.0
11,0.6170212765957447,0.15130023640661938,0.0,0.23167848699763594
12,0.4568245125348189,0.3008356545961003,0.0,0.24233983286908078
13,0.49898580121703856,0.41379310344827586,0.0872210953346856,0.0
14,0.2571428571428571,0.1111111111111111,0.0,0.6317460317460317
15,0.04594594594594595,0.7972972972972973,0.0,0.15675675675675677
16,0.0,0.7379310344827587,0.08620689655172414,0.17586206896551723
17,0.7945544554455446,0.13242574257425743,0.0,0.07301980198019802
18,0.75,0.09705882352941177,0.15294117647058825,0.0
19,0.37894736842105264,0.0,0.17894736842105263,0.4421052631578947
20,0.09307359307359307,0.1634199134199134,0.7435064935064936,0.0
21,0.21951219512195122,0.18292682926829268,0.0,0.5975609756097561
22,0.18548387096774194,0.13709677419354838,0.0,0.6774193548387096
23,0.20809248554913296,0.26011560693641617,0.0,0.5317919075144508
24,0.22549019607843138,0.13725490196078433,0.0,0.6372549019607843
25,0.30952380952380953,0.19047619047619047,0.0,0.5
26,0.0,0.4880636604774536,0.3819628647214854,0.129973474801061
27,0.34210526315789475,0.39035087719298245,0.0,0.2675438596491228
28,0.5228571428571429,0.29428571428571426,0.0,0.18285714285714286
29,0.24749163879598662,0.0,0.09364548494983277,0.6588628762541806
30,0.297029702970297,0.39603960396039606,0.0,0.3069306930693069
31,0.2916666666666667,0.4128787878787879,0.29545454545454547,0.0
32,0.3853211009174312,0.1761467889908257,0.0,0.43853211009174314
33,0.4222222222222222,0.15555555555555556,0.0,0.4222222222222222
34,0.04984423676012461,0.6261682242990654,0.32398753894080995,0.0
35,0.24083769633507854,0.0,0.5392670157068062,0.2198952879581152
36,0.4726027397260274,0.0,0.21232876712328766,0.3150684931506849
37,0.0,0.22828282828282828,0.6303030303030303,0.1414141414141414
38,0.3828125,0.3515625,0.0,0.265625
39,0.3224043715846995,0.0,0.14207650273224043,0.5355191256830601
40,0.45652173913043476,0.0,0.22826086956521738,0.31521739130434784
41,0.07857142857142857,0.20357142857142857,0.7178571428571429,0.0
42,0.14634146341463414,0.32926829268292684,0.0,0.524390243902439
43,0.6378205128205128,0.1282051282051282,0.0,0.23397435897435898
44,0.42483660130718953,0.34967320261437906,0.0,0.22549019607843138
45,0.0,0.11290322580645161,0.8381893860561914,0.04890738813735692
46,0.4955804360636417,0.3965822038892163,0.0,0.10783736004714202
47,0.47580645161290325,0.25,0.0,0.27419354838709675
48,0.30278884462151395,0.4541832669322709,0.24302788844621515,0.0
49,0.42028985507246375,0.0,0.2028985507246377,0.37681159420289856
50,0.32590529247910865,0.0,0.25069637883008355,0.4233983286908078
51,0.19455252918287938,0.0,0.5797665369649806,0.22568093385214008
52,0.31176470588235294,0.15294117647058825,0.5352941176470588,0.0
53,0.5250696378830083,0.2827298050139276,0.0,0.19220055710306408
54,0.0,0.6225165562913907,0.32671081677704195,0.05077262693156733
55,0.13582677165354332,0.75,0.0,0.1141732283464567
56,0.0,0.43781094527363185,0.42786069651741293,0.13432835820895522
57,0.20638820638820637,0.0,0.5798525798525799,0.21375921375921375
58,0.04830917874396135,0.5555555555555556,0.3961352657004831,0.0
59,0.164021164021164,0.0,0.42063492063492064,0.41534391534391535
60,0.14416475972540047,0.4576659038901602,0.39816933638443935,0.0
61,0.34285714285714286,0.0,0.15,0.5071428571428571
62,0.2857142857142857,0.0,0.18086500655307994,0.5334207077326344
63,0.07865168539325842,0.3146067415730337,0.6067415730337079,0.0
64,0.16363636363636364,0.2,0.0,0.6363636363636364
65,0.012711864406779662,0.7923728813559322,0.19491525423728814,0.0
66,0.5908045977011495,0.067816091954023,0.0,0.3413793103448276
67,0.34303864478560087,0.0,0.06034939121228163,0.5966119640021175
68,0.0,0.2703296703296703,0.5626373626373626,0.16703296703296702
69,0.7382978723404255,0.0851063829787234,0.0,0.17659574468085107
70,0.06798245614035088,0.0,0.4298245614035088,0.5021929824561403
71,0.32,0.0,0.21846153846153846,0.46153846153846156
72,0.23316062176165803,0.4378238341968912,0.3290155440414508,0.0
73,0.34615384615384615,0.0,0.14615384615384616,0.5076923076923077
74,0.14625228519195613,0.44424131627056673,0.40950639853747717,0.0
75,0.6426116838487973,0.20618556701030927,0.0,0.15120274914089346
76,0.5605381165919282,0.2982062780269058,0.0,0.1412556053811659
77,0.0,0.578005115089514,0.27237851662404094,0.149616368286445
78,0.43851851851851853,0.33037037037037037,0.2311111111111111,0.0
79,0.18461538461538463,0.5333333333333333,0.28205128205128205,0.0
80,0.163302752293578,0.0,0.11009174311926606,0.726605504587156
81,0.0,0.3864864864864865,0.3168918918918919,0.29662162162162165
82,0.19134577213179832,0.0,0.4874950377133783,0.32115919015482336
83,0.15874233128834356,0.0,0.23696319018404907,0.6042944785276073
84,0.14554794520547945,0.7054794520547946,0.14897260273972604,0.0
85,0.16568047337278108,0.4911242603550296,0.3431952662721893,0.0
86,0.15676567656765678,0.0,0.12376237623762376,0.7194719471947195
87,0.0,0.3360258481421648,0.5589660743134087,0.1050080775444265
88,0.5927013422818792,0.28565436241610737,0.0,0.12164429530201343
89,0.31429728635074927,0.4467395706763872,0.2389631429728635,0.0
90,0.0,0.22194153735113678,0.5185853482497293,0.2594731143991339
91,0.519620056057303,0.3959825599501713,0.0,0.08439738399252569
92,0.13412514484356894,0.0,0.12079953650057937,0.7450753186558516
93,0.17452135493372606,0.7459499263622975,0.07952871870397643,0.0
94,0.0,0.32423398328690806,0.06295264623955432,0.6128133704735376
95,0.06187624750499002,0.8483033932135728,0.08982035928143713,0.0
96,0.36134453781512604,0.34853941576630654,0.0,0.2901160464185674
97,0.19552238805970149,0.0,0.23034825870646766,0.5741293532338309
98,0.2796511627906977,0.5622093023255814,0.15813953488372093,0.0
99,0.0,0.4262295081967213,0.1726434426229508,0.4011270491803279
100,0.11805555555555555,0.4166666666666667,0.4652777777777778,0.0
101,0.4160074453234062,0.32992089343880876,0.0,0.254071661237785
102,0.4666039510818438,0.0,0.13640639698965193,0.3969896519285042
103,0.0,0.5893536121673004,0.11026615969581749,0.30038022813688214
104,0.0734341252699784,0.0,0.15550755939524838,0.7710583153347732
105,0.09302325581395349,0.29069767441860467,0.6162790697674418,0.0
106,0.0125,0.1,0.0,0.8875
107,0.05555555555555555,0.3888888888888889,0.0,0.5555555555555556
108,0.3664772727272727,0.26704545454545453,0.0,0.3664772727272727
109,0.1016949152542373,0.6101694915254238,0.288135593220339,0.0
110,0.3129251700680272,0.0,0.25170068027210885,0.43537414965986393
111,0.38144329896907214,0.0,0.27835051546391754,0.3402061855670103
112,0.45714285714285713,0.15714285714285714,0.0,0.38571428571428573
113,0.5243664717348928,0.0,0.21637426900584794,0.25925925925925924
114,0.4657534246575342,0.0,0.2602739726027397,0.273972602739726
115,0.0,0.24458204334365324,0.47058823529411764,0.2848297213622291
116,0.44776119402985076,0.4253731343283582,0.0,0.12686567164179105
117,0.5634365634365635,0.24475524475524477,0.0,0.1918081918081918
118,0.09401709401709402,0.0,0.44017094017094016,0.4658119658119658
119,0.05693430656934306,0.5927007299270073,0.35036496350364965,0.0
120,0.3058823529411765,0.0,0.5176470588235295,0.17647058823529413
121,0.6,0.0,0.23636363636363636,0.16363636363636364
122,0.0,0.2593320235756385,0.587426326129666,0.15324165029469547
123,0.5535714285714286,0.14285714285714285,0.0,0.30357142857142855
124,0.6171875,0.1484375,0.0,0.234375
125,0.340080971659919,0.0,0.3866396761133603,0.2732793522267207
126,0.0,0.6418685121107266,0.3027681660899654,0.05536332179930796
127,0.0,0.09797822706065319,0.7651632970451011,0.1368584758942457
128,0.4308510638297872,0.11170212765957446,0.0,0.4574468085106383
129,0.37185929648241206,0.12060301507537688,0.0,0.507537688442211
130,0.23857868020304568,0.18274111675126903,0.0,0.5786802030456852
131,0.6717557251908397,0.19720101781170485,0.0,0.13104325699745548
132,0.2854368932038835,0.0,0.39611650485436894,0.31844660194174756
133,0.04878048780487805,0.4372822299651568,0.5139372822299652,0.0
134,0.0,0.18828451882845187,0.0,0.8117154811715481
135,0.18627450980392157,0.5490196078431373,0.0,0.2647058823529412
136,0.0,0.16140350877192983,0.7672514619883041,0.07134502923976609
137,0.5620272314674736,0.273071104387292,0.0,0.1649016641452345
138,0.06088992974238876,0.053864168618266976,0.8852459016393442,0.0
139,0.17763157894736842,0.1513157894736842,0.0,0.6710526315789473
140,0.2434017595307918,0.31378299120234604,0.0,0.44281524926686217
141,0.21828021647624773,0.5538184004810583,0.0,0.22790138304269392
142,0.1308641975308642,0.08148148148148149,0.7876543209876543,0.0
143,0.29591836734693877,0.17142857142857143,0.0,0.5326530612244897
144,0.5822959889349931,0.03941908713692946,0.0,0.37828492392807744
145,0.4096209912536443,0.0,0.5072886297376094,0.08309037900874636
146,0.0,0.2581857219538379,0.28556092324208265,0.4562533548040794
147,0.2734225621414914,0.43236137667304014,0.0,0.29421606118546845
148,0.2509323388385722,0.4693660095897709,0.2797016515716569,0.0
149,0.22926093514328807,0.42835595776772245,0.34238310708898945,0.0
150,0.0,0.12714776632302405,0.6941580756013745,0.17869415807560138
151,0.13434579439252337,0.580607476635514,0.2850467289719626,0.0
152,0.0,0.29082125603864734,0.2072463768115942,0.5019323671497584
153,0.38438735177865613,0.16304347826086957,0.4525691699604743,0.0
154,0.30241187384044527,0.0,0.20964749536178107,0.48794063079777367
155,0.0,0.3007380073800738,0.4280442804428044,0.27121771217712176
156,0.26144010767160164,0.41251682368775233,0.326043068640646,0.0
157,0.0,0.3805682216766047,0.14451069800070152,0.4749210803226938
158,0.38010657193605685,0.28152753108348133,0.3383658969804618,0.0
159,0.5620253164556962,0.26962025316455696,0.0,0.16835443037974684
160,0.0,0.37099494097807756,0.44013490725126475,0.18887015177065766
161,0.2062423500611995,0.5960832313341493,0.19767441860465115,0.0
162,0.41647597254004576,0.10983981693363844,0.0,0.47368421052631576
163,0.43832599118942733,0.44273127753303965,0.0,0.11894273127753303
164,0.0,0.49712643678160917,0.4295977011494253,0.07327586206896551
165,0.0,0.14566424604869713,0.7133703545493378,0.14096539940196498
166,0.45530227948463825,0.3732408325074331,0.0,0.17145688800792863
167,1.0,0.0,0.0,0.0
168,0.0,0.2875816993464052,0.5604575163398693,0.15196078431372548
169,0.0,0.39392831016825164,0.40087783467446964,0.20519385515727873
170,0.3782030489782679,0.2919234511839118,0.3298734998378203,0.0
171,0.0,0.4391038696537678,0.5107942973523422,0.05010183299389002
172,0.0,0.43851626016260165,0.32926829268292684,0.23221544715447154
173,0.0,0.2255729794933655,0.6025331724969843,0.17189384800965019
174,0.35578446909667194,0.3530110935023772,0.29120443740095087,0.0
175,0.0,0.216548463356974,0.10685579196217494,0.676595744680851
176,0.06908803789972365,0.0,0.13620213185945518,0.7947098302408212
177,0.1829436038514443,0.5433287482806052,0.2737276478679505,0.0
178,0.0,0.37785588752196836,0.14938488576449913,0.4727592267135325
179,0.036799065420560745,0.0,0.054906542056074766,0.9082943925233645
180,0.528125,0.17708333333333334,0.0,0.2947916666666667
181,0.11373209772535804,0.0,0.4675652906486942,0.41870261162594774
182,0.0,0.2819614711033275,0.47373029772329245,0.24430823117338005
183,0.5919811320754716,0.27358490566037735,0.0,0.13443396226415094
184,0.0,0.43147208121827413,0.5042301184433164,0.06429780033840947
185,0.17400881057268722,0.0,0.4460352422907489,0.3799559471365639
186,0.14593698175787728,0.2570480928689884,0.5970149253731343,0.0
187,0.23618090452261306,0.0,0.10301507537688442,0.6608040201005025
188,0.18325434439178515,0.0,0.07109004739336493,0.7456556082148499
189,0.3346613545816733,0.47410358565737054,0.0,0.19123505976095617
190,0.12658227848101267,0.3189873417721519,0.5544303797468354,0.0
191,0.30162412993039445,0.3874709976798144,0.0,0.3109048723897912
192,0.0,0.4262125902992776,0.52218782249742,0.05159958720330237
193,0.0,0.07354497354497354,0.8656084656084656,0.06084656084656084
194,0.3333333333333333,0.2412280701754386,0.0,0.42543859649122806
195,0.3308550185873606,0.17843866171003717,0.0,0.49070631970260226
196,0.5151515151515151,0.23484848484848486,0.0,0.25
197,0.18238993710691823,0.0,0.4056603773584906,0.4119496855345912
198,0.325,0.0,0.6325,0.0425
199,0.41784037558685444,0.3286384976525822,0.0,0.2535211267605634
200,0.0,0.4897182025894897,0.42345773038842344,0.08682406702208682
201,0.2641165755919854,0.32604735883424407,0.4098360655737705,0.0
202,0.18478260869565216,0.32608695652173914,0.4891304347826087,0.0
203,0.3904761904761905,0.0,0.0761904761904762,0.5333333333333333
204,0.0,0.18181818181818182,0.0027548209366391185,0.8154269972451791
205,0.1695364238410596,0.0,0.2980132450331126,0.5324503311258278
206,0.34441087613293053,0.0,0.256797583081571,0.3987915407854985
207,0.0,0.11541072640868975,0.836388323150034,0.048200950441276307
208,0.17279411764705882,0.2610294117647059,0.5661764705882353,0.0
209,0.18732782369146006,0.0,0.22176308539944903,0.5909090909090909
210,0.2692307692307692,0.09467455621301775,0.636094674556213,0.0
211,0.4880382775119617,0.0,0.13875598086124402,0.37320574162679426
212,0.44495412844036697,0.0,0.21559633027522937,0.3394495412844037
213,0.0,0.5962962962962963,0.3333333333333333,0.07037037037037037
214,0.668141592920354,0.12831858407079647,0.0,0.20353982300884957
215,0.0,0.11515151515151516,0.8348484848484848,0.05
216,0.5137614678899083,0.1926605504587156,0.0,0.29357798165137616
217,0.0,0.40229885057471265,0.3103448275862069,0.28735632183908044
218,0.46785714285714286,0.0,0.23214285714285715,0.3
219,0.0,0.13399153737658676,0.7545839210155149,0.11142454160789844
220,0.0,0.35989717223650386,0.5089974293059126,0.13110539845758354
221,0.12548015364916773,0.6766965428937259,0.19782330345710628,0.0
222,0.12106918238993711,0.3836477987421384,0.49528301886792453,0.0
223,0.27611940298507465,0.0,0.07649253731343283,0.6473880597014925
224,0.21585903083700442,0.0,0.3920704845814978,0.3920704845814978
225,0.0,0.45,0.5296610169491526,0.020338983050847456
226,0.0,0.12562814070351758,0.7760229720028715,0.09834888729361091
227,0.26227897838899805,0.6326129666011788,0.0,0.10510805500982318
228,0.0,0.14122533748701974,0.7757009345794392,0.08307372793354102
229,0.0,0.19384057971014493,0.7454710144927537,0.06068840579710145
230,0.24372230428360414,0.0,0.1861152141802068,0.5701624815361891
231,0.0,0.0975609756097561,0.44567627494456763,0.4567627494456763
232,0.11099476439790576,0.0,0.13612565445026178,0.7528795811518325
233,0.5097880928355196,0.2970736629667003,0.0,0.19313824419778003
234,0.09265467845169156,0.0,0.5757391039317281,0.3316062176165803
235,0.3852813852813853,0.2813852813852814,0.3333333333333333,0.0
236,0.4009527590313616,0.32790789996030173,0.0,0.27113934100833664
237,0.21679909194097616,0.44154370034052215,0.3416572077185017,0.0
238,0.0,0.19115936409461032,0.04846839860411012,0.7603722373012796
239,0.07611940298507462,0.7298507462686568,0.19402985074626866,0.0
240,0.07790463398253862,0.0,0.16789791806581597,0.7541974479516454
241,0.10784313725490197,0.28431372549019607,0.6078431372549019,0.0
242,0.6261549395877755,0.373134328358209,0.0,0.0007107320540156361
243,0.09618320610687023,0.0,0.8740458015267175,0.029770992366412213
244,0.0,0.0963302752293578,0.3119266055045872,0.591743119266055
245,0.0,0.3236130867709815,0.5881934566145093,0.08819345661450925
246,0.0,0.45914844649021863,0.2612197928653625,0.27963176064441886
247,0.09950248756218906,0.5024875621890548,0.39800995024875624,0.0
248,0.4650112866817156,0.37020316027088035,0.0,0.16478555304740405
249,0.0,0.13855421686746988,0.8166953528399311,0.04475043029259897
250,0.0,0.2551136363636364,0.7017045454545454,0.04318181818181818
251,0.11740473738414006,0.0,0.19258496395468588,0.690010298661174
252,0.0,0.1673076923076923,0.7384615384615385,0.09423076923076923
253,0.5070977917981072,0.4613564668769716,0.0,0.031545741324921134
254,0.16512820512820514,0.0,0.14051282051282052,0.6943589743589743
255,0.15512465373961218,0.0,0.48476454293628807,0.3601108033240997
256,0.1267605633802817,0.3732394366197183,0.5,0.0
257,0.3765432098765432,0.44650205761316875,0.0,0.17695473251028807
258,0.0,0.4217335058214748,0.5510996119016818,0.027166882276843468
259,0.3153846153846154,0.6230769230769231,0.0,0.06153846153846154
260,0.0,0.41497659906396256,0.38845553822152884,0.19656786271450857
261,0.34935041822388324,0.588004983093077,0.0,0.06264459868303969
262,0.16547927461139897,0.0,0.23898963730569947,0.5955310880829016
263,0.21082621082621084,0.5897435897435898,0.19943019943019943,0.0
264,0.40540540540540543,0.36936936936936937,0.0,0.22522522522522523
265,0.0,0.6513157894736842,0.30043859649122806,0.04824561403508772
266,0.39522628642281465,0.5331680099194048,0.0,0.07160570365778053
267,0.2727272727272727,0.15151515151515152,0.0,0.5757575757575758
268,0.0,0.3387096774193548,0.45161290322580644,0.20967741935483872
269,0.27414330218068533,0.0,0.12461059190031153,0.6012461059190031
270,0.0,0.02356902356902357,0.4158249158249158,0.5606060606060606
271,0.23204419889502761,0.0,0.4088397790055249,0.35911602209944754
272,0.3524590163934426,0.42349726775956287,0.0,0.22404371584699453
273,0.28431372549019607,0.029411764705882353,0.0,0.6862745098039216
274,0.04503105590062112,0.0,0.9363354037267081,0.018633540372670808
275,0.527180783817952,0.33754740834386854,0.13527180783817952,0.0
276,0.5211538461538462,0.383974358974359,0.0,0.09487179487179487
277,0.1391509433962264,0.6886792452830188,0.1721698113207547,0.0
278,0.31665547347212897,0.41235728676964406,0.0,0.27098723975822697
279,0.0963855421686747,0.3614457831325301,0.5421686746987951,0.0
280,0.0,0.034722222222222224,0.03125,0.9340277777777778
281,0.007683863885839737,0.9242590559824369,0.06805708013172337,0.0
282,0.05303030303030303,0.8371212121212122,0.10984848484848485,0.0
283,0.0,0.08836524300441827,0.030191458026509573,0.8814432989690721
284,0.015606242496998799,0.0,0.021608643457382955,0.9627851140456183
285,0.17796610169491525,0.11864406779661017,0.7033898305084746,0.0
286,0.3248407643312102,0.21019108280254778,0.0,0.46496815286624205
287,0.0,0.6242171189979123,0.3757828810020877,0.0
288,0.5319148936170213,0.12340425531914893,0.0,0.3446808510638298
289,0.1111111111111111,0.0,0.18154761904761904,0.7073412698412699
290,0.593698175787728,0.19071310116086235,0.0,0.2155887230514096
291,0.0,0.6987951807228916,0.2996987951807229,0.0015060240963855422
292,0.568,0.356,0.0,0.076
293,0.0,0.11666666666666667,0.8,0.08333333333333333
294,0.2736842105263158,0.3473684210526316,0.0,0.37894736842105264
295,0.0,0.26704545454545453,0.45454545454545453,0.2784090909090909
296,0.16030534351145037,0.7480916030534351,0.0916030534351145,0.0
297,0.15337423312883436,0.0,0.4233128834355828,0.4233128834355828
298,0.411214953271028,0.3364485981308411,0.2523364485981308,0.0
299,0.5217391304347826,0.0,0.30434782608695654,0.17391304347826086
300,0.1111111111111111,0.28888888888888886,0.6,0.0
301,0.675,0.0,0.275,0.05
302,0.6190476190476191,0.19047619047619047,0.0,0.19047619047619047
303,0.10526315789473684,0.0,0.15789473684210525,0.7368421052631579
304,0.0,0.3333333333333333,0.6666666666666666,0.0
305,0.0,0.0,1.0,0.0
306,0.0,0.0,1.0,0.0
307,0.25,0.5,0.0,0.25
308,0.0,0.0,1.0,0.0
309,0.0,0.0,0.0,1.0
310,0.0,0.037037037037037035,0.0,0.9629629629629629
311,,,,
312,,,,
313,,,,
314,,,,
315,,,,
