,A,C,G,T
0,,,,
1,,,,
2,,,,
3,1.0,0.0,0.0,0.0
4,,,,
5,,,,
6,0.0,0.0,1.0,0.0
7,,,,
8,,,,
9,0.0,1.0,0.0,0.0
10,,,,
11,,,,
12,,,,
13,0.0,0.0,1.0,0.0
14,,,,
15,,,,
16,,,,
17,,,,
18,,,,
19,,,,
20,0.0,0.0,1.0,0.0
21,,,,
22,,,,
23,,,,
24,,,,
25,,,,
26,,,,
27,1.0,0.0,0.0,0.0
28,,,,
29,,,,
30,,,,
31,,,,
32,,,,
33,0.0,1.0,0.0,0.0
34,,,,
35,,,,
36,0.0,1.0,0.0,0.0
37,0.0,0.0,1.0,0.0
38,,,,
39,,,,
40,,,,
41,,,,
42,,,,
43,0.0,0.0,0.0,1.0
44,0.0,0.5,0.5,0.0
45,0.0,1.0,0.0,0.0
46,,,,
47,,,,
48,,,,
49,,,,
50,,,,
51,,,,
52,,,,
53,,,,
54,,,,
55,,,,
56,1.0,0.0,0.0,0.0
57,0.0,0.0,0.0,1.0
58,,,,
59,,,,
60,,,,
61,,,,
62,0.0,0.0,1.0,0.0
63,,,,
64,,,,
65,,,,
66,,,,
67,,,,
68,0.0,1.0,0.0,0.0
69,0.0,0.0,0.0,1.0
70,1.0,0.0,0.0,0.0
71,0.0,0.0,1.0,0.0
72,,,,
73,,,,
74,,,,
75,,,,
76,,,,
77,1.0,0.0,0.0,0.0
78,0.0,0.0,1.0,0.0
79,,,,
80,,,,
81,,,,
82,,,,
83,0.0,0.0,1.0,0.0
84,0.0,0.0,0.0,1.0
85,,,,
86,,,,
87,0.0,1.0,0.0,0.0
88,0.0,1.0,0.0,0.0
89,0.0,0.0,0.0,1.0
90,0.0,0.0,0.0,1.0
91,0.0,0.0,1.0,0.0
92,1.0,0.0,0.0,0.0
93,0.0,0.0,1.0,0.0
94,1.0,0.0,0.0,0.0
95,,,,
96,,,,
97,0.0,1.0,0.0,0.0
98,,,,
99,0.0,0.0,1.0,0.0
100,0.0,1.0,0.0,0.0
101,,,,
102,0.0,0.5,0.0,0.5
103,0.0,1.0,0.0,0.0
104,,,,
105,0.0,0.0,1.0,0.0
106,,,,
107,0.0,0.0,0.0,1.0
108,0.0,0.3333333333333333,0.6666666666666666,0.0
109,0.0,1.0,0.0,0.0
110,,,,
111,,,,
112,,,,
113,,,,
114,,,,
115,,,,
116,,,,
117,,,,
118,,,,
119,0.5,0.0,0.5,0.0
120,,,,
121,,,,
122,,,,
123,0.0,0.0,1.0,0.0
124,,,,
125,,,,
126,,,,
127,,,,
128,0.0,1.0,0.0,0.0
129,,,,
130,,,,
131,1.0,0.0,0.0,0.0
132,,,,
133,,,,
134,,,,
135,,,,
136,0.0,0.0,1.0,0.0
137,,,,
138,,,,
139,,,,
140,,,,
141,0.0,1.0,0.0,0.0
142,,,,
143,,,,
144,,,,
145,,,,
146,,,,
147,,,,
148,,,,
149,,,,
150,,,,
151,0.0,0.0,1.0,0.0
152,0.5,0.0,0.5,0.0
153,0.6666666666666666,0.0,0.0,0.3333333333333333
154,0.0,0.0,0.3333333333333333,0.6666666666666666
155,,,,
156,0.0,0.0,1.0,0.0
157,,,,
158,,,,
159,0.0,0.0,1.0,0.0
160,0.6666666666666666,0.3333333333333333,0.0,0.0
161,,,,
162,0.0,0.0,1.0,0.0
163,0.0,0.0,1.0,0.0
164,,,,
165,0.0,0.0,1.0,0.0
166,0.0,0.0,0.0,1.0
167,1.0,0.0,0.0,0.0
168,,,,
169,,,,
170,0.0,0.0,0.5,0.5
171,,,,
172,,,,
173,0.0,0.0,0.0,1.0
174,0.0,0.5,0.0,0.5
175,0.0,0.0,1.0,0.0
176,0.0,0.5,0.5,0.0
177,0.3333333333333333,0.3333333333333333,0.3333333333333333,0.0
178,,,,
179,0.0,0.0,0.0,1.0
180,,,,
181,,,,
182,0.0,0.0,0.0,1.0
183,,,,
184,1.0,0.0,0.0,0.0
185,0.3333333333333333,0.0,0.0,0.6666666666666666
186,0.0,1.0,0.0,0.0
187,,,,
188,1.0,0.0,0.0,0.0
189,,,,
190,,,,
191,,,,
192,0.0,0.0,1.0,0.0
193,,,,
194,,,,
195,,,,
196,0.0,0.0,1.0,0.0
197,0.0,0.0,0.0,1.0
198,,,,
199,0.0,0.3333333333333333,0.6666666666666666,0.0
200,,,,
201,0.0,1.0,0.0,0.0
202,,,,
203,1.0,0.0,0.0,0.0
204,,,,
205,,,,
206,,,,
207,,,,
208,0.0,1.0,0.0,0.0
209,,,,
210,0.0,0.0,1.0,0.0
211,,,,
212,,,,
213,1.0,0.0,0.0,0.0
214,0.0,0.0,0.0,1.0
215,,,,
216,0.0,1.0,0.0,0.0
217,0.0,0.0,1.0,0.0
218,,,,
219,,,,
220,0.0,0.0,1.0,0.0
221,,,,
222,,,,
223,,,,
224,0.0,0.0,0.0,1.0
225,0.0,1.0,0.0,0.0
226,,,,
227,,,,
228,,,,
229,,,,
230,0.0,0.0,1.0,0.0
231,,,,
232,1.0,0.0,0.0,0.0
233,0.0,0.0,1.0,0.0
234,,,,
235,,,,
236,1.0,0.0,0.0,0.0
237,,,,
238,,,,
239,,,,
240,,,,
241,,,,
242,,,,
243,,,,
244,,,,
245,0.5,0.5,0.0,0.0
246,,,,
247,,,,
248,1.0,0.0,0.0,0.0
249,0.0,0.0,0.0,1.0
250,,,,
251,,,,
252,,,,
253,0.0,0.0,0.0,1.0
254,0.0,0.0,1.0,0.0
255,,,,
256,,,,
257,1.0,0.0,0.0,0.0
258,0.0,0.0,0.0,1.0
259,,,,
260,1.0,0.0,0.0,0.0
261,,,,
262,0.0,0.0,1.0,0.0
263,0.0,0.0,1.0,0.0
264,0.0,0.0,1.0,0.0
265,,,,
266,,,,
267,,,,
268,0.0,0.5,0.5,0.0
269,0.0,1.0,0.0,0.0
270,,,,
271,,,,
272,,,,
273,,,,
274,,,,
275,0.0,1.0,0.0,0.0
276,,,,
277,0.0,0.0,1.0,0.0
278,,,,
279,,,,
280,,,,
281,0.6666666666666666,0.3333333333333333,0.0,0.0
282,,,,
283,,,,
284,,,,
285,,,,
286,0.0,0.0,0.0,1.0
287,0.0,0.0,0.0,1.0
288,,,,
289,,,,
290,,,,
291,,,,
292,,,,
293,,,,
294,,,,
295,,,,
296,,,,
297,,,,
298,,,,
299,,,,
300,,,,
301,,,,
302,,,,
303,,,,
304,,,,
305,,,,
306,,,,
307,,,,
308,,,,
309,,,,
310,,,,
311,,,,
312,,,,
313,,,,
314,,,,
315,,,,
316,,,,
317,,,,
318,,,,
319,,,,
320,,,,
