,A,C,G,T
0,,,,
1,,,,
2,0.6521739130434783,0.12681159420289856,0.0,0.2210144927536232
3,0.7514677103718199,0.1487279843444227,0.0,0.09980430528375733
4,0.3291139240506329,0.47468354430379744,0.1962025316455696,0.0
5,0.0,0.16458704693998813,0.49376114081996436,0.34165181224004754
6,0.285,0.0,0.57,0.145
7,0.0,0.0420032310177706,0.5751211631663974,0.38287560581583197
8,0.7923193532086913,0.1192521475492673,0.0,0.08842849924204144
9,0.06692531522793405,0.0,0.10475266731328807,0.8283220174587779
10,0.14285714285714285,0.7142857142857143,0.14285714285714285,0.0
11,0.683698296836983,0.1678832116788321,0.0,0.14841849148418493
12,0.40476190476190477,0.0,0.39285714285714285,0.20238095238095238
13,0.0,0.05991735537190083,0.4669421487603306,0.4731404958677686
14,0.4592760180995475,0.26131221719457015,0.0,0.27941176470588236
15,0.04526748971193416,0.0,0.8559670781893004,0.09876543209876543
16,0.0,0.45774647887323944,0.04225352112676056,0.5
17,0.7557251908396947,0.061068702290076333,0.0,0.183206106870229
18,0.6257309941520468,0.25146198830409355,0.12280701754385964,0.0
19,0.36666666666666664,0.0,0.11666666666666667,0.5166666666666667
20,0.0,0.3605263157894737,0.4236842105263158,0.21578947368421053
21,0.3902439024390244,0.22764227642276422,0.0,0.3821138211382114
22,0.2727272727272727,0.18181818181818182,0.0,0.5454545454545454
23,0.24752475247524752,0.4884488448844885,0.264026402640264,0.0
24,0.16546762589928057,0.0,0.16546762589928057,0.6690647482014388
25,0.2554112554112554,0.0,0.12121212121212122,0.6233766233766234
26,0.0,0.5263157894736842,0.0,0.47368421052631576
27,0.27726432532347506,0.6746765249537893,0.0,0.04805914972273567
28,0.5081967213114754,0.22950819672131148,0.0,0.26229508196721313
29,0.0,0.3215686274509804,0.6254901960784314,0.052941176470588235
30,0.08391608391608392,0.0,0.6293706293706294,0.2867132867132867
31,0.21794871794871795,0.16666666666666666,0.6153846153846154,0.0
32,0.482837528604119,0.2036613272311213,0.0,0.3135011441647597
33,0.10983606557377049,0.740983606557377,0.0,0.14918032786885246
34,0.21568627450980393,0.49019607843137253,0.29411764705882354,0.0
35,0.4403292181069959,0.14814814814814814,0.0,0.411522633744856
36,0.0,0.5070175438596491,0.4614035087719298,0.031578947368421054
37,0.0,0.13366834170854272,0.8311557788944723,0.035175879396984924
38,0.4247787610619469,0.35398230088495575,0.0,0.22123893805309736
39,0.22813688212927757,0.0,0.2737642585551331,0.49809885931558934
40,0.47619047619047616,0.0,0.13095238095238096,0.39285714285714285
41,0.26903553299492383,0.0,0.4213197969543147,0.3096446700507614
42,0.18309859154929578,0.2676056338028169,0.5492957746478874,0.0
43,0.4262295081967213,0.0,0.16393442622950818,0.4098360655737705
44,0.3869346733668342,0.2964824120603015,0.0,0.3165829145728643
45,0.06060606060606061,0.0,0.8398268398268398,0.09956709956709957
46,0.0,0.4166666666666667,0.28125,0.3020833333333333
47,0.4125,0.15,0.0,0.4375
48,0.0,0.7131147540983607,0.10655737704918032,0.18032786885245902
49,0.2978723404255319,0.0,0.3404255319148936,0.3617021276595745
50,0.304,0.0,0.204,0.492
51,0.2605042016806723,0.0,0.44537815126050423,0.29411764705882354
52,0.075,0.7333333333333333,0.19166666666666668,0.0
53,0.1977401129943503,0.0,0.5706214689265536,0.23163841807909605
54,0.17169811320754716,0.4056603773584906,0.4226415094339623,0.0
55,0.2912621359223301,0.0,0.14563106796116504,0.5631067961165048
56,0.0,0.2698412698412698,0.4620811287477954,0.26807760141093473
57,0.22247706422018348,0.0,0.6880733944954128,0.08944954128440367
58,0.09243697478991597,0.6470588235294118,0.2605042016806723,0.0
59,0.25161290322580643,0.0,0.4645161290322581,0.2838709677419355
60,0.0,0.3087431693989071,0.3989071038251366,0.2923497267759563
61,0.26277372262773724,0.0,0.20437956204379562,0.5328467153284672
62,0.31626506024096385,0.0,0.21686746987951808,0.46686746987951805
63,0.05555555555555555,0.5833333333333334,0.3611111111111111,0.0
64,0.058823529411764705,0.29411764705882354,0.0,0.6470588235294118
65,0.016216216216216217,0.9648648648648649,0.01891891891891892,0.0
66,0.3270588235294118,0.18588235294117647,0.0,0.48705882352941177
67,0.30450177035913,0.0,0.10925644916540213,0.5862417804754679
68,0.5555555555555556,0.0,0.1282051282051282,0.3162393162393162
69,0.0,0.15505226480836237,0.8101045296167247,0.03484320557491289
70,0.15384615384615385,0.5128205128205128,0.3333333333333333,0.0
71,0.257985257985258,0.0,0.04176904176904177,0.7002457002457002
72,0.10764872521246459,0.7337110481586402,0.15864022662889518,0.0
73,0.22274881516587677,0.0,0.009478672985781991,0.7677725118483413
74,0.12727272727272726,0.0,0.19090909090909092,0.6818181818181818
75,0.16176470588235295,0.20588235294117646,0.0,0.6323529411764706
76,0.17647058823529413,0.21176470588235294,0.0,0.611764705882353
77,0.6240520043336945,0.13976164680390032,0.0,0.2361863488624052
78,0.3129251700680272,0.3333333333333333,0.0,0.35374149659863946
79,0.0,0.7202797202797203,0.17482517482517482,0.1048951048951049
80,0.2261904761904762,0.0,0.5654761904761905,0.20833333333333334
81,0.0,0.48,0.312,0.208
82,0.35789473684210527,0.4863157894736842,0.0,0.15578947368421053
83,0.24758220502901354,0.5996131528046421,0.1528046421663443,0.0
84,0.5114320096269555,0.3838748495788207,0.0,0.10469314079422383
85,0.1348314606741573,0.6179775280898876,0.24719101123595505,0.0
86,0.10471204188481675,0.0,0.4005235602094241,0.49476439790575916
87,0.09730538922155689,0.6706586826347305,0.23203592814371257,0.0
88,0.15337423312883436,0.0,0.03374233128834356,0.8128834355828221
89,0.16198224852071005,0.6597633136094675,0.17825443786982248,0.0
90,0.0,0.24271844660194175,0.6574202496532594,0.09986130374479889
91,0.42934782608695654,0.5232213438735178,0.0,0.04743083003952569
92,0.0718177315502724,0.0,0.16295195641406637,0.7652303120356612
93,0.0,0.16645408163265307,0.5950255102040817,0.2385204081632653
94,0.0,0.36924868957483986,0.45602795573675015,0.17472335468841002
95,0.300990099009901,0.0,0.3201320132013201,0.3788778877887789
96,0.0,0.21608391608391608,0.7160839160839161,0.06783216783216783
97,0.4012526096033403,0.4421711899791232,0.0,0.15657620041753653
98,0.4621212121212121,0.32954545454545453,0.20833333333333334,0.0
99,0.5198711063372717,0.1836734693877551,0.0,0.2964554242749731
100,0.033966841892438336,0.0,0.24828143954710877,0.717751718560453
101,0.2519230769230769,0.6307692307692307,0.11730769230769231,0.0
102,0.7419205909510619,0.034164358264081256,0.0,0.22391505078485688
103,0.12378640776699029,0.0,0.3883495145631068,0.4878640776699029
104,0.09364548494983277,0.850613154960981,0.055741360089186176,0.0
105,0.04,0.58,0.38,0.0
106,0.22875816993464052,0.06535947712418301,0.0,0.7058823529411765
107,0.05217391304347826,0.4434782608695652,0.0,0.5043478260869565
108,0.0,0.5577830188679245,0.36792452830188677,0.07429245283018868
109,0.0,0.48897411313518696,0.37583892617449666,0.13518696069031638
110,0.03465982028241335,0.0,0.025673940949935817,0.9396662387676509
111,0.03773584905660377,0.5849056603773585,0.37735849056603776,0.0
112,0.12698412698412698,0.09523809523809523,0.0,0.7777777777777778
113,0.2878787878787879,0.2878787878787879,0.0,0.42424242424242425
114,0.0,0.39369158878504673,0.4649532710280374,0.1413551401869159
115,0.21804511278195488,0.43609022556390975,0.3458646616541353,0.0
116,0.15422885572139303,0.0,0.35323383084577115,0.4925373134328358
117,0.0,0.8757062146892656,0.0847457627118644,0.03954802259887006
118,0.25806451612903225,0.16129032258064516,0.0,0.5806451612903226
119,0.9088235294117647,0.029411764705882353,0.0,0.061764705882352944
120,0.31840796019900497,0.0,0.3383084577114428,0.34328358208955223
121,0.0,0.1619047619047619,0.2,0.638095238095238
122,0.1337579617834395,0.535031847133758,0.0,0.33121019108280253
123,0.37623762376237624,0.2079207920792079,0.4158415841584158,0.0
124,0.4482758620689655,0.0,0.10344827586206896,0.4482758620689655
125,0.14945652173913043,0.0,0.375,0.47554347826086957
126,0.4166666666666667,0.0,0.26666666666666666,0.31666666666666665
127,0.6530612244897959,0.0,0.08163265306122448,0.2653061224489796
128,0.0,0.2091179385530228,0.6293359762140733,0.16154608523290387
129,0.1631578947368421,0.14736842105263157,0.6894736842105263,0.0
130,0.10497237569060773,0.0,0.19337016574585636,0.7016574585635359
131,0.07142857142857142,0.5816326530612245,0.0,0.3469387755102041
132,0.0,0.3360544217687075,0.6530612244897959,0.010884353741496598
133,0.3925233644859813,0.34579439252336447,0.0,0.2616822429906542
134,0.0,0.16809116809116809,0.7549857549857549,0.07692307692307693
135,0.6153846153846154,0.15384615384615385,0.0,0.23076923076923078
136,0.2631578947368421,0.2982456140350877,0.0,0.43859649122807015
137,0.2946859903381642,0.0,0.04830917874396135,0.6570048309178744
138,0.16161616161616163,0.0,0.15151515151515152,0.6868686868686869
139,0.11904761904761904,0.5,0.38095238095238093,0.0
140,0.23666666666666666,0.33,0.43333333333333335,0.0
141,0.034482758620689655,0.7413793103448276,0.0,0.22413793103448276
142,0.0,0.453125,0.4375,0.109375
143,0.8675496688741722,0.08609271523178808,0.0,0.046357615894039736
144,0.09375,0.15625,0.75,0.0
145,0.2127659574468085,0.2127659574468085,0.0,0.574468085106383
146,0.049079754601226995,0.8711656441717791,0.0,0.07975460122699386
147,0.325,0.0,0.09375,0.58125
148,0.16049382716049382,0.1728395061728395,0.6666666666666666,0.0
149,0.39492753623188404,0.2536231884057971,0.0,0.35144927536231885
150,0.6353591160220995,0.08287292817679558,0.0,0.281767955801105
151,0.14329268292682926,0.6524390243902439,0.0,0.20426829268292682
152,0.0,0.21926910299003322,0.6835548172757475,0.09717607973421927
153,0.0,0.6032388663967612,0.24696356275303644,0.14979757085020243
154,0.6197478991596639,0.10294117647058823,0.0,0.2773109243697479
155,0.545774647887324,0.1056338028169014,0.0,0.3485915492957746
156,0.0,0.06038647342995169,0.8599033816425121,0.07971014492753623
157,0.25877192982456143,0.0,0.06798245614035088,0.6732456140350878
158,0.0,0.3502824858757062,0.33220338983050846,0.31751412429378534
159,0.3405275779376499,0.2517985611510791,0.407673860911271,0.0
160,0.0,0.10437109723461195,0.17216770740410348,0.7234611953612846
161,0.06876456876456877,0.0,0.1182983682983683,0.8129370629370629
162,0.14176829268292682,0.6051829268292683,0.2530487804878049,0.0
163,0.0,0.23378702962369896,0.1545236188951161,0.611689351481185
164,0.10585305105853052,0.0,0.18679950186799502,0.7073474470734745
165,0.0,0.4777397260273973,0.2945205479452055,0.22773972602739725
166,0.4430512016718913,0.3396029258098224,0.0,0.2173458725182863
167,0.3890020366598778,0.22810590631364563,0.0,0.38289205702647655
168,0.3630573248407643,0.07218683651804671,0.564755838641189,0.0
169,0.41954022988505746,0.0,0.10919540229885058,0.47126436781609193
170,0.1820151679306609,0.0,0.47020585048754066,0.3477789815817985
171,0.0,0.5013428827215757,0.4449418084153984,0.05371530886302596
172,0.0,0.20842876775080166,0.7100320659642694,0.081539166284929
173,0.36199095022624433,0.4606334841628959,0.0,0.17737556561085974
174,0.27053140096618356,0.0966183574879227,0.6328502415458938,0.0
175,0.4387254901960784,0.11764705882352941,0.0,0.44362745098039214
176,0.1559633027522936,0.44036697247706424,0.0,0.4036697247706422
177,0.4,0.45478036175710596,0.14521963824289405,0.0
178,0.0,0.3004948268106163,0.19658119658119658,0.5029239766081871
179,0.10810810810810811,0.5715715715715716,0.3203203203203203,0.0
180,0.0,0.20036496350364963,0.1864963503649635,0.6131386861313869
181,0.0,0.3762866946244758,0.3884864658787648,0.23522683949675943
182,0.2973593570608496,0.5109070034443168,0.19173363949483352,0.0
183,0.48424068767908307,0.37822349570200575,0.0,0.13753581661891118
184,0.0,0.4812680115273775,0.34870317002881845,0.17002881844380405
185,0.3098868666994589,0.35809149040826366,0.3320216428922774,0.0
186,0.15176151761517614,0.4986449864498645,0.34959349593495936,0.0
187,0.0,0.5312954876273653,0.06841339155749636,0.4002911208151383
188,0.05555555555555555,0.7599206349206349,0.18452380952380953,0.0
189,0.2777777777777778,0.251984126984127,0.0,0.47023809523809523
190,0.2822429906542056,0.0,0.48785046728971965,0.22990654205607478
191,0.0,0.2330508474576271,0.4841101694915254,0.2828389830508475
192,0.2813522355507088,0.6099600145401672,0.0,0.10868774990912396
193,0.35887913571910873,0.5472653612424038,0.09385550303848751,0.0
194,0.0,0.25394235997824904,0.4336595976073953,0.31239804241435565
195,0.20476190476190476,0.13333333333333333,0.6619047619047619,0.0
196,0.1209563994374121,0.0,0.026722925457102673,0.8523206751054853
197,0.15418502202643172,0.566079295154185,0.27973568281938327,0.0
198,0.30677290836653387,0.5358565737051793,0.0,0.15737051792828685
199,0.1130952380952381,0.19642857142857142,0.6904761904761905,0.0
200,0.33047735618115054,0.379436964504284,0.0,0.29008567931456547
201,0.0,0.5083892617449665,0.46140939597315433,0.030201342281879196
202,0.0,0.08681672025723473,0.8708467309753484,0.04233654876741694
203,0.0,0.1015625,0.8179086538461539,0.08052884615384616
204,0.0,0.03216374269005848,0.9580896686159844,0.009746588693957114
205,0.6746575342465754,0.22945205479452055,0.0,0.0958904109589041
206,0.06134094151212553,0.7104136947218259,0.2282453637660485,0.0
207,0.5901639344262295,0.0,0.14754098360655737,0.26229508196721313
208,0.3076923076923077,0.25,0.0,0.4423076923076923
209,0.0,0.5216836734693877,0.4221938775510204,0.05612244897959184
210,0.0,0.3608617594254937,0.4622980251346499,0.17684021543985637
211,0.08256880733944955,0.4541284403669725,0.463302752293578,0.0
212,0.0,0.27138810198300284,0.49971671388101985,0.22889518413597734
213,0.0,0.12527964205816555,0.5190156599552572,0.35570469798657717
214,0.13327449249779347,0.0,0.37466902030008825,0.49205648720211825
215,0.20813623462630085,0.0,0.13245033112582782,0.6594134342478714
216,0.0,0.08847352024922119,0.7021806853582554,0.20934579439252338
217,0.16748768472906403,0.18719211822660098,0.645320197044335,0.0
218,0.28823529411764703,0.0,0.1264705882352941,0.5852941176470589
219,0.0,0.22958579881656804,0.5550295857988166,0.2153846153846154
220,0.0,0.34880803011292344,0.4989544123797574,0.15223755750731913
221,0.09562729873314263,0.0,0.24192889252145483,0.6624438087454025
222,0.05536332179930796,0.0,0.726643598615917,0.2179930795847751
223,0.26180257510729615,0.0,0.16165951359084407,0.5765379113018598
224,0.0,0.5413595413595413,0.3235053235053235,0.13513513513513514
225,0.30434782608695654,0.24347826086956523,0.0,0.45217391304347826
226,0.0,0.5365853658536586,0.24390243902439024,0.21951219512195122
227,0.21066666666666667,0.0,0.25866666666666666,0.5306666666666666
228,0.0,0.24390243902439024,0.3714821763602251,0.38461538461538464
229,0.2017167381974249,0.0,0.2145922746781116,0.5836909871244635
230,0.0,0.18409425625920472,0.4256259204712813,0.390279823269514
231,0.21233689205219455,0.1542111506524318,0.6334519572953736,0.0
232,0.4117647058823529,0.0,0.13865546218487396,0.4495798319327731
233,0.07914438502673797,0.0,0.6213903743315508,0.2994652406417112
234,0.0,0.5873287671232876,0.3784246575342466,0.03424657534246575
235,0.0,0.26646706586826346,0.6714071856287425,0.06212574850299401
236,0.28328173374613,0.5928792569659442,0.0,0.1238390092879257
237,0.0,0.2524271844660194,0.6699029126213593,0.07766990291262135
238,0.0,0.315,0.525,0.16
239,0.04481792717086835,0.0,0.04201680672268908,0.9131652661064426
240,0.2047244094488189,0.0,0.6692913385826772,0.12598425196850394
241,0.0,0.12909441233140656,0.40847784200385356,0.4624277456647399
242,0.44485842026825634,0.46348733233979134,0.0,0.09165424739195231
243,0.15661016949152542,0.20677966101694914,0.6366101694915254,0.0
244,0.2891566265060241,0.12650602409638553,0.5843373493975904,0.0
245,0.07976366322008863,0.0,0.2274741506646972,0.6927621861152142
246,0.4897360703812317,0.07917888563049853,0.4310850439882698,0.0
247,0.3510204081632653,0.0,0.1673469387755102,0.4816326530612245
248,0.31486880466472306,0.0,0.15451895043731778,0.5306122448979592
249,0.15616438356164383,0.0,0.33424657534246577,0.5095890410958904
250,0.13934426229508196,0.13934426229508196,0.7213114754098361,0.0
251,0.562019758507135,0.2557628979143798,0.0,0.18221734357848518
252,0.31521739130434784,0.0,0.46467391304347827,0.22010869565217392
253,0.0,0.06221198156682028,0.5184331797235023,0.41935483870967744
254,0.5058355437665782,0.3657824933687003,0.0,0.12838196286472148
255,0.05013709361535448,0.0,0.08264786525656091,0.8672150411280846
256,0.06818181818181818,0.2159090909090909,0.7159090909090909,0.0
257,0.43101182654402104,0.4704336399474376,0.0,0.09855453350854139
258,0.0,0.2679528403001072,0.5777063236870311,0.15434083601286175
259,0.0,0.4289788933257273,0.5099828864803194,0.061038220193953226
260,0.08336914482165879,0.0,0.3897722389342501,0.5268586162440911
261,0.08178438661710037,0.13382899628252787,0.7843866171003717,0.0
262,0.43315508021390375,0.0,0.06951871657754011,0.49732620320855614
263,0.17635270541082165,0.561122244488978,0.2625250501002004,0.0
264,0.5159128978224455,0.36683417085427134,0.0,0.11725293132328309
265,0.0639269406392694,0.5753424657534246,0.3607305936073059,0.0
266,0.30337078651685395,0.4794007490636704,0.0,0.21722846441947566
267,0.0,0.26174496644295303,0.33557046979865773,0.40268456375838924
268,0.12418300653594772,0.0,0.6013071895424836,0.27450980392156865
269,0.09382716049382717,0.5777777777777777,0.32839506172839505,0.0
270,0.1447661469933185,0.0,0.5545657015590201,0.30066815144766146
271,0.28776978417266186,0.0,0.2158273381294964,0.49640287769784175
272,0.2391304347826087,0.0,0.6358695652173914,0.125
273,0.35064935064935066,0.2727272727272727,0.0,0.37662337662337664
274,0.0,0.30158730158730157,0.6547619047619048,0.04365079365079365
275,0.3390684011749895,0.6076374318086446,0.0,0.053294167016365926
276,0.23404255319148937,0.14893617021276595,0.0,0.6170212765957447
277,0.0,0.3023255813953488,0.5348837209302325,0.16279069767441862
278,0.330188679245283,0.0,0.14150943396226415,0.5283018867924528
279,0.0,0.015985790408525755,0.4227353463587922,0.5612788632326821
280,0.2692307692307692,0.0,0.15384615384615385,0.5769230769230769
281,0.36764705882352944,0.4522058823529412,0.0,0.1801470588235294
282,0.3448275862068966,0.04597701149425287,0.0,0.6091954022988506
283,0.08645533141210375,0.0,0.8645533141210374,0.04899135446685879
284,0.14180929095354522,0.6063569682151589,0.25183374083129584,0.0
285,0.6188262638001162,0.28936664729808254,0.0,0.09180708890180128
286,0.059880239520958084,0.7065868263473054,0.23353293413173654,0.0
287,0.30957919221822794,0.4038908860224149,0.0,0.28652992175935715
288,0.10344827586206896,0.1206896551724138,0.7758620689655172,0.0
289,0.0,0.25,0.2,0.55
290,0.007633587786259542,0.8763358778625954,0.11603053435114503,0.0
291,0.1590909090909091,0.26136363636363635,0.5795454545454546,0.0
292,0.0,0.008765522279035792,0.021183345507669833,0.9700511322132944
293,0.007562277580071174,0.0,0.01112099644128114,0.9813167259786477
294,0.155,0.145,0.7,0.0
295,0.31976744186046513,0.10465116279069768,0.0,0.5755813953488372
296,0.004405286343612335,0.6806167400881057,0.31497797356828194,0.0
297,0.6862745098039216,0.036414565826330535,0.0,0.2773109243697479
298,0.08669001751313485,0.0,0.11471103327495621,0.7985989492119089
299,0.0,0.21666666666666667,0.6177777777777778,0.16555555555555557
300,0.0,0.48031496062992124,0.5137795275590551,0.005905511811023622
301,0.6078431372549019,0.04411764705882353,0.0,0.3480392156862745
302,0.0,0.051470588235294115,0.8970588235294118,0.051470588235294115
303,0.4435483870967742,0.25,0.0,0.3064516129032258
304,0.0,0.21693121693121692,0.6984126984126984,0.08465608465608465
305,0.27586206896551724,0.3448275862068966,0.3793103448275862,0.0
306,0.0625,0.0,0.53125,0.40625
307,0.10638297872340426,0.7021276595744681,0.19148936170212766,0.0
308,0.23076923076923078,0.0,0.15384615384615385,0.6153846153846154
309,0.2,0.72,0.08,0.0
310,0.0,0.4,0.6,0.0
311,0.6666666666666666,0.16666666666666666,0.0,0.16666666666666666
312,0.125,0.0,0.125,0.75
313,0.0,0.5,0.0,0.5
314,0.8181818181818182,0.0,0.0,0.18181818181818182
315,,,,
316,,,,
317,,,,
318,0.0,1.0,0.0,0.0
319,0.0,0.0,1.0,0.0
320,,,,
321,,,,
322,,,,
323,,,,
324,,,,
